0,165.624,25
100,124.328,24.8
200,89.272,24.8
300,80.50399999999999,25
400,75.64,25
500,67.12800000000001,25
600,65.672,25
700,64.816,25
800,61.648,25
900,58.775999999999996,25
1000,54.96,25
1100,51.08,25
1200,48.648,25
1300,47.304,25
1400,46.696000000000005,25
1500,46.696000000000005,25
1600,46.456,25
1700,44.239999999999995,25
1800,43.688,25
1900,43.04800000000001,25
2000,42.84,25
2100,42.608000000000004,25
2200,42.608000000000004,25
2300,42.608000000000004,25
2400,42.424,25
2500,42.424,25
2600,42.424,25
2700,41.767999999999994,25
2800,41.408,25
2900,41.288,25
3000,39.904,25
3100,39.904,25
3200,39.904,25
3300,39.904,25
3400,39.904,25
3500,39.904,25
3600,39.904,25
3700,39.888,25
3800,39.888,25
3900,39.888,25
4000,39.888,25
4100,39.888,25
4200,39.888,25
4300,39.248,25
4400,39.248,25
4500,39.248,25
4600,39.248,25
4700,39.248,25
4800,39.248,25
4900,38.91199999999999,25
5000,38.91199999999999,25
5100,38.91199999999999,25
5200,38.91199999999999,25
5300,38.91199999999999,25
5400,38.91199999999999,25
5500,38.91199999999999,25
5600,38.91199999999999,25
5700,38.91199999999999,25
5800,38.91199999999999,25
5900,38.91199999999999,25
6000,38.672000000000004,25
6100,38.672000000000004,25
6200,37.216,25
6300,37.216,25
6400,37.216,25
6500,36.984,25
6600,36.984,25
6700,36.984,25
6800,36.984,25
6900,36.712,25
7000,36.712,25
7100,36.712,25
7200,36.712,25
7300,36.712,25
7400,36.648,25
7500,36.648,25
7600,36.328,25
7700,36.328,25
7800,35.672,25
7900,35.672,25
8000,35.672,25
8100,35.672,25
8200,35.672,25
8300,35.672,25
8400,35.672,25
8500,35.672,25
8600,35.672,25
8700,35.672,25
8800,35.672,25
8900,35.504000000000005,25
9000,35.504000000000005,25
9100,35.504000000000005,25
9200,35.248,24.8
9300,35.056,24.8
9400,34.440000000000005,25
9500,34.392,25
9600,34.392,25
9700,34.392,25
9800,34.04,25
9900,34.04,25
10000,34.04,25
10100,34.04,25
10200,33.656000000000006,25
10300,33.656000000000006,25
10400,33.656000000000006,25
10500,33.656000000000006,25
10600,33.52,25
10700,32.48,25
10800,32.48,25
10900,32.48,25
11000,32.48,25
11100,32.48,25
11200,32.48,25
11300,32.48,25
11400,32.48,25
11500,32.48,25
11600,32.48,25
11700,32.48,25
11800,32.216,25
11900,32.216,25
12000,32.216,25
12100,32.216,25
12200,32.216,25
12300,32.216,25
12400,32,25
12500,32,25
12600,32,25
12700,32,25
12800,32,25
12900,31.264,25
13000,31.264,25
13100,31.264,25
13200,31.264,25
13300,31.264,25
13400,31.264,25
13500,31.264,25
13600,31.264,25
13700,31.264,25
13800,31.264,25
13900,31.264,25
14000,31.264,25
14100,31.264,25
14200,31.264,25
14300,31.264,25
14400,31.04,25
14500,31.04,25
14600,30.728,25
14700,30.504,25
14800,30.504,25
14900,30.504,25
15000,30.368000000000002,25
15100,30.368000000000002,25
15200,30.088,25
15300,30.088,25
15400,30.048000000000002,25
15500,29.784000000000002,25
15600,29.784000000000002,25
15700,29.784000000000002,25
15800,29.784000000000002,25
15900,29.776,25
16000,29.776,25
16100,29.688,25
16200,29.688,25
16300,29.688,25
16400,29.688,25
16500,29.688,25
16600,29.688,25
16700,29.688,25
16800,29.688,25
16900,29.688,25
17000,29.688,25
17100,29.688,25
17200,29.688,25
17300,29.688,25
17400,29.688,25
17500,29.688,25
17600,29.095999999999997,25
17700,29.095999999999997,25
17800,29.095999999999997,25
17900,29.095999999999997,25
18000,28.896000000000004,25
18100,28.896000000000004,25
18200,28.896000000000004,25
18300,28.896000000000004,25
18400,28.896000000000004,25
18500,28.896000000000004,25
18600,28.896000000000004,25
18700,28.896000000000004,25
18800,28.896000000000004,25
18900,28.896000000000004,25
19000,28.896000000000004,25
19100,28.896000000000004,25
19200,28.896000000000004,25
19300,28.896000000000004,25
19400,28.896000000000004,25
19500,28.896000000000004,25
19600,28.896000000000004,25
19700,28.896000000000004,25
19800,28.759999999999998,25
19900,28.704,25
20000,28.704,25
20100,28.704,25
20200,28.184000000000005,25
20300,28.184000000000005,25
20400,28.064,25
20500,28.064,25
20600,28.064,25
20700,28.064,25
20800,28.064,25
20900,28.064,25
21000,28.064,25
21100,28.064,25
21200,28.064,25
21300,28.064,25
21400,28.064,25
21500,28.064,25
21600,28.064,25
21700,28.064,25
21800,28.064,25
21900,28.064,25
22000,28.064,25
22100,28.064,25
22200,28.064,25
22300,28.064,25
22400,28.064,25
22500,28.064,25
22600,28.064,25
22700,28.064,25
22800,28.064,25
22900,28.024,25
23000,28.024,25
23100,28.024,25
23200,28.024,25
23300,28.024,25
23400,27.384000000000004,25
23500,27.384000000000004,25
23600,27.384000000000004,25
23700,27.384000000000004,25
23800,27.384000000000004,25
23900,27.384000000000004,25
24000,27.384000000000004,25
24100,27.384000000000004,25
24200,27.384000000000004,25
24300,27.384000000000004,25
24400,27.384000000000004,25
24500,27.351999999999997,25
24600,27.351999999999997,25
24700,27.351999999999997,25
24800,27.351999999999997,25
24900,27.351999999999997,25
25000,27.351999999999997,25
25100,27.351999999999997,25
25200,27.351999999999997,25
25300,27.351999999999997,25
25400,27.351999999999997,25
25500,27.351999999999997,25
25600,27.351999999999997,25
25700,27.232,24.8
25800,27.232,24.8
25900,27.232,24.8
26000,27.232,24.8
26100,27.232,24.8
26200,27.232,24.8
26300,27.232,24.8
26400,27.056,24.6
26500,27.056,24.6
26600,27.056,24.6
26700,27.056,24.6
26800,27.056,24.6
26900,27.056,24.6
27000,26.815999999999995,24.6
27100,26.815999999999995,24.6
27200,26.815999999999995,24.6
27300,26.815999999999995,24.6
27400,26.815999999999995,24.6
27500,26.815999999999995,24.6
27600,26.815999999999995,24.6
27700,26.815999999999995,24.6
27800,26.815999999999995,24.6
27900,26.815999999999995,24.6
28000,26.815999999999995,24.6
28100,26.815999999999995,24.6
28200,26.815999999999995,24.6
28300,26.815999999999995,24.6
28400,26.663999999999998,24.8
28500,26.663999999999998,24.8
28600,26.663999999999998,24.8
28700,26.663999999999998,24.8
28800,26.663999999999998,24.8
28900,26.663999999999998,24.8
29000,26.663999999999998,24.8
29100,26.663999999999998,24.8
29200,26.663999999999998,24.8
29300,26.663999999999998,24.8
29400,26.663999999999998,24.8
29500,26.663999999999998,24.8
29600,26.663999999999998,24.8
29700,26.407999999999998,24.8
29800,25.832,24.8
29900,25.832,24.8
30000,25.832,24.8
30100,25.832,24.8
30200,25.832,24.8
30300,25.832,24.8
30400,25.832,24.8
30500,25.832,24.8
30600,25.32,24.8
30700,25.32,24.8
30800,25.32,24.8
30900,25.32,24.8
31000,25.32,24.8
31100,25.32,24.8
31200,25.32,24.8
31300,25.32,24.8
31400,25.32,24.8
31500,25.32,24.8
31600,25.32,24.8
31700,25.32,24.8
31800,25.32,24.8
31900,25.32,24.8
32000,25.32,24.8
32100,25.32,24.8
32200,25.32,24.8
32300,25.32,24.8
32400,25.32,24.8
32500,25.32,24.8
32600,25.32,24.8
32700,25.288,24.8
32800,25.288,24.8
32900,25.288,24.8
33000,25.288,24.8
33100,25.288,24.8
33200,25.288,24.8
33300,25.288,24.8
33400,25.288,24.8
33500,25.288,24.8
33600,25.288,24.8
33700,25.288,24.8
33800,25.288,24.8
33900,25.288,24.8
34000,25.288,24.8
34100,25.288,24.8
34200,25.288,24.8
34300,25.288,24.8
34400,25.288,24.8
34500,25.288,24.8
34600,25.288,24.8
34700,25.288,24.8
34800,25.288,24.8
34900,25.288,24.8
35000,25.288,24.8
35100,25.288,24.8
35200,25.288,24.8
35300,25.288,24.8
35400,25.288,24.8
35500,25.288,24.8
35600,25.288,24.8
35700,25.288,24.8
35800,25.288,24.8
35900,25.288,24.8
36000,25.288,24.8
36100,25.288,24.8
36200,25.288,24.8
36300,25.288,24.8
36400,25.288,24.8
36500,25.288,24.8
36600,25.288,24.8
36700,25.288,24.8
36800,25.288,24.8
36900,25.288,24.8
37000,25.288,24.8
37100,25.288,24.8
37200,25.288,24.8
37300,25.288,24.8
37400,25.288,24.8
37500,25.288,24.8
37600,25.288,24.8
37700,25.288,24.8
37800,25.288,24.8
37900,25.288,24.8
38000,25.288,24.8
38100,25.288,24.8
38200,25.288,24.8
38300,25.288,24.8
38400,25.288,24.8
38500,25.288,24.8
38600,25.288,24.8
38700,25.288,24.8
38800,25.288,24.8
38900,25.288,24.8
39000,25.288,24.8
39100,25.288,24.8
39200,25.288,24.8
39300,25.288,24.8
39400,25.288,24.8
39500,25.288,24.8
39600,25.288,24.8
39700,25.288,24.8
39800,25.288,24.8
39900,25.288,24.8
40000,25.288,24.8
40100,25.288,24.8
40200,25.288,24.8
40300,25.288,24.8
40400,25.288,24.8
40500,25.288,24.8
40600,25.288,24.8
40700,25.288,24.8
40800,25.288,24.8
40900,25.288,24.8
41000,25.288,24.8
41100,25.288,24.8
41200,25.288,24.8
41300,25.288,24.8
41400,25.288,24.8
41500,25.288,24.8
41600,25.288,24.8
41700,25.288,24.8
41800,25.288,24.8
41900,25.288,24.8
42000,25.288,24.8
42100,25.288,24.8
42200,25.288,24.8
42300,25.288,24.8
42400,25.288,24.8
42500,25.288,24.8
42600,25.288,24.8
42700,25.288,24.8
42800,25.288,24.8
42900,25.288,24.8
43000,25.288,24.8
43100,25.288,24.8
43200,25.288,24.8
43300,25.288,24.8
43400,25.288,24.8
43500,25.288,24.8
43600,25.288,24.8
43700,25.288,24.8
43800,25.288,24.8
43900,25.288,24.8
44000,25.288,24.8
44100,25.288,24.8
44200,25.288,24.8
44300,25.288,24.8
44400,25.288,24.8
44500,25.288,24.8
44600,25.288,24.8
44700,25.288,24.8
44800,25.288,24.8
44900,25.288,24.8
45000,25.288,24.8
45100,25.288,24.8
45200,25.288,24.8
45300,25.288,24.8
45400,25.288,24.8
45500,25.288,24.8
45600,25.288,24.8
45700,25.288,24.8
45800,25.288,24.8
45900,25.288,24.8
46000,25.288,24.8
46100,25.288,24.8
46200,25.288,24.8
46300,25.288,24.8
46400,25.288,24.8
46500,25.288,24.8
46600,25.288,24.8
46700,25.288,24.8
46800,25.288,24.8
46900,25.288,24.8
47000,25.288,24.8
47100,25.288,24.8
47200,25.288,24.8
47300,25.288,24.8
47400,25.008000000000003,24.8
47500,25.008000000000003,24.8
47600,25.008000000000003,24.8
47700,25.008000000000003,24.8
47800,25.008000000000003,24.8
47900,25.008000000000003,24.8
48000,25.008000000000003,24.8
48100,25.008000000000003,24.8
48200,25.008000000000003,24.8
48300,25.008000000000003,24.8
48400,24.832,24.8
48500,24.832,24.8
48600,24.832,24.8
48700,24.832,24.8
48800,24.832,24.8
48900,24.832,24.8
49000,24.832,24.8
49100,24.832,24.8
49200,24.832,24.8
49300,24.832,24.8
49400,24.832,24.8
49500,24.832,24.8
49600,24.832,24.8
49700,24.832,24.8
49800,24.832,24.8
49900,24.832,24.8
50000,24.832,24.8
50100,24.832,24.8
50200,24.832,24.8
50300,24.832,24.8
50400,24.832,24.8
50500,24.832,24.8
50600,24.832,24.8
50700,24.832,24.8
50800,24.832,24.8
50900,24.832,24.8
51000,24.832,24.8
51100,24.832,24.8
51200,24.832,24.8
51300,24.832,24.8
51400,24.832,24.8
51500,24.832,24.8
51600,24.832,24.8
51700,24.832,24.8
51800,24.832,24.8
51900,24.832,24.8
52000,24.832,24.8
52100,24.832,24.8
52200,24.832,24.8
52300,24.832,24.8
52400,24.832,24.8
52500,24.832,24.8
52600,24.832,24.8
52700,24.832,24.8
52800,24.800000000000004,24.8
52900,24.800000000000004,24.8
53000,24.800000000000004,24.8
53100,24.800000000000004,24.8
53200,24.800000000000004,24.8
53300,24.800000000000004,24.8
53400,24.800000000000004,24.8
53500,24.800000000000004,24.8
53600,24.800000000000004,24.8
53700,24.800000000000004,24.8
53800,24.688,24.8
53900,24.688,24.8
54000,24.688,24.8
54100,24.688,24.8
54200,23.951999999999998,24.6
54300,23.951999999999998,24.6
54400,23.951999999999998,24.6
54500,23.951999999999998,24.6
54600,23.951999999999998,24.6
54700,23.951999999999998,24.6
54800,23.904,24.4
54900,23.904,24.4
55000,23.904,24.4
55100,23.904,24.4
55200,23.904,24.4
55300,23.904,24.4
55400,23.904,24.4
55500,23.904,24.4
55600,23.904,24.4
55700,23.904,24.4
55800,23.904,24.4
55900,23.904,24.4
56000,23.904,24.4
56100,23.904,24.4
56200,23.904,24.4
56300,23.904,24.4
56400,23.904,24.4
56500,23.904,24.4
56600,23.904,24.4
56700,23.904,24.4
56800,23.904,24.4
56900,23.904,24.4
57000,23.904,24.4
57100,23.904,24.4
57200,23.904,24.4
57300,23.904,24.4
57400,23.904,24.4
57500,23.904,24.4
57600,23.904,24.4
57700,23.904,24.4
57800,23.904,24.4
57900,23.904,24.4
58000,23.904,24.4
58100,23.904,24.4
58200,23.904,24.4
58300,23.904,24.4
58400,23.904,24.4
58500,23.904,24.4
58600,23.872,24.4
58700,23.872,24.4
58800,23.872,24.4
58900,23.872,24.4
59000,23.872,24.4
59100,23.872,24.4
59200,23.872,24.4
59300,23.872,24.4
59400,23.872,24.4
59500,23.872,24.4
59600,23.872,24.4
59700,23.872,24.4
59800,23.872,24.4
59900,23.872,24.4
60000,23.872,24.4
60100,23.872,24.4
60200,23.872,24.4
60300,23.872,24.4
60400,23.872,24.4
60500,23.872,24.4
60600,23.872,24.4
60700,23.872,24.4
60800,23.872,24.4
60900,23.872,24.4
61000,23.872,24.4
61100,23.872,24.4
61200,23.872,24.4
61300,23.872,24.4
61400,23.872,24.4
61500,23.872,24.4
61600,23.872,24.4
61700,23.872,24.4
61800,23.872,24.4
61900,23.872,24.4
62000,23.872,24.4
62100,23.872,24.4
62200,23.872,24.4
62300,23.872,24.4
62400,23.872,24.4
62500,23.872,24.4
62600,23.872,24.4
62700,23.872,24.4
62800,23.872,24.4
62900,23.872,24.4
63000,23.872,24.4
63100,23.872,24.4
63200,23.872,24.4
63300,23.872,24.4
63400,23.872,24.4
63500,23.872,24.4
63600,23.872,24.4
63700,23.872,24.4
63800,23.872,24.4
63900,23.872,24.4
64000,23.872,24.4
64100,23.872,24.4
64200,23.872,24.4
64300,23.872,24.4
64400,23.872,24.4
64500,23.872,24.4
64600,23.872,24.4
64700,23.872,24.4
64800,23.872,24.4
64900,23.872,24.4
65000,23.872,24.4
65100,23.872,24.4
65200,23.872,24.4
65300,23.872,24.4
65400,23.872,24.4
65500,23.872,24.4
65600,23.872,24.4
65700,23.872,24.4
65800,23.872,24.4
65900,23.872,24.4
66000,23.872,24.4
66100,23.872,24.4
66200,23.872,24.4
66300,23.872,24.4
66400,23.872,24.4
66500,23.872,24.4
66600,23.872,24.4
66700,23.872,24.4
66800,23.872,24.4
66900,23.872,24.4
67000,23.872,24.4
67100,23.872,24.4
67200,23.872,24.4
67300,23.872,24.4
67400,23.872,24.4
67500,23.872,24.4
67600,23.872,24.4
67700,23.872,24.4
67800,23.872,24.4
67900,23.872,24.4
68000,23.872,24.4
68100,23.872,24.4
68200,23.872,24.4
68300,23.872,24.4
68400,23.456,24.4
68500,23.456,24.4
68600,23.456,24.4
68700,23.456,24.4
68800,23.456,24.4
68900,23.439999999999998,24.4
69000,23.439999999999998,24.4
69100,23.439999999999998,24.4
69200,23.439999999999998,24.4
69300,23.439999999999998,24.4
69400,23.439999999999998,24.4
69500,23.439999999999998,24.4
69600,23.439999999999998,24.4
69700,23.439999999999998,24.4
69800,23.439999999999998,24.4
69900,23.439999999999998,24.4
70000,23.439999999999998,24.4
70100,23.439999999999998,24.4
70200,23.439999999999998,24.4
70300,23.439999999999998,24.4
70400,23.439999999999998,24.4
70500,23.439999999999998,24.4
70600,23.439999999999998,24.4
70700,23.439999999999998,24.4
70800,23.439999999999998,24.4
70900,23.439999999999998,24.4
71000,23.439999999999998,24.4
71100,23.439999999999998,24.4
71200,23.424,24.4
71300,22.871999999999996,24.4
71400,22.871999999999996,24.4
71500,22.871999999999996,24.4
71600,22.871999999999996,24.4
71700,22.871999999999996,24.4
71800,22.871999999999996,24.4
71900,22.871999999999996,24.4
72000,22.871999999999996,24.4
72100,22.871999999999996,24.4
72200,22.871999999999996,24.4
72300,22.871999999999996,24.4
72400,22.871999999999996,24.4
72500,22.871999999999996,24.4
72600,22.871999999999996,24.4
72700,22.871999999999996,24.4
72800,22.871999999999996,24.4
72900,22.871999999999996,24.4
73000,22.871999999999996,24.4
73100,22.871999999999996,24.4
73200,22.871999999999996,24.4
73300,22.871999999999996,24.4
73400,22.871999999999996,24.4
73500,22.871999999999996,24.4
73600,22.871999999999996,24.4
73700,22.871999999999996,24.4
73800,22.871999999999996,24.4
73900,22.871999999999996,24.4
74000,22.871999999999996,24.4
74100,22.871999999999996,24.4
74200,22.871999999999996,24.4
74300,22.871999999999996,24.4
74400,22.871999999999996,24.4
74500,22.871999999999996,24.4
74600,22.871999999999996,24.4
74700,22.871999999999996,24.4
74800,22.871999999999996,24.4
74900,22.871999999999996,24.4
75000,22.832,24.4
75100,22.832,24.4
75200,22.832,24.4
75300,22.832,24.4
75400,22.832,24.4
75500,22.832,24.4
75600,22.832,24.4
75700,22.832,24.4
75800,22.832,24.4
75900,22.832,24.4
76000,22.832,24.4
76100,22.832,24.4
76200,22.832,24.4
76300,22.832,24.4
76400,22.832,24.4
76500,22.832,24.4
76600,22.832,24.4
76700,22.832,24.4
76800,22.832,24.4
76900,22.832,24.4
77000,22.832,24.4
77100,22.832,24.4
77200,22.832,24.4
77300,22.832,24.4
77400,22.832,24.4
77500,22.808,24.4
77600,22.808,24.4
77700,22.808,24.4
77800,22.808,24.4
77900,22.808,24.4
78000,22.808,24.4
78100,22.808,24.4
78200,22.808,24.4
78300,22.808,24.4
78400,22.808,24.4
78500,22.808,24.4
78600,22.808,24.4
78700,22.808,24.4
78800,22.808,24.4
78900,22.808,24.4
79000,22.808,24.4
79100,22.808,24.4
79200,22.808,24.4
79300,22.808,24.4
79400,22.808,24.4
79500,22.808,24.4
79600,22.808,24.4
79700,22.808,24.4
79800,22.808,24.4
79900,22.808,24.4
80000,22.808,24.4
80100,22.808,24.4
80200,22.808,24.4
80300,22.808,24.4
80400,22.808,24.4
80500,22.808,24.4
80600,22.808,24.4
80700,22.808,24.4
80800,22.808,24.4
80900,22.808,24.4
81000,22.808,24.4
81100,22.808,24.4
81200,22.808,24.4
81300,22.808,24.4
81400,22.808,24.4
81500,22.808,24.4
81600,22.808,24.4
81700,22.808,24.4
81800,22.808,24.4
81900,22.808,24.4
82000,22.808,24.4
82100,22.808,24.4
82200,22.808,24.4
82300,22.808,24.4
82400,22.808,24.4
82500,22.808,24.4
82600,22.808,24.4
82700,22.808,24.4
82800,22.808,24.4
82900,22.808,24.4
83000,22.808,24.4
83100,22.808,24.4
83200,22.808,24.4
83300,22.808,24.4
83400,22.808,24.4
83500,22.808,24.4
83600,22.808,24.4
83700,22.808,24.4
83800,22.808,24.4
83900,22.808,24.4
84000,22.808,24.4
84100,22.808,24.4
84200,22.808,24.4
84300,22.808,24.4
84400,22.808,24.4
84500,22.808,24.4
84600,22.808,24.4
84700,22.808,24.4
84800,22.808,24.4
84900,22.808,24.4
85000,22.808,24.4
85100,22.808,24.4
85200,22.808,24.4
85300,22.808,24.4
85400,22.808,24.4
85500,22.808,24.4
85600,22.808,24.4
85700,22.808,24.4
85800,22.808,24.4
85900,22.808,24.4
86000,22.808,24.4
86100,22.808,24.4
86200,22.808,24.4
86300,22.808,24.4
86400,22.808,24.4
86500,22.808,24.4
86600,22.808,24.4
86700,22.808,24.4
86800,22.808,24.4
86900,22.808,24.4
87000,22.808,24.4
87100,22.808,24.4
87200,22.808,24.4
87300,22.808,24.4
87400,22.808,24.4
87500,22.808,24.4
87600,22.808,24.4
87700,22.808,24.4
87800,22.808,24.4
87900,22.808,24.4
88000,22.808,24.4
88100,22.808,24.4
88200,22.808,24.4
88300,22.808,24.4
88400,22.808,24.4
88500,22.808,24.4
88600,22.808,24.4
88700,22.808,24.4
88800,22.808,24.4
88900,22.808,24.4
89000,22.808,24.4
89100,22.808,24.4
89200,22.808,24.4
89300,22.808,24.4
89400,22.808,24.4
89500,22.808,24.4
89600,22.808,24.4
89700,22.808,24.4
89800,22.808,24.4
89900,22.808,24.4
90000,22.808,24.4
90100,22.808,24.4
90200,22.808,24.4
90300,22.808,24.4
90400,22.808,24.4
90500,22.808,24.4
90600,22.808,24.4
90700,22.808,24.4
90800,22.808,24.4
90900,22.808,24.4
91000,22.808,24.4
91100,22.808,24.4
91200,22.808,24.4
91300,22.808,24.4
91400,22.808,24.4
91500,22.808,24.4
91600,22.808,24.4
91700,22.808,24.4
91800,22.808,24.4
91900,22.808,24.4
92000,22.808,24.4
92100,22.808,24.4
92200,22.808,24.4
92300,22.808,24.4
92400,22.808,24.4
92500,22.808,24.4
92600,22.808,24.4
92700,22.808,24.4
92800,22.808,24.4
92900,22.808,24.4
93000,22.808,24.4
93100,22.808,24.4
93200,22.808,24.4
93300,22.808,24.4
93400,22.808,24.4
93500,22.808,24.4
93600,22.808,24.4
93700,22.808,24.4
93800,22.808,24.4
93900,22.808,24.4
94000,22.808,24.4
94100,22.808,24.4
94200,22.808,24.4
94300,22.808,24.4
94400,22.808,24.4
94500,22.808,24.4
94600,22.808,24.4
94700,22.808,24.4
94800,22.808,24.4
94900,22.808,24.4
95000,22.808,24.4
95100,22.808,24.4
95200,22.808,24.4
95300,22.808,24.4
95400,22.808,24.4
95500,22.808,24.4
95600,22.808,24.4
95700,22.808,24.4
95800,22.808,24.4
95900,22.808,24.4
96000,22.808,24.4
96100,22.808,24.4
96200,22.808,24.4
96300,22.808,24.4
96400,22.808,24.4
96500,22.808,24.4
96600,22.808,24.4
96700,22.808,24.4
96800,22.808,24.4
96900,22.808,24.4
97000,22.808,24.4
97100,22.808,24.4
97200,22.808,24.4
97300,22.808,24.4
97400,22.808,24.4
97500,22.808,24.4
97600,22.808,24.4
97700,22.808,24.4
97800,22.808,24.4
97900,22.808,24.4
98000,22.808,24.4
98100,22.808,24.4
98200,22.808,24.4
98300,22.808,24.4
98400,22.808,24.4
98500,22.808,24.4
98600,22.808,24.4
98700,22.808,24.4
98800,22.808,24.4
98900,22.808,24.4
99000,22.808,24.4
99100,22.808,24.4
99200,22.808,24.4
99300,22.808,24.4
99400,22.808,24.4
99500,22.808,24.4
99600,22.696,24.4
99700,22.696,24.4
99800,22.696,24.4
99900,22.696,24.4
99999,22.696,24.4

START ALGORITHM
h11: (a25 + a31 + a43 + a21 + a34 - a35 - a12 - a42 - a23) * (b55 + b35 + b51 + b21 + b32 + b35 - b31 - b43)
h28: (a15 - a21) * (b14 + b44 + b41 + b14 + b25 + b55 + b23 + b51 - b25 - b15 - b14 - b53 - b15 - b53 - b13)
h30: (a53 + a15 - a11 - a43 - a31 - a12) * (b41 + b25 + b42 + b42 + b32 + b12 + b52 + b32 + b44 + b52 + b15 + b24 + b12 + b14 + b23 - b51 - b24 - b14 - b35 - b14 - b31 - b32 - b35 - b33)
h46: (a15 + a51 + a53 - a55 - a35 - a12 - a12) * (b54 - b23 - b31)
h49: (a11 - a24 - a24 - a55) * (b43 + b32 + b43 + b44 + b25 + b34 + b12 + b15 + b33 + b11 + b15 + b51 - b52 - b21 - b33 - b22 - b54 - b55 - b14)
h50: (a43 + a51 + a53 - a34) * (b51 + b34 + b23 + b24 + b51 - b25 - b21 - b13 - b45 - b52 - b54 - b15 - b32)
h52: (-a21 - a41 - a25 - a53 - a34 - a34) * (b15 + b34 + b11 + b55 + b13 + b21 + b33 - b43 - b24 - b21 - b32 - b21 - b33 - b42 - b51 - b13 - b33 - b25 - b51 - b42 - b54)
h61: (a25 + a42 + a22 - a33 - a52) * (b33 - b43)
h65: (a25 + a41 + a33 - a31) * (b54 + b24 + b35 - b33 - b31 - b41 - b14 - b42 - b15)
h73: (a52 - a14 - a35 - a25 - a31 - a54 - a15) * (b23 + b34)
h75: (a11 + a53 + a11 - a43 - a21 - a33 - a32) * (b55 + b12 + b53 + b11 - b35 - b34 - b13 - b11 - b15)
h76: (a25 - a15 - a15) * (b42 + b15 + b14 + b12 + b13 + b33 - b11 - b14 - b35 - b15 - b44 - b15 - b45 - b52 - b52 - b52)
h83: (a14 + a55) * (b55 + b44 + b21 - b45)
h84: (a53 + a33 + a13 + a14 + a55 + a44 + a31 + a43 + a35 + a53 + a45 + a12 - a24 - a53 - a42 - a53 - a31) * (b14 + b23 + b15 + b42 + b33 + b34 + b55 + b23 + b35 + b13 - b21 - b24 - b15 - b52 - b53)
h89: (a55) * (b21 + b12 + b52 + b35 - b53 - b52 - b24 - b15 - b42 - b14 - b55 - b21 - b24 - b45 - b11)
h97: (a34 + a24 + a55 - a11 - a21) * (b53 - b51)
h108: (a23 + a34 + a23 + a43 - a51 - a52 - a32) * (b33 + b32 - b54 - b21 - b23)
h110: (a45 + a21 + a14 - a32) * (-b41)
h112: (a52 - a31 - a13) * (b43 + b11 + b53 + b44 + b31 - b53 - b14 - b52 - b35 - b54)
h132: (a53 + a13 + a44 + a43 - a13 - a54) * (b51 + b32)
h136: (a13 - a23) * (b23 + b12 + b32 + b53 - b42 - b54 - b42)
h147: (a11 + a53 + a14 - a24 - a14 - a13) * (b44 - b12 - b21 - b42 - b23 - b42)
h164: (a21 - a55 - a45 - a14) * (b54 - b31 - b55)
h168: (a12 + a41 + a11 + a52 + a15 + a43 + a54 + a12 + a24 + a54 + a45 - a31 - a22 - a55 - a54 - a14) * (b52 + b54 + b12 - b35 - b12)
h170: (a51 + a55 - a43 - a44 - a25) * (-b12)
h278: (a44 + a22 + a13 + a15 + a35 + a41 - a51 - a11) * (b34 + b15 + b52 - b22 - b41 - b52 - b51)
h352: (a44) * (-b44)
h386: (a23 + a41 - a24 - a34) * (b31 + b53 - b31 - b23 - b53 - b15)
h396: (a12 - a52 - a45 - a22 - a32 - a24) * (b23 + b33 - b15)
h421: (a12 + a35 - a54) * (b12 + b45 + b55 + b32 + b33 + b42 - b31 - b33 - b23 - b53 - b32 - b55 - b51 - b54)
h875: (a23 - a31 - a52) * (b45 + b15 + b22 + b13 + b45 + b21 - b15 - b22 - b41 - b12 - b54 - b44 - b34 - b41 - b22)
h1711: (a15 + a41 + a23 - a12 - a31 - a54 - a23) * (b31 + b31 + b35 + b35 - b22 - b44)
h1717: (a42 + a21 + a55 + a34 - a55 - a11 - a51) * (b44 + b11 - b45)
h2782: (a53 - a21 - a41) * (b21 + b44 - b55 - b34 - b31 - b51 - b35)
h4127: (a31 + a25 - a31 - a25 - a25) * (b35 + b42 - b51 - b25 - b45 - b23 - b13 - b25 - b23)
h4478: (a14 + a24 + a21 + a14 + a21 + a23 + a55 + a41 + a15 - a23 - a14 - a13 - a51 - a51 - a34 - a42 - a22 - a54 - a34 - a23 - a14) * (-b35)
h5030: (a35 + a55 + a52 - a12) * (b12 - b31 - b14)
h13491: (a21 - a14 - a11) * (b34 + b15 - b51)
h13606: (a21) * (b35)
h17891: (a34 + a25 + a33 + a45 + a53 - a14 - a44 - a52 - a52 - a12 - a53 - a43 - a43 - a33) * (b23 - b24)
h17899: (a34 - a15 - a42) * (b44 + b24 + b43 + b31 + b21 + b34 + b41 + b53 + b34 + b14 + b42 + b22 - b24 - b14 - b31 - b44 - b35)
c11: h73 - h30 
c12: h112 + h4127 
c13: h73 + h164 + h83 - h50 
c14: h132 + h278 - h278 - h386 
c15: h13491 - h13606 
c21: - h396 
c22: - h112 - h875 
c23: h89 + h4478 
c24: h97 + h2782 
c25: h147 + h1711 + h1717 
c31: h65 + h46 
c32: h83 + h170 + h97 - h52 - h136 
c33: h11 + h352 + h49 + h97 - h89 
c34: h61 - h50 
c35: - h89 
c41: h147 + h17891 - h17899 
c42: h76 + h73 + h75 
c43: h164 - h83 
c44: h30 + h110 
c45: h11 + h28 + h108 - h110 - h170 
c51: h75 - h421 
c52: h84 + h168 + h5030 
c53: h110 + h112 + h112 - h76 
c54: h61 
c55: h11 + h5030 - h65 
