0,184.968,24.8
100,152.88799999999998,24.8
200,123.128,25
300,116.16,24.8
400,104.704,24.8
500,99.736,24.8
600,94.24000000000001,24.8
700,83.61600000000001,25
800,80.12800000000001,25
900,76.44800000000001,25
1000,74.50399999999999,24.8
1100,74.008,24.8
1200,66.056,24.8
1300,64.16,24.6
1400,62.21600000000001,24.6
1500,61.224000000000004,24.6
1600,59.008,24.6
1700,56.367999999999995,24.6
1800,55.239999999999995,24.6
1900,52.272000000000006,24.6
2000,49.92,24.4
2100,49.016,24.4
2200,49.016,24.4
2300,48.784,24.4
2400,48.784,24.4
2500,48.784,24.4
2600,48.424,24.4
2700,48.424,24.4
2800,48.424,24.4
2900,48.424,24.4
3000,48.303999999999995,24.4
3100,47.56,24.4
3200,46.888,24.6
3300,46.888,24.6
3400,44.80800000000001,24.8
3500,44.08,24.8
3600,44.08,24.8
3700,43.152,24.8
3800,43.152,24.8
3900,43.016,24.8
4000,42.29600000000001,24.8
4100,41.536,24.6
4200,41.536,24.6
4300,41.536,24.6
4400,41.327999999999996,24.6
4500,40.592,24.6
4600,40.592,24.6
4700,40.592,24.6
4800,40.592,24.6
4900,40.592,24.6
5000,40.512,24.6
5100,39.448,24.6
5200,39.448,24.6
5300,39.448,24.6
5400,39.448,24.6
5500,39.256,24.6
5600,39.256,24.6
5700,39.256,24.6
5800,39.256,24.6
5900,38.992000000000004,24.6
6000,38.992000000000004,24.6
6100,38.992000000000004,24.6
6200,38.456,24.6
6300,38.04,24.6
6400,37.824,24.6
6500,37.536,24.6
6600,37.152,24.6
6700,36.864000000000004,24.6
6800,36.864000000000004,24.6
6900,36.86399999999999,24.6
7000,36.86399999999999,24.6
7100,36.808,24.6
7200,35.12,24.6
7300,35.12,24.6
7400,35.12,24.6
7500,35.12,24.6
7600,35.12,24.6
7700,35.12,24.6
7800,34.792,24.8
7900,34.792,24.8
8000,34.68,24.8
8100,34.384,24.8
8200,34.384,24.8
8300,34.384,24.8
8400,34.384,24.8
8500,33.70399999999999,24.8
8600,33.696,24.8
8700,33.696,24.8
8800,33.52,24.8
8900,33.52,24.8
9000,33.056,24.8
9100,33.056,24.8
9200,33.056,24.8
9300,33.056,24.8
9400,33.056,24.8
9500,33.056,24.8
9600,32.696000000000005,24.8
9700,32.696000000000005,24.8
9800,32.519999999999996,24.8
9900,32.519999999999996,24.8
10000,32.047999999999995,24.8
10100,31.631999999999998,24.8
10200,31.631999999999998,24.8
10300,31.631999999999998,24.8
10400,31.631999999999998,24.8
10500,31.631999999999998,24.8
10600,31.584000000000003,24.8
10700,31.584000000000003,24.8
10800,31.584000000000003,24.8
10900,31.584000000000003,24.8
11000,31.584000000000003,24.8
11100,31.584000000000003,24.8
11200,31.584000000000003,24.8
11300,31.560000000000002,24.8
11400,31.560000000000002,24.8
11500,31.560000000000002,24.8
11600,30.608000000000004,24.8
11700,30.608000000000004,24.8
11800,30.608000000000004,24.8
11900,30.608000000000004,24.8
12000,30.608000000000004,24.8
12100,30.608000000000004,24.8
12200,30.608000000000004,24.8
12300,30.608000000000004,24.8
12400,30.608000000000004,24.8
12500,30.608000000000004,24.8
12600,30.608000000000004,24.8
12700,30.608000000000004,24.8
12800,30.608000000000004,24.8
12900,30.608000000000004,24.8
13000,30.608000000000004,24.8
13100,30.608000000000004,24.8
13200,30.608000000000004,24.8
13300,30.608000000000004,24.8
13400,30.608000000000004,24.8
13500,30.288,24.8
13600,30.288,24.8
13700,30.288,24.8
13800,30.288,24.8
13900,30.288,24.8
14000,30.288,24.8
14100,30.288,24.8
14200,30.288,24.8
14300,30.272000000000002,24.8
14400,30.272000000000002,24.8
14500,30.272000000000002,24.8
14600,29.616000000000003,24.8
14700,29.616000000000003,24.8
14800,29.616000000000003,24.8
14900,29.616000000000003,24.8
15000,29.616000000000003,24.8
15100,29.616000000000003,24.8
15200,29.616000000000003,24.8
15300,29.616000000000003,24.8
15400,29.616000000000003,24.8
15500,29.616000000000003,24.8
15600,29.616000000000003,24.8
15700,29.616000000000003,24.8
15800,29.616000000000003,24.8
15900,29.616000000000003,24.8
16000,29.616000000000003,24.8
16100,29.616000000000003,24.8
16200,29.616000000000003,24.8
16300,29.616000000000003,24.8
16400,29.616000000000003,24.8
16500,29.616000000000003,24.8
16600,29.616000000000003,24.8
16700,29.616000000000003,24.8
16800,29.616000000000003,24.8
16900,29.616000000000003,24.8
17000,29.616000000000003,24.8
17100,29.616000000000003,24.8
17200,29.616000000000003,24.8
17300,29.616000000000003,24.8
17400,29.616000000000003,24.8
17500,29.616000000000003,24.8
17600,29.616000000000003,24.8
17700,29.616000000000003,24.8
17800,29.616000000000003,24.8
17900,29.616000000000003,24.8
18000,29.616000000000003,24.8
18100,29.616000000000003,24.8
18200,28.912,24.8
18300,28.912,24.8
18400,28.912,24.8
18500,28.912,24.8
18600,28.912,24.8
18700,28.912,24.8
18800,28.912,24.8
18900,28.912,24.8
19000,28.912,24.8
19100,28.912,24.8
19200,28.912,24.8
19300,28.912,24.8
19400,28.375999999999998,24.4
19500,28.375999999999998,24.4
19600,27.991999999999997,24.4
19700,27.991999999999997,24.4
19800,27.991999999999997,24.4
19900,27.991999999999997,24.4
20000,27.991999999999997,24.4
20100,27.991999999999997,24.4
20200,27.991999999999997,24.4
20300,27.991999999999997,24.4
20400,27.991999999999997,24.4
20500,27.991999999999997,24.4
20600,27.991999999999997,24.4
20700,27.991999999999997,24.4
20800,27.991999999999997,24.4
20900,27.528,24.4
21000,27.528,24.4
21100,26.816000000000003,24.4
21200,26.816000000000003,24.4
21300,26.816000000000003,24.4
21400,26.656,24.4
21500,26.656,24.4
21600,26.656,24.4
21700,26.656,24.4
21800,26.656,24.4
21900,26.656,24.4
22000,26.656,24.4
22100,26.656,24.4
22200,26.656,24.4
22300,26.656,24.4
22400,26.656,24.4
22500,26.656,24.4
22600,26.656,24.4
22700,26.656,24.4
22800,26.656,24.4
22900,26.656,24.4
23000,26.656,24.4
23100,26.656,24.4
23200,26.648000000000003,24.4
23300,26.648000000000003,24.4
23400,26.648000000000003,24.4
23500,26.648000000000003,24.4
23600,26.647999999999996,24.4
23700,26.647999999999996,24.4
23800,26.647999999999996,24.4
23900,26.647999999999996,24.4
24000,26.647999999999996,24.4
24100,26.647999999999996,24.4
24200,26.647999999999996,24.4
24300,26.647999999999996,24.4
24400,26.647999999999996,24.4
24500,26.072000000000003,24.4
24600,26.072000000000003,24.4
24700,26.072000000000003,24.4
24800,26.072000000000003,24.4
24900,26.072000000000003,24.4
25000,26.072000000000003,24.4
25100,26.072000000000003,24.4
25200,26.072000000000003,24.4
25300,26.072000000000003,24.4
25400,26.072000000000003,24.4
25500,26.072000000000003,24.4
25600,26.072000000000003,24.4
25700,26.072000000000003,24.4
25800,26.072000000000003,24.4
25900,26.072000000000003,24.4
26000,26.072000000000003,24.4
26100,26.072000000000003,24.4
26200,26.072000000000003,24.4
26300,26.072000000000003,24.4
26400,26.072000000000003,24.4
26500,26.072000000000003,24.4
26600,26.072000000000003,24.4
26700,26.072000000000003,24.4
26800,26.072000000000003,24.4
26900,26.072000000000003,24.4
27000,26.072000000000003,24.4
27100,26.072000000000003,24.4
27200,26.072000000000003,24.4
27300,26.072000000000003,24.4
27400,26.072000000000003,24.4
27500,26.072000000000003,24.4
27600,26.072000000000003,24.4
27700,26.072000000000003,24.4
27800,26.072000000000003,24.4
27900,26.072000000000003,24.4
28000,26.072000000000003,24.4
28100,26.072000000000003,24.4
28200,26.072000000000003,24.4
28300,26.072000000000003,24.4
28400,26.072000000000003,24.4
28500,26.072000000000003,24.4
28600,26.072000000000003,24.4
28700,26.072000000000003,24.4
28800,26.072000000000003,24.4
28900,26.072000000000003,24.4
29000,26.072000000000003,24.4
29100,26.072000000000003,24.4
29200,26.072000000000003,24.4
29300,26.072000000000003,24.4
29400,26.072000000000003,24.4
29500,26.072000000000003,24.4
29600,25.991999999999997,24.4
29700,25.991999999999997,24.4
29800,25.991999999999997,24.4
29900,25.991999999999997,24.4
30000,25.991999999999997,24.4
30100,25.991999999999997,24.4
30200,25.991999999999997,24.4
30300,25.991999999999997,24.4
30400,25.991999999999997,24.4
30500,25.991999999999997,24.4
30600,25.991999999999997,24.4
30700,25.808,24.4
30800,25.808,24.4
30900,25.808,24.4
31000,25.808,24.4
31100,25.808,24.4
31200,25.808,24.4
31300,25.808,24.4
31400,25.808,24.4
31500,25.808,24.4
31600,25.808,24.4
31700,25.808,24.4
31800,25.808,24.4
31900,25.095999999999997,24.4
32000,25.095999999999997,24.4
32100,25.095999999999997,24.4
32200,25.095999999999997,24.4
32300,25.095999999999997,24.4
32400,24.912,24.4
32500,24.912,24.4
32600,24.912,24.4
32700,24.912,24.4
32800,24.912,24.4
32900,24.912,24.4
33000,24.912,24.4
33100,24.912,24.4
33200,24.912,24.4
33300,24.912,24.4
33400,24.912,24.4
33500,24.912,24.4
33600,24.912,24.4
33700,24.912,24.4
33800,24.912,24.4
33900,24.912,24.4
34000,24.912,24.4
34100,24.912,24.4
34200,24.912,24.4
34300,24.912,24.4
34400,24.912,24.4
34500,24.456,24.6
34600,24.456,24.6
34700,24.456,24.6
34800,24.456,24.6
34900,24.456,24.6
35000,24.456,24.6
35100,24.456,24.6
35200,24.456,24.6
35300,24.456,24.6
35400,24.456,24.6
35500,24.456,24.6
35600,24.456,24.6
35700,24.456,24.6
35800,24.456,24.6
35900,24.456,24.6
36000,24.456,24.6
36100,24.456,24.6
36200,24.456,24.6
36300,24.456,24.6
36400,24.456,24.6
36500,24.456,24.6
36600,24.456,24.6
36700,24.456,24.6
36800,24.456,24.6
36900,24.456,24.6
37000,24.456,24.6
37100,24.456,24.6
37200,24.456,24.6
37300,24.456,24.6
37400,24.456,24.6
37500,24.456,24.6
37600,24.456,24.6
37700,24.456,24.6
37800,24.456,24.6
37900,24.456,24.6
38000,24.456,24.6
38100,24.456,24.6
38200,24.456,24.6
38300,24.456,24.6
38400,24.456,24.6
38500,24.456,24.6
38600,24.456,24.6
38700,24.456,24.6
38800,24.456,24.6
38900,24.456,24.6
39000,24.456,24.6
39100,24.456,24.6
39200,24.456,24.6
39300,24.456,24.6
39400,24.456,24.6
39500,24.456,24.6
39600,24.456,24.6
39700,24.456,24.6
39800,24.456,24.6
39900,24.456,24.6
40000,24.456,24.6
40100,24.456,24.6
40200,24.456,24.6
40300,24.456,24.6
40400,24.456,24.6
40500,24.456,24.6
40600,24.456,24.6
40700,24.456,24.6
40800,24.456,24.6
40900,24.456,24.6
41000,24.456,24.6
41100,24.456,24.6
41200,24.456,24.6
41300,24.456,24.6
41400,24.456,24.6
41500,24.456,24.6
41600,24.456,24.6
41700,24.456,24.6
41800,24.456,24.6
41900,24.456,24.6
42000,24.456,24.6
42100,24.456,24.6
42200,24.456,24.6
42300,24.456,24.6
42400,24.456,24.6
42500,24.456,24.6
42600,24.456,24.6
42700,24.456,24.6
42800,24.456,24.6
42900,24.456,24.6
43000,24.456,24.6
43100,24.456,24.6
43200,24.456,24.6
43300,24.456,24.6
43400,24.456,24.6
43500,24.456,24.6
43600,24.456,24.6
43700,24.456,24.6
43800,24.456,24.6
43900,24.456,24.6
44000,24.456,24.6
44100,24.456,24.6
44200,24.456,24.6
44300,24.456,24.6
44400,24.456,24.6
44500,24.456,24.6
44600,24.456,24.6
44700,24.456,24.6
44800,24.456,24.6
44900,24.456,24.6
45000,24.456,24.6
45100,24.456,24.6
45200,24.456,24.6
45300,24.456,24.6
45400,24.456,24.6
45500,24.456,24.6
45600,24.456,24.6
45700,24.456,24.6
45800,24.456,24.6
45900,24.456,24.6
46000,24.456,24.6
46100,24.456,24.6
46200,24.456,24.6
46300,24.456,24.6
46400,24.456,24.6
46500,24.456,24.6
46600,24.456,24.6
46700,24.456,24.6
46800,24.456,24.6
46900,24.456,24.6
47000,24.456,24.6
47100,24.456,24.6
47200,24.456,24.6
47300,24.456,24.6
47400,24.456,24.6
47500,24.456,24.6
47600,24.456,24.6
47700,24.456,24.6
47800,24.456,24.6
47900,24.456,24.6
48000,24.456,24.6
48100,24.456,24.6
48200,24.456,24.6
48300,24.456,24.6
48400,24.456,24.6
48500,24.456,24.6
48600,24.456,24.6
48700,24.456,24.6
48800,24.456,24.6
48900,24.456,24.6
49000,24.456,24.6
49100,24.456,24.6
49200,24.456,24.6
49300,24.456,24.6
49400,24.456,24.6
49500,24.456,24.6
49600,24.255999999999997,24.6
49700,24.255999999999997,24.6
49800,24.255999999999997,24.6
49900,24.255999999999997,24.6
50000,24.255999999999997,24.6
50100,24.255999999999997,24.6
50200,24.255999999999997,24.6
50300,24.255999999999997,24.6
50400,24.255999999999997,24.6
50500,24.255999999999997,24.6
50600,24.255999999999997,24.6
50700,24.255999999999997,24.6
50800,24.255999999999997,24.6
50900,24.255999999999997,24.6
51000,24.255999999999997,24.6
51100,24.255999999999997,24.6
51200,24.255999999999997,24.6
51300,24.255999999999997,24.6
51400,24.255999999999997,24.6
51500,24.255999999999997,24.6
51600,24.255999999999997,24.6
51700,24.255999999999997,24.6
51800,24.255999999999997,24.6
51900,24.255999999999997,24.6
52000,24.255999999999997,24.6
52100,24.255999999999997,24.6
52200,24.255999999999997,24.6
52300,24.255999999999997,24.6
52400,24.255999999999997,24.6
52500,24.255999999999997,24.6
52600,24.255999999999997,24.6
52700,24.255999999999997,24.6
52800,24.255999999999997,24.6
52900,24.255999999999997,24.6
53000,24.255999999999997,24.6
53100,24.255999999999997,24.6
53200,24.255999999999997,24.6
53300,24.255999999999997,24.6
53400,24.080000000000002,24.6
53500,24.080000000000002,24.6
53600,24.080000000000002,24.6
53700,24.080000000000002,24.6
53800,24.080000000000002,24.6
53900,24.080000000000002,24.6
54000,24.072000000000003,24.6
54100,24.072000000000003,24.6
54200,24.072000000000003,24.6
54300,24.072000000000003,24.6
54400,24.072000000000003,24.6
54500,24.072000000000003,24.6
54600,24.072000000000003,24.6
54700,24.072000000000003,24.6
54800,24.072000000000003,24.6
54900,24.072000000000003,24.6
55000,24.072000000000003,24.6
55100,24.072000000000003,24.6
55200,24.072000000000003,24.6
55300,24.072000000000003,24.6
55400,24.072000000000003,24.6
55500,24.072000000000003,24.6
55600,24.072000000000003,24.6
55700,24.072000000000003,24.6
55800,24.072000000000003,24.6
55900,24.072000000000003,24.6
56000,24.072000000000003,24.6
56100,24.072000000000003,24.6
56200,24.072000000000003,24.6
56300,24.072000000000003,24.6
56400,24.072000000000003,24.6
56500,24.072000000000003,24.6
56600,24.072000000000003,24.6
56700,24.072000000000003,24.6
56800,24.072000000000003,24.6
56900,24.072000000000003,24.6
57000,24.072000000000003,24.6
57100,24.072000000000003,24.6
57200,24.072000000000003,24.6
57300,24.072000000000003,24.6
57400,24.072000000000003,24.6
57500,24.072000000000003,24.6
57600,24.072000000000003,24.6
57700,24.072000000000003,24.6
57800,24.072000000000003,24.6
57900,24.072000000000003,24.6
58000,24.072000000000003,24.6
58100,24.072000000000003,24.6
58200,24.072000000000003,24.6
58300,24.072000000000003,24.6
58400,24.072000000000003,24.6
58500,24.072000000000003,24.6
58600,24.024,24.6
58700,24.024,24.6
58800,24.024,24.6
58900,24.024,24.6
59000,24.024,24.6
59100,24.024,24.6
59200,24.024,24.6
59300,24.024,24.6
59400,24.024,24.6
59500,24.024,24.6
59600,24.024,24.6
59700,24.024,24.6
59800,24.024,24.6
59900,24.024,24.6
60000,24.024,24.6
60100,24.024,24.6
60200,24.024,24.6
60300,24.024,24.6
60400,24.024,24.6
60500,24.024,24.6
60600,24.024,24.6
60700,24.024,24.6
60800,24.024,24.6
60900,24.024,24.6
61000,24.024,24.6
61100,24.024,24.6
61200,24.024,24.6
61300,24.024,24.6
61400,24.024,24.6
61500,24.024,24.6
61600,24.024,24.6
61700,24.024,24.6
61800,24.024,24.6
61900,24.024,24.6
62000,24.024,24.6
62100,24.024,24.6
62200,24.024,24.6
62300,24.024,24.6
62400,24.024,24.6
62500,24.024,24.6
62600,24.024,24.6
62700,24.024,24.6
62800,24.024,24.6
62900,24.024,24.6
63000,24.024,24.6
63100,24.024,24.6
63200,24.024,24.6
63300,24.024,24.6
63400,24.024,24.6
63500,24.024,24.6
63600,24.024,24.6
63700,24.024,24.6
63800,24.024,24.6
63900,24.024,24.6
64000,24.024,24.6
64100,24.024,24.6
64200,24.024,24.6
64300,24.024,24.6
64400,24.024,24.6
64500,24.024,24.6
64600,24.024,24.6
64700,24.024,24.6
64800,24.024,24.6
64900,24.024,24.6
65000,24.024,24.6
65100,24.024,24.6
65200,24.024,24.6
65300,24.024,24.6
65400,24.024,24.6
65500,24.024,24.6
65600,24.024,24.6
65700,24.024,24.6
65800,24.024,24.6
65900,24.024,24.6
66000,24.024,24.6
66100,24.024,24.6
66200,24.024,24.6
66300,24.024,24.6
66400,24.024,24.6
66500,24.024,24.6
66600,24.024,24.6
66700,24.024,24.6
66800,24.024,24.6
66900,24.024,24.6
67000,24.024,24.6
67100,24.024,24.6
67200,24.024,24.6
67300,24.024,24.6
67400,24.024,24.6
67500,24.024,24.6
67600,24.024,24.6
67700,24.024,24.6
67800,24.024,24.6
67900,24.024,24.6
68000,24.024,24.6
68100,24.024,24.6
68200,24.024,24.6
68300,24.024,24.6
68400,24.024,24.6
68500,24.024,24.6
68600,24.024,24.6
68700,24.024,24.6
68800,24.024,24.6
68900,24.024,24.6
69000,24.024,24.6
69100,24.024,24.6
69200,24.024,24.6
69300,24.024,24.6
69400,24.024,24.6
69500,24.024,24.6
69600,24.024,24.6
69700,24.024,24.6
69800,24.024,24.6
69900,24.024,24.6
70000,24.024,24.6
70100,24.024,24.6
70200,24.024,24.6
70300,24.024,24.6
70400,24.024,24.6
70500,24.024,24.6
70600,24.024,24.6
70700,24.024,24.6
70800,24.024,24.6
70900,24.024,24.6
71000,24.024,24.6
71100,24.024,24.6
71200,24.024,24.6
71300,24.024,24.6
71400,24.024,24.6
71500,24.024,24.6
71600,24.024,24.6
71700,24.024,24.6
71800,24.024,24.6
71900,24.024,24.6
72000,24.024,24.6
72100,24.024,24.6
72200,24.024,24.6
72300,24.024,24.6
72400,24.024,24.6
72500,24.024,24.6
72600,24.024,24.6
72700,24.024,24.6
72800,24.024,24.6
72900,24.024,24.6
73000,24.024,24.6
73100,24.024,24.6
73200,24.024,24.6
73300,24.024,24.6
73400,24.024,24.6
73500,24.024,24.6
73600,24.024,24.6
73700,24.024,24.6
73800,23.824,24.6
73900,23.824,24.6
74000,23.824,24.6
74100,23.824,24.6
74200,23.824,24.6
74300,23.824,24.6
74400,23.824,24.6
74500,23.824,24.6
74600,23.824,24.6
74700,23.448,24.6
74800,23.448,24.6
74900,23.448,24.6
75000,23.448,24.6
75100,23.448,24.6
75200,23.448,24.6
75300,23.448,24.6
75400,23.448,24.6
75500,23.448,24.6
75600,23.447999999999997,24.6
75700,23.447999999999997,24.6
75800,23.447999999999997,24.6
75900,23.447999999999997,24.6
76000,23.447999999999997,24.6
76100,23.447999999999997,24.6
76200,23.447999999999997,24.6
76300,23.447999999999997,24.6
76400,23.447999999999997,24.6
76500,23.447999999999997,24.6
76600,23.447999999999997,24.6
76700,23.447999999999997,24.6
76800,23.447999999999997,24.6
76900,23.447999999999997,24.6
77000,23.447999999999997,24.6
77100,23.447999999999997,24.6
77200,23.447999999999997,24.6
77300,23.447999999999997,24.6
77400,23.447999999999997,24.6
77500,23.447999999999997,24.6
77600,23.447999999999997,24.6
77700,23.447999999999997,24.6
77800,23.447999999999997,24.6
77900,23.447999999999997,24.6
78000,23.447999999999997,24.6
78100,23.447999999999997,24.6
78200,23.447999999999997,24.6
78300,23.447999999999997,24.6
78400,23.447999999999997,24.6
78500,23.447999999999997,24.6
78600,23.447999999999997,24.6
78700,23.447999999999997,24.6
78800,23.447999999999997,24.6
78900,23.447999999999997,24.6
79000,23.447999999999997,24.6
79100,23.447999999999997,24.6
79200,23.447999999999997,24.6
79300,23.447999999999997,24.6
79400,23.447999999999997,24.6
79500,23.447999999999997,24.6
79600,23.447999999999997,24.6
79700,23.447999999999997,24.6
79800,23.447999999999997,24.6
79900,23.447999999999997,24.6
80000,23.447999999999997,24.6
80100,23.447999999999997,24.6
80200,23.447999999999997,24.6
80300,23.447999999999997,24.6
80400,23.447999999999997,24.6
80500,23.447999999999997,24.6
80600,23.447999999999997,24.6
80700,23.447999999999997,24.6
80800,23.447999999999997,24.6
80900,23.447999999999997,24.6
81000,23.447999999999997,24.6
81100,23.447999999999997,24.6
81200,23.447999999999997,24.6
81300,23.447999999999997,24.6
81400,23.447999999999997,24.6
81500,23.447999999999997,24.6
81600,23.447999999999997,24.6
81700,23.447999999999997,24.6
81800,23.447999999999997,24.6
81900,23.447999999999997,24.6
82000,23.447999999999997,24.6
82100,23.447999999999997,24.6
82200,23.447999999999997,24.6
82300,23.447999999999997,24.6
82400,23.447999999999997,24.6
82500,23.447999999999997,24.6
82600,23.447999999999997,24.6
82700,23.447999999999997,24.6
82800,23.447999999999997,24.6
82900,23.447999999999997,24.6
83000,23.447999999999997,24.6
83100,23.447999999999997,24.6
83200,23.447999999999997,24.6
83300,23.447999999999997,24.6
83400,23.447999999999997,24.6
83500,23.447999999999997,24.6
83600,23.447999999999997,24.6
83700,23.447999999999997,24.6
83800,23.447999999999997,24.6
83900,23.447999999999997,24.6
84000,23.447999999999997,24.6
84100,23.447999999999997,24.6
84200,23.447999999999997,24.6
84300,23.447999999999997,24.6
84400,23.447999999999997,24.6
84500,23.447999999999997,24.6
84600,23.447999999999997,24.6
84700,23.447999999999997,24.6
84800,23.447999999999997,24.6
84900,23.447999999999997,24.6
85000,23.447999999999997,24.6
85100,23.447999999999997,24.6
85200,23.447999999999997,24.6
85300,23.447999999999997,24.6
85400,23.447999999999997,24.6
85500,23.447999999999997,24.6
85600,23.447999999999997,24.6
85700,23.447999999999997,24.6
85800,23.447999999999997,24.6
85900,23.447999999999997,24.6
86000,23.447999999999997,24.6
86100,23.447999999999997,24.6
86200,23.447999999999997,24.6
86300,23.447999999999997,24.6
86400,23.447999999999997,24.6
86500,23.447999999999997,24.6
86600,23.447999999999997,24.6
86700,23.447999999999997,24.6
86800,23.447999999999997,24.6
86900,23.447999999999997,24.6
87000,23.447999999999997,24.6
87100,23.447999999999997,24.6
87200,23.447999999999997,24.6
87300,23.447999999999997,24.6
87400,23.447999999999997,24.6
87500,23.447999999999997,24.6
87600,23.447999999999997,24.6
87700,23.447999999999997,24.6
87800,23.447999999999997,24.6
87900,23.447999999999997,24.6
88000,23.447999999999997,24.6
88100,23.447999999999997,24.6
88200,23.447999999999997,24.6
88300,23.447999999999997,24.6
88400,23.447999999999997,24.6
88500,23.447999999999997,24.6
88600,23.447999999999997,24.6
88700,23.447999999999997,24.6
88800,23.447999999999997,24.6
88900,23.447999999999997,24.6
89000,23.447999999999997,24.6
89100,23.447999999999997,24.6
89200,23.447999999999997,24.6
89300,23.447999999999997,24.6
89400,23.447999999999997,24.6
89500,23.447999999999997,24.6
89600,23.447999999999997,24.6
89700,23.447999999999997,24.6
89800,23.447999999999997,24.6
89900,23.447999999999997,24.6
90000,23.447999999999997,24.6
90100,23.447999999999997,24.6
90200,23.447999999999997,24.6
90300,23.447999999999997,24.6
90400,23.447999999999997,24.6
90500,23.447999999999997,24.6
90600,23.447999999999997,24.6
90700,23.447999999999997,24.6
90800,23.447999999999997,24.6
90900,23.447999999999997,24.6
91000,23.447999999999997,24.6
91100,23.447999999999997,24.6
91200,23.447999999999997,24.6
91300,23.447999999999997,24.6
91400,23.447999999999997,24.6
91500,23.447999999999997,24.6
91600,23.447999999999997,24.6
91700,23.447999999999997,24.6
91800,23.447999999999997,24.6
91900,23.447999999999997,24.6
92000,23.447999999999997,24.6
92100,23.447999999999997,24.6
92200,23.447999999999997,24.6
92300,23.447999999999997,24.6
92400,23.447999999999997,24.6
92500,23.447999999999997,24.6
92600,23.447999999999997,24.6
92700,23.447999999999997,24.6
92800,23.447999999999997,24.6
92900,23.447999999999997,24.6
93000,23.447999999999997,24.6
93100,23.447999999999997,24.6
93200,23.447999999999997,24.6
93300,23.447999999999997,24.6
93400,23.447999999999997,24.6
93500,23.447999999999997,24.6
93600,23.447999999999997,24.6
93700,23.447999999999997,24.6
93800,23.447999999999997,24.6
93900,23.447999999999997,24.6
94000,23.447999999999997,24.6
94100,23.447999999999997,24.6
94200,23.447999999999997,24.6
94300,23.447999999999997,24.6
94400,23.447999999999997,24.6
94500,23.447999999999997,24.6
94600,23.447999999999997,24.6
94700,23.447999999999997,24.6
94800,23.447999999999997,24.6
94900,23.447999999999997,24.6
95000,23.447999999999997,24.6
95100,23.447999999999997,24.6
95200,23.447999999999997,24.6
95300,23.447999999999997,24.6
95400,23.447999999999997,24.6
95500,23.447999999999997,24.6
95600,23.447999999999997,24.6
95700,23.447999999999997,24.6
95800,23.447999999999997,24.6
95900,23.447999999999997,24.6
96000,23.447999999999997,24.6
96100,23.447999999999997,24.6
96200,23.447999999999997,24.6
96300,23.447999999999997,24.6
96400,23.447999999999997,24.6
96500,23.447999999999997,24.6
96600,23.447999999999997,24.6
96700,23.447999999999997,24.6
96800,23.447999999999997,24.6
96900,23.447999999999997,24.6
97000,23.447999999999997,24.6
97100,23.447999999999997,24.6
97200,23.447999999999997,24.6
97300,23.447999999999997,24.6
97400,23.447999999999997,24.6
97500,23.447999999999997,24.6
97600,23.447999999999997,24.6
97700,23.447999999999997,24.6
97800,23.447999999999997,24.6
97900,23.447999999999997,24.6
98000,23.447999999999997,24.6
98100,23.447999999999997,24.6
98200,23.447999999999997,24.6
98300,23.447999999999997,24.6
98400,23.447999999999997,24.6
98500,23.447999999999997,24.6
98600,23.447999999999997,24.6
98700,23.447999999999997,24.6
98800,23.447999999999997,24.6
98900,23.447999999999997,24.6
99000,23.447999999999997,24.6
99100,23.447999999999997,24.6
99200,23.447999999999997,24.6
99300,23.447999999999997,24.6
99400,23.447999999999997,24.6
99500,23.447999999999997,24.6
99600,23.447999999999997,24.6
99700,23.447999999999997,24.6
99800,23.447999999999997,24.6
99900,23.447999999999997,24.6
99999,23.447999999999997,24.6

START ALGORITHM
h1: (a55 - a34) * (b52 + b44 + b25 + b45)
h8: (-a41) * (b35 + b21 + b13 + b55 + b55 + b12 + b21 + b14 - b23 - b25 - b53 - b25)
h12: (-a41) * (b12 - b15)
h13: (a21 - a24) * (-b55)
h14: (a41 + a51 + a44 + a42 + a34 - a24 - a34 - a15 - a35) * (b12 - b44 - b35 - b11)
h17: (a33) * (b21 + b34 + b25 - b53 - b41)
h22: (a45 - a21 - a25) * (b42 - b35 - b23)
h29: (a54 + a14 + a24 + a54 + a15 + a14 + a54 + a34 + a31 - a13 - a42 - a42 - a51 - a14 - a32) * (b52 + b31 - b45)
h31: (a12 + a11 - a31 - a14 - a53) * (b42 + b13 + b34 + b52 - b54)
h37: (a43 + a52 + a32 - a54) * (b14 + b45 + b24 - b44 - b32 - b35 - b31 - b23)
h43: (a51) * (b23 + b51 - b53 - b43 - b43)
h54: (-a51 - a53 - a41) * (b53 - b42)
h55: (a24 - a22 - a43) * (b21 + b42 + b24 - b24 - b44)
h58: (-a32 - a41) * (b43 + b52)
h66: (-a14) * (b45 - b11 - b14 - b53)
h70: (a34 - a31) * (b51 + b21 - b14 - b31 - b32 - b12 - b54)
h88: (a54 + a51 - a55 - a12 - a44 - a42 - a31 - a41) * (b12 + b53 + b15 + b13 - b34 - b21 - b14 - b21 - b24)
h89: (a22) * (b51 - b31)
h101: (a43 + a21 + a25) * (b11 + b34 + b43 + b12 + b33 + b44 - b22 - b32 - b12 - b53 - b23 - b11)
h104: (a23 + a24) * (b42 + b55 + b35 - b14 - b31 - b31 - b32 - b12 - b51)
h115: (a31 - a51) * (b33 + b35 + b21 + b12 + b25 - b31 - b13 - b43 - b33)
h120: (-a31) * (b31 + b44 - b33)
h125: (a22 + a43 + a44 + a25 + a14 + a45 + a53 - a54 - a45 - a11) * (b43 + b51 + b41 + b32 + b54 - b13 - b21 - b42 - b24)
h148: (a42 + a54 + a44 + a51 + a24 - a32 - a43 - a34 - a11 - a24 - a21 - a35) * (b31)
h157: (a42 + a23 - a52) * (-b45)
h171: (a34) * (b21)
h205: (a43) * (b32 - b23)
h216: (a55) * (b12 + b52 - b21 - b35)
h224: (-a54 - a12 - a44) * (b11 + b35 + b34 + b54 + b24 + b42 - b11 - b41)
h253: (a13 + a24 - a32 - a44) * (b34 + b13 - b33)
h277: (a53) * (b22 + b34 - b11)
h297: (-a55 - a41 - a52) * (b23)
h337: (a51 + a14 - a14) * (b22 + b25 + b54 + b31 - b43 - b33 - b11 - b43 - b14)
h357: (a24 + a22 + a15 + a53 + a14 + a22 - a41 - a21 - a55 - a51) * (b52 + b15)
h370: (a44) * (b52 + b24 + b45 + b34 + b21 + b21 - b13 - b33 - b22 - b44 - b21 - b12 - b32 - b45 - b42 - b22 - b52 - b52 - b42 - b23 - b41 - b14 - b11 - b13 - b55)
h374: (a24 + a54 + a33) * (b23 + b12 + b51 + b51 + b33 + b24 + b15 + b52 + b22 + b13 + b22 + b55 - b34 - b11 - b14 - b21 - b43 - b45 - b13 - b52 - b44 - b33)
h382: (a34 + a23 + a22 + a32 + a21 - a51 - a15) * (-b21)
h403: (a31 - a25 - a44 - a14) * (-b35)
h510: (a14) * (-b33)
h526: (a11 + a52 - a53) * (-b54)
h547: (-a52) * (b33 + b13 + b35 - b52 - b25 - b31 - b55 - b32 - b12 - b14)
h557: (a33 - a33 - a25) * (b14)
h582: (a41 - a33) * (b21 + b24)
h675: (a21 - a12 - a32) * (b22 + b32 + b44 - b43 - b52 - b34 - b14 - b15)
h900: (a22 + a23 + a11) * (-b42)
h1016: (a23) * (b52 + b31 + b45 + b53 + b44 - b43 - b54 - b44 - b51)
h1101: (-a15) * (b22 + b24 + b11 + b44 + b25 - b14 - b52 - b52 - b24 - b21 - b54)
h1122: (a11 - a34) * (b32)
h1138: (a52) * (b51 + b24 + b32 + b43 - b54 - b15 - b12)
h1254: (a42 - a11) * (b44 + b52 + b31 + b12 + b11 + b31 + b11 - b13 - b32 - b55 - b15)
h1403: (a35 - a31) * (b21 + b21 + b43 - b31)
h1578: (-a33 - a11) * (b52 + b15 + b31 + b14 - b23)
h1853: (a21 - a21) * (-b33 - b42 - b13)
h1992: (a34) * (b54 + b53 + b11 + b11 + b25 + b22 + b21 - b31 - b25 - b51 - b44 - b44 - b31 - b25)
h2441: (a12 - a24 - a25) * (b13 + b12 + b41 + b22 - b34 - b31 - b32 - b13 - b45)
h2602: (a35 + a12 + a54 + a22 + a31 - a53 - a12 - a33 - a53 - a33) * (-b44)
h2628: (-a43 - a41) * (b34 - b34)
h2798: (a25 - a42) * (b55)
h2852: (a42 - a32) * (b42 + b35 + b15 + b33 + b52 - b12 - b34 - b15 - b41)
h6663: (a34 - a33 - a45) * (b43 + b11 - b43 - b22 - b32)
h6738: (a54 - a24 - a41) * (b31 + b53 + b51 - b41 - b11 - b12 - b52)
h7338: (a43 + a32 + a14 - a11 - a25 - a45 - a44 - a53 - a54) * (-b24)
h9363: (a32 - a42 - a33) * (b21 + b12 + b25 + b43 - b24 - b11)
c11: h526 + h526 + h9363 - h125 
c12: h171 + h1138 
c13: h54 + h54 + h148 - h1254 
c14: h14 + h357 + h1122 + h2602 
c15: h1992 - h120 - h6663 
c21: h22 
c22: h101 - h557 
c23: h104 + h370 - h547 
c24: - h297 
c25: h31 + h216 + h22 + h224 + h582 
c31: h403 - h2441 
c32: h115 + h1122 + h2798 - h7338 
c33: h224 + h374 
c34: h120 + h675 - h2628 - h2852 
c35: h1 + h277 - h43 - h253 - h1101 
c41: h510 + h510 - h216 - h224 
c42: h55 - h88 - h1853 
c43: h29 - h1 - h70 
c44: h37 + h115 + h89 + h115 + h2798 - h22 - h148 - h382 - h6738 
c45: h12 + h205 + h337 + h1016 - h58 - h900 - h1578 
c51: h17 + h101 + h115 + h1403 - h66 
c52: h17 - h17 - h374 
c53: h29 + h171 
c54: h675 - h13 
c55: h157 + h8 + h582 
