0,149.08,24.8
100,103.08,25
200,82.568,24.8
300,75.024,24.8
400,69.44800000000001,24.8
500,65.48,24.6
600,64.24000000000001,24.8
700,63.416,24.8
800,63.112,24.8
900,61.928,24.6
1000,58.552,24.8
1100,58.552,24.8
1200,58.248000000000005,24.8
1300,56.664,25
1400,55.488,25
1500,54.407999999999994,25
1600,54.407999999999994,25
1700,54.08,25
1800,53.967999999999996,25
1900,53.967999999999996,25
2000,53.903999999999996,25
2100,53.903999999999996,25
2200,52.696000000000005,25
2300,51.751999999999995,25
2400,51.751999999999995,25
2500,51.751999999999995,25
2600,51.751999999999995,25
2700,51.751999999999995,25
2800,48.78399999999999,25
2900,48.19199999999999,25
3000,47.992,25
3100,47.992,25
3200,47.760000000000005,25
3300,47.760000000000005,25
3400,47.56,25
3500,47.56,25
3600,45.2,25
3700,44.088,25
3800,43.056,25
3900,42.92,25
4000,42.92,25
4100,42.92,25
4200,42.92,25
4300,42.536,25
4400,42.536,25
4500,42.536,25
4600,42.263999999999996,25
4700,42.263999999999996,25
4800,42.263999999999996,25
4900,41.552,25
5000,41.44,25
5100,41.44,25
5200,40.864,25
5300,40.70399999999999,25
5400,40.224000000000004,25
5500,40.224000000000004,25
5600,40.09599999999999,25
5700,40.09599999999999,25
5800,39.656000000000006,25
5900,37.688,25
6000,37.688,25
6100,37.688,25
6200,37.688,25
6300,37.688,25
6400,37.64,25
6500,37.64,25
6600,36.983999999999995,25
6700,36.983999999999995,25
6800,36.944,25
6900,36.944,25
7000,36.696,25
7100,36.696,25
7200,36.696,25
7300,36.168,25
7400,36.168,25
7500,36.168,25
7600,36.168,25
7700,36.168,25
7800,36.168,25
7900,36.168,25
8000,36.12,25
8100,36.12,25
8200,36.12,25
8300,36.023999999999994,24.8
8400,36.023999999999994,24.8
8500,36.023999999999994,24.8
8600,36.023999999999994,24.8
8700,36.023999999999994,24.8
8800,36.023999999999994,24.8
8900,36.023999999999994,24.8
9000,36.023999999999994,24.8
9100,36.023999999999994,24.8
9200,36.023999999999994,24.8
9300,36.023999999999994,24.8
9400,36.023999999999994,24.8
9500,36.023999999999994,24.8
9600,36.023999999999994,24.8
9700,36.023999999999994,24.8
9800,36.023999999999994,24.8
9900,36.023999999999994,24.8
10000,35.168,24.6
10100,35.168,24.6
10200,35.168,24.6
10300,34.8,24.6
10400,34.8,24.6
10500,34.8,24.6
10600,34.8,24.6
10700,34.8,24.6
10800,34.8,24.6
10900,34.8,24.6
11000,34.8,24.6
11100,34.8,24.6
11200,34.8,24.6
11300,34.8,24.6
11400,34.8,24.6
11500,34.8,24.6
11600,34.8,24.6
11700,34.8,24.6
11800,34.727999999999994,24.6
11900,34.727999999999994,24.6
12000,34.727999999999994,24.6
12100,34.67999999999999,24.6
12200,34.67999999999999,24.6
12300,34.67999999999999,24.6
12400,34.67999999999999,24.6
12500,33.80800000000001,24.6
12600,33.80800000000001,24.6
12700,33.80800000000001,24.6
12800,33.80800000000001,24.6
12900,33.80800000000001,24.6
13000,33.80800000000001,24.6
13100,33.776,24.6
13200,33.776,24.6
13300,33.776,24.6
13400,33.776,24.6
13500,33.776,24.6
13600,33.776,24.6
13700,33.776,24.6
13800,33.776,24.6
13900,33.776,24.6
14000,33.776,24.6
14100,33.776,24.6
14200,33.776,24.6
14300,33.776,24.6
14400,33.312,24.6
14500,33.312,24.6
14600,33.312,24.6
14700,33.312,24.6
14800,33.296,24.6
14900,32.952,24.6
15000,32.839999999999996,24.6
15100,32.29600000000001,24.6
15200,32.008,24.4
15300,32.008,24.4
15400,32.008,24.4
15500,32.008,24.4
15600,32.008,24.4
15700,32.008,24.4
15800,31.831999999999994,24.4
15900,31.736,24.4
16000,31.736,24.4
16100,31.736,24.4
16200,31.736,24.4
16300,31.736,24.4
16400,31.736,24.4
16500,31.736,24.4
16600,31.384000000000004,24.4
16700,31.384000000000004,24.4
16800,31.384000000000004,24.4
16900,31.384000000000004,24.4
17000,31.384000000000004,24.4
17100,31.384000000000004,24.4
17200,31.384000000000004,24.4
17300,31.384000000000004,24.4
17400,31.384000000000004,24.4
17500,31.384000000000004,24.4
17600,31.384000000000004,24.4
17700,31.384000000000004,24.4
17800,31.384000000000004,24.4
17900,31.384000000000004,24.4
18000,31.384000000000004,24.4
18100,31.384000000000004,24.4
18200,31.384000000000004,24.4
18300,31.384000000000004,24.4
18400,31.384000000000004,24.4
18500,31.384000000000004,24.4
18600,31.384000000000004,24.4
18700,31.384000000000004,24.4
18800,31.384000000000004,24.4
18900,31.384000000000004,24.4
19000,31.384000000000004,24.4
19100,31.384000000000004,24.4
19200,31.384000000000004,24.4
19300,31.384000000000004,24.4
19400,31.384000000000004,24.4
19500,31.384000000000004,24.4
19600,31.384000000000004,24.4
19700,31.384000000000004,24.4
19800,31.384000000000004,24.4
19900,31.384000000000004,24.4
20000,31.384000000000004,24.4
20100,31.384000000000004,24.4
20200,31.384000000000004,24.4
20300,31.384000000000004,24.4
20400,31.384000000000004,24.4
20500,31.384000000000004,24.4
20600,31.384000000000004,24.4
20700,31.384000000000004,24.4
20800,31.384000000000004,24.4
20900,31.384000000000004,24.4
21000,31.384000000000004,24.4
21100,31.384000000000004,24.4
21200,31.384000000000004,24.4
21300,31.384000000000004,24.4
21400,31.384000000000004,24.4
21500,31.384000000000004,24.4
21600,31.384000000000004,24.4
21700,31.384000000000004,24.4
21800,31.384000000000004,24.4
21900,31.384000000000004,24.4
22000,31.384000000000004,24.4
22100,31.384000000000004,24.4
22200,31.384000000000004,24.4
22300,31.384000000000004,24.4
22400,31.384000000000004,24.4
22500,31.384000000000004,24.4
22600,31.384000000000004,24.4
22700,31.384000000000004,24.4
22800,31.384000000000004,24.4
22900,31.384000000000004,24.4
23000,31.119999999999997,24.4
23100,30.6,24.4
23200,30.6,24.4
23300,29.896000000000004,24.4
23400,29.896000000000004,24.4
23500,29.896000000000004,24.4
23600,29.896000000000004,24.4
23700,29.896000000000004,24.4
23800,29.896000000000004,24.4
23900,29.896000000000004,24.4
24000,29.8,24.4
24100,29.8,24.4
24200,29.8,24.4
24300,29.8,24.4
24400,29.8,24.4
24500,29.736,24.4
24600,29.272000000000002,24.4
24700,29.272000000000002,24.4
24800,29.272000000000002,24.4
24900,29.272000000000002,24.4
25000,29.272000000000002,24.4
25100,29.272000000000002,24.4
25200,29.272000000000002,24.4
25300,29.272000000000002,24.4
25400,29.272000000000002,24.4
25500,29.272000000000002,24.4
25600,29.272000000000002,24.4
25700,29.272000000000002,24.4
25800,29.272000000000002,24.4
25900,29.272000000000002,24.4
26000,29.272000000000002,24.4
26100,29.272000000000002,24.4
26200,29.272000000000002,24.4
26300,29.272000000000002,24.4
26400,29.272000000000002,24.4
26500,29.272000000000002,24.4
26600,29.272000000000002,24.4
26700,29.272000000000002,24.4
26800,29.272000000000002,24.4
26900,29.272000000000002,24.4
27000,29.272000000000002,24.4
27100,29.272000000000002,24.4
27200,29.272000000000002,24.4
27300,29.144,24.4
27400,29.144,24.4
27500,29.144,24.4
27600,29.144,24.4
27700,29.144,24.4
27800,29.144,24.4
27900,29.144,24.4
28000,29.144,24.4
28100,29.144,24.4
28200,29.144,24.4
28300,29.144,24.4
28400,29.144,24.4
28500,29.144,24.4
28600,29.144,24.4
28700,29.144,24.4
28800,29.144,24.4
28900,29.119999999999997,24.4
29000,29.119999999999997,24.4
29100,29.119999999999997,24.4
29200,29.119999999999997,24.4
29300,29.119999999999997,24.4
29400,29.119999999999997,24.4
29500,29.119999999999997,24.4
29600,29.119999999999997,24.4
29700,29.119999999999997,24.4
29800,29.119999999999997,24.4
29900,29.119999999999997,24.4
30000,29.119999999999997,24.4
30100,29.119999999999997,24.4
30200,29.119999999999997,24.4
30300,29.119999999999997,24.4
30400,29.119999999999997,24.4
30500,29.119999999999997,24.4
30600,29.119999999999997,24.4
30700,29.119999999999997,24.4
30800,29.119999999999997,24.4
30900,29.119999999999997,24.4
31000,29.119999999999997,24.4
31100,29.119999999999997,24.4
31200,29.119999999999997,24.4
31300,28.808000000000003,24.4
31400,28.808000000000003,24.4
31500,28.808000000000003,24.4
31600,28.808000000000003,24.4
31700,28.808000000000003,24.4
31800,28.808000000000003,24.4
31900,28.808000000000003,24.4
32000,28.808000000000003,24.4
32100,28.808000000000003,24.4
32200,28.808000000000003,24.4
32300,28.808000000000003,24.4
32400,28.808000000000003,24.4
32500,28.808000000000003,24.4
32600,28.808000000000003,24.4
32700,28.808000000000003,24.4
32800,28.808000000000003,24.4
32900,28.808000000000003,24.4
33000,28.808000000000003,24.4
33100,28.808000000000003,24.4
33200,28.808000000000003,24.4
33300,28.808000000000003,24.4
33400,28.808000000000003,24.4
33500,28.808000000000003,24.4
33600,28.808000000000003,24.4
33700,28.808000000000003,24.4
33800,28.808000000000003,24.4
33900,28.808000000000003,24.4
34000,28.808000000000003,24.4
34100,28.808000000000003,24.4
34200,28.808000000000003,24.4
34300,28.808000000000003,24.4
34400,28.808000000000003,24.4
34500,28.808000000000003,24.4
34600,28.512,24.4
34700,28.512,24.4
34800,28.512,24.4
34900,28.512,24.4
35000,28.512,24.4
35100,27.936,24.4
35200,27.936,24.4
35300,27.936,24.4
35400,27.936,24.4
35500,27.936,24.4
35600,27.936,24.4
35700,27.936,24.4
35800,27.816000000000003,24.6
35900,27.816000000000003,24.6
36000,27.816000000000003,24.6
36100,27.816000000000003,24.6
36200,27.816000000000003,24.6
36300,27.816000000000003,24.6
36400,27.816000000000003,24.6
36500,27.816000000000003,24.6
36600,27.816000000000003,24.6
36700,27.816000000000003,24.6
36800,27.816000000000003,24.6
36900,27.816000000000003,24.6
37000,27.816000000000003,24.6
37100,27.816000000000003,24.6
37200,27.816000000000003,24.6
37300,27.816000000000003,24.6
37400,27.816000000000003,24.6
37500,27.816000000000003,24.6
37600,27.816000000000003,24.6
37700,27.816000000000003,24.6
37800,27.816000000000003,24.6
37900,27.816000000000003,24.6
38000,27.816000000000003,24.6
38100,27.816000000000003,24.6
38200,27.816000000000003,24.6
38300,27.816000000000003,24.6
38400,27.816000000000003,24.6
38500,27.4,24.4
38600,27.4,24.4
38700,27.4,24.4
38800,27.4,24.4
38900,27.4,24.4
39000,27.4,24.4
39100,27.4,24.4
39200,27.4,24.4
39300,27.112000000000002,24.4
39400,27.112000000000002,24.4
39500,27.112000000000002,24.4
39600,27.112000000000002,24.4
39700,27.112000000000002,24.4
39800,27.112000000000002,24.4
39900,27.112000000000002,24.4
40000,27.112000000000002,24.4
40100,27.112000000000002,24.4
40200,27.112000000000002,24.4
40300,27.112000000000002,24.4
40400,27.112000000000002,24.4
40500,27.088,24.4
40600,27.088,24.4
40700,27.088,24.4
40800,27.088,24.4
40900,27.088,24.4
41000,27.088,24.4
41100,27.088,24.4
41200,27.088,24.4
41300,27.088,24.4
41400,27.088,24.4
41500,27.088,24.4
41600,27.088,24.4
41700,27.088,24.4
41800,27.088,24.4
41900,27.088,24.4
42000,27.088,24.4
42100,27.088,24.4
42200,27.088,24.4
42300,27.088,24.4
42400,27.088,24.4
42500,26.968,24.4
42600,26.968,24.4
42700,26.4,24.4
42800,25.752000000000002,24.6
42900,25.624000000000002,24.4
43000,25.624000000000002,24.4
43100,25.624000000000002,24.4
43200,25.624000000000002,24.4
43300,25.624000000000002,24.4
43400,25.624000000000002,24.4
43500,25.336000000000002,24.4
43600,25.336000000000002,24.4
43700,25.336000000000002,24.4
43800,25.336000000000002,24.4
43900,25.336000000000002,24.4
44000,25.336000000000002,24.4
44100,25.336000000000002,24.4
44200,25.336000000000002,24.4
44300,25.336000000000002,24.4
44400,25.336000000000002,24.4
44500,25.336000000000002,24.4
44600,25.336000000000002,24.4
44700,25.336000000000002,24.4
44800,25.336000000000002,24.4
44900,25.336000000000002,24.4
45000,25.336000000000002,24.4
45100,25.336000000000002,24.4
45200,25.336000000000002,24.4
45300,25.336000000000002,24.4
45400,25.336000000000002,24.4
45500,25.040000000000003,24.4
45600,25.040000000000003,24.4
45700,25.040000000000003,24.4
45800,25.040000000000003,24.4
45900,25.040000000000003,24.4
46000,25.040000000000003,24.4
46100,25.040000000000003,24.4
46200,25.040000000000003,24.4
46300,25.040000000000003,24.4
46400,25.040000000000003,24.4
46500,25.040000000000003,24.4
46600,25.040000000000003,24.4
46700,25.040000000000003,24.4
46800,25.040000000000003,24.4
46900,25.040000000000003,24.4
47000,25.040000000000003,24.4
47100,25.040000000000003,24.4
47200,25.040000000000003,24.4
47300,25.040000000000003,24.4
47400,25.040000000000003,24.4
47500,25.040000000000003,24.4
47600,25.040000000000003,24.4
47700,25.040000000000003,24.4
47800,25.040000000000003,24.4
47900,25.040000000000003,24.4
48000,25.040000000000003,24.4
48100,25.040000000000003,24.4
48200,25.040000000000003,24.4
48300,25.040000000000003,24.4
48400,25.040000000000003,24.4
48500,25.040000000000003,24.4
48600,25.040000000000003,24.4
48700,24.975999999999996,24.4
48800,24.975999999999996,24.4
48900,24.975999999999996,24.4
49000,24.975999999999996,24.4
49100,24.975999999999996,24.4
49200,24.975999999999996,24.4
49300,24.975999999999996,24.4
49400,24.975999999999996,24.4
49500,24.975999999999996,24.4
49600,24.975999999999996,24.4
49700,24.975999999999996,24.4
49800,24.975999999999996,24.4
49900,24.975999999999996,24.4
50000,24.975999999999996,24.4
50100,24.975999999999996,24.4
50200,24.536,24.2
50300,24.536,24.2
50400,24.536,24.2
50500,24.536,24.2
50600,24.536,24.2
50700,24.536,24.2
50800,24.536,24.2
50900,24.536,24.2
51000,24.536,24.2
51100,24.536,24.2
51200,24.536,24.2
51300,24.536,24.2
51400,24.536,24.2
51500,24.503999999999998,24.2
51600,24.503999999999998,24.2
51700,24.503999999999998,24.2
51800,24.503999999999998,24.2
51900,24.503999999999998,24.2
52000,24.503999999999998,24.2
52100,24.503999999999998,24.2
52200,24.503999999999998,24.2
52300,24.503999999999998,24.2
52400,24.503999999999998,24.2
52500,24.503999999999998,24.2
52600,24.503999999999998,24.2
52700,24.503999999999998,24.2
52800,24.503999999999998,24.2
52900,24.503999999999998,24.2
53000,24.503999999999998,24.2
53100,24.503999999999998,24.2
53200,24.503999999999998,24.2
53300,24.503999999999998,24.2
53400,24.503999999999998,24.2
53500,24.503999999999998,24.2
53600,24.503999999999998,24.2
53700,24.503999999999998,24.2
53800,24.503999999999998,24.2
53900,24.503999999999998,24.2
54000,24.503999999999998,24.2
54100,24.503999999999998,24.2
54200,24.503999999999998,24.2
54300,24.503999999999998,24.2
54400,24.503999999999998,24.2
54500,24.503999999999998,24.2
54600,24.503999999999998,24.2
54700,24.503999999999998,24.2
54800,24.503999999999998,24.2
54900,24.503999999999998,24.2
55000,24.503999999999998,24.2
55100,24.503999999999998,24.2
55200,24.503999999999998,24.2
55300,24.503999999999998,24.2
55400,24.503999999999998,24.2
55500,24.503999999999998,24.2
55600,24.503999999999998,24.2
55700,24.503999999999998,24.2
55800,24.503999999999998,24.2
55900,24.503999999999998,24.2
56000,24.503999999999998,24.2
56100,24.503999999999998,24.2
56200,24.503999999999998,24.2
56300,24.384,24.2
56400,24.384,24.2
56500,24.384,24.2
56600,24.384,24.2
56700,24.384,24.2
56800,24.384,24.2
56900,24.384,24.2
57000,24.384,24.2
57100,24.384,24.2
57200,24.384,24.2
57300,24.384,24.2
57400,24.384,24.2
57500,24.384,24.2
57600,24.384,24.2
57700,24.384,24.2
57800,24.384,24.2
57900,24.384,24.2
58000,24.384,24.2
58100,24.384,24.2
58200,24.384,24.2
58300,24.384,24.2
58400,24.384,24.2
58500,24.384,24.2
58600,24.384,24.2
58700,24.384,24.2
58800,24.384,24.2
58900,24.384,24.2
59000,24.384,24.2
59100,24.384,24.2
59200,24.384,24.2
59300,24.384,24.2
59400,24.384,24.2
59500,24.384,24.2
59600,24.384,24.2
59700,24.384,24.2
59800,24.384,24.2
59900,24.328,24.2
60000,24.328,24.2
60100,24.328,24.2
60200,24.328,24.2
60300,24.328,24.2
60400,24.328,24.2
60500,24.328,24.2
60600,24.328,24.2
60700,24.328,24.2
60800,24.328,24.2
60900,24.328,24.2
61000,24.328,24.2
61100,24.328,24.2
61200,24.328,24.2
61300,24.328,24.2
61400,24.328,24.2
61500,24.328,24.2
61600,24.328,24.2
61700,24.192,24.4
61800,24.192,24.4
61900,24.192,24.4
62000,24.192,24.4
62100,24.192,24.4
62200,24.192,24.4
62300,24.192,24.4
62400,24.192,24.4
62500,24.192,24.4
62600,24.192,24.4
62700,24.192,24.4
62800,24.192,24.4
62900,24.192,24.4
63000,24.192,24.4
63100,24.192,24.4
63200,24.192,24.4
63300,24.192,24.4
63400,24.192,24.4
63500,24.192,24.4
63600,24.192,24.4
63700,24.04,24.4
63800,24.04,24.4
63900,24.04,24.4
64000,24.04,24.4
64100,24.04,24.4
64200,24.04,24.4
64300,24.04,24.4
64400,24.04,24.4
64500,24.04,24.4
64600,24.04,24.4
64700,24.04,24.4
64800,24.04,24.4
64900,24.04,24.4
65000,24.04,24.4
65100,24.04,24.4
65200,24.04,24.4
65300,24.04,24.4
65400,24.04,24.4
65500,24.04,24.4
65600,24.04,24.4
65700,24.04,24.4
65800,24.04,24.4
65900,24.04,24.4
66000,24.04,24.4
66100,24.04,24.4
66200,24.04,24.4
66300,24.032,24.4
66400,24.032,24.4
66500,24.032,24.4
66600,24.032,24.4
66700,24.032,24.4
66800,24.032,24.4
66900,24.032,24.4
67000,23.848,24.4
67100,23.848,24.4
67200,23.848,24.4
67300,23.848,24.4
67400,23.848,24.4
67500,23.848,24.4
67600,23.848,24.4
67700,23.848,24.4
67800,23.848,24.4
67900,23.848,24.4
68000,23.848,24.4
68100,23.848,24.4
68200,23.848,24.4
68300,23.848,24.4
68400,23.848,24.4
68500,23.848,24.4
68600,23.848,24.4
68700,23.848,24.4
68800,23.848,24.4
68900,23.848,24.4
69000,23.848,24.4
69100,23.848,24.4
69200,23.848,24.4
69300,23.848,24.4
69400,23.848,24.4
69500,23.848,24.4
69600,23.848,24.4
69700,23.848,24.4
69800,23.848,24.4
69900,23.848,24.4
70000,23.848,24.4
70100,23.848,24.4
70200,23.848,24.4
70300,23.848,24.4
70400,23.848,24.4
70500,23.848,24.4
70600,23.848,24.4
70700,23.848,24.4
70800,23.848,24.4
70900,23.848,24.4
71000,23.848,24.4
71100,23.848,24.4
71200,23.848,24.4
71300,23.848,24.4
71400,23.848,24.4
71500,23.848,24.4
71600,23.848,24.4
71700,23.848,24.4
71800,23.848,24.4
71900,23.848,24.4
72000,23.848,24.4
72100,23.848,24.4
72200,23.848,24.4
72300,23.848,24.4
72400,23.848,24.4
72500,23.848,24.4
72600,23.848,24.4
72700,23.848,24.4
72800,23.848,24.4
72900,23.848,24.4
73000,23.848,24.4
73100,23.848,24.4
73200,23.848,24.4
73300,23.848,24.4
73400,23.848,24.4
73500,23.848,24.4
73600,23.848,24.4
73700,23.848,24.4
73800,23.848,24.4
73900,23.848,24.4
74000,23.848,24.4
74100,23.848,24.4
74200,23.848,24.4
74300,23.848,24.4
74400,23.848,24.4
74500,23.848,24.4
74600,23.848,24.4
74700,23.848,24.4
74800,23.848,24.4
74900,23.848,24.4
75000,23.848,24.4
75100,23.848,24.4
75200,23.848,24.4
75300,23.848,24.4
75400,23.848,24.4
75500,23.848,24.4
75600,23.848,24.4
75700,23.848,24.4
75800,23.848,24.4
75900,23.848,24.4
76000,23.848,24.4
76100,23.848,24.4
76200,23.848,24.4
76300,23.848,24.4
76400,23.848,24.4
76500,23.848,24.4
76600,23.848,24.4
76700,23.848,24.4
76800,23.848,24.4
76900,23.848,24.4
77000,23.848,24.4
77100,23.848,24.4
77200,23.848,24.4
77300,23.848,24.4
77400,23.848,24.4
77500,23.848,24.4
77600,23.848,24.4
77700,23.848,24.4
77800,23.816,24.4
77900,23.816,24.4
78000,23.816,24.4
78100,23.816,24.4
78200,23.816,24.4
78300,23.816,24.4
78400,23.816,24.4
78500,23.816,24.4
78600,23.816,24.4
78700,23.816,24.4
78800,23.816,24.4
78900,23.816,24.4
79000,23.816,24.4
79100,23.816,24.4
79200,23.816,24.4
79300,23.816,24.4
79400,23.816,24.4
79500,23.816,24.4
79600,23.816,24.4
79700,23.816,24.4
79800,23.816,24.4
79900,23.816,24.4
80000,23.816,24.4
80100,23.816,24.4
80200,23.816,24.4
80300,23.816,24.4
80400,23.816,24.4
80500,23.816,24.4
80600,23.816,24.4
80700,23.816,24.4
80800,23.816,24.4
80900,23.816,24.4
81000,23.336000000000002,24.4
81100,23.336000000000002,24.4
81200,23.336000000000002,24.4
81300,23.336000000000002,24.4
81400,23.336000000000002,24.4
81500,23.336000000000002,24.4
81600,23.336000000000002,24.4
81700,23.336000000000002,24.4
81800,23.336000000000002,24.4
81900,23.200000000000003,24.4
82000,23.200000000000003,24.4
82100,23.200000000000003,24.4
82200,23.200000000000003,24.4
82300,23.200000000000003,24.4
82400,23.200000000000003,24.4
82500,23.200000000000003,24.4
82600,23.200000000000003,24.4
82700,23.200000000000003,24.4
82800,23.200000000000003,24.4
82900,23.200000000000003,24.4
83000,23.200000000000003,24.4
83100,23.200000000000003,24.4
83200,23.200000000000003,24.4
83300,23.200000000000003,24.4
83400,23.200000000000003,24.4
83500,23.200000000000003,24.4
83600,23.200000000000003,24.4
83700,23.200000000000003,24.4
83800,23.200000000000003,24.4
83900,23.200000000000003,24.4
84000,23.200000000000003,24.4
84100,23.200000000000003,24.4
84200,23.200000000000003,24.4
84300,23.200000000000003,24.4
84400,23.200000000000003,24.4
84500,23.200000000000003,24.4
84600,23.200000000000003,24.4
84700,23.200000000000003,24.4
84800,23.200000000000003,24.4
84900,23.200000000000003,24.4
85000,23.200000000000003,24.4
85100,23.200000000000003,24.4
85200,23.200000000000003,24.4
85300,23.200000000000003,24.4
85400,23.200000000000003,24.4
85500,23.200000000000003,24.4
85600,23.200000000000003,24.4
85700,23.200000000000003,24.4
85800,23.200000000000003,24.4
85900,23.200000000000003,24.4
86000,23.200000000000003,24.4
86100,23.200000000000003,24.4
86200,23.200000000000003,24.4
86300,23.200000000000003,24.4
86400,23.200000000000003,24.4
86500,23.200000000000003,24.4
86600,23.200000000000003,24.4
86700,23.200000000000003,24.4
86800,23.200000000000003,24.4
86900,23.200000000000003,24.4
87000,23.200000000000003,24.4
87100,23.200000000000003,24.4
87200,23.200000000000003,24.4
87300,23.200000000000003,24.4
87400,23.12,24.4
87500,23.12,24.4
87600,23.12,24.4
87700,23.04,24.4
87800,23.04,24.4
87900,23.04,24.4
88000,23.04,24.4
88100,23.04,24.4
88200,23.04,24.4
88300,23.016000000000002,24.4
88400,23.016000000000002,24.4
88500,23.008000000000003,24.4
88600,23.008000000000003,24.4
88700,23.008000000000003,24.4
88800,23.008000000000003,24.4
88900,23.008000000000003,24.4
89000,23.008000000000003,24.4
89100,23.008000000000003,24.4
89200,23.008000000000003,24.4
89300,23.008000000000003,24.4
89400,23.008000000000003,24.4
89500,23.008000000000003,24.4
89600,23.008000000000003,24.4
89700,23.008000000000003,24.4
89800,23.008000000000003,24.4
89900,23.008000000000003,24.4
90000,23.008000000000003,24.4
90100,23.008000000000003,24.4
90200,23.008000000000003,24.4
90300,23.008000000000003,24.4
90400,23.008000000000003,24.4
90500,23.008000000000003,24.4
90600,23.008000000000003,24.4
90700,23.008000000000003,24.4
90800,23.008000000000003,24.4
90900,23.008000000000003,24.4
91000,23.008000000000003,24.4
91100,23.008000000000003,24.4
91200,23.008000000000003,24.4
91300,23.008000000000003,24.4
91400,23.008000000000003,24.4
91500,23.008000000000003,24.4
91600,22.864,24.4
91700,22.864,24.4
91800,22.864,24.4
91900,22.864,24.4
92000,22.864,24.4
92100,22.864,24.4
92200,22.864,24.4
92300,22.864,24.4
92400,22.864,24.4
92500,22.864,24.4
92600,22.864,24.4
92700,22.864,24.4
92800,22.864,24.4
92900,22.864,24.4
93000,22.864,24.4
93100,22.864,24.4
93200,22.864,24.4
93300,22.864,24.4
93400,22.864,24.4
93500,22.864,24.4
93600,22.864,24.4
93700,22.864,24.4
93800,22.864,24.4
93900,22.864,24.4
94000,22.864,24.4
94100,22.864,24.4
94200,22.864,24.4
94300,22.864,24.4
94400,22.864,24.4
94500,22.864,24.4
94600,22.864,24.4
94700,22.864,24.4
94800,22.864,24.4
94900,22.776,24.4
95000,22.776,24.4
95100,22.776,24.4
95200,22.776,24.4
95300,22.776,24.4
95400,22.776,24.4
95500,22.776,24.4
95600,22.776,24.4
95700,22.776,24.4
95800,22.607999999999997,24.4
95900,22.607999999999997,24.4
96000,22.607999999999997,24.4
96100,22.607999999999997,24.4
96200,22.607999999999997,24.4
96300,22.607999999999997,24.4
96400,22.607999999999997,24.4
96500,22.607999999999997,24.4
96600,22.607999999999997,24.4
96700,22.607999999999997,24.4
96800,22.607999999999997,24.4
96900,22.607999999999997,24.4
97000,22.607999999999997,24.4
97100,22.607999999999997,24.4
97200,22.607999999999997,24.4
97300,22.607999999999997,24.4
97400,22.607999999999997,24.4
97500,22.607999999999997,24.4
97600,22.607999999999997,24.4
97700,22.607999999999997,24.4
97800,22.607999999999997,24.4
97900,22.607999999999997,24.4
98000,22.607999999999997,24.4
98100,22.607999999999997,24.4
98200,22.607999999999997,24.4
98300,22.607999999999997,24.4
98400,22.607999999999997,24.4
98500,22.607999999999997,24.4
98600,22.607999999999997,24.4
98700,22.607999999999997,24.4
98800,22.607999999999997,24.4
98900,22.607999999999997,24.4
99000,22.607999999999997,24.4
99100,22.607999999999997,24.4
99200,22.607999999999997,24.4
99300,22.607999999999997,24.4
99400,22.607999999999997,24.4
99500,22.607999999999997,24.4
99600,22.607999999999997,24.4
99700,22.607999999999997,24.4
99800,22.607999999999997,24.4
99900,22.607999999999997,24.4
99999,22.607999999999997,24.4

START ALGORITHM
h6: (a54) * (b44 + b31 - b14 - b53 - b44)
h8: (a41 - a32) * (b11 + b51 + b15 + b52 + b55 + b24 + b32 + b33 - b22 - b22 - b14 - b13 - b51 - b55 - b21 - b22 - b33 - b23 - b15 - b55)
h32: (a15) * (b32 + b54 - b53 - b33 - b22)
h33: (a32) * (b41 + b44 - b13 - b12 - b35)
h40: (a33 + a14 + a53) * (b13 - b14 - b32)
h42: (a55) * (b31 + b25 + b41 + b55 + b55 + b11 - b24 - b45 - b11 - b44 - b54)
h45: (-a25) * (b12 + b43 + b24 - b34 - b52 - b33 - b11)
h49: (-a31 - a43) * (b12 - b41)
h71: (-a14 - a14) * (b41 + b32 - b12)
h76: (-a41 - a54 - a21) * (b52)
h82: (a42 - a45) * (b51 + b12 + b52 + b52 + b45 + b51 - b31 - b23 - b33 - b14)
h87: (a41) * (b53)
h92: (a43) * (b42 + b45 + b21)
h93: (a42 - a43 - a22) * (b15 + b33 + b31 + b23 + b54 + b53 + b45 + b23 - b13 - b52 - b24 - b33)
h95: (-a51) * (b52 + b55)
h97: (a14) * (-b13 - b25 - b43 - b11)
h103: (a12 + a52) * (b55)
h137: (a34) * (b21 + b54 + b34 - b35 - b21 - b25 - b24)
h149: (-a53) * (-b53 - b35 - b43)
h158: (a11) * (b34 + b33 - b43 - b55 - b33 - b11 - b41)
h210: (a25 + a15 + a45 - a52 - a11) * (b42 - b11)
h277: (a31) * (-b43)
h289: (a21) * (b41 + b55 + b35 - b55 - b15 - b15 - b14 - b13 - b33)
h378: (-a54) * (b15 + b44 - b14 - b12)
h604: (-a54) * (-b31)
h1927: (a32) * (-b52)
h3144: (a24 + a15) * (b14 + b32 + b53 - b33 - b15 - b53)
h3377: (-a43) * (b41 - b42)
h3774: (-a21) * (b14 - b23)
h6316: (a32 + a52 - a41 - a25) * (b35 + b25 + b13 + b23 + b12 + b33 - b31 - b21 - b14)
h9344: (a52 + a52 - a35) * (-b53)
h10006: (a55) * (b53 - b24 - b31 - b32 - b14)
h10416: (a11 - a11 - a45) * (b35)
h19568: (a42 - a25) * (b12 + b32)
h21925: (a42) * (b22 + b25 + b31 + b54 + b52)
h26516: (a42 - a42) * (b22 + b13 + b24 + b55 - b33 - b25 - b24)
h32138: (-a43) * (b45 - b15)
h35118: (-a54) * (b53 + b41 + b31 + b43 - b21 - b42 - b25 - b51 - b13)
h54408: (a51) * (b52)
h54988: (-a11) * (-b22)
h55116: (a45) * (b14 - b22)
h59648: (-a13) * (b13 + b55 + b23 + b35)
c11: h93 + h19568 - h149 - h378 
c12: h45 - h82 
c13: h97 + h137 - h3377 
c14: - h3144 - h21925 
c15: h76 + h54988 - h26516 
c21: h45 + h95 + h604 + h10006 
c22: h289 
c23: h71 + h158 
c24: - h93 - h32 
c25: h76 - h45 
c31: h42 - h604 - h32138 - h59648 
c32: h33 + h10006 + h35118 
c33: - h9344 
c34: h87 + h6316 - h6 
c35: h137 + h82 + h92 
c41: h289 
c42: h33 + h10416 
c43: h42 - h55116 
c44: - h158 - h1927 
c45: h97 + h54408 - h8 
c51: h92 + h40 + h42 
c52: h277 - h33 
c53: h149 - h103 - h42 - h137 - h289 
c54: h49 + h210 + h149 + h277 
c55: h42 + h3774 + h378 
