0,135.656,24.6
100,92.352,24.8
200,80.28,24.4
300,74.776,24.4
400,69.47200000000001,24.4
500,65.336,24.4
600,60.71999999999999,24.4
700,55.624,24.4
800,54.448,24.6
900,52.120000000000005,24.6
1000,50.535999999999994,24.6
1100,49.352000000000004,24.6
1200,49.09599999999999,24.6
1300,48.112,24.6
1400,48.112,24.6
1500,48.112,24.6
1600,48.112,24.6
1700,47.775999999999996,24.6
1800,47.775999999999996,24.6
1900,47.367999999999995,24.6
2000,46.856,24.6
2100,44.936,24.6
2200,44.936,24.6
2300,44.936,24.6
2400,44.128,24.6
2500,43.928,24.6
2600,43.136,24.6
2700,41.720000000000006,24.6
2800,41.720000000000006,24.6
2900,41.656000000000006,24.6
3000,41.57600000000001,24.6
3100,41.160000000000004,24.4
3200,40.952000000000005,24.4
3300,40.71999999999999,24.4
3400,39.184,24.6
3500,39.184,24.6
3600,37.752,24.6
3700,37.74400000000001,24.6
3800,36.903999999999996,24.4
3900,36.903999999999996,24.4
4000,36.08,24.4
4100,35.656,24.6
4200,35.656,24.6
4300,35.624,24.6
4400,35.432,24.6
4500,35.432,24.6
4600,35.432,24.6
4700,35.432,24.6
4800,35.104,24.8
4900,35.104,24.8
5000,35.104,24.8
5100,34.36,24.8
5200,34.36,24.8
5300,34.36,24.8
5400,34.36,24.8
5500,34.36,24.8
5600,34.36,24.8
5700,34.36,24.8
5800,34.36,24.8
5900,34.36,24.8
6000,34.36,24.8
6100,34.36,24.8
6200,34.36,24.8
6300,34.36,24.8
6400,34.232,24.8
6500,34.232,24.8
6600,34.232,24.8
6700,34.232,24.8
6800,34.232,24.8
6900,34.232,24.8
7000,34.232,24.8
7100,34.232,24.8
7200,34.232,24.8
7300,33.263999999999996,24.6
7400,33.263999999999996,24.6
7500,33.263999999999996,24.6
7600,33.263999999999996,24.6
7700,33.263999999999996,24.6
7800,33.263999999999996,24.6
7900,33.263999999999996,24.6
8000,33.263999999999996,24.6
8100,33.263999999999996,24.6
8200,33.263999999999996,24.6
8300,33.263999999999996,24.6
8400,33.263999999999996,24.6
8500,33.263999999999996,24.6
8600,33.263999999999996,24.6
8700,32.888,24.6
8800,32.888,24.6
8900,32.824,24.6
9000,32.824,24.6
9100,32.824,24.6
9200,32.824,24.6
9300,32.824,24.6
9400,32.824,24.6
9500,32.824,24.6
9600,32.824,24.6
9700,32.824,24.6
9800,32.824,24.6
9900,32.552,24.6
10000,32.528,24.6
10100,32.440000000000005,24.6
10200,32.440000000000005,24.6
10300,32.440000000000005,24.6
10400,32.440000000000005,24.6
10500,32.440000000000005,24.6
10600,32.440000000000005,24.6
10700,32.440000000000005,24.6
10800,32.440000000000005,24.6
10900,32.440000000000005,24.6
11000,32.2,24.6
11100,32.2,24.6
11200,32.2,24.6
11300,32.2,24.6
11400,32.2,24.6
11500,32.2,24.6
11600,32.144,24.6
11700,32.144,24.6
11800,32.144,24.6
11900,32.144,24.6
12000,32.144,24.6
12100,32.144,24.6
12200,32.144,24.6
12300,32.144,24.6
12400,32.144,24.6
12500,32.144,24.6
12600,32.024,24.6
12700,32.024,24.6
12800,31.944,24.6
12900,31.944,24.6
13000,31.944,24.6
13100,31.944,24.6
13200,31.944,24.6
13300,31.895999999999997,24.6
13400,31.895999999999997,24.6
13500,31.895999999999997,24.6
13600,31.895999999999997,24.6
13700,31.895999999999997,24.6
13800,31.895999999999997,24.6
13900,31.895999999999997,24.6
14000,31.320000000000004,24.4
14100,31.320000000000004,24.4
14200,31.320000000000004,24.4
14300,31.320000000000004,24.4
14400,31.320000000000004,24.4
14500,31.320000000000004,24.4
14600,31.320000000000004,24.4
14700,31.320000000000004,24.4
14800,31.320000000000004,24.4
14900,31.320000000000004,24.4
15000,31.320000000000004,24.4
15100,31.320000000000004,24.4
15200,31.320000000000004,24.4
15300,31.320000000000004,24.4
15400,31.320000000000004,24.4
15500,31.320000000000004,24.4
15600,31.320000000000004,24.4
15700,31.320000000000004,24.4
15800,31.320000000000004,24.4
15900,31.320000000000004,24.4
16000,31.320000000000004,24.4
16100,31.320000000000004,24.4
16200,31.320000000000004,24.4
16300,31.320000000000004,24.4
16400,31.320000000000004,24.4
16500,31.320000000000004,24.4
16600,31.320000000000004,24.4
16700,31.320000000000004,24.4
16800,31.320000000000004,24.4
16900,31.320000000000004,24.4
17000,31.320000000000004,24.4
17100,31.320000000000004,24.4
17200,31.320000000000004,24.4
17300,31.320000000000004,24.4
17400,31.320000000000004,24.4
17500,31.320000000000004,24.4
17600,31.288,24.4
17700,31.288,24.4
17800,31.288,24.4
17900,31.288,24.4
18000,30.672000000000004,24.4
18100,30.672000000000004,24.4
18200,30.672000000000004,24.4
18300,30.672000000000004,24.4
18400,30.672000000000004,24.4
18500,30.672000000000004,24.4
18600,30.672000000000004,24.4
18700,30.672000000000004,24.4
18800,30.672000000000004,24.4
18900,30.672000000000004,24.4
19000,30.327999999999996,24.4
19100,30.327999999999996,24.4
19200,30.327999999999996,24.4
19300,30.327999999999996,24.4
19400,30.327999999999996,24.4
19500,30.327999999999996,24.4
19600,30.327999999999996,24.4
19700,30.327999999999996,24.4
19800,30.327999999999996,24.4
19900,30.112000000000002,24.4
20000,30.112000000000002,24.4
20100,30.032,24.4
20200,30.032,24.4
20300,30.032,24.4
20400,30.032,24.4
20500,30.032,24.4
20600,30.032,24.4
20700,30.032,24.4
20800,30.032,24.4
20900,30.032,24.4
21000,30.032,24.4
21100,30.032,24.4
21200,29.983999999999998,24.4
21300,29.983999999999998,24.4
21400,29.983999999999998,24.4
21500,29.568000000000005,24.4
21600,29.568000000000005,24.4
21700,29.2,24.4
21800,29.2,24.4
21900,29.2,24.4
22000,28.951999999999998,24.4
22100,28.895999999999997,24.4
22200,28.695999999999998,24.6
22300,28.695999999999998,24.6
22400,28.695999999999998,24.6
22500,28.695999999999998,24.6
22600,28.695999999999998,24.6
22700,28.695999999999998,24.6
22800,28.695999999999998,24.6
22900,28.695999999999998,24.6
23000,28.695999999999998,24.6
23100,28.695999999999998,24.6
23200,28.695999999999998,24.6
23300,28.695999999999998,24.6
23400,28.695999999999998,24.6
23500,28.695999999999998,24.6
23600,28.695999999999998,24.6
23700,28.695999999999998,24.6
23800,28.695999999999998,24.6
23900,28.695999999999998,24.6
24000,28.695999999999998,24.6
24100,28.695999999999998,24.6
24200,28.695999999999998,24.6
24300,28.327999999999996,24.6
24400,28.327999999999996,24.6
24500,28.327999999999996,24.6
24600,28.327999999999996,24.6
24700,28.168,24.6
24800,28.168,24.6
24900,28.168,24.6
25000,28.168,24.6
25100,28.168,24.6
25200,28.168,24.6
25300,28.168,24.6
25400,28.168,24.6
25500,28.168,24.6
25600,28.168,24.6
25700,28.168,24.6
25800,28.168,24.6
25900,28.168,24.6
26000,28.168,24.6
26100,28.168,24.6
26200,28.168,24.6
26300,28.168,24.6
26400,28.168,24.6
26500,28.112000000000002,24.6
26600,28.112000000000002,24.6
26700,28.112000000000002,24.6
26800,28.112000000000002,24.6
26900,28.112000000000002,24.6
27000,28.112000000000002,24.6
27100,28.112000000000002,24.6
27200,28.112000000000002,24.6
27300,28.112000000000002,24.6
27400,28.112000000000002,24.6
27500,28.112000000000002,24.6
27600,28.112000000000002,24.6
27700,28.047999999999995,24.6
27800,28.047999999999995,24.6
27900,28.047999999999995,24.6
28000,28.047999999999995,24.6
28100,28.047999999999995,24.6
28200,28.047999999999995,24.6
28300,28.047999999999995,24.6
28400,28.047999999999995,24.6
28500,28.047999999999995,24.6
28600,28.047999999999995,24.6
28700,28.047999999999995,24.6
28800,28.047999999999995,24.6
28900,28.047999999999995,24.6
29000,28.047999999999995,24.6
29100,28.047999999999995,24.6
29200,28.047999999999995,24.6
29300,28.047999999999995,24.6
29400,28.047999999999995,24.6
29500,27.848000000000003,24.6
29600,27.848000000000003,24.6
29700,27.848000000000003,24.6
29800,27.848000000000003,24.6
29900,27.848000000000003,24.6
30000,27.848000000000003,24.6
30100,27.848000000000003,24.6
30200,27.736,24.6
30300,27.736,24.6
30400,27.736,24.6
30500,27.736,24.6
30600,27.736,24.6
30700,27.736,24.6
30800,27.736,24.6
30900,27.736,24.6
31000,27.736,24.6
31100,27.736,24.6
31200,27.591999999999995,24.6
31300,27.591999999999995,24.6
31400,27.591999999999995,24.6
31500,27.591999999999995,24.6
31600,27.591999999999995,24.6
31700,27.591999999999995,24.6
31800,27.591999999999995,24.6
31900,27.591999999999995,24.6
32000,27.591999999999995,24.6
32100,27.591999999999995,24.6
32200,27.591999999999995,24.6
32300,27.591999999999995,24.6
32400,27.591999999999995,24.6
32500,27.591999999999995,24.6
32600,27.296,24.6
32700,27.296,24.6
32800,27.296,24.6
32900,27.296,24.6
33000,27.296,24.6
33100,27.296,24.6
33200,27.296,24.6
33300,27.296,24.6
33400,27.104000000000003,24.8
33500,27.104000000000003,24.8
33600,27.104000000000003,24.8
33700,27.080000000000002,24.8
33800,27.080000000000002,24.8
33900,27.080000000000002,24.8
34000,27.080000000000002,24.8
34100,27.080000000000002,24.8
34200,27.080000000000002,24.8
34300,27.080000000000002,24.8
34400,27.080000000000002,24.8
34500,27.080000000000002,24.8
34600,27.080000000000002,24.8
34700,27.080000000000002,24.8
34800,27.080000000000002,24.8
34900,27.080000000000002,24.8
35000,27.080000000000002,24.8
35100,27.080000000000002,24.8
35200,27.048000000000002,24.8
35300,27.048000000000002,24.8
35400,27.048000000000002,24.8
35500,27.048000000000002,24.8
35600,27.048000000000002,24.8
35700,27.008,24.8
35800,27.008,24.8
35900,27.008,24.8
36000,27.008,24.8
36100,27.008,24.8
36200,27.008,24.8
36300,27.008,24.8
36400,27.008,24.8
36500,27.008,24.8
36600,27.008,24.8
36700,27.008,24.8
36800,27.008,24.8
36900,27.008,24.8
37000,27.008,24.8
37100,27.008,24.8
37200,27.008,24.8
37300,27.008,24.8
37400,27.008,24.8
37500,27.008,24.8
37600,27.008,24.8
37700,27.008,24.8
37800,27.008,24.8
37900,27.008,24.8
38000,27.008,24.8
38100,27.008,24.8
38200,27.008,24.8
38300,27.008,24.8
38400,27.008,24.8
38500,27.008,24.8
38600,27.008,24.8
38700,27.008,24.8
38800,27.008,24.8
38900,27.008,24.8
39000,27.008,24.8
39100,27.008,24.8
39200,27.008,24.8
39300,27.008,24.8
39400,27.008,24.8
39500,27.008,24.8
39600,27.008,24.8
39700,27.008,24.8
39800,27.008,24.8
39900,27.008,24.8
40000,27.008,24.8
40100,27.008,24.8
40200,27.008,24.8
40300,27.008,24.8
40400,27.008,24.8
40500,27.008,24.8
40600,27.008,24.8
40700,27.008,24.8
40800,27.008,24.8
40900,27.008,24.8
41000,26.8,24.8
41100,26.464,24.8
41200,26.464,24.8
41300,25.872000000000003,24.8
41400,25.728,24.8
41500,25.728,24.8
41600,25.728,24.8
41700,25.728,24.8
41800,25.728,24.8
41900,25.728,24.8
42000,25.728,24.8
42100,25.728,24.8
42200,25.728,24.8
42300,25.728,24.8
42400,25.728,24.8
42500,25.728,24.8
42600,25.728,24.8
42700,25.728,24.8
42800,25.728,24.8
42900,25.728,24.8
43000,25.728,24.8
43100,25.728,24.8
43200,25.728,24.8
43300,25.728,24.8
43400,25.728,24.8
43500,25.728,24.8
43600,25.728,24.8
43700,25.728,24.8
43800,25.728,24.8
43900,25.728,24.8
44000,25.728,24.8
44100,25.728,24.8
44200,25.728,24.8
44300,25.728,24.8
44400,25.728,24.8
44500,25.528,24.8
44600,25.528,24.8
44700,25.528,24.8
44800,25.528,24.8
44900,25.528,24.8
45000,25.528,24.8
45100,25.528,24.8
45200,25.528,24.8
45300,25.528,24.8
45400,25.528,24.8
45500,25.528,24.8
45600,25.528,24.8
45700,25.528,24.8
45800,25.2,24.8
45900,25.2,24.8
46000,25.2,24.8
46100,25.2,24.8
46200,25.2,24.8
46300,25.2,24.8
46400,25.2,24.8
46500,25.2,24.8
46600,25.2,24.8
46700,25.2,24.8
46800,25.2,24.8
46900,25.2,24.8
47000,25.2,24.8
47100,25.2,24.8
47200,25.2,24.8
47300,25.2,24.8
47400,25.2,24.8
47500,25.2,24.8
47600,25.2,24.8
47700,25.2,24.8
47800,25.2,24.8
47900,25.2,24.8
48000,25.2,24.8
48100,25.2,24.8
48200,25.2,24.8
48300,25.2,24.8
48400,25.2,24.8
48500,25.2,24.8
48600,24.8,24.6
48700,24.8,24.6
48800,24.8,24.6
48900,24.8,24.6
49000,24.8,24.6
49100,24.8,24.6
49200,24.8,24.6
49300,24.8,24.6
49400,24.8,24.6
49500,24.8,24.6
49600,24.8,24.6
49700,24.8,24.6
49800,24.8,24.6
49900,24.8,24.6
50000,24.8,24.6
50100,24.8,24.6
50200,24.8,24.6
50300,24.8,24.6
50400,24.8,24.6
50500,24.8,24.6
50600,24.8,24.6
50700,24.8,24.6
50800,24.8,24.6
50900,24.8,24.6
51000,24.8,24.6
51100,24.8,24.6
51200,24.8,24.6
51300,24.8,24.6
51400,24.8,24.6
51500,24.8,24.6
51600,24.8,24.6
51700,24.8,24.6
51800,24.8,24.6
51900,24.8,24.6
52000,24.8,24.6
52100,24.8,24.6
52200,24.8,24.6
52300,24.8,24.6
52400,24.8,24.6
52500,24.8,24.6
52600,24.8,24.6
52700,24.8,24.6
52800,24.8,24.6
52900,24.8,24.6
53000,24.8,24.6
53100,24.8,24.6
53200,24.192,24.6
53300,24.192,24.6
53400,24.192,24.6
53500,24.192,24.6
53600,24.192,24.6
53700,24.192,24.6
53800,24.192,24.6
53900,24.192,24.6
54000,24.192,24.6
54100,24.192,24.6
54200,24.168,24.6
54300,24.168,24.6
54400,24.168,24.6
54500,24.168,24.6
54600,24.168,24.6
54700,24.168,24.6
54800,24.168,24.6
54900,24.168,24.6
55000,24.168,24.6
55100,24.168,24.6
55200,24.168,24.6
55300,24.168,24.6
55400,24.168,24.6
55500,24.168,24.6
55600,24.168,24.6
55700,24.168,24.6
55800,24.168,24.6
55900,24.168,24.6
56000,24.168,24.6
56100,24.168,24.6
56200,24.168,24.6
56300,24.168,24.6
56400,24.168,24.6
56500,24.168,24.6
56600,24.168,24.6
56700,24.168,24.6
56800,24.168,24.6
56900,24.168,24.6
57000,24.168,24.6
57100,24.168,24.6
57200,24.168,24.6
57300,24.168,24.6
57400,24.168,24.6
57500,24.168,24.6
57600,24.168,24.6
57700,24.168,24.6
57800,24.168,24.6
57900,24.168,24.6
58000,24.168,24.6
58100,24.168,24.6
58200,24.168,24.6
58300,24.168,24.6
58400,24.168,24.6
58500,24.168,24.6
58600,24.168,24.6
58700,24.168,24.6
58800,24.168,24.6
58900,24.168,24.6
59000,24.168,24.6
59100,24.168,24.6
59200,24.104,24.6
59300,24.104,24.6
59400,24.104,24.6
59500,24.104,24.6
59600,24.104,24.6
59700,24.104,24.6
59800,24.104,24.6
59900,24.104,24.6
60000,24.104,24.6
60100,24.104,24.6
60200,24.104,24.6
60300,24.104,24.6
60400,24.104,24.6
60500,24.104,24.6
60600,24.104,24.6
60700,24.104,24.6
60800,24.104,24.6
60900,24.104,24.6
61000,24.104,24.6
61100,24.104,24.6
61200,24.104,24.6
61300,24.104,24.6
61400,24.104,24.6
61500,24.104,24.6
61600,24.104,24.6
61700,24.104,24.6
61800,24.104,24.6
61900,24.104,24.6
62000,24.104,24.6
62100,24.104,24.6
62200,24.104,24.6
62300,24.104,24.6
62400,24.104,24.6
62500,24.104,24.6
62600,24.104,24.6
62700,24.104,24.6
62800,24.104,24.6
62900,24.104,24.6
63000,24.104,24.6
63100,24.104,24.6
63200,24.104,24.6
63300,24.104,24.6
63400,24.104,24.6
63500,24.104,24.6
63600,24.104,24.6
63700,24.104,24.6
63800,23.943999999999996,24.6
63900,23.943999999999996,24.6
64000,23.943999999999996,24.6
64100,23.943999999999996,24.6
64200,23.943999999999996,24.6
64300,23.943999999999996,24.6
64400,23.943999999999996,24.6
64500,23.943999999999996,24.6
64600,23.943999999999996,24.6
64700,23.943999999999996,24.6
64800,23.943999999999996,24.6
64900,23.943999999999996,24.6
65000,23.943999999999996,24.6
65100,23.943999999999996,24.6
65200,23.943999999999996,24.6
65300,23.943999999999996,24.6
65400,23.943999999999996,24.6
65500,23.943999999999996,24.6
65600,23.943999999999996,24.6
65700,23.943999999999996,24.6
65800,23.943999999999996,24.6
65900,23.943999999999996,24.6
66000,23.943999999999996,24.6
66100,23.943999999999996,24.6
66200,23.943999999999996,24.6
66300,23.943999999999996,24.6
66400,23.943999999999996,24.6
66500,23.943999999999996,24.6
66600,23.943999999999996,24.6
66700,23.943999999999996,24.6
66800,23.943999999999996,24.6
66900,23.943999999999996,24.6
67000,23.943999999999996,24.6
67100,23.943999999999996,24.6
67200,23.943999999999996,24.6
67300,23.943999999999996,24.6
67400,23.943999999999996,24.6
67500,23.943999999999996,24.6
67600,23.943999999999996,24.6
67700,23.943999999999996,24.6
67800,23.943999999999996,24.6
67900,23.943999999999996,24.6
68000,23.943999999999996,24.6
68100,23.943999999999996,24.6
68200,23.943999999999996,24.6
68300,23.943999999999996,24.6
68400,23.943999999999996,24.6
68500,23.943999999999996,24.6
68600,23.943999999999996,24.6
68700,23.943999999999996,24.6
68800,23.943999999999996,24.6
68900,23.943999999999996,24.6
69000,23.943999999999996,24.6
69100,23.943999999999996,24.6
69200,23.943999999999996,24.6
69300,23.943999999999996,24.6
69400,23.943999999999996,24.6
69500,23.943999999999996,24.6
69600,23.943999999999996,24.6
69700,23.943999999999996,24.6
69800,23.943999999999996,24.6
69900,23.943999999999996,24.6
70000,23.943999999999996,24.6
70100,23.943999999999996,24.6
70200,23.943999999999996,24.6
70300,23.943999999999996,24.6
70400,23.943999999999996,24.6
70500,23.943999999999996,24.6
70600,23.943999999999996,24.6
70700,23.943999999999996,24.6
70800,23.943999999999996,24.6
70900,23.943999999999996,24.6
71000,23.943999999999996,24.6
71100,23.943999999999996,24.6
71200,23.943999999999996,24.6
71300,23.943999999999996,24.6
71400,23.943999999999996,24.6
71500,23.943999999999996,24.6
71600,23.943999999999996,24.6
71700,23.943999999999996,24.6
71800,23.943999999999996,24.6
71900,23.943999999999996,24.6
72000,23.943999999999996,24.6
72100,23.943999999999996,24.6
72200,23.943999999999996,24.6
72300,23.943999999999996,24.6
72400,23.943999999999996,24.6
72500,23.943999999999996,24.6
72600,23.943999999999996,24.6
72700,23.943999999999996,24.6
72800,23.943999999999996,24.6
72900,23.943999999999996,24.6
73000,23.943999999999996,24.6
73100,23.943999999999996,24.6
73200,23.943999999999996,24.6
73300,23.943999999999996,24.6
73400,23.943999999999996,24.6
73500,23.943999999999996,24.6
73600,23.943999999999996,24.6
73700,23.943999999999996,24.6
73800,23.943999999999996,24.6
73900,23.943999999999996,24.6
74000,23.943999999999996,24.6
74100,23.943999999999996,24.6
74200,23.943999999999996,24.6
74300,23.943999999999996,24.6
74400,23.832,24.6
74500,23.832,24.6
74600,23.832,24.6
74700,23.832,24.6
74800,23.832,24.6
74900,23.832,24.6
75000,23.832,24.6
75100,23.832,24.6
75200,23.832,24.6
75300,23.832,24.6
75400,23.832,24.6
75500,23.832,24.6
75600,23.832,24.6
75700,23.832,24.6
75800,23.832,24.6
75900,23.832,24.6
76000,23.832,24.6
76100,23.832,24.6
76200,23.832,24.6
76300,23.832,24.6
76400,23.832,24.6
76500,23.832,24.6
76600,23.832,24.6
76700,23.832,24.6
76800,23.832,24.6
76900,23.832,24.6
77000,23.832,24.6
77100,23.832,24.6
77200,23.832,24.6
77300,23.832,24.6
77400,23.832,24.6
77500,23.832,24.6
77600,23.832,24.6
77700,23.832,24.6
77800,23.832,24.6
77900,23.832,24.6
78000,23.832,24.6
78100,23.832,24.6
78200,23.832,24.6
78300,23.832,24.6
78400,23.832,24.6
78500,23.832,24.6
78600,23.832,24.6
78700,23.832,24.6
78800,23.832,24.6
78900,23.832,24.6
79000,23.832,24.6
79100,23.832,24.6
79200,23.832,24.6
79300,23.832,24.6
79400,23.832,24.6
79500,23.832,24.6
79600,23.832,24.6
79700,23.832,24.6
79800,23.832,24.6
79900,23.832,24.6
80000,23.832,24.6
80100,23.832,24.6
80200,23.832,24.6
80300,23.832,24.6
80400,23.832,24.6
80500,23.832,24.6
80600,23.832,24.6
80700,23.832,24.6
80800,23.832,24.6
80900,23.832,24.6
81000,23.832,24.6
81100,23.832,24.6
81200,23.832,24.6
81300,23.832,24.6
81400,23.832,24.6
81500,23.832,24.6
81600,23.832,24.6
81700,23.832,24.6
81800,23.832,24.6
81900,23.832,24.6
82000,23.832,24.6
82100,23.832,24.6
82200,23.832,24.6
82300,23.832,24.6
82400,23.832,24.6
82500,23.832,24.6
82600,23.832,24.6
82700,23.832,24.6
82800,23.832,24.6
82900,23.832,24.6
83000,23.832,24.6
83100,23.832,24.6
83200,23.832,24.6
83300,22.6,24.6
83400,22.6,24.6
83500,22.6,24.6
83600,22.6,24.6
83700,22.6,24.6
83800,22.6,24.6
83900,22.6,24.6
84000,22.6,24.6
84100,22.6,24.6
84200,22.6,24.6
84300,22.6,24.6
84400,22.6,24.6
84500,22.6,24.6
84600,22.6,24.6
84700,22.6,24.6
84800,22.6,24.6
84900,22.6,24.6
85000,22.6,24.6
85100,22.6,24.6
85200,22.6,24.6
85300,22.6,24.6
85400,22.6,24.6
85500,22.6,24.6
85600,22.6,24.6
85700,22.6,24.6
85800,22.6,24.6
85900,22.6,24.6
86000,22.6,24.6
86100,22.6,24.6
86200,22.6,24.6
86300,22.6,24.6
86400,22.6,24.6
86500,22.6,24.6
86600,22.6,24.6
86700,22.6,24.6
86800,22.6,24.6
86900,22.6,24.6
87000,22.6,24.6
87100,22.6,24.6
87200,22.6,24.6
87300,22.6,24.6
87400,22.6,24.6
87500,22.6,24.6
87600,22.6,24.6
87700,22.6,24.6
87800,22.6,24.6
87900,22.6,24.6
88000,22.6,24.6
88100,22.568,24.6
88200,22.568,24.6
88300,22.568,24.6
88400,22.568,24.6
88500,22.568,24.6
88600,22.568,24.6
88700,22.568,24.6
88800,22.568,24.6
88900,22.568,24.6
89000,22.568,24.6
89100,22.568,24.6
89200,22.568,24.6
89300,22.568,24.6
89400,22.568,24.6
89500,22.568,24.6
89600,22.568,24.6
89700,22.568,24.6
89800,22.568,24.6
89900,22.568,24.6
90000,22.568,24.6
90100,22.568,24.6
90200,22.568,24.6
90300,22.568,24.6
90400,22.568,24.6
90500,22.568,24.6
90600,22.568,24.6
90700,22.568,24.6
90800,22.568,24.6
90900,22.568,24.6
91000,22.568,24.6
91100,22.568,24.6
91200,22.568,24.6
91300,22.568,24.6
91400,22.568,24.6
91500,22.568,24.6
91600,22.568,24.6
91700,22.568,24.6
91800,22.568,24.6
91900,22.568,24.6
92000,22.568,24.6
92100,22.568,24.6
92200,22.568,24.6
92300,22.568,24.6
92400,22.568,24.6
92500,22.568,24.6
92600,22.568,24.6
92700,22.568,24.6
92800,22.568,24.6
92900,22.568,24.6
93000,22.568,24.6
93100,22.568,24.6
93200,22.568,24.6
93300,22.568,24.6
93400,22.568,24.6
93500,22.568,24.6
93600,22.568,24.6
93700,22.568,24.6
93800,22.568,24.6
93900,22.568,24.6
94000,22.568,24.6
94100,22.568,24.6
94200,22.568,24.6
94300,22.568,24.6
94400,22.568,24.6
94500,22.568,24.6
94600,22.568,24.6
94700,22.568,24.6
94800,22.568,24.6
94900,22.568,24.6
95000,22.568,24.6
95100,22.568,24.6
95200,22.568,24.6
95300,22.568,24.6
95400,22.568,24.6
95500,22.568,24.6
95600,22.568,24.6
95700,22.568,24.6
95800,22.568,24.6
95900,22.568,24.6
96000,22.568,24.6
96100,22.568,24.6
96200,22.568,24.6
96300,22.568,24.6
96400,22.568,24.6
96500,22.568,24.6
96600,22.568,24.6
96700,22.568,24.6
96800,22.568,24.6
96900,22.568,24.6
97000,22.568,24.6
97100,22.568,24.6
97200,22.568,24.6
97300,22.568,24.6
97400,22.568,24.6
97500,22.568,24.6
97600,22.568,24.6
97700,22.568,24.6
97800,22.568,24.6
97900,22.568,24.6
98000,22.568,24.6
98100,22.568,24.6
98200,22.568,24.6
98300,22.568,24.6
98400,22.568,24.6
98500,22.568,24.6
98600,22.568,24.6
98700,22.568,24.6
98800,22.568,24.6
98900,22.568,24.6
99000,22.568,24.6
99100,22.568,24.6
99200,22.568,24.6
99300,22.568,24.6
99400,22.568,24.6
99500,22.568,24.6
99600,22.568,24.6
99700,22.568,24.6
99800,22.568,24.6
99900,22.568,24.6
99999,22.568,24.6

START ALGORITHM
h3: (a22 + a42 + a15 + a21 + a12 - a22 - a45 - a43 - a11) * (b43)
h12: (a54 + a25 + a31 + a44 + a31 + a55 + a55 - a12 - a55 - a21 - a34 - a21 - a12 - a32 - a44 - a23) * (b25 - b42 - b14 - b23)
h14: (a53 + a35 + a25 + a44 + a23 - a15 - a12 - a12 - a33 - a51) * (b51 + b24 + b13 + b44 - b55 - b42 - b22)
h16: (a54 - a35 - a44 - a55 - a52) * (-b52)
h22: (a33 - a52 - a55 - a51 - a32 - a44 - a52) * (b15)
h36: (a52 + a31 + a11 - a45 - a34 - a22) * (b24 + b34 + b41)
h42: (a52 + a22 + a54 + a52 + a53 - a34) * (-b42)
h57: (a54 + a44 + a11 - a23 - a31 - a11) * (b34 + b44 - b21 - b55)
h60: (-a11) * (b15 - b14)
h62: (a14 + a14 + a51 + a13 + a43 + a41 + a21 - a13 - a15 - a33) * (b35 + b24 + b43 - b42)
h64: (a51 - a21 - a31 - a15) * (b12 + b31 - b24)
h65: (a44 - a13) * (b44 + b55 + b12)
h67: (a23 + a55 + a33 + a23 + a55 + a54) * (-b24 - b33)
h78: (a41 + a41 + a12 + a51 + a12 + a44 - a32) * (-b45)
h83: (a12 + a53 + a33 + a45 + a23 + a43 + a25 - a15 - a53 - a21 - a24 - a35 - a54 - a13 - a54) * (b53 + b54 + b14 + b35 + b22 - b11 - b51 - b41 - b52 - b42 - b33)
h85: (a42 + a54 - a51 - a21) * (b31 - b21 - b15 - b54 - b52 - b31)
h95: (-a51) * (-b45)
h98: (a22 - a11 - a44 - a23) * (b44 + b24)
h111: (a32 + a53 - a14) * (-b34)
h116: (a51 + a31 + a45 + a31 + a55 - a43 - a55 - a31 - a14 - a31 - a33 - a33 - a35) * (b11 + b13 + b44 - b14)
h120: (-a41 - a34) * (b31 + b14 + b14)
h122: (a52 - a43 - a51) * (b55 + b34)
h123: (a21 - a21 - a45 - a42 - a42 - a35) * (b24 + b43 + b21 + b23 - b25)
h170: (a34 + a31 + a42 + a23 + a23 - a35 - a55) * (b32 + b55 + b31 + b11 + b21 - b55)
h213: (a25 - a55) * (b55 + b42 - b21 - b13 - b14)
h239: (a23 + a24 + a32 - a44 - a32) * (b23 + b44 + b35 - b43)
h485: (a22 - a35) * (b23 - b34 - b24 - b44)
h524: (a33 + a13 + a11 + a12 + a45 - a32 - a32 - a15 - a51) * (b54 - b33)
h1099: (a12 + a35 + a12 - a22 - a53) * (b23 + b44 + b14 + b13 + b33 + b41 - b44 - b12 - b54)
h1271: (a34 + a14 + a12 - a23 - a54 - a54) * (b45 - b35 - b21)
h1579: (a33 + a12 + a31 + a13 - a44 - a24 - a34 - a53 - a55) * (b35)
h1627: (a24 - a34 - a34 - a34 - a34) * (b12)
h1840: (a21 + a34 + a13 - a24 - a15) * (-b42 - b43)
h2050: (a34 - a54 - a21 - a32 - a52) * (b51 + b15 + b44 - b12 - b54)
h3732: (a14 - a45 - a53 - a52 - a41 - a43) * (b33 - b13)
h7192: (-a32 - a24) * (-b54 - b21 - b52 - b31 - b53 - b25 - b42)
h9018: (a53 + a25 - a55 - a15) * (b43 - b21)
h9212: (a21) * (b34 + b42 - b32 - b12 - b12)
h17811: (a21 + a15 + a14 + a13 - a13 - a14) * (b44 + b22 + b54 - b35 - b15 - b51 - b42 - b24)
h20679: (-a14) * (b31 + b15 + b33 + b31 - b22 - b34 - b21 - b52)
h20716: (-a54) * (b43 + b32 + b33 + b45 - b15 - b53 - b14 - b53 - b23 - b11)
h22487: (a32 - a21) * (b41 - b44)
h24585: (a22 - a33) * (b53 - b41 - b15)
h32143: (a12 + a42) * (b32 + b54 + b33 + b41 + b14 - b31 - b45 - b21 - b54 - b41)
h37666: (a22 - a35 - a41 - a21 - a11) * (b32)
h42099: (a23 + a22 + a22 + a12 - a25) * (b14 - b32 - b33 - b55 - b11 - b11)
c11: h83 + h60 - h16 - h83 
c12: h16 + h485 
c13: h239 - h57 
c14: h20679 - h98 - h1099 
c15: h95 + h36 + h3732 - h17811 
c21: h12 + h64 + h3 + h22 - h14 - h213 
c22: h9212 + h2050 - h111 - h42099 
c23: h98 + h24585 
c24: h120 + h122 + h98 + h7192 + h64 - h116 
c25: h3 + h524 + h37666 - h22 
c31: h62 - h3732 
c32: h170 + h95 + h3732 + h22487 
c33: h9018 + h116 
c34: h42 + h60 + h98 + h65 + h85 - h62 - h123 
c35: h116 + h9018 - h116 - h78 
c41: h85 + h95 
c42: h170 - h67 
c43: h60 + h32143 - h16 - h1579 
c44: h36 
c45: h1840 + h2050 - h67 - h1627 
c51: h1271 + h1579 
c52: h78 + h36 
c53: h57 + h116 + h3 
c54: h20716 - h14 
c55: h36 + h485 
