0,151.336,25
100,102.992,25
200,88.08,25
300,78.416,25
400,72.73599999999999,25
500,68.28,25
600,65.84,25
700,65.056,25
800,63.024,25
900,62.391999999999996,25
1000,61.992,25
1100,59.864,25
1200,57.70399999999999,24.8
1300,55.864,25
1400,55.112,25
1500,53.83200000000001,25
1600,53.83200000000001,25
1700,51.952,25
1800,51.6,25
1900,51.06400000000001,25
2000,50.455999999999996,25
2100,50.032000000000004,24.8
2200,50.032000000000004,24.8
2300,49.687999999999995,24.8
2400,49.6,24.8
2500,49.6,24.8
2600,49.6,24.8
2700,49.6,24.8
2800,49.048,24.8
2900,49.048,24.8
3000,49.048,24.8
3100,49.048,24.8
3200,49.048,24.8
3300,49.048,24.8
3400,48.944,24.8
3500,48.944,24.8
3600,47.60000000000001,24.8
3700,46.808,24.8
3800,46.120000000000005,24.8
3900,46.120000000000005,24.8
4000,46.120000000000005,24.8
4100,45.992000000000004,24.8
4200,45.256,24.8
4300,45.256,24.8
4400,45.071999999999996,24.8
4500,44.272,24.8
4600,44.272,24.8
4700,43.791999999999994,24.8
4800,42.688,24.8
4900,42.688,24.8
5000,42.496,24.8
5100,41.848,24.8
5200,41.232,24.8
5300,41.232,24.8
5400,41.232,24.8
5500,40.576,24.8
5600,40.576,24.8
5700,40.576,24.8
5800,39.872,24.8
5900,39.872,24.8
6000,39.872,24.8
6100,39.872,24.8
6200,39.872,24.8
6300,39.872,24.8
6400,39.872,24.8
6500,39.872,24.8
6600,39.872,24.8
6700,39.872,24.8
6800,39.775999999999996,24.8
6900,39.775999999999996,24.8
7000,39.775999999999996,24.8
7100,39.775999999999996,24.8
7200,39.775999999999996,24.8
7300,39.775999999999996,24.8
7400,39.775999999999996,24.8
7500,39.775999999999996,24.8
7600,39.775999999999996,24.8
7700,39.775999999999996,24.8
7800,39.775999999999996,24.8
7900,39.775999999999996,24.8
8000,39.775999999999996,24.8
8100,39.775999999999996,24.8
8200,39.775999999999996,24.8
8300,39.775999999999996,24.8
8400,38.864,24.8
8500,38.864,24.8
8600,38.864,24.8
8700,38.864,24.8
8800,38.864,24.8
8900,38.864,24.8
9000,38.864,24.8
9100,38.864,24.8
9200,38.864,24.8
9300,38.736000000000004,24.8
9400,38.464000000000006,24.8
9500,38.464000000000006,24.8
9600,38.464000000000006,24.8
9700,38.456,24.8
9800,38.456,24.8
9900,38.456,24.8
10000,37.84,24.6
10100,37.784,24.6
10200,37.784,24.6
10300,37.784,24.6
10400,37.784,24.6
10500,37.784,24.6
10600,37.784,24.6
10700,37.784,24.6
10800,37.784,24.6
10900,37.784,24.6
11000,37.784,24.6
11100,37.784,24.6
11200,37.784,24.6
11300,37.784,24.6
11400,37.784,24.6
11500,37.784,24.6
11600,37.304,24.6
11700,37.208000000000006,24.6
11800,37.208000000000006,24.6
11900,37.208000000000006,24.6
12000,37.208000000000006,24.6
12100,36.64,24.6
12200,36.64,24.6
12300,36.64,24.6
12400,36.64,24.6
12500,36.64,24.6
12600,36.64,24.6
12700,36.64,24.6
12800,36.64,24.6
12900,36.64,24.6
13000,36.64,24.6
13100,36.64,24.6
13200,36.64,24.6
13300,36.424,24.6
13400,36.424,24.6
13500,36.424,24.6
13600,36.25600000000001,24.6
13700,36.25600000000001,24.6
13800,36.25600000000001,24.6
13900,36.25600000000001,24.6
14000,36.25600000000001,24.6
14100,36.25600000000001,24.6
14200,36.25600000000001,24.6
14300,36,24.8
14400,36,24.8
14500,36,24.8
14600,36,24.8
14700,36,24.8
14800,36,24.8
14900,36,24.8
15000,35.967999999999996,24.8
15100,35.967999999999996,24.8
15200,35.967999999999996,24.8
15300,35.967999999999996,24.8
15400,35.832,24.6
15500,35.272000000000006,24.6
15600,35.272000000000006,24.6
15700,35.272000000000006,24.6
15800,34.848,24.6
15900,34.848,24.6
16000,34.848,24.6
16100,34.848,24.6
16200,34.848,24.6
16300,34.848,24.6
16400,34.848,24.6
16500,34.848,24.6
16600,34.848,24.6
16700,34.848,24.6
16800,34.848,24.6
16900,34.848,24.6
17000,34.848,24.6
17100,34.848,24.6
17200,34.848,24.6
17300,34.848,24.6
17400,34.848,24.6
17500,34.848,24.6
17600,34.744,24.6
17700,34.744,24.6
17800,34.744,24.6
17900,34.744,24.6
18000,34.744,24.6
18100,34.744,24.6
18200,34.744,24.6
18300,34.744,24.6
18400,34.744,24.6
18500,34.744,24.6
18600,34.744,24.6
18700,34.744,24.6
18800,34.744,24.6
18900,34.744,24.6
19000,34.744,24.6
19100,34.744,24.6
19200,34.744,24.6
19300,34.744,24.6
19400,34.744,24.6
19500,34.744,24.6
19600,34.744,24.6
19700,34.744,24.6
19800,34.744,24.6
19900,34.744,24.6
20000,34.744,24.6
20100,34.744,24.6
20200,34.744,24.6
20300,34.744,24.6
20400,34.744,24.6
20500,34.744,24.6
20600,34.744,24.6
20700,34.744,24.6
20800,34.744,24.6
20900,34.744,24.6
21000,34.744,24.6
21100,34.744,24.6
21200,34.744,24.6
21300,34.744,24.6
21400,34.744,24.6
21500,34.744,24.6
21600,34.744,24.6
21700,34.744,24.6
21800,34.744,24.6
21900,34.744,24.6
22000,34.744,24.6
22100,34.744,24.6
22200,34.744,24.6
22300,34.744,24.6
22400,34.744,24.6
22500,34.744,24.6
22600,34.696,24.6
22700,34.696,24.6
22800,34.696,24.6
22900,34.696,24.6
23000,34.696,24.6
23100,34.696,24.6
23200,34.696,24.6
23300,34.696,24.6
23400,34.696,24.6
23500,34.696,24.6
23600,34.696,24.6
23700,34.696,24.6
23800,34.696,24.6
23900,34.696,24.6
24000,34.696,24.6
24100,34.696,24.6
24200,34.696,24.6
24300,34.696,24.6
24400,34.696,24.6
24500,34.696,24.6
24600,34.696,24.6
24700,34.696,24.6
24800,34.696,24.6
24900,34.696,24.6
25000,34.696,24.6
25100,34.696,24.6
25200,34.647999999999996,24.6
25300,34.647999999999996,24.6
25400,34.608,24.6
25500,34.608,24.6
25600,34.608,24.6
25700,34.608,24.6
25800,34.608,24.6
25900,34.064,24.6
26000,34.064,24.6
26100,34.064,24.6
26200,34.064,24.6
26300,34.064,24.6
26400,34.064,24.6
26500,34.064,24.6
26600,33.535999999999994,24.6
26700,33.535999999999994,24.6
26800,32.96,24.6
26900,32.96,24.6
27000,32.96,24.6
27100,32.96,24.6
27200,32.96,24.6
27300,32.936,24.6
27400,32.936,24.6
27500,32.936,24.6
27600,32.936,24.6
27700,32.936,24.6
27800,32.936,24.6
27900,32.815999999999995,24.6
28000,31.648000000000003,24.6
28100,31.648000000000003,24.6
28200,31.648000000000003,24.6
28300,31.52,24.6
28400,31.52,24.6
28500,31.52,24.6
28600,31.52,24.6
28700,31.52,24.6
28800,31.52,24.6
28900,31.52,24.6
29000,31.52,24.6
29100,31.52,24.6
29200,31.52,24.6
29300,31.52,24.6
29400,31.52,24.6
29500,31.52,24.6
29600,31.52,24.6
29700,31.52,24.6
29800,31.4,24.6
29900,31.4,24.6
30000,31.392000000000003,24.6
30100,31.328000000000003,24.6
30200,31.328000000000003,24.6
30300,31.328000000000003,24.6
30400,31.328000000000003,24.6
30500,31.328000000000003,24.6
30600,31.328000000000003,24.6
30700,31.328000000000003,24.6
30800,31.328000000000003,24.6
30900,31.328000000000003,24.6
31000,31.328000000000003,24.6
31100,31.328000000000003,24.6
31200,31.328000000000003,24.6
31300,31.328000000000003,24.6
31400,31.328000000000003,24.6
31500,31.328000000000003,24.6
31600,31.328000000000003,24.6
31700,31.328000000000003,24.6
31800,31.328000000000003,24.6
31900,31.328000000000003,24.6
32000,31.328000000000003,24.6
32100,31.328000000000003,24.6
32200,31.328000000000003,24.6
32300,31.328000000000003,24.6
32400,31.328000000000003,24.6
32500,31.328000000000003,24.6
32600,31.328000000000003,24.6
32700,31.328000000000003,24.6
32800,31.328000000000003,24.6
32900,31.328000000000003,24.6
33000,31.328000000000003,24.6
33100,31.328000000000003,24.6
33200,31.328000000000003,24.6
33300,31.328000000000003,24.6
33400,31.328000000000003,24.6
33500,31.328000000000003,24.6
33600,31.328000000000003,24.6
33700,31.328000000000003,24.6
33800,31.328000000000003,24.6
33900,31.328000000000003,24.6
34000,31.328000000000003,24.6
34100,31.328000000000003,24.6
34200,31.328000000000003,24.6
34300,31.328000000000003,24.6
34400,31.328000000000003,24.6
34500,31.328000000000003,24.6
34600,31.328000000000003,24.6
34700,31.328000000000003,24.6
34800,31.328000000000003,24.6
34900,31.328000000000003,24.6
35000,31.328000000000003,24.6
35100,31.328000000000003,24.6
35200,31.328000000000003,24.6
35300,31.328000000000003,24.6
35400,31.328000000000003,24.6
35500,31.328000000000003,24.6
35600,31.328000000000003,24.6
35700,30.695999999999998,24.6
35800,30.695999999999998,24.6
35900,30.695999999999998,24.6
36000,30.695999999999998,24.6
36100,30.695999999999998,24.6
36200,30.695999999999998,24.6
36300,30.695999999999998,24.6
36400,30.695999999999998,24.6
36500,30.695999999999998,24.6
36600,30.695999999999998,24.6
36700,30.695999999999998,24.6
36800,30.695999999999998,24.6
36900,30.695999999999998,24.6
37000,30.695999999999998,24.6
37100,30.695999999999998,24.6
37200,30.695999999999998,24.6
37300,30.695999999999998,24.6
37400,30.695999999999998,24.6
37500,30.695999999999998,24.6
37600,30.695999999999998,24.6
37700,30.695999999999998,24.6
37800,30.695999999999998,24.6
37900,30.695999999999998,24.6
38000,30.695999999999998,24.6
38100,30.695999999999998,24.6
38200,30.695999999999998,24.6
38300,30.695999999999998,24.6
38400,30.695999999999998,24.6
38500,30.695999999999998,24.6
38600,30.695999999999998,24.6
38700,30.695999999999998,24.6
38800,30.695999999999998,24.6
38900,30.695999999999998,24.6
39000,30.695999999999998,24.6
39100,30.695999999999998,24.6
39200,30.695999999999998,24.6
39300,30.695999999999998,24.6
39400,30.695999999999998,24.6
39500,30.695999999999998,24.6
39600,30.695999999999998,24.6
39700,30.695999999999998,24.6
39800,30.695999999999998,24.6
39900,30.695999999999998,24.6
40000,30.695999999999998,24.6
40100,30.695999999999998,24.6
40200,30.695999999999998,24.6
40300,30.695999999999998,24.6
40400,30.695999999999998,24.6
40500,30.695999999999998,24.6
40600,30.695999999999998,24.6
40700,30.695999999999998,24.6
40800,30.695999999999998,24.6
40900,30.695999999999998,24.6
41000,30.695999999999998,24.6
41100,30.695999999999998,24.6
41200,30.695999999999998,24.6
41300,30.695999999999998,24.6
41400,30.695999999999998,24.6
41500,30.695999999999998,24.6
41600,30.695999999999998,24.6
41700,30.344,24.6
41800,30.344,24.6
41900,30.344,24.6
42000,30.344,24.6
42100,30.344,24.6
42200,30.344,24.6
42300,30.344,24.6
42400,30.344,24.6
42500,30.344,24.6
42600,30.344,24.6
42700,30.344,24.6
42800,30.344,24.6
42900,30.344,24.6
43000,30.344,24.6
43100,30.344,24.6
43200,30.344,24.6
43300,30.344,24.6
43400,30.344,24.6
43500,30.344,24.6
43600,30.344,24.6
43700,30.344,24.6
43800,30.344,24.6
43900,30.344,24.6
44000,30.344,24.6
44100,30.344,24.6
44200,30.344,24.6
44300,30.344,24.6
44400,30.344,24.6
44500,30.344,24.6
44600,30.344,24.6
44700,30.344,24.6
44800,30.344,24.6
44900,30.344,24.6
45000,30.344,24.6
45100,30.344,24.6
45200,30.344,24.6
45300,30.344,24.6
45400,30.344,24.6
45500,30.048000000000002,24.4
45600,30.048000000000002,24.4
45700,30.048000000000002,24.4
45800,30.048000000000002,24.4
45900,30.048000000000002,24.4
46000,30.048000000000002,24.4
46100,29.488,24.4
46200,29.488,24.4
46300,29.488,24.4
46400,29.488,24.4
46500,29.488,24.4
46600,29.488,24.4
46700,29.488,24.4
46800,29.488,24.4
46900,29.488,24.4
47000,29.488,24.4
47100,29.488,24.4
47200,29.488,24.4
47300,29.488,24.4
47400,29.488,24.4
47500,29.488,24.4
47600,29.488,24.4
47700,29.488,24.4
47800,29.488,24.4
47900,29.488,24.4
48000,29.488,24.4
48100,29.488,24.4
48200,29.488,24.4
48300,29.488,24.4
48400,29.488,24.4
48500,29.488,24.4
48600,29.488,24.4
48700,29.488,24.4
48800,29.488,24.4
48900,29.488,24.4
49000,29.488,24.4
49100,29.488,24.4
49200,29.488,24.4
49300,29.488,24.4
49400,29.488,24.4
49500,29.488,24.4
49600,29.488,24.4
49700,29.488,24.4
49800,29.488,24.4
49900,29.488,24.4
50000,29.488,24.4
50100,29.488,24.4
50200,29.488,24.4
50300,29.488,24.4
50400,29.488,24.4
50500,29.488,24.4
50600,29.488,24.4
50700,29.488,24.4
50800,29.488,24.4
50900,29.488,24.4
51000,29.488,24.4
51100,29.488,24.4
51200,28.863999999999997,24.4
51300,28.863999999999997,24.4
51400,28.863999999999997,24.4
51500,28.863999999999997,24.4
51600,28.863999999999997,24.4
51700,28.863999999999997,24.4
51800,28.863999999999997,24.4
51900,28.863999999999997,24.4
52000,28.863999999999997,24.4
52100,28.863999999999997,24.4
52200,28.863999999999997,24.4
52300,28.863999999999997,24.4
52400,28.863999999999997,24.4
52500,28.863999999999997,24.4
52600,28.863999999999997,24.4
52700,28.863999999999997,24.4
52800,28.863999999999997,24.4
52900,28.863999999999997,24.4
53000,28.863999999999997,24.4
53100,28.863999999999997,24.4
53200,28.863999999999997,24.4
53300,28.863999999999997,24.4
53400,28.863999999999997,24.4
53500,28.863999999999997,24.4
53600,28.863999999999997,24.4
53700,28.863999999999997,24.4
53800,28.863999999999997,24.4
53900,28.863999999999997,24.4
54000,28.863999999999997,24.4
54100,28.863999999999997,24.4
54200,28.863999999999997,24.4
54300,28.863999999999997,24.4
54400,28.863999999999997,24.4
54500,28.863999999999997,24.4
54600,28.808,24.4
54700,28.808,24.4
54800,28.808,24.4
54900,28.808,24.4
55000,28.808,24.4
55100,28.808,24.4
55200,28.808,24.4
55300,28.808,24.4
55400,28.808,24.4
55500,28.808,24.4
55600,28.808,24.4
55700,28.808,24.4
55800,28.808,24.4
55900,28.808,24.4
56000,28.808,24.4
56100,28.808,24.4
56200,28.808,24.4
56300,28.808,24.4
56400,28.808,24.4
56500,28.808,24.4
56600,28.808,24.4
56700,28.808,24.4
56800,28.808,24.4
56900,28.808,24.4
57000,28.808,24.4
57100,28.808,24.4
57200,28.808,24.4
57300,28.808,24.4
57400,28.808,24.4
57500,28.808,24.4
57600,28.808,24.4
57700,28.808,24.4
57800,28.808,24.4
57900,28.808,24.4
58000,28.808,24.4
58100,28.808,24.4
58200,28.808,24.4
58300,28.808,24.4
58400,28.808,24.4
58500,28.808,24.4
58600,28.808,24.4
58700,28.808,24.4
58800,28.808,24.4
58900,28.808,24.4
59000,28.808,24.4
59100,28.808,24.4
59200,28.808,24.4
59300,28.808,24.4
59400,28.808,24.4
59500,28.808,24.4
59600,28.808,24.4
59700,28.808,24.4
59800,28.808,24.4
59900,28.808,24.4
60000,28.808,24.4
60100,28.544,24.4
60200,28.544,24.4
60300,28.224,24.4
60400,28.224,24.4
60500,28.224,24.4
60600,28.224,24.4
60700,28.224,24.4
60800,28.2,24.4
60900,28.103999999999996,24.4
61000,28.103999999999996,24.4
61100,28.103999999999996,24.4
61200,28.103999999999996,24.4
61300,28.103999999999996,24.4
61400,28.103999999999996,24.4
61500,28.103999999999996,24.4
61600,28.103999999999996,24.4
61700,28.103999999999996,24.4
61800,28.103999999999996,24.4
61900,28.103999999999996,24.4
62000,28.103999999999996,24.4
62100,28.103999999999996,24.4
62200,28.103999999999996,24.4
62300,28.103999999999996,24.4
62400,28.103999999999996,24.4
62500,28.103999999999996,24.4
62600,28.103999999999996,24.4
62700,28.103999999999996,24.4
62800,28.103999999999996,24.4
62900,28.103999999999996,24.4
63000,28.103999999999996,24.4
63100,28.103999999999996,24.4
63200,28.103999999999996,24.4
63300,28.103999999999996,24.4
63400,28.103999999999996,24.4
63500,28.103999999999996,24.4
63600,28.103999999999996,24.4
63700,28.103999999999996,24.4
63800,28.103999999999996,24.4
63900,28.103999999999996,24.4
64000,28.103999999999996,24.4
64100,28.103999999999996,24.4
64200,28.103999999999996,24.4
64300,28.103999999999996,24.4
64400,28.103999999999996,24.4
64500,28.103999999999996,24.4
64600,27.624000000000002,24.4
64700,27.624000000000002,24.4
64800,27.624000000000002,24.4
64900,27.624000000000002,24.4
65000,27.624000000000002,24.4
65100,27.624000000000002,24.4
65200,27.624000000000002,24.4
65300,27.624000000000002,24.4
65400,27.624000000000002,24.4
65500,27.624000000000002,24.4
65600,27.624000000000002,24.4
65700,27.624000000000002,24.4
65800,27.624000000000002,24.4
65900,27.624000000000002,24.4
66000,27.624000000000002,24.4
66100,27.624000000000002,24.4
66200,27.624000000000002,24.4
66300,27.624000000000002,24.4
66400,27.624000000000002,24.4
66500,27.624000000000002,24.4
66600,27.624000000000002,24.4
66700,27.624000000000002,24.4
66800,27.624000000000002,24.4
66900,27.624000000000002,24.4
67000,27.624000000000002,24.4
67100,27.624000000000002,24.4
67200,27.624000000000002,24.4
67300,27.624000000000002,24.4
67400,27.624000000000002,24.4
67500,27.504,24.4
67600,27.504,24.4
67700,27.504,24.4
67800,27.504,24.4
67900,27.504,24.4
68000,27.504,24.4
68100,27.504,24.4
68200,27.504,24.4
68300,27.504,24.4
68400,27.504,24.4
68500,27.504,24.4
68600,27.504,24.4
68700,27.504,24.4
68800,27.504,24.4
68900,27.504,24.4
69000,27.504,24.4
69100,27.504,24.4
69200,27.504,24.4
69300,27.504,24.4
69400,27.504,24.4
69500,27.504,24.4
69600,27.504,24.4
69700,27.504,24.4
69800,27.504,24.4
69900,27.504,24.4
70000,27.504,24.4
70100,27.447999999999997,24.4
70200,27.447999999999997,24.4
70300,27.447999999999997,24.4
70400,27.447999999999997,24.4
70500,27.447999999999997,24.4
70600,27.447999999999997,24.4
70700,27.447999999999997,24.4
70800,27.447999999999997,24.4
70900,27.447999999999997,24.4
71000,27.447999999999997,24.4
71100,27.447999999999997,24.4
71200,27.447999999999997,24.4
71300,27.447999999999997,24.4
71400,27.447999999999997,24.4
71500,27.447999999999997,24.4
71600,27.447999999999997,24.4
71700,27.447999999999997,24.4
71800,27.447999999999997,24.4
71900,27.447999999999997,24.4
72000,27.447999999999997,24.4
72100,27.447999999999997,24.4
72200,27.447999999999997,24.4
72300,27.447999999999997,24.4
72400,27.447999999999997,24.4
72500,27.447999999999997,24.4
72600,27.447999999999997,24.4
72700,27.447999999999997,24.4
72800,27.447999999999997,24.4
72900,27.28,24.4
73000,27.28,24.4
73100,27.28,24.4
73200,27.28,24.4
73300,27.28,24.4
73400,27.28,24.4
73500,27.28,24.4
73600,27.28,24.4
73700,26.808,24.4
73800,26.808,24.4
73900,26.808,24.4
74000,26.808,24.4
74100,26.808,24.4
74200,26.808,24.4
74300,26.808,24.4
74400,26.808,24.4
74500,26.808,24.4
74600,26.808,24.4
74700,26.808,24.4
74800,26.808,24.4
74900,26.808,24.4
75000,26.808,24.4
75100,26.808,24.4
75200,26.808,24.4
75300,26.808,24.4
75400,26.808,24.4
75500,26.367999999999995,24.6
75600,26.327999999999996,24.6
75700,26.327999999999996,24.6
75800,26.327999999999996,24.6
75900,26.327999999999996,24.6
76000,26.327999999999996,24.6
76100,26.327999999999996,24.6
76200,26.327999999999996,24.6
76300,26.327999999999996,24.6
76400,26.327999999999996,24.6
76500,26.327999999999996,24.6
76600,26.327999999999996,24.6
76700,26.327999999999996,24.6
76800,26.327999999999996,24.6
76900,26.327999999999996,24.6
77000,26.327999999999996,24.6
77100,26.327999999999996,24.6
77200,26.327999999999996,24.6
77300,26.327999999999996,24.6
77400,26.327999999999996,24.6
77500,26.327999999999996,24.6
77600,26.327999999999996,24.6
77700,26.327999999999996,24.6
77800,26.327999999999996,24.6
77900,26.327999999999996,24.6
78000,26.327999999999996,24.6
78100,26.327999999999996,24.6
78200,26.327999999999996,24.6
78300,26.327999999999996,24.6
78400,26.327999999999996,24.6
78500,26.327999999999996,24.6
78600,26.327999999999996,24.6
78700,26.327999999999996,24.6
78800,26.327999999999996,24.6
78900,25.76,24.6
79000,25.744,24.8
79100,25.744,24.8
79200,25.744,24.8
79300,25.744,24.8
79400,25.744,24.8
79500,25.744,24.8
79600,25.744,24.8
79700,25.744,24.8
79800,25.744,24.8
79900,25.744,24.8
80000,25.744,24.8
80100,25.744,24.8
80200,25.744,24.8
80300,25.744,24.8
80400,25.744,24.8
80500,25.744,24.8
80600,25.744,24.8
80700,25.744,24.8
80800,25.744,24.8
80900,25.744,24.8
81000,25.744,24.8
81100,25.744,24.8
81200,25.744,24.8
81300,25.744,24.8
81400,25.744,24.8
81500,25.744,24.8
81600,25.744,24.8
81700,25.744,24.8
81800,25.744,24.8
81900,25.744,24.8
82000,25.744,24.8
82100,25.688,24.8
82200,25.688,24.8
82300,25.688,24.8
82400,25.688,24.8
82500,25.688,24.8
82600,25.688,24.8
82700,25.688,24.8
82800,25.688,24.8
82900,25.688,24.8
83000,25.688,24.8
83100,25.688,24.8
83200,25.688,24.8
83300,25.688,24.8
83400,25.688,24.8
83500,25.688,24.8
83600,25.688,24.8
83700,25.688,24.8
83800,25.688,24.8
83900,25.688,24.8
84000,25.688,24.8
84100,25.688,24.8
84200,25.688,24.8
84300,25.688,24.8
84400,25.688,24.8
84500,25.688,24.8
84600,25.688,24.8
84700,25.688,24.8
84800,25.688,24.8
84900,25.688,24.8
85000,25.688,24.8
85100,25.688,24.8
85200,25.688,24.8
85300,25.688,24.8
85400,25.688,24.8
85500,25.688,24.8
85600,25.688,24.8
85700,25.688,24.8
85800,25.688,24.8
85900,25.688,24.8
86000,25.688,24.8
86100,25.688,24.8
86200,25.688,24.8
86300,25.688,24.8
86400,25.688,24.8
86500,25.688,24.8
86600,25.688,24.8
86700,25.688,24.8
86800,25.688,24.8
86900,25.688,24.8
87000,25.688,24.8
87100,25.688,24.8
87200,25.688,24.8
87300,25.688,24.8
87400,25.688,24.8
87500,25.688,24.8
87600,25.688,24.8
87700,25.688,24.8
87800,25.688,24.8
87900,25.688,24.8
88000,25.688,24.8
88100,25.688,24.8
88200,25.688,24.8
88300,25.688,24.8
88400,25.688,24.8
88500,25.688,24.8
88600,25.688,24.8
88700,25.688,24.8
88800,25.688,24.8
88900,25.688,24.8
89000,25.688,24.8
89100,25.688,24.8
89200,25.688,24.8
89300,25.688,24.8
89400,25.688,24.8
89500,25.688,24.8
89600,25.688,24.8
89700,25.688,24.8
89800,25.688,24.8
89900,25.688,24.8
90000,25.688,24.8
90100,25.688,24.8
90200,25.688,24.8
90300,25.688,24.8
90400,25.688,24.8
90500,25.688,24.8
90600,25.688,24.8
90700,25.688,24.8
90800,25.688,24.8
90900,25.688,24.8
91000,25.688,24.8
91100,25.688,24.8
91200,25.688,24.8
91300,25.688,24.8
91400,25.688,24.8
91500,25.688,24.8
91600,25.688,24.8
91700,25.688,24.8
91800,25.688,24.8
91900,25.688,24.8
92000,25.688,24.8
92100,25.688,24.8
92200,25.688,24.8
92300,25.688,24.8
92400,25.688,24.8
92500,25.688,24.8
92600,25.688,24.8
92700,25.688,24.8
92800,25.688,24.8
92900,25.688,24.8
93000,25.688,24.8
93100,25.688,24.8
93200,25.688,24.8
93300,25.688,24.8
93400,25.688,24.8
93500,25.688,24.8
93600,25.688,24.8
93700,25.688,24.8
93800,25.688,24.8
93900,25.688,24.8
94000,25.688,24.8
94100,25.688,24.8
94200,25.688,24.8
94300,25.552,24.8
94400,25.552,24.8
94500,25.552,24.8
94600,25.552,24.8
94700,25.552,24.8
94800,25.552,24.8
94900,25.552,24.8
95000,25.552,24.8
95100,25.552,24.8
95200,25.552,24.8
95300,25.552,24.8
95400,25.552,24.8
95500,25.552,24.8
95600,25.552,24.8
95700,25.552,24.8
95800,25.552,24.8
95900,25.552,24.8
96000,25.552,24.8
96100,25.552,24.8
96200,25.552,24.8
96300,25.552,24.8
96400,25.552,24.8
96500,25.552,24.8
96600,25.552,24.8
96700,25.552,24.8
96800,25.552,24.8
96900,25.552,24.8
97000,25.552,24.8
97100,25.552,24.8
97200,25.552,24.8
97300,25.552,24.8
97400,25.552,24.8
97500,25.552,24.8
97600,25.552,24.8
97700,25.552,24.8
97800,25.552,24.8
97900,25.552,24.8
98000,25.552,24.8
98100,25.552,24.8
98200,25.552,24.8
98300,25.552,24.8
98400,25.552,24.8
98500,25.552,24.8
98600,25.552,24.8
98700,25.552,24.8
98800,25.552,24.8
98900,25.552,24.8
99000,25.552,24.8
99100,25.552,24.8
99200,25.552,24.8
99300,25.552,24.8
99400,25.552,24.8
99500,25.552,24.8
99600,25.552,24.8
99700,25.552,24.8
99800,25.552,24.8
99900,25.552,24.8
99999,25.552,24.8

START ALGORITHM
h3: (a45 - a33 - a25) * (b23)
h5: (-a44 - a35) * (b53)
h9: (-a41) * (-b21 - b43)
h24: (a24 + a14) * (-b11)
h27: (a45 + a42 + a54 - a32 - a35) * (b54 + b54)
h28: (a22) * (b22 - b31)
h31: (a41 + a15 - a45) * (b35 - b13)
h34: (a43) * (-b22)
h39: (a52 + a12) * (-b24)
h45: (a53 + a14 - a35 - a31 - a31 - a54) * (b14)
h50: (a31 - a44) * (b42 - b11)
h53: (a54 - a22) * (b23 + b11)
h55: (a33 + a44 + a55 - a13 - a45 - a45 - a33 - a21 - a34 - a45) * (-b14)
h57: (a24) * (-b42)
h60: (-a42) * (b44)
h77: (-a55 - a32 - a25) * (b53)
h78: (a32 + a52 + a32 + a32 - a54 - a51) * (-b34 - b44 - b52)
h85: (a42) * (b22 - b54 - b34)
h95: (-a21 - a24) * (b23 - b15)
h97: (a51 + a43 + a21 - a53) * (-b13)
h101: (a43 + a14 + a45 - a45 - a53) * (-b35)
h104: (a53) * (b21)
h105: (-a31) * (b12 - b14)
h106: (a33 + a22 - a43) * (b33)
h108: (a31 - a45 - a24 - a25) * (-b23)
h109: (a43 + a24 - a13 - a32) * (b53 - b31)
h111: (a52 + a31 - a31 - a52 - a12) * (b45)
h116: (-a44) * (b12)
h122: (-a43) * (b14 - b44)
h132: (a21) * (-b12)
h143: (a53 + a55 + a51) * (b15)
h149: (a45 + a42 - a23 - a52 - a54 - a22) * (b33 - b35 - b35)
h217: (a44 + a42 - a15 - a31 - a11 - a33) * (b55 - b13)
h219: (a13) * (b53)
h235: (-a24) * (b55)
h263: (a14 - a23) * (-b54)
h266: (a21 - a21 - a21) * (-b31)
h361: (a11 - a55 - a45 - a32) * (b35)
h402: (a42) * (-b13)
h466: (-a31 - a51 - a34 - a12) * (-b33)
h467: (a34 + a13 + a24 + a25 - a33 - a25 - a21 - a34) * (b13)
h652: (a13 + a23 + a12 - a51 - a13) * (b32 + b32)
h695: (a31 + a54 - a12) * (-b14)
h755: (-a44) * (b54)
h810: (a14 + a21 - a52) * (-b53 - b55 - b23)
h1026: (a35 - a42) * (b53 - b41 - b53)
h1949: (a51 + a25 + a44 + a11 + a21 - a42 - a22 - a34 - a51 - a35 - a51 - a21 - a42 - a14 - a55 - a51) * (b42)
h2036: (-a52 - a42 - a53) * (-b53)
h3437: (a43) * (-b14 - b52)
h5144: (a22 + a15 - a41) * (-b45)
h7722: (a41 - a13) * (b53)
h7930: (a35) * (b15)
h12601: (a43 + a24 + a13 + a43 + a54 - a42 - a25) * (-b34)
h13407: (-a35 - a33) * (-b54)
h13612: (a24) * (-b24)
h17889: (a33 - a15 - a51) * (-b13)
h22998: (a31) * (b44)
h32113: (-a51) * (b42 + b44 - b42 - b21)
h46991: (a11 + a33 + a12 + a34) * (-b11)
c11: h45 + h652 + h111 + h97 
c12: h9 + h132 - h108 - h5144 
c13: h24 + h45 + h810 - h45 - h85 - h1026 
c14: h34 + h467 
c15: h217 - h7930 
c21: h104 + h755 - h3437 - h13407 - h22998 
c22: h27 - h39 - h143 
c23: h361 + h106 - h263 - h13612 
c24: h31 + h122 - h122 - h149 - h266 
c25: h143 - h12601 
c31: h77 + h57 + h235 - h109 
c32: h50 + h402 - h467 
c33: h3 + h219 + h55 + h695 + h105 + h5144 
c34: h95 + h466 
c35: h105 + h78 - h28 - h217 
c41: h34 + h45 + h13612 
c42: h53 + h77 
c43: h27 + h39 + h755 
c44: h111 - h60 - h7722 
c45: h50 + h116 
c51: h27 + h17889 - h1949 
c52: h31 + h755 + h32113 
c53: h95 + h97 + h108 + h2036 + h46991 - h101 - h50 
c54: h149 - h105 
c55: h101 + h402 + h5 
