0,151.07999999999998,24.8
100,120.34399999999998,24.8
200,95.464,24.8
300,87.26400000000001,24.6
400,81.88,24.8
500,73.736,24.8
600,69.224,24.8
700,67.384,24.4
800,63.480000000000004,24.4
900,60.81600000000001,24.4
1000,60.544000000000004,24.4
1100,60.504,24.4
1200,58.096000000000004,24.4
1300,56.976,24.4
1400,56.976,24.4
1500,56.32000000000001,24.4
1600,56.168000000000006,24.4
1700,56.168000000000006,24.4
1800,55.336,24.6
1900,54.839999999999996,24.6
2000,54.839999999999996,24.6
2100,53.815999999999995,24.6
2200,53.34400000000001,24.6
2300,52.464,24.6
2400,50.888,24.6
2500,50.888,24.6
2600,50.888,24.6
2700,50.888,24.6
2800,50.87199999999999,24.6
2900,50.87199999999999,24.6
3000,50.87199999999999,24.6
3100,50.87199999999999,24.6
3200,50.87199999999999,24.6
3300,50.87199999999999,24.6
3400,49.624,24.4
3500,49.624,24.4
3600,49.624,24.4
3700,49.624,24.4
3800,49.624,24.4
3900,49.624,24.4
4000,49.624,24.4
4100,49.32,24.4
4200,49.25599999999999,24.4
4300,49.25599999999999,24.4
4400,49.25599999999999,24.4
4500,49.25599999999999,24.4
4600,49.25599999999999,24.4
4700,49.25599999999999,24.4
4800,49.25599999999999,24.4
4900,49.25599999999999,24.4
5000,49.25599999999999,24.4
5100,49.25599999999999,24.4
5200,49.25599999999999,24.4
5300,49.25599999999999,24.4
5400,49.25599999999999,24.4
5500,49.25599999999999,24.4
5600,49.25599999999999,24.4
5700,49.25599999999999,24.4
5800,49.25599999999999,24.4
5900,49.25599999999999,24.4
6000,49.25599999999999,24.4
6100,49.25599999999999,24.4
6200,49.25599999999999,24.4
6300,49.25599999999999,24.4
6400,49.25599999999999,24.4
6500,49.25599999999999,24.4
6600,49.25599999999999,24.4
6700,49.25599999999999,24.4
6800,49.25599999999999,24.4
6900,49.25599999999999,24.4
7000,49.25599999999999,24.4
7100,49.25599999999999,24.4
7200,49.25599999999999,24.4
7300,49.25599999999999,24.4
7400,49.16799999999999,24.4
7500,49.16799999999999,24.4
7600,49.16799999999999,24.4
7700,49.16799999999999,24.4
7800,49.16799999999999,24.4
7900,49.16799999999999,24.4
8000,49.16799999999999,24.4
8100,49.16799999999999,24.4
8200,49.16799999999999,24.4
8300,49.16799999999999,24.4
8400,48.80800000000001,24.4
8500,48,24.4
8600,48,24.4
8700,48,24.4
8800,47.76,24.4
8900,47.25600000000001,24.4
9000,47.25600000000001,24.4
9100,47.25600000000001,24.4
9200,47.25600000000001,24.4
9300,47.25600000000001,24.4
9400,47.25600000000001,24.4
9500,47.25600000000001,24.4
9600,47.25600000000001,24.4
9700,47.25600000000001,24.4
9800,46.344,24.4
9900,46.24799999999999,24.4
10000,46.24799999999999,24.4
10100,45.904,24.4
10200,45.775999999999996,24.4
10300,45.76,24.4
10400,45.76,24.4
10500,45.088,24.4
10600,44.688,24.6
10700,44.519999999999996,24.6
10800,44.12,24.6
10900,44.12,24.6
11000,43.952,24.6
11100,43.41600000000001,24.6
11200,43.41600000000001,24.6
11300,42.80800000000001,24.6
11400,42.088,24.6
11500,42.088,24.6
11600,42.088,24.6
11700,42.088,24.6
11800,42.088,24.6
11900,41.160000000000004,24.8
12000,40.136,24.8
12100,40.136,24.8
12200,39.664,24.8
12300,39.664,24.8
12400,39.664,24.8
12500,39.664,24.8
12600,38.664,24.8
12700,38.664,24.8
12800,38.664,24.8
12900,38.664,24.8
13000,38.664,24.8
13100,38.664,24.8
13200,38.664,24.8
13300,38.664,24.8
13400,38.664,24.8
13500,38.664,24.8
13600,38.664,24.8
13700,38.664,24.8
13800,38.19199999999999,24.8
13900,38.19199999999999,24.8
14000,38.19199999999999,24.8
14100,38.19199999999999,24.8
14200,38.064,24.6
14300,38.064,24.6
14400,38.064,24.6
14500,38.064,24.6
14600,38.064,24.6
14700,38.064,24.6
14800,38.064,24.6
14900,38.064,24.6
15000,37.552,24.6
15100,36.296,24.6
15200,36.296,24.6
15300,36.296,24.6
15400,36.296,24.6
15500,36.296,24.6
15600,36.296,24.6
15700,36.296,24.6
15800,36.12,24.8
15900,36.12,24.8
16000,36.12,24.8
16100,36.12,24.8
16200,36.12,24.8
16300,36.12,24.8
16400,36.12,24.8
16500,35.952,24.8
16600,35.952,24.8
16700,35.952,24.8
16800,35.67999999999999,24.8
16900,35.67999999999999,24.8
17000,35.67999999999999,24.8
17100,35.67999999999999,24.8
17200,35.67999999999999,24.8
17300,35.67999999999999,24.8
17400,35.67999999999999,24.8
17500,35.67999999999999,24.8
17600,35.67999999999999,24.8
17700,35.67999999999999,24.8
17800,35.67999999999999,24.8
17900,35.67999999999999,24.8
18000,35.67999999999999,24.8
18100,35.67999999999999,24.8
18200,35.67999999999999,24.8
18300,35.67999999999999,24.8
18400,35.67999999999999,24.8
18500,35.67999999999999,24.8
18600,35.67999999999999,24.8
18700,35.67999999999999,24.8
18800,35.67999999999999,24.8
18900,35.67999999999999,24.8
19000,35.67999999999999,24.8
19100,35.67999999999999,24.8
19200,35.67999999999999,24.8
19300,35.583999999999996,24.8
19400,35.056,24.6
19500,35.056,24.6
19600,35.056,24.6
19700,35.056,24.6
19800,35.056,24.6
19900,33.992000000000004,24.6
20000,33.992000000000004,24.6
20100,33.992000000000004,24.6
20200,33.992000000000004,24.6
20300,33.992000000000004,24.6
20400,33.992000000000004,24.6
20500,33.992000000000004,24.6
20600,33.992000000000004,24.6
20700,33.992000000000004,24.6
20800,33.992000000000004,24.6
20900,33.992000000000004,24.6
21000,33.992000000000004,24.6
21100,33.992000000000004,24.6
21200,33.992000000000004,24.6
21300,33.992000000000004,24.6
21400,33.992000000000004,24.6
21500,33.744,24.6
21600,33.480000000000004,24.6
21700,33.480000000000004,24.6
21800,33.047999999999995,24.6
21900,33.047999999999995,24.6
22000,33.047999999999995,24.6
22100,33.047999999999995,24.6
22200,32.751999999999995,24.6
22300,32.751999999999995,24.6
22400,32.751999999999995,24.6
22500,32.648,24.6
22600,32.648,24.6
22700,32.648,24.6
22800,32.648,24.6
22900,32.648,24.6
23000,32.648,24.6
23100,32.648,24.6
23200,32.648,24.6
23300,32.648,24.6
23400,32.648,24.6
23500,32.648,24.6
23600,32.648,24.6
23700,32.44,24.6
23800,32.44,24.6
23900,32.44,24.6
24000,32.44,24.6
24100,32.44,24.6
24200,32.44,24.6
24300,32.44,24.6
24400,32.44,24.6
24500,32.44,24.6
24600,32.44,24.6
24700,32.44,24.6
24800,32.44,24.6
24900,32.44,24.6
25000,32.44,24.6
25100,32.44,24.6
25200,32.44,24.6
25300,32.44,24.6
25400,32.44,24.6
25500,32.44,24.6
25600,32.44,24.6
25700,32.44,24.6
25800,32.44,24.6
25900,32.44,24.6
26000,32.44,24.6
26100,32.44,24.6
26200,32.44,24.6
26300,32.44,24.6
26400,32.44,24.6
26500,32.44,24.6
26600,32.44,24.6
26700,32.4,24.6
26800,32.4,24.6
26900,31.704,24.6
27000,31.704,24.6
27100,31.704,24.6
27200,31.704,24.6
27300,31.704,24.6
27400,31.704,24.6
27500,31.704,24.6
27600,31.704,24.6
27700,31.704,24.6
27800,31.704,24.6
27900,31.704,24.6
28000,31.296,24.6
28100,31.296,24.6
28200,31.296,24.6
28300,31.296,24.6
28400,31.008,24.6
28500,31.008,24.6
28600,31.008,24.6
28700,31.008,24.6
28800,31.008,24.6
28900,31.008,24.6
29000,31.008,24.6
29100,31.008,24.6
29200,31.008,24.6
29300,31.008,24.6
29400,31.008,24.6
29500,31.008,24.6
29600,31.008,24.6
29700,31.008,24.6
29800,31.008,24.6
29900,31.008,24.6
30000,31.008,24.6
30100,31.008,24.6
30200,31.008,24.6
30300,31.008,24.6
30400,31.008,24.6
30500,31.008,24.6
30600,30.776,24.6
30700,30.776,24.6
30800,30.776,24.6
30900,30.776,24.6
31000,30.776,24.6
31100,30.776,24.6
31200,30.776,24.6
31300,30.776,24.6
31400,30.776,24.6
31500,30.776,24.6
31600,30.776,24.6
31700,30.776,24.6
31800,30.776,24.6
31900,30.776,24.6
32000,30.776,24.6
32100,30.776,24.6
32200,30.776,24.6
32300,30.776,24.6
32400,30.776,24.6
32500,30.776,24.6
32600,30.776,24.6
32700,30.776,24.6
32800,30.776,24.6
32900,30.776,24.6
33000,30.776,24.6
33100,30.776,24.6
33200,30.776,24.6
33300,30.776,24.6
33400,30.776,24.6
33500,30.776,24.6
33600,30.776,24.6
33700,30.776,24.6
33800,30.776,24.6
33900,30.776,24.6
34000,30.312,24.6
34100,30.223999999999997,24.6
34200,30.223999999999997,24.6
34300,30.223999999999997,24.6
34400,30.223999999999997,24.6
34500,30.223999999999997,24.6
34600,30.223999999999997,24.6
34700,30.223999999999997,24.6
34800,30.223999999999997,24.6
34900,30.223999999999997,24.6
35000,30.223999999999997,24.6
35100,30.223999999999997,24.6
35200,30.223999999999997,24.6
35300,30.223999999999997,24.6
35400,30.223999999999997,24.6
35500,30.223999999999997,24.6
35600,30.223999999999997,24.6
35700,30.223999999999997,24.6
35800,30.223999999999997,24.6
35900,30.223999999999997,24.6
36000,30.223999999999997,24.6
36100,30.223999999999997,24.6
36200,30.223999999999997,24.6
36300,30.223999999999997,24.6
36400,30.223999999999997,24.6
36500,30.223999999999997,24.6
36600,30.223999999999997,24.6
36700,30.223999999999997,24.6
36800,30.223999999999997,24.6
36900,30.223999999999997,24.6
37000,30.223999999999997,24.6
37100,29.992,24.6
37200,29.992,24.6
37300,29.992,24.6
37400,29.992,24.6
37500,29.992,24.6
37600,29.992,24.6
37700,29.992,24.6
37800,29.992,24.6
37900,29.992,24.6
38000,29.992,24.6
38100,29.992,24.6
38200,29.992,24.6
38300,29.992,24.6
38400,29.992,24.6
38500,29.992,24.6
38600,29.992,24.6
38700,29.992,24.6
38800,29.992,24.6
38900,29.992,24.6
39000,29.992,24.6
39100,29.992,24.6
39200,29.992,24.6
39300,29.992,24.6
39400,29.992,24.6
39500,29.992,24.6
39600,29.992,24.6
39700,29.496000000000002,24.6
39800,29.496000000000002,24.6
39900,29.496000000000002,24.6
40000,29.496000000000002,24.6
40100,29.496000000000002,24.6
40200,29.496000000000002,24.6
40300,29.496000000000002,24.6
40400,29.496000000000002,24.6
40500,29.496000000000002,24.6
40600,29.496000000000002,24.6
40700,29.496000000000002,24.6
40800,29.496000000000002,24.6
40900,29.496000000000002,24.6
41000,29.479999999999997,24.6
41100,29.479999999999997,24.6
41200,29.479999999999997,24.6
41300,29.479999999999997,24.6
41400,29.479999999999997,24.6
41500,29.479999999999997,24.6
41600,29.479999999999997,24.6
41700,29.096000000000004,24.8
41800,29.096000000000004,24.8
41900,29.096000000000004,24.8
42000,29.096000000000004,24.8
42100,29.096000000000004,24.8
42200,29.096000000000004,24.8
42300,29.096000000000004,24.8
42400,29.096000000000004,24.8
42500,29.096000000000004,24.8
42600,29.096000000000004,24.8
42700,29.096000000000004,24.8
42800,28.840000000000003,24.6
42900,28.840000000000003,24.6
43000,28.840000000000003,24.6
43100,28.840000000000003,24.6
43200,28.840000000000003,24.6
43300,28.840000000000003,24.6
43400,28.840000000000003,24.6
43500,28.840000000000003,24.6
43600,28.840000000000003,24.6
43700,28.840000000000003,24.6
43800,28.840000000000003,24.6
43900,28.840000000000003,24.6
44000,28.840000000000003,24.6
44100,28.840000000000003,24.6
44200,28.840000000000003,24.6
44300,28.840000000000003,24.6
44400,28.840000000000003,24.6
44500,28.840000000000003,24.6
44600,28.840000000000003,24.6
44700,28.840000000000003,24.6
44800,28.840000000000003,24.6
44900,28.840000000000003,24.6
45000,28.840000000000003,24.6
45100,28.840000000000003,24.6
45200,28.840000000000003,24.6
45300,28.840000000000003,24.6
45400,28.840000000000003,24.6
45500,28.840000000000003,24.6
45600,28.840000000000003,24.6
45700,28.840000000000003,24.6
45800,28.840000000000003,24.6
45900,28.840000000000003,24.6
46000,28.840000000000003,24.6
46100,28.840000000000003,24.6
46200,28.840000000000003,24.6
46300,28.840000000000003,24.6
46400,28.840000000000003,24.6
46500,28.840000000000003,24.6
46600,28.784000000000002,24.6
46700,28.784000000000002,24.6
46800,28.784000000000002,24.6
46900,28.784000000000002,24.6
47000,28.784000000000002,24.6
47100,28.784000000000002,24.6
47200,28.784000000000002,24.6
47300,28.784000000000002,24.6
47400,28.784000000000002,24.6
47500,28.784000000000002,24.6
47600,28.784000000000002,24.6
47700,28.784000000000002,24.6
47800,28.784000000000002,24.6
47900,28.784000000000002,24.6
48000,28.784000000000002,24.6
48100,28.784000000000002,24.6
48200,28.784000000000002,24.6
48300,28.784000000000002,24.6
48400,28.784000000000002,24.6
48500,28.784000000000002,24.6
48600,28.784000000000002,24.6
48700,28.784000000000002,24.6
48800,28.784000000000002,24.6
48900,28.784000000000002,24.6
49000,28.784000000000002,24.6
49100,28.784000000000002,24.6
49200,28.784000000000002,24.6
49300,28.784000000000002,24.6
49400,28.784000000000002,24.6
49500,28.784000000000002,24.6
49600,28.784000000000002,24.6
49700,28.784000000000002,24.6
49800,28.784000000000002,24.6
49900,28.784000000000002,24.6
50000,28.784000000000002,24.6
50100,28.784000000000002,24.6
50200,28.784000000000002,24.6
50300,28.784000000000002,24.6
50400,28.784000000000002,24.6
50500,28.784000000000002,24.6
50600,28.784000000000002,24.6
50700,28.784000000000002,24.6
50800,28.784000000000002,24.6
50900,28.784000000000002,24.6
51000,28.784000000000002,24.6
51100,28.784000000000002,24.6
51200,28.784000000000002,24.6
51300,28.784000000000002,24.6
51400,28.784000000000002,24.6
51500,28.784000000000002,24.6
51600,28.784000000000002,24.6
51700,28.784000000000002,24.6
51800,28.784000000000002,24.6
51900,28.784000000000002,24.6
52000,28.784000000000002,24.6
52100,28.784000000000002,24.6
52200,28.784000000000002,24.6
52300,28.784000000000002,24.6
52400,28.784000000000002,24.6
52500,28.784000000000002,24.6
52600,28.784000000000002,24.6
52700,28.784000000000002,24.6
52800,28.784000000000002,24.6
52900,28.784000000000002,24.6
53000,28.784000000000002,24.6
53100,28.784000000000002,24.6
53200,28.784000000000002,24.6
53300,28.784000000000002,24.6
53400,28.784000000000002,24.6
53500,28.784000000000002,24.6
53600,28.784000000000002,24.6
53700,28.784000000000002,24.6
53800,28.784000000000002,24.6
53900,28.784000000000002,24.6
54000,28.784000000000002,24.6
54100,28.784000000000002,24.6
54200,28.784000000000002,24.6
54300,28.784000000000002,24.6
54400,28.784000000000002,24.6
54500,28.784000000000002,24.6
54600,28.784000000000002,24.6
54700,28.784000000000002,24.6
54800,28.784000000000002,24.6
54900,28.784000000000002,24.6
55000,28.784000000000002,24.6
55100,28.784000000000002,24.6
55200,28.784000000000002,24.6
55300,28.784000000000002,24.6
55400,28.784000000000002,24.6
55500,28.784000000000002,24.6
55600,28.784000000000002,24.6
55700,28.784000000000002,24.6
55800,28.784000000000002,24.6
55900,28.784000000000002,24.6
56000,28.784000000000002,24.6
56100,28.784000000000002,24.6
56200,28.784000000000002,24.6
56300,28.784000000000002,24.6
56400,28.784000000000002,24.6
56500,28.72,24.6
56600,28.72,24.6
56700,28.72,24.6
56800,28.72,24.6
56900,28.72,24.6
57000,28.72,24.6
57100,28.72,24.6
57200,28.72,24.6
57300,28.72,24.6
57400,28.72,24.6
57500,28.72,24.6
57600,28.72,24.6
57700,28.72,24.6
57800,28.72,24.6
57900,28.72,24.6
58000,28.72,24.6
58100,28.72,24.6
58200,28.72,24.6
58300,28.72,24.6
58400,28.72,24.6
58500,28.72,24.6
58600,28.72,24.6
58700,28.72,24.6
58800,28.72,24.6
58900,28.72,24.6
59000,28.72,24.6
59100,28.72,24.6
59200,28.72,24.6
59300,28.72,24.6
59400,28.72,24.6
59500,28.72,24.6
59600,28.72,24.6
59700,28.72,24.6
59800,28.72,24.6
59900,28.72,24.6
60000,28.72,24.6
60100,28.72,24.6
60200,28.72,24.6
60300,28.72,24.6
60400,28.72,24.6
60500,28.72,24.6
60600,28.72,24.6
60700,28.72,24.6
60800,28.72,24.6
60900,28.72,24.6
61000,28.72,24.6
61100,28.72,24.6
61200,28.72,24.6
61300,28.72,24.6
61400,28.72,24.6
61500,28.72,24.6
61600,28.72,24.6
61700,28.72,24.6
61800,28.72,24.6
61900,28.72,24.6
62000,28.72,24.6
62100,28.72,24.6
62200,28.72,24.6
62300,28.72,24.6
62400,28.72,24.6
62500,28.24,24.6
62600,27.984,24.6
62700,27.984,24.6
62800,27.984,24.6
62900,27.984,24.6
63000,27.984,24.6
63100,27.984,24.6
63200,27.984,24.6
63300,27.984,24.6
63400,27.984,24.6
63500,27.984,24.6
63600,27.984,24.6
63700,27.984,24.6
63800,27.984,24.6
63900,27.984,24.6
64000,27.984,24.6
64100,27.984,24.6
64200,27.984,24.6
64300,27.984,24.6
64400,27.984,24.6
64500,27.984,24.6
64600,27.984,24.6
64700,27.984,24.6
64800,27.984,24.6
64900,27.984,24.6
65000,27.984,24.6
65100,27.984,24.6
65200,27.984,24.6
65300,27.984,24.6
65400,27.984,24.6
65500,27.984,24.6
65600,27.984,24.6
65700,27.984,24.6
65800,27.984,24.6
65900,27.984,24.6
66000,27.984,24.6
66100,27.984,24.6
66200,27.984,24.6
66300,27.984,24.6
66400,27.984,24.6
66500,27.984,24.6
66600,27.984,24.6
66700,27.984,24.6
66800,27.984,24.6
66900,27.984,24.6
67000,27.984,24.6
67100,27.984,24.6
67200,27.984,24.6
67300,27.984,24.6
67400,27.984,24.6
67500,27.984,24.6
67600,27.984,24.6
67700,27.952000000000005,24.6
67800,27.952000000000005,24.6
67900,27.952000000000005,24.6
68000,27.952000000000005,24.6
68100,27.952000000000005,24.6
68200,27.952000000000005,24.6
68300,27.952000000000005,24.6
68400,27.952000000000005,24.6
68500,27.952000000000005,24.6
68600,27.952000000000005,24.6
68700,27.952000000000005,24.6
68800,27.952000000000005,24.6
68900,27.952000000000005,24.6
69000,27.952000000000005,24.6
69100,27.952000000000005,24.6
69200,27.952000000000005,24.6
69300,27.952000000000005,24.6
69400,27.952000000000005,24.6
69500,27.952000000000005,24.6
69600,27.952000000000005,24.6
69700,27.904000000000003,24.4
69800,27.904000000000003,24.4
69900,27.904000000000003,24.4
70000,27.904000000000003,24.4
70100,27.904000000000003,24.4
70200,27.904000000000003,24.4
70300,27.904000000000003,24.4
70400,27.904000000000003,24.4
70500,27.904000000000003,24.4
70600,27.904000000000003,24.4
70700,27.904000000000003,24.4
70800,27.904000000000003,24.4
70900,27.904000000000003,24.4
71000,27.904000000000003,24.4
71100,27.904000000000003,24.4
71200,27.904000000000003,24.4
71300,27.904000000000003,24.4
71400,27.904000000000003,24.4
71500,27.904000000000003,24.4
71600,27.904000000000003,24.4
71700,27.904000000000003,24.4
71800,27.904000000000003,24.4
71900,27.904000000000003,24.4
72000,27.904000000000003,24.4
72100,27.904000000000003,24.4
72200,27.904000000000003,24.4
72300,27.904000000000003,24.4
72400,27.904000000000003,24.4
72500,27.904000000000003,24.4
72600,27.904000000000003,24.4
72700,27.904000000000003,24.4
72800,27.904000000000003,24.4
72900,27.904000000000003,24.4
73000,27.904000000000003,24.4
73100,27.904000000000003,24.4
73200,27.904000000000003,24.4
73300,27.791999999999994,24.4
73400,27.791999999999994,24.4
73500,27.791999999999994,24.4
73600,27.791999999999994,24.4
73700,27.791999999999994,24.4
73800,27.791999999999994,24.4
73900,27.791999999999994,24.4
74000,27.791999999999994,24.4
74100,27.791999999999994,24.4
74200,27.791999999999994,24.4
74300,27.791999999999994,24.4
74400,27.791999999999994,24.4
74500,27.791999999999994,24.4
74600,27.736,24.4
74700,27.736,24.4
74800,27.736,24.4
74900,27.736,24.4
75000,27.736,24.4
75100,27.736,24.4
75200,27.736,24.4
75300,27.736,24.4
75400,27.736,24.4
75500,27.736,24.4
75600,27.736,24.4
75700,27.736,24.4
75800,27.736,24.4
75900,27.736,24.4
76000,27.736,24.4
76100,27.736,24.4
76200,27.736,24.4
76300,27.736,24.4
76400,27.736,24.4
76500,27.736,24.4
76600,27.736,24.4
76700,27.736,24.4
76800,27.736,24.4
76900,27.736,24.4
77000,27.736,24.4
77100,27.736,24.4
77200,27.736,24.4
77300,27.736,24.4
77400,27.736,24.4
77500,27.736,24.4
77600,27.736,24.4
77700,27.736,24.4
77800,27.736,24.4
77900,27.736,24.4
78000,27.736,24.4
78100,27.736,24.4
78200,27.736,24.4
78300,27.736,24.4
78400,27.736,24.4
78500,27.736,24.4
78600,27.736,24.4
78700,27.736,24.4
78800,27.736,24.4
78900,27.736,24.4
79000,27.736,24.4
79100,27.736,24.4
79200,27.736,24.4
79300,27.736,24.4
79400,27.736,24.4
79500,27.736,24.4
79600,27.736,24.4
79700,27.736,24.4
79800,27.736,24.4
79900,27.736,24.4
80000,27.736,24.4
80100,27.736,24.4
80200,27.736,24.4
80300,27.736,24.4
80400,27.736,24.4
80500,27.639999999999997,24.4
80600,27.639999999999997,24.4
80700,27.639999999999997,24.4
80800,27.639999999999997,24.4
80900,27.639999999999997,24.4
81000,27.639999999999997,24.4
81100,27.639999999999997,24.4
81200,27.639999999999997,24.4
81300,27.639999999999997,24.4
81400,27.639999999999997,24.4
81500,27.639999999999997,24.4
81600,27.639999999999997,24.4
81700,27.639999999999997,24.4
81800,27.639999999999997,24.4
81900,27.639999999999997,24.4
82000,27.639999999999997,24.4
82100,27.639999999999997,24.4
82200,27.639999999999997,24.4
82300,27.639999999999997,24.4
82400,27.639999999999997,24.4
82500,27.639999999999997,24.4
82600,27.639999999999997,24.4
82700,27.639999999999997,24.4
82800,27.639999999999997,24.4
82900,27.639999999999997,24.4
83000,27.639999999999997,24.4
83100,27.639999999999997,24.4
83200,27.639999999999997,24.4
83300,27.639999999999997,24.4
83400,27.639999999999997,24.4
83500,27.639999999999997,24.4
83600,27.639999999999997,24.4
83700,27.639999999999997,24.4
83800,27.639999999999997,24.4
83900,27.639999999999997,24.4
84000,27.639999999999997,24.4
84100,27.639999999999997,24.4
84200,27.639999999999997,24.4
84300,27.639999999999997,24.4
84400,27.639999999999997,24.4
84500,27.639999999999997,24.4
84600,27.639999999999997,24.4
84700,27.639999999999997,24.4
84800,27.639999999999997,24.4
84900,27.639999999999997,24.4
85000,27.639999999999997,24.4
85100,27.639999999999997,24.4
85200,27.639999999999997,24.4
85300,27.639999999999997,24.4
85400,27.639999999999997,24.4
85500,27.639999999999997,24.4
85600,27.639999999999997,24.4
85700,27.639999999999997,24.4
85800,27.639999999999997,24.4
85900,27.639999999999997,24.4
86000,27.639999999999997,24.4
86100,27.639999999999997,24.4
86200,27.639999999999997,24.4
86300,27.639999999999997,24.4
86400,27.639999999999997,24.4
86500,27.639999999999997,24.4
86600,27.639999999999997,24.4
86700,27.639999999999997,24.4
86800,27.639999999999997,24.4
86900,27.639999999999997,24.4
87000,27.639999999999997,24.4
87100,27.639999999999997,24.4
87200,27.639999999999997,24.4
87300,27.096000000000004,24.4
87400,27.096000000000004,24.4
87500,27.096000000000004,24.4
87600,26.96,24.4
87700,26.951999999999998,24.4
87800,26.951999999999998,24.4
87900,26.951999999999998,24.4
88000,26.951999999999998,24.4
88100,26.951999999999998,24.4
88200,26.951999999999998,24.4
88300,26.951999999999998,24.4
88400,26.951999999999998,24.4
88500,26.951999999999998,24.4
88600,26.951999999999998,24.4
88700,26.951999999999998,24.4
88800,26.951999999999998,24.4
88900,26.951999999999998,24.4
89000,26.951999999999998,24.4
89100,26.951999999999998,24.4
89200,26.951999999999998,24.4
89300,26.951999999999998,24.4
89400,26.951999999999998,24.4
89500,26.951999999999998,24.4
89600,26.951999999999998,24.4
89700,26.951999999999998,24.4
89800,26.951999999999998,24.4
89900,26.951999999999998,24.4
90000,26.951999999999998,24.4
90100,26.951999999999998,24.4
90200,26.951999999999998,24.4
90300,26.951999999999998,24.4
90400,26.951999999999998,24.4
90500,26.951999999999998,24.4
90600,26.951999999999998,24.4
90700,26.951999999999998,24.4
90800,26.951999999999998,24.4
90900,26.951999999999998,24.4
91000,26.951999999999998,24.4
91100,26.951999999999998,24.4
91200,26.951999999999998,24.4
91300,26.951999999999998,24.4
91400,26.951999999999998,24.4
91500,26.951999999999998,24.4
91600,26.951999999999998,24.4
91700,26.951999999999998,24.4
91800,26.951999999999998,24.4
91900,26.951999999999998,24.4
92000,26.951999999999998,24.4
92100,26.951999999999998,24.4
92200,26.951999999999998,24.4
92300,26.951999999999998,24.4
92400,26.951999999999998,24.4
92500,26.951999999999998,24.4
92600,26.951999999999998,24.4
92700,26.951999999999998,24.4
92800,26.951999999999998,24.4
92900,26.951999999999998,24.4
93000,26.951999999999998,24.4
93100,26.951999999999998,24.4
93200,26.951999999999998,24.4
93300,26.951999999999998,24.4
93400,26.951999999999998,24.4
93500,26.951999999999998,24.4
93600,26.951999999999998,24.4
93700,26.951999999999998,24.4
93800,26.951999999999998,24.4
93900,26.951999999999998,24.4
94000,26.951999999999998,24.4
94100,26.951999999999998,24.4
94200,26.951999999999998,24.4
94300,26.951999999999998,24.4
94400,26.951999999999998,24.4
94500,26.951999999999998,24.4
94600,26.951999999999998,24.4
94700,26.951999999999998,24.4
94800,26.951999999999998,24.4
94900,26.951999999999998,24.4
95000,26.951999999999998,24.4
95100,26.951999999999998,24.4
95200,26.951999999999998,24.4
95300,26.951999999999998,24.4
95400,26.951999999999998,24.4
95500,26.951999999999998,24.4
95600,26.951999999999998,24.4
95700,26.951999999999998,24.4
95800,26.951999999999998,24.4
95900,26.951999999999998,24.4
96000,26.951999999999998,24.4
96100,26.951999999999998,24.4
96200,26.951999999999998,24.4
96300,26.951999999999998,24.4
96400,26.951999999999998,24.4
96500,26.951999999999998,24.4
96600,26.951999999999998,24.4
96700,26.951999999999998,24.4
96800,26.951999999999998,24.4
96900,26.951999999999998,24.4
97000,26.951999999999998,24.4
97100,26.951999999999998,24.4
97200,26.951999999999998,24.4
97300,26.951999999999998,24.4
97400,26.951999999999998,24.4
97500,26.951999999999998,24.4
97600,26.951999999999998,24.4
97700,26.951999999999998,24.4
97800,26.951999999999998,24.4
97900,26.951999999999998,24.4
98000,26.951999999999998,24.4
98100,26.951999999999998,24.4
98200,26.951999999999998,24.4
98300,26.951999999999998,24.4
98400,26.951999999999998,24.4
98500,26.951999999999998,24.4
98600,26.863999999999997,24.4
98700,26.863999999999997,24.4
98800,26.863999999999997,24.4
98900,26.863999999999997,24.4
99000,26.863999999999997,24.4
99100,26.863999999999997,24.4
99200,26.863999999999997,24.4
99300,26.863999999999997,24.4
99400,26.863999999999997,24.4
99500,26.863999999999997,24.4
99600,26.863999999999997,24.4
99700,26.863999999999997,24.4
99800,26.863999999999997,24.4
99900,26.863999999999997,24.4
99999,26.863999999999997,24.4

START ALGORITHM
h10: (a25 + a33 - a15 - a24 - a52 - a42) * (-b52 - b23)
h11: (a24 - a51 - a31 - a44 - a44) * (b34 + b25)
h12: (-a13 - a23 - a34) * (-b45)
h16: (a54 - a51 - a24) * (b55)
h24: (-a34) * (-b42)
h31: (a31) * (b35)
h35: (a54) * (-b22)
h48: (a11 - a21) * (b43)
h75: (a25 + a44 - a12) * (b55)
h76: (a24 - a32) * (-b55)
h77: (a13 + a55 + a23 - a12 - a31) * (-b55)
h78: (a53 + a43 + a52 - a14 - a22) * (b42)
h79: (-a43) * (b31)
h86: (a43 - a14 - a23) * (b32 - b31)
h89: (a15 + a35) * (-b54)
h97: (-a25) * (b24 + b21 - b44 - b55)
h98: (a53 + a32 + a13 - a41 - a31 - a41 - a12 - a11 - a34 - a32) * (b44 + b33 - b35 - b42)
h116: (-a23) * (-b31)
h125: (a31) * (b23)
h143: (a15 + a25 - a51) * (b13)
h146: (-a21 - a22) * (-b33)
h231: (a41 - a24 - a24) * (b41 - b33)
h303: (-a53 - a22 - a13) * (-b23)
h307: (a31 + a42 - a24) * (b11)
h376: (a15) * (b53 + b31)
h409: (a53 - a42) * (b33)
h458: (a35 + a32 + a24 - a23 - a13) * (-b31)
h504: (a45 - a51) * (b52 - b31)
h521: (-a44 - a12) * (b11)
h609: (a15 + a23 + a25 - a44 - a11 - a25) * (b35)
h6574: (a22 + a23 + a14 + a34 + a31 + a23 + a53 + a13 - a44 - a21 - a54 - a43 - a44 - a34 - a52) * (-b15)
h6736: (a32 + a44 + a22 + a44 + a41 + a43 + a14 - a55 - a21 - a42 - a35 - a25 - a22 - a24) * (b52)
h7098: (a22 + a53 + a45 + a25 + a41 - a25 - a45 - a13 - a42) * (-b55)
h7641: (a11 + a54 + a44 + a33 - a13 - a24) * (b21)
h9496: (a12) * (-b11)
h12551: (a32 + a12 + a34 - a41 - a53) * (-b45)
h13577: (a21) * (-b22)
h17452: (a34 + a32 - a24) * (-b25)
h19066: (a31 - a13) * (b11 - b22)
h19067: (a52) * (-b41)
h23155: (a34 + a42 + a15 + a33 + a35 - a33 - a51 - a44 - a14 - a21 - a41) * (b13)
h26045: (a51) * (b31 - b42)
h35384: (a12 + a12 + a31 + a52 - a31 - a13) * (b54)
h42299: (a33 - a43 - a52) * (b13)
h46566: (a22 - a25 - a43 - a34) * (b42 + b12)
h50281: (a55 + a11 + a35 + a31 - a45 - a42) * (-b52)
h61627: (a25 + a52 - a14 - a33) * (b44)
c11: h35384 - h16 
c12: h13577 - h31 - h7098 
c13: h24 + h50281 - h10 - h17452 
c14: h76 + h78 
c15: h86 - h307 
c21: h6736 - h77 
c22: h10 - h75 
c23: h12 + h146 + h78 
c24: h11 + h303 + h77 + h19066 + h19067 
c25: h9496 - h97 - h61627 
c31: h89 
c32: h303 
c33: h89 + h458 - h46566 
c34: h12551 + h17452 + h307 + h19066 - h75 
c35: h376 - h24 
c41: h143 + h48 + h23155 + h6574 
c42: h48 + h6574 + h42299 
c43: h6736 
c44: h231 + h409 - h458 
c45: - h98 - h26045 
c51: h76 + h79 - h48 - h609 
c52: h86 - h125 - h504 
c53: h521 + h504 + h89 + h116 
c54: h79 - h86 - h376 - h7641 
c55: h35 + h116 + h6574 + h78 
