0,178.248,24.8
100,114.75999999999999,25
200,91.224,24.4
300,75.944,24.6
400,70.096,24.6
500,67.16799999999999,24.6
600,65.45599999999999,24.4
700,64.328,24.4
800,62.176,24.4
900,62.056,24.4
1000,61.33599999999999,24.4
1100,60.23199999999999,24.4
1200,59.016,24.4
1300,57.912,24.4
1400,57.720000000000006,24.6
1500,56.25600000000001,24.8
1600,55.56,24.8
1700,53.32000000000001,24.8
1800,53.272000000000006,24.8
1900,52.943999999999996,24.8
2000,52.824,24.6
2100,52.44000000000001,24.6
2200,52.44000000000001,24.6
2300,52.44000000000001,24.6
2400,52.08,24.6
2500,52.08,24.6
2600,51.016,24.6
2700,51.016,24.6
2800,51.016,24.6
2900,51.016,24.6
3000,51.016,24.6
3100,51.016,24.6
3200,50.696,24.6
3300,50.696,24.6
3400,49.824,24.6
3500,49.824,24.6
3600,49.824,24.6
3700,49.824,24.6
3800,49.824,24.6
3900,49.824,24.6
4000,49.824,24.6
4100,49.72,24.4
4200,49.72,24.4
4300,49.72,24.4
4400,49.72,24.4
4500,48.68,24.6
4600,48.656,24.4
4700,48.656,24.4
4800,48.656,24.4
4900,48.424,24.4
5000,48.303999999999995,24.4
5100,48.303999999999995,24.4
5200,48.303999999999995,24.4
5300,48.303999999999995,24.4
5400,48.303999999999995,24.4
5500,48.096,24.4
5600,48.096,24.4
5700,47.25599999999999,24.4
5800,47.25599999999999,24.4
5900,47.25599999999999,24.4
6000,47.248,24.4
6100,47.248,24.4
6200,47.248,24.4
6300,47.248,24.4
6400,46.992,24.4
6500,46.992,24.4
6600,46.992,24.4
6700,46.992,24.4
6800,46.992,24.4
6900,46.992,24.4
7000,46.992,24.4
7100,46.815999999999995,24.4
7200,46.68,24.4
7300,46.68,24.4
7400,46.68,24.4
7500,45.008,24.4
7600,45.008,24.4
7700,45.008,24.4
7800,45.008,24.4
7900,44.519999999999996,24.4
8000,44.519999999999996,24.4
8100,44.032,24.4
8200,43.19199999999999,24.4
8300,43.19199999999999,24.4
8400,43.19199999999999,24.4
8500,42.8,24.4
8600,42.239999999999995,24.4
8700,42.239999999999995,24.4
8800,42.239999999999995,24.4
8900,42.239999999999995,24.4
9000,42.239999999999995,24.4
9100,42.239999999999995,24.4
9200,41.896,24.4
9300,41.896,24.4
9400,41.176,24.4
9500,41.176,24.4
9600,41.176,24.4
9700,41.176,24.4
9800,41.176,24.4
9900,41.176,24.4
10000,41.176,24.4
10100,41.176,24.4
10200,41.176,24.4
10300,41.176,24.4
10400,41.176,24.4
10500,41.176,24.4
10600,41.176,24.4
10700,41.176,24.4
10800,41.176,24.4
10900,41.176,24.4
11000,41.176,24.4
11100,41.176,24.4
11200,41.176,24.4
11300,41.176,24.4
11400,41.176,24.4
11500,41.176,24.4
11600,41.176,24.4
11700,41.176,24.4
11800,40.959999999999994,24.4
11900,40.70399999999999,24.4
12000,40.70399999999999,24.4
12100,40.70399999999999,24.4
12200,40.592,24.4
12300,39.696,24.4
12400,39.696,24.4
12500,39.696,24.4
12600,39.11999999999999,24.4
12700,38.992,24.4
12800,38.992,24.4
12900,38.992,24.4
13000,38.992,24.4
13100,38.992,24.4
13200,38.992,24.4
13300,38.848,24.4
13400,38.848,24.4
13500,38.848,24.4
13600,38.848,24.4
13700,38.848,24.4
13800,38.848,24.4
13900,38.688,24.6
14000,38.688,24.6
14100,38.688,24.6
14200,38.688,24.6
14300,38.688,24.6
14400,38.688,24.6
14500,38.63199999999999,24.6
14600,38.63199999999999,24.6
14700,38.63199999999999,24.6
14800,38.63199999999999,24.6
14900,38.63199999999999,24.6
15000,38.63199999999999,24.6
15100,38.63199999999999,24.6
15200,38.303999999999995,24.6
15300,38.303999999999995,24.6
15400,38.184000000000005,24.6
15500,38.184000000000005,24.6
15600,38.184000000000005,24.6
15700,38.184000000000005,24.6
15800,38.184000000000005,24.6
15900,38.184000000000005,24.6
16000,38.088,24.6
16100,38.088,24.6
16200,38,24.6
16300,38,24.6
16400,38,24.6
16500,38,24.6
16600,38,24.6
16700,37.728,24.6
16800,37.728,24.6
16900,35.792,24.6
17000,35.792,24.6
17100,35.792,24.6
17200,35.792,24.6
17300,35.792,24.6
17400,35.792,24.6
17500,35.608000000000004,24.6
17600,35.48800000000001,24.6
17700,35.48800000000001,24.6
17800,35.48800000000001,24.6
17900,35.4,24.6
18000,35.4,24.6
18100,35.4,24.6
18200,35.4,24.6
18300,35.4,24.6
18400,35.064,24.4
18500,35.064,24.4
18600,35.064,24.4
18700,35.064,24.4
18800,35.064,24.4
18900,35.064,24.4
19000,35.064,24.4
19100,35.064,24.4
19200,35.064,24.4
19300,35.064,24.4
19400,35.064,24.4
19500,35.064,24.4
19600,35.064,24.4
19700,35.064,24.4
19800,35.064,24.4
19900,35.064,24.4
20000,35.064,24.4
20100,35.064,24.4
20200,35.064,24.4
20300,35.064,24.4
20400,35.064,24.4
20500,35.064,24.4
20600,35.064,24.4
20700,35.064,24.4
20800,35.064,24.4
20900,35.064,24.4
21000,35.064,24.4
21100,35.064,24.4
21200,35.064,24.4
21300,34.88,24.4
21400,34.775999999999996,24.4
21500,34.775999999999996,24.4
21600,34.775999999999996,24.4
21700,34.616,24.2
21800,34.616,24.2
21900,34.616,24.2
22000,34.616,24.2
22100,34.616,24.2
22200,34.616,24.2
22300,34.616,24.2
22400,34.616,24.2
22500,34.616,24.2
22600,34.616,24.2
22700,34.616,24.2
22800,34.616,24.2
22900,34.616,24.2
23000,34.616,24.2
23100,34.616,24.2
23200,34.616,24.2
23300,34.616,24.2
23400,34.616,24.2
23500,34.616,24.2
23600,34.616,24.2
23700,34.616,24.2
23800,34.616,24.2
23900,34.616,24.2
24000,34.616,24.2
24100,34.616,24.2
24200,34.616,24.2
24300,34.616,24.2
24400,34.616,24.2
24500,34.616,24.2
24600,34.616,24.2
24700,34.616,24.2
24800,34.616,24.2
24900,34.616,24.2
25000,34.616,24.2
25100,34.616,24.2
25200,34.616,24.2
25300,34.616,24.2
25400,34.616,24.2
25500,34.616,24.2
25600,34.616,24.2
25700,34.616,24.2
25800,34.616,24.2
25900,34.616,24.2
26000,34.616,24.2
26100,34.616,24.2
26200,34.616,24.2
26300,34.616,24.2
26400,34.616,24.2
26500,34.616,24.2
26600,34.616,24.2
26700,34.616,24.2
26800,34.616,24.2
26900,33.768,24.4
27000,33.768,24.4
27100,33.768,24.4
27200,33.768,24.4
27300,33.768,24.4
27400,33.768,24.4
27500,33.768,24.4
27600,33.768,24.4
27700,33.768,24.4
27800,33.768,24.4
27900,33.768,24.4
28000,33.768,24.4
28100,33.768,24.4
28200,33.768,24.4
28300,33.768,24.4
28400,33.768,24.4
28500,33.768,24.4
28600,33.768,24.4
28700,33.767999999999994,24.4
28800,33.767999999999994,24.4
28900,33.767999999999994,24.4
29000,33.767999999999994,24.4
29100,33.767999999999994,24.4
29200,33.767999999999994,24.4
29300,33.767999999999994,24.4
29400,33.767999999999994,24.4
29500,33.767999999999994,24.4
29600,33.767999999999994,24.4
29700,33.767999999999994,24.4
29800,33.767999999999994,24.4
29900,33.767999999999994,24.4
30000,33.767999999999994,24.4
30100,33.767999999999994,24.4
30200,33.767999999999994,24.4
30300,33.767999999999994,24.4
30400,33.767999999999994,24.4
30500,33.767999999999994,24.4
30600,33.767999999999994,24.4
30700,33.767999999999994,24.4
30800,33.767999999999994,24.4
30900,33.767999999999994,24.4
31000,33.767999999999994,24.4
31100,33.767999999999994,24.4
31200,33.767999999999994,24.4
31300,33.767999999999994,24.4
31400,33.767999999999994,24.4
31500,33.767999999999994,24.4
31600,33.767999999999994,24.4
31700,33.767999999999994,24.4
31800,33.767999999999994,24.4
31900,33.767999999999994,24.4
32000,33.568,24.4
32100,33.568,24.4
32200,33.568,24.4
32300,33.568,24.4
32400,33.568,24.4
32500,33.568,24.4
32600,33.568,24.4
32700,33.568,24.4
32800,33.568,24.4
32900,33.568,24.4
33000,33.568,24.4
33100,33.568,24.4
33200,33.568,24.4
33300,33.568,24.4
33400,33.568,24.4
33500,33.568,24.4
33600,33.568,24.4
33700,33.568,24.4
33800,33.568,24.4
33900,33.568,24.4
34000,33.568,24.4
34100,33.568,24.4
34200,33.568,24.4
34300,33.568,24.4
34400,33.568,24.4
34500,33.568,24.4
34600,33.568,24.4
34700,33.568,24.4
34800,33.568,24.4
34900,33.568,24.4
35000,33.568,24.4
35100,33.568,24.4
35200,33.568,24.4
35300,33.568,24.4
35400,33.568,24.4
35500,33.568,24.4
35600,33.568,24.4
35700,33.568,24.4
35800,33.568,24.4
35900,33.432,24.4
36000,33.432,24.4
36100,33.432,24.4
36200,33.432,24.4
36300,33.432,24.4
36400,33.432,24.4
36500,33.432,24.4
36600,33.432,24.4
36700,33.432,24.4
36800,33.432,24.4
36900,33.432,24.4
37000,33.432,24.4
37100,33.432,24.4
37200,33.432,24.4
37300,33.432,24.4
37400,33.432,24.4
37500,33.432,24.4
37600,33.432,24.4
37700,33.432,24.4
37800,33.432,24.4
37900,33.432,24.4
38000,33.432,24.4
38100,33.432,24.4
38200,33.432,24.4
38300,33.432,24.4
38400,33.432,24.4
38500,33.432,24.4
38600,33.263999999999996,24.4
38700,33.263999999999996,24.4
38800,33.263999999999996,24.4
38900,33.263999999999996,24.4
39000,33.263999999999996,24.4
39100,33.263999999999996,24.4
39200,33.263999999999996,24.4
39300,33.263999999999996,24.4
39400,33.263999999999996,24.4
39500,33.263999999999996,24.4
39600,33.263999999999996,24.4
39700,33.263999999999996,24.4
39800,33.263999999999996,24.4
39900,33.263999999999996,24.4
40000,33.263999999999996,24.4
40100,33.263999999999996,24.4
40200,33.263999999999996,24.4
40300,33.263999999999996,24.4
40400,33.263999999999996,24.4
40500,32.768,24.4
40600,32.768,24.4
40700,32.768,24.4
40800,32.768,24.4
40900,32.768,24.4
41000,32.768,24.4
41100,32.768,24.4
41200,32.768,24.4
41300,32.304,24.4
41400,32.304,24.4
41500,32.304,24.4
41600,32.304,24.4
41700,32.304,24.4
41800,32.304,24.4
41900,32.304,24.4
42000,32.304,24.4
42100,32.304,24.4
42200,32.304,24.4
42300,32.304,24.4
42400,32.304,24.4
42500,32.304,24.4
42600,32.304,24.4
42700,32.304,24.4
42800,32.304,24.4
42900,32.304,24.4
43000,32.304,24.4
43100,32.304,24.4
43200,32.304,24.4
43300,32.304,24.4
43400,32.304,24.4
43500,32.304,24.4
43600,32.304,24.4
43700,32.304,24.4
43800,32.304,24.4
43900,32.304,24.4
44000,31.888000000000005,24.4
44100,31.888000000000005,24.4
44200,31.888000000000005,24.4
44300,31.888000000000005,24.4
44400,31.888000000000005,24.4
44500,31.888000000000005,24.4
44600,31.888000000000005,24.4
44700,31.888000000000005,24.4
44800,31.888000000000005,24.4
44900,31.888000000000005,24.4
45000,31.888000000000005,24.4
45100,31.888000000000005,24.4
45200,31.888000000000005,24.4
45300,31.888000000000005,24.4
45400,31.888000000000005,24.4
45500,31.888000000000005,24.4
45600,31.888000000000005,24.4
45700,31.888000000000005,24.4
45800,31.888000000000005,24.4
45900,31.888000000000005,24.4
46000,31.888000000000005,24.4
46100,31.888000000000005,24.4
46200,31.888000000000005,24.4
46300,31.768,24.4
46400,31.768,24.4
46500,31.768,24.4
46600,31.768,24.4
46700,31.768,24.4
46800,31.768,24.4
46900,31.768,24.4
47000,31.768,24.4
47100,31.768,24.4
47200,31.768,24.4
47300,31.768,24.4
47400,31.544,24.4
47500,31.544,24.4
47600,31.544,24.4
47700,31.544,24.4
47800,31.544,24.4
47900,31.544,24.4
48000,31.544,24.4
48100,31.544,24.4
48200,31.544,24.4
48300,31.544,24.4
48400,31.544,24.4
48500,31.544,24.4
48600,31.544,24.4
48700,31.544,24.4
48800,31.544,24.4
48900,31.544,24.4
49000,31.544,24.4
49100,31.544,24.4
49200,31.544,24.4
49300,31.544,24.4
49400,31.544,24.4
49500,31.544,24.4
49600,31.544,24.4
49700,31.544,24.4
49800,31.544,24.4
49900,31.544,24.4
50000,31.544,24.4
50100,31.544,24.4
50200,30.912,24.4
50300,30.912,24.4
50400,30.912,24.4
50500,30.912,24.4
50600,30.912,24.4
50700,30.912,24.4
50800,30.912,24.4
50900,30.912,24.4
51000,30.912,24.4
51100,30.912,24.4
51200,30.912,24.4
51300,30.912,24.4
51400,30.912,24.4
51500,30.912,24.4
51600,30.912,24.4
51700,30.912,24.4
51800,30.912,24.4
51900,30.912,24.4
52000,30.912,24.4
52100,30.912,24.4
52200,30.912,24.4
52300,30.912,24.4
52400,30.912,24.4
52500,30.912,24.4
52600,30.912,24.4
52700,30.912,24.4
52800,30.912,24.4
52900,30.912,24.4
53000,30.912,24.4
53100,30.912,24.4
53200,30.912,24.4
53300,30.912,24.4
53400,30.912,24.4
53500,30.912,24.4
53600,30.912,24.4
53700,30.912,24.4
53800,30.912,24.4
53900,30.912,24.4
54000,30.912,24.4
54100,30.912,24.4
54200,30.912,24.4
54300,30.912,24.4
54400,30.912,24.4
54500,30.912,24.4
54600,30.912,24.4
54700,30.912,24.4
54800,30.912,24.4
54900,30.912,24.4
55000,30.912,24.4
55100,30.912,24.4
55200,30.912,24.4
55300,30.912,24.4
55400,30.912,24.4
55500,30.912,24.4
55600,30.912,24.4
55700,30.912,24.4
55800,30.912,24.4
55900,30.912,24.4
56000,30.912,24.4
56100,30.912,24.4
56200,30.912,24.4
56300,30.912,24.4
56400,30.912,24.4
56500,30.912,24.4
56600,30.912,24.4
56700,30.912,24.4
56800,30.912,24.4
56900,30.696000000000005,24.4
57000,30.696000000000005,24.4
57100,30.696000000000005,24.4
57200,30.696000000000005,24.4
57300,30.696000000000005,24.4
57400,30.696000000000005,24.4
57500,30.696000000000005,24.4
57600,30.696000000000005,24.4
57700,30.696000000000005,24.4
57800,30.696000000000005,24.4
57900,30.696000000000005,24.4
58000,30.696000000000005,24.4
58100,30.696000000000005,24.4
58200,30.696000000000005,24.4
58300,30.696000000000005,24.4
58400,30.232000000000006,24.4
58500,30.232000000000006,24.4
58600,30.232000000000006,24.4
58700,30.232000000000006,24.4
58800,30.232000000000006,24.4
58900,30.232000000000006,24.4
59000,30.232000000000006,24.4
59100,30.232000000000006,24.4
59200,30.232000000000006,24.4
59300,30.232000000000006,24.4
59400,30.232000000000006,24.4
59500,30.232000000000006,24.4
59600,30.232000000000006,24.4
59700,30.232000000000006,24.4
59800,30.232000000000006,24.4
59900,30.232000000000006,24.4
60000,30.232000000000006,24.4
60100,30.232000000000006,24.4
60200,30.232000000000006,24.4
60300,30.232000000000006,24.4
60400,30.232000000000006,24.4
60500,30.232000000000006,24.4
60600,30.232000000000006,24.4
60700,30.232000000000006,24.4
60800,30.232000000000006,24.4
60900,30.232000000000006,24.4
61000,30.208,24.2
61100,30.208,24.2
61200,30.208,24.2
61300,30.208,24.2
61400,30.208,24.2
61500,30.208,24.2
61600,30.208,24.2
61700,30.208,24.2
61800,30.208,24.2
61900,30.208,24.2
62000,30.208,24.2
62100,30.208,24.2
62200,30.208,24.2
62300,30.208,24.2
62400,30.208,24.2
62500,30.208,24.2
62600,30.208,24.2
62700,30.208,24.2
62800,30.208,24.2
62900,30.208,24.2
63000,30.208,24.2
63100,30.208,24.2
63200,30.208,24.2
63300,30.208,24.2
63400,30.208,24.2
63500,30.208,24.2
63600,30.208,24.2
63700,30.208,24.2
63800,30.208,24.2
63900,30.208,24.2
64000,30.208,24.2
64100,30.208,24.2
64200,30.208,24.2
64300,30.208,24.2
64400,30.208,24.2
64500,30.208,24.2
64600,30.208,24.2
64700,30.208,24.2
64800,30.208,24.2
64900,30.208,24.2
65000,30.208,24.2
65100,30.208,24.2
65200,30.208,24.2
65300,30.208,24.2
65400,30.208,24.2
65500,30.208,24.2
65600,30.208,24.2
65700,30.208,24.2
65800,30.208,24.2
65900,30.208,24.2
66000,30.208,24.2
66100,30.208,24.2
66200,30.208,24.2
66300,30.208,24.2
66400,30.208,24.2
66500,30.208,24.2
66600,30.208,24.2
66700,30.208,24.2
66800,30.208,24.2
66900,30.208,24.2
67000,30.208,24.2
67100,30.208,24.2
67200,30.208,24.2
67300,30.208,24.2
67400,30.208,24.2
67500,30.208,24.2
67600,30.208,24.2
67700,30.208,24.2
67800,30.208,24.2
67900,30.208,24.2
68000,30.208,24.2
68100,30.208,24.2
68200,30.208,24.2
68300,30.208,24.2
68400,30.208,24.2
68500,30.208,24.2
68600,30.208,24.2
68700,30.208,24.2
68800,30.208,24.2
68900,30.208,24.2
69000,30.208,24.2
69100,30.208,24.2
69200,30.208,24.2
69300,30.208,24.2
69400,30.208,24.2
69500,30.208,24.2
69600,30.208,24.2
69700,30.208,24.2
69800,30.208,24.2
69900,30.208,24.2
70000,30.208,24.2
70100,30.208,24.2
70200,30.208,24.2
70300,30.208,24.2
70400,30.208,24.2
70500,30.208,24.2
70600,30.208,24.2
70700,30.208,24.2
70800,30.208,24.2
70900,30.208,24.2
71000,30.208,24.2
71100,30.208,24.2
71200,30.208,24.2
71300,30.208,24.2
71400,30.208,24.2
71500,30.208,24.2
71600,30.208,24.2
71700,29.816000000000003,24
71800,29.816000000000003,24
71900,29.816000000000003,24
72000,29.816000000000003,24
72100,29.816000000000003,24
72200,29.816000000000003,24
72300,29.816000000000003,24
72400,29.816000000000003,24
72500,29.816000000000003,24
72600,29.816000000000003,24
72700,29.816000000000003,24
72800,29.816000000000003,24
72900,29.816000000000003,24
73000,29.816000000000003,24
73100,29.816000000000003,24
73200,29.816000000000003,24
73300,29.68,24
73400,29.408000000000005,24
73500,29.408000000000005,24
73600,29.408000000000005,24
73700,29.408000000000005,24
73800,29.408000000000005,24
73900,29.408000000000005,24
74000,29.408000000000005,24
74100,29.408000000000005,24
74200,29.408000000000005,24
74300,29.408000000000005,24
74400,29.408000000000005,24
74500,29.24,24
74600,29.24,24
74700,29.24,24
74800,29.24,24
74900,29.24,24
75000,29.24,24
75100,29.24,24
75200,29.24,24
75300,29.24,24
75400,29.24,24
75500,29.24,24
75600,29.24,24
75700,29.24,24
75800,29.24,24
75900,29.24,24
76000,29.24,24
76100,29.24,24
76200,29.24,24
76300,29.24,24
76400,29.24,24
76500,29.24,24
76600,29.24,24
76700,28.24,24
76800,28.24,24
76900,28.24,24
77000,28.24,24
77100,28.24,24
77200,28.224,24
77300,28.224,24
77400,28.224,24
77500,28.224,24
77600,28.224,24
77700,28.224,24
77800,28.224,24
77900,28.224,24
78000,28.224,24
78100,28.224,24
78200,28.224,24
78300,28.224,24
78400,28.224,24
78500,28.224,24
78600,28.224,24
78700,28.224,24
78800,28.224,24
78900,28.224,24
79000,28.224,24
79100,28.224,24
79200,28.224,24
79300,28.224,24
79400,28.224,24
79500,28.224,24
79600,28.224,24
79700,28.224,24
79800,28.224,24
79900,28.224,24
80000,28.224,24
80100,28.224,24
80200,28.224,24
80300,28.224,24
80400,28.224,24
80500,28.224,24
80600,28.224,24
80700,28.224,24
80800,28.224,24
80900,28.224,24
81000,28.224,24
81100,28.151999999999997,24.2
81200,28.151999999999997,24.2
81300,28.151999999999997,24.2
81400,28.151999999999997,24.2
81500,28.151999999999997,24.2
81600,28.151999999999997,24.2
81700,28.151999999999997,24.2
81800,28.151999999999997,24.2
81900,28.151999999999997,24.2
82000,28.151999999999997,24.2
82100,28.151999999999997,24.2
82200,28.151999999999997,24.2
82300,28.151999999999997,24.2
82400,28.151999999999997,24.2
82500,28.151999999999997,24.2
82600,28.151999999999997,24.2
82700,28.151999999999997,24.2
82800,28.080000000000002,24.2
82900,28.080000000000002,24.2
83000,28.080000000000002,24.2
83100,28.080000000000002,24.2
83200,28.080000000000002,24.2
83300,28.080000000000002,24.2
83400,28.080000000000002,24.2
83500,28.080000000000002,24.2
83600,28.080000000000002,24.2
83700,28.080000000000002,24.2
83800,28.080000000000002,24.2
83900,28.080000000000002,24.2
84000,28.080000000000002,24.2
84100,28.080000000000002,24.2
84200,28.080000000000002,24.2
84300,28.080000000000002,24.2
84400,28.080000000000002,24.2
84500,28.080000000000002,24.2
84600,28.080000000000002,24.2
84700,28.080000000000002,24.2
84800,28.080000000000002,24.2
84900,28.080000000000002,24.2
85000,28.080000000000002,24.2
85100,28.080000000000002,24.2
85200,28.080000000000002,24.2
85300,28.080000000000002,24.2
85400,28.080000000000002,24.2
85500,28.080000000000002,24.2
85600,28.080000000000002,24.2
85700,28.080000000000002,24.2
85800,28.080000000000002,24.2
85900,27.768,24.2
86000,27.768,24.2
86100,27.768,24.2
86200,27.768,24.2
86300,27.768,24.2
86400,27.768,24.2
86500,27.768,24.2
86600,27.768,24.2
86700,27.768,24.2
86800,27.768,24.2
86900,27.768,24.2
87000,27.768,24.2
87100,27.768,24.2
87200,27.768,24.2
87300,27.768,24.2
87400,27.768,24.2
87500,27.768,24.2
87600,27.768,24.2
87700,27.768,24.2
87800,27.528,24
87900,27.528,24
88000,27.528,24
88100,27.528,24
88200,27.351999999999997,24
88300,27.351999999999997,24
88400,27.351999999999997,24
88500,27.351999999999997,24
88600,27.351999999999997,24
88700,27.351999999999997,24
88800,27.351999999999997,24
88900,27.351999999999997,24
89000,27.351999999999997,24
89100,27.351999999999997,24
89200,27.351999999999997,24
89300,27.351999999999997,24
89400,27.351999999999997,24
89500,27.351999999999997,24
89600,27.351999999999997,24
89700,27.351999999999997,24
89800,27.351999999999997,24
89900,27.351999999999997,24
90000,27.351999999999997,24
90100,27.351999999999997,24
90200,27.351999999999997,24
90300,27.351999999999997,24
90400,27.351999999999997,24
90500,27.351999999999997,24
90600,27.351999999999997,24
90700,27.351999999999997,24
90800,27.351999999999997,24
90900,27.351999999999997,24
91000,27.351999999999997,24
91100,27.351999999999997,24
91200,27.351999999999997,24
91300,27.351999999999997,24
91400,27.351999999999997,24
91500,27.351999999999997,24
91600,27.351999999999997,24
91700,27.351999999999997,24
91800,27.351999999999997,24
91900,27.351999999999997,24
92000,27.351999999999997,24
92100,27.351999999999997,24
92200,27.351999999999997,24
92300,27.351999999999997,24
92400,27.351999999999997,24
92500,27.351999999999997,24
92600,27.351999999999997,24
92700,27.351999999999997,24
92800,27.351999999999997,24
92900,27.351999999999997,24
93000,27.351999999999997,24
93100,27.351999999999997,24
93200,27.351999999999997,24
93300,27.351999999999997,24
93400,27.351999999999997,24
93500,27.351999999999997,24
93600,27.351999999999997,24
93700,27.351999999999997,24
93800,27.351999999999997,24
93900,27.351999999999997,24
94000,27.351999999999997,24
94100,27.351999999999997,24
94200,27.351999999999997,24
94300,27.351999999999997,24
94400,27.351999999999997,24
94500,27.28,24
94600,27.28,24
94700,27.28,24
94800,27.28,24
94900,27.28,24
95000,27.28,24
95100,27.28,24
95200,27.28,24
95300,27.28,24
95400,27.28,24
95500,27.28,24
95600,27.28,24
95700,27.28,24
95800,27.28,24
95900,27.28,24
96000,27.28,24
96100,27.28,24
96200,27.28,24
96300,27.28,24
96400,27.28,24
96500,27.28,24
96600,27.28,24
96700,27.28,24
96800,27.28,24
96900,27.28,24
97000,27.28,24
97100,27.28,24
97200,27.28,24
97300,27.28,24
97400,27.28,24
97500,27.28,24
97600,27.28,24
97700,27.28,24
97800,27.28,24
97900,27.28,24
98000,27.28,24
98100,27.28,24
98200,27.28,24
98300,27.28,24
98400,27.28,24
98500,27.28,24
98600,27.28,24
98700,27.28,24
98800,27.28,24
98900,27.28,24
99000,27.28,24
99100,27.28,24
99200,27.28,24
99300,27.28,24
99400,27.28,24
99500,27.28,24
99600,27.28,24
99700,27.28,24
99800,27.28,24
99900,27.28,24
99999,27.28,24

START ALGORITHM
h5: (a24 - a15) * (b24)
h6: (a43 + a41 - a25) * (b45 - b55)
h9: (-a54 - a55) * (-b11 - b32)
h13: (-a41) * (b42 + b51)
h16: (a51 + a53 + a44 + a13 - a41) * (-b42)
h19: (a45 + a43 + a33 - a51 - a31) * (b41 + b15 + b32 - b33 - b22 - b41)
h20: (a34 + a14 - a52 - a55 - a53 - a32) * (b52)
h28: (a11) * (-b25)
h33: (a42 + a31 + a41 + a52 + a42 + a53 + a51 + a54 + a41 + a14 + a25 + a44 + a52 + a45 - a45 - a12 - a52 - a53) * (b25)
h36: (a24 + a54 + a32 + a21 + a21 + a13) * (b31 + b44 + b25 - b34 - b44 - b32 - b25)
h41: (a31 - a14 - a21 - a33 - a15 - a31) * (b13 + b23 - b23)
h43: (a24 + a34 - a54 - a53) * (b45 + b11 + b55 - b42 - b22)
h44: (a14 - a14 - a44 - a54 - a21 - a31) * (b51 + b21)
h45: (a54) * (b33)
h49: (a42) * (-b22)
h50: (a42 - a51) * (b15 + b54 - b32 - b23)
h53: (a44 + a51 + a25 + a15 - a12 - a24 - a22) * (b12)
h54: (a12 + a55 + a43) * (b13 + b33)
h58: (a21 - a23 - a23) * (-b25)
h61: (a25 + a14 + a21 + a24 + a25 + a14 + a54 + a32 - a45 - a51 - a35 - a45 - a25 - a55 - a32) * (b54 + b51 - b55 - b55 - b14)
h65: (a11 - a24 - a22 - a11) * (b12 + b15)
h66: (a53 + a35 + a54 - a32) * (-b23)
h67: (a24 + a21 - a14) * (b11)
h68: (a31 - a25) * (-b34)
h72: (a21 + a44 + a11 + a21 + a54 - a33 - a34 - a43) * (b44 + b24 - b52 - b55 - b15 - b54 - b14 - b53)
h74: (a15) * (b32)
h75: (a44 + a14 + a35 + a45 + a35 - a52 - a41 - a22 - a13 - a41 - a55 - a14 - a15) * (-b34)
h78: (a35 - a13 - a24 - a11 - a24 - a41) * (b35 + b35 + b21 + b24 - b12)
h84: (-a22 - a31) * (b12 + b34 + b15 - b53 - b44 - b24 - b32)
h89: (a54 - a53 - a15) * (b53)
h94: (a55 + a52 + a33 + a14 + a25 + a31 + a52 - a45 - a42 - a43 - a13 - a55 - a54 - a44 - a11) * (b53)
h96: (a31 - a43) * (b32)
h102: (a31 + a15 + a13 + a34 - a15) * (-b11)
h122: (a13 - a23 - a25 - a33 - a41 - a13) * (b15)
h125: (a55) * (-b51 - b44)
h140: (a53 + a52 + a25 + a41 - a11 - a12 - a12) * (b21 + b22 - b13 - b13)
h148: (a34) * (b13 - b45)
h155: (a44 + a33 + a43 + a23 + a41 + a12 + a53 + a25 + a35 + a11 - a51 - a54 - a31 - a42 - a24) * (b53)
h156: (a54 + a43) * (b42 - b33)
h159: (a44) * (b51 + b43 + b23 - b21 - b42)
h186: (a31) * (b34)
h199: (a35 + a51) * (-b31)
h205: (a15 - a15 - a15) * (-b15)
h209: (a43 + a15 - a55 - a11 - a34 - a15 - a41) * (b55)
h220: (-a44) * (b23 + b42)
h235: (a24) * (b12)
h253: (a35 + a12 + a51) * (-b21)
h261: (a14) * (-b22)
h263: (a14 - a22) * (b31)
h300: (a14 - a45 - a12) * (-b23 - b23 - b41)
h320: (a42 + a44 + a53) * (b23)
h328: (a31 + a13 + a31 + a54 - a54 - a51) * (b34 + b11 + b22 - b14 - b45 - b23)
h329: (a42 + a54 + a15 - a21) * (b23)
h363: (a52 + a25 + a24 + a42 - a22 - a41) * (-b42)
h410: (a22 - a43) * (b13 + b22 + b34 + b12 + b24 + b31 + b14 + b41 - b25 - b41 - b45 - b33 - b35)
h536: (a42 - a21 - a35) * (b25 + b35)
h613: (-a11) * (-b22)
h656: (-a22 - a34) * (b43)
h661: (a51 - a53 - a21 - a12) * (b15 + b52 + b24 + b45 + b13 - b33 - b21 - b33 - b51)
h735: (a22 + a22 + a51 - a35 - a52 - a34 - a55) * (b54)
h975: (a31 + a31 + a23 - a11) * (b41 - b55)
h1728: (a54 - a24 - a32) * (b21 + b14 + b42 - b11 - b14 - b53)
h2563: (-a53) * (b35)
h2969: (a25 + a14 + a45 - a22) * (b11 + b45 + b53 + b45)
h3862: (a41 + a25 + a24 - a25) * (-b53)
h8198: (a15 - a14 - a25) * (-b32 - b23 - b12)
h8629: (-a44 - a45) * (b15 - b51)
h8639: (-a41 - a52) * (-b41)
h9381: (-a13 - a44) * (b54 - b31)
h20829: (a23 - a42) * (-b41 - b44)
h22156: (a13 + a34 + a45 + a35 - a15) * (b41)
h30658: (a34 + a12 + a43 - a51) * (b22 + b13 - b15 - b51 - b52)
h36001: (-a55 - a32 - a21) * (-b44 - b31)
h40745: (-a41 - a33 - a41) * (b42)
c11: h94 + h1728 
c12: h122 + h45 + h102 - h75 
c13: h61 + h300 + h363 + h536 + h363 + h9 - h54 - h220 - h320 
c14: h41 + h68 + h49 - h72 - h53 
c15: h43 - h67 
c21: h205 + h2563 + h235 
c22: h735 + h125 
c23: h3862 - h328 - h2969 
c24: h8198 + h72 
c25: h33 + h96 + h16 + h186 
c31: h156 + h156 + h155 - h125 - h261 - h329 
c32: h78 + h13 + h656 + h329 + h661 + h155 
c33: h58 + h6 + h89 + h65 + h49 - h410 - h22156 
c34: h30658 + h96 + h613 - h40745 
c35: h68 + h102 - h74 
c41: h72 + h9 
c42: h74 + h43 
c43: h44 + h125 + h13 + h96 + h89 
c44: h159 + h9381 
c45: h5 + h36 + h159 + h94 + h19 + h263 + h975 
c51: - h58 - h148 
c52: h209 + h8629 + h8198 - h8639 
c53: h84 + h263 + h975 - h613 
c54: h20 + h253 + h220 + h20829 - h50 
c55: h66 + h140 + h199 + h28 - h36001 
