0,156.576,24.8
100,124.11999999999998,24.6
200,111.032,24.6
300,103.104,24.6
400,84.376,24.6
500,72.328,24.8
600,69.40799999999999,24.8
700,63.504000000000005,24.8
800,62.984,24.8
900,59.544000000000004,24.8
1000,57.727999999999994,24.8
1100,57.648,24.8
1200,57.096000000000004,24.6
1300,56.327999999999996,24.8
1400,55.91200000000001,24.8
1500,55.91200000000001,24.8
1600,53.936000000000014,24.8
1700,52.471999999999994,24.8
1800,52.208000000000006,24.8
1900,50.992000000000004,24.8
2000,48.544,24.8
2100,47.424,24.8
2200,47.424,24.8
2300,47.424,24.8
2400,47.424,24.8
2500,47.424,24.8
2600,47.29600000000001,24.8
2700,47.29600000000001,24.8
2800,46.58399999999999,24.8
2900,42.768,24.8
3000,42.768,24.8
3100,42.544,24.8
3200,42.544,24.8
3300,42.471999999999994,24.6
3400,39.992000000000004,24.8
3500,39.744,24.8
3600,39.248000000000005,24.8
3700,38.592,24.8
3800,38.592,24.8
3900,38.272,24.8
4000,38.272,24.8
4100,38.272,24.8
4200,38.272,24.8
4300,38.24,24.8
4400,38.24,24.8
4500,37.752,24.8
4600,37.248,24.6
4700,36.864,24.4
4800,36.104,24.2
4900,35.976,24.2
5000,35.976,24.2
5100,35.775999999999996,24.2
5200,34.25599999999999,24.2
5300,33.872,24.4
5400,33.872,24.4
5500,33.872,24.4
5600,33.872,24.4
5700,33.424,24.4
5800,33.424,24.4
5900,33.424,24.4
6000,33.424,24.4
6100,33.424,24.4
6200,33.424,24.4
6300,33.424,24.4
6400,33.024,24.4
6500,32.888,24.4
6600,32.888,24.4
6700,32.616,24.2
6800,32.592,24.6
6900,32.592,24.6
7000,31.560000000000002,24.6
7100,31.560000000000002,24.6
7200,31.560000000000002,24.6
7300,31.416000000000007,24.6
7400,31.416000000000007,24.6
7500,31.416000000000007,24.6
7600,31.416000000000007,24.6
7700,31.416000000000007,24.6
7800,30.703999999999997,24.6
7900,30.703999999999997,24.6
8000,30.703999999999997,24.6
8100,30.624000000000002,24.6
8200,30.624000000000002,24.6
8300,30.624000000000002,24.6
8400,30.624000000000002,24.6
8500,30.624000000000002,24.6
8600,30.344000000000005,24.6
8700,30.088,24.6
8800,30.088,24.6
8900,30.088,24.6
9000,30.088,24.6
9100,30.088,24.6
9200,30.088,24.6
9300,30.088,24.6
9400,30.088,24.6
9500,30.088,24.6
9600,30.088,24.6
9700,30.088,24.6
9800,30.088,24.6
9900,30.088,24.6
10000,30.088,24.6
10100,30.088,24.6
10200,29.808,24.6
10300,29.808,24.6
10400,29.808,24.6
10500,29.808,24.6
10600,29.808,24.6
10700,28.944,24.6
10800,28.839999999999996,24.6
10900,28.839999999999996,24.6
11000,28.816000000000003,24.6
11100,28.816000000000003,24.6
11200,27.919999999999998,24.6
11300,27.919999999999998,24.6
11400,27.919999999999998,24.6
11500,27.919999999999998,24.6
11600,27.919999999999998,24.6
11700,27.919999999999998,24.6
11800,27.919999999999998,24.6
11900,27.919999999999998,24.6
12000,27.919999999999998,24.6
12100,27.919999999999998,24.6
12200,27.848000000000003,24.6
12300,27.848000000000003,24.6
12400,27.679999999999996,24.6
12500,27.679999999999996,24.6
12600,27.679999999999996,24.6
12700,27.679999999999996,24.6
12800,27.679999999999996,24.6
12900,27.679999999999996,24.6
13000,27.679999999999996,24.6
13100,27.679999999999996,24.6
13200,27.679999999999996,24.6
13300,27.679999999999996,24.6
13400,27.679999999999996,24.6
13500,27.679999999999996,24.6
13600,27.679999999999996,24.6
13700,27.679999999999996,24.6
13800,27.679999999999996,24.6
13900,27.679999999999996,24.6
14000,27.679999999999996,24.6
14100,26.968,24.6
14200,26.968,24.6
14300,26.935999999999996,24.6
14400,26.935999999999996,24.6
14500,26.32,24.6
14600,26.32,24.6
14700,26.32,24.6
14800,26.32,24.6
14900,26.32,24.6
15000,26.32,24.6
15100,26.32,24.6
15200,26.183999999999997,24.6
15300,26.183999999999997,24.6
15400,26.183999999999997,24.6
15500,26.183999999999997,24.6
15600,26.183999999999997,24.6
15700,26.183999999999997,24.6
15800,26.183999999999997,24.6
15900,26.183999999999997,24.6
16000,26.183999999999997,24.6
16100,26.183999999999997,24.6
16200,26.183999999999997,24.6
16300,26.183999999999997,24.6
16400,26.183999999999997,24.6
16500,26.183999999999997,24.6
16600,26.183999999999997,24.6
16700,26.183999999999997,24.6
16800,26.183999999999997,24.6
16900,26.183999999999997,24.6
17000,26.183999999999997,24.6
17100,26.183999999999997,24.6
17200,26.183999999999997,24.6
17300,26.183999999999997,24.6
17400,26.183999999999997,24.6
17500,26.183999999999997,24.6
17600,26.183999999999997,24.6
17700,26.183999999999997,24.6
17800,26.183999999999997,24.6
17900,26.183999999999997,24.6
18000,26.183999999999997,24.6
18100,26.183999999999997,24.6
18200,26.183999999999997,24.6
18300,26.183999999999997,24.6
18400,26.183999999999997,24.6
18500,25.968,24.4
18600,25.968,24.4
18700,25.968,24.4
18800,25.968,24.4
18900,25.968,24.4
19000,25.968,24.4
19100,25.863999999999997,24.2
19200,25.863999999999997,24.2
19300,25.863999999999997,24.2
19400,25.863999999999997,24.2
19500,25.863999999999997,24.2
19600,25.863999999999997,24.2
19700,25.456,24.2
19800,25.456,24.2
19900,25.456,24.2
20000,25.456,24.2
20100,25.456,24.2
20200,25.456,24.2
20300,25.456,24.2
20400,25.456,24.2
20500,25.456,24.2
20600,25.456,24.2
20700,25.456,24.2
20800,25.456,24.2
20900,25.456,24.2
21000,25.456,24.2
21100,25.456,24.2
21200,25.456,24.2
21300,25.416,24.2
21400,25.416,24.2
21500,25.416,24.2
21600,25.416,24.2
21700,25.416,24.2
21800,25.416,24.2
21900,25.408,24.2
22000,25.408,24.2
22100,25.152,24.2
22200,25.152,24.2
22300,25.000000000000004,24.2
22400,25.000000000000004,24.2
22500,25.000000000000004,24.2
22600,25.000000000000004,24.2
22700,25.000000000000004,24.2
22800,25.000000000000004,24.2
22900,25.000000000000004,24.2
23000,25.000000000000004,24.2
23100,25.000000000000004,24.2
23200,25.000000000000004,24.2
23300,25.000000000000004,24.2
23400,25.000000000000004,24.2
23500,25.000000000000004,24.2
23600,25.000000000000004,24.2
23700,25.000000000000004,24.2
23800,25.000000000000004,24.2
23900,25.000000000000004,24.2
24000,25.000000000000004,24.2
24100,25.000000000000004,24.2
24200,24.711999999999996,24.2
24300,24.711999999999996,24.2
24400,24.400000000000002,24.2
24500,24.400000000000002,24.2
24600,24.400000000000002,24.2
24700,24.400000000000002,24.2
24800,24.400000000000002,24.2
24900,24.400000000000002,24.2
25000,24.400000000000002,24.2
25100,24.400000000000002,24.2
25200,24.400000000000002,24.2
25300,24.400000000000002,24.2
25400,24.400000000000002,24.2
25500,24.400000000000002,24.2
25600,24.400000000000002,24.2
25700,24.400000000000002,24.2
25800,24.400000000000002,24.2
25900,24.400000000000002,24.2
26000,24.400000000000002,24.2
26100,24.400000000000002,24.2
26200,24.400000000000002,24.2
26300,24.400000000000002,24.2
26400,24.400000000000002,24.2
26500,24.400000000000002,24.2
26600,24.400000000000002,24.2
26700,24.400000000000002,24.2
26800,24.400000000000002,24.2
26900,24.136,24.2
27000,24.136,24.2
27100,24.136,24.2
27200,24.136,24.2
27300,24.136,24.2
27400,24.136,24.2
27500,24.136,24.2
27600,24.136,24.2
27700,24.136,24.2
27800,24.136,24.2
27900,24.136,24.2
28000,24.136,24.2
28100,24.136,24.2
28200,24.136,24.2
28300,24.136,24.2
28400,24.136,24.2
28500,24.136,24.2
28600,24.136,24.2
28700,24.136,24.2
28800,24.136,24.2
28900,24.136,24.2
29000,24.136,24.2
29100,24.136,24.2
29200,24.136,24.2
29300,24.136,24.2
29400,24.136,24.2
29500,24.136,24.2
29600,24.136,24.2
29700,24.136,24.2
29800,24.136,24.2
29900,24.136,24.2
30000,24.136,24.2
30100,24.136,24.2
30200,24.136,24.2
30300,24.136,24.2
30400,24.136,24.2
30500,24.136,24.2
30600,24.136,24.2
30700,24.136,24.2
30800,24.136,24.2
30900,24.136,24.2
31000,23.688,24.2
31100,23.639999999999997,24.2
31200,23.639999999999997,24.2
31300,23.639999999999997,24.2
31400,23.639999999999997,24.2
31500,23.631999999999998,24.2
31600,23.631999999999998,24.2
31700,23.631999999999998,24.2
31800,23.631999999999998,24.2
31900,23.631999999999998,24.2
32000,23.631999999999998,24.2
32100,23.631999999999998,24.2
32200,23.631999999999998,24.2
32300,23.631999999999998,24.2
32400,23.631999999999998,24.2
32500,23.631999999999998,24.2
32600,23.631999999999998,24.2
32700,23.631999999999998,24.2
32800,23.631999999999998,24.2
32900,23.631999999999998,24.2
33000,23.631999999999998,24.2
33100,23.631999999999998,24.2
33200,23.631999999999998,24.2
33300,23.631999999999998,24.2
33400,23.631999999999998,24.2
33500,23.631999999999998,24.2
33600,23.631999999999998,24.2
33700,23.631999999999998,24.2
33800,23.631999999999998,24.2
33900,23.631999999999998,24.2
34000,23.631999999999998,24.2
34100,23.631999999999998,24.2
34200,23.631999999999998,24.2
34300,23.631999999999998,24.2
34400,23.440000000000005,24.4
34500,23.440000000000005,24.4
34600,23.440000000000005,24.4
34700,23.440000000000005,24.4
34800,23.440000000000005,24.4
34900,23.440000000000005,24.4
35000,23.440000000000005,24.4
35100,23.440000000000005,24.4
35200,23.440000000000005,24.4
35300,23.440000000000005,24.4
35400,23.440000000000005,24.4
35500,23.440000000000005,24.4
35600,23.440000000000005,24.4
35700,23.440000000000005,24.4
35800,23.440000000000005,24.4
35900,23.440000000000005,24.4
36000,23.440000000000005,24.4
36100,23.440000000000005,24.4
36200,23.440000000000005,24.4
36300,23.440000000000005,24.4
36400,23.440000000000005,24.4
36500,23.440000000000005,24.4
36600,23.440000000000005,24.4
36700,23.440000000000005,24.4
36800,23.016,24.4
36900,22.896,24.4
37000,22.896,24.4
37100,22.896,24.4
37200,22.896,24.4
37300,22.896,24.4
37400,22.896,24.4
37500,22.896,24.4
37600,22.896,24.4
37700,22.896,24.4
37800,22.896,24.4
37900,22.896,24.4
38000,22.896,24.4
38100,22.896,24.4
38200,22.896,24.4
38300,22.896,24.4
38400,22.896,24.4
38500,22.896,24.4
38600,22.896,24.4
38700,22.896,24.4
38800,22.896,24.4
38900,22.896,24.4
39000,22.896,24.4
39100,22.896,24.4
39200,22.896,24.4
39300,22.896,24.4
39400,22.896,24.4
39500,22.896,24.4
39600,22.896,24.4
39700,22.6,24.4
39800,22.6,24.4
39900,22.536,24.4
40000,22.536,24.4
40100,22.536,24.4
40200,22.536,24.4
40300,22.536,24.4
40400,22.536,24.4
40500,22.536,24.4
40600,22.536,24.4
40700,22.536,24.4
40800,22.536,24.4
40900,22.536,24.4
41000,22.536,24.4
41100,22.536,24.4
41200,22.536,24.4
41300,22.536,24.4
41400,22.536,24.4
41500,22.536,24.4
41600,22.536,24.4
41700,22.536,24.4
41800,22.536,24.4
41900,22.536,24.4
42000,22.536,24.4
42100,22.536,24.4
42200,22.536,24.4
42300,22.536,24.4
42400,22.536,24.4
42500,22.536,24.4
42600,22.536,24.4
42700,22.536,24.4
42800,22.536,24.4
42900,22.536,24.4
43000,22.536,24.4
43100,22.536,24.4
43200,22.536,24.4
43300,22.536,24.4
43400,22.536,24.4
43500,22.536,24.4
43600,22.536,24.4
43700,22.536,24.4
43800,22.536,24.4
43900,22.536,24.4
44000,22.536,24.4
44100,22.536,24.4
44200,22.536,24.4
44300,22.536,24.4
44400,22.536,24.4
44500,22.536,24.4
44600,22.536,24.4
44700,22.536,24.4
44800,22.536,24.4
44900,22.536,24.4
45000,22.536,24.4
45100,22.536,24.4
45200,22.536,24.4
45300,22.536,24.4
45400,22.536,24.4
45500,22.536,24.4
45600,22.536,24.4
45700,22.536,24.4
45800,22.536,24.4
45900,22.536,24.4
46000,22.536,24.4
46100,22.536,24.4
46200,22.536,24.4
46300,22.536,24.4
46400,22.536,24.4
46500,22.536,24.4
46600,22.536,24.4
46700,22.536,24.4
46800,22.536,24.4
46900,22.536,24.4
47000,22.536,24.4
47100,22.536,24.4
47200,22.536,24.4
47300,22.536,24.4
47400,22.536,24.4
47500,22.536,24.4
47600,22.536,24.4
47700,22.536,24.4
47800,22.536,24.4
47900,22.536,24.4
48000,22.536,24.4
48100,22.536,24.4
48200,22.536,24.4
48300,22.536,24.4
48400,22.536,24.4
48500,22.536,24.4
48600,22.536,24.4
48700,22.536,24.4
48800,22.536,24.4
48900,22.536,24.4
49000,22.536,24.4
49100,22.536,24.4
49200,22.536,24.4
49300,22.536,24.4
49400,22.536,24.4
49500,22.536,24.4
49600,22.536,24.4
49700,22.536,24.4
49800,22.536,24.4
49900,22.536,24.4
50000,22.536,24.4
50100,22.536,24.4
50200,22.536,24.4
50300,22.536,24.4
50400,22.536,24.4
50500,22.536,24.4
50600,22.536,24.4
50700,22.536,24.4
50800,22.536,24.4
50900,22.536,24.4
51000,22.536,24.4
51100,22.536,24.4
51200,22.536,24.4
51300,22.536,24.4
51400,22.536,24.4
51500,22.536,24.4
51600,22.536,24.4
51700,22.536,24.4
51800,22.536,24.4
51900,22.536,24.4
52000,22.536,24.4
52100,22.536,24.4
52200,22.536,24.4
52300,22.536,24.4
52400,22.536,24.4
52500,22.536,24.4
52600,22.464,24.4
52700,22.464,24.4
52800,22.464,24.4
52900,22.464,24.4
53000,22.464,24.4
53100,22.104,24.4
53200,22.104,24.4
53300,22.104,24.4
53400,22.104,24.4
53500,22.104,24.4
53600,22.104,24.4
53700,22.104,24.4
53800,22.104,24.4
53900,22.104,24.4
54000,22.104,24.4
54100,22.104,24.4
54200,21.712,24.6
54300,21.712,24.6
54400,21.712,24.6
54500,21.712,24.6
54600,21.712,24.6
54700,21.712,24.6
54800,21.712,24.6
54900,21.712,24.6
55000,21.712,24.6
55100,21.712,24.6
55200,21.712,24.6
55300,21.68,24.6
55400,21.68,24.6
55500,21.68,24.6
55600,21.68,24.6
55700,21.68,24.6
55800,21.68,24.6
55900,21.68,24.6
56000,21.68,24.6
56100,21.68,24.6
56200,21.68,24.6
56300,21.68,24.6
56400,21.68,24.6
56500,21.68,24.6
56600,21.68,24.6
56700,21.68,24.6
56800,21.68,24.6
56900,21.68,24.6
57000,21.68,24.6
57100,21.68,24.6
57200,21.68,24.6
57300,21.68,24.6
57400,21.68,24.6
57500,21.68,24.6
57600,21.68,24.6
57700,21.68,24.6
57800,21.68,24.6
57900,21.68,24.6
58000,21.68,24.6
58100,21.68,24.6
58200,21.68,24.6
58300,21.68,24.6
58400,21.68,24.6
58500,21.68,24.6
58600,21.656,24.6
58700,21.656,24.6
58800,21.656,24.6
58900,21.656,24.6
59000,21.44,24.6
59100,21.44,24.6
59200,21.44,24.6
59300,21.44,24.6
59400,21.44,24.6
59500,21.44,24.6
59600,21.44,24.6
59700,21.44,24.6
59800,21.368000000000002,24.6
59900,21.368000000000002,24.6
60000,21.368000000000002,24.6
60100,21.368000000000002,24.6
60200,21.368000000000002,24.6
60300,21.368000000000002,24.6
60400,21.368000000000002,24.6
60500,21.368000000000002,24.6
60600,21.368000000000002,24.6
60700,21.368000000000002,24.6
60800,21.368000000000002,24.6
60900,21.368000000000002,24.6
61000,21.368000000000002,24.6
61100,21.368000000000002,24.6
61200,21.368000000000002,24.6
61300,21.368000000000002,24.6
61400,21.368000000000002,24.6
61500,21.368000000000002,24.6
61600,21.368000000000002,24.6
61700,21.368000000000002,24.6
61800,21.368000000000002,24.6
61900,21.368000000000002,24.6
62000,21.368000000000002,24.6
62100,21.368000000000002,24.6
62200,21.368000000000002,24.6
62300,21.368000000000002,24.6
62400,21.368000000000002,24.6
62500,21.368000000000002,24.6
62600,21.368000000000002,24.6
62700,21.368000000000002,24.6
62800,21.368000000000002,24.6
62900,21.368000000000002,24.6
63000,21.368000000000002,24.6
63100,21.368000000000002,24.6
63200,21.368000000000002,24.6
63300,21.368000000000002,24.6
63400,21.368000000000002,24.6
63500,21.368000000000002,24.6
63600,21.368000000000002,24.6
63700,21.368000000000002,24.6
63800,21.368000000000002,24.6
63900,21.368000000000002,24.6
64000,21.368000000000002,24.6
64100,21.368000000000002,24.6
64200,21.368000000000002,24.6
64300,21.368000000000002,24.6
64400,21.368000000000002,24.6
64500,21.368000000000002,24.6
64600,21.368000000000002,24.6
64700,21.368000000000002,24.6
64800,21.368000000000002,24.6
64900,21.368000000000002,24.6
65000,21.368000000000002,24.6
65100,21.368000000000002,24.6
65200,21.368000000000002,24.6
65300,21.368000000000002,24.6
65400,21.368000000000002,24.6
65500,21.368000000000002,24.6
65600,21.368000000000002,24.6
65700,21.368000000000002,24.6
65800,21.368000000000002,24.6
65900,21.368000000000002,24.6
66000,21.368000000000002,24.6
66100,21.368000000000002,24.6
66200,21.368000000000002,24.6
66300,21.368000000000002,24.6
66400,21.368000000000002,24.6
66500,21.368000000000002,24.6
66600,21.119999999999997,24.6
66700,21.119999999999997,24.6
66800,21.096,24.6
66900,21.096,24.6
67000,21.096,24.6
67100,21.096,24.6
67200,21.096,24.6
67300,21.096,24.6
67400,21.096,24.6
67500,21.096,24.6
67600,21.096,24.6
67700,21.096,24.6
67800,21.096,24.6
67900,21.096,24.6
68000,21.096,24.6
68100,21.096,24.6
68200,21.096,24.6
68300,21.096,24.6
68400,21.096,24.6
68500,21.096,24.6
68600,21.04,24.6
68700,21.04,24.6
68800,21.04,24.6
68900,21.04,24.6
69000,21.04,24.6
69100,21.04,24.6
69200,21.04,24.6
69300,21.04,24.6
69400,21.04,24.6
69500,21.04,24.6
69600,21.04,24.6
69700,21.04,24.6
69800,21.04,24.6
69900,21.04,24.6
70000,21.04,24.6
70100,21.04,24.6
70200,21.04,24.6
70300,21.04,24.6
70400,21.04,24.6
70500,21.04,24.6
70600,21.04,24.6
70700,21.04,24.6
70800,21.04,24.6
70900,21.04,24.6
71000,21.04,24.6
71100,21.04,24.6
71200,21.04,24.6
71300,21.04,24.6
71400,21.04,24.6
71500,21.04,24.6
71600,21.04,24.6
71700,21.04,24.6
71800,21.04,24.6
71900,21.04,24.6
72000,21.04,24.6
72100,21.04,24.6
72200,21.04,24.6
72300,21.04,24.6
72400,21.04,24.6
72500,21.04,24.6
72600,21.04,24.6
72700,20.895999999999997,24.8
72800,20.895999999999997,24.8
72900,20.895999999999997,24.8
73000,20.895999999999997,24.8
73100,20.895999999999997,24.8
73200,20.895999999999997,24.8
73300,20.895999999999997,24.8
73400,20.895999999999997,24.8
73500,20.895999999999997,24.8
73600,20.895999999999997,24.8
73700,20.895999999999997,24.8
73800,20.895999999999997,24.8
73900,20.895999999999997,24.8
74000,20.895999999999997,24.8
74100,20.895999999999997,24.8
74200,20.895999999999997,24.8
74300,20.895999999999997,24.8
74400,20.895999999999997,24.8
74500,20.895999999999997,24.8
74600,20.895999999999997,24.8
74700,20.895999999999997,24.8
74800,20.895999999999997,24.8
74900,20.895999999999997,24.8
75000,20.895999999999997,24.8
75100,20.895999999999997,24.8
75200,20.895999999999997,24.8
75300,20.895999999999997,24.8
75400,20.895999999999997,24.8
75500,20.895999999999997,24.8
75600,20.895999999999997,24.8
75700,20.895999999999997,24.8
75800,20.895999999999997,24.8
75900,20.895999999999997,24.8
76000,20.895999999999997,24.8
76100,20.895999999999997,24.8
76200,20.895999999999997,24.8
76300,20.895999999999997,24.8
76400,20.895999999999997,24.8
76500,20.895999999999997,24.8
76600,20.895999999999997,24.8
76700,20.895999999999997,24.8
76800,20.895999999999997,24.8
76900,20.895999999999997,24.8
77000,20.895999999999997,24.8
77100,20.895999999999997,24.8
77200,20.895999999999997,24.8
77300,20.895999999999997,24.8
77400,20.895999999999997,24.8
77500,20.895999999999997,24.8
77600,20.895999999999997,24.8
77700,20.895999999999997,24.8
77800,20.895999999999997,24.8
77900,20.895999999999997,24.8
78000,20.895999999999997,24.8
78100,20.895999999999997,24.8
78200,20.895999999999997,24.8
78300,20.895999999999997,24.8
78400,20.895999999999997,24.8
78500,20.895999999999997,24.8
78600,20.895999999999997,24.8
78700,20.895999999999997,24.8
78800,20.895999999999997,24.8
78900,20.895999999999997,24.8
79000,20.895999999999997,24.8
79100,20.895999999999997,24.8
79200,20.895999999999997,24.8
79300,20.895999999999997,24.8
79400,20.895999999999997,24.8
79500,20.895999999999997,24.8
79600,20.895999999999997,24.8
79700,20.895999999999997,24.8
79800,20.895999999999997,24.8
79900,20.895999999999997,24.8
80000,20.895999999999997,24.8
80100,20.895999999999997,24.8
80200,20.895999999999997,24.8
80300,20.895999999999997,24.8
80400,20.895999999999997,24.8
80500,20.895999999999997,24.8
80600,20.895999999999997,24.8
80700,20.895999999999997,24.8
80800,20.895999999999997,24.8
80900,20.895999999999997,24.8
81000,20.895999999999997,24.8
81100,20.895999999999997,24.8
81200,20.895999999999997,24.8
81300,20.895999999999997,24.8
81400,20.895999999999997,24.8
81500,20.895999999999997,24.8
81600,20.895999999999997,24.8
81700,20.895999999999997,24.8
81800,20.895999999999997,24.8
81900,20.895999999999997,24.8
82000,20.895999999999997,24.8
82100,20.895999999999997,24.8
82200,20.895999999999997,24.8
82300,20.895999999999997,24.8
82400,20.895999999999997,24.8
82500,20.895999999999997,24.8
82600,20.895999999999997,24.8
82700,20.895999999999997,24.8
82800,20.895999999999997,24.8
82900,20.895999999999997,24.8
83000,20.895999999999997,24.8
83100,20.895999999999997,24.8
83200,20.895999999999997,24.8
83300,20.895999999999997,24.8
83400,20.895999999999997,24.8
83500,20.895999999999997,24.8
83600,20.895999999999997,24.8
83700,20.895999999999997,24.8
83800,20.895999999999997,24.8
83900,20.895999999999997,24.8
84000,20.895999999999997,24.8
84100,20.895999999999997,24.8
84200,20.895999999999997,24.8
84300,20.895999999999997,24.8
84400,20.895999999999997,24.8
84500,20.895999999999997,24.8
84600,20.895999999999997,24.8
84700,20.895999999999997,24.8
84800,20.895999999999997,24.8
84900,20.895999999999997,24.8
85000,20.895999999999997,24.8
85100,20.895999999999997,24.8
85200,20.895999999999997,24.8
85300,20.895999999999997,24.8
85400,20.895999999999997,24.8
85500,20.895999999999997,24.8
85600,20.895999999999997,24.8
85700,20.895999999999997,24.8
85800,20.895999999999997,24.8
85900,20.895999999999997,24.8
86000,20.895999999999997,24.8
86100,20.895999999999997,24.8
86200,20.895999999999997,24.8
86300,20.895999999999997,24.8
86400,20.895999999999997,24.8
86500,20.895999999999997,24.8
86600,20.895999999999997,24.8
86700,20.895999999999997,24.8
86800,20.895999999999997,24.8
86900,20.895999999999997,24.8
87000,20.895999999999997,24.8
87100,20.895999999999997,24.8
87200,20.895999999999997,24.8
87300,20.895999999999997,24.8
87400,20.895999999999997,24.8
87500,20.895999999999997,24.8
87600,20.895999999999997,24.8
87700,20.895999999999997,24.8
87800,20.895999999999997,24.8
87900,20.895999999999997,24.8
88000,20.895999999999997,24.8
88100,20.895999999999997,24.8
88200,20.895999999999997,24.8
88300,20.895999999999997,24.8
88400,20.895999999999997,24.8
88500,20.895999999999997,24.8
88600,20.895999999999997,24.8
88700,20.895999999999997,24.8
88800,20.895999999999997,24.8
88900,20.895999999999997,24.8
89000,20.895999999999997,24.8
89100,20.895999999999997,24.8
89200,20.895999999999997,24.8
89300,20.895999999999997,24.8
89400,20.895999999999997,24.8
89500,20.895999999999997,24.8
89600,20.895999999999997,24.8
89700,20.895999999999997,24.8
89800,20.895999999999997,24.8
89900,20.895999999999997,24.8
90000,20.895999999999997,24.8
90100,20.895999999999997,24.8
90200,20.895999999999997,24.8
90300,20.895999999999997,24.8
90400,20.895999999999997,24.8
90500,20.895999999999997,24.8
90600,20.895999999999997,24.8
90700,20.895999999999997,24.8
90800,20.895999999999997,24.8
90900,20.895999999999997,24.8
91000,20.895999999999997,24.8
91100,20.895999999999997,24.8
91200,20.895999999999997,24.8
91300,20.895999999999997,24.8
91400,20.895999999999997,24.8
91500,20.895999999999997,24.8
91600,20.895999999999997,24.8
91700,20.895999999999997,24.8
91800,20.895999999999997,24.8
91900,20.895999999999997,24.8
92000,20.895999999999997,24.8
92100,20.895999999999997,24.8
92200,20.895999999999997,24.8
92300,20.895999999999997,24.8
92400,20.895999999999997,24.8
92500,20.895999999999997,24.8
92600,20.895999999999997,24.8
92700,20.895999999999997,24.8
92800,20.895999999999997,24.8
92900,20.895999999999997,24.8
93000,20.895999999999997,24.8
93100,20.895999999999997,24.8
93200,20.895999999999997,24.8
93300,20.895999999999997,24.8
93400,20.895999999999997,24.8
93500,20.895999999999997,24.8
93600,20.895999999999997,24.8
93700,20.712,24.6
93800,20.712,24.6
93900,20.712,24.6
94000,20.712,24.6
94100,20.712,24.6
94200,20.712,24.6
94300,20.712,24.6
94400,20.712,24.6
94500,20.712,24.6
94600,20.712,24.6
94700,20.712,24.6
94800,20.712,24.6
94900,20.712,24.6
95000,20.712,24.6
95100,20.712,24.6
95200,20.712,24.6
95300,20.712,24.6
95400,20.712,24.6
95500,20.712,24.6
95600,20.712,24.6
95700,20.712,24.6
95800,20.712,24.6
95900,20.712,24.6
96000,20.712,24.6
96100,20.712,24.6
96200,20.712,24.6
96300,20.712,24.6
96400,20.712,24.6
96500,20.712,24.6
96600,20.712,24.6
96700,20.712,24.6
96800,20.712,24.6
96900,20.712,24.6
97000,20.712,24.6
97100,20.712,24.6
97200,20.712,24.6
97300,20.712,24.6
97400,20.712,24.6
97500,20.712,24.6
97600,20.712,24.6
97700,20.712,24.6
97800,20.712,24.6
97900,20.712,24.6
98000,20.712,24.6
98100,20.712,24.6
98200,20.712,24.6
98300,20.712,24.6
98400,20.712,24.6
98500,20.712,24.6
98600,20.712,24.6
98700,20.712,24.6
98800,20.712,24.6
98900,20.712,24.6
99000,20.712,24.6
99100,20.712,24.6
99200,20.712,24.6
99300,20.712,24.6
99400,20.712,24.6
99500,20.712,24.6
99600,20.712,24.6
99700,20.712,24.6
99800,20.712,24.6
99900,20.712,24.6
99999,20.712,24.6

START ALGORITHM
h3: (a53 - a55) * (b25 + b34 + b52 + b52 - b11)
h4: (a42 - a12) * (b33 + b14 + b45 + b32 + b31 - b22 - b45 - b42 - b33 - b21 - b43)
h14: (a13) * (b35 + b51 + b23 + b32 + b15 + b52 - b45 - b41)
h15: (a32) * (b24 + b21 + b31 + b21 - b25 - b34 - b11 - b13 - b53)
h30: (a51) * (b11 - b12 - b25 - b44 - b42 - b45)
h34: (a34) * (b22)
h37: (-a25) * (b22 + b45 + b25 + b43 - b15)
h41: (a31) * (b14 + b53 - b12 - b22 - b12 - b55)
h46: (-a42) * (b23)
h48: (a21) * (-b13 - b55)
h53: (a32) * (b45 + b31 + b14 + b31 + b22 + b33 - b31 - b11 - b53 - b43 - b14 - b15)
h60: (-a12) * (b33 - b15 - b12)
h61: (-a32) * (b41 + b13 - b14)
h62: (-a44 - a33) * (-b21)
h63: (a35) * (b15 + b22 + b25 + b43 + b12 + b13 + b15 + b55 + b31 + b23 - b32 - b35 - b32 - b12 - b21 - b13 - b24)
h73: (a53) * (b33 + b11 - b15 - b15)
h76: (-a14) * (b24 + b34 + b22 + b41 - b32 - b14 - b14 - b54 - b41)
h78: (a13) * (b25 + b41 - b34)
h80: (-a21) * (b25 + b11 - b31)
h91: (a14) * (-b11)
h93: (-a34) * (b32 - b33)
h95: (-a21) * (b43 + b12 + b13 + b41 + b33 + b15 + b33 + b51 + b31 + b31 + b15 + b34 - b33 - b33 - b55 - b42 - b13 - b25 - b33)
h99: (-a24) * (b24)
h108: (a55 - a35) * (b45)
h109: (a33) * (b51 + b34 + b13 - b21 - b52 - b43 - b55 - b55 - b53 - b22 - b12)
h110: (a25) * (b25 + b41 + b41 - b35 - b42 - b41)
h119: (a11) * (b42 + b21 + b34 + b24 - b33 - b23 - b44 - b12)
h121: (a52) * (b21 - b54)
h126: (a53 - a12) * (-b32 - b14)
h128: (-a53) * (-b24)
h130: (a25) * (b13 + b44 + b42 - b41)
h133: (a33) * (b55 + b14 + b14 + b55 + b51 + b35 - b41)
h156: (-a12) * (b14 - b35 - b23 - b53)
h161: (a21 + a53 + a53 + a21) * (b35 - b13)
h224: (a52) * (b13 + b44 + b21 + b25 - b34 - b11)
h227: (-a35) * (b41 + b35 - b52 - b12 - b41 - b31)
h258: (-a21) * (-b33)
h292: (-a45) * (b54)
h392: (a51) * (b15 + b42 + b42 - b12 - b31)
h434: (-a24) * (b31 + b32 + b12 - b35)
h550: (a51) * (b15 - b13)
h956: (a44) * (b23 - b44)
h973: (a53) * (b51 - b31 - b31 - b23 - b34)
h997: (-a43) * (b15 + b52 + b21 + b31 - b42 - b52 - b32 - b22)
h1430: (-a22) * (b34 + b51 + b55 + b34 + b23 - b32 - b53 - b51 - b11)
h1732: (-a53 - a42 - a33) * (b12 + b35 - b21 - b11)
h4730: (a42 - a15) * (b42 - b25 - b52)
h5561: (a35) * (b23 + b21 - b12 - b25)
h7901: (-a21) * (b41 - b45)
h9949: (a22) * (b55 + b32 - b22 - b13)
h13604: (a44) * (b35 + b44)
h16697: (a54 + a21) * (b15 - b24)
h16747: (-a14) * (b54 + b12)
h17180: (-a41) * (b35 - b23)
c11: h4730 + h258 - h973 
c12: h63 + h15 + h133 + h997 - h30 
c13: h95 - h41 
c14: h61 + h14 - h110 - h119 
c15: h99 + h76 + h37 + h1430 
c21: h130 + h73 + h121 + h99 - h17180 
c22: h62 + h121 + h48 + h76 + h61 
c23: h91 
c24: h91 + h109 + h5561 - h121 - h956 - h5561 
c25: h4 + h3 
c31: h73 + h227 + h14 + h956 - h13604 
c32: h128 + h1430 + h258 
c33: h80 + h48 + h227 + h128 + h9949 - h78 - h126 
c34: h392 + h108 - h93 - h156 
c35: h15 + h119 + h16697 - h7901 
c41: h78 + h60 + h126 + h61 - h60 
c42: h224 + h108 - h53 - h16747 
c43: h95 + h78 + h48 - h1732 
c44: h80 + h550 + h224 - h258 
c45: h34 - h60 - h3 
c51: - h34 - h434 
c52: h61 + h392 + h5561 
c53: h128 + h434 - h108 
c54: h53 + h292 - h46 - h161 
c55: h130 + h61 + h60 - h61 
