0,148.01600000000002,25
100,95.24800000000002,24.8
200,81.144,24.8
300,77.63199999999999,24.8
400,70.064,25
500,68.976,25
600,66.376,25
700,64.792,25
800,64.296,25
900,64.216,25
1000,60.648,25
1100,59.632000000000005,25
1200,58.80799999999999,25
1300,57.272000000000006,25
1400,51.312,24.8
1500,51.056000000000004,24.8
1600,50.16,24.8
1700,50,25
1800,49.81599999999999,25
1900,49.431999999999995,25
2000,49.224000000000004,25
2100,49.224000000000004,25
2200,47.519999999999996,25
2300,47.232,25
2400,46.879999999999995,25
2500,46.583999999999996,25
2600,45.815999999999995,25
2700,44.55200000000001,25
2800,44.064,25
2900,44.032,25
3000,44.032,25
3100,44.032,25
3200,44.032,25
3300,43.672000000000004,25
3400,43.672000000000004,25
3500,43.672000000000004,25
3600,43.672000000000004,25
3700,43.416000000000004,25
3800,43.416000000000004,25
3900,43.416000000000004,25
4000,43.416000000000004,25
4100,43.416000000000004,25
4200,43.288,25
4300,43.288,25
4400,43.288,25
4500,43.215999999999994,25
4600,43.215999999999994,25
4700,43.215999999999994,25
4800,43.215999999999994,25
4900,43.215999999999994,25
5000,43.215999999999994,25
5100,43.016,25
5200,42.480000000000004,25
5300,41.784,25
5400,41.784,25
5500,40.36,25
5600,40.36,25
5700,40.36,25
5800,40.36,25
5900,40.36,25
6000,40.248000000000005,25
6100,39.032,25
6200,38.67999999999999,25
6300,38.312,25
6400,38.312,25
6500,38.312,25
6600,38.008,25
6700,38.008,25
6800,38.008,25
6900,37.815999999999995,25
7000,37.815999999999995,25
7100,37.815999999999995,25
7200,37.815999999999995,25
7300,37.815999999999995,25
7400,37.815999999999995,25
7500,37.815999999999995,25
7600,37.815999999999995,25
7700,37.815999999999995,25
7800,37.815999999999995,25
7900,37.815999999999995,25
8000,37.815999999999995,25
8100,37.815999999999995,25
8200,37.784000000000006,25
8300,37.784000000000006,25
8400,37.784000000000006,25
8500,37.472,25
8600,37.472,25
8700,37.472,25
8800,37.472,25
8900,37.472,25
9000,37.455999999999996,25
9100,37.455999999999996,25
9200,37.455999999999996,25
9300,37.455999999999996,25
9400,37.455999999999996,25
9500,37.455999999999996,25
9600,37.455999999999996,25
9700,37.455999999999996,25
9800,37.455999999999996,25
9900,37.096,25
10000,37.096,25
10100,37.096,25
10200,37.007999999999996,25
10300,35.64,25
10400,35.504000000000005,25
10500,35.504000000000005,25
10600,35.504000000000005,25
10700,35.504000000000005,25
10800,35.504000000000005,25
10900,35.504000000000005,25
11000,35.504000000000005,25
11100,35.504000000000005,25
11200,35.504000000000005,25
11300,35.504000000000005,25
11400,35.504000000000005,25
11500,35.504000000000005,25
11600,35.504000000000005,25
11700,35.504000000000005,25
11800,35.504000000000005,25
11900,35.504000000000005,25
12000,35.504000000000005,25
12100,35.504000000000005,25
12200,35.504000000000005,25
12300,35.504000000000005,25
12400,35.504000000000005,25
12500,35.504000000000005,25
12600,35.504000000000005,25
12700,35.504000000000005,25
12800,35.504000000000005,25
12900,35.504000000000005,25
13000,35.504000000000005,25
13100,35.504000000000005,25
13200,35.504000000000005,25
13300,35.504000000000005,25
13400,35.504000000000005,25
13500,35.504000000000005,25
13600,35.504000000000005,25
13700,35.504000000000005,25
13800,35.504000000000005,25
13900,35.504000000000005,25
14000,35.504000000000005,25
14100,35.504000000000005,25
14200,35.504000000000005,25
14300,35.504000000000005,25
14400,35.504000000000005,25
14500,35.504000000000005,25
14600,35.504000000000005,25
14700,35.504000000000005,25
14800,35.504000000000005,25
14900,35.376,25
15000,35.376,25
15100,35.376,25
15200,35.376,25
15300,35.376,25
15400,35.376,25
15500,35.376,25
15600,35.376,25
15700,35.376,25
15800,35.376,25
15900,35.376,25
16000,35.232000000000006,25
16100,35.232000000000006,25
16200,35.232000000000006,25
16300,35.232000000000006,25
16400,35.232000000000006,25
16500,35.232000000000006,25
16600,35.232000000000006,25
16700,35.232000000000006,25
16800,35.232000000000006,25
16900,35.232000000000006,25
17000,35.232000000000006,25
17100,35.232000000000006,25
17200,35.232000000000006,25
17300,35.232000000000006,25
17400,35.024,25
17500,34.504000000000005,24.8
17600,34.504000000000005,24.8
17700,34.504000000000005,24.8
17800,34.504000000000005,24.8
17900,34.504000000000005,24.8
18000,34.504000000000005,24.8
18100,34.44,24.8
18200,34.44,24.8
18300,34.44,24.8
18400,34.44,24.8
18500,34.224000000000004,24.8
18600,34.224000000000004,24.8
18700,34.224000000000004,24.8
18800,34.224000000000004,24.8
18900,34.224000000000004,24.8
19000,34.224000000000004,24.8
19100,33.416,24.8
19200,33.176,24.8
19300,33.176,24.8
19400,33.176,24.8
19500,33.176,24.8
19600,33.176,24.8
19700,33.176,24.8
19800,33.176,24.8
19900,33.176,24.8
20000,33.176,24.8
20100,33.176,24.8
20200,33.176,24.8
20300,33.176,24.8
20400,33.176,24.8
20500,33.176,24.8
20600,33.176,24.8
20700,33.176,24.8
20800,33.176,24.8
20900,33.176,24.8
21000,33.176,24.8
21100,33.176,24.8
21200,33.176,24.8
21300,33.176,24.8
21400,33.176,24.8
21500,33.176,24.8
21600,33.176,24.8
21700,33,24.8
21800,33,24.8
21900,33,24.8
22000,32.784000000000006,24.8
22100,32.784000000000006,24.8
22200,32.784000000000006,24.8
22300,32.784000000000006,24.8
22400,32.784000000000006,24.8
22500,32.784000000000006,24.8
22600,32.67999999999999,24.8
22700,32.424,24.8
22800,32.424,24.8
22900,32.29600000000001,24.8
23000,32.29600000000001,24.8
23100,32.29600000000001,24.8
23200,32.29600000000001,24.8
23300,32.29600000000001,24.8
23400,32.29600000000001,24.8
23500,32.29600000000001,24.8
23600,32.29600000000001,24.8
23700,32.29600000000001,24.8
23800,32.29600000000001,24.8
23900,32.29600000000001,24.8
24000,32.29600000000001,24.8
24100,32.29600000000001,24.8
24200,32.29600000000001,24.8
24300,32.29600000000001,24.8
24400,32.29600000000001,24.8
24500,32.29600000000001,24.8
24600,32.29600000000001,24.8
24700,32.29600000000001,24.8
24800,32.29600000000001,24.8
24900,32.29600000000001,24.8
25000,32.29600000000001,24.8
25100,32.29600000000001,24.8
25200,32.29600000000001,24.8
25300,32.29600000000001,24.8
25400,32.29600000000001,24.8
25500,32.29600000000001,24.8
25600,32.29600000000001,24.8
25700,32.29600000000001,24.8
25800,32.29600000000001,24.8
25900,32.29600000000001,24.8
26000,32.29600000000001,24.8
26100,32.29600000000001,24.8
26200,32.29600000000001,24.8
26300,32.29600000000001,24.8
26400,32.29600000000001,24.8
26500,32.29600000000001,24.8
26600,32.29600000000001,24.8
26700,32.29600000000001,24.8
26800,32.29600000000001,24.8
26900,32.29600000000001,24.8
27000,32.29600000000001,24.8
27100,32.29600000000001,24.8
27200,32.29600000000001,24.8
27300,32.29600000000001,24.8
27400,32.29600000000001,24.8
27500,32.29600000000001,24.8
27600,32.29600000000001,24.8
27700,32.29600000000001,24.8
27800,32.29600000000001,24.8
27900,32.29600000000001,24.8
28000,32.04,25
28100,32.04,25
28200,32.04,25
28300,32.04,25
28400,32.04,25
28500,32.04,25
28600,32.04,25
28700,32.04,25
28800,30.984,25
28900,30.984,25
29000,30.944,25
29100,30.944,25
29200,30.944,25
29300,30.944,25
29400,30.944,25
29500,30.736,25
29600,30.736,25
29700,30.736,25
29800,30.736,25
29900,30.736,25
30000,30.736,25
30100,30.736,25
30200,30.736,25
30300,30.736,25
30400,30.736,25
30500,30.736,25
30600,30.736,25
30700,30.736,25
30800,30.736,25
30900,30.736,25
31000,30.736,25
31100,30.736,25
31200,30.736,25
31300,30.736,25
31400,30.736,25
31500,30.736,25
31600,30.736,25
31700,30.736,25
31800,30.736,25
31900,30.736,25
32000,30.336000000000002,25
32100,30.240000000000002,25
32200,29.752,25
32300,29.752,25
32400,29.752,25
32500,29.752,25
32600,29.752,25
32700,29.752,25
32800,29.752,25
32900,29.752,25
33000,29.752,25
33100,29.752,25
33200,29.752,25
33300,29.752,25
33400,29.6,25
33500,28.712,24.8
33600,28.712,24.8
33700,28.712,24.8
33800,28.712,24.8
33900,28.712,24.8
34000,28.712,24.8
34100,28.712,24.8
34200,28.712,24.8
34300,28.712,24.8
34400,28.712,24.8
34500,28.712,24.8
34600,28.712,24.8
34700,28.712,24.8
34800,28.712,24.8
34900,28.712,24.8
35000,28.712,24.8
35100,28.712,24.8
35200,28.712,24.8
35300,28.712,24.8
35400,28.712,24.8
35500,28.712,24.8
35600,28.712,24.8
35700,28.712,24.8
35800,28.712,24.8
35900,28.712,24.8
36000,28.712,24.8
36100,28.656000000000006,24.8
36200,28.656000000000006,24.8
36300,28.656000000000006,24.8
36400,28.656000000000006,24.8
36500,28.656000000000006,24.8
36600,28.656000000000006,24.8
36700,28.656000000000006,24.8
36800,28.656,24.8
36900,28.656,24.8
37000,28.656,24.8
37100,28.503999999999998,24.8
37200,28.208,24.8
37300,28.208,24.8
37400,28.208,24.8
37500,28.208,24.8
37600,28.208,24.8
37700,28.208,24.8
37800,28.208,24.8
37900,28.208,24.8
38000,28.208,24.8
38100,28.208,24.8
38200,28.208,24.8
38300,28.208,24.8
38400,28.208,24.8
38500,28.208,24.8
38600,28.208,24.8
38700,28.208,24.8
38800,28.208,24.8
38900,28.208,24.8
39000,28.208,24.8
39100,28.208,24.8
39200,28.208,24.8
39300,28.208,24.8
39400,28.208,24.8
39500,28.208,24.8
39600,28.208,24.8
39700,28.208,24.8
39800,28.208,24.8
39900,28.208,24.8
40000,28.208,24.8
40100,28.208,24.8
40200,28.208,24.8
40300,28.208,24.8
40400,28.208,24.8
40500,28.208,24.8
40600,28.208,24.8
40700,28.208,24.8
40800,28.208,24.8
40900,28.208,24.8
41000,28.208,24.8
41100,28.208,24.8
41200,28.208,24.8
41300,28.208,24.8
41400,28.208,24.8
41500,28.208,24.8
41600,28.208,24.8
41700,28.208,24.8
41800,28.208,24.8
41900,28.208,24.8
42000,28.208,24.8
42100,28.208,24.8
42200,28.208,24.8
42300,28.208,24.8
42400,28.208,24.8
42500,28.208,24.8
42600,28.208,24.8
42700,27.744000000000007,24.8
42800,27.744000000000007,24.8
42900,27.744000000000007,24.8
43000,27.744000000000007,24.8
43100,27.744000000000007,24.8
43200,27.744000000000007,24.8
43300,27.744000000000007,24.8
43400,27.744000000000007,24.8
43500,27.744000000000007,24.8
43600,27.744000000000007,24.8
43700,27.744000000000007,24.8
43800,27.744000000000007,24.8
43900,27.744000000000007,24.8
44000,27.744000000000007,24.8
44100,27.512,24.8
44200,27.512,24.8
44300,27.512,24.8
44400,27.512,24.8
44500,27.512,24.8
44600,27.512,24.8
44700,27.48,24.8
44800,27.48,24.8
44900,27.48,24.8
45000,27.48,24.8
45100,27.48,24.8
45200,27.48,24.8
45300,27.48,24.8
45400,27.191999999999997,24.8
45500,27.191999999999997,24.8
45600,27.191999999999997,24.8
45700,27.127999999999997,24.8
45800,27.127999999999997,24.8
45900,27.127999999999997,24.8
46000,27.127999999999997,24.8
46100,27.127999999999997,24.8
46200,27.127999999999997,24.8
46300,27.127999999999997,24.8
46400,27.127999999999997,24.8
46500,27.127999999999997,24.8
46600,27.127999999999997,24.8
46700,27.127999999999997,24.8
46800,27.127999999999997,24.8
46900,27.127999999999997,24.8
47000,27.127999999999997,24.8
47100,27.127999999999997,24.8
47200,27.127999999999997,24.8
47300,27.127999999999997,24.8
47400,27.127999999999997,24.8
47500,27.127999999999997,24.8
47600,27.127999999999997,24.8
47700,27.127999999999997,24.8
47800,27.127999999999997,24.8
47900,27.127999999999997,24.8
48000,27.127999999999997,24.8
48100,27.127999999999997,24.8
48200,27.127999999999997,24.8
48300,27.127999999999997,24.8
48400,27.127999999999997,24.8
48500,27.127999999999997,24.8
48600,27.127999999999997,24.8
48700,27.127999999999997,24.8
48800,27.127999999999997,24.8
48900,27.127999999999997,24.8
49000,27.127999999999997,24.8
49100,27.127999999999997,24.8
49200,27.127999999999997,24.8
49300,27.127999999999997,24.8
49400,27.079999999999995,24.8
49500,27.079999999999995,24.8
49600,27.079999999999995,24.8
49700,27.079999999999995,24.8
49800,27.079999999999995,24.8
49900,27.079999999999995,24.8
50000,27.079999999999995,24.8
50100,27.079999999999995,24.8
50200,27.079999999999995,24.8
50300,27.079999999999995,24.8
50400,27.079999999999995,24.8
50500,27.079999999999995,24.8
50600,27.079999999999995,24.8
50700,27.079999999999995,24.8
50800,27.079999999999995,24.8
50900,27.079999999999995,24.8
51000,27.079999999999995,24.8
51100,27.079999999999995,24.8
51200,27.048000000000002,24.8
51300,27.048000000000002,24.8
51400,27.048000000000002,24.8
51500,27.048000000000002,24.8
51600,27.048000000000002,24.8
51700,27.048000000000002,24.8
51800,27.048000000000002,24.8
51900,27.048000000000002,24.8
52000,27.048000000000002,24.8
52100,25.695999999999998,24.8
52200,25.695999999999998,24.8
52300,25.695999999999998,24.8
52400,25.695999999999998,24.8
52500,25.695999999999998,24.8
52600,25.695999999999998,24.8
52700,25.695999999999998,24.8
52800,25.695999999999998,24.8
52900,25.695999999999998,24.8
53000,25.695999999999998,24.8
53100,25.695999999999998,24.8
53200,25.695999999999998,24.8
53300,25.695999999999998,24.8
53400,25.695999999999998,24.8
53500,25.695999999999998,24.8
53600,25.695999999999998,24.8
53700,25.695999999999998,24.8
53800,25.695999999999998,24.8
53900,25.695999999999998,24.8
54000,25.695999999999998,24.8
54100,25.695999999999998,24.8
54200,25.695999999999998,24.8
54300,25.695999999999998,24.8
54400,25.695999999999998,24.8
54500,25.695999999999998,24.8
54600,25.695999999999998,24.8
54700,25.695999999999998,24.8
54800,25.695999999999998,24.8
54900,25.695999999999998,24.8
55000,25.695999999999998,24.8
55100,25.695999999999998,24.8
55200,25.695999999999998,24.8
55300,25.695999999999998,24.8
55400,25.695999999999998,24.8
55500,25.351999999999997,24.6
55600,25.351999999999997,24.6
55700,25.351999999999997,24.6
55800,25.351999999999997,24.6
55900,25.351999999999997,24.6
56000,25.351999999999997,24.6
56100,25.351999999999997,24.6
56200,25.351999999999997,24.6
56300,25.351999999999997,24.6
56400,25.351999999999997,24.6
56500,25.351999999999997,24.6
56600,25.351999999999997,24.6
56700,25.351999999999997,24.6
56800,25.351999999999997,24.6
56900,25.351999999999997,24.6
57000,25.351999999999997,24.6
57100,25.351999999999997,24.6
57200,25.351999999999997,24.6
57300,25.351999999999997,24.6
57400,25.351999999999997,24.6
57500,25.351999999999997,24.6
57600,25.351999999999997,24.6
57700,25.351999999999997,24.6
57800,25.351999999999997,24.6
57900,25.351999999999997,24.6
58000,25.351999999999997,24.6
58100,25.351999999999997,24.6
58200,25.351999999999997,24.6
58300,25.351999999999997,24.6
58400,25.351999999999997,24.6
58500,25.351999999999997,24.6
58600,25.351999999999997,24.6
58700,25.351999999999997,24.6
58800,25.351999999999997,24.6
58900,25.351999999999997,24.6
59000,25.351999999999997,24.6
59100,25.351999999999997,24.6
59200,25.351999999999997,24.6
59300,25.351999999999997,24.6
59400,25.351999999999997,24.6
59500,25.351999999999997,24.6
59600,25.351999999999997,24.6
59700,25.351999999999997,24.6
59800,25.351999999999997,24.6
59900,25.351999999999997,24.6
60000,25.351999999999997,24.6
60100,25.351999999999997,24.6
60200,25.351999999999997,24.6
60300,25.351999999999997,24.6
60400,25.336000000000002,24.6
60500,25.055999999999997,24.6
60600,25.055999999999997,24.6
60700,25.055999999999997,24.6
60800,25.055999999999997,24.6
60900,25.055999999999997,24.6
61000,25.055999999999997,24.6
61100,25.055999999999997,24.6
61200,25.055999999999997,24.6
61300,25.055999999999997,24.6
61400,25.055999999999997,24.6
61500,25.055999999999997,24.6
61600,25.055999999999997,24.6
61700,25.055999999999997,24.6
61800,25.055999999999997,24.6
61900,25.055999999999997,24.6
62000,25.055999999999997,24.6
62100,25.055999999999997,24.6
62200,25.055999999999997,24.6
62300,25.055999999999997,24.6
62400,25.055999999999997,24.6
62500,25.055999999999997,24.6
62600,25.055999999999997,24.6
62700,25.055999999999997,24.6
62800,25.055999999999997,24.6
62900,25.055999999999997,24.6
63000,25.055999999999997,24.6
63100,25.055999999999997,24.6
63200,25.055999999999997,24.6
63300,25.055999999999997,24.6
63400,25.055999999999997,24.6
63500,25.055999999999997,24.6
63600,25.055999999999997,24.6
63700,25.055999999999997,24.6
63800,25.055999999999997,24.6
63900,25.055999999999997,24.6
64000,25.055999999999997,24.6
64100,25.055999999999997,24.6
64200,25.055999999999997,24.6
64300,25.055999999999997,24.6
64400,25.055999999999997,24.6
64500,25.055999999999997,24.6
64600,25.055999999999997,24.6
64700,25.055999999999997,24.6
64800,25.055999999999997,24.6
64900,25.055999999999997,24.6
65000,25.055999999999997,24.6
65100,25.055999999999997,24.6
65200,25.055999999999997,24.6
65300,25.055999999999997,24.6
65400,25.055999999999997,24.6
65500,25.055999999999997,24.6
65600,25.055999999999997,24.6
65700,25.055999999999997,24.6
65800,25.055999999999997,24.6
65900,25.055999999999997,24.6
66000,25.055999999999997,24.6
66100,25.055999999999997,24.6
66200,25.055999999999997,24.6
66300,25.055999999999997,24.6
66400,25.055999999999997,24.6
66500,25.055999999999997,24.6
66600,25.055999999999997,24.6
66700,25.055999999999997,24.6
66800,25.055999999999997,24.6
66900,25.055999999999997,24.6
67000,25.055999999999997,24.6
67100,25.055999999999997,24.6
67200,25.055999999999997,24.6
67300,25.055999999999997,24.6
67400,25.055999999999997,24.6
67500,25.055999999999997,24.6
67600,25.055999999999997,24.6
67700,25.055999999999997,24.6
67800,25.055999999999997,24.6
67900,25.055999999999997,24.6
68000,24.832,24.6
68100,24.832,24.6
68200,24.832,24.6
68300,24.832,24.6
68400,24.832,24.6
68500,24.832,24.6
68600,24.832,24.6
68700,24.832,24.6
68800,24.832,24.6
68900,24.832,24.6
69000,24.832,24.6
69100,24.832,24.6
69200,24.832,24.6
69300,24.832,24.6
69400,24.832,24.6
69500,24.832,24.6
69600,24.832,24.6
69700,24.832,24.6
69800,24.832,24.6
69900,24.832,24.6
70000,24.832,24.6
70100,24.832,24.6
70200,24.832,24.6
70300,24.832,24.6
70400,24.832,24.6
70500,24.832,24.6
70600,24.832,24.6
70700,24.832,24.6
70800,24.832,24.6
70900,24.832,24.6
71000,24.832,24.6
71100,24.832,24.6
71200,24.832,24.6
71300,24.832,24.6
71400,24.832,24.6
71500,24.832,24.6
71600,24.832,24.6
71700,24.832,24.6
71800,24.832,24.6
71900,24.768,24.6
72000,24.768,24.6
72100,24.648000000000003,24.6
72200,24.648000000000003,24.6
72300,24.648000000000003,24.6
72400,24.648000000000003,24.6
72500,24.648000000000003,24.6
72600,24.648000000000003,24.6
72700,24.648000000000003,24.6
72800,24.648000000000003,24.6
72900,24.648000000000003,24.6
73000,24.648000000000003,24.6
73100,24.648000000000003,24.6
73200,24.648000000000003,24.6
73300,24.648000000000003,24.6
73400,24.648000000000003,24.6
73500,24.648000000000003,24.6
73600,24.648000000000003,24.6
73700,24.648000000000003,24.6
73800,24.648000000000003,24.6
73900,24.648000000000003,24.6
74000,24.648000000000003,24.6
74100,24.648000000000003,24.6
74200,23.767999999999997,24.6
74300,23.767999999999997,24.6
74400,23.767999999999997,24.6
74500,23.767999999999997,24.6
74600,23.767999999999997,24.6
74700,23.767999999999997,24.6
74800,23.767999999999997,24.6
74900,23.767999999999997,24.6
75000,23.767999999999997,24.6
75100,23.759999999999998,24.6
75200,23.72,24.6
75300,23.72,24.6
75400,23.72,24.6
75500,23.72,24.6
75600,23.72,24.6
75700,23.72,24.6
75800,23.72,24.6
75900,23.72,24.6
76000,23.72,24.6
76100,23.72,24.6
76200,23.72,24.6
76300,23.72,24.6
76400,23.72,24.6
76500,23.72,24.6
76600,23.72,24.6
76700,23.72,24.6
76800,23.72,24.6
76900,23.72,24.6
77000,23.72,24.6
77100,23.72,24.6
77200,23.72,24.6
77300,23.72,24.6
77400,23.72,24.6
77500,23.72,24.6
77600,23.72,24.6
77700,23.72,24.6
77800,23.72,24.6
77900,23.72,24.6
78000,23.72,24.6
78100,23.72,24.6
78200,23.72,24.6
78300,23.72,24.6
78400,23.72,24.6
78500,23.72,24.6
78600,23.72,24.6
78700,23.72,24.6
78800,23.72,24.6
78900,23.72,24.6
79000,23.72,24.6
79100,23.72,24.6
79200,23.72,24.6
79300,23.72,24.6
79400,23.72,24.6
79500,23.72,24.6
79600,23.72,24.6
79700,23.72,24.6
79800,23.72,24.6
79900,23.72,24.6
80000,23.72,24.6
80100,23.72,24.6
80200,23.72,24.6
80300,23.304,24.6
80400,23.304,24.6
80500,23.304,24.6
80600,23.304,24.6
80700,23.304,24.6
80800,23.304,24.6
80900,23.304,24.6
81000,23.304,24.6
81100,23.304,24.6
81200,23.304,24.6
81300,23.304,24.6
81400,23.304,24.6
81500,23.304,24.6
81600,23.304,24.6
81700,23.304,24.6
81800,23.304,24.6
81900,23.304,24.6
82000,23.304,24.6
82100,23.304,24.6
82200,23.304,24.6
82300,23.304,24.6
82400,23.304,24.6
82500,23.304,24.6
82600,23.304,24.6
82700,23.304,24.6
82800,23.304,24.6
82900,23.304,24.6
83000,23.304,24.6
83100,23.304,24.6
83200,23.304,24.6
83300,23.304,24.6
83400,23.304,24.6
83500,23.304,24.6
83600,23.304,24.6
83700,23.304,24.6
83800,23.304,24.6
83900,23.304,24.6
84000,23.304,24.6
84100,23.304,24.6
84200,23.304,24.6
84300,23.304,24.6
84400,23.304,24.6
84500,23.304,24.6
84600,23.304,24.6
84700,23.304,24.6
84800,23.304,24.6
84900,23.304,24.6
85000,23.304,24.6
85100,23.304,24.6
85200,23.304,24.6
85300,23.304,24.6
85400,23.304,24.6
85500,23.304,24.6
85600,23.304,24.6
85700,23.304,24.6
85800,23.304,24.6
85900,23.304,24.6
86000,23.304,24.6
86100,23.304,24.6
86200,23.304,24.6
86300,23.304,24.6
86400,23.304,24.6
86500,23.304,24.6
86600,23.304,24.6
86700,23.304,24.6
86800,23.104,24.6
86900,23.104,24.6
87000,23.104,24.6
87100,23.104,24.6
87200,23.104,24.6
87300,23.104,24.6
87400,23.104,24.6
87500,23.104,24.6
87600,23.104,24.6
87700,23.104,24.6
87800,23.104,24.6
87900,23.104,24.6
88000,23.104,24.6
88100,23.104,24.6
88200,23.104,24.6
88300,23.104,24.6
88400,23.104,24.6
88500,23.104,24.6
88600,23.104,24.6
88700,23.104,24.6
88800,23.104,24.6
88900,23.104,24.6
89000,23.104,24.6
89100,23.104,24.6
89200,23.104,24.6
89300,23.104,24.6
89400,23.104,24.6
89500,23.104,24.6
89600,23.104,24.6
89700,23.104,24.6
89800,23.104,24.6
89900,23.104,24.6
90000,23.104,24.6
90100,23.104,24.6
90200,23.104,24.6
90300,23.104,24.6
90400,23.064,24.6
90500,23.064,24.6
90600,23.064,24.6
90700,23.064,24.6
90800,22.856,24.6
90900,22.856,24.6
91000,22.856,24.6
91100,22.856,24.6
91200,22.856,24.6
91300,22.856,24.6
91400,22.856,24.6
91500,22.856,24.6
91600,22.856,24.6
91700,22.856,24.6
91800,22.856,24.6
91900,22.856,24.6
92000,22.856,24.6
92100,22.856,24.6
92200,22.856,24.6
92300,22.856,24.6
92400,22.856,24.6
92500,22.856,24.6
92600,22.856,24.6
92700,22.856,24.6
92800,22.856,24.6
92900,22.856,24.6
93000,22.856,24.6
93100,22.856,24.6
93200,22.856,24.6
93300,22.856,24.6
93400,22.856,24.6
93500,22.856,24.6
93600,22.856,24.6
93700,22.856,24.6
93800,22.856,24.6
93900,22.856,24.6
94000,22.856,24.6
94100,22.856,24.6
94200,22.856,24.6
94300,22.856,24.6
94400,22.856,24.6
94500,22.856,24.6
94600,22.856,24.6
94700,22.856,24.6
94800,22.856,24.6
94900,22.856,24.6
95000,22.856,24.6
95100,22.856,24.6
95200,22.856,24.6
95300,22.856,24.6
95400,22.592,24.6
95500,22.592,24.6
95600,22.592,24.6
95700,22.592,24.6
95800,22.592,24.6
95900,22.592,24.6
96000,22.592,24.6
96100,22.592,24.6
96200,22.592,24.6
96300,22.592,24.6
96400,22.592,24.6
96500,22.592,24.6
96600,22.592,24.6
96700,22.592,24.6
96800,22.592,24.6
96900,22.592,24.6
97000,22.592,24.6
97100,22.592,24.6
97200,22.592,24.6
97300,22.592,24.6
97400,22.592,24.6
97500,22.592,24.6
97600,22.592,24.6
97700,22.592,24.6
97800,22.592,24.6
97900,22.592,24.6
98000,22.592,24.6
98100,22.592,24.6
98200,22.592,24.6
98300,22.592,24.6
98400,22.592,24.6
98500,22.592,24.6
98600,22.592,24.6
98700,22.592,24.6
98800,22.592,24.6
98900,22.592,24.6
99000,22.592,24.6
99100,22.592,24.6
99200,22.592,24.6
99300,22.592,24.6
99400,22.592,24.6
99500,22.592,24.6
99600,22.592,24.6
99700,22.592,24.6
99800,22.592,24.6
99900,22.592,24.6
99999,22.592,24.6

START ALGORITHM
h5: (a34 - a41 - a34) * (b22 + b34 - b12 - b12)
h9: (a21) * (b33 + b52 + b14 - b14 - b51)
h12: (a51) * (b35 + b21 + b33 + b34)
h15: (a43) * (b42)
h17: (-a32) * (b34 - b35)
h23: (-a55) * (b42 + b12 - b35 - b21)
h27: (a24) * (-b42)
h32: (a55) * (b13 + b43 - b22)
h36: (a12) * (b53 + b43 + b35 + b53 + b33 + b31 + b22 - b42 - b13 - b23 - b45 - b25)
h43: (a13 + a11 - a45) * (b41 - b34 - b21)
h45: (a54 - a23) * (b54 + b25 - b15 - b41 - b21)
h52: (-a34) * (b12 + b13 + b11 - b53 - b14 - b21)
h61: (a55 + a14) * (-b33)
h63: (-a34 - a53) * (b13 - b12)
h67: (a53) * (-b45)
h69: (a21 + a14) * (b13)
h76: (-a31) * (b32)
h78: (a14 + a55 + a22 + a11 + a53) * (b32)
h79: (a13) * (b43 - b15 - b14)
h87: (-a51) * (b55 + b53)
h100: (a42 - a42) * (b53)
h101: (-a14) * (-b25)
h107: (a55) * (b21 - b33)
h119: (a52 - a55) * (-b42 - b55)
h134: (-a11) * (-b15)
h141: (-a32 - a21 - a13 - a33) * (-b45 - b53 - b44 - b32)
h149: (a52 + a35 - a23) * (b23 + b24 + b14 + b11 - b42)
h159: (a55 - a35) * (b34 - b25 - b52 - b32)
h160: (a51 + a32) * (b33 + b45 + b54 + b43 - b54 - b24)
h204: (a14) * (b11)
h217: (a14 - a44) * (b44 - b21 - b42 - b22)
h219: (a22) * (b54 + b45 - b12 - b55 - b21)
h279: (a41 + a13 - a32 - a42) * (b32 + b35 + b53 + b32 + b51 - b23 - b55 - b55 - b51 - b11)
h339: (a44) * (b12 + b31)
h349: (a41) * (b25 + b34 + b55 + b21 + b55 + b24 + b45 + b33 + b44 - b31 - b32 - b54 - b24 - b45)
h366: (-a41) * (-b11)
h460: (a25 - a34 - a12 - a54 - a15) * (b54 + b45 + b15 + b55)
h464: (a34 + a15 + a14 + a25 + a52 + a51 + a22 - a54 - a43 - a44 - a23 - a25) * (b21 - b35 - b15)
h470: (a24) * (b54)
h589: (-a11) * (b24 + b54 + b22 - b25 - b25)
h603: (a41) * (b24 - b44)
h716: (a43 - a42 - a45 - a15) * (b55 + b45 - b45 - b42 - b32)
h747: (-a31) * (b42 + b53)
h912: (a34 - a14) * (b45 + b23 + b22 - b53)
h992: (-a51) * (b14)
h1022: (a52 + a54 + a32 - a31) * (b43)
h1069: (a21 + a15 + a14 - a15 - a25 - a14) * (b22 + b11)
h1398: (-a33) * (-b42)
h1802: (a32) * (b55 + b53 + b31 - b35)
h2901: (a22) * (b11 + b11 + b25 + b53 + b53 - b43)
h14131: (a55 + a35 + a52 - a42 - a31) * (b23 - b43 - b23 - b43)
h17531: (a24 - a15) * (-b41)
h20199: (a31 + a43) * (b25 + b12 + b24 + b35 - b11 - b31 - b42 - b23)
h23302: (a14) * (b44 + b24 - b32 - b22 - b54)
h37989: (-a43 - a23) * (b44 - b13 - b43)
h45177: (a34) * (b34 + b43)
h46590: (-a21) * (b25 + b31 + b35)
c11: h20199 - h43 - h1802 
c12: h61 + h470 
c13: h52 - h992 
c14: h589 + h1398 + h23302 
c15: h52 + h79 + h716 - h100 
c21: h67 + h141 + h107 + h87 + h27 + h339 + h149 + h101 
c22: h17531 - h101 
c23: h464 + h141 - h603 - h37989 
c24: h69 + h119 + h87 + h100 + h17 + h52 - h349 
c25: h912 
c31: h101 + h36 + h61 + h9 + h45 - h217 
c32: h204 + h366 + h141 + h134 + h67 - h1022 - h1069 
c33: h101 + h1069 + h1022 
c34: h912 + h14131 
c35: h32 - h464 
c41: h9 - h5 - h2901 
c42: h12 + h160 + h61 + h470 - h61 
c43: h63 - h149 
c44: h279 + h339 + h470 
c45: h17 + h134 + h119 + h119 + h15 - h52 - h78 - h23 
c51: h15 - h107 - h46590 
c52: h159 + h366 
c53: h76 + h5 + h279 + h17 
c54: h219 + h460 + h470 
c55: h43 - h747 - h45177 
