0,170.07199999999997,25
100,103.38400000000001,24.8
200,82.808,24.8
300,80.232,24.8
400,77.256,25
500,74.432,25
600,74.208,25
700,71.43199999999999,25
800,68.04,25
900,67.16799999999999,25
1000,67.16799999999999,25
1100,64.97600000000001,25
1200,62.248000000000005,25
1300,61.616,25
1400,61.496,25
1500,60.495999999999995,25
1600,59.896,25
1700,58.536,25
1800,58.536,25
1900,58.536,25
2000,57.992,25
2100,57.992,25
2200,56.831999999999994,25
2300,56.831999999999994,25
2400,55.664,25
2500,53.736000000000004,25
2600,53.352,25
2700,52.872,25
2800,52.56,25
2900,52.56,25
3000,52.56,25
3100,52.184000000000005,25
3200,52.184000000000005,25
3300,52.184000000000005,25
3400,52.184000000000005,25
3500,49.136,25
3600,49.136,25
3700,48.8,25
3800,48.544,25
3900,48.544,25
4000,48.544,25
4100,46.928,25
4200,46.928,25
4300,46.92,25
4400,46.92,25
4500,46.92,25
4600,46.92,25
4700,46.256,25
4800,46.256,25
4900,46.256,25
5000,46.256,25
5100,46.256,25
5200,46.256,25
5300,46.256,25
5400,46.256,25
5500,46.256,25
5600,46.256,25
5700,46.256,25
5800,44.775999999999996,25
5900,44.775999999999996,25
6000,44.775999999999996,25
6100,44.775999999999996,25
6200,44.775999999999996,25
6300,44.775999999999996,25
6400,44.775999999999996,25
6500,44.775999999999996,25
6600,44.175999999999995,25
6700,44.175999999999995,25
6800,44.16,25
6900,43.048,25
7000,42.144,25
7100,42.144,25
7200,42.04,25
7300,41.936,25
7400,41.936,25
7500,41.936,25
7600,41.55200000000001,25
7700,40.879999999999995,25
7800,40.879999999999995,25
7900,40.879999999999995,25
8000,40.879999999999995,25
8100,40.879999999999995,25
8200,40.879999999999995,25
8300,40.879999999999995,25
8400,40.736000000000004,25
8500,40.424,25
8600,39.448,25
8700,39.448,25
8800,39.448,25
8900,39.303999999999995,25
9000,38.647999999999996,25
9100,38.647999999999996,25
9200,38.647999999999996,25
9300,38.647999999999996,25
9400,37.872,25
9500,37.872,25
9600,37.872,25
9700,37.208,25
9800,37.208,25
9900,37.208,25
10000,36.6,25
10100,36.168,25
10200,36.168,25
10300,36.168,25
10400,36.168,25
10500,36.168,25
10600,36.168,25
10700,36.168,25
10800,36.168,25
10900,36.168,25
11000,36.168,25
11100,36.168,25
11200,36.168,25
11300,36.168,25
11400,36.168,25
11500,36.168,25
11600,36.168,25
11700,36.168,25
11800,35.224000000000004,25
11900,35.14399999999999,25
12000,35.14399999999999,25
12100,35.040000000000006,25
12200,34.8,24.8
12300,34.528,25
12400,34.528,25
12500,34.528,25
12600,34.488,25
12700,34.488,25
12800,34.488,25
12900,34.488,25
13000,34.488,25
13100,34.488,25
13200,34.488,25
13300,34.488,25
13400,34.488,25
13500,34.488,25
13600,34.488,25
13700,34.488,25
13800,34.488,25
13900,34.488,25
14000,34.488,25
14100,34.488,25
14200,34.488,25
14300,34.488,25
14400,34.256,25
14500,34.256,25
14600,34.232,25
14700,33.519999999999996,25
14800,33.519999999999996,25
14900,33.519999999999996,25
15000,33.519999999999996,25
15100,33.519999999999996,25
15200,33.519999999999996,25
15300,33.519999999999996,25
15400,33.08,25
15500,33.08,25
15600,33.08,25
15700,33.08,25
15800,33.08,25
15900,33.08,25
16000,33.08,25
16100,33.08,25
16200,33.08,25
16300,33.08,25
16400,33.08,25
16500,33.08,25
16600,33.032,25
16700,32.656,25
16800,32.168,25
16900,32.168,25
17000,31.768,25
17100,31.768,25
17200,31.768,25
17300,31.768,25
17400,31.768,25
17500,31.407999999999998,25
17600,31.192,24.8
17700,30.856,24.8
17800,30.856,24.8
17900,30.856,24.8
18000,30.856,24.8
18100,30.856,24.8
18200,30.856,24.8
18300,30.856,24.8
18400,30.856,24.8
18500,30.856,24.8
18600,30.856,24.8
18700,30.856,24.8
18800,30.856,24.8
18900,30.856,24.8
19000,30.856,24.8
19100,30.856,24.8
19200,30.688,24.8
19300,30.688,24.8
19400,30.688,24.8
19500,30.688,24.8
19600,30.584000000000003,24.8
19700,30.584000000000003,24.8
19800,30.584000000000003,24.8
19900,30.584000000000003,24.8
20000,30.151999999999997,24.8
20100,30.151999999999997,24.8
20200,30.151999999999997,24.8
20300,30.151999999999997,24.8
20400,30.151999999999997,24.8
20500,30.151999999999997,24.8
20600,30.151999999999997,24.8
20700,30.151999999999997,24.8
20800,30.151999999999997,24.8
20900,30.151999999999997,24.8
21000,30.151999999999997,24.8
21100,30.151999999999997,24.8
21200,30.151999999999997,24.8
21300,30.151999999999997,24.8
21400,30.151999999999997,24.8
21500,30.151999999999997,24.8
21600,30.151999999999997,24.8
21700,30.151999999999997,24.8
21800,30.151999999999997,24.8
21900,30.151999999999997,24.8
22000,30.151999999999997,24.8
22100,30.151999999999997,24.8
22200,30.151999999999997,24.8
22300,30.151999999999997,24.8
22400,30.151999999999997,24.8
22500,29.824,24.8
22600,29.824,24.8
22700,29.824,24.8
22800,29.824,24.8
22900,29.824,24.8
23000,29.824,24.8
23100,29.824,24.8
23200,29.824,24.8
23300,29.824,24.8
23400,29.824,24.8
23500,29.824,24.8
23600,29.824,24.8
23700,29.824,24.8
23800,29.824,24.8
23900,29.824,24.8
24000,29.824,24.8
24100,29.824,24.8
24200,29.824,24.8
24300,29.824,24.8
24400,29.824,24.8
24500,29.824,24.8
24600,29.824,24.8
24700,29.824,24.8
24800,29.824,24.8
24900,29.824,24.8
25000,29.824,24.8
25100,29.824,24.8
25200,29.824,24.8
25300,29.824,24.8
25400,29.824,24.8
25500,29.824,24.8
25600,29.824,24.8
25700,29.824,24.8
25800,29.824,24.8
25900,29.824,24.8
26000,29.824,24.8
26100,29.824,24.8
26200,29.824,24.8
26300,29.824,24.8
26400,29.824,24.8
26500,29.824,24.8
26600,29.824,24.8
26700,29.824,24.8
26800,29.824,24.8
26900,29.824,24.8
27000,29.824,24.8
27100,29.824,24.8
27200,29.824,24.8
27300,29.824,24.8
27400,29.824,24.8
27500,29.824,24.8
27600,29.824,24.8
27700,29.824,24.8
27800,29.824,24.8
27900,29.824,24.8
28000,29.584000000000003,25
28100,29.584000000000003,25
28200,29.584000000000003,25
28300,29.584000000000003,25
28400,29.584000000000003,25
28500,29.584000000000003,25
28600,29.584000000000003,25
28700,29.584000000000003,25
28800,29.584000000000003,25
28900,29.584000000000003,25
29000,29.584000000000003,25
29100,29.424,25
29200,29.424,25
29300,29.008,25
29400,29.008,25
29500,29.008,25
29600,29.008,25
29700,28.887999999999998,25
29800,28.887999999999998,25
29900,28.887999999999998,25
30000,28.887999999999998,25
30100,28.887999999999998,25
30200,28.887999999999998,25
30300,28.808,25
30400,28.808,25
30500,28.808,25
30600,28.808,25
30700,28.808,25
30800,28.808,25
30900,28.808,25
31000,28.808,25
31100,28.808,25
31200,28.808,25
31300,28.808,25
31400,28.808,25
31500,28.808,25
31600,28.808,25
31700,28.808,25
31800,28.808,25
31900,28.808,25
32000,28.808,25
32100,28.808,25
32200,28.808,25
32300,28.808,25
32400,28.808,25
32500,28.808,25
32600,28.808,25
32700,28.808,25
32800,28.808,25
32900,28.808,25
33000,28.808,25
33100,28.808,25
33200,28.808,25
33300,28.808,25
33400,28.808,25
33500,28.808,25
33600,28.808,25
33700,28.808,25
33800,28.768,24.8
33900,28.768,24.8
34000,28.768,24.8
34100,28.768,24.8
34200,28.768,24.8
34300,28.768,24.8
34400,28.768,24.8
34500,28.768,24.8
34600,28.768,24.8
34700,28.768,24.8
34800,28.768,24.8
34900,28.768,24.8
35000,28.768,24.8
35100,28.768,24.8
35200,28.768,24.8
35300,28.768,24.8
35400,28.768,24.8
35500,28.768,24.8
35600,28.768,24.8
35700,28.768,24.8
35800,28.768,24.8
35900,28.768,24.8
36000,28.768,24.8
36100,28.768,24.8
36200,28.768,24.8
36300,28.768,24.8
36400,28.768,24.8
36500,28.768,24.8
36600,28.768,24.8
36700,28.768,24.8
36800,28.768,24.8
36900,28.768,24.8
37000,28.768,24.8
37100,28.768,24.8
37200,28.768,24.8
37300,28.768,24.8
37400,28.768,24.8
37500,28.768,24.8
37600,28.768,24.8
37700,28.768,24.8
37800,28.768,24.8
37900,28.768,24.8
38000,28.768,24.8
38100,28.768,24.8
38200,28.768,24.8
38300,28.768,24.8
38400,28.768,24.8
38500,28.768,24.8
38600,28.768,24.8
38700,28.768,24.8
38800,28.768,24.8
38900,28.768,24.8
39000,28.768,24.8
39100,28.768,24.8
39200,28.528,24.8
39300,28.528,24.8
39400,28.528,24.8
39500,28.528,24.8
39600,28.528,24.8
39700,28.528,24.8
39800,28.248,24.8
39900,28.248,24.8
40000,28.248,24.8
40100,28.248,24.8
40200,28.248,24.8
40300,28.248,24.8
40400,28.248,24.8
40500,28.248,24.8
40600,28.248,24.8
40700,28.248,24.8
40800,28.248,24.8
40900,28.248,24.8
41000,28.248,24.8
41100,28.248,24.8
41200,28.248,24.8
41300,28.248,24.8
41400,28.248,24.8
41500,28.248,24.8
41600,28.248,24.8
41700,28.248,24.8
41800,28.248,24.8
41900,28.248,24.8
42000,28.248,24.8
42100,28.248,24.8
42200,28.248,24.8
42300,28.248,24.8
42400,28.248,24.8
42500,28.248,24.8
42600,28.248,24.8
42700,28.248,24.8
42800,28.248,24.8
42900,28.248,24.8
43000,28.248,24.8
43100,28.248,24.8
43200,28.248,24.8
43300,28.248,24.8
43400,28.248,24.8
43500,28.248,24.8
43600,28.248,24.8
43700,28.248,24.8
43800,28.248,24.8
43900,28.248,24.8
44000,28.248,24.8
44100,28.248,24.8
44200,28.248,24.8
44300,28.248,24.8
44400,28.248,24.8
44500,28.248,24.8
44600,28.248,24.8
44700,28.248,24.8
44800,28.248,24.8
44900,28.208,24.8
45000,28.208,24.8
45100,28.208,24.8
45200,28.208,24.8
45300,28.208,24.8
45400,28.208,24.8
45500,28.208,24.8
45600,28.208,24.8
45700,28.208,24.8
45800,28.208,24.8
45900,28.064,24.8
46000,28.064,24.8
46100,28.064,24.8
46200,28.064,24.8
46300,28.064,24.8
46400,28.064,24.8
46500,27.816000000000003,24.8
46600,27.816000000000003,24.8
46700,27.816000000000003,24.8
46800,27.816000000000003,24.8
46900,27.816000000000003,24.8
47000,27.816000000000003,24.8
47100,27.816000000000003,24.8
47200,27.816000000000003,24.8
47300,27.816000000000003,24.8
47400,27.816000000000003,24.8
47500,27.816000000000003,24.8
47600,27.816000000000003,24.8
47700,27.816000000000003,24.8
47800,27.816000000000003,24.8
47900,27.816000000000003,24.8
48000,27.816000000000003,24.8
48100,27.816000000000003,24.8
48200,27.816000000000003,24.8
48300,27.816000000000003,24.8
48400,27.816000000000003,24.8
48500,27.816000000000003,24.8
48600,27.816000000000003,24.8
48700,27.816000000000003,24.8
48800,27.816000000000003,24.8
48900,27.816000000000003,24.8
49000,27.816000000000003,24.8
49100,27.816000000000003,24.8
49200,27.816000000000003,24.8
49300,27.816000000000003,24.8
49400,27.816000000000003,24.8
49500,27.816000000000003,24.8
49600,27.816000000000003,24.8
49700,27.816000000000003,24.8
49800,27.816000000000003,24.8
49900,27.816000000000003,24.8
50000,27.816000000000003,24.8
50100,27.816000000000003,24.8
50200,27.816000000000003,24.8
50300,27.816000000000003,24.8
50400,27.816000000000003,24.8
50500,27.816000000000003,24.8
50600,27.816000000000003,24.8
50700,27.816000000000003,24.8
50800,27.816000000000003,24.8
50900,27.816000000000003,24.8
51000,27.816000000000003,24.8
51100,27.816000000000003,24.8
51200,27.816000000000003,24.8
51300,27.816000000000003,24.8
51400,27.816000000000003,24.8
51500,27.816000000000003,24.8
51600,27.816000000000003,24.8
51700,27.816000000000003,24.8
51800,27.816000000000003,24.8
51900,27.816000000000003,24.8
52000,27.816000000000003,24.8
52100,27.816000000000003,24.8
52200,27.816000000000003,24.8
52300,27.816000000000003,24.8
52400,27.816000000000003,24.8
52500,27.816000000000003,24.8
52600,27.816000000000003,24.8
52700,27.816000000000003,24.8
52800,27.816000000000003,24.8
52900,27.816000000000003,24.8
53000,27.816000000000003,24.8
53100,27.816000000000003,24.8
53200,27.816000000000003,24.8
53300,27.816000000000003,24.8
53400,27.816000000000003,24.8
53500,27.816000000000003,24.8
53600,27.816000000000003,24.8
53700,27.816000000000003,24.8
53800,27.816000000000003,24.8
53900,27.816000000000003,24.8
54000,27.816000000000003,24.8
54100,27.816000000000003,24.8
54200,27.816000000000003,24.8
54300,27.816000000000003,24.8
54400,27.816000000000003,24.8
54500,27.816000000000003,24.8
54600,27.816000000000003,24.8
54700,27.816000000000003,24.8
54800,27.816000000000003,24.8
54900,27.816000000000003,24.8
55000,27.816000000000003,24.8
55100,27.816000000000003,24.8
55200,27.816000000000003,24.8
55300,27.816000000000003,24.8
55400,27.816000000000003,24.8
55500,27.816000000000003,24.8
55600,27.816000000000003,24.8
55700,27.816000000000003,24.8
55800,27.816000000000003,24.8
55900,27.816000000000003,24.8
56000,27.816000000000003,24.8
56100,27.816000000000003,24.8
56200,27.816000000000003,24.8
56300,27.816000000000003,24.8
56400,27.816000000000003,24.8
56500,27.816000000000003,24.8
56600,27.816000000000003,24.8
56700,27.816000000000003,24.8
56800,27.816000000000003,24.8
56900,27.816000000000003,24.8
57000,27.816000000000003,24.8
57100,27.816000000000003,24.8
57200,27.816000000000003,24.8
57300,27.816000000000003,24.8
57400,27.816000000000003,24.8
57500,27.816000000000003,24.8
57600,27.816000000000003,24.8
57700,27.816000000000003,24.8
57800,27.816000000000003,24.8
57900,27.816000000000003,24.8
58000,27.816000000000003,24.8
58100,27.816000000000003,24.8
58200,27.816000000000003,24.8
58300,27.816000000000003,24.8
58400,27.816000000000003,24.8
58500,27.407999999999998,24.8
58600,27.28,24.8
58700,27.28,24.8
58800,27.28,24.8
58900,27.28,24.8
59000,27.28,24.8
59100,27.28,24.8
59200,27.28,24.8
59300,27.28,24.8
59400,27.28,24.8
59500,27.28,24.8
59600,27.28,24.8
59700,27.28,24.8
59800,27.28,24.8
59900,27.28,24.8
60000,27.28,24.8
60100,27.28,24.8
60200,27.28,24.8
60300,27.28,24.8
60400,27.28,24.8
60500,27.28,24.8
60600,27.215999999999998,24.8
60700,27.215999999999998,24.8
60800,27.215999999999998,24.8
60900,27.215999999999998,24.8
61000,27.215999999999998,24.8
61100,27.215999999999998,24.8
61200,27.215999999999998,24.8
61300,27.215999999999998,24.8
61400,27.215999999999998,24.8
61500,27.215999999999998,24.8
61600,27.215999999999998,24.8
61700,27.215999999999998,24.8
61800,27.215999999999998,24.8
61900,27.215999999999998,24.8
62000,27.215999999999998,24.8
62100,27.215999999999998,24.8
62200,27.215999999999998,24.8
62300,27.215999999999998,24.8
62400,27.215999999999998,24.8
62500,27.215999999999998,24.8
62600,27.215999999999998,24.8
62700,27.215999999999998,24.8
62800,27.215999999999998,24.8
62900,27.215999999999998,24.8
63000,27.215999999999998,24.8
63100,27.215999999999998,24.8
63200,27.215999999999998,24.8
63300,27.215999999999998,24.8
63400,27.215999999999998,24.8
63500,27.215999999999998,24.8
63600,27.215999999999998,24.8
63700,27.215999999999998,24.8
63800,27.215999999999998,24.8
63900,27.215999999999998,24.8
64000,27.215999999999998,24.8
64100,27.215999999999998,24.8
64200,27.215999999999998,24.8
64300,27.215999999999998,24.8
64400,27.215999999999998,24.8
64500,27.215999999999998,24.8
64600,27.215999999999998,24.8
64700,27.215999999999998,24.8
64800,27.215999999999998,24.8
64900,27.215999999999998,24.8
65000,27.215999999999998,24.8
65100,27.215999999999998,24.8
65200,27.215999999999998,24.8
65300,27.215999999999998,24.8
65400,27.215999999999998,24.8
65500,27.215999999999998,24.8
65600,27.215999999999998,24.8
65700,27.215999999999998,24.8
65800,27.215999999999998,24.8
65900,27.215999999999998,24.8
66000,27.215999999999998,24.8
66100,27.215999999999998,24.8
66200,27.215999999999998,24.8
66300,27.215999999999998,24.8
66400,27.215999999999998,24.8
66500,27.215999999999998,24.8
66600,27.215999999999998,24.8
66700,27.215999999999998,24.8
66800,27.215999999999998,24.8
66900,27.215999999999998,24.8
67000,27.215999999999998,24.8
67100,27.215999999999998,24.8
67200,27.215999999999998,24.8
67300,27.215999999999998,24.8
67400,27.215999999999998,24.8
67500,27.215999999999998,24.8
67600,27.215999999999998,24.8
67700,27.215999999999998,24.8
67800,27.215999999999998,24.8
67900,27.215999999999998,24.8
68000,27.215999999999998,24.8
68100,27.215999999999998,24.8
68200,27.215999999999998,24.8
68300,27.215999999999998,24.8
68400,27.215999999999998,24.8
68500,27.215999999999998,24.8
68600,27.215999999999998,24.8
68700,27.215999999999998,24.8
68800,27.215999999999998,24.8
68900,27.215999999999998,24.8
69000,27.215999999999998,24.8
69100,27.215999999999998,24.8
69200,27.215999999999998,24.8
69300,27.215999999999998,24.8
69400,27.215999999999998,24.8
69500,27.215999999999998,24.8
69600,27.215999999999998,24.8
69700,27.215999999999998,24.8
69800,27.215999999999998,24.8
69900,27.215999999999998,24.8
70000,27.215999999999998,24.8
70100,27.215999999999998,24.8
70200,27.215999999999998,24.8
70300,27.215999999999998,24.8
70400,27.215999999999998,24.8
70500,27.215999999999998,24.8
70600,27.215999999999998,24.8
70700,27.215999999999998,24.8
70800,27.215999999999998,24.8
70900,27.215999999999998,24.8
71000,27.215999999999998,24.8
71100,27.215999999999998,24.8
71200,27.215999999999998,24.8
71300,27.215999999999998,24.8
71400,27.215999999999998,24.8
71500,27.215999999999998,24.8
71600,27.215999999999998,24.8
71700,27.215999999999998,24.8
71800,27.215999999999998,24.8
71900,27.136000000000003,24.8
72000,27.136000000000003,24.8
72100,27.136000000000003,24.8
72200,27.136000000000003,24.8
72300,27.136000000000003,24.8
72400,27.136000000000003,24.8
72500,27.136000000000003,24.8
72600,27.136000000000003,24.8
72700,27.136000000000003,24.8
72800,27.136000000000003,24.8
72900,27.136000000000003,24.8
73000,27.136000000000003,24.8
73100,27.136000000000003,24.8
73200,27.136000000000003,24.8
73300,27.136000000000003,24.8
73400,27.136000000000003,24.8
73500,27.136000000000003,24.8
73600,27.136000000000003,24.8
73700,27.136000000000003,24.8
73800,27.136000000000003,24.8
73900,27.136000000000003,24.8
74000,27.136000000000003,24.8
74100,27.136000000000003,24.8
74200,27.136000000000003,24.8
74300,27.136000000000003,24.8
74400,27.136000000000003,24.8
74500,27.136000000000003,24.8
74600,27.136000000000003,24.8
74700,27.136000000000003,24.8
74800,27.136000000000003,24.8
74900,27.136000000000003,24.8
75000,27.136000000000003,24.8
75100,27.136000000000003,24.8
75200,27.136000000000003,24.8
75300,27.136000000000003,24.8
75400,27.136000000000003,24.8
75500,27.136000000000003,24.8
75600,27.136000000000003,24.8
75700,27.136000000000003,24.8
75800,27.136000000000003,24.8
75900,27.136000000000003,24.8
76000,27.136000000000003,24.8
76100,27.136000000000003,24.8
76200,27.136000000000003,24.8
76300,27.136000000000003,24.8
76400,27.136000000000003,24.8
76500,27.136000000000003,24.8
76600,27.136000000000003,24.8
76700,27.136000000000003,24.8
76800,27.136000000000003,24.8
76900,27.104000000000003,24.8
77000,27.104000000000003,24.8
77100,27.104000000000003,24.8
77200,27.104000000000003,24.8
77300,27.104000000000003,24.8
77400,27.104000000000003,24.8
77500,27.104000000000003,24.8
77600,27.104000000000003,24.8
77700,27.104000000000003,24.8
77800,27.104000000000003,24.8
77900,27.104000000000003,24.8
78000,27.104000000000003,24.8
78100,27.104000000000003,24.8
78200,27.104000000000003,24.8
78300,27.104000000000003,24.8
78400,27.104000000000003,24.8
78500,27.104000000000003,24.8
78600,27.104000000000003,24.8
78700,27.104000000000003,24.8
78800,27.104000000000003,24.8
78900,27.104000000000003,24.8
79000,27.104000000000003,24.8
79100,27.104000000000003,24.8
79200,27.104000000000003,24.8
79300,27.104000000000003,24.8
79400,27.104000000000003,24.8
79500,27.104000000000003,24.8
79600,27.104000000000003,24.8
79700,27.104000000000003,24.8
79800,27.104000000000003,24.8
79900,27.104000000000003,24.8
80000,27.104000000000003,24.8
80100,27.104000000000003,24.8
80200,27.104000000000003,24.8
80300,27.104000000000003,24.8
80400,27.104000000000003,24.8
80500,27.104000000000003,24.8
80600,27.104000000000003,24.8
80700,27.104000000000003,24.8
80800,27.104000000000003,24.8
80900,27.104000000000003,24.8
81000,27.104000000000003,24.8
81100,27.104000000000003,24.8
81200,27.104000000000003,24.8
81300,27.104000000000003,24.8
81400,27.104000000000003,24.8
81500,27.104000000000003,24.8
81600,27.104000000000003,24.8
81700,27.104000000000003,24.8
81800,27.104000000000003,24.8
81900,27.104000000000003,24.8
82000,27.104000000000003,24.8
82100,27.104000000000003,24.8
82200,27.104000000000003,24.8
82300,27.104000000000003,24.8
82400,27.104000000000003,24.8
82500,27.104000000000003,24.8
82600,27.104000000000003,24.8
82700,27.104000000000003,24.8
82800,27.104000000000003,24.8
82900,27.104000000000003,24.8
83000,27.104000000000003,24.8
83100,27.104000000000003,24.8
83200,27.104000000000003,24.8
83300,27.104000000000003,24.8
83400,27.104000000000003,24.8
83500,27.104000000000003,24.8
83600,27.104000000000003,24.8
83700,27.104000000000003,24.8
83800,27.104000000000003,24.8
83900,27.104000000000003,24.8
84000,27.104000000000003,24.8
84100,27.104000000000003,24.8
84200,27.104000000000003,24.8
84300,27.104000000000003,24.8
84400,26.887999999999998,24.8
84500,26.887999999999998,24.8
84600,26.887999999999998,24.8
84700,26.887999999999998,24.8
84800,26.887999999999998,24.8
84900,26.887999999999998,24.8
85000,26.887999999999998,24.8
85100,26.887999999999998,24.8
85200,26.887999999999998,24.8
85300,26.887999999999998,24.8
85400,26.887999999999998,24.8
85500,26.887999999999998,24.8
85600,26.887999999999998,24.8
85700,26.887999999999998,24.8
85800,26.887999999999998,24.8
85900,26.887999999999998,24.8
86000,26.887999999999998,24.8
86100,26.887999999999998,24.8
86200,26.887999999999998,24.8
86300,26.887999999999998,24.8
86400,26.887999999999998,24.8
86500,26.887999999999998,24.8
86600,26.887999999999998,24.8
86700,26.887999999999998,24.8
86800,26.887999999999998,24.8
86900,26.887999999999998,24.8
87000,26.887999999999998,24.8
87100,26.887999999999998,24.8
87200,26.887999999999998,24.8
87300,26.887999999999998,24.8
87400,26.887999999999998,24.8
87500,26.887999999999998,24.8
87600,26.887999999999998,24.8
87700,26.887999999999998,24.8
87800,26.887999999999998,24.8
87900,26.887999999999998,24.8
88000,26.887999999999998,24.8
88100,26.887999999999998,24.8
88200,26.887999999999998,24.8
88300,26.887999999999998,24.8
88400,26.887999999999998,24.8
88500,26.887999999999998,24.8
88600,26.887999999999998,24.8
88700,26.887999999999998,24.8
88800,26.887999999999998,24.8
88900,26.887999999999998,24.8
89000,26.839999999999996,24.8
89100,26.839999999999996,24.8
89200,26.839999999999996,24.8
89300,26.839999999999996,24.8
89400,26.839999999999996,24.8
89500,26.839999999999996,24.8
89600,26.839999999999996,24.8
89700,26.839999999999996,24.8
89800,26.839999999999996,24.8
89900,26.839999999999996,24.8
90000,26.839999999999996,24.8
90100,26.839999999999996,24.8
90200,26.839999999999996,24.8
90300,26.839999999999996,24.8
90400,26.839999999999996,24.8
90500,26.839999999999996,24.8
90600,26.839999999999996,24.8
90700,26.839999999999996,24.8
90800,26.839999999999996,24.8
90900,26.839999999999996,24.8
91000,26.839999999999996,24.8
91100,26.839999999999996,24.8
91200,26.839999999999996,24.8
91300,26.839999999999996,24.8
91400,26.839999999999996,24.8
91500,26.839999999999996,24.8
91600,26.839999999999996,24.8
91700,26.839999999999996,24.8
91800,26.839999999999996,24.8
91900,26.839999999999996,24.8
92000,26.839999999999996,24.8
92100,26.839999999999996,24.8
92200,26.839999999999996,24.8
92300,26.839999999999996,24.8
92400,26.839999999999996,24.8
92500,26.839999999999996,24.8
92600,26.839999999999996,24.8
92700,26.839999999999996,24.8
92800,26.839999999999996,24.8
92900,26.839999999999996,24.8
93000,26.839999999999996,24.8
93100,26.839999999999996,24.8
93200,26.839999999999996,24.8
93300,26.839999999999996,24.8
93400,26.839999999999996,24.8
93500,26.839999999999996,24.8
93600,26.839999999999996,24.8
93700,26.839999999999996,24.8
93800,26.839999999999996,24.8
93900,26.839999999999996,24.8
94000,26.839999999999996,24.8
94100,26.384000000000004,25
94200,26.192,25
94300,26.192,25
94400,26.192,25
94500,26.192,25
94600,26.192,25
94700,26.192,25
94800,26.192,25
94900,26.192,25
95000,26.192,25
95100,26.192,25
95200,26.192,25
95300,26.192,25
95400,26.192,25
95500,26.192,25
95600,26.192,25
95700,26.192,25
95800,26.192,25
95900,26.192,25
96000,26.135999999999996,24.8
96100,26.135999999999996,24.8
96200,26.135999999999996,24.8
96300,26.135999999999996,24.8
96400,26.135999999999996,24.8
96500,26.135999999999996,24.8
96600,26.135999999999996,24.8
96700,26.135999999999996,24.8
96800,26.135999999999996,24.8
96900,26.135999999999996,24.8
97000,26.135999999999996,24.8
97100,26.135999999999996,24.8
97200,25.727999999999998,24.8
97300,25.727999999999998,24.8
97400,25.727999999999998,24.8
97500,25.727999999999998,24.8
97600,25.727999999999998,24.8
97700,25.727999999999998,24.8
97800,25.727999999999998,24.8
97900,25.727999999999998,24.8
98000,25.727999999999998,24.8
98100,25.727999999999998,24.8
98200,25.727999999999998,24.8
98300,25.727999999999998,24.8
98400,25.727999999999998,24.8
98500,25.727999999999998,24.8
98600,25.727999999999998,24.8
98700,25.727999999999998,24.8
98800,25.727999999999998,24.8
98900,25.727999999999998,24.8
99000,25.727999999999998,24.8
99100,25.727999999999998,24.8
99200,25.727999999999998,24.8
99300,25.727999999999998,24.8
99400,25.727999999999998,24.8
99500,25.727999999999998,24.8
99600,25.727999999999998,24.8
99700,25.727999999999998,24.8
99800,25.727999999999998,24.8
99900,25.727999999999998,24.8
99999,25.727999999999998,24.8

START ALGORITHM
h9: (a23) * (b52 - b11 - b42)
h15: (-a33) * (b11 + b25 - b34 - b43)
h16: (a23 + a33 - a15) * (b13 + b53 + b52 - b45)
h18: (a12) * (b44)
h21: (a22) * (-b43)
h26: (a25 + a31 + a44 - a42 - a24 - a35) * (-b53)
h28: (a43 + a32 + a33 + a53 - a33 - a14 - a13 - a12 - a21 - a25 - a11) * (b11 - b53)
h31: (-a24) * (b24 - b54 - b52)
h47: (a42 + a35 + a21 + a35 - a35 - a15 - a41 - a41) * (-b15)
h58: (a21) * (-b54)
h60: (-a34) * (b53)
h64: (a24 - a42 - a52 - a14 - a43) * (b21 + b42 - b12 - b22 - b55)
h65: (a22 + a54 + a14 + a13 - a33) * (b35 + b51 - b42)
h66: (a21 + a12 - a23) * (-b22)
h76: (a25 - a34 - a55) * (b22)
h77: (a14 + a52) * (b35)
h82: (a31 - a32 - a23) * (b45)
h86: (a12 + a53 + a51 + a43 + a54 + a14 - a35 - a32 - a33 - a15 - a33 - a13) * (-b52 - b54)
h93: (a45 - a52) * (b25)
h98: (-a25) * (b15 - b32)
h99: (a34 + a55 - a41) * (b32)
h100: (a53 - a51 - a24) * (b35 - b31)
h101: (a53) * (b51 + b25 - b12)
h103: (a52 + a13 - a33 - a43) * (b52)
h106: (-a35) * (-b45 - b51 - b42)
h112: (a15 + a13 - a15 - a45 - a15) * (b12 - b14 - b54)
h115: (-a43) * (b42 + b34 + b24 - b32 - b54 - b23 - b41)
h124: (a21 + a23 - a52 - a25 - a51) * (b53)
h125: (a54 + a44 + a45 - a45 - a43) * (b22 - b21 - b31)
h151: (a53 + a21 + a33 + a24 + a25 + a11 + a33 + a55 + a25 + a24 + a15 - a54 - a51 - a25 - a55 - a45 - a54 - a31 - a13 - a55 - a45 - a44 - a25) * (b42)
h316: (a33 + a45 + a31 + a11 + a15 - a14 - a42 - a55 - a31 - a51 - a14 - a15) * (b43 + b14 + b13 - b53 - b22 - b13)
h383: (a55 - a33) * (-b52 - b55 - b55 - b41)
h399: (a14 - a42 - a44 - a11 - a52) * (-b23)
h412: (a33 + a25 + a34 + a41 + a45 - a15 - a21) * (-b34)
h699: (a41 + a52 - a54 - a24 - a51 - a32) * (b33 + b15 + b13 - b41)
h1416: (a35 + a13 + a13 + a13 - a12 - a22) * (b31 - b23 - b33 - b11)
h2978: (a54 + a44 + a32 - a45 - a21 - a13 - a42 - a23) * (b32 + b14)
h3488: (a52 + a24 + a52 + a31 + a15 + a54 - a32 - a54 - a11 - a52 - a25 - a31 - a14 - a52) * (b43 - b41)
h3748: (a55 + a12 + a42 + a24 - a54 - a15) * (b21 + b42 + b22 + b45 + b11 - b45 - b51 - b55 - b22 - b34 - b33)
h3901: (a41 + a32 + a22 + a13 + a53 - a41 - a33 - a44 - a43 - a52) * (b25 - b53 - b51)
h3908: (a31 - a54 - a24 - a34 - a53 - a52 - a52) * (b13)
h5857: (a23 - a32) * (b51 + b15 - b21 - b22)
h6727: (a23 + a43 + a23) * (b13)
h11302: (a35) * (-b51)
h15041: (-a55 - a14 - a13 - a51 - a45) * (b33)
c11: h112 - h76 - h82 
c12: h86 + h15 + h151 
c13: h66 + h15 + h412 + h151 - h3748 
c14: h18 + h26 
c15: h115 + h58 + h58 - h60 
c21: h115 + h100 
c22: h125 - h77 - h15 
c23: h21 + h26 
c24: h16 + h6727 
c25: h60 - h106 
c31: h98 - h16 - h9 
c32: h18 - h2978 
c33: h76 - h65 
c34: h383 + h103 + h58 + h3488 - h103 
c35: h86 + h11302 - h5857 
c41: h101 - h93 
c42: h76 + h15041 
c43: h125 - h1416 - h3488 
c44: h124 + h77 + h31 - h699 
c45: h31 + h100 + h47 + h26 - h99 - h106 
c51: h699 - h101 
c52: h412 - h383 
c53: h28 + h100 + h316 + h399 - h98 
c54: h125 
c55: h64 + h3908 - h3901 
