0,150.304,24.6
100,109.54400000000001,24.8
200,102.424,24.8
300,90.24,24.6
400,80.392,24.6
500,77.056,24.6
600,69.256,24.6
700,63.2,24.6
800,61.976,24.6
900,57.76800000000001,24.6
1000,57.648,24.6
1100,57.064,24.6
1200,56.912,24.6
1300,56.912,24.6
1400,56.912,24.6
1500,56.912,24.6
1600,56.912,24.6
1700,55.976,24.6
1800,55.976,24.6
1900,55.976,24.6
2000,55.976,24.6
2100,54.2,24.4
2200,54.2,24.4
2300,53.672000000000004,24.2
2400,53.672000000000004,24.2
2500,53.672000000000004,24.2
2600,53.29600000000001,24.4
2700,52.6,24.4
2800,52.176,24.4
2900,52.176,24.4
3000,52.176,24.4
3100,51.872,24.6
3200,51.65599999999999,24.6
3300,48.85600000000001,24.6
3400,47.24,24.6
3500,45.568,24.6
3600,44.056,24.6
3700,42.288,24.6
3800,42.239999999999995,24.6
3900,42.239999999999995,24.6
4000,42.239999999999995,24.6
4100,42.239999999999995,24.6
4200,41.968,24.6
4300,41.968,24.6
4400,41.968,24.6
4500,41.968,24.6
4600,41.968,24.6
4700,40.992000000000004,24.6
4800,40.992000000000004,24.6
4900,40.992000000000004,24.6
5000,40.632,24.6
5100,40.632,24.6
5200,40.632,24.6
5300,40.632,24.6
5400,40.632,24.6
5500,40.632,24.6
5600,39.967999999999996,24.8
5700,39.44799999999999,24.8
5800,39.44799999999999,24.8
5900,39.44799999999999,24.8
6000,39.44799999999999,24.8
6100,39.44799999999999,24.8
6200,39.44799999999999,24.8
6300,39.44799999999999,24.8
6400,39.2,24.8
6500,39.2,24.8
6600,39.2,24.8
6700,39.2,24.8
6800,39.2,24.8
6900,39.2,24.8
7000,38.839999999999996,25
7100,38.504,25
7200,38.504,25
7300,37.696,25
7400,37.296,25
7500,37.296,25
7600,37.296,25
7700,37.088,25
7800,36.903999999999996,25
7900,36.903999999999996,25
8000,36.903999999999996,25
8100,36.160000000000004,25
8200,36.160000000000004,25
8300,36.160000000000004,25
8400,36.160000000000004,25
8500,36.160000000000004,25
8600,36.160000000000004,25
8700,36.160000000000004,25
8800,36.160000000000004,25
8900,36,25
9000,36,25
9100,36,25
9200,36,25
9300,36,25
9400,36,25
9500,36,25
9600,35.728,25
9700,35.728,25
9800,34.952,25
9900,34.952,25
10000,34.952,25
10100,34.952,25
10200,34.952,25
10300,34.952,25
10400,34.952,25
10500,34.952,25
10600,34.312,25
10700,34.312,25
10800,33.688,25
10900,33.688,25
11000,33.688,25
11100,33.688,25
11200,33.688,25
11300,33.688,25
11400,33.688,25
11500,33.688,25
11600,33.688,25
11700,33.688,25
11800,33.688,25
11900,33.688,25
12000,33.688,25
12100,33.272,25
12200,33.272,25
12300,33.272,25
12400,33.272,25
12500,33.272,25
12600,33.272,25
12700,33.272,25
12800,33.272,25
12900,33.272,25
13000,33.272,25
13100,33.272,25
13200,33.272,25
13300,33.272,25
13400,33.272,25
13500,33.272,25
13600,33.272,25
13700,33.272,25
13800,33.272,25
13900,33.272,25
14000,33.272,25
14100,33.272,25
14200,33.272,25
14300,33.272,25
14400,33.272,25
14500,33.272,25
14600,33.272,25
14700,33.272,25
14800,33.272,25
14900,33.272,25
15000,33.272,25
15100,33.272,25
15200,33.272,25
15300,33.272,25
15400,33.272,25
15500,33.248000000000005,25
15600,33.248000000000005,25
15700,33.248000000000005,25
15800,33.248000000000005,25
15900,33.248000000000005,25
16000,33.248000000000005,25
16100,33.248000000000005,25
16200,33.248000000000005,25
16300,33.248000000000005,25
16400,33.248000000000005,25
16500,32.872,25
16600,32.736000000000004,25
16700,32.736000000000004,25
16800,32.736000000000004,25
16900,32.424,24.8
17000,32.424,24.8
17100,32.424,24.8
17200,32.392,24.8
17300,32.392,24.8
17400,32.392,24.8
17500,32.392,24.8
17600,32.392,24.8
17700,32.392,24.8
17800,32.392,24.8
17900,32.392,24.8
18000,32.392,24.8
18100,32.392,24.8
18200,32.392,24.8
18300,32.392,24.8
18400,32.392,24.8
18500,32.392,24.8
18600,32.392,24.8
18700,32.392,24.8
18800,32.392,24.8
18900,32.392,24.8
19000,32.392,24.8
19100,32.392,24.8
19200,32.392,24.8
19300,32.392,24.8
19400,32.392,24.8
19500,32.392,24.8
19600,32.392,24.8
19700,32.392,24.8
19800,32.392,24.8
19900,32.392,24.8
20000,32.392,24.8
20100,32.392,24.8
20200,32.392,24.8
20300,32.392,24.8
20400,32.392,24.8
20500,32.392,24.8
20600,32.392,24.8
20700,32.392,24.8
20800,32.392,24.8
20900,32.392,24.8
21000,32.352,24.8
21100,31.816000000000003,24.8
21200,31.591999999999995,24.8
21300,31.591999999999995,24.8
21400,31.591999999999995,24.8
21500,31.591999999999995,24.8
21600,31.303999999999995,24.8
21700,31.303999999999995,24.8
21800,31.303999999999995,24.8
21900,31.303999999999995,24.8
22000,31.303999999999995,24.8
22100,31.303999999999995,24.8
22200,31.303999999999995,24.8
22300,31.303999999999995,24.8
22400,31.303999999999995,24.8
22500,31.303999999999995,24.8
22600,31.303999999999995,24.8
22700,31.303999999999995,24.8
22800,31.303999999999995,24.8
22900,31.303999999999995,24.8
23000,31.303999999999995,24.8
23100,31.303999999999995,24.8
23200,31.303999999999995,24.8
23300,31.303999999999995,24.8
23400,31.303999999999995,24.8
23500,31.303999999999995,24.8
23600,31.303999999999995,24.8
23700,31.303999999999995,24.8
23800,31.303999999999995,24.8
23900,31.303999999999995,24.8
24000,31.303999999999995,24.8
24100,31.303999999999995,24.8
24200,31.303999999999995,24.8
24300,31.303999999999995,24.8
24400,31.303999999999995,24.8
24500,31.303999999999995,24.8
24600,31.303999999999995,24.8
24700,31.303999999999995,24.8
24800,31.303999999999995,24.8
24900,31.303999999999995,24.8
25000,31.303999999999995,24.8
25100,31.303999999999995,24.8
25200,31.303999999999995,24.8
25300,31.303999999999995,24.8
25400,31.303999999999995,24.8
25500,31.303999999999995,24.8
25600,31.303999999999995,24.8
25700,31.303999999999995,24.8
25800,31.303999999999995,24.8
25900,31.247999999999998,24.8
26000,31.247999999999998,24.8
26100,31.247999999999998,24.8
26200,31.247999999999998,24.8
26300,31.247999999999998,24.8
26400,31.247999999999998,24.8
26500,31.247999999999998,24.8
26600,31.247999999999998,24.8
26700,31.247999999999998,24.8
26800,31.247999999999998,24.8
26900,31.247999999999998,24.8
27000,31.247999999999998,24.8
27100,31.247999999999998,24.8
27200,31.247999999999998,24.8
27300,31.247999999999998,24.8
27400,31.247999999999998,24.8
27500,31.247999999999998,24.8
27600,31.247999999999998,24.8
27700,31.224,24.8
27800,31.032000000000004,24.8
27900,31.032000000000004,24.8
28000,31.032000000000004,24.8
28100,31.032000000000004,24.8
28200,31.032000000000004,24.8
28300,31.032000000000004,24.8
28400,31.032000000000004,24.8
28500,31.032000000000004,24.8
28600,31.032000000000004,24.8
28700,31.032000000000004,24.8
28800,31.032000000000004,24.8
28900,31.032000000000004,24.8
29000,31.032000000000004,24.8
29100,31.032000000000004,24.8
29200,31.032000000000004,24.8
29300,31.032000000000004,24.8
29400,31.032000000000004,24.8
29500,31.032000000000004,24.8
29600,31.032000000000004,24.8
29700,31.032000000000004,24.8
29800,31.032000000000004,24.8
29900,31.032000000000004,24.8
30000,31.032000000000004,24.8
30100,31.032000000000004,24.8
30200,31.032000000000004,24.8
30300,31.032000000000004,24.8
30400,31.032000000000004,24.8
30500,31.032000000000004,24.8
30600,31.032000000000004,24.8
30700,31.032000000000004,24.8
30800,31.032000000000004,24.8
30900,31.032000000000004,24.8
31000,31.032000000000004,24.8
31100,31.032000000000004,24.8
31200,31.032000000000004,24.8
31300,31.032000000000004,24.8
31400,31.032000000000004,24.8
31500,30.991999999999997,24.8
31600,30.991999999999997,24.8
31700,30.991999999999997,24.8
31800,30.991999999999997,24.8
31900,30.991999999999997,24.8
32000,30.991999999999997,24.8
32100,30.991999999999997,24.8
32200,30.991999999999997,24.8
32300,30.991999999999997,24.8
32400,30.991999999999997,24.8
32500,30.991999999999997,24.8
32600,30.991999999999997,24.8
32700,30.991999999999997,24.8
32800,30.991999999999997,24.8
32900,30.991999999999997,24.8
33000,30.991999999999997,24.8
33100,30.991999999999997,24.8
33200,30.991999999999997,24.8
33300,30.991999999999997,24.8
33400,30.991999999999997,24.8
33500,30.991999999999997,24.8
33600,30.991999999999997,24.8
33700,30.991999999999997,24.8
33800,30.991999999999997,24.8
33900,30.991999999999997,24.8
34000,30.991999999999997,24.8
34100,30.991999999999997,24.8
34200,30.991999999999997,24.8
34300,30.991999999999997,24.8
34400,30.991999999999997,24.8
34500,30.991999999999997,24.8
34600,30.991999999999997,24.8
34700,30.991999999999997,24.8
34800,30.991999999999997,24.8
34900,30.991999999999997,24.8
35000,30.991999999999997,24.8
35100,30.991999999999997,24.8
35200,30.624000000000002,24.8
35300,30.624000000000002,24.8
35400,30.624000000000002,24.8
35500,30.624000000000002,24.8
35600,30.624000000000002,24.8
35700,30.327999999999996,24.8
35800,30.327999999999996,24.8
35900,30.327999999999996,24.8
36000,30.327999999999996,24.8
36100,30.327999999999996,24.8
36200,30.327999999999996,24.8
36300,30.327999999999996,24.8
36400,30.327999999999996,24.8
36500,30.327999999999996,24.8
36600,30.327999999999996,24.8
36700,30.327999999999996,24.8
36800,30.327999999999996,24.8
36900,30.327999999999996,24.8
37000,30.327999999999996,24.8
37100,30.327999999999996,24.8
37200,30.327999999999996,24.8
37300,30.327999999999996,24.8
37400,30.327999999999996,24.8
37500,30.327999999999996,24.8
37600,30.327999999999996,24.8
37700,30.327999999999996,24.8
37800,30.327999999999996,24.8
37900,30.327999999999996,24.8
38000,30.327999999999996,24.8
38100,30.327999999999996,24.8
38200,30.327999999999996,24.8
38300,30.327999999999996,24.8
38400,30.327999999999996,24.8
38500,30.327999999999996,24.8
38600,30.327999999999996,24.8
38700,30.327999999999996,24.8
38800,30.327999999999996,24.8
38900,30.327999999999996,24.8
39000,30.327999999999996,24.8
39100,30.327999999999996,24.8
39200,30.327999999999996,24.8
39300,30.327999999999996,24.8
39400,30.327999999999996,24.8
39500,30.327999999999996,24.8
39600,30.327999999999996,24.8
39700,30.327999999999996,24.8
39800,30.327999999999996,24.8
39900,30.327999999999996,24.8
40000,30.327999999999996,24.8
40100,30.327999999999996,24.8
40200,30.327999999999996,24.8
40300,30.327999999999996,24.8
40400,30.327999999999996,24.8
40500,30.327999999999996,24.8
40600,30.327999999999996,24.8
40700,30.327999999999996,24.8
40800,30.327999999999996,24.8
40900,29.968,25
41000,29.968,25
41100,29.968,25
41200,29.968,25
41300,29.320000000000004,25
41400,29.320000000000004,25
41500,29.320000000000004,25
41600,29.320000000000004,25
41700,29.320000000000004,25
41800,29.151999999999997,25
41900,29.151999999999997,25
42000,29.151999999999997,25
42100,29.151999999999997,25
42200,29.151999999999997,25
42300,29.151999999999997,25
42400,29.151999999999997,25
42500,29.151999999999997,25
42600,29.151999999999997,25
42700,29.151999999999997,25
42800,29.151999999999997,25
42900,29.151999999999997,25
43000,29.151999999999997,25
43100,29.151999999999997,25
43200,29.151999999999997,25
43300,29.151999999999997,25
43400,29.144,25
43500,29.144,25
43600,29.144,25
43700,29.144,25
43800,29.144,25
43900,29.144,25
44000,29.144,25
44100,28.344000000000005,24.8
44200,28.344000000000005,24.8
44300,28.344000000000005,24.8
44400,28.344000000000005,24.8
44500,28.344000000000005,24.8
44600,28.344000000000005,24.8
44700,28.344000000000005,24.8
44800,28.344000000000005,24.8
44900,28.344000000000005,24.8
45000,28.344000000000005,24.8
45100,28.303999999999995,24.8
45200,27.96,24.8
45300,27.96,24.8
45400,27.96,24.8
45500,27.96,24.8
45600,27.96,24.8
45700,27.96,24.8
45800,27.96,24.8
45900,27.96,24.8
46000,27.96,24.8
46100,27.96,24.8
46200,27.96,24.8
46300,27.96,24.8
46400,27.96,24.8
46500,27.96,24.8
46600,27.96,24.8
46700,27.96,24.8
46800,27.96,24.8
46900,27.96,24.8
47000,27.96,24.8
47100,27.96,24.8
47200,27.96,24.8
47300,27.96,24.8
47400,27.96,24.8
47500,27.96,24.8
47600,27.96,24.8
47700,27.96,24.8
47800,27.96,24.8
47900,27.96,24.8
48000,27.96,24.8
48100,27.96,24.8
48200,27.96,24.8
48300,27.96,24.8
48400,27.96,24.8
48500,27.96,24.8
48600,27.96,24.8
48700,27.96,24.8
48800,27.96,24.8
48900,27.96,24.8
49000,27.96,24.8
49100,27.96,24.8
49200,27.96,24.8
49300,27.96,24.8
49400,27.96,24.8
49500,27.96,24.8
49600,27.96,24.8
49700,27.96,24.8
49800,27.96,24.8
49900,27.96,24.8
50000,27.96,24.8
50100,27.96,24.8
50200,27.96,24.8
50300,27.96,24.8
50400,27.96,24.8
50500,27.96,24.8
50600,27.96,24.8
50700,27.96,24.8
50800,27.96,24.8
50900,27.96,24.8
51000,27.96,24.8
51100,27.96,24.8
51200,27.96,24.8
51300,27.96,24.8
51400,27.96,24.8
51500,27.96,24.8
51600,27.96,24.8
51700,27.96,24.8
51800,27.96,24.8
51900,27.96,24.8
52000,27.96,24.8
52100,27.96,24.8
52200,27.96,24.8
52300,27.96,24.8
52400,27.96,24.8
52500,27.96,24.8
52600,27.663999999999998,24.8
52700,27.663999999999998,24.8
52800,27.663999999999998,24.8
52900,27.663999999999998,24.8
53000,27.663999999999998,24.8
53100,27.663999999999998,24.8
53200,27.663999999999998,24.8
53300,27.663999999999998,24.8
53400,27.663999999999998,24.8
53500,27.663999999999998,24.8
53600,27.663999999999998,24.8
53700,27.663999999999998,24.8
53800,27.663999999999998,24.8
53900,27.663999999999998,24.8
54000,27.663999999999998,24.8
54100,27.663999999999998,24.8
54200,27.663999999999998,24.8
54300,27.663999999999998,24.8
54400,27.663999999999998,24.8
54500,27.663999999999998,24.8
54600,27.663999999999998,24.8
54700,27.663999999999998,24.8
54800,27.663999999999998,24.8
54900,27.663999999999998,24.8
55000,27.663999999999998,24.8
55100,27.663999999999998,24.8
55200,27.663999999999998,24.8
55300,27.663999999999998,24.8
55400,27.663999999999998,24.8
55500,27.663999999999998,24.8
55600,27.663999999999998,24.8
55700,27.663999999999998,24.8
55800,27.663999999999998,24.8
55900,27.663999999999998,24.8
56000,27.663999999999998,24.8
56100,27.663999999999998,24.8
56200,27.663999999999998,24.8
56300,27.663999999999998,24.8
56400,27.663999999999998,24.8
56500,27.663999999999998,24.8
56600,27.663999999999998,24.8
56700,27.663999999999998,24.8
56800,27.663999999999998,24.8
56900,27.663999999999998,24.8
57000,27.663999999999998,24.8
57100,27.663999999999998,24.8
57200,27.663999999999998,24.8
57300,27.663999999999998,24.8
57400,27.663999999999998,24.8
57500,27.663999999999998,24.8
57600,27.663999999999998,24.8
57700,27.663999999999998,24.8
57800,27.663999999999998,24.8
57900,27.663999999999998,24.8
58000,27.663999999999998,24.8
58100,27.663999999999998,24.8
58200,27.663999999999998,24.8
58300,27.663999999999998,24.8
58400,27.663999999999998,24.8
58500,27.663999999999998,24.8
58600,27.663999999999998,24.8
58700,27.663999999999998,24.8
58800,27.663999999999998,24.8
58900,27.663999999999998,24.8
59000,27.663999999999998,24.8
59100,27.663999999999998,24.8
59200,27.663999999999998,24.8
59300,27.663999999999998,24.8
59400,27.663999999999998,24.8
59500,27.663999999999998,24.8
59600,27.663999999999998,24.8
59700,27.663999999999998,24.8
59800,27.663999999999998,24.8
59900,27.663999999999998,24.8
60000,27.663999999999998,24.8
60100,27.663999999999998,24.8
60200,27.663999999999998,24.8
60300,27.663999999999998,24.8
60400,27.663999999999998,24.8
60500,27.663999999999998,24.8
60600,27.663999999999998,24.8
60700,27.663999999999998,24.8
60800,27.663999999999998,24.8
60900,27.663999999999998,24.8
61000,27.312,24.8
61100,27.312,24.8
61200,27.032,24.8
61300,27.032,24.8
61400,27.032,24.8
61500,27.032,24.8
61600,27.032,24.8
61700,27.032,24.8
61800,27.032,24.8
61900,27.032,24.8
62000,27.032,24.8
62100,27.032,24.8
62200,27.032,24.8
62300,27.032,24.8
62400,27.032,24.8
62500,27.032,24.8
62600,27.032,24.8
62700,27.032,24.8
62800,27.032,24.8
62900,27.032,24.8
63000,27.032,24.8
63100,27.032,24.8
63200,27.032,24.8
63300,27.032,24.8
63400,27.032,24.8
63500,27.032,24.8
63600,27.032,24.8
63700,27.032,24.8
63800,27.032,24.8
63900,27.032,24.8
64000,27.032,24.8
64100,27.032,24.8
64200,27.032,24.8
64300,27.032,24.8
64400,27.032,24.8
64500,27.032,24.8
64600,27.032,24.8
64700,27.032,24.8
64800,27.032,24.8
64900,27.032,24.8
65000,27.032,24.8
65100,27.032,24.8
65200,27.032,24.8
65300,27.032,24.8
65400,27.032,24.8
65500,27.032,24.8
65600,27.032,24.8
65700,27.032,24.8
65800,27.032,24.8
65900,27.032,24.8
66000,27.032,24.8
66100,27.032,24.8
66200,27.032,24.8
66300,27.032,24.8
66400,27.032,24.8
66500,27.032,24.8
66600,27.032,24.8
66700,27.032,24.8
66800,26.488,24.8
66900,26.488,24.8
67000,26.488,24.8
67100,26.488,24.8
67200,26.488,24.8
67300,26.488,24.8
67400,26.488,24.8
67500,26.488,24.8
67600,26.488,24.8
67700,26.488,24.8
67800,26.488,24.8
67900,26.488,24.8
68000,26.488,24.8
68100,26.488,24.8
68200,26.488,24.8
68300,26.488,24.8
68400,26.488,24.8
68500,26.488,24.8
68600,26.488,24.8
68700,26.488,24.8
68800,26.488,24.8
68900,26.488,24.8
69000,26.488,24.8
69100,26.488,24.8
69200,26.488,24.8
69300,26.488,24.8
69400,26.488,24.8
69500,26.488,24.8
69600,26.488,24.8
69700,26.488,24.8
69800,26.488,24.8
69900,26.488,24.8
70000,26.488,24.8
70100,26.488,24.8
70200,26.488,24.8
70300,26.488,24.8
70400,26.488,24.8
70500,26.488,24.8
70600,26.488,24.8
70700,26.488,24.8
70800,26.488,24.8
70900,26.488,24.8
71000,26.488,24.8
71100,26.488,24.8
71200,26.488,24.8
71300,26.488,24.8
71400,26.488,24.8
71500,26.488,24.8
71600,26.488,24.8
71700,26.488,24.8
71800,26.488,24.8
71900,26.488,24.8
72000,26.488,24.8
72100,26.488,24.8
72200,26.488,24.8
72300,26.488,24.8
72400,26.488,24.8
72500,26.488,24.8
72600,26.488,24.8
72700,26.488,24.8
72800,26.488,24.8
72900,26.488,24.8
73000,26.488,24.8
73100,26.488,24.8
73200,26.488,24.8
73300,26.488,24.8
73400,26.488,24.8
73500,26.488,24.8
73600,26.488,24.8
73700,26.488,24.8
73800,26.488,24.8
73900,26.488,24.8
74000,26.488,24.8
74100,26.488,24.8
74200,26.488,24.8
74300,26.488,24.8
74400,26.488,24.8
74500,26.488,24.8
74600,26.488,24.8
74700,26.488,24.8
74800,26.488,24.8
74900,26.488,24.8
75000,26.488,24.8
75100,26.488,24.8
75200,26.488,24.8
75300,26.488,24.8
75400,26.488,24.8
75500,26.488,24.8
75600,26.488,24.8
75700,26.488,24.8
75800,26.488,24.8
75900,26.488,24.8
76000,26.488,24.8
76100,26.296,24.8
76200,26.296,24.8
76300,26.296,24.8
76400,26.296,24.8
76500,26.296,24.8
76600,26.296,24.8
76700,26.191999999999997,24.8
76800,26.191999999999997,24.8
76900,26.047999999999995,24.8
77000,26.047999999999995,24.8
77100,26.047999999999995,24.8
77200,26.047999999999995,24.8
77300,26.047999999999995,24.8
77400,25.776,24.8
77500,25.776,24.8
77600,25.776,24.8
77700,25.776,24.8
77800,25.448,24.8
77900,25.448,24.8
78000,25.448,24.8
78100,25.448,24.8
78200,25.448,24.8
78300,25.448,24.8
78400,25.448,24.8
78500,25.448,24.8
78600,25.448,24.8
78700,25.448,24.8
78800,25.448,24.8
78900,25.448,24.8
79000,25.448,24.8
79100,25.448,24.8
79200,25.448,24.8
79300,25.448,24.8
79400,25.448,24.8
79500,25.448,24.8
79600,25.448,24.8
79700,25.448,24.8
79800,25.448,24.8
79900,25.448,24.8
80000,25.448,24.8
80100,25.448,24.8
80200,25.448,24.8
80300,25.448,24.8
80400,25.448,24.8
80500,25.448,24.8
80600,25.448,24.8
80700,25.448,24.8
80800,25.448,24.8
80900,25.448,24.8
81000,25.448,24.8
81100,25.448,24.8
81200,25.448,24.8
81300,25.448,24.8
81400,25.448,24.8
81500,25.448,24.8
81600,25.448,24.8
81700,25.448,24.8
81800,25.448,24.8
81900,25.448,24.8
82000,25.448,24.8
82100,25.448,24.8
82200,25.448,24.8
82300,25.448,24.8
82400,25.448,24.8
82500,25.448,24.8
82600,25.448,24.8
82700,25.448,24.8
82800,25.448,24.8
82900,25.448,24.8
83000,25.448,24.8
83100,25.448,24.8
83200,25.448,24.8
83300,25.448,24.8
83400,25.448,24.8
83500,25.448,24.8
83600,25.448,24.8
83700,25.448,24.8
83800,25.448,24.8
83900,25.448,24.8
84000,25.448,24.8
84100,25.448,24.8
84200,25.448,24.8
84300,25.448,24.8
84400,25.448,24.8
84500,25.448,24.8
84600,25.448,24.8
84700,25.448,24.8
84800,25.448,24.8
84900,25.448,24.8
85000,25.448,24.8
85100,25.448,24.8
85200,25.448,24.8
85300,25.448,24.8
85400,25.448,24.8
85500,25.448,24.8
85600,25.448,24.8
85700,25.448,24.8
85800,25.448,24.8
85900,25.448,24.8
86000,25.448,24.8
86100,25.448,24.8
86200,25.448,24.8
86300,25.448,24.8
86400,25.448,24.8
86500,25.448,24.8
86600,25.448,24.8
86700,25.448,24.8
86800,25.4,24.8
86900,25.4,24.8
87000,25.4,24.8
87100,25.4,24.8
87200,25.056,24.8
87300,25.056,24.8
87400,25.056,24.8
87500,25.056,24.8
87600,25.056,24.8
87700,25.056,24.8
87800,25.056,24.8
87900,25.056,24.8
88000,25.056,24.8
88100,25.056,24.8
88200,25.056,24.8
88300,25.056,24.8
88400,25.056,24.8
88500,25.056,24.8
88600,25.056,24.8
88700,25.056,24.8
88800,25.056,24.8
88900,24.936,24.8
89000,24.936,24.8
89100,24.936,24.8
89200,24.936,24.8
89300,24.936,24.8
89400,24.936,24.8
89500,24.936,24.8
89600,24.936,24.8
89700,24.936,24.8
89800,24.936,24.8
89900,24.936,24.8
90000,24.936,24.8
90100,24.936,24.8
90200,24.936,24.8
90300,24.936,24.8
90400,24.608,24.8
90500,24.608,24.8
90600,24.608,24.8
90700,24.608,24.8
90800,24.608,24.8
90900,24.608,24.8
91000,24.608,24.8
91100,24.608,24.8
91200,24.608,24.8
91300,24.608,24.8
91400,24.608,24.8
91500,24.608,24.8
91600,24.608,24.8
91700,24.608,24.8
91800,24.608,24.8
91900,24.608,24.8
92000,24.448,24.8
92100,24.048000000000002,24.8
92200,24.048000000000002,24.8
92300,24.048000000000002,24.8
92400,24.048000000000002,24.8
92500,24.048000000000002,24.8
92600,24.048000000000002,24.8
92700,24.048000000000002,24.8
92800,24.048000000000002,24.8
92900,24.048000000000002,24.8
93000,24.048000000000002,24.8
93100,24.048000000000002,24.8
93200,24.048000000000002,24.8
93300,24.048000000000002,24.8
93400,24.048000000000002,24.8
93500,24.048000000000002,24.8
93600,24.048000000000002,24.8
93700,24.048000000000002,24.8
93800,24.048000000000002,24.8
93900,24.048000000000002,24.8
94000,24.048000000000002,24.8
94100,24.048000000000002,24.8
94200,24.048000000000002,24.8
94300,24.048000000000002,24.8
94400,24.048000000000002,24.8
94500,24.048000000000002,24.8
94600,24.048000000000002,24.8
94700,24.048000000000002,24.8
94800,24.048000000000002,24.8
94900,24.048000000000002,24.8
95000,24.048000000000002,24.8
95100,24.048000000000002,24.8
95200,24.048000000000002,24.8
95300,24.048000000000002,24.8
95400,24.048000000000002,24.8
95500,24.048000000000002,24.8
95600,24.048000000000002,24.8
95700,24.048000000000002,24.8
95800,24.048000000000002,24.8
95900,24.048000000000002,24.8
96000,24.048000000000002,24.8
96100,24.048000000000002,24.8
96200,24.048000000000002,24.8
96300,24.048000000000002,24.8
96400,24.048000000000002,24.8
96500,24.048000000000002,24.8
96600,24.048000000000002,24.8
96700,23.784,24.6
96800,23.784,24.6
96900,23.784,24.6
97000,23.784,24.6
97100,23.784,24.6
97200,23.784,24.6
97300,23.784,24.6
97400,23.784,24.6
97500,23.784,24.6
97600,23.784,24.6
97700,23.784,24.6
97800,23.784,24.6
97900,23.784,24.6
98000,23.784,24.6
98100,23.784,24.6
98200,23.784,24.6
98300,23.784,24.6
98400,23.784,24.6
98500,23.784,24.6
98600,23.784,24.6
98700,23.784,24.6
98800,23.784,24.6
98900,23.784,24.6
99000,23.784,24.6
99100,23.784,24.6
99200,23.784,24.6
99300,23.784,24.6
99400,23.784,24.6
99500,23.784,24.6
99600,23.784,24.6
99700,23.784,24.6
99800,23.536,24.6
99900,23.536,24.6
99999,23.536,24.6

START ALGORITHM
h6: (a14 + a54 + a11 + a41 + a22 - a22) * (b53 - b35)
h7: (a45 - a12) * (-b52)
h11: (a13 + a43 - a14) * (-b43 - b11)
h19: (-a21) * (b32 - b24)
h23: (a24) * (b24 - b15)
h25: (a14 + a23 + a53 - a54) * (b33)
h28: (a51 + a41 - a12 - a32 - a45 - a41 - a11 - a15 - a31 - a52 - a15 - a12 - a33) * (b11 - b25)
h29: (a45) * (-b12)
h34: (a22 + a24 + a25 - a32 - a55 - a22) * (b53 - b33)
h36: (a31 - a32 - a31) * (b33)
h38: (a53) * (b54)
h40: (-a22) * (b24)
h45: (-a44 - a51) * (-b33)
h48: (a33 - a52) * (b21 - b54)
h50: (a23) * (b44)
h59: (a43 + a53 + a42 + a21 + a13 + a33 + a14 - a14 - a23) * (-b51)
h60: (a21 + a55) * (b14)
h62: (-a11) * (b34)
h67: (a35) * (b42 - b41)
h68: (a21 + a44 - a41 - a42 - a55) * (-b34)
h71: (a24 + a41 + a32 - a34 - a54) * (b11)
h81: (-a53 - a45) * (b54 - b24)
h82: (a32 - a34 - a43) * (b31 + b42)
h83: (a41 + a31 + a12 + a33 - a43 - a25 - a42) * (b13)
h88: (a55 - a25 - a35 - a51) * (b13)
h89: (a13 + a25) * (b31)
h92: (a24 + a32 + a35 + a34 + a42 - a42 - a45) * (-b14 - b23)
h98: (a41 + a12) * (-b24 - b24)
h101: (a13 + a54 + a44 - a41) * (-b42)
h113: (a53 + a21 + a45 - a45 - a24 - a14 - a32) * (b12 - b31)
h114: (a33 - a53) * (-b54)
h120: (a41) * (b54)
h122: (a35 - a14 - a13) * (b12 + b11 - b13)
h153: (-a11 - a14 - a22) * (-b12)
h192: (a21) * (-b21 - b54)
h193: (a13 + a52 - a25) * (b22)
h214: (a13 - a43) * (b15)
h217: (a15) * (-b54)
h255: (a23 - a31 - a34) * (b41)
h270: (-a34 - a14) * (-b14)
h281: (-a34) * (-b55)
h290: (-a52) * (-b35)
h413: (a35 - a12 - a22) * (b44)
h433: (a45 + a55 + a32 - a53 - a44 - a15) * (b24)
h475: (a14 - a53) * (-b33)
h494: (a52 - a15) * (-b23 - b44)
h585: (a53 + a52 + a44 - a34) * (-b25)
h1102: (a35 + a34) * (-b22)
h1350: (a22 + a51 + a11 + a32 + a42 + a42 + a13 + a51 - a55 - a24 - a15 - a35 - a24 - a41 - a31 - a42) * (-b54)
h10565: (a34 + a41 + a34 + a43 + a44 - a34) * (-b33)
h13444: (a25 + a44 - a15 - a53) * (b21)
h15406: (a12) * (-b45)
h16380: (a14) * (b24)
h16646: (a45 + a41 - a25) * (-b21)
h32421: (a12 + a32) * (b22 - b31)
h36177: (a34 + a13 + a33 + a13 - a12) * (-b11)
c11: h50 - h16646 
c12: h11 + h255 - h122 
c13: h28 + h83 - h15406 
c14: h153 + h60 
c15: h7 + h67 
c21: h1102 - h217 
c22: h38 + h281 + h255 - h290 
c23: h36 + h92 
c24: h71 - h120 
c25: h82 - h23 
c31: h113 + h89 - h19 
c32: h494 + h255 
c33: h82 + h89 + h494 + h71 
c34: h19 + h40 
c35: h67 + h433 + h1350 - h36177 
c41: h98 + h88 - h413 - h475 - h585 
c42: h6 + h82 + h1102 + h192 - h113 - h192 
c43: h11 + h62 + h281 + h10565 - h50 - h25 
c44: h214 + h120 + h281 + h7 + h270 - h29 
c45: h71 + h255 + h48 + h153 - h81 
c51: h68 + h45 + h32421 + h59 - h40 - h13444 
c52: h89 + h82 
c53: h101 + h36 + h413 - h62 - h193 
c54: h114 - h34 
c55: h281 + h16380 
