0,170.928,25
100,111.43999999999998,25
200,86.768,25
300,85.512,25
400,79.264,25
500,76.856,25
600,71.256,24.8
700,68.52799999999999,24.8
800,67.43199999999999,24.8
900,65.904,25
1000,63.208000000000006,25
1100,59.343999999999994,25
1200,57.903999999999996,25
1300,57.136,25
1400,56.92800000000001,25
1500,54.656000000000006,25
1600,54.504,25
1700,54.464,25
1800,53.088,25
1900,53.088,25
2000,53.080000000000005,25
2100,53.080000000000005,25
2200,53.080000000000005,25
2300,51.968,24.8
2400,51.968,24.8
2500,51.888,24.8
2600,51.648,24.8
2700,51.648,24.8
2800,51.648,24.8
2900,50.88000000000001,25
3000,50.88000000000001,25
3100,50.88000000000001,25
3200,50.047999999999995,25
3300,50.047999999999995,25
3400,50.047999999999995,25
3500,47.056,25
3600,47.056,25
3700,47.056,25
3800,47.056,25
3900,46.432,25
4000,44.128,25
4100,43.544000000000004,25
4200,43.544000000000004,25
4300,43.24,25
4400,43.144,25
4500,43.144,25
4600,43.144,25
4700,43.144,25
4800,43.144,25
4900,43.144,25
5000,43.144,25
5100,43.144,25
5200,43.144,25
5300,43.144,25
5400,43.144,25
5500,43.144,25
5600,43.144,25
5700,43.144,25
5800,41.848,25
5900,41.848,25
6000,41.848,25
6100,41.848,25
6200,41.848,25
6300,41.848,25
6400,41.848,25
6500,41.848,25
6600,41.416000000000004,25
6700,41.416000000000004,25
6800,41.416000000000004,25
6900,41.416000000000004,25
7000,41.416000000000004,25
7100,41.416000000000004,25
7200,41.416000000000004,25
7300,41.416000000000004,25
7400,41.416000000000004,25
7500,41.416000000000004,25
7600,41.416000000000004,25
7700,41.416000000000004,25
7800,41.416000000000004,25
7900,41.128,25
8000,41.032000000000004,25
8100,41.032000000000004,25
8200,41.032000000000004,25
8300,41.032000000000004,25
8400,41.032000000000004,25
8500,41.032000000000004,25
8600,41.032000000000004,25
8700,41.032000000000004,25
8800,41.032000000000004,25
8900,41.032000000000004,25
9000,41.032000000000004,25
9100,41.032000000000004,25
9200,40.584,25
9300,40.584,25
9400,39.623999999999995,25
9500,39.623999999999995,25
9600,37.448,25
9700,37.104,25
9800,37.104,25
9900,37.104,25
10000,37.104,25
10100,37.104,25
10200,37.104,25
10300,37.104,25
10400,37.104,25
10500,37.104,25
10600,36.727999999999994,25
10700,36.727999999999994,25
10800,36.727999999999994,25
10900,36.720000000000006,25
11000,36.720000000000006,25
11100,36.720000000000006,25
11200,36.720000000000006,25
11300,36.720000000000006,25
11400,36.720000000000006,25
11500,36.720000000000006,25
11600,36.720000000000006,25
11700,36.720000000000006,25
11800,36.720000000000006,25
11900,36.720000000000006,25
12000,36.720000000000006,25
12100,36.720000000000006,25
12200,36.720000000000006,25
12300,36.720000000000006,25
12400,36.720000000000006,25
12500,36.720000000000006,25
12600,36.720000000000006,25
12700,36.36,25
12800,35.744,25
12900,35.744,25
13000,35.744,25
13100,35.744,25
13200,35.744,25
13300,35.744,25
13400,35.744,25
13500,35.744,25
13600,35.744,25
13700,35.744,25
13800,35.744,25
13900,35.744,25
14000,35.576,25
14100,35.576,25
14200,35.576,25
14300,35.576,25
14400,35.576,25
14500,35.576,25
14600,35.08,25
14700,35.08,25
14800,35.08,25
14900,35.08,25
15000,35.08,25
15100,35.08,25
15200,34.64,25
15300,34.64,25
15400,34.64,25
15500,34.64,25
15600,34.64,25
15700,34.64,25
15800,34.64,25
15900,34.208,25
16000,34.208,25
16100,34.208,25
16200,34.208,25
16300,34.208,25
16400,34.208,25
16500,34.208,25
16600,34.208,25
16700,34.208,25
16800,34.208,25
16900,34.208,25
17000,34.208,25
17100,33.896,25
17200,33.896,25
17300,33.896,25
17400,33.896,25
17500,33.896,25
17600,33.896,25
17700,33.464,25
17800,33.464,25
17900,33.464,25
18000,33.464,25
18100,33.464,25
18200,33.2,25
18300,33.2,25
18400,33.2,25
18500,33.2,25
18600,33.2,25
18700,33.2,25
18800,33.2,25
18900,33.2,25
19000,33.2,25
19100,33.2,25
19200,33.2,25
19300,33.2,25
19400,33.2,25
19500,33.2,25
19600,33.2,25
19700,33.2,25
19800,33.2,25
19900,33.2,25
20000,32.952,25
20100,32.952,25
20200,32.952,25
20300,32.952,25
20400,32.952,25
20500,32.952,25
20600,32.952,25
20700,32.952,25
20800,32.952,25
20900,32.952,25
21000,32.952,25
21100,32.952,25
21200,32.952,25
21300,32.952,25
21400,32.952,25
21500,32.952,25
21600,32.952,25
21700,32.952,25
21800,32.736000000000004,25
21900,32.64,25
22000,32.64,25
22100,32.64,25
22200,32.64,25
22300,32.64,25
22400,32.64,25
22500,32.64,25
22600,32.64,25
22700,32.64,25
22800,32.64,25
22900,32.64,25
23000,32.64,25
23100,32.64,25
23200,32.64,25
23300,32.64,25
23400,32.64,25
23500,32.64,25
23600,32.64,25
23700,32.64,25
23800,32.64,25
23900,32.64,25
24000,32.64,25
24100,32.64,25
24200,32.64,25
24300,32.64,25
24400,32.64,25
24500,32.64,25
24600,32.64,25
24700,32.64,25
24800,32.64,25
24900,32.64,25
25000,32.64,25
25100,32.64,25
25200,32.64,25
25300,32.64,25
25400,32.64,25
25500,32.64,25
25600,32.64,25
25700,32.64,25
25800,32.624,25
25900,32.624,25
26000,32.624,25
26100,32.624,25
26200,32.624,25
26300,32.624,25
26400,32.624,25
26500,32.624,25
26600,32.624,25
26700,32.624,25
26800,32.624,25
26900,32.624,25
27000,32.624,25
27100,32.624,25
27200,32.624,25
27300,32.624,25
27400,32.624,25
27500,32.624,25
27600,32.624,25
27700,32.624,25
27800,32.624,25
27900,32.624,25
28000,32.624,25
28100,32.624,25
28200,32.624,25
28300,32.624,25
28400,32.624,25
28500,32.624,25
28600,32.624,25
28700,32.624,25
28800,32.624,25
28900,32.624,25
29000,32.624,25
29100,32.44799999999999,24.8
29200,32.44799999999999,24.8
29300,32.44799999999999,24.8
29400,32.44799999999999,24.8
29500,32.44799999999999,24.8
29600,32.44799999999999,24.8
29700,32.44799999999999,24.8
29800,32.256,24.8
29900,32.256,24.8
30000,31.855999999999995,24.8
30100,31.855999999999995,24.8
30200,31.2,24.8
30300,31.2,24.8
30400,31.2,24.8
30500,31.2,24.8
30600,31.2,24.8
30700,31.2,24.8
30800,31.2,24.8
30900,31.2,24.8
31000,31.2,24.8
31100,31.103999999999996,24.8
31200,31.103999999999996,24.8
31300,31.103999999999996,24.8
31400,31.103999999999996,24.8
31500,30.815999999999995,24.8
31600,30.815999999999995,24.8
31700,30.815999999999995,24.8
31800,30.815999999999995,24.8
31900,30.815999999999995,24.8
32000,30.815999999999995,24.8
32100,30.815999999999995,24.8
32200,30.815999999999995,24.8
32300,30.815999999999995,24.8
32400,30.815999999999995,24.8
32500,30.815999999999995,24.8
32600,30.815999999999995,24.8
32700,30.815999999999995,24.8
32800,30.815999999999995,24.8
32900,30.815999999999995,24.8
33000,30.815999999999995,24.8
33100,30.815999999999995,24.8
33200,30.815999999999995,24.8
33300,30.2,24.8
33400,30.2,24.8
33500,30.2,24.8
33600,30.2,24.8
33700,30.2,24.8
33800,30.088,24.8
33900,30.088,24.8
34000,30.088,24.8
34100,30.088,24.8
34200,30.088,24.8
34300,30.088,24.8
34400,30.088,24.8
34500,30.088,24.8
34600,30.088,24.8
34700,30.088,24.8
34800,30.088,24.8
34900,30.088,24.8
35000,30.088,24.8
35100,30.088,24.8
35200,30.088,24.8
35300,30.088,24.8
35400,30.088,24.8
35500,30.088,24.8
35600,30.088,24.8
35700,30.088,24.8
35800,30.088,24.8
35900,30.088,24.8
36000,30.088,24.8
36100,30.088,24.8
36200,30.088,24.8
36300,30.088,24.8
36400,30.088,24.8
36500,30.088,24.8
36600,30.088,24.8
36700,30.088,24.8
36800,30.088,24.8
36900,30.088,24.8
37000,30.088,24.8
37100,30.088,24.8
37200,30.088,24.8
37300,30.088,24.8
37400,30.088,24.8
37500,30.088,24.8
37600,30.088,24.8
37700,30.088,24.8
37800,30.088,24.8
37900,30.088,24.8
38000,30.088,24.8
38100,30.088,24.8
38200,30.088,24.8
38300,30.088,24.8
38400,30.088,24.8
38500,30.088,24.8
38600,29.896000000000004,24.8
38700,29.896000000000004,24.8
38800,29.896000000000004,24.8
38900,29.896000000000004,24.8
39000,29.896000000000004,24.8
39100,29.896000000000004,24.8
39200,29.896000000000004,24.8
39300,29.896000000000004,24.8
39400,29.896000000000004,24.8
39500,29.896000000000004,24.8
39600,29.896000000000004,24.8
39700,29.896000000000004,24.8
39800,29.896000000000004,24.8
39900,29.896000000000004,24.8
40000,29.896000000000004,24.8
40100,29.896000000000004,24.8
40200,29.896000000000004,24.8
40300,29.896000000000004,24.8
40400,29.896000000000004,24.8
40500,29.896000000000004,24.8
40600,29.896000000000004,24.8
40700,29.896000000000004,24.8
40800,29.896000000000004,24.8
40900,29.896000000000004,24.8
41000,29.896000000000004,24.8
41100,29.896000000000004,24.8
41200,29.896000000000004,24.8
41300,29.896000000000004,24.8
41400,29.896000000000004,24.8
41500,29.896000000000004,24.8
41600,29.896000000000004,24.8
41700,29.896000000000004,24.8
41800,29.896000000000004,24.8
41900,29.896000000000004,24.8
42000,29.896000000000004,24.8
42100,29.896000000000004,24.8
42200,29.896000000000004,24.8
42300,29.375999999999998,24.8
42400,29.375999999999998,24.8
42500,29.375999999999998,24.8
42600,29.375999999999998,24.8
42700,29.375999999999998,24.8
42800,29.375999999999998,24.8
42900,29.375999999999998,24.8
43000,29.375999999999998,24.8
43100,29.375999999999998,24.8
43200,29.375999999999998,24.8
43300,29.375999999999998,24.8
43400,29.375999999999998,24.8
43500,29.375999999999998,24.8
43600,29.375999999999998,24.8
43700,29.375999999999998,24.8
43800,29.375999999999998,24.8
43900,29.375999999999998,24.8
44000,29.375999999999998,24.8
44100,29.375999999999998,24.8
44200,29.375999999999998,24.8
44300,29.375999999999998,24.8
44400,29.375999999999998,24.8
44500,29.375999999999998,24.8
44600,29.375999999999998,24.8
44700,29.375999999999998,24.8
44800,29.375999999999998,24.8
44900,29.375999999999998,24.8
45000,29.375999999999998,24.8
45100,29.375999999999998,24.8
45200,29.375999999999998,24.8
45300,29.375999999999998,24.8
45400,29.008,24.8
45500,29.008,24.8
45600,29.008,24.8
45700,29.008,24.8
45800,29.008,24.8
45900,29.008,24.8
46000,29.008,24.8
46100,29.008,24.8
46200,29.008,24.8
46300,29.008,24.8
46400,29.008,24.8
46500,29.008,24.8
46600,29.008,24.8
46700,29.008,24.8
46800,29.008,24.8
46900,29.008,24.8
47000,29.008,24.8
47100,29.008,24.8
47200,29.008,24.8
47300,29.008,24.8
47400,29.008,24.8
47500,29.008,24.8
47600,29.008,24.8
47700,29.008,24.8
47800,29.008,24.8
47900,29.008,24.8
48000,29.008,24.8
48100,29.008,24.8
48200,29.008,24.8
48300,29.008,24.8
48400,29.008,24.8
48500,29.008,24.8
48600,29.008,24.8
48700,29.008,24.8
48800,29.008,24.8
48900,29.008,24.8
49000,29.008,24.8
49100,29.008,24.8
49200,29.008,24.8
49300,29.008,24.8
49400,29.008,24.8
49500,29.008,24.8
49600,29.008,24.8
49700,29.008,24.8
49800,29.008,24.8
49900,29.008,24.8
50000,29.008,24.8
50100,29.008,24.8
50200,29.008,24.8
50300,29.008,24.8
50400,29.008,24.8
50500,29.008,24.8
50600,29.008,24.8
50700,29.008,24.8
50800,29.008,24.8
50900,29.008,24.8
51000,28.8,24.8
51100,28.8,24.8
51200,28.8,24.8
51300,28.8,24.8
51400,28.8,24.8
51500,28.8,24.8
51600,28.8,24.8
51700,28.8,24.8
51800,28.8,24.8
51900,28.8,24.8
52000,28.8,24.8
52100,28.8,24.8
52200,28.8,24.8
52300,28.8,24.8
52400,28.8,24.8
52500,28.8,24.8
52600,28.8,24.8
52700,28.8,24.8
52800,28.8,24.8
52900,28.8,24.8
53000,28.8,24.8
53100,28.8,24.8
53200,28.8,24.8
53300,28.8,24.8
53400,28.8,24.8
53500,28.8,24.8
53600,28.8,24.8
53700,28.8,24.8
53800,28.8,24.8
53900,28.8,24.8
54000,28.8,24.8
54100,28.8,24.8
54200,28.8,24.8
54300,28.8,24.8
54400,28.8,24.8
54500,28.8,24.8
54600,28.383999999999997,24.8
54700,28.383999999999997,24.8
54800,28.383999999999997,24.8
54900,28.383999999999997,24.8
55000,28.383999999999997,24.8
55100,28.383999999999997,24.8
55200,28.383999999999997,24.8
55300,28.383999999999997,24.8
55400,28.383999999999997,24.8
55500,28.383999999999997,24.8
55600,28.383999999999997,24.8
55700,28.208,24.8
55800,28.208,24.8
55900,28.208,24.8
56000,28.208,24.8
56100,28.208,24.8
56200,28.208,24.8
56300,28.208,24.8
56400,28.208,24.8
56500,28.208,24.8
56600,28.208,24.8
56700,28.208,24.8
56800,28.208,24.8
56900,28.208,24.8
57000,28.208,24.8
57100,28.208,24.8
57200,28.208,24.8
57300,28.208,24.8
57400,28.208,24.8
57500,28.208,24.8
57600,28.208,24.8
57700,28.208,24.8
57800,28.208,24.8
57900,28.208,24.8
58000,28.208,24.8
58100,28.208,24.8
58200,28.208,24.8
58300,28.208,24.8
58400,28.192,24.8
58500,28.192,24.8
58600,28.192,24.8
58700,28.192,24.8
58800,28.192,24.8
58900,28.192,24.8
59000,28.192,24.8
59100,28.192,24.8
59200,28.192,24.8
59300,28.192,24.8
59400,28.192,24.8
59500,28.192,24.8
59600,28.192,24.8
59700,28.192,24.8
59800,28.192,24.8
59900,28.192,24.8
60000,28.192,24.8
60100,28.192,24.8
60200,28.192,24.8
60300,28.192,24.8
60400,28.192,24.8
60500,28.192,24.8
60600,28.192,24.8
60700,28.192,24.8
60800,28.192,24.8
60900,28.192,24.8
61000,28.192,24.8
61100,28.192,24.8
61200,28.192,24.8
61300,28.192,24.8
61400,28.192,24.8
61500,28.192,24.8
61600,28.192,24.8
61700,28.192,24.8
61800,28.192,24.8
61900,28.192,24.8
62000,28.192,24.8
62100,28.088,24.8
62200,28.088,24.8
62300,28.088,24.8
62400,28.088,24.8
62500,28.088,24.8
62600,28.088,24.8
62700,28.088,24.8
62800,28.088,24.8
62900,28.088,24.8
63000,28.088,24.8
63100,28.088,24.8
63200,28.088,24.8
63300,28.088,24.8
63400,28.088,24.8
63500,28.088,24.8
63600,28.088,24.8
63700,28.088,24.8
63800,28.088,24.8
63900,28.088,24.8
64000,28.088,24.8
64100,28.088,24.8
64200,28.088,24.8
64300,28.088,24.8
64400,28.088,24.8
64500,28.088,24.8
64600,28.088,24.8
64700,28.088,24.8
64800,28.088,24.8
64900,28.088,24.8
65000,28.088,24.8
65100,28.088,24.8
65200,28.088,24.8
65300,28.088,24.8
65400,28.088,24.8
65500,28.088,24.8
65600,28.088,24.8
65700,28.088,24.8
65800,28.088,24.8
65900,28.088,24.8
66000,28.088,24.8
66100,27.928000000000004,24.8
66200,27.928000000000004,24.8
66300,27.928000000000004,24.8
66400,27.928000000000004,24.8
66500,27.928000000000004,24.8
66600,27.928000000000004,24.8
66700,27.928000000000004,24.8
66800,27.928000000000004,24.8
66900,27.928000000000004,24.8
67000,27.928000000000004,24.8
67100,27.928000000000004,24.8
67200,27.928000000000004,24.8
67300,27.928000000000004,24.8
67400,27.928000000000004,24.8
67500,27.928000000000004,24.8
67600,27.928000000000004,24.8
67700,27.928000000000004,24.8
67800,27.928000000000004,24.8
67900,27.928000000000004,24.8
68000,27.928000000000004,24.8
68100,27.928000000000004,24.8
68200,27.928000000000004,24.8
68300,27.928000000000004,24.8
68400,27.928000000000004,24.8
68500,27.928000000000004,24.8
68600,27.928000000000004,24.8
68700,27.928000000000004,24.8
68800,27.928000000000004,24.8
68900,27.928000000000004,24.8
69000,27.928000000000004,24.8
69100,27.928000000000004,24.8
69200,27.928000000000004,24.8
69300,27.928000000000004,24.8
69400,27.928000000000004,24.8
69500,27.928000000000004,24.8
69600,27.928000000000004,24.8
69700,27.928000000000004,24.8
69800,27.928000000000004,24.8
69900,27.928000000000004,24.8
70000,27.928000000000004,24.8
70100,27.928000000000004,24.8
70200,27.928000000000004,24.8
70300,27.928000000000004,24.8
70400,27.928000000000004,24.8
70500,27.928000000000004,24.8
70600,27.928000000000004,24.8
70700,27.928000000000004,24.8
70800,27.928000000000004,24.8
70900,27.928000000000004,24.8
71000,27.928000000000004,24.8
71100,27.928000000000004,24.8
71200,27.928000000000004,24.8
71300,27.928000000000004,24.8
71400,27.928000000000004,24.8
71500,27.928000000000004,24.8
71600,27.928000000000004,24.8
71700,27.928000000000004,24.8
71800,27.928000000000004,24.8
71900,27.928000000000004,24.8
72000,27.928000000000004,24.8
72100,27.928000000000004,24.8
72200,27.928000000000004,24.8
72300,27.928000000000004,24.8
72400,27.928000000000004,24.8
72500,27.928000000000004,24.8
72600,27.928000000000004,24.8
72700,27.928000000000004,24.8
72800,27.839999999999996,24.8
72900,27.839999999999996,24.8
73000,27.456,24.8
73100,27.456,24.8
73200,27.456,24.8
73300,27.456,24.8
73400,27.456,24.8
73500,27.456,24.8
73600,27.456,24.8
73700,27.456,24.8
73800,27.456,24.8
73900,27.456,24.8
74000,27.456,24.8
74100,27.456,24.8
74200,27.456,24.8
74300,27.456,24.8
74400,27.456,24.8
74500,27.456,24.8
74600,27.456,24.8
74700,27.456,24.8
74800,27.456,24.8
74900,27.456,24.8
75000,27.456,24.8
75100,27.456,24.8
75200,27.456,24.8
75300,27.456,24.8
75400,27.456,24.8
75500,27.456,24.8
75600,27.456,24.8
75700,27.456,24.8
75800,27.375999999999998,24.8
75900,27.375999999999998,24.8
76000,27.216,24.8
76100,27.072000000000003,25
76200,27.072000000000003,25
76300,27.072000000000003,25
76400,27.072000000000003,25
76500,27.072000000000003,25
76600,27.072000000000003,25
76700,27.072000000000003,25
76800,27.072000000000003,25
76900,27.072000000000003,25
77000,27.072000000000003,25
77100,27.072000000000003,25
77200,27.072000000000003,25
77300,27.072000000000003,25
77400,27.072000000000003,25
77500,27.072000000000003,25
77600,27.072000000000003,25
77700,27.072000000000003,25
77800,27.072000000000003,25
77900,27.072000000000003,25
78000,27.072000000000003,25
78100,27.072000000000003,25
78200,27.072000000000003,25
78300,27.072000000000003,25
78400,27.072000000000003,25
78500,27.072000000000003,25
78600,27.072000000000003,25
78700,27.072000000000003,25
78800,27.072000000000003,25
78900,27.072000000000003,25
79000,27.072000000000003,25
79100,27.072000000000003,25
79200,27.072000000000003,25
79300,27.072000000000003,25
79400,27.072000000000003,25
79500,27.072000000000003,25
79600,27.072000000000003,25
79700,27.072000000000003,25
79800,27.072000000000003,25
79900,27.072000000000003,25
80000,27.072000000000003,25
80100,27.072000000000003,25
80200,27.072000000000003,25
80300,27.072000000000003,25
80400,27.072000000000003,25
80500,27.072000000000003,25
80600,27.072000000000003,25
80700,27.072000000000003,25
80800,27.072000000000003,25
80900,27.072000000000003,25
81000,27.072000000000003,25
81100,27.072000000000003,25
81200,27.072000000000003,25
81300,27.072000000000003,25
81400,27.072000000000003,25
81500,27.072000000000003,25
81600,27.072000000000003,25
81700,27.072000000000003,25
81800,27.072000000000003,25
81900,27.072000000000003,25
82000,27.072000000000003,25
82100,27.072000000000003,25
82200,27.072000000000003,25
82300,27.072000000000003,25
82400,27.072000000000003,25
82500,27.072000000000003,25
82600,27.072000000000003,25
82700,27.072000000000003,25
82800,27.072000000000003,25
82900,27.072000000000003,25
83000,27.072000000000003,25
83100,27.072000000000003,25
83200,27.072000000000003,25
83300,27.072000000000003,25
83400,27.072000000000003,25
83500,27.072000000000003,25
83600,27.072000000000003,25
83700,27.072000000000003,25
83800,27.072000000000003,25
83900,27.072000000000003,25
84000,27.072000000000003,25
84100,27.072000000000003,25
84200,27.072000000000003,25
84300,27.072000000000003,25
84400,27.072000000000003,25
84500,27.072000000000003,25
84600,27.072000000000003,25
84700,27.072000000000003,25
84800,27.072000000000003,25
84900,27.072000000000003,25
85000,27.072000000000003,25
85100,27.072000000000003,25
85200,27.072000000000003,25
85300,27.072000000000003,25
85400,27.072000000000003,25
85500,27.072000000000003,25
85600,27.072000000000003,25
85700,27.072000000000003,25
85800,27.072000000000003,25
85900,27.072000000000003,25
86000,27.072000000000003,25
86100,27.072000000000003,25
86200,26.872000000000003,25
86300,26.872000000000003,25
86400,26.872000000000003,25
86500,26.872000000000003,25
86600,26.872000000000003,25
86700,26.872000000000003,25
86800,26.872000000000003,25
86900,26.872000000000003,25
87000,26.872000000000003,25
87100,26.872000000000003,25
87200,26.872000000000003,25
87300,26.872000000000003,25
87400,26.872000000000003,25
87500,26.872000000000003,25
87600,26.872000000000003,25
87700,26.872000000000003,25
87800,26.872000000000003,25
87900,26.872000000000003,25
88000,26.872000000000003,25
88100,26.872000000000003,25
88200,26.872000000000003,25
88300,26.872000000000003,25
88400,26.872000000000003,25
88500,26.824,25
88600,26.824,25
88700,26.824,25
88800,26.824,25
88900,26.824,25
89000,26.824,25
89100,26.824,25
89200,26.824,25
89300,26.824,25
89400,26.824,25
89500,26.824,25
89600,26.824,25
89700,26.824,25
89800,26.824,25
89900,26.704,25
90000,26.704,25
90100,26.704,25
90200,26.704,25
90300,26.704,25
90400,26.704,25
90500,26.704,25
90600,26.704,25
90700,26.704,25
90800,26.704,25
90900,26.704,25
91000,26.704,25
91100,26.704,25
91200,26.704,25
91300,26.704,25
91400,26.704,25
91500,26.704,25
91600,26.704,25
91700,26.704,25
91800,26.704,25
91900,26.704,25
92000,26.704,25
92100,26.704,25
92200,26.704,25
92300,26.704,25
92400,26.704,25
92500,26.704,25
92600,26.704,25
92700,26.704,25
92800,26.704,25
92900,26.704,25
93000,26.704,25
93100,26.704,25
93200,26.704,25
93300,26.704,25
93400,26.704,25
93500,26.704,25
93600,26.704,25
93700,26.704,25
93800,26.704,25
93900,26.704,25
94000,26.704,25
94100,26.704,25
94200,26.704,25
94300,26.704,25
94400,26.704,25
94500,26.704,25
94600,26.704,25
94700,26.704,25
94800,26.704,25
94900,26.704,25
95000,26.704,25
95100,26.704,25
95200,26.704,25
95300,26.704,25
95400,26.704,25
95500,26.704,25
95600,26.704,25
95700,26.704,25
95800,26.704,25
95900,26.704,25
96000,26.704,25
96100,26.704,25
96200,26.704,25
96300,26.704,25
96400,26.704,25
96500,26.704,25
96600,26.704,25
96700,26.704,25
96800,26.704,25
96900,26.704,25
97000,26.704,25
97100,26.704,25
97200,26.704,25
97300,26.704,25
97400,26.704,25
97500,26.704,25
97600,26.704,25
97700,26.704,25
97800,26.704,25
97900,26.704,25
98000,26.704,25
98100,26.704,25
98200,26.704,25
98300,26.704,25
98400,26.704,25
98500,26.704,25
98600,26.704,25
98700,26.704,25
98800,26.704,25
98900,26.704,25
99000,26.704,25
99100,26.704,25
99200,26.704,25
99300,26.704,25
99400,26.704,25
99500,26.704,25
99600,26.704,25
99700,26.704,25
99800,26.704,25
99900,26.704,25
99999,26.704,25

START ALGORITHM
h1: (-a11) * (b53 + b32)
h5: (-a22) * (b42 + b45 + b51 + b35 + b13 + b42 - b31 - b21)
h21: (a21 - a25) * (b24 + b52 + b45 + b22)
h22: (-a25 - a35) * (-b51)
h34: (a12 + a44 + a23 - a11 - a55 - a53 - a35 - a53) * (b52 + b23 + b25 + b45 + b12 + b42 + b55 + b15 - b31 - b53 - b22 - b35 - b34 - b45 - b31)
h40: (a14) * (b23 + b34 - b41 - b51 - b34 - b25)
h45: (a13 - a52) * (b33 + b53 + b33 + b53 - b44)
h46: (a32) * (b34 + b44 + b45 + b44 - b23 - b21 - b55 - b32)
h57: (a51 + a55 - a13 - a41) * (-b31)
h75: (a34 - a54 - a44) * (b25 - b23 - b11)
h78: (a53 + a23 - a51 - a45 - a41 - a21) * (b41 - b25 - b35 - b55 - b43 - b15)
h90: (a24 + a13 + a31 - a21) * (-b15)
h93: (a33 + a23 + a52 - a13 - a54 - a44) * (b42 - b54 - b13 - b31)
h101: (-a14) * (b51 + b13 + b13 - b32 - b35 - b31 - b41 - b32 - b14 - b13 - b55)
h108: (a52 + a53 + a55) * (-b32 - b23 - b42)
h109: (a53 + a14 - a24 - a14 - a15) * (b51 + b11 - b41 - b44 - b51 - b52)
h113: (a23) * (b42 + b44 + b25 - b15 - b25)
h114: (a53) * (b43 - b32 - b15)
h121: (a34) * (b53 + b55 + b24 + b52 + b14 - b54 - b13 - b13 - b51)
h124: (a41 + a15) * (-b23 - b11)
h127: (a14 + a54 + a24 + a21 + a44 - a43) * (b15 - b11)
h138: (a44) * (b55 + b21)
h172: (a13 + a42 - a14 - a25) * (b14 + b31 + b31 + b33 + b42 + b44 + b41 - b53 - b44 - b24)
h173: (-a44) * (b55 + b25 + b25 + b53 - b33 - b44)
h187: (a23 + a31 + a14 + a44 - a14 - a54 - a13 - a54 - a45) * (b33 + b42 + b21)
h239: (-a54) * (b24 + b23 - b14)
h906: (-a32 - a55) * (b13 + b22 + b42 + b41 + b45 - b33 - b33 - b55 - b12)
h967: (a45 + a23 + a55 + a32 - a44 - a42) * (-b11 - b22 - b32 - b45)
h1186: (a21) * (b13 + b53 + b43 + b22 + b31 + b14 + b44 + b43 - b54 - b22 - b41 - b13 - b13)
h1300: (a42 + a34 + a51) * (b32)
h2775: (-a55 - a41) * (b52 + b31 + b15 - b14)
h2931: (a14 + a15 + a55 - a44 - a34 - a41) * (b42 + b31 - b21 - b23 - b24)
h3795: (a44 + a15) * (b34 - b51)
h8269: (a44 + a42) * (b52 + b45)
h11532: (a21 + a31 - a43 - a52 - a53 - a44) * (b13 + b32 + b33 + b43 - b54 - b21 - b44 - b41 - b32 - b32)
h19048: (a31 + a54 + a31) * (b11 - b43)
h32187: (-a42) * (b13 + b12 + b44 + b11 + b32 + b51 + b24 + b11 + b52 + b14 + b14 + b33 + b22 + b14 - b53 - b24 - b42 - b32 - b14 - b31 - b41 - b31 - b52 - b45 - b33 - b14 - b21 - b42 - b15 - b32)
h36776: (a54 + a14 + a15 + a23 - a32 - a45) * (b11 + b44 + b41 + b33 + b32 + b44 + b23 + b55 - b14 - b25)
h39086: (a32 + a54 + a41 - a15 - a15 - a53) * (b35 + b12 - b41 - b41 - b45)
h47768: (-a22 - a23) * (b51 - b43 - b35 - b41)
h47975: (a11 - a31) * (b35 + b33 - b23)
h56545: (a55 + a32 - a55 - a35) * (b34 + b14 - b31)
c11: h3795 - h75 
c12: h124 - h46 
c13: h967 + h32187 - h121 
c14: h22 + h108 
c15: h2931 - h109 - h56545 
c21: h239 - h93 
c22: h34 - h109 
c23: - h101 - h906 
c24: h2775 + h239 
c25: h2775 - h36776 
c31: h172 + h93 
c32: h22 + h45 + h114 - h93 - h78 
c33: h34 - h47768 
c34: h124 + h967 - h1186 
c35: h113 + h187 + h109 
c41: h127 
c42: h172 + h1 + h11532 
c43: - h121 
c44: h121 + h19048 
c45: - h57 
c51: h57 + h90 + h138 - h1300 
c52: h39086 - h173 
c53: h1 - h40 - h5 
c54: - h21 - h108 
c55: h8269 + h47975 
