0,161.968,25
100,102.792,25
200,84.61600000000001,24.8
300,76.67999999999999,25
400,75.66399999999999,25
500,71.47999999999999,25
600,63.464,25
700,57.976,25
800,57.008,25
900,55.888,25
1000,55.272000000000006,25
1100,53.760000000000005,25
1200,51.727999999999994,25
1300,51.727999999999994,25
1400,51.48,25
1500,50.312,25
1600,50.056000000000004,25
1700,50.056000000000004,25
1800,49.391999999999996,25
1900,48.464,24.8
2000,48.464,24.8
2100,48.312,24.8
2200,48.056,24.8
2300,48.056,24.8
2400,48.056,24.8
2500,47.28,24.8
2600,47.28,24.8
2700,47.28,24.8
2800,47.08,24.8
2900,47.032,24.8
3000,46.032,24.8
3100,46.032,24.8
3200,46.032,24.8
3300,46.032,24.8
3400,46.032,24.8
3500,46.032,24.8
3600,46.032,24.8
3700,46.032,24.8
3800,46.032,24.8
3900,46.032,24.8
4000,46.032,24.8
4100,46.032,24.8
4200,46.032,24.8
4300,46.032,24.8
4400,46.032,24.8
4500,46.032,24.8
4600,46.032,24.8
4700,45.88,24.8
4800,45.88,24.8
4900,45.88,24.8
5000,45.88,24.8
5100,45.88,24.8
5200,45.88,24.8
5300,45.327999999999996,24.8
5400,45.327999999999996,24.8
5500,44.232000000000006,24.8
5600,44.232000000000006,24.8
5700,44.232000000000006,24.8
5800,44.232000000000006,24.8
5900,44.232000000000006,24.8
6000,44.232000000000006,24.8
6100,42.664,24.8
6200,42.664,24.8
6300,42.120000000000005,24.8
6400,42.120000000000005,24.8
6500,42.120000000000005,24.8
6600,42.120000000000005,24.8
6700,42.120000000000005,24.8
6800,42.120000000000005,24.8
6900,42.040000000000006,24.8
7000,42.040000000000006,24.8
7100,42.040000000000006,24.8
7200,42.040000000000006,24.8
7300,42.040000000000006,24.8
7400,42,24.8
7500,41.72,24.8
7600,41.72,24.8
7700,41.72,24.8
7800,41.72,24.8
7900,41.72,24.8
8000,41.72,24.8
8100,41.72,24.8
8200,41.72,24.8
8300,41.72,24.8
8400,41.72,24.8
8500,41.72,24.8
8600,41.72,24.8
8700,41.72,24.8
8800,41.72,24.8
8900,41.72,24.8
9000,41.72,24.8
9100,41.007999999999996,24.8
9200,41.007999999999996,24.8
9300,41.007999999999996,24.8
9400,41.007999999999996,24.8
9500,41.007999999999996,24.8
9600,41.007999999999996,24.8
9700,41.007999999999996,24.8
9800,40.688,24.8
9900,40.688,24.8
10000,40.688,24.8
10100,40.688,24.8
10200,40.688,24.8
10300,40.688,24.8
10400,40.688,24.8
10500,40.688,24.8
10600,40.688,24.8
10700,40.376000000000005,24.8
10800,40.376000000000005,24.8
10900,40.376000000000005,24.8
11000,40.376000000000005,24.8
11100,40.376000000000005,24.8
11200,40.36,24.8
11300,40.36,24.8
11400,40.36,24.8
11500,40.36,24.8
11600,40.248000000000005,24.8
11700,40.248000000000005,24.8
11800,40.152,24.8
11900,40.152,24.8
12000,40.152,24.8
12100,40.152,24.8
12200,40.152,24.8
12300,40.152,24.8
12400,40.152,24.8
12500,40.152,24.8
12600,40.152,24.8
12700,40.152,24.8
12800,40.152,24.8
12900,40.152,24.8
13000,40.152,24.8
13100,40.152,24.8
13200,40.152,24.8
13300,40.152,24.8
13400,40.152,24.8
13500,40.152,24.8
13600,40.152,24.8
13700,39.88,24.8
13800,39.88,24.8
13900,39.88,24.8
14000,39.88,24.8
14100,39.288,24.8
14200,39.288,24.8
14300,39.288,24.8
14400,39.288,24.8
14500,39.288,24.8
14600,39.288,24.8
14700,39.288,24.8
14800,39.288,24.8
14900,39.288,24.8
15000,39.288,24.8
15100,39.288,24.8
15200,39.288,24.8
15300,39.288,24.8
15400,39.288,24.8
15500,39.288,24.8
15600,39.288,24.8
15700,39.288,24.8
15800,39.288,24.8
15900,39.288,24.8
16000,39.288,24.8
16100,39.288,24.8
16200,39.288,24.8
16300,39.288,24.8
16400,39.288,24.8
16500,39.288,24.8
16600,39.288,24.8
16700,39.288,24.8
16800,39.288,24.8
16900,39.288,24.8
17000,39.288,24.8
17100,39.288,24.8
17200,39.288,24.8
17300,39.288,24.8
17400,39.288,24.8
17500,39.288,24.8
17600,39.288,24.8
17700,39.288,24.8
17800,39.288,24.8
17900,39.288,24.8
18000,39.288,24.8
18100,39.288,24.8
18200,39.288,24.8
18300,39.288,24.8
18400,39.288,24.8
18500,39.288,24.8
18600,39.288,24.8
18700,38.63199999999999,24.8
18800,38.63199999999999,24.8
18900,38.512,24.8
19000,38.512,24.8
19100,38.512,24.8
19200,38.512,24.8
19300,38.512,24.8
19400,38.392,24.8
19500,38.392,24.8
19600,38.392,24.8
19700,38.392,24.8
19800,37.896,24.8
19900,37.896,24.8
20000,37.896,24.8
20100,37.896,24.8
20200,37.896,24.8
20300,37.896,24.8
20400,37.896,24.8
20500,37.896,24.8
20600,37.896,24.8
20700,37.896,24.8
20800,37.896,24.8
20900,37.896,24.8
21000,37.896,24.8
21100,37.896,24.8
21200,37.896,24.8
21300,37.896,24.8
21400,37.896,24.8
21500,37.896,24.8
21600,37.896,24.8
21700,37.896,24.8
21800,37.896,24.8
21900,37.65599999999999,24.8
22000,37.65599999999999,24.8
22100,37.65599999999999,24.8
22200,37.65599999999999,24.8
22300,37.65599999999999,24.8
22400,37.65599999999999,24.8
22500,37.65599999999999,24.8
22600,37.65599999999999,24.8
22700,37.65599999999999,24.8
22800,37.65599999999999,24.8
22900,37.65599999999999,24.8
23000,37.65599999999999,24.8
23100,37.65599999999999,24.8
23200,37.65599999999999,24.8
23300,37.65599999999999,24.8
23400,37.65599999999999,24.8
23500,37.65599999999999,24.8
23600,37.65599999999999,24.8
23700,37.65599999999999,24.8
23800,37.65599999999999,24.8
23900,37.65599999999999,24.8
24000,37.65599999999999,24.8
24100,37.65599999999999,24.8
24200,37.512,24.8
24300,37.512,24.8
24400,37.512,24.8
24500,37.512,24.8
24600,37.512,24.8
24700,37.512,24.8
24800,37.512,24.8
24900,37.512,24.8
25000,37.512,24.8
25100,37.512,24.8
25200,37.512,24.8
25300,37.512,24.8
25400,37.512,24.8
25500,37.512,24.8
25600,37.512,24.8
25700,37.512,24.8
25800,37.512,24.8
25900,37.512,24.8
26000,37.512,24.8
26100,37.512,24.8
26200,37.512,24.8
26300,37.512,24.8
26400,37.512,24.8
26500,37.512,24.8
26600,37.512,24.8
26700,37.512,24.8
26800,37.512,24.8
26900,37.512,24.8
27000,37.512,24.8
27100,37.512,24.8
27200,37.512,24.8
27300,37.512,24.8
27400,37.248000000000005,24.8
27500,37.248000000000005,24.8
27600,37.248000000000005,24.8
27700,37.248000000000005,24.8
27800,37.248000000000005,24.8
27900,37.248000000000005,24.8
28000,37.248000000000005,24.8
28100,37.248000000000005,24.8
28200,37.248000000000005,24.8
28300,37.248000000000005,24.8
28400,37.248000000000005,24.8
28500,37.248000000000005,24.8
28600,37.248000000000005,24.8
28700,37.248000000000005,24.8
28800,37.248000000000005,24.8
28900,37.248000000000005,24.8
29000,37.248000000000005,24.8
29100,37.248000000000005,24.8
29200,37.248000000000005,24.8
29300,37.248000000000005,24.8
29400,37.248000000000005,24.8
29500,37.248000000000005,24.8
29600,37.248000000000005,24.8
29700,37.248000000000005,24.8
29800,37.248000000000005,24.8
29900,37.248000000000005,24.8
30000,37.248000000000005,24.8
30100,37.248000000000005,24.8
30200,37.248000000000005,24.8
30300,37.248000000000005,24.8
30400,36.983999999999995,24.8
30500,36.983999999999995,24.8
30600,36.983999999999995,24.8
30700,36.983999999999995,24.8
30800,36.983999999999995,24.8
30900,36.983999999999995,24.8
31000,36.983999999999995,24.8
31100,36.983999999999995,24.8
31200,36.983999999999995,24.8
31300,36.983999999999995,24.8
31400,36.983999999999995,24.8
31500,36.983999999999995,24.8
31600,36.983999999999995,24.8
31700,36.983999999999995,24.8
31800,36.983999999999995,24.8
31900,36.983999999999995,24.8
32000,36.72,24.8
32100,36.72,24.8
32200,36.72,24.8
32300,36.72,24.8
32400,36.72,24.8
32500,36.72,24.8
32600,36.72,24.8
32700,36.72,24.8
32800,36.72,24.8
32900,36.72,24.8
33000,36.72,24.8
33100,36.72,24.8
33200,36.72,24.8
33300,36.72,24.8
33400,36.72,24.8
33500,36.72,24.8
33600,36.72,24.8
33700,36.72,24.8
33800,36.72,24.8
33900,36.72,24.8
34000,36.72,24.8
34100,36.72,24.8
34200,36.72,24.8
34300,36.72,24.8
34400,36.72,24.8
34500,36.72,24.8
34600,36.72,24.8
34700,36.72,24.8
34800,36.72,24.8
34900,36.72,24.8
35000,36.72,24.8
35100,36.72,24.8
35200,36.72,24.8
35300,36.72,24.8
35400,36.72,24.8
35500,35.88,24.8
35600,35.504,24.8
35700,35.504,24.8
35800,35.504,24.8
35900,35.504,24.8
36000,35.504,24.8
36100,35.504,24.8
36200,35.504,24.8
36300,35.504,24.8
36400,35.504,24.8
36500,35.504,24.8
36600,35.504,24.8
36700,35.504,24.8
36800,35.504,24.8
36900,35.504,24.8
37000,35.504,24.8
37100,35.504,24.8
37200,35.504,24.8
37300,35.504,24.8
37400,35.504,24.8
37500,35.504,24.8
37600,35.2,24.8
37700,35.2,24.8
37800,35.2,24.8
37900,35.2,24.8
38000,35.2,24.8
38100,35.2,24.8
38200,35.2,24.8
38300,35.2,24.8
38400,35.2,24.8
38500,35.2,24.8
38600,35.2,24.8
38700,35.2,24.8
38800,35.2,24.8
38900,35.2,24.8
39000,35.2,24.8
39100,35.2,24.8
39200,35.2,24.8
39300,35.2,24.8
39400,35.2,24.8
39500,35.2,24.8
39600,35.2,24.8
39700,35.2,24.8
39800,35.2,24.8
39900,35.2,24.8
40000,35.112,24.8
40100,35.112,24.8
40200,35.112,24.8
40300,35.112,24.8
40400,35.112,24.8
40500,35.112,24.8
40600,35.112,24.8
40700,35.112,24.8
40800,35.112,24.8
40900,35.112,24.8
41000,35.112,24.8
41100,35.112,24.8
41200,35.112,24.8
41300,35.112,24.8
41400,35.112,24.8
41500,35.112,24.8
41600,35.112,24.8
41700,35.112,24.8
41800,35.112,24.8
41900,34.815999999999995,24.8
42000,34.815999999999995,24.8
42100,34.815999999999995,24.8
42200,34.815999999999995,24.8
42300,34.815999999999995,24.8
42400,34.815999999999995,24.8
42500,34.815999999999995,24.8
42600,34.815999999999995,24.8
42700,34.815999999999995,24.8
42800,34.815999999999995,24.8
42900,34.815999999999995,24.8
43000,34.815999999999995,24.8
43100,34.815999999999995,24.8
43200,34.815999999999995,24.8
43300,34.815999999999995,24.8
43400,34.815999999999995,24.8
43500,34.815999999999995,24.8
43600,34.815999999999995,24.8
43700,34.815999999999995,24.8
43800,34.815999999999995,24.8
43900,34.815999999999995,24.8
44000,34.815999999999995,24.8
44100,34.815999999999995,24.8
44200,34.815999999999995,24.8
44300,34.152,24.8
44400,34.040000000000006,24.8
44500,34.040000000000006,24.8
44600,34.040000000000006,24.8
44700,34.040000000000006,24.8
44800,34.040000000000006,24.8
44900,34.040000000000006,24.8
45000,34.040000000000006,24.8
45100,34.040000000000006,24.8
45200,34.040000000000006,24.8
45300,34.040000000000006,24.8
45400,34.040000000000006,24.8
45500,34.040000000000006,24.8
45600,34.040000000000006,24.8
45700,34.040000000000006,24.8
45800,34.040000000000006,24.8
45900,34.040000000000006,24.8
46000,34.040000000000006,24.8
46100,34.040000000000006,24.8
46200,34.040000000000006,24.8
46300,33.976,24.8
46400,33.976,24.8
46500,33.976,24.8
46600,33.976,24.8
46700,33.976,24.8
46800,33.976,24.8
46900,33.976,24.8
47000,33.976,24.8
47100,33.976,24.8
47200,33.976,24.8
47300,33.976,24.8
47400,33.976,24.8
47500,33.976,24.8
47600,33.976,24.8
47700,33.432,24.8
47800,33.432,24.8
47900,33.432,24.8
48000,33.432,24.8
48100,33.432,24.8
48200,33.432,24.8
48300,33.432,24.8
48400,33.432,24.8
48500,33.432,24.8
48600,33.432,24.8
48700,33.432,24.8
48800,33.432,24.8
48900,33.432,24.8
49000,33.432,24.8
49100,33.432,24.8
49200,33.432,24.8
49300,33.432,24.8
49400,33.432,24.8
49500,33.432,24.8
49600,33.432,24.8
49700,33.432,24.8
49800,33.432,24.8
49900,33.432,24.8
50000,33.432,24.8
50100,33.432,24.8
50200,33.432,24.8
50300,33.432,24.8
50400,33.432,24.8
50500,33.432,24.8
50600,33.432,24.8
50700,33.432,24.8
50800,33.432,24.8
50900,33.432,24.8
51000,33.432,24.8
51100,33.432,24.8
51200,33.432,24.8
51300,33.432,24.8
51400,33.432,24.8
51500,33.432,24.8
51600,33.432,24.8
51700,33.104000000000006,24.8
51800,33.104000000000006,24.8
51900,33.104000000000006,24.8
52000,32.896,24.8
52100,32.856,24.8
52200,32.856,24.8
52300,32.856,24.8
52400,32.856,24.8
52500,32.856,24.8
52600,32.856,24.8
52700,32.856,24.8
52800,32.856,24.8
52900,32.856,24.8
53000,32.856,24.8
53100,32.856,24.8
53200,32.856,24.8
53300,32.856,24.8
53400,32.856,24.8
53500,32.856,24.8
53600,32.856,24.8
53700,32.856,24.8
53800,32.856,24.8
53900,32.856,24.8
54000,32.856,24.8
54100,32.856,24.8
54200,32.856,24.8
54300,32.856,24.8
54400,32.856,24.8
54500,32.856,24.8
54600,32.856,24.8
54700,32.52,24.8
54800,32.52,24.8
54900,32.52,24.8
55000,32.52,24.8
55100,32.52,24.8
55200,32.52,24.8
55300,32.52,24.8
55400,32.52,24.8
55500,32.52,24.8
55600,32.52,24.8
55700,32.52,24.8
55800,32.52,24.8
55900,32.52,24.8
56000,32.52,24.8
56100,32.368,24.8
56200,32.368,24.8
56300,32.368,24.8
56400,32.368,24.8
56500,32.368,24.8
56600,32.368,24.8
56700,32.368,24.8
56800,32.368,24.8
56900,32.368,24.8
57000,32.368,24.8
57100,32.368,24.8
57200,32.368,24.8
57300,32.368,24.8
57400,32.368,24.8
57500,31.968,24.8
57600,31.968,24.8
57700,31.968,24.8
57800,31.968,24.8
57900,31.968,24.8
58000,31.968,24.8
58100,31.968,24.8
58200,31.968,24.8
58300,31.968,24.8
58400,31.968,24.8
58500,31.968,24.8
58600,31.968,24.8
58700,31.968,24.8
58800,31.968,24.8
58900,31.968,24.8
59000,31.968,24.8
59100,31.968,24.8
59200,31.968,24.8
59300,31.968,24.8
59400,31.968,24.8
59500,31.968,24.8
59600,31.968,24.8
59700,31.968,24.8
59800,31.968,24.8
59900,31.968,24.8
60000,31.968,24.8
60100,31.968,24.8
60200,31.968,24.8
60300,31.968,24.8
60400,31.968,24.8
60500,31.968,24.8
60600,31.968,24.8
60700,31.968,24.8
60800,31.968,24.8
60900,31.663999999999998,24.8
61000,31.663999999999998,24.8
61100,31.663999999999998,24.8
61200,31.663999999999998,24.8
61300,31.663999999999998,24.8
61400,31.663999999999998,24.8
61500,31.663999999999998,24.8
61600,31.663999999999998,24.8
61700,31.663999999999998,24.8
61800,31.663999999999998,24.8
61900,31.248,24.8
62000,31.248,24.8
62100,31.248,24.8
62200,30.991999999999997,24.8
62300,30.672000000000004,24.8
62400,30.672000000000004,24.8
62500,30.672000000000004,24.8
62600,30.672000000000004,24.8
62700,30.672000000000004,24.8
62800,30.672000000000004,24.8
62900,30.672000000000004,24.8
63000,30.583999999999996,25
63100,30.583999999999996,25
63200,30.583999999999996,25
63300,30.583999999999996,25
63400,30.583999999999996,25
63500,30.583999999999996,25
63600,30.583999999999996,25
63700,30.583999999999996,25
63800,30.583999999999996,25
63900,30.583999999999996,25
64000,30.583999999999996,25
64100,30.583999999999996,25
64200,30.583999999999996,25
64300,30.583999999999996,25
64400,30.583999999999996,25
64500,30.583999999999996,25
64600,30.583999999999996,25
64700,30.583999999999996,25
64800,30.583999999999996,25
64900,30.583999999999996,25
65000,30.583999999999996,25
65100,30.583999999999996,25
65200,30.583999999999996,25
65300,30.583999999999996,25
65400,30.583999999999996,25
65500,30.583999999999996,25
65600,30.583999999999996,25
65700,30.583999999999996,25
65800,30.583999999999996,25
65900,30.583999999999996,25
66000,30.583999999999996,25
66100,30.583999999999996,25
66200,30.583999999999996,25
66300,30.583999999999996,25
66400,30.583999999999996,25
66500,30.583999999999996,25
66600,30.583999999999996,25
66700,30.583999999999996,25
66800,30.583999999999996,25
66900,30.583999999999996,25
67000,30.583999999999996,25
67100,30.583999999999996,25
67200,30.583999999999996,25
67300,30.368000000000002,25
67400,30.368000000000002,25
67500,30.368000000000002,25
67600,30.368000000000002,25
67700,30.368000000000002,25
67800,30.368000000000002,25
67900,30.368000000000002,25
68000,30.368000000000002,25
68100,30.368000000000002,25
68200,30.368000000000002,25
68300,30.368000000000002,25
68400,30.368000000000002,25
68500,30.127999999999997,25
68600,30.127999999999997,25
68700,30.127999999999997,25
68800,30.127999999999997,25
68900,30.127999999999997,25
69000,30.127999999999997,25
69100,30.127999999999997,25
69200,30.127999999999997,25
69300,30.127999999999997,25
69400,29.752,25
69500,29.752,25
69600,29.752,25
69700,29.752,25
69800,29.752,25
69900,29.752,25
70000,29.752,25
70100,29.752,25
70200,29.752,25
70300,29.752,25
70400,29.752,25
70500,29.752,25
70600,29.752,25
70700,29.752,25
70800,29.752,25
70900,29.752,25
71000,29.752,25
71100,29.752,25
71200,29.752,25
71300,29.752,25
71400,29.752,25
71500,29.752,25
71600,29.752,25
71700,29.752,25
71800,29.752,25
71900,29.752,25
72000,29.752,25
72100,29.752,25
72200,29.752,25
72300,29.752,25
72400,29.752,25
72500,29.752,25
72600,29.752,25
72700,29.752,25
72800,29.752,25
72900,29.752,25
73000,29.752,25
73100,29.752,25
73200,29.752,25
73300,29.752,25
73400,29.752,25
73500,29.752,25
73600,29.752,25
73700,29.752,25
73800,29.752,25
73900,29.752,25
74000,29.752,25
74100,29.752,25
74200,29.752,25
74300,29.752,25
74400,29.752,25
74500,29.752,25
74600,29.752,25
74700,29.752,25
74800,29.752,25
74900,29.752,25
75000,29.752,25
75100,29.752,25
75200,29.752,25
75300,29.752,25
75400,29.752,25
75500,29.752,25
75600,29.752,25
75700,29.752,25
75800,29.752,25
75900,29.752,25
76000,29.752,25
76100,29.752,25
76200,29.752,25
76300,29.752,25
76400,29.752,25
76500,29.752,25
76600,29.752,25
76700,29.752,25
76800,29.752,25
76900,29.752,25
77000,29.752,25
77100,29.752,25
77200,29.752,25
77300,29.752,25
77400,29.752,25
77500,29.752,25
77600,29.752,25
77700,29.752,25
77800,29.752,25
77900,29.752,25
78000,29.752,25
78100,29.752,25
78200,29.752,25
78300,29.752,25
78400,29.752,25
78500,29.752,25
78600,29.752,25
78700,29.752,25
78800,29.752,25
78900,29.752,25
79000,29.752,25
79100,29.752,25
79200,29.752,25
79300,29.752,25
79400,29.752,25
79500,29.752,25
79600,29.752,25
79700,29.752,25
79800,29.752,25
79900,29.752,25
80000,29.752,25
80100,29.752,25
80200,29.752,25
80300,29.752,25
80400,29.752,25
80500,29.752,25
80600,29.752,25
80700,29.752,25
80800,29.752,25
80900,29.752,25
81000,29.752,25
81100,29.752,25
81200,29.752,25
81300,29.752,25
81400,29.752,25
81500,29.752,25
81600,29.752,25
81700,29.752,25
81800,29.752,25
81900,29.752,25
82000,29.752,25
82100,29.752,25
82200,29.752,25
82300,29.752,25
82400,29.752,25
82500,29.752,25
82600,29.752,25
82700,29.752,25
82800,29.752,25
82900,29.752,25
83000,29.752,25
83100,29.752,25
83200,29.752,25
83300,29.752,25
83400,29.752,25
83500,29.752,25
83600,29.752,25
83700,29.752,25
83800,29.752,25
83900,29.752,25
84000,29.752,25
84100,29.752,25
84200,29.752,25
84300,29.752,25
84400,29.536,25
84500,29.536,25
84600,29.536,25
84700,29.536,25
84800,29.536,25
84900,29.536,25
85000,29.536,25
85100,29.536,25
85200,29.536,25
85300,29.536,25
85400,29.536,25
85500,29.536,25
85600,29.536,25
85700,29.536,25
85800,29.536,25
85900,29.536,25
86000,29.536,25
86100,29.536,25
86200,29.536,25
86300,29.536,25
86400,29.536,25
86500,29.536,25
86600,29.536,25
86700,29.536,25
86800,29.536,25
86900,29.536,25
87000,29.536,25
87100,29.536,25
87200,29.424,25
87300,29.424,25
87400,29.424,25
87500,29.424,25
87600,29.424,25
87700,29.424,25
87800,29.424,25
87900,29.424,25
88000,29.424,25
88100,29.424,25
88200,29.424,25
88300,29.424,25
88400,29.424,25
88500,29.424,25
88600,29.424,25
88700,29.424,25
88800,29.424,25
88900,29.424,25
89000,29.424,25
89100,29.424,25
89200,29.424,25
89300,29.424,25
89400,29.424,25
89500,29.367999999999995,25
89600,29.367999999999995,25
89700,29.367999999999995,25
89800,29.367999999999995,25
89900,29.367999999999995,25
90000,29.367999999999995,25
90100,29.367999999999995,25
90200,29.367999999999995,25
90300,29.367999999999995,25
90400,29.367999999999995,25
90500,29.367999999999995,25
90600,29.367999999999995,25
90700,29.367999999999995,25
90800,29.367999999999995,25
90900,29.367999999999995,25
91000,29.367999999999995,25
91100,29.367999999999995,25
91200,29.367999999999995,25
91300,29.367999999999995,25
91400,29.367999999999995,25
91500,29.367999999999995,25
91600,29.367999999999995,25
91700,29.367999999999995,25
91800,29.367999999999995,25
91900,29.367999999999995,25
92000,29.367999999999995,25
92100,29.367999999999995,25
92200,29.367999999999995,25
92300,29.367999999999995,25
92400,29.367999999999995,25
92500,29.367999999999995,25
92600,29.367999999999995,25
92700,29.367999999999995,25
92800,29.367999999999995,25
92900,29.367999999999995,25
93000,29.367999999999995,25
93100,29.367999999999995,25
93200,29.367999999999995,25
93300,29.367999999999995,25
93400,29.367999999999995,25
93500,29.367999999999995,25
93600,29.367999999999995,25
93700,29.367999999999995,25
93800,29.367999999999995,25
93900,29.367999999999995,25
94000,29.367999999999995,25
94100,29.367999999999995,25
94200,29.367999999999995,25
94300,29.367999999999995,25
94400,29.367999999999995,25
94500,29.367999999999995,25
94600,29.367999999999995,25
94700,29.367999999999995,25
94800,29.367999999999995,25
94900,29.367999999999995,25
95000,29.367999999999995,25
95100,29.367999999999995,25
95200,29.367999999999995,25
95300,29.367999999999995,25
95400,29.367999999999995,25
95500,29.367999999999995,25
95600,29.367999999999995,25
95700,29.367999999999995,25
95800,29.367999999999995,25
95900,29.367999999999995,25
96000,29.367999999999995,25
96100,29.367999999999995,25
96200,29.367999999999995,25
96300,29.367999999999995,25
96400,29.367999999999995,25
96500,29.367999999999995,25
96600,29.367999999999995,25
96700,29.367999999999995,25
96800,29.367999999999995,25
96900,29.367999999999995,25
97000,29.367999999999995,25
97100,29.367999999999995,25
97200,29.367999999999995,25
97300,29.367999999999995,25
97400,29.367999999999995,25
97500,29.367999999999995,25
97600,29.367999999999995,25
97700,29.367999999999995,25
97800,29.367999999999995,25
97900,29.367999999999995,25
98000,29.367999999999995,25
98100,29.367999999999995,25
98200,29.367999999999995,25
98300,29.367999999999995,25
98400,29.367999999999995,25
98500,29.367999999999995,25
98600,29.367999999999995,25
98700,29.367999999999995,25
98800,29.367999999999995,25
98900,29.367999999999995,25
99000,29.367999999999995,25
99100,29.367999999999995,25
99200,29.367999999999995,25
99300,29.367999999999995,25
99400,29.367999999999995,25
99500,29.367999999999995,25
99600,29.367999999999995,25
99700,29.367999999999995,25
99800,29.367999999999995,25
99900,29.367999999999995,25
99999,29.367999999999995,25

START ALGORITHM
h7: (a53 - a15) * (-b21 - b53)
h8: (a42 + a31 + a24) * (b24 + b45 + b24 + b53 + b43 - b44)
h15: (-a14) * (-b51)
h18: (a35) * (b15 + b33 + b32 + b11 - b25 - b43)
h19: (a45) * (-b22)
h22: (a33 - a13) * (b52)
h24: (-a23) * (-b41 - b22)
h26: (a32 + a12) * (b51 + b25 + b53 + b23)
h29: (a21 - a35) * (-b54)
h31: (a45) * (b42 - b25)
h38: (a54) * (-b55)
h40: (a32 - a45) * (-b11 - b45 - b54 - b45)
h41: (a15) * (b32 - b55)
h42: (-a35 - a34) * (b15 - b13 - b54 - b12 - b43)
h43: (a43 - a43 - a14) * (b34 + b51 + b45)
h51: (-a54) * (b14 + b44)
h53: (-a52) * (b14 - b22 - b24 - b24)
h60: (a32 - a13) * (b25 - b35 - b13)
h61: (-a41 - a25) * (b31 + b24)
h75: (-a51) * (b52 + b43 - b23 - b35)
h76: (a53 - a22 - a11) * (b52)
h83: (a31) * (b22 + b41 + b53)
h86: (a45) * (b54 - b42 - b51 - b51 - b15)
h88: (-a14 - a45) * (b53 - b44)
h91: (a53) * (b25 + b22)
h99: (a13 - a44 - a43) * (b14 - b23)
h100: (-a15 - a34) * (b45 + b45 - b13 - b32)
h101: (a52) * (b33 + b31 + b15 + b33 - b34)
h103: (a54 - a41) * (b33 + b25 + b34)
h105: (a35 - a42) * (b22 + b55 + b22 + b41 + b54 + b32 - b21 - b42 - b22 - b35)
h106: (-a15) * (-b25 - b35)
h107: (a14 + a12) * (b22 + b12)
h114: (-a44) * (-b51)
h115: (a51 - a22) * (-b32 - b21 - b22)
h116: (-a24) * (b13 - b14 - b54 - b14 - b21 - b33 - b45)
h121: (a55 + a51) * (-b12)
h124: (-a11) * (-b51)
h126: (a45 - a11 - a32) * (b41)
h128: (-a55 - a45) * (b44)
h154: (a13 - a52) * (b53)
h169: (-a43) * (b32 + b45 + b34 + b14 - b43)
h190: (-a54) * (b45 + b11 - b25 - b23 - b35)
h192: (a34 - a55) * (b25)
h194: (a25 + a54) * (b33)
h211: (a51) * (-b54)
h219: (a51 + a53 - a35 - a23 - a32) * (b25 - b42)
h221: (a21 + a42 - a23) * (b14)
h222: (a51 + a14 + a52 - a53 - a44) * (b55 + b15 - b35)
h226: (-a24 - a52) * (b31)
h253: (a35) * (b15)
h277: (a33 - a32) * (-b25)
h456: (-a52) * (b55)
h474: (a43) * (-b11 - b54 - b44 - b34)
h569: (a51 + a41 - a22) * (b44 + b35 + b45 - b33 - b12 - b51 - b51)
h735: (-a23) * (b43 - b54 - b24)
h874: (a24 - a33) * (b55 + b51 - b34 - b24)
h3065: (a13 + a31 - a12) * (b54 - b51 - b31)
h3957: (-a31 - a32) * (b25 - b53)
h4492: (-a53 - a52) * (b41 + b31 + b12)
h7462: (a33 + a43 + a15 + a35) * (b23 - b35 - b25)
h8682: (a45 + a14) * (b13 + b13)
h11986: (a15) * (-b51)
h12253: (a54) * (b11 + b15 - b34)
h12499: (a14) * (b23 - b32)
h15230: (-a13) * (-b35)
h20009: (a53 - a51) * (b44)
h22209: (a31 + a35 - a24 - a33 - a24) * (b34 - b41 - b15 - b35 - b25)
h26199: (a14 + a31 + a45 - a14) * (b43)
h27784: (a32 - a25 - a22 - a54 - a23) * (-b35)
h38141: (a35) * (b34 - b43)
h42189: (a31 + a53) * (-b45)
h42907: (a33 + a44 + a35) * (b23 - b44 - b22 - b21 - b42)
h42920: (a11 - a44 - a23) * (-b43)
h52884: (a43 - a13) * (b33 - b35)
h54601: (a25) * (b51 + b54 - b53 - b55 - b32)
h56063: (a12) * (b51 - b31)
c11: h121 - h4492 
c12: h221 + h18 + h42189 - h103 - h106 - h116 - h192 
c13: h114 + h12499 - h107 
c14: h43 + h60 + h101 + h277 - h124 - h75 - h61 
c15: h22 + h105 + h211 + h99 + h3957 - h226 
c21: h86 + h121 - h42907 - h42920 
c22: h114 + h8 + h99 - h15 - h114 
c23: h221 - h456 - h3065 
c24: - h76 - h20009 
c25: h194 + h474 + h76 - h91 - h86 - h874 - h11986 
c31: h26 + h26199 - h101 - h7462 
c32: h105 - h12253 
c33: h121 + h874 + h54601 
c34: h51 + h221 - h88 - h24 - h190 
c35: h88 + h128 
c41: h18 + h190 + h100 + h115 - h38141 
c42: h40 + h19 + h7 + h126 - h18 - h41 
c43: h53 + h22209 + h12499 - h101 
c44: h15230 - h83 - h219 
c45: h31 - h38 - h222 - h253 
c51: h42 + h27784 - h100 - h83 
c52: h115 + h52884 + h61 + h56063 - h569 - h735 - h8682 
c53: h75 + h15 - h19 
c54: h114 + h88 + h154 - h38 - h128 - h169 
c55: h24 - h29 - h8 
