0,143.336,25
100,110.71199999999999,25
200,81.016,25
300,72.992,24.8
400,70.48800000000001,24.8
500,67.03999999999999,24.6
600,65.2,24.6
700,65.16,24.6
800,64.176,24.6
900,62.34400000000001,24.6
1000,61.376,24.8
1100,60.488000000000014,24.8
1200,60.128,24.8
1300,60.128,24.8
1400,59.592,24.8
1500,55.855999999999995,24.8
1600,55.432,24.8
1700,55.36,24.8
1800,54.96,24.8
1900,54.96,24.8
2000,54.96,24.8
2100,54.32800000000001,24.8
2200,54.32800000000001,24.8
2300,53.78399999999999,24.8
2400,53.536,24.8
2500,53.176,24.8
2600,53.176,24.8
2700,52.90400000000001,24.8
2800,52.064,24.8
2900,51.528,24.8
3000,51.528,24.8
3100,51.279999999999994,24.6
3200,50.008,24.6
3300,50.008,24.6
3400,49.74399999999999,24.8
3500,49.168,24.8
3600,49.168,24.8
3700,49.168,24.8
3800,49.168,24.8
3900,49.168,24.8
4000,49.168,24.8
4100,49.168,24.8
4200,49.168,24.8
4300,48.576,24.8
4400,48.576,24.8
4500,48.376000000000005,24.8
4600,48.376000000000005,24.8
4700,48.376000000000005,24.8
4800,47.968,24.8
4900,47.312,24.8
5000,47.312,24.8
5100,47.312,24.8
5200,47.312,24.8
5300,47.312,24.8
5400,47.312,24.8
5500,47.312,24.8
5600,47.312,24.8
5700,47.312,24.8
5800,47.312,24.8
5900,47.144000000000005,24.8
6000,47.144000000000005,24.8
6100,46.928,24.8
6200,46.928,24.8
6300,46.224000000000004,24.8
6400,44.656,24.8
6500,44.656,24.8
6600,43.775999999999996,24.8
6700,43.656,24.8
6800,43.647999999999996,24.8
6900,43.184000000000005,24.8
7000,43.184000000000005,24.8
7100,43.184000000000005,24.8
7200,43.184000000000005,24.8
7300,43.184000000000005,24.8
7400,42.512,24.8
7500,42.512,24.8
7600,42.512,24.8
7700,42.512,24.8
7800,42.512,24.8
7900,42.512,24.8
8000,42.512,24.8
8100,41.976,24.8
8200,41.968,24.8
8300,41.288,24.6
8400,41.288,24.6
8500,41.288,24.6
8600,41.144,24.6
8700,41.024,24.6
8800,41.024,24.6
8900,41.024,24.6
9000,41.024,24.6
9100,41.024,24.6
9200,41.024,24.6
9300,41.024,24.6
9400,41.024,24.6
9500,41.024,24.6
9600,41.024,24.6
9700,41.024,24.6
9800,41.024,24.6
9900,41.024,24.6
10000,41.024,24.6
10100,41.024,24.6
10200,41.024,24.6
10300,41.024,24.6
10400,41.024,24.6
10500,41.024,24.6
10600,41.024,24.6
10700,41.024,24.6
10800,40.720000000000006,24.6
10900,40.720000000000006,24.6
11000,40.720000000000006,24.6
11100,40.720000000000006,24.6
11200,40.720000000000006,24.6
11300,40.720000000000006,24.6
11400,40.256,24.6
11500,40.256,24.6
11600,40.256,24.6
11700,39.848,24.6
11800,39.848,24.6
11900,39.848,24.6
12000,39.848,24.6
12100,39.848,24.6
12200,39.848,24.6
12300,39.848,24.6
12400,39.848,24.6
12500,39.848,24.6
12600,39.848,24.6
12700,39.848,24.6
12800,39.279999999999994,24.6
12900,39.279999999999994,24.6
13000,38.976,24.6
13100,38.976,24.6
13200,38.976,24.6
13300,38.976,24.6
13400,38.976,24.6
13500,38.976,24.6
13600,38.976,24.6
13700,38.976,24.6
13800,38.976,24.6
13900,38.976,24.6
14000,38.976,24.6
14100,38.976,24.6
14200,38.976,24.6
14300,38.976,24.6
14400,38.976,24.6
14500,38.976,24.6
14600,38.976,24.6
14700,38.944,24.6
14800,38.944,24.6
14900,38.944,24.6
15000,38.944,24.6
15100,38.64,24.6
15200,38.64,24.6
15300,38.64,24.6
15400,38.64,24.6
15500,38.64,24.6
15600,38.09599999999999,24.8
15700,38.09599999999999,24.8
15800,38.09599999999999,24.8
15900,38.09599999999999,24.8
16000,38.09599999999999,24.8
16100,38.09599999999999,24.8
16200,38.09599999999999,24.8
16300,38.09599999999999,24.8
16400,38.09599999999999,24.8
16500,38.09599999999999,24.8
16600,38.09599999999999,24.8
16700,38.09599999999999,24.8
16800,38.09599999999999,24.8
16900,38.09599999999999,24.8
17000,37.480000000000004,24.8
17100,37.480000000000004,24.8
17200,37.480000000000004,24.8
17300,37.480000000000004,24.8
17400,37.480000000000004,24.8
17500,37.480000000000004,24.8
17600,37.480000000000004,24.8
17700,37.480000000000004,24.8
17800,37.480000000000004,24.8
17900,37.480000000000004,24.8
18000,37.480000000000004,24.8
18100,37.376,24.8
18200,37.376,24.8
18300,37.376,24.8
18400,37.376,24.8
18500,37.376,24.8
18600,37.376,24.8
18700,37.376,24.8
18800,37.376,24.8
18900,37.376,24.8
19000,37.376,24.8
19100,37.376,24.8
19200,37.376,24.8
19300,37.376,24.8
19400,37.376,24.8
19500,37.152,24.8
19600,37.152,24.8
19700,37.152,24.8
19800,37.152,24.8
19900,37.152,24.8
20000,37.152,24.8
20100,37.152,24.8
20200,36.968,24.8
20300,36.968,24.8
20400,36.968,24.8
20500,36.968,24.8
20600,36.968,24.8
20700,36.968,24.8
20800,36.968,24.8
20900,36.968,24.8
21000,36.968,24.8
21100,36.968,24.8
21200,36.952,24.8
21300,36.952,24.8
21400,36.952,24.8
21500,36.952,24.8
21600,36.952,24.8
21700,36.952,24.8
21800,36.952,24.8
21900,36.952,24.8
22000,36.952,24.8
22100,36.952,24.8
22200,36.952,24.8
22300,36.952,24.8
22400,36.952,24.8
22500,36.952,24.8
22600,36.272,24.8
22700,36.272,24.8
22800,36.272,24.8
22900,36.272,24.8
23000,36.272,24.8
23100,36.272,24.8
23200,36.272,24.8
23300,36.272,24.8
23400,36.272,24.8
23500,36.272,24.8
23600,36.272,24.8
23700,36.272,24.8
23800,36.272,24.8
23900,36.272,24.8
24000,36.272,24.8
24100,36.272,24.8
24200,35.312,24.8
24300,35.312,24.8
24400,35.312,24.8
24500,35.312,24.8
24600,35.312,24.8
24700,35.312,24.8
24800,35.312,24.8
24900,35.312,24.8
25000,35.312,24.8
25100,35.312,24.8
25200,35.312,24.8
25300,35.312,24.8
25400,35.312,24.8
25500,35.312,24.8
25600,35.312,24.8
25700,35.312,24.8
25800,35.312,24.8
25900,35.312,24.8
26000,35.312,24.8
26100,35.312,24.8
26200,35.312,24.8
26300,35.312,24.8
26400,35.312,24.8
26500,35.312,24.8
26600,35.312,24.8
26700,35.312,24.8
26800,35.312,24.8
26900,35.312,24.8
27000,35.312,24.8
27100,35.312,24.8
27200,35.312,24.8
27300,35.312,24.8
27400,35.312,24.8
27500,35.312,24.8
27600,35.312,24.8
27700,35.312,24.8
27800,35.312,24.8
27900,35.312,24.8
28000,35.312,24.8
28100,35.312,24.8
28200,35.312,24.8
28300,35.312,24.8
28400,35.312,24.8
28500,35.312,24.8
28600,35.312,24.8
28700,35.312,24.8
28800,35.312,24.8
28900,35.312,24.8
29000,35.312,24.8
29100,35.312,24.8
29200,35.312,24.8
29300,35.312,24.8
29400,35.312,24.8
29500,35.312,24.8
29600,35.312,24.8
29700,35.312,24.8
29800,35.312,24.8
29900,35.312,24.8
30000,35.312,24.8
30100,35.312,24.8
30200,35.312,24.8
30300,35.312,24.8
30400,35.312,24.8
30500,35.312,24.8
30600,35.312,24.8
30700,35.312,24.8
30800,35.312,24.8
30900,35.312,24.8
31000,35.312,24.8
31100,35.312,24.8
31200,35.312,24.8
31300,35.312,24.8
31400,35.312,24.8
31500,35.312,24.8
31600,35.312,24.8
31700,35.312,24.8
31800,35.312,24.8
31900,35.312,24.8
32000,35.312,24.8
32100,35.312,24.8
32200,35.312,24.8
32300,35.312,24.8
32400,35.312,24.8
32500,35.312,24.8
32600,35.312,24.8
32700,35.312,24.8
32800,35.312,24.8
32900,35.312,24.8
33000,35.312,24.8
33100,35.312,24.8
33200,35.312,24.8
33300,35.312,24.8
33400,35.312,24.8
33500,35.312,24.8
33600,35.312,24.8
33700,35.312,24.8
33800,35.312,24.8
33900,35.312,24.8
34000,35.312,24.8
34100,35.312,24.8
34200,35.312,24.8
34300,35.312,24.8
34400,35.312,24.8
34500,35.312,24.8
34600,35.312,24.8
34700,35.312,24.8
34800,35.312,24.8
34900,35.312,24.8
35000,35.312,24.8
35100,35.312,24.8
35200,35.312,24.8
35300,35.312,24.8
35400,35.312,24.8
35500,35.312,24.8
35600,35.312,24.8
35700,35.312,24.8
35800,35.312,24.8
35900,35.312,24.8
36000,35.312,24.8
36100,35.312,24.8
36200,35.312,24.8
36300,35.13600000000001,24.8
36400,35.13600000000001,24.8
36500,35.13600000000001,24.8
36600,35.13600000000001,24.8
36700,35.13600000000001,24.8
36800,35.13600000000001,24.8
36900,35.13600000000001,24.8
37000,35.13600000000001,24.8
37100,35.13600000000001,24.8
37200,35.13600000000001,24.8
37300,35.13600000000001,24.8
37400,35.13600000000001,24.8
37500,35.13600000000001,24.8
37600,35.13600000000001,24.8
37700,35.13600000000001,24.8
37800,35.13600000000001,24.8
37900,35.13600000000001,24.8
38000,35.13600000000001,24.8
38100,35.13600000000001,24.8
38200,35.13600000000001,24.8
38300,35.13600000000001,24.8
38400,35.13600000000001,24.8
38500,35.13600000000001,24.8
38600,35.13600000000001,24.8
38700,35.13600000000001,24.8
38800,35.13600000000001,24.8
38900,35.13600000000001,24.8
39000,35.13600000000001,24.8
39100,35.13600000000001,24.8
39200,35.13600000000001,24.8
39300,35.13600000000001,24.8
39400,35.13600000000001,24.8
39500,35.13600000000001,24.8
39600,35.13600000000001,24.8
39700,35.13600000000001,24.8
39800,35.13600000000001,24.8
39900,35.13600000000001,24.8
40000,35.13600000000001,24.8
40100,35.13600000000001,24.8
40200,35.13600000000001,24.8
40300,35.13600000000001,24.8
40400,35.13600000000001,24.8
40500,35.13600000000001,24.8
40600,35.13600000000001,24.8
40700,35.13600000000001,24.8
40800,35.13600000000001,24.8
40900,35.13600000000001,24.8
41000,35.13600000000001,24.8
41100,35.13600000000001,24.8
41200,35.13600000000001,24.8
41300,35.13600000000001,24.8
41400,35.13600000000001,24.8
41500,35.13600000000001,24.8
41600,35.13600000000001,24.8
41700,34.815999999999995,24.8
41800,34.815999999999995,24.8
41900,34.815999999999995,24.8
42000,34.815999999999995,24.8
42100,34.815999999999995,24.8
42200,34.815999999999995,24.8
42300,34.815999999999995,24.8
42400,34.815999999999995,24.8
42500,34.815999999999995,24.8
42600,34.815999999999995,24.8
42700,34.815999999999995,24.8
42800,34.815999999999995,24.8
42900,34.815999999999995,24.8
43000,34.815999999999995,24.8
43100,34.815999999999995,24.8
43200,34.815999999999995,24.8
43300,34.815999999999995,24.8
43400,34.815999999999995,24.8
43500,34.815999999999995,24.8
43600,34.815999999999995,24.8
43700,34.815999999999995,24.8
43800,34.815999999999995,24.8
43900,34.815999999999995,24.8
44000,34.815999999999995,24.8
44100,34.815999999999995,24.8
44200,34.815999999999995,24.8
44300,34.815999999999995,24.8
44400,34.815999999999995,24.8
44500,34.815999999999995,24.8
44600,34.815999999999995,24.8
44700,34.815999999999995,24.8
44800,34.815999999999995,24.8
44900,34.815999999999995,24.8
45000,34.815999999999995,24.8
45100,34.815999999999995,24.8
45200,34.815999999999995,24.8
45300,34.815999999999995,24.8
45400,34.815999999999995,24.8
45500,34.815999999999995,24.8
45600,34.815999999999995,24.8
45700,34.815999999999995,24.8
45800,34.815999999999995,24.8
45900,34.815999999999995,24.8
46000,34.32000000000001,24.8
46100,34.32000000000001,24.8
46200,34.32000000000001,24.8
46300,34.2,24.8
46400,34.2,24.8
46500,34.152,24.8
46600,34.152,24.8
46700,34.152,24.8
46800,34.152,24.8
46900,34.152,24.8
47000,34.152,24.8
47100,34.152,24.8
47200,34.152,24.8
47300,34.152,24.8
47400,34.152,24.8
47500,34.152,24.8
47600,34.152,24.8
47700,34.152,24.8
47800,34.152,24.8
47900,34.152,24.8
48000,34.152,24.8
48100,34.152,24.8
48200,34.152,24.8
48300,34.152,24.8
48400,34.152,24.8
48500,34.152,24.8
48600,34.152,24.8
48700,34.152,24.8
48800,34.152,24.8
48900,34.152,24.8
49000,34.152,24.8
49100,34.152,24.8
49200,34.152,24.8
49300,34.152,24.8
49400,34.152,24.8
49500,34.152,24.8
49600,34.152,24.8
49700,34.152,24.8
49800,34.152,24.8
49900,34.152,24.8
50000,34.152,24.8
50100,34.152,24.8
50200,34.152,24.8
50300,34.152,24.8
50400,34.152,24.8
50500,34.152,24.8
50600,34.152,24.8
50700,34.152,24.8
50800,34.152,24.8
50900,34.152,24.8
51000,34.152,24.8
51100,34.152,24.8
51200,34.152,24.8
51300,34.152,24.8
51400,34.152,24.8
51500,34.152,24.8
51600,34.152,24.8
51700,34.152,24.8
51800,34.152,24.8
51900,34.152,24.8
52000,34.152,24.8
52100,34.152,24.8
52200,34.152,24.8
52300,34.152,24.8
52400,34.152,24.8
52500,34.152,24.8
52600,34.152,24.8
52700,34.152,24.8
52800,34.152,24.8
52900,34.152,24.8
53000,34.152,24.8
53100,34.152,24.8
53200,34.152,24.8
53300,34.152,24.8
53400,34.152,24.8
53500,34.152,24.8
53600,34.152,24.8
53700,34.152,24.8
53800,34.152,24.8
53900,34.152,24.8
54000,34.152,24.8
54100,34.152,24.8
54200,34.152,24.8
54300,34.152,24.8
54400,34.152,24.8
54500,34.152,24.8
54600,34.152,24.8
54700,34.152,24.8
54800,34.152,24.8
54900,34.152,24.8
55000,34.152,24.8
55100,34.152,24.8
55200,34.152,24.8
55300,34.152,24.8
55400,34.152,24.8
55500,34.152,24.8
55600,34.152,24.8
55700,34.152,24.8
55800,34.152,24.8
55900,34.152,24.8
56000,34.152,24.8
56100,34.152,24.8
56200,34.152,24.8
56300,34.152,24.8
56400,34.152,24.8
56500,34.152,24.8
56600,34.152,24.8
56700,34.152,24.8
56800,34.152,24.8
56900,34.152,24.8
57000,34.152,24.8
57100,34.152,24.8
57200,34.152,24.8
57300,34.152,24.8
57400,34.152,24.8
57500,34.152,24.8
57600,34.152,24.8
57700,34.152,24.8
57800,34.152,24.8
57900,34.152,24.8
58000,34.152,24.8
58100,34.152,24.8
58200,34.152,24.8
58300,34.152,24.8
58400,34.152,24.8
58500,34.152,24.8
58600,34.152,24.8
58700,34.152,24.8
58800,34.152,24.8
58900,34.152,24.8
59000,34.152,24.8
59100,34.152,24.8
59200,34.152,24.8
59300,34.152,24.8
59400,34.152,24.8
59500,34.152,24.8
59600,34.152,24.8
59700,34.152,24.8
59800,34.152,24.8
59900,34.152,24.8
60000,34.152,24.8
60100,34.152,24.8
60200,34.152,24.8
60300,34.152,24.8
60400,34.152,24.8
60500,34.152,24.8
60600,34.152,24.8
60700,34.152,24.8
60800,33.85600000000001,24.8
60900,33.85600000000001,24.8
61000,33.85600000000001,24.8
61100,33.85600000000001,24.8
61200,33.85600000000001,24.8
61300,33.85600000000001,24.8
61400,33.85600000000001,24.8
61500,33.85600000000001,24.8
61600,33.85600000000001,24.8
61700,33.85600000000001,24.8
61800,33.85600000000001,24.8
61900,33.85600000000001,24.8
62000,33.85600000000001,24.8
62100,33.85600000000001,24.8
62200,33.85600000000001,24.8
62300,33.85600000000001,24.8
62400,33.85600000000001,24.8
62500,33.85600000000001,24.8
62600,33.85600000000001,24.8
62700,33.85600000000001,24.8
62800,33.85600000000001,24.8
62900,33.85600000000001,24.8
63000,33.85600000000001,24.8
63100,33.85600000000001,24.8
63200,33.85600000000001,24.8
63300,33.85600000000001,24.8
63400,33.85600000000001,24.8
63500,33.85600000000001,24.8
63600,33.85600000000001,24.8
63700,33.85600000000001,24.8
63800,33.85600000000001,24.8
63900,33.85600000000001,24.8
64000,33.712,24.8
64100,33.712,24.8
64200,33.712,24.8
64300,33.712,24.8
64400,33.712,24.8
64500,33.712,24.8
64600,33.712,24.8
64700,33.528,24.8
64800,33.528,24.8
64900,33.528,24.8
65000,33.528,24.8
65100,33.528,24.8
65200,33.528,24.8
65300,33.528,24.8
65400,33.528,24.8
65500,33.528,24.8
65600,33.528,24.8
65700,33.144,24.8
65800,33.144,24.8
65900,33.144,24.8
66000,33.144,24.8
66100,33.144,24.8
66200,33.144,24.8
66300,33.144,24.8
66400,33.144,24.8
66500,33.144,24.8
66600,33.144,24.8
66700,33.144,24.8
66800,33.144,24.8
66900,33.144,24.8
67000,33.144,24.8
67100,33.144,24.8
67200,32.992000000000004,24.8
67300,32.992000000000004,24.8
67400,32.224000000000004,24.8
67500,32.224000000000004,24.8
67600,32.224000000000004,24.8
67700,32.224000000000004,24.8
67800,32.224000000000004,24.8
67900,32.224000000000004,24.8
68000,32.224000000000004,24.8
68100,32.224000000000004,24.8
68200,32.224000000000004,24.8
68300,32.224000000000004,24.8
68400,32.224000000000004,24.8
68500,32.224000000000004,24.8
68600,32.224000000000004,24.8
68700,32.224000000000004,24.8
68800,31.8,24.8
68900,31.8,24.8
69000,31.8,24.8
69100,31.8,24.8
69200,31.8,24.8
69300,31.8,24.8
69400,31.8,24.8
69500,31.8,24.8
69600,31.8,24.8
69700,31.8,24.8
69800,31.8,24.8
69900,31.8,24.8
70000,31.8,24.8
70100,31.8,24.8
70200,31.8,24.8
70300,31.8,24.8
70400,31.8,24.8
70500,31.8,24.8
70600,31.8,24.8
70700,31.8,24.8
70800,31.8,24.8
70900,31.8,24.8
71000,31.8,24.8
71100,31.8,24.8
71200,31.8,24.8
71300,31.8,24.8
71400,31.8,24.8
71500,31.8,24.8
71600,31.8,24.8
71700,31.8,24.8
71800,31.8,24.8
71900,31.8,24.8
72000,31.8,24.8
72100,31.8,24.8
72200,31.8,24.8
72300,31.8,24.8
72400,31.8,24.8
72500,31.8,24.8
72600,31.8,24.8
72700,31.8,24.8
72800,31.8,24.8
72900,31.8,24.8
73000,31.8,24.8
73100,31.8,24.8
73200,31.8,24.8
73300,31.8,24.8
73400,31.8,24.8
73500,31.8,24.8
73600,31.8,24.8
73700,31.8,24.8
73800,31.8,24.8
73900,31.8,24.8
74000,31.8,24.8
74100,31.8,24.8
74200,31.8,24.8
74300,31.8,24.8
74400,31.8,24.8
74500,31.8,24.8
74600,31.8,24.8
74700,31.8,24.8
74800,31.8,24.8
74900,31.8,24.8
75000,31.8,24.8
75100,31.8,24.8
75200,31.8,24.8
75300,31.8,24.8
75400,31.8,24.8
75500,31.8,24.8
75600,31.8,24.8
75700,31.8,24.8
75800,31.8,24.8
75900,31.8,24.8
76000,31.712,24.8
76100,31.712,24.8
76200,31.712,24.8
76300,31.712,24.8
76400,31.712,24.8
76500,31.712,24.8
76600,31.712,24.8
76700,31.712,24.8
76800,31.712,24.8
76900,31.712,24.8
77000,31.712,24.8
77100,31.712,24.8
77200,31.712,24.8
77300,31.712,24.8
77400,31.712,24.8
77500,31.712,24.8
77600,31.712,24.8
77700,31.712,24.8
77800,31.712,24.8
77900,31.712,24.8
78000,31.712,24.8
78100,31.712,24.8
78200,31.712,24.8
78300,31.712,24.8
78400,31.712,24.8
78500,31.712,24.8
78600,31.712,24.8
78700,31.712,24.8
78800,31.712,24.8
78900,31.712,24.8
79000,31.712,24.8
79100,31.712,24.8
79200,31.712,24.8
79300,31.712,24.8
79400,31.712,24.8
79500,31.712,24.8
79600,31.712,24.8
79700,31.712,24.8
79800,31.712,24.8
79900,31.712,24.8
80000,31.712,24.8
80100,31.712,24.8
80200,31.712,24.8
80300,31.712,24.8
80400,31.712,24.8
80500,31.712,24.8
80600,31.712,24.8
80700,31.712,24.8
80800,31.712,24.8
80900,31.712,24.8
81000,31.712,24.8
81100,31.712,24.8
81200,31.712,24.8
81300,31.712,24.8
81400,31.712,24.8
81500,31.712,24.8
81600,31.712,24.8
81700,31.712,24.8
81800,31.712,24.8
81900,31.712,24.8
82000,31.712,24.8
82100,31.712,24.8
82200,31.712,24.8
82300,31.712,24.8
82400,31.712,24.8
82500,31.712,24.8
82600,31.712,24.8
82700,31.712,24.8
82800,31.712,24.8
82900,31.712,24.8
83000,31.712,24.8
83100,31.712,24.8
83200,31.712,24.8
83300,31.712,24.8
83400,31.712,24.8
83500,31.712,24.8
83600,31.712,24.8
83700,31.712,24.8
83800,31.712,24.8
83900,31.712,24.8
84000,31.712,24.8
84100,31.712,24.8
84200,31.712,24.8
84300,31.712,24.8
84400,31.712,24.8
84500,31.712,24.8
84600,31.712,24.8
84700,31.712,24.8
84800,31.712,24.8
84900,31.712,24.8
85000,31.712,24.8
85100,31.712,24.8
85200,31.712,24.8
85300,31.712,24.8
85400,31.712,24.8
85500,31.712,24.8
85600,31.712,24.8
85700,31.712,24.8
85800,31.712,24.8
85900,31.712,24.8
86000,31.712,24.8
86100,31.712,24.8
86200,31.712,24.8
86300,31.712,24.8
86400,31.712,24.8
86500,31.712,24.8
86600,31.712,24.8
86700,31.712,24.8
86800,31.712,24.8
86900,31.712,24.8
87000,31.712,24.8
87100,31.712,24.8
87200,31.712,24.8
87300,31.712,24.8
87400,31.712,24.8
87500,31.712,24.8
87600,31.712,24.8
87700,31.712,24.8
87800,31.712,24.8
87900,31.712,24.8
88000,31.712,24.8
88100,31.712,24.8
88200,31.712,24.8
88300,31.712,24.8
88400,31.712,24.8
88500,31.712,24.8
88600,31.712,24.8
88700,31.712,24.8
88800,31.712,24.8
88900,31.712,24.8
89000,31.712,24.8
89100,31.712,24.8
89200,31.712,24.8
89300,31.712,24.8
89400,31.712,24.8
89500,31.712,24.8
89600,31.712,24.8
89700,31.712,24.8
89800,31.712,24.8
89900,31.712,24.8
90000,31.712,24.8
90100,31.712,24.8
90200,31.544,24.8
90300,31.544,24.8
90400,31.544,24.8
90500,31.544,24.8
90600,31.544,24.8
90700,31.544,24.8
90800,31.544,24.8
90900,31.544,24.8
91000,31.544,24.8
91100,31.544,24.8
91200,31.544,24.8
91300,31.544,24.8
91400,31.544,24.8
91500,31.544,24.8
91600,31.544,24.8
91700,31.544,24.8
91800,31.544,24.8
91900,31.544,24.8
92000,31.544,24.8
92100,31.544,24.8
92200,31.544,24.8
92300,31.544,24.8
92400,31.544,24.8
92500,31.544,24.8
92600,31.055999999999994,24.8
92700,31.055999999999994,24.8
92800,31.055999999999994,24.8
92900,31.055999999999994,24.8
93000,31.055999999999994,24.8
93100,31.055999999999994,24.8
93200,31.055999999999994,24.8
93300,30.712,24.8
93400,30.712,24.8
93500,30.712,24.8
93600,30.712,24.8
93700,30.712,24.8
93800,30.712,24.8
93900,30.712,24.8
94000,30.712,24.8
94100,30.712,24.8
94200,30.712,24.8
94300,30.712,24.8
94400,30.712,24.8
94500,30.712,24.8
94600,30.712,24.8
94700,30.712,24.8
94800,30.712,24.8
94900,30.712,24.8
95000,30.712,24.8
95100,30.712,24.8
95200,30.712,24.8
95300,30.712,24.8
95400,30.712,24.8
95500,30.712,24.8
95600,30.712,24.8
95700,30.712,24.8
95800,30.712,24.8
95900,30.712,24.8
96000,30.712,24.8
96100,30.712,24.8
96200,30.712,24.8
96300,30.712,24.8
96400,30.712,24.8
96500,30.712,24.8
96600,30.712,24.8
96700,30.712,24.8
96800,30.712,24.8
96900,30.712,24.8
97000,30.712,24.8
97100,30.712,24.8
97200,30.712,24.8
97300,30.712,24.8
97400,30.712,24.8
97500,30.712,24.8
97600,30.712,24.8
97700,30.712,24.8
97800,30.712,24.8
97900,30.712,24.8
98000,30.712,24.8
98100,30.712,24.8
98200,30.712,24.8
98300,30.712,24.8
98400,30.712,24.8
98500,30.712,24.8
98600,30.712,24.8
98700,30.712,24.8
98800,30.712,24.8
98900,30.712,24.8
99000,30.712,24.8
99100,30.712,24.8
99200,30.712,24.8
99300,30.712,24.8
99400,30.712,24.8
99500,30.712,24.8
99600,30.712,24.8
99700,30.712,24.8
99800,30.712,24.8
99900,30.712,24.8
99999,30.712,24.8

START ALGORITHM
h5: (a15 + a24 + a43 + a43 - a44 - a33 - a52 - a43 - a52 - a43) * (b41 + b14 + b42 + b42 + b41 - b45)
h7: (-a52) * (b44 + b43 + b24 - b32 - b12)
h8: (a13 + a25) * (b12)
h9: (-a54) * (-b11)
h12: (a52 + a13 - a23 - a43 - a55) * (b53 + b55 + b33 + b31 + b52 + b33 - b54)
h15: (a14) * (b21 + b31 + b33 - b45 - b24 - b45)
h16: (a45 + a43) * (b32)
h18: (a41) * (b15 + b55 - b32)
h20: (a54 + a11 - a25 - a11 - a14) * (b44 + b35 + b15)
h23: (-a52) * (b41 + b12 + b31 - b35 - b43 - b31 - b51)
h25: (a31 + a11 + a21 - a11) * (b21 + b41 + b54 - b11)
h28: (-a22) * (b32 + b45 + b45 + b32 + b41 + b54 - b55 - b53 - b12)
h35: (a52 + a55 + a35 + a43 + a34 + a54 + a34 - a44 - a13 - a45 - a54) * (b15 + b53 + b32 + b54 - b31 - b43 - b12)
h39: (a54) * (b21 + b52 + b14 + b45 - b23)
h40: (a55 - a52) * (-b11)
h41: (-a24 - a34 - a34 - a23) * (-b45)
h44: (a45 + a45) * (-b22)
h46: (-a53) * (b21 - b14 - b25 - b11)
h47: (a12 + a43 + a52 - a12 - a15 - a41) * (b21 - b14 - b25)
h48: (a24 + a55 + a44 - a25 - a55 - a43 - a34 - a24) * (b55 + b25 - b23 - b31 - b12)
h49: (a13 - a12 - a52) * (b43 + b53 - b22 - b24 - b21 - b34)
h57: (a11 - a54 - a55) * (-b14)
h58: (a43 + a22 + a13 + a34 + a24 - a25 - a42 - a21 - a44 - a34 - a12) * (b12 + b53 + b45 + b13 + b45 - b41 - b32 - b43 - b31 - b54)
h60: (a13 + a45 - a15) * (-b23 - b43)
h63: (a52) * (b13 + b34 + b51 - b25)
h64: (a41 + a15 - a51) * (b43)
h72: (a51) * (b13 + b52 + b32 + b33 + b14 - b15 - b44 - b55)
h80: (a54 - a24 - a55 - a12) * (b24 - b53 - b34 - b32)
h88: (a53 - a12) * (b13 + b45)
h89: (a14 + a21 + a31 + a35 - a45 - a34 - a31 - a45 - a53 - a31 - a51 - a11) * (b44)
h90: (-a51 - a32) * (-b55 - b12)
h91: (a15 + a52) * (b54 + b11 - b32 - b31 - b12 - b51)
h100: (-a34 - a33) * (b35 + b34 + b25 - b15 - b43)
h101: (-a51 - a11) * (b13)
h113: (a13 + a21 + a52 + a43 - a12) * (b45 - b25 - b21 - b14 - b12 - b23)
h114: (a53 + a11 + a34 - a34 - a54 - a44 - a41) * (b14 + b55 - b53 - b42)
h119: (-a41 - a25 - a23) * (b42 + b24 + b51 + b22)
h123: (a22 + a42 - a11 - a14) * (b22 + b51 + b52 - b35)
h136: (-a35) * (b42 + b55 + b51 - b15 - b41 - b13)
h160: (a14 - a53 - a43) * (b13 + b51)
h173: (a24 + a42) * (b11 + b21 - b51 - b24)
h194: (-a23 - a51 - a22 - a22) * (-b23)
h215: (a44 + a15 - a44 - a43 - a45 - a41) * (b35 + b52 + b11 + b52 + b44 - b25 - b15 - b52 - b55 - b13)
h246: (-a23) * (-b44 - b23)
h276: (-a13 - a54) * (b54)
h279: (a54 + a12 + a11 - a35 - a31 - a53) * (b13 + b23 - b22)
h280: (a51 - a25) * (b14 + b24 + b15 + b32 + b34 + b23 - b13 - b55)
h300: (a23 + a45 - a43) * (b14 - b45)
h669: (a24 + a11 - a24) * (b21 + b11 + b41 - b54 - b55)
h685: (a15) * (b55 + b35 + b24 + b52 + b55 + b34 - b45 - b33 - b51 - b55 - b55 - b45)
h761: (a21 + a34 + a13 + a34 - a23 - a21 - a43) * (b55 + b15 + b42)
h812: (a31 + a33 + a35 + a24 + a45 - a32 - a41 - a25 - a23 - a24 - a23) * (b31 + b54 - b32 - b22 - b31)
h1087: (a24 - a55) * (-b52)
h1092: (a44 - a23 - a13 - a21 - a24 - a52) * (b52 + b31 + b23 + b34 - b12 - b42 - b41 - b24 - b25)
h1948: (a32 + a51 - a45 - a53) * (b22 - b52 - b11 - b42)
h2285: (a25) * (b15 + b21 + b35 + b25 - b25 - b24)
h2312: (a25 + a33 - a22 - a43 - a44) * (-b31 - b13 - b55)
h2341: (a42 - a22 - a42) * (b54 - b21)
h3245: (-a34 - a11 - a45) * (-b25)
h3874: (a14 + a12 + a54 - a21 - a12) * (b53 + b15 + b52 - b24 - b11)
h4138: (a55 + a13 - a44 - a24) * (b31 + b45 + b11 + b42 + b41 + b15 + b21 + b21 + b53 - b51 - b55 - b14 - b52 - b32 - b15)
h4218: (a13) * (b51 - b24)
h4298: (a45 - a23) * (b44 + b52 + b23 + b34 + b32 + b51 - b15 - b32 - b14)
h4299: (a32 + a43 - a12) * (b22)
h7390: (a11 + a21 + a14 + a32 - a24) * (b13 - b35 - b32)
h9693: (a53 + a55 + a35 + a15 - a35 - a44) * (b42 + b55 + b32 - b24 - b21 - b25)
h10821: (a45 - a23) * (b21 + b51 - b12 - b45)
h14297: (a32 + a15 + a41 - a13 - a21 - a13) * (b44 + b54 - b43)
c11: - h123 - h2285 
c12: h1087 + h812 
c13: h57 + h4218 + h4298 + h160 
c14: h7 + h160 
c15: h35 + h100 - h5 
c21: h113 + h173 + h28 - h58 - h25 - h49 
c22: h12 + h88 + h91 - h7390 
c23: h63 + h14297 
c24: h16 + h39 + h9 - h48 - h40 - h44 - h160 
c25: h46 + h88 + h15 - h2312 
c31: h18 + h10821 
c32: h761 - h812 
c33: h41 + h60 - h57 - h136 - h215 - h9693 
c34: h7 - h10821 
c35: h194 + h113 + h1087 - h28 
c41: h60 + h23 + h90 + h58 + h40 - h276 - h685 - h1092 
c42: h8 + h72 - h46 - h279 
c43: h3874 + h4138 + h669 
c44: h101 + h80 + h7 + h1948 
c45: h114 + h20 + h28 + h47 + h80 + h246 + h123 + h4299 
c51: h89 + h64 + h279 + h23 
c52: h89 + h100 
c53: h669 + h91 + h300 - h44 - h2341 
c54: h89 + h64 + h280 - h119 - h3245 
c55: h761 + h90 - h113 - h25 
