0,178.41600000000003,24.8
100,159.096,24.8
200,123.16,24.8
300,100.672,24.8
400,90.816,24.8
500,78.12800000000001,24.8
600,75.32799999999999,24.8
700,75.19200000000001,24.8
800,72.176,24.8
900,64.6,24.6
1000,62.14399999999999,24.6
1100,61.367999999999995,24.6
1200,60.32000000000001,24.6
1300,58.688,24.8
1400,58.592,24.4
1500,58.592,24.4
1600,56.903999999999996,24.4
1700,54.128,24.4
1800,53.168000000000006,24.4
1900,52.896,24.4
2000,52.72800000000001,24.4
2100,52.08,24.4
2200,50.024,24.4
2300,50.024,24.4
2400,50.024,24.4
2500,50.024,24.4
2600,50.024,24.4
2700,49.384,24.4
2800,48.8,24.4
2900,48.512,24.4
3000,48.512,24.4
3100,48.512,24.4
3200,47.864,24.4
3300,47.83200000000001,24.4
3400,47.32000000000001,24.4
3500,47.016,24.4
3600,46.432,24.6
3700,46.432,24.6
3800,44.712,24.6
3900,44.128,24.6
4000,44.128,24.6
4100,44.128,24.6
4200,43.983999999999995,24.8
4300,43.312,24.8
4400,42.824,24.8
4500,42.72,24.8
4600,42.72,24.8
4700,41.519999999999996,24.8
4800,41.519999999999996,24.8
4900,40.663999999999994,24.8
5000,40.663999999999994,24.8
5100,40.663999999999994,24.8
5200,40.663999999999994,24.8
5300,40.663999999999994,24.8
5400,40.663999999999994,24.8
5500,40.663999999999994,24.8
5600,40.663999999999994,24.8
5700,40.663999999999994,24.8
5800,39.944,24.8
5900,39.944,24.8
6000,39.768,24.8
6100,39.768,24.8
6200,38.96,24.8
6300,38.96,24.8
6400,38.96,24.8
6500,38.96,24.8
6600,38.96,24.8
6700,38.96,24.8
6800,38.96,24.8
6900,38.96,24.8
7000,38.96,24.8
7100,38.96,24.8
7200,38.96,24.8
7300,37.952,24.8
7400,37.952,24.8
7500,37.791999999999994,24.8
7600,37.791999999999994,24.8
7700,37.239999999999995,24.8
7800,37.239999999999995,24.8
7900,37.239999999999995,24.8
8000,37.239999999999995,24.8
8100,37.239999999999995,24.8
8200,37.239999999999995,24.8
8300,37.239999999999995,24.8
8400,37.239999999999995,24.8
8500,37.239999999999995,24.8
8600,37.239999999999995,24.8
8700,37.239999999999995,24.8
8800,37.239999999999995,24.8
8900,37.239999999999995,24.8
9000,37.239999999999995,24.8
9100,37.239999999999995,24.8
9200,37.239999999999995,24.8
9300,37.239999999999995,24.8
9400,37.239999999999995,24.8
9500,37.239999999999995,24.8
9600,37.239999999999995,24.8
9700,37.239999999999995,24.8
9800,37.239999999999995,24.8
9900,37.239999999999995,24.8
10000,37.239999999999995,24.8
10100,37.239999999999995,24.8
10200,37.239999999999995,24.8
10300,36.888,24.8
10400,36.888,24.8
10500,36.888,24.8
10600,36.55200000000001,24.8
10700,36.55200000000001,24.8
10800,36.55200000000001,24.8
10900,36.303999999999995,24.8
11000,35.944,24.8
11100,35.456,24.8
11200,35.456,24.8
11300,35.456,24.8
11400,35.456,24.8
11500,35.456,24.8
11600,35.456,24.8
11700,35.16,24.8
11800,35.16,24.8
11900,35.16,24.8
12000,35.16,24.8
12100,35.16,24.8
12200,35.16,24.8
12300,35.16,24.8
12400,35.16,24.8
12500,34.519999999999996,24.6
12600,34.519999999999996,24.6
12700,34.519999999999996,24.6
12800,34.519999999999996,24.6
12900,34.519999999999996,24.6
13000,34.519999999999996,24.6
13100,34.519999999999996,24.6
13200,34.519999999999996,24.6
13300,34.519999999999996,24.6
13400,34.384,24.6
13500,34.384,24.6
13600,34.384,24.6
13700,34.312,24.8
13800,34.312,24.8
13900,34.312,24.8
14000,34.28,24.8
14100,34.28,24.8
14200,34.28,24.8
14300,34.096000000000004,24.8
14400,33.959999999999994,24.8
14500,33.91199999999999,24.8
14600,33.76,24.8
14700,33.304,24.8
14800,33.304,24.8
14900,33.304,24.8
15000,32.872,24.8
15100,32.872,24.8
15200,32.872,24.8
15300,32.872,24.8
15400,32.872,24.8
15500,32.872,24.8
15600,32.872,24.8
15700,32.872,24.8
15800,32.872,24.8
15900,32.744,24.8
16000,32.744,24.8
16100,32.744,24.8
16200,32.744,24.8
16300,32.744,24.8
16400,32.744,24.8
16500,32.744,24.8
16600,32.744,24.8
16700,32.744,24.8
16800,32.744,24.8
16900,32.744,24.8
17000,32.744,24.8
17100,32.744,24.8
17200,32.744,24.8
17300,32.744,24.8
17400,32.744,24.8
17500,32.744,24.8
17600,32.744,24.8
17700,32.744,24.8
17800,32.744,24.8
17900,32.744,24.8
18000,32.744,24.8
18100,32.744,24.8
18200,32.744,24.8
18300,32.744,24.8
18400,32.744,24.8
18500,32.744,24.8
18600,32.744,24.8
18700,32.744,24.8
18800,32.744,24.8
18900,32.744,24.8
19000,32.744,24.8
19100,32.744,24.8
19200,32.744,24.8
19300,32.744,24.8
19400,32.744,24.8
19500,32.744,24.8
19600,32.744,24.8
19700,32.744,24.8
19800,32.744,24.8
19900,32.744,24.8
20000,32.744,24.8
20100,32.263999999999996,24.6
20200,31.904000000000003,24.4
20300,31.312,24.4
20400,31.312,24.4
20500,31.312,24.4
20600,31.312,24.4
20700,31.312,24.4
20800,31.312,24.4
20900,31.312,24.4
21000,31.312,24.4
21100,31.312,24.4
21200,31.312,24.4
21300,31.312,24.4
21400,31.312,24.4
21500,31.312,24.4
21600,31.312,24.4
21700,31.224,24.4
21800,31.224,24.4
21900,31.224,24.4
22000,31.224,24.4
22100,31.224,24.4
22200,31.224,24.4
22300,31.224,24.4
22400,31.224,24.4
22500,30.912,24.4
22600,30.912,24.4
22700,30.912,24.4
22800,30.912,24.4
22900,30.912,24.4
23000,30.912,24.4
23100,30.912,24.4
23200,30.912,24.4
23300,30.912,24.4
23400,30.912,24.4
23500,30.912,24.4
23600,30.912,24.4
23700,30.912,24.4
23800,30.912,24.4
23900,30.736,24.4
24000,30.736,24.4
24100,30.736,24.4
24200,30.736,24.4
24300,30.736,24.4
24400,30.736,24.4
24500,30.736,24.4
24600,30.736,24.4
24700,30.736,24.4
24800,29.496000000000002,24.4
24900,29.407999999999998,24.4
25000,29.407999999999998,24.4
25100,29.407999999999998,24.4
25200,29.407999999999998,24.4
25300,29.407999999999998,24.4
25400,29.407999999999998,24.4
25500,29.407999999999998,24.4
25600,29.407999999999998,24.4
25700,29.407999999999998,24.4
25800,29.407999999999998,24.4
25900,29.407999999999998,24.4
26000,29.407999999999998,24.4
26100,29.407999999999998,24.4
26200,29.407999999999998,24.4
26300,29.407999999999998,24.4
26400,29.407999999999998,24.4
26500,29.407999999999998,24.4
26600,29.407999999999998,24.4
26700,29.407999999999998,24.4
26800,29.407999999999998,24.4
26900,29.407999999999998,24.4
27000,29.407999999999998,24.4
27100,29.407999999999998,24.4
27200,29.407999999999998,24.4
27300,29.407999999999998,24.4
27400,29.407999999999998,24.4
27500,29.407999999999998,24.4
27600,29.407999999999998,24.4
27700,29.407999999999998,24.4
27800,29.407999999999998,24.4
27900,28.839999999999996,24.6
28000,28.839999999999996,24.6
28100,28.839999999999996,24.6
28200,28.839999999999996,24.6
28300,28.839999999999996,24.6
28400,28.839999999999996,24.6
28500,28.839999999999996,24.6
28600,28.839999999999996,24.6
28700,28.839999999999996,24.6
28800,28.839999999999996,24.6
28900,28.839999999999996,24.6
29000,28.839999999999996,24.6
29100,28.839999999999996,24.6
29200,28.839999999999996,24.6
29300,28.839999999999996,24.6
29400,28.839999999999996,24.6
29500,28.839999999999996,24.6
29600,28.839999999999996,24.6
29700,28.839999999999996,24.6
29800,28.839999999999996,24.6
29900,28.631999999999998,24.6
30000,28.631999999999998,24.6
30100,28.631999999999998,24.6
30200,28.631999999999998,24.6
30300,28.631999999999998,24.6
30400,28.631999999999998,24.6
30500,28.631999999999998,24.6
30600,28.631999999999998,24.6
30700,28.631999999999998,24.6
30800,28.631999999999998,24.6
30900,28.631999999999998,24.6
31000,28.631999999999998,24.6
31100,28.631999999999998,24.6
31200,27.327999999999996,24.6
31300,27.256,24.6
31400,27.256,24.6
31500,27.256,24.6
31600,27.256,24.6
31700,27.256,24.6
31800,27.256,24.6
31900,27.256,24.6
32000,27.256,24.6
32100,27.256,24.6
32200,27.256,24.6
32300,27.256,24.6
32400,27.256,24.6
32500,27.256,24.6
32600,27.256,24.6
32700,27.256,24.6
32800,27.256,24.6
32900,27.256,24.6
33000,27.136000000000003,24.6
33100,27.136000000000003,24.6
33200,27.136000000000003,24.6
33300,27.136000000000003,24.6
33400,27.136000000000003,24.6
33500,27.136000000000003,24.6
33600,27.136000000000003,24.6
33700,27.136000000000003,24.6
33800,27.136000000000003,24.6
33900,27.136000000000003,24.6
34000,27.136000000000003,24.6
34100,27.136000000000003,24.6
34200,27.136000000000003,24.6
34300,27.136000000000003,24.6
34400,27.136000000000003,24.6
34500,27.136000000000003,24.6
34600,27.136000000000003,24.6
34700,27.136000000000003,24.6
34800,27.136000000000003,24.6
34900,27.136000000000003,24.6
35000,27.136000000000003,24.6
35100,27.136000000000003,24.6
35200,27.136000000000003,24.6
35300,27.136000000000003,24.6
35400,27.136000000000003,24.6
35500,27.136000000000003,24.6
35600,27.136000000000003,24.6
35700,27.136000000000003,24.6
35800,27.136000000000003,24.6
35900,27.136000000000003,24.6
36000,27.136000000000003,24.6
36100,27.136000000000003,24.6
36200,27.136000000000003,24.6
36300,27.136000000000003,24.6
36400,27.136000000000003,24.6
36500,27.136000000000003,24.6
36600,27.136000000000003,24.6
36700,27.136000000000003,24.6
36800,27.136000000000003,24.6
36900,27.136000000000003,24.6
37000,27.136000000000003,24.6
37100,27.136000000000003,24.6
37200,27.136000000000003,24.6
37300,27.136000000000003,24.6
37400,27.136000000000003,24.6
37500,27.136000000000003,24.6
37600,27.136000000000003,24.6
37700,27.136000000000003,24.6
37800,27.136000000000003,24.6
37900,27.136000000000003,24.6
38000,27.136000000000003,24.6
38100,27.136000000000003,24.6
38200,27.136000000000003,24.6
38300,27.136000000000003,24.6
38400,27.136000000000003,24.6
38500,27.136000000000003,24.6
38600,27.136000000000003,24.6
38700,27.136000000000003,24.6
38800,27.136000000000003,24.6
38900,27.136000000000003,24.6
39000,27.136000000000003,24.6
39100,27.136000000000003,24.6
39200,27.136000000000003,24.6
39300,27.136000000000003,24.6
39400,27.136000000000003,24.6
39500,27.136000000000003,24.6
39600,27.136000000000003,24.6
39700,27.136000000000003,24.6
39800,27.136000000000003,24.6
39900,27.136000000000003,24.6
40000,27.136000000000003,24.6
40100,27.136000000000003,24.6
40200,27.136000000000003,24.6
40300,27.136000000000003,24.6
40400,27.136000000000003,24.6
40500,27.136000000000003,24.6
40600,27.136000000000003,24.6
40700,27.136000000000003,24.6
40800,27.136000000000003,24.6
40900,27.136000000000003,24.6
41000,27.136000000000003,24.6
41100,27.136000000000003,24.6
41200,27.136000000000003,24.6
41300,27.136000000000003,24.6
41400,27.136000000000003,24.6
41500,27.136000000000003,24.6
41600,27.136000000000003,24.6
41700,27.136000000000003,24.6
41800,27.136000000000003,24.6
41900,27.136000000000003,24.6
42000,27.136000000000003,24.6
42100,27.136000000000003,24.6
42200,27.136000000000003,24.6
42300,27.136000000000003,24.6
42400,27.136000000000003,24.6
42500,27.136000000000003,24.6
42600,27.136000000000003,24.6
42700,27.136000000000003,24.6
42800,27.136000000000003,24.6
42900,27.136000000000003,24.6
43000,27.136000000000003,24.6
43100,27.136000000000003,24.6
43200,27.136000000000003,24.6
43300,27.136000000000003,24.6
43400,27.136000000000003,24.6
43500,27.136000000000003,24.6
43600,27.136000000000003,24.6
43700,27.136000000000003,24.6
43800,27.136000000000003,24.6
43900,27.136000000000003,24.6
44000,27.136000000000003,24.6
44100,27.136000000000003,24.6
44200,27.136000000000003,24.6
44300,27.136000000000003,24.6
44400,26.768,24.6
44500,26.768,24.6
44600,26.768,24.6
44700,26.768,24.6
44800,26.768,24.6
44900,26.768,24.6
45000,26.768,24.6
45100,26.768,24.6
45200,26.768,24.6
45300,26.503999999999998,24.6
45400,26.503999999999998,24.6
45500,26.503999999999998,24.6
45600,26.503999999999998,24.6
45700,26.503999999999998,24.6
45800,26.503999999999998,24.6
45900,26.503999999999998,24.6
46000,26.503999999999998,24.6
46100,26.503999999999998,24.6
46200,26.503999999999998,24.6
46300,26.503999999999998,24.6
46400,26.503999999999998,24.6
46500,26.503999999999998,24.6
46600,26.503999999999998,24.6
46700,26.503999999999998,24.6
46800,26.503999999999998,24.6
46900,26.503999999999998,24.6
47000,26.503999999999998,24.6
47100,26.503999999999998,24.6
47200,26.503999999999998,24.6
47300,26.503999999999998,24.6
47400,26.503999999999998,24.6
47500,26.503999999999998,24.6
47600,26.503999999999998,24.6
47700,26.503999999999998,24.6
47800,26.503999999999998,24.6
47900,26.503999999999998,24.6
48000,26.503999999999998,24.6
48100,26.503999999999998,24.6
48200,26.503999999999998,24.6
48300,26.503999999999998,24.6
48400,26.503999999999998,24.6
48500,26.503999999999998,24.6
48600,26.503999999999998,24.6
48700,26.503999999999998,24.6
48800,26.503999999999998,24.6
48900,26.503999999999998,24.6
49000,26.503999999999998,24.6
49100,26.503999999999998,24.6
49200,26.503999999999998,24.6
49300,26.503999999999998,24.6
49400,26.503999999999998,24.6
49500,26.503999999999998,24.6
49600,26.503999999999998,24.6
49700,26.503999999999998,24.6
49800,26.503999999999998,24.6
49900,26.503999999999998,24.6
50000,26.503999999999998,24.6
50100,26.503999999999998,24.6
50200,26.503999999999998,24.6
50300,26.503999999999998,24.6
50400,25.784000000000002,24.6
50500,25.784000000000002,24.6
50600,25.784000000000002,24.6
50700,25.784000000000002,24.6
50800,25.784000000000002,24.6
50900,25.784000000000002,24.6
51000,25.784000000000002,24.6
51100,25.784000000000002,24.6
51200,25.784000000000002,24.6
51300,25.784000000000002,24.6
51400,25.784000000000002,24.6
51500,25.784000000000002,24.6
51600,25.784000000000002,24.6
51700,25.784000000000002,24.6
51800,25.784000000000002,24.6
51900,25.784000000000002,24.6
52000,25.784000000000002,24.6
52100,25.784000000000002,24.6
52200,25.784000000000002,24.6
52300,25.784000000000002,24.6
52400,25.784000000000002,24.6
52500,25.784000000000002,24.6
52600,25.784000000000002,24.6
52700,25.784000000000002,24.6
52800,25.784000000000002,24.6
52900,25.784000000000002,24.6
53000,25.784000000000002,24.6
53100,25.784000000000002,24.6
53200,25.784000000000002,24.6
53300,25.784000000000002,24.6
53400,25.784000000000002,24.6
53500,25.784000000000002,24.6
53600,25.456,24.4
53700,25.456,24.4
53800,25.456,24.4
53900,25.456,24.4
54000,25.456,24.4
54100,25.456,24.4
54200,25.456,24.4
54300,25.456,24.4
54400,25.456,24.4
54500,25.456,24.4
54600,25.456,24.4
54700,25.456,24.4
54800,25.456,24.4
54900,25.456,24.4
55000,25.456,24.4
55100,25.456,24.4
55200,25.456,24.4
55300,25.456,24.4
55400,25.456,24.4
55500,25.456,24.4
55600,25.456,24.4
55700,25.456,24.4
55800,25.456,24.4
55900,25.456,24.4
56000,25.456,24.4
56100,25.456,24.4
56200,25.456,24.4
56300,25.456,24.4
56400,25.456,24.4
56500,25.456,24.4
56600,25.456,24.4
56700,25.456,24.4
56800,25.456,24.4
56900,25.456,24.4
57000,25.456,24.4
57100,25.456,24.4
57200,25.456,24.4
57300,25.456,24.4
57400,25.456,24.4
57500,25.456,24.4
57600,25.456,24.4
57700,25.456,24.4
57800,25.456,24.4
57900,25.456,24.4
58000,25.456,24.4
58100,25.456,24.4
58200,25.456,24.4
58300,25.456,24.4
58400,25.456,24.4
58500,25.456,24.4
58600,25.456,24.4
58700,25.456,24.4
58800,25.456,24.4
58900,25.456,24.4
59000,25.456,24.4
59100,25.456,24.4
59200,25.456,24.4
59300,25.456,24.4
59400,25.456,24.4
59500,25.456,24.4
59600,25.456,24.4
59700,25.288,24.4
59800,25.288,24.4
59900,25.288,24.4
60000,25.288,24.4
60100,25.288,24.4
60200,25.288,24.4
60300,25.288,24.4
60400,25.288,24.4
60500,25.288,24.4
60600,25.288,24.4
60700,25.288,24.4
60800,25.288,24.4
60900,25.288,24.4
61000,25.288,24.4
61100,25.288,24.4
61200,25.288,24.4
61300,25.288,24.4
61400,25.288,24.4
61500,25.288,24.4
61600,25.288,24.4
61700,25.288,24.4
61800,25.288,24.4
61900,25.288,24.4
62000,25.288,24.4
62100,25.288,24.4
62200,25.288,24.4
62300,25.288,24.4
62400,25.288,24.4
62500,25.288,24.4
62600,25.288,24.4
62700,25.288,24.4
62800,25.288,24.4
62900,25.288,24.4
63000,25.288,24.4
63100,25.288,24.4
63200,25.288,24.4
63300,25.288,24.4
63400,25.288,24.4
63500,25.288,24.4
63600,25.288,24.4
63700,25.288,24.4
63800,25.288,24.4
63900,25.288,24.4
64000,25.288,24.4
64100,25.288,24.4
64200,25.288,24.4
64300,25.288,24.4
64400,25.288,24.4
64500,25.288,24.4
64600,25.288,24.4
64700,25.288,24.4
64800,25.288,24.4
64900,25.288,24.4
65000,25.288,24.4
65100,25.288,24.4
65200,25.288,24.4
65300,25.288,24.4
65400,25.288,24.4
65500,25.288,24.4
65600,25.288,24.4
65700,25.288,24.4
65800,25.288,24.4
65900,25.288,24.4
66000,25.288,24.4
66100,25.288,24.4
66200,25.288,24.4
66300,25.288,24.4
66400,25.288,24.4
66500,25.288,24.4
66600,25.288,24.4
66700,25.24,24.4
66800,25.24,24.4
66900,25.24,24.4
67000,25.24,24.4
67100,25.24,24.4
67200,25.24,24.4
67300,25.24,24.4
67400,25.24,24.4
67500,25.24,24.4
67600,25.24,24.4
67700,25.24,24.4
67800,25.24,24.4
67900,25.24,24.4
68000,25.24,24.4
68100,25.24,24.4
68200,25.168,24.4
68300,25.168,24.4
68400,25.168,24.4
68500,25.168,24.4
68600,25.168,24.4
68700,25.168,24.4
68800,25.168,24.4
68900,25.168,24.4
69000,25.168,24.4
69100,25.168,24.4
69200,25.168,24.4
69300,25.168,24.4
69400,25.168,24.4
69500,25.168,24.4
69600,25.168,24.4
69700,25.168,24.4
69800,25.168,24.4
69900,25.168,24.4
70000,25.168,24.4
70100,25.024,24.4
70200,25.024,24.4
70300,25.024,24.4
70400,25.024,24.4
70500,25.024,24.4
70600,25.024,24.4
70700,25.024,24.4
70800,25.024,24.4
70900,25.024,24.4
71000,25.024,24.4
71100,25.024,24.4
71200,25.024,24.4
71300,25.024,24.4
71400,24.6,24.4
71500,24.6,24.4
71600,24.6,24.4
71700,24.6,24.4
71800,24.6,24.4
71900,24.6,24.4
72000,24.6,24.4
72100,24.6,24.4
72200,24.6,24.4
72300,24.6,24.4
72400,24.6,24.4
72500,24.6,24.4
72600,24.6,24.4
72700,24.6,24.4
72800,24.6,24.4
72900,24.6,24.4
73000,24.6,24.4
73100,24.6,24.4
73200,24.6,24.4
73300,24.6,24.4
73400,24.6,24.4
73500,24.6,24.4
73600,24.6,24.4
73700,24.6,24.4
73800,24.6,24.4
73900,24.6,24.4
74000,24.6,24.4
74100,24.6,24.4
74200,24.6,24.4
74300,24.6,24.4
74400,24.6,24.4
74500,24.6,24.4
74600,24.6,24.4
74700,24.6,24.4
74800,24.6,24.4
74900,24.6,24.4
75000,24.6,24.4
75100,24.6,24.4
75200,24.6,24.4
75300,24.6,24.4
75400,24.6,24.4
75500,24.6,24.4
75600,24.6,24.4
75700,24.416,24.4
75800,24.416,24.4
75900,24.416,24.4
76000,24.416,24.4
76100,24.416,24.4
76200,24.416,24.4
76300,24.416,24.4
76400,24.416,24.4
76500,24.416,24.4
76600,24.416,24.4
76700,24.416,24.4
76800,24.416,24.4
76900,24.416,24.4
77000,24.416,24.4
77100,24.416,24.4
77200,24.416,24.4
77300,24.416,24.4
77400,24.416,24.4
77500,24.416,24.4
77600,24.416,24.4
77700,24.416,24.4
77800,24.416,24.4
77900,24.416,24.4
78000,24.416,24.4
78100,24.416,24.4
78200,24.416,24.4
78300,24.416,24.4
78400,24.416,24.4
78500,24.416,24.4
78600,24.416,24.4
78700,24.416,24.4
78800,24.384,24.4
78900,24.384,24.4
79000,24.384,24.4
79100,24.384,24.4
79200,24.384,24.4
79300,24.384,24.4
79400,24.384,24.4
79500,24.384,24.4
79600,24.384,24.4
79700,24.384,24.4
79800,24.384,24.4
79900,24.384,24.4
80000,24.384,24.4
80100,24.384,24.4
80200,24.384,24.4
80300,24.384,24.4
80400,24.384,24.4
80500,24.384,24.4
80600,24.384,24.4
80700,24.384,24.4
80800,24.384,24.4
80900,24.384,24.4
81000,24.384,24.4
81100,24.384,24.4
81200,24.384,24.4
81300,24.384,24.4
81400,24.384,24.4
81500,24.384,24.4
81600,24.384,24.4
81700,24.384,24.4
81800,24.384,24.4
81900,24.384,24.4
82000,24.384,24.4
82100,24.384,24.4
82200,24.384,24.4
82300,24.384,24.4
82400,24.384,24.4
82500,24.384,24.4
82600,24.384,24.4
82700,24.384,24.4
82800,24.384,24.4
82900,24.384,24.4
83000,24.384,24.4
83100,24.384,24.4
83200,24.384,24.4
83300,24.384,24.4
83400,24.384,24.4
83500,24.384,24.4
83600,24.384,24.4
83700,24.384,24.4
83800,24.384,24.4
83900,24.384,24.4
84000,24.384,24.4
84100,24.384,24.4
84200,24.384,24.4
84300,24.384,24.4
84400,24.384,24.4
84500,24.384,24.4
84600,24.384,24.4
84700,24.384,24.4
84800,24.152,24.2
84900,24.152,24.2
85000,24.152,24.2
85100,24.152,24.2
85200,24.152,24.2
85300,24.152,24.2
85400,24.152,24.2
85500,24.152,24.2
85600,24.152,24.2
85700,24.152,24.2
85800,24.152,24.2
85900,24.152,24.2
86000,24.152,24.2
86100,24.119999999999997,24
86200,24.119999999999997,24
86300,24.119999999999997,24
86400,24.119999999999997,24
86500,24.119999999999997,24
86600,24.119999999999997,24
86700,24.119999999999997,24
86800,24.119999999999997,24
86900,24.119999999999997,24
87000,24.119999999999997,24
87100,24.119999999999997,24
87200,24.119999999999997,24
87300,24.119999999999997,24
87400,24.119999999999997,24
87500,24.119999999999997,24
87600,24.119999999999997,24
87700,24.119999999999997,24
87800,24.119999999999997,24
87900,24.119999999999997,24
88000,24.119999999999997,24
88100,24.119999999999997,24
88200,24.119999999999997,24
88300,24.119999999999997,24
88400,24.119999999999997,24
88500,24.119999999999997,24
88600,24.119999999999997,24
88700,24.119999999999997,24
88800,24.119999999999997,24
88900,24.119999999999997,24
89000,24.119999999999997,24
89100,24.119999999999997,24
89200,24.119999999999997,24
89300,23.880000000000003,24
89400,23.880000000000003,24
89500,23.880000000000003,24
89600,23.880000000000003,24
89700,23.880000000000003,24
89800,23.880000000000003,24
89900,23.880000000000003,24
90000,23.880000000000003,24
90100,23.880000000000003,24
90200,23.880000000000003,24
90300,23.880000000000003,24
90400,23.880000000000003,24
90500,23.880000000000003,24
90600,23.880000000000003,24
90700,23.880000000000003,24
90800,23.880000000000003,24
90900,23.880000000000003,24
91000,23.880000000000003,24
91100,23.880000000000003,24
91200,23.880000000000003,24
91300,23.880000000000003,24
91400,23.880000000000003,24
91500,23.880000000000003,24
91600,23.880000000000003,24
91700,23.880000000000003,24
91800,23.880000000000003,24
91900,23.880000000000003,24
92000,23.880000000000003,24
92100,23.880000000000003,24
92200,23.880000000000003,24
92300,23.880000000000003,24
92400,23.880000000000003,24
92500,23.880000000000003,24
92600,23.880000000000003,24
92700,23.880000000000003,24
92800,23.880000000000003,24
92900,23.880000000000003,24
93000,23.880000000000003,24
93100,23.880000000000003,24
93200,23.880000000000003,24
93300,23.880000000000003,24
93400,23.880000000000003,24
93500,23.880000000000003,24
93600,23.880000000000003,24
93700,23.880000000000003,24
93800,23.880000000000003,24
93900,23.880000000000003,24
94000,23.880000000000003,24
94100,23.880000000000003,24
94200,23.880000000000003,24
94300,23.880000000000003,24
94400,23.880000000000003,24
94500,23.880000000000003,24
94600,23.880000000000003,24
94700,23.880000000000003,24
94800,23.880000000000003,24
94900,23.880000000000003,24
95000,23.880000000000003,24
95100,23.880000000000003,24
95200,23.880000000000003,24
95300,23.880000000000003,24
95400,23.880000000000003,24
95500,23.880000000000003,24
95600,23.880000000000003,24
95700,23.880000000000003,24
95800,23.880000000000003,24
95900,23.880000000000003,24
96000,23.880000000000003,24
96100,23.880000000000003,24
96200,23.880000000000003,24
96300,23.880000000000003,24
96400,23.880000000000003,24
96500,23.880000000000003,24
96600,23.880000000000003,24
96700,23.880000000000003,24
96800,23.880000000000003,24
96900,23.880000000000003,24
97000,23.880000000000003,24
97100,23.880000000000003,24
97200,23.880000000000003,24
97300,23.880000000000003,24
97400,23.880000000000003,24
97500,23.880000000000003,24
97600,23.880000000000003,24
97700,23.880000000000003,24
97800,23.880000000000003,24
97900,23.880000000000003,24
98000,23.880000000000003,24
98100,23.880000000000003,24
98200,23.880000000000003,24
98300,23.880000000000003,24
98400,23.880000000000003,24
98500,23.880000000000003,24
98600,23.880000000000003,24
98700,23.880000000000003,24
98800,23.880000000000003,24
98900,23.880000000000003,24
99000,23.880000000000003,24
99100,23.880000000000003,24
99200,23.880000000000003,24
99300,23.880000000000003,24
99400,23.880000000000003,24
99500,23.880000000000003,24
99600,23.880000000000003,24
99700,23.880000000000003,24
99800,23.880000000000003,24
99900,23.880000000000003,24
99999,23.880000000000003,24

START ALGORITHM
h2: (a32 + a14) * (b23 - b24 - b15 - b33)
h11: (a25 + a13 - a32) * (b32 - b32 - b42)
h16: (a12 - a23) * (b35)
h20: (-a15 - a45) * (-b22)
h23: (a45 - a44 - a15) * (b35 + b24 + b43 + b35 + b31 - b44 - b35 - b31)
h25: (a21) * (b34 + b41 + b44 + b41 + b31 + b55 - b13 - b23 - b23 - b51 - b15)
h28: (-a44) * (b24 - b14)
h29: (a55 + a15 + a55 + a44 - a13 - a24 - a55) * (b45)
h33: (a34) * (-b33 - b31)
h38: (-a34) * (b54 + b45 + b53 + b44 - b31 - b13 - b52 - b44)
h46: (a52 - a53 - a32) * (b24 + b42 + b34 + b42 + b23 + b42 - b52 - b42 - b24 - b55 - b24 - b55 - b33)
h47: (a44 - a15 - a13 - a15) * (b41 - b44 - b22 - b33 - b11 - b13)
h48: (-a22) * (-b52 - b22)
h53: (a42 - a24) * (-b45 - b35)
h55: (a54 + a42) * (b41 + b54 + b41 + b54 + b53 - b53)
h57: (a43 + a24 - a15 - a11) * (b31 + b41 + b53 + b44 + b23 + b21 + b15 - b15)
h58: (a32 + a53 - a33) * (b52 + b24 + b45 + b51 + b55 - b35 - b22)
h59: (a55) * (-b13 - b13)
h65: (a43 - a35) * (b51 + b14 + b54 + b33 + b31 + b25)
h66: (-a33) * (b15 + b41 - b52 - b12 - b24 - b44)
h71: (-a44) * (b42 + b21 + b22 - b12 - b34 - b14 - b55)
h75: (a45 - a44) * (b31 + b44 + b52 + b13 + b33 + b11 + b55 + b32 - b33)
h78: (a33 + a33 - a55 - a43 - a31) * (b45 + b55)
h93: (a33 + a45 + a33 + a32 + a54 - a15 - a35 - a43 - a25) * (b22 + b15 + b22 + b41 + b52 - b22 - b35 - b21 - b23 - b15)
h94: (a43) * (b45 + b23 - b35 - b35 - b13 - b42)
h96: (a31 + a12) * (b14 + b11 + b22)
h98: (-a43) * (b34 + b25 + b22 + b15 + b52 + b41 - b33 - b51 - b52 - b13 - b32 - b31)
h101: (a41 - a52 - a33 - a44) * (b53 + b21 + b51 + b45 + b33 + b15 + b24 - b35 - b12 - b44 - b51 - b14 - b14 - b14 - b25 - b44 - b52 - b43)
h106: (a11 + a54 - a52 - a52 - a55) * (b53 + b22 + b25 + b32 + b43 - b11 - b41 - b25 - b53 - b41 - b13 - b23 - b35)
h109: (a22 - a51) * (b21 + b21 + b31 + b44 + b22 + b45 + b11 - b34 - b44 - b13 - b25 - b12 - b32 - b44)
h110: (-a54 - a15) * (b42 + b43 + b23 + b44 - b12 - b52)
h117: (a53 + a51) * (b51)
h134: (-a35) * (b42 + b51 + b12 + b53 + b22 + b23 - b41 - b15 - b23 - b14 - b45 - b44 - b11 - b52 - b41 - b21 - b22)
h142: (a23) * (-b24)
h158: (a32 - a32) * (b53 - b35 - b42 - b13 - b11 - b25 - b44 - b45 - b35 - b23 - b35)
h159: (-a31) * (b35)
h160: (-a32 - a54 - a52) * (b51)
h170: (a45 + a41 + a32 + a14 - a22 - a32 - a51) * (b24 - b43 - b24)
h185: (a45) * (b52 + b15 + b45 - b52)
h201: (a41 + a21 - a32 - a54 - a34) * (-b32)
h267: (-a45 - a24) * (b22 + b51 + b45 + b21 + b22 + b35 + b52 - b31 - b33 - b44 - b24)
h272: (a14) * (b33 + b12 + b12)
h288: (-a42) * (b24 - b42 - b41)
h1529: (a53) * (b23 - b14)
h1975: (a32 + a12 + a41 + a33 - a55) * (b33 - b31 - b34 - b51)
h2013: (a35 + a45 - a33) * (-b12 - b24)
h2674: (a31 - a52) * (b14 + b12 + b11 - b34 - b41)
h2840: (-a51) * (b15 + b42 + b43 + b14)
h3245: (a31 + a34 + a15 - a32 - a41 - a51) * (b54 + b21 + b53 + b23 + b13 - b21 - b33 - b55 - b13 - b31 - b42)
h3256: (a24 + a35) * (-b22)
h4064: (a14 - a33 - a15) * (b42 + b12 + b25 + b52 + b32 + b41 + b35 - b13 - b21 - b23 - b52 - b24 - b53 - b34)
h5700: (a21 - a54) * (b55 - b34)
h6423: (a43 - a34 - a14) * (b43 + b12)
h7555: (a22 + a55) * (b25 + b24 + b45 + b31 + b25 - b15 - b15 - b24)
h8643: (a33 - a34 - a54) * (b14 + b33 + b53 - b24 - b41 - b24 - b25 - b42 - b21)
h9906: (a34) * (b43 + b12 - b45)
h10804: (a41 - a15) * (b32 + b44 + b23 + b15 + b52 + b24 - b12 - b41 - b33)
h11195: (a13 - a13) * (-b15)
c11: - h2 - h47 
c12: h47 + h185 
c13: h78 + h78 
c14: h93 + h75 + h185 - h7555 
c15: h185 - h53 
c21: h160 + h117 
c22: h106 + h47 + h160 - h25 - h2674 
c23: h46 + h53 + h109 - h78 
c24: h38 + h96 - h158 
c25: h71 + h267 + h3245 - h3256 
c31: h2840 - h48 - h55 - h71 
c32: h57 + h71 + h160 
c33: h71 + h134 + h288 
c34: h48 + h9906 - h5700 
c35: h28 - h94 - h38 
c41: h11 + h109 + h20 + h94 + h117 
c42: h58 + h98 + h134 
c43: h65 + h201 + h75 - h66 - h16 - h142 - h4064 
c44: h78 + h96 + h10804 - h2013 
c45: h267 + h1529 - h117 
c51: h33 + h101 + h38 + h159 + h96 
c52: h94 + h23 + h65 
c53: h59 + h170 - h46 - h20 
c54: h109 + h272 + h20 - h29 - h6423 - h11195 
c55: h110 + h1529 - h1975 - h8643 
