0,177.368,24.8
100,154.944,25
200,135.17600000000002,25
300,126.67199999999998,24.8
400,106.888,24.6
500,99.55199999999999,24.6
600,95.14399999999999,24.6
700,88.352,24.6
800,83.464,24.6
900,80.44,24.8
1000,76.90400000000001,25
1100,75.54400000000001,25
1200,69.488,25
1300,67.968,25
1400,67.208,25
1500,66.82400000000001,25
1600,62.19200000000001,24.8
1700,62.19200000000001,24.8
1800,58.25600000000001,24.8
1900,57.48,24.8
2000,56.352,24.8
2100,56.352,24.8
2200,54.64000000000001,24.8
2300,54.56,24.6
2400,54.56,24.6
2500,54.56,24.6
2600,54.288,24.6
2700,53.912,24.6
2800,53.912,24.6
2900,53.912,24.6
3000,53.912,24.6
3100,53.912,24.6
3200,52.488,24.8
3300,52.488,24.8
3400,52.488,24.8
3500,52.488,24.8
3600,52.21600000000001,24.8
3700,52.21600000000001,24.8
3800,51.879999999999995,24.8
3900,51.08800000000001,24.8
4000,50.944,24.8
4100,50.752,24.8
4200,50.752,24.8
4300,50.752,24.8
4400,50.752,24.8
4500,50.384,24.8
4600,50.36,24.8
4700,50.36,24.8
4800,50.36,24.8
4900,50.36,24.8
5000,50.36,24.8
5100,50.36,24.8
5200,50.36,24.8
5300,50.36,24.8
5400,50.36,24.8
5500,50.36,24.8
5600,50.352,24.8
5700,49.912000000000006,24.8
5800,49.912000000000006,24.8
5900,49.912000000000006,24.8
6000,49.912000000000006,24.8
6100,49.872,24.8
6200,48.959999999999994,24.8
6300,48.44799999999999,24.8
6400,48.312,24.8
6500,48.312,24.8
6600,47.912,24.8
6700,47.912,24.8
6800,47.879999999999995,24.8
6900,47.879999999999995,24.8
7000,47.768,24.8
7100,47.135999999999996,24.8
7200,47.135999999999996,24.8
7300,47.135999999999996,24.8
7400,47.135999999999996,24.8
7500,46.984,24.8
7600,46.984,24.8
7700,46.984,24.8
7800,46.984,24.8
7900,46.984,24.8
8000,46.984,24.8
8100,46.984,24.8
8200,46.984,24.8
8300,46.912,24.8
8400,46.664,24.8
8500,46.664,24.8
8600,46.664,24.8
8700,46.664,24.8
8800,46.664,24.8
8900,44.464,25
9000,44.464,25
9100,43.992,25
9200,43.519999999999996,25
9300,43.232000000000006,25
9400,43.232000000000006,25
9500,43.232000000000006,25
9600,42.592,25
9700,42.592,25
9800,42.504,25
9900,41.64,25
10000,41.64,25
10100,41.64,25
10200,41.624,25
10300,41.624,25
10400,41.36,25
10500,41.36,25
10600,41.36,25
10700,41.192,25
10800,41.192,25
10900,39.976,24.8
11000,39.352,24.8
11100,38.904,24.8
11200,38.904,24.8
11300,38.904,24.8
11400,38.904,24.8
11500,38.904,24.8
11600,38.904,24.8
11700,38.464,24.8
11800,38.464,24.8
11900,38.464,24.8
12000,38.464,24.8
12100,38.464,24.8
12200,38.464,24.8
12300,38.464,24.8
12400,38.464,24.8
12500,38.464,24.8
12600,38.464,24.8
12700,38.464,24.8
12800,38.464,24.8
12900,38.464,24.8
13000,38.464,24.8
13100,38.464,24.8
13200,38.464,24.8
13300,38.464,24.8
13400,38.464,24.8
13500,38.464,24.8
13600,38.464,24.8
13700,38.464,24.8
13800,38.464,24.8
13900,38.464,24.8
14000,38.464,24.8
14100,38.464,24.8
14200,38.464,24.8
14300,38.464,24.8
14400,38.464,24.8
14500,38.464,24.8
14600,38.464,24.8
14700,38.464,24.8
14800,38.464,24.8
14900,38.464,24.8
15000,37.623999999999995,24.8
15100,37.623999999999995,24.8
15200,37.623999999999995,24.8
15300,37.623999999999995,24.8
15400,37.623999999999995,24.8
15500,37.623999999999995,24.8
15600,37.623999999999995,24.8
15700,37.623999999999995,24.8
15800,37.623999999999995,24.8
15900,37.623999999999995,24.8
16000,37.623999999999995,24.8
16100,37.623999999999995,24.8
16200,37.623999999999995,24.8
16300,37.623999999999995,24.8
16400,37.623999999999995,24.8
16500,37.623999999999995,24.8
16600,37.623999999999995,24.8
16700,37.623999999999995,24.8
16800,37.623999999999995,24.8
16900,37.623999999999995,24.8
17000,37.623999999999995,24.8
17100,37.623999999999995,24.8
17200,37.623999999999995,24.8
17300,37.623999999999995,24.8
17400,37.623999999999995,24.8
17500,37.528,24.8
17600,37.528,24.8
17700,37.528,24.8
17800,37.528,24.8
17900,37.528,24.8
18000,37.408,24.8
18100,37.408,24.8
18200,37.408,24.8
18300,37.408,24.8
18400,37.408,24.8
18500,37.408,24.8
18600,37.408,24.8
18700,37.408,24.8
18800,37.408,24.8
18900,37.408,24.8
19000,37.408,24.8
19100,37.408,24.8
19200,37.408,24.8
19300,37.408,24.8
19400,37.408,24.8
19500,37.32,24.6
19600,37.32,24.6
19700,37.32,24.6
19800,37.32,24.6
19900,37.32,24.6
20000,37.32,24.6
20100,37.32,24.6
20200,37.32,24.6
20300,37.32,24.6
20400,37.32,24.6
20500,37.32,24.6
20600,37.088,24.6
20700,36.992000000000004,24.6
20800,36.992000000000004,24.6
20900,36.992000000000004,24.6
21000,36.376,24.6
21100,36.376,24.6
21200,36.376,24.6
21300,36.376,24.6
21400,36.376,24.6
21500,36.376,24.6
21600,36.376,24.6
21700,36.376,24.6
21800,36.376,24.6
21900,36.376,24.6
22000,36.376,24.6
22100,36.376,24.6
22200,36.376,24.6
22300,36.376,24.6
22400,36.376,24.6
22500,36.376,24.6
22600,36.352000000000004,24.6
22700,36.352000000000004,24.6
22800,36.352000000000004,24.6
22900,36.352000000000004,24.6
23000,36.352000000000004,24.6
23100,36.352000000000004,24.6
23200,36.352000000000004,24.6
23300,36.352000000000004,24.6
23400,36.352000000000004,24.6
23500,36.352000000000004,24.6
23600,36.352000000000004,24.6
23700,36.352000000000004,24.6
23800,36.352000000000004,24.6
23900,36.352000000000004,24.6
24000,36.352000000000004,24.6
24100,36.352000000000004,24.6
24200,35.88,24.6
24300,35.288,24.6
24400,35.288,24.6
24500,35.288,24.6
24600,35.288,24.6
24700,35.288,24.6
24800,35.288,24.6
24900,35.136,24.8
25000,35.136,24.8
25100,35.136,24.8
25200,35.136,24.8
25300,35.136,24.8
25400,35.136,24.8
25500,35.136,24.8
25600,35.136,24.8
25700,35.136,24.8
25800,35.136,24.8
25900,35.136,24.8
26000,34.648,24.8
26100,34.336,24.8
26200,34.336,24.8
26300,34.336,24.8
26400,34.336,24.8
26500,34.336,24.8
26600,34.336,24.8
26700,34.336,24.8
26800,34.336,24.8
26900,34.336,24.8
27000,34.336,24.8
27100,34.336,24.8
27200,34.336,24.8
27300,34.224000000000004,24.8
27400,34.224000000000004,24.8
27500,34.224000000000004,24.8
27600,34.224000000000004,24.8
27700,34.224000000000004,24.8
27800,34.224000000000004,24.8
27900,34.224000000000004,24.8
28000,34.224000000000004,24.8
28100,34.224000000000004,24.8
28200,34.224000000000004,24.8
28300,33.824,24.8
28400,33.824,24.8
28500,33.784000000000006,24.8
28600,33.784000000000006,24.8
28700,33.784000000000006,24.8
28800,33.784000000000006,24.8
28900,33.552,24.8
29000,33.552,24.8
29100,33.552,24.8
29200,33.552,24.8
29300,33.552,24.8
29400,33.552,24.8
29500,33.552,24.8
29600,33.552,24.8
29700,33.552,24.8
29800,33.552,24.8
29900,33.552,24.8
30000,33.552,24.8
30100,33.552,24.8
30200,33.552,24.8
30300,33.552,24.8
30400,33.552,24.8
30500,33.552,24.8
30600,33.552,24.8
30700,33.552,24.8
30800,33.552,24.8
30900,33.552,24.8
31000,33.552,24.8
31100,33.552,24.8
31200,33.552,24.8
31300,33.552,24.8
31400,33.552,24.8
31500,33.552,24.8
31600,33.552,24.8
31700,33.44,24.8
31800,33.44,24.8
31900,33.44,24.8
32000,33.44,24.8
32100,33.44,24.8
32200,33.44,24.8
32300,33.44,24.8
32400,33.44,24.8
32500,33.44,24.8
32600,33.44,24.8
32700,33.36,24.8
32800,33.36,24.8
32900,33.36,24.8
33000,33.36,24.8
33100,33.36,24.8
33200,33.36,24.8
33300,33.36,24.8
33400,33.36,24.8
33500,33.36,24.8
33600,33.36,24.8
33700,33.36,24.8
33800,33.36,24.8
33900,33.36,24.8
34000,33.36,24.8
34100,33.36,24.8
34200,33.36,24.8
34300,33.36,24.8
34400,33.36,24.8
34500,33.36,24.8
34600,33.36,24.8
34700,33.36,24.8
34800,33.36,24.8
34900,33.36,24.8
35000,33.36,24.8
35100,33.36,24.8
35200,33.36,24.8
35300,33.36,24.8
35400,33.36,24.8
35500,33.36,24.8
35600,33.36,24.8
35700,32.751999999999995,24.8
35800,32.751999999999995,24.8
35900,32.751999999999995,24.8
36000,32.751999999999995,24.8
36100,32.751999999999995,24.8
36200,32.751999999999995,24.8
36300,32.751999999999995,24.8
36400,32.751999999999995,24.8
36500,32.751999999999995,24.8
36600,32.751999999999995,24.8
36700,32.751999999999995,24.8
36800,32.751999999999995,24.8
36900,32.239999999999995,24.8
37000,32.136,24.6
37100,32.136,24.6
37200,32.136,24.6
37300,32.136,24.6
37400,32.136,24.6
37500,32.136,24.6
37600,32.136,24.6
37700,32.136,24.6
37800,32.136,24.6
37900,32.136,24.6
38000,32.136,24.6
38100,32.136,24.6
38200,32.136,24.6
38300,32.136,24.6
38400,32.136,24.6
38500,32.136,24.6
38600,32.136,24.6
38700,31.672000000000004,24.6
38800,31.639999999999997,24.6
38900,31.639999999999997,24.6
39000,31.639999999999997,24.6
39100,31.639999999999997,24.6
39200,31.639999999999997,24.6
39300,31.639999999999997,24.6
39400,31.639999999999997,24.6
39500,31.639999999999997,24.6
39600,31.639999999999997,24.6
39700,31.639999999999997,24.6
39800,31.639999999999997,24.6
39900,31.608000000000004,24.4
40000,31.608000000000004,24.4
40100,31.608000000000004,24.4
40200,31.608000000000004,24.4
40300,31.608000000000004,24.4
40400,31.608000000000004,24.4
40500,31.608000000000004,24.4
40600,31.608000000000004,24.4
40700,31.608000000000004,24.4
40800,31.608000000000004,24.4
40900,30.8,24.4
41000,30.8,24.4
41100,30.8,24.4
41200,30.8,24.4
41300,30.8,24.4
41400,30.8,24.4
41500,30.8,24.4
41600,30.8,24.4
41700,30.8,24.4
41800,30.8,24.4
41900,30.8,24.4
42000,30.8,24.4
42100,30.8,24.4
42200,30.8,24.4
42300,30.8,24.4
42400,30.8,24.4
42500,30.8,24.4
42600,30.8,24.4
42700,30.8,24.4
42800,30.8,24.4
42900,30.8,24.4
43000,30.560000000000002,24.4
43100,30.560000000000002,24.4
43200,30.560000000000002,24.4
43300,30.560000000000002,24.4
43400,30.560000000000002,24.4
43500,30.560000000000002,24.4
43600,30.560000000000002,24.4
43700,30.560000000000002,24.4
43800,30.560000000000002,24.4
43900,30.560000000000002,24.4
44000,30.560000000000002,24.4
44100,30.560000000000002,24.4
44200,30.560000000000002,24.4
44300,30.560000000000002,24.4
44400,30.560000000000002,24.4
44500,30.560000000000002,24.4
44600,30.224,24.4
44700,30.224,24.4
44800,30.048000000000002,24.4
44900,30.048000000000002,24.4
45000,30.048000000000002,24.4
45100,30.048000000000002,24.4
45200,30.048000000000002,24.4
45300,30.048000000000002,24.4
45400,30.048000000000002,24.4
45500,30.048000000000002,24.4
45600,30.048000000000002,24.4
45700,30.048000000000002,24.4
45800,30.048000000000002,24.4
45900,30.048000000000002,24.4
46000,30.048000000000002,24.4
46100,30.048000000000002,24.4
46200,30.048000000000002,24.4
46300,30.048000000000002,24.4
46400,30.048000000000002,24.4
46500,30.048000000000002,24.4
46600,30.048000000000002,24.4
46700,30.048000000000002,24.4
46800,30.024,24.4
46900,30.024,24.4
47000,30.024,24.4
47100,30.024,24.4
47200,30.024,24.4
47300,29.72,24.2
47400,29.439999999999998,24.2
47500,29.439999999999998,24.2
47600,29.439999999999998,24.2
47700,29.439999999999998,24.2
47800,29.439999999999998,24.2
47900,29.439999999999998,24.2
48000,29.439999999999998,24.2
48100,29.439999999999998,24.2
48200,29.439999999999998,24.2
48300,29.439999999999998,24.2
48400,29.264,24.2
48500,29.264,24.2
48600,29.264,24.2
48700,29.176000000000005,24.2
48800,29.176000000000005,24.2
48900,29.080000000000002,24.2
49000,29.080000000000002,24.2
49100,29.080000000000002,24.2
49200,29.080000000000002,24.2
49300,29.080000000000002,24.2
49400,29.080000000000002,24.2
49500,29.080000000000002,24.2
49600,29.080000000000002,24.2
49700,29.080000000000002,24.2
49800,29.080000000000002,24.2
49900,28.935999999999996,24.2
50000,28.935999999999996,24.2
50100,28.935999999999996,24.2
50200,28.935999999999996,24.2
50300,28.935999999999996,24.2
50400,28.935999999999996,24.2
50500,28.935999999999996,24.2
50600,28.935999999999996,24.2
50700,28.935999999999996,24.2
50800,28.935999999999996,24.2
50900,28.935999999999996,24.2
51000,28.935999999999996,24.2
51100,28.935999999999996,24.2
51200,28.935999999999996,24.2
51300,28.935999999999996,24.2
51400,28.935999999999996,24.2
51500,28.935999999999996,24.2
51600,28.935999999999996,24.2
51700,28.935999999999996,24.2
51800,28.935999999999996,24.2
51900,28.935999999999996,24.2
52000,28.935999999999996,24.2
52100,28.935999999999996,24.2
52200,28.935999999999996,24.2
52300,28.935999999999996,24.2
52400,28.935999999999996,24.2
52500,28.935999999999996,24.2
52600,28.935999999999996,24.2
52700,28.935999999999996,24.2
52800,28.935999999999996,24.2
52900,28.935999999999996,24.2
53000,28.935999999999996,24.2
53100,28.935999999999996,24.2
53200,28.935999999999996,24.2
53300,28.935999999999996,24.2
53400,28.935999999999996,24.2
53500,28.935999999999996,24.2
53600,28.935999999999996,24.2
53700,28.935999999999996,24.2
53800,28.935999999999996,24.2
53900,28.935999999999996,24.2
54000,28.935999999999996,24.2
54100,28.935999999999996,24.2
54200,28.935999999999996,24.2
54300,28.935999999999996,24.2
54400,28.631999999999998,24.2
54500,28.631999999999998,24.2
54600,28.631999999999998,24.2
54700,28.631999999999998,24.2
54800,28.631999999999998,24.2
54900,28.32,24.2
55000,28.32,24.2
55100,28.32,24.2
55200,28.32,24.2
55300,28.32,24.2
55400,28.32,24.2
55500,28.064,24.2
55600,28.064,24.2
55700,27.712,24.2
55800,27.712,24.2
55900,27.712,24.2
56000,27.712,24.2
56100,27.712,24.2
56200,27.648000000000003,24.2
56300,27.648000000000003,24.2
56400,27.360000000000003,24.2
56500,27.360000000000003,24.2
56600,27.360000000000003,24.2
56700,27.312,24.2
56800,27.312,24.2
56900,27.312,24.2
57000,27.312,24.2
57100,27.312,24.2
57200,27.312,24.2
57300,27.312,24.2
57400,27.312,24.2
57500,27.312,24.2
57600,27.312,24.2
57700,27.312,24.2
57800,27.312,24.2
57900,27.312,24.2
58000,27.312,24.2
58100,27.312,24.2
58200,27.312,24.2
58300,27.288,24.2
58400,27.288,24.2
58500,27.288,24.2
58600,27.288,24.2
58700,27.288,24.2
58800,27.288,24.2
58900,27.288,24.2
59000,27.288,24.2
59100,27.288,24.2
59200,27.288,24.2
59300,26.944,24.2
59400,26.944,24.2
59500,26.944,24.2
59600,26.944,24.2
59700,26.944,24.2
59800,26.944,24.2
59900,26.944,24.2
60000,26.944,24.2
60100,26.944,24.2
60200,26.944,24.2
60300,26.944,24.2
60400,26.944,24.2
60500,26.944,24.2
60600,26.944,24.2
60700,26.944,24.2
60800,26.944,24.2
60900,26.944,24.2
61000,26.944,24.2
61100,26.944,24.2
61200,26.944,24.2
61300,26.944,24.2
61400,26.944,24.2
61500,26.944,24.2
61600,26.944,24.2
61700,26.944,24.2
61800,26.944,24.2
61900,26.944,24.2
62000,26.944,24.2
62100,26.944,24.2
62200,26.944,24.2
62300,26.944,24.2
62400,26.944,24.2
62500,26.944,24.2
62600,26.944,24.2
62700,26.944,24.2
62800,26.944,24.2
62900,26.944,24.2
63000,26.944,24.2
63100,26.944,24.2
63200,26.944,24.2
63300,26.944,24.2
63400,26.944,24.2
63500,26.944,24.2
63600,26.944,24.2
63700,26.944,24.2
63800,26.944,24.2
63900,26.944,24.2
64000,26.944,24.2
64100,26.944,24.2
64200,26.944,24.2
64300,26.944,24.2
64400,26.944,24.2
64500,26.944,24.2
64600,26.944,24.2
64700,26.944,24.2
64800,26.944,24.2
64900,26.944,24.2
65000,26.944,24.2
65100,26.944,24.2
65200,26.944,24.2
65300,26.944,24.2
65400,26.944,24.2
65500,26.944,24.2
65600,26.944,24.2
65700,26.928000000000004,24.2
65800,26.928000000000004,24.2
65900,26.928000000000004,24.2
66000,26.928000000000004,24.2
66100,26.928000000000004,24.2
66200,26.928000000000004,24.2
66300,26.928000000000004,24.2
66400,26.928000000000004,24.2
66500,26.928000000000004,24.2
66600,26.928000000000004,24.2
66700,26.928000000000004,24.2
66800,26.928000000000004,24.2
66900,26.928000000000004,24.2
67000,26.928000000000004,24.2
67100,26.928000000000004,24.2
67200,26.928000000000004,24.2
67300,26.928000000000004,24.2
67400,26.928000000000004,24.2
67500,26.928000000000004,24.2
67600,26.928000000000004,24.2
67700,26.928000000000004,24.2
67800,26.928000000000004,24.2
67900,26.928000000000004,24.2
68000,26.928000000000004,24.2
68100,26.928000000000004,24.2
68200,26.928000000000004,24.2
68300,26.928000000000004,24.2
68400,26.928000000000004,24.2
68500,26.928000000000004,24.2
68600,26.928000000000004,24.2
68700,26.928000000000004,24.2
68800,26.928000000000004,24.2
68900,26.928000000000004,24.2
69000,26.928000000000004,24.2
69100,26.928000000000004,24.2
69200,26.928000000000004,24.2
69300,26.928000000000004,24.2
69400,26.928000000000004,24.2
69500,26.928000000000004,24.2
69600,26.928000000000004,24.2
69700,26.928000000000004,24.2
69800,26.928000000000004,24.2
69900,26.928000000000004,24.2
70000,26.928000000000004,24.2
70100,26.928000000000004,24.2
70200,26.928000000000004,24.2
70300,26.928000000000004,24.2
70400,26.928000000000004,24.2
70500,26.928000000000004,24.2
70600,26.928000000000004,24.2
70700,26.928000000000004,24.2
70800,26.928000000000004,24.2
70900,26.928000000000004,24.2
71000,26.928000000000004,24.2
71100,26.928000000000004,24.2
71200,26.928000000000004,24.2
71300,26.928000000000004,24.2
71400,26.928000000000004,24.2
71500,26.928000000000004,24.2
71600,26.928000000000004,24.2
71700,26.928000000000004,24.2
71800,26.928000000000004,24.2
71900,26.928000000000004,24.2
72000,26.928000000000004,24.2
72100,26.928000000000004,24.2
72200,26.928000000000004,24.2
72300,26.928000000000004,24.2
72400,26.928000000000004,24.2
72500,26.928000000000004,24.2
72600,26.928000000000004,24.2
72700,26.928000000000004,24.2
72800,26.695999999999998,24.2
72900,26.695999999999998,24.2
73000,26.695999999999998,24.2
73100,26.695999999999998,24.2
73200,26.695999999999998,24.2
73300,26.695999999999998,24.2
73400,26.695999999999998,24.2
73500,26.695999999999998,24.2
73600,26.695999999999998,24.2
73700,26.695999999999998,24.2
73800,26.695999999999998,24.2
73900,26.695999999999998,24.2
74000,26.695999999999998,24.2
74100,26.695999999999998,24.2
74200,26.695999999999998,24.2
74300,26.695999999999998,24.2
74400,26.695999999999998,24.2
74500,26.695999999999998,24.2
74600,26.695999999999998,24.2
74700,26.695999999999998,24.2
74800,26.695999999999998,24.2
74900,26.695999999999998,24.2
75000,26.695999999999998,24.2
75100,26.695999999999998,24.2
75200,26.695999999999998,24.2
75300,26.695999999999998,24.2
75400,26.695999999999998,24.2
75500,26.695999999999998,24.2
75600,26.695999999999998,24.2
75700,26.695999999999998,24.2
75800,26.695999999999998,24.2
75900,26.695999999999998,24.2
76000,26.448,24.2
76100,26.448,24.2
76200,26.448,24.2
76300,26.448,24.2
76400,26.448,24.2
76500,26.448,24.2
76600,26.448,24.2
76700,26.448,24.2
76800,26.448,24.2
76900,26.448,24.2
77000,26.448,24.2
77100,26.448,24.2
77200,26.448,24.2
77300,26.448,24.2
77400,26.448,24.2
77500,26.448,24.2
77600,26.448,24.2
77700,26.448,24.2
77800,26.448,24.2
77900,26.448,24.2
78000,26.448,24.2
78100,26.247999999999998,24.2
78200,26.247999999999998,24.2
78300,26.247999999999998,24.2
78400,26.247999999999998,24.2
78500,26.247999999999998,24.2
78600,26.247999999999998,24.2
78700,26.247999999999998,24.2
78800,25.656,24
78900,25.656,24
79000,25.567999999999998,24
79100,25.567999999999998,24
79200,25.567999999999998,24
79300,25.567999999999998,24
79400,25.567999999999998,24
79500,25.567999999999998,24
79600,25.567999999999998,24
79700,25.567999999999998,24
79800,25.567999999999998,24
79900,25.567999999999998,24
80000,25.567999999999998,24
80100,25.567999999999998,24
80200,25.567999999999998,24
80300,25.567999999999998,24
80400,25.567999999999998,24
80500,25.567999999999998,24
80600,25.567999999999998,24
80700,25.567999999999998,24
80800,25.567999999999998,24
80900,25.567999999999998,24
81000,25.567999999999998,24
81100,25.567999999999998,24
81200,25.567999999999998,24
81300,25.567999999999998,24
81400,25.567999999999998,24
81500,25.567999999999998,24
81600,25.567999999999998,24
81700,25.567999999999998,24
81800,25.567999999999998,24
81900,25.567999999999998,24
82000,25.567999999999998,24
82100,25.360000000000003,24.2
82200,25.360000000000003,24.2
82300,25.360000000000003,24.2
82400,25.360000000000003,24.2
82500,25.360000000000003,24.2
82600,25.360000000000003,24.2
82700,25.144,24.2
82800,24.832,24.2
82900,24.832,24.2
83000,24.832,24.2
83100,24.312,24.2
83200,24.312,24.2
83300,24.312,24.2
83400,24.312,24.2
83500,24.312,24.2
83600,24.312,24.2
83700,24.312,24.2
83800,24.312,24.2
83900,24.312,24.2
84000,24.312,24.2
84100,24.312,24.2
84200,24.312,24.2
84300,24.312,24.2
84400,24.312,24.2
84500,24.312,24.2
84600,24.312,24.2
84700,24.312,24.2
84800,24.312,24.2
84900,24.312,24.2
85000,24.312,24.2
85100,24.312,24.2
85200,24.312,24.2
85300,24.312,24.2
85400,24.312,24.2
85500,24.312,24.2
85600,24.312,24.2
85700,24.312,24.2
85800,24.312,24.2
85900,24.312,24.2
86000,24.312,24.2
86100,24.312,24.2
86200,24.312,24.2
86300,24.312,24.2
86400,24.312,24.2
86500,24.312,24.2
86600,24.312,24.2
86700,24.312,24.2
86800,24.312,24.2
86900,24.312,24.2
87000,24.312,24.2
87100,24.312,24.2
87200,24.312,24.2
87300,24.312,24.2
87400,24.312,24.2
87500,24.312,24.2
87600,24.312,24.2
87700,24.312,24.2
87800,24.312,24.2
87900,24.312,24.2
88000,24.312,24.2
88100,24.312,24.2
88200,24.312,24.2
88300,24.312,24.2
88400,24.312,24.2
88500,24.312,24.2
88600,24.312,24.2
88700,24.312,24.2
88800,24.312,24.2
88900,24.312,24.2
89000,24.312,24.2
89100,24.312,24.2
89200,24.312,24.2
89300,24.312,24.2
89400,24.312,24.2
89500,24.312,24.2
89600,24.312,24.2
89700,24.312,24.2
89800,24.312,24.2
89900,24.312,24.2
90000,24.208000000000002,24.2
90100,24.208000000000002,24.2
90200,24.208000000000002,24.2
90300,24.208000000000002,24.2
90400,24.208000000000002,24.2
90500,24.208000000000002,24.2
90600,24.208000000000002,24.2
90700,24.208000000000002,24.2
90800,24.208000000000002,24.2
90900,24.208000000000002,24.2
91000,24.208000000000002,24.2
91100,24.208000000000002,24.2
91200,24.208000000000002,24.2
91300,24.208000000000002,24.2
91400,24.208000000000002,24.2
91500,24.208000000000002,24.2
91600,24.208000000000002,24.2
91700,24.208000000000002,24.2
91800,24.208000000000002,24.2
91900,24.208000000000002,24.2
92000,24.208000000000002,24.2
92100,24.208000000000002,24.2
92200,24.208000000000002,24.2
92300,24.208000000000002,24.2
92400,24.208000000000002,24.2
92500,24.208000000000002,24.2
92600,24.208000000000002,24.2
92700,24.208000000000002,24.2
92800,24.208000000000002,24.2
92900,24.208000000000002,24.2
93000,24.208000000000002,24.2
93100,24.208000000000002,24.2
93200,24.208000000000002,24.2
93300,24.208000000000002,24.2
93400,24.208000000000002,24.2
93500,24.208000000000002,24.2
93600,24.208000000000002,24.2
93700,24.208000000000002,24.2
93800,24.208000000000002,24.2
93900,24.208000000000002,24.2
94000,24.208000000000002,24.2
94100,24.208000000000002,24.2
94200,24.208000000000002,24.2
94300,24.208000000000002,24.2
94400,24.208000000000002,24.2
94500,24.208000000000002,24.2
94600,24.208000000000002,24.2
94700,24.208000000000002,24.2
94800,24.208000000000002,24.2
94900,24.208000000000002,24.2
95000,24.208000000000002,24.2
95100,24.208000000000002,24.2
95200,24.208000000000002,24.2
95300,24.208000000000002,24.2
95400,24.208000000000002,24.2
95500,24.208000000000002,24.2
95600,24.208000000000002,24.2
95700,24.208000000000002,24.2
95800,24.208000000000002,24.2
95900,24.208000000000002,24.2
96000,24.208000000000002,24.2
96100,24.208000000000002,24.2
96200,24.208000000000002,24.2
96300,24.208000000000002,24.2
96400,24.208000000000002,24.2
96500,24.208000000000002,24.2
96600,24.208000000000002,24.2
96700,24.208000000000002,24.2
96800,24.208000000000002,24.2
96900,24.208000000000002,24.2
97000,24.208000000000002,24.2
97100,24.208000000000002,24.2
97200,24.208000000000002,24.2
97300,24.208000000000002,24.2
97400,24.208000000000002,24.2
97500,24.208000000000002,24.2
97600,24.208000000000002,24.2
97700,24.208000000000002,24.2
97800,24.208000000000002,24.2
97900,24.208000000000002,24.2
98000,24.208000000000002,24.2
98100,24.208000000000002,24.2
98200,24.208000000000002,24.2
98300,24.208000000000002,24.2
98400,24.208000000000002,24.2
98500,24.208000000000002,24.2
98600,24.208000000000002,24.2
98700,24.208000000000002,24.2
98800,24.208000000000002,24.2
98900,24.208000000000002,24.2
99000,24.208000000000002,24.2
99100,24.208000000000002,24.2
99200,24.208000000000002,24.2
99300,24.208000000000002,24.2
99400,24.208000000000002,24.2
99500,24.208000000000002,24.2
99600,24.208000000000002,24.2
99700,24.208000000000002,24.2
99800,24.208000000000002,24.2
99900,24.208000000000002,24.2
99999,24.208000000000002,24.2

START ALGORITHM
h3: (a12) * (b33 + b33 + b34 + b22 + b14 + b42 + b44 + b41 - b11 - b24)
h9: (a44) * (b23 + b33 + b53 + b41 - b51 - b33 - b31 - b43 - b35 - b24 - b54)
h10: (-a23) * (b35 + b35 - b23)
h11: (a35 + a54) * (b34 + b41 + b55 + b21 + b41 + b15 - b52 - b31 - b13 - b22 - b33 - b55)
h14: (a14) * (b22 + b15 + b53 + b35 + b54 - b22)
h20: (-a51) * (b45 + b32 - b24)
h21: (a34 + a32 - a15) * (b55 + b42)
h34: (a34) * (-b44)
h38: (a54) * (b53 + b21 + b24 + b25 - b33)
h42: (a51 - a31) * (b43 + b33 + b24 - b44 - b21 - b51)
h57: (a12) * (-b33)
h58: (-a13) * (b33 + b35 + b43 + b15 + b31 - b45)
h60: (a34 + a33) * (b12 - b35)
h64: (-a42) * (-b14)
h66: (a22) * (b51)
h78: (-a45) * (b53)
h91: (a34) * (b55 + b52 + b31 + b15 - b52 - b43 - b25 - b51 - b43 - b14 - b45)
h93: (a33 - a43) * (b14 + b32 + b41 + b51 - b45)
h112: (a53) * (b34)
h113: (-a12 - a12) * (b55 + b15 - b45 - b25 - b21 - b35)
h114: (a23 - a41) * (b55 + b45 + b25 - b52 - b41 - b23 - b51 - b53 - b51 - b31 - b12)
h115: (-a43) * (b42 + b22 - b43 - b44)
h119: (-a32) * (b31 - b12)
h125: (a35) * (b43 + b42 + b52 + b52 + b45 + b12 + b44 + b54 - b42 - b13)
h170: (-a52) * (b34 + b53 + b44 + b24 - b15 - b45 - b42 - b44 - b51 - b42)
h171: (a44) * (b41)
h212: (-a55) * (b43 + b22)
h231: (-a11) * (b12 + b53 + b54 + b35 + b14 - b31 - b41 - b31 - b41)
h264: (-a33 - a24) * (b52 + b52 + b42 + b13 + b41 + b51 + b42 + b31 - b13 - b44 - b55 - b51 - b25 - b22)
h387: (a32 + a25) * (-b24 - b32)
h391: (-a25 - a51) * (b32 + b45 + b41 + b54 - b45 - b53 - b51 - b54)
h466: (a31) * (b42 + b22 + b34 + b34 + b24 - b54 - b32)
h693: (-a54) * (b53 - b34)
h833: (a33) * (b13 + b21 + b43 - b24)
h961: (a52) * (b53 + b54 + b43 + b43 + b22 - b34 - b32 - b23 - b32 - b31 - b43 - b35 - b14)
h988: (-a13) * (b25 + b12 - b25 - b42 - b35 - b11)
h1221: (-a14) * (b22)
h1273: (a12 + a51 - a15) * (b12 - b43 - b15)
h1504: (-a43) * (b42 + b51)
h1516: (a43 - a21) * (b11 + b24 + b51 - b11 - b43 - b23)
h2329: (a42) * (b45 - b41)
h2595: (-a21) * (-b41 - b13)
h3172: (a23) * (b44 + b34 - b44)
h3534: (-a44) * (b33 + b15 + b33 - b15 - b13 - b51 - b31 - b34 - b24 - b23 - b32 - b43)
h4178: (-a41) * (b14)
h4685: (-a15) * (b43 + b11 + b24 + b22 + b22 + b45 + b22 - b55 - b31 - b13 - b31 - b41 - b43 - b22)
h5424: (a33) * (b51 + b44 - b34)
h5633: (-a41 - a35 - a21) * (b33 - b23)
h6168: (a51 + a25 - a41) * (b12 + b51)
h6172: (-a23) * (b32 + b22 - b32)
h9977: (a32) * (-b55 - b22)
h10462: (-a21 - a35) * (b33)
h10504: (a54) * (-b34 - b41)
c11: h171 + h38 + h3172 + h112 + h9 
c12: h64 + h42 + h14 
c13: h11 + h391 - h387 - h10504 
c14: h112 + h693 - h1516 
c15: h58 + h693 + h5633 - h833 
c21: h57 + h3534 + h231 + h10 - h20 
c22: h38 + h2595 + h58 + h42 
c23: h10 + h2595 + h113 - h66 
c24: h21 + h231 + h11 + h231 - h3534 
c25: h1273 + h66 
c31: h1273 - h60 
c32: h3 + h114 - h91 - h42 - h4685 
c33: h78 + h9977 - h1221 
c34: h113 + h6168 + h988 - h264 
c35: h60 + h91 
c41: h387 + h38 - h2329 - h4178 
c42: h4178 + h466 - h1504 
c43: h21 + h170 - h466 
c44: h34 + h125 - h125 - h58 
c45: h93 + h10 + h961 + h988 
c51: h115 + h58 - h5424 
c52: h34 + h58 + h3172 - h170 - h10462 
c53: h112 - h114 
c54: h391 + h125 + h6172 
c55: h212 - h9 - h119 
