0,177.664,25
100,114.20800000000001,24.8
200,97.98400000000001,24.8
300,86.32000000000001,24.8
400,82.888,24.6
500,72.8,24.8
600,71.224,24.6
700,67.84799999999998,24.6
800,66.808,24.6
900,63.888,24.6
1000,61.152,24.6
1100,58.472,24.6
1200,56.088,24.6
1300,54.992,24.6
1400,54.112,24.6
1500,54.112,24.6
1600,51.352,24.8
1700,50.568,24.8
1800,50.568,24.8
1900,50.239999999999995,24.8
2000,49.504,24.8
2100,49.248000000000005,24.8
2200,49.248000000000005,24.8
2300,49.248000000000005,24.8
2400,49.248000000000005,24.8
2500,49.248000000000005,24.8
2600,49.248000000000005,24.8
2700,47.967999999999996,24.8
2800,47.967999999999996,24.8
2900,47.967999999999996,24.8
3000,47.967999999999996,24.8
3100,47.967999999999996,24.8
3200,47.736000000000004,24.8
3300,47.336,24.8
3400,47.336,24.8
3500,47.336,24.8
3600,46.672000000000004,24.8
3700,46.672000000000004,24.8
3800,46.304,24.8
3900,46.304,24.8
4000,45.96,24.8
4100,45.208000000000006,24.8
4200,43.888,24.8
4300,43.888,24.8
4400,43.888,24.8
4500,43.888,24.8
4600,43.727999999999994,25
4700,43.727999999999994,25
4800,43.727999999999994,25
4900,43.727999999999994,25
5000,43.727999999999994,25
5100,43.727999999999994,25
5200,43.727999999999994,25
5300,43.727999999999994,25
5400,43.727999999999994,25
5500,43.727999999999994,25
5600,43.727999999999994,25
5700,43.727999999999994,25
5800,43.727999999999994,25
5900,43.727999999999994,25
6000,43.104,24.8
6100,43.104,24.8
6200,43.104,24.8
6300,43.104,24.8
6400,43.104,24.8
6500,43.104,24.8
6600,43.104,24.8
6700,43.104,24.8
6800,43.104,24.8
6900,42.024,24.8
7000,42.024,24.8
7100,42.024,24.8
7200,42.024,24.8
7300,42.024,24.8
7400,42.024,24.8
7500,42.024,24.8
7600,41.903999999999996,24.8
7700,41.903999999999996,24.8
7800,41.903999999999996,24.8
7900,41.456,24.8
8000,41.456,24.8
8100,41.456,24.8
8200,41.456,24.8
8300,41.456,24.8
8400,41.456,24.8
8500,41.456,24.8
8600,41.456,24.8
8700,41.456,24.8
8800,41.456,24.8
8900,41.456,24.8
9000,41.456,24.8
9100,41.456,24.8
9200,41.208000000000006,24.8
9300,41.208000000000006,24.8
9400,41.208000000000006,24.8
9500,41.208000000000006,24.8
9600,40.431999999999995,24.8
9700,39.952000000000005,24.8
9800,39.952000000000005,24.8
9900,39.952000000000005,24.8
10000,39.952000000000005,24.8
10100,39.952000000000005,24.8
10200,39.952000000000005,24.8
10300,39.952000000000005,24.8
10400,39.471999999999994,24.8
10500,39.23199999999999,24.8
10600,39.23199999999999,24.8
10700,39.23199999999999,24.8
10800,39.23199999999999,24.8
10900,39.23199999999999,24.8
11000,39.23199999999999,24.8
11100,39.23199999999999,24.8
11200,39.23199999999999,24.8
11300,39.23199999999999,24.8
11400,39.23199999999999,24.8
11500,39.23199999999999,24.8
11600,39.23199999999999,24.8
11700,39.23199999999999,24.8
11800,39.23199999999999,24.8
11900,39.23199999999999,24.8
12000,39.23199999999999,24.8
12100,39.23199999999999,24.8
12200,39.23199999999999,24.8
12300,39.23199999999999,24.8
12400,38.815999999999995,24.8
12500,38.815999999999995,24.8
12600,38.815999999999995,24.8
12700,38.815999999999995,24.8
12800,38.367999999999995,24.8
12900,38.367999999999995,24.8
13000,38.367999999999995,24.8
13100,38.367999999999995,24.8
13200,38.367999999999995,24.8
13300,38.367999999999995,24.8
13400,38.367999999999995,24.8
13500,38.367999999999995,24.8
13600,38.367999999999995,24.8
13700,38.064,24.8
13800,38.064,24.8
13900,38.064,24.8
14000,38.064,24.8
14100,38.064,24.8
14200,38.064,24.8
14300,38.064,24.8
14400,38.064,24.8
14500,38.064,24.8
14600,38.064,24.8
14700,38.064,24.8
14800,38.064,24.8
14900,38.064,24.8
15000,38.064,24.8
15100,38.064,24.8
15200,38.064,24.8
15300,38.064,24.8
15400,38.064,24.8
15500,38.064,24.8
15600,38.064,24.8
15700,37.480000000000004,24.8
15800,37.480000000000004,24.8
15900,36.544000000000004,24.8
16000,36.544000000000004,24.8
16100,36.544000000000004,24.8
16200,36.544000000000004,24.8
16300,36.544000000000004,24.8
16400,36.440000000000005,24.8
16500,36.440000000000005,24.8
16600,36.440000000000005,24.8
16700,36.048,24.8
16800,36.048,24.8
16900,35.64,24.8
17000,35.64,24.8
17100,35.64,24.8
17200,35.64,24.8
17300,35.64,24.8
17400,35.64,24.8
17500,35.504000000000005,24.8
17600,35.504000000000005,24.8
17700,35.504000000000005,24.8
17800,35.504000000000005,24.8
17900,35.504000000000005,24.8
18000,35.504000000000005,24.8
18100,35.504000000000005,24.8
18200,35.504000000000005,24.8
18300,35.504000000000005,24.8
18400,35.504000000000005,24.8
18500,35.504000000000005,24.8
18600,35.504000000000005,24.8
18700,35.504000000000005,24.8
18800,35.504000000000005,24.8
18900,35.504000000000005,24.8
19000,35.504000000000005,24.8
19100,35.504000000000005,24.8
19200,35.504000000000005,24.8
19300,35.504000000000005,24.8
19400,35.104,24.6
19500,35.104,24.6
19600,35.104,24.6
19700,35.104,24.6
19800,35.104,24.6
19900,35.104,24.6
20000,35.104,24.6
20100,35.104,24.6
20200,35.104,24.6
20300,35.104,24.6
20400,35.104,24.6
20500,35.104,24.6
20600,35.104,24.6
20700,35.104,24.6
20800,35.104,24.6
20900,35.104,24.6
21000,35.104,24.6
21100,35.104,24.6
21200,34.70400000000001,24.6
21300,34.70400000000001,24.6
21400,34.70400000000001,24.6
21500,34.70400000000001,24.6
21600,34.70400000000001,24.6
21700,34.70400000000001,24.6
21800,34.70400000000001,24.6
21900,34.70400000000001,24.6
22000,34.70400000000001,24.6
22100,34.70400000000001,24.6
22200,34.70400000000001,24.6
22300,34.70400000000001,24.6
22400,34.70400000000001,24.6
22500,34.70400000000001,24.6
22600,33.896,24.4
22700,33.896,24.4
22800,33.896,24.4
22900,33.896,24.4
23000,33.896,24.4
23100,33.896,24.4
23200,33.896,24.4
23300,33.896,24.4
23400,33.263999999999996,24.6
23500,33.263999999999996,24.6
23600,33.263999999999996,24.6
23700,33.263999999999996,24.6
23800,33.263999999999996,24.6
23900,33.263999999999996,24.6
24000,33.263999999999996,24.6
24100,33.263999999999996,24.6
24200,33.263999999999996,24.6
24300,33.088,24.6
24400,33.088,24.6
24500,33.088,24.6
24600,33.088,24.6
24700,33.088,24.6
24800,33.088,24.6
24900,33.088,24.6
25000,33.088,24.6
25100,33.088,24.6
25200,33.088,24.6
25300,33.088,24.6
25400,33.088,24.6
25500,33.088,24.6
25600,33.088,24.6
25700,33.088,24.6
25800,33.088,24.6
25900,33.088,24.6
26000,33.088,24.6
26100,33.088,24.6
26200,33.088,24.6
26300,33.088,24.6
26400,33.088,24.6
26500,33.088,24.6
26600,33.088,24.6
26700,33.088,24.6
26800,33.088,24.6
26900,32.727999999999994,24.6
27000,32.727999999999994,24.6
27100,32.727999999999994,24.6
27200,32.727999999999994,24.6
27300,32.727999999999994,24.6
27400,32.727999999999994,24.6
27500,32.727999999999994,24.6
27600,32.727999999999994,24.6
27700,32.727999999999994,24.6
27800,32.727999999999994,24.6
27900,32.727999999999994,24.6
28000,32.727999999999994,24.6
28100,32.727999999999994,24.6
28200,32.727999999999994,24.6
28300,32.727999999999994,24.6
28400,32.727999999999994,24.6
28500,32.727999999999994,24.6
28600,32.727999999999994,24.6
28700,32.727999999999994,24.6
28800,32.65599999999999,24.6
28900,32.65599999999999,24.6
29000,32.65599999999999,24.6
29100,32.65599999999999,24.6
29200,32.65599999999999,24.6
29300,32.65599999999999,24.6
29400,32.65599999999999,24.6
29500,32.65599999999999,24.6
29600,32.208,24.6
29700,32.208,24.6
29800,32.208,24.6
29900,32.208,24.6
30000,32.208,24.6
30100,32.208,24.6
30200,31.855999999999995,24.6
30300,31.855999999999995,24.6
30400,31.128000000000004,24.6
30500,31.128000000000004,24.6
30600,30.912,24.6
30700,30.912,24.6
30800,30.912,24.6
30900,30.912,24.6
31000,30.912,24.6
31100,30.912,24.6
31200,30.912,24.6
31300,30.912,24.6
31400,30.912,24.6
31500,30.912,24.6
31600,30.912,24.6
31700,30.912,24.6
31800,30.912,24.6
31900,30.912,24.6
32000,30.912,24.6
32100,30.912,24.6
32200,30.912,24.6
32300,30.912,24.6
32400,30.912,24.6
32500,30.912,24.6
32600,30.912,24.6
32700,30.912,24.6
32800,30.912,24.6
32900,30.912,24.6
33000,30.912,24.6
33100,30.912,24.6
33200,30.912,24.6
33300,30.912,24.6
33400,30.912,24.6
33500,30.912,24.6
33600,30.808,24.6
33700,30.808,24.6
33800,30.808,24.6
33900,30.808,24.6
34000,30.808,24.6
34100,30.808,24.6
34200,30.808,24.6
34300,30.808,24.6
34400,30.488,24.6
34500,30.488,24.6
34600,30.488,24.6
34700,30.488,24.6
34800,30.488,24.6
34900,30.488,24.6
35000,30.488,24.6
35100,30.488,24.6
35200,30.488,24.6
35300,30.488,24.6
35400,30.488,24.6
35500,30.488,24.6
35600,30.488,24.6
35700,30.488,24.6
35800,30.488,24.6
35900,30.488,24.6
36000,30.488,24.6
36100,30.488,24.6
36200,30.488,24.6
36300,30.488,24.6
36400,30.488,24.6
36500,30.488,24.6
36600,30.488,24.6
36700,30.488,24.6
36800,30.488,24.6
36900,30.488,24.6
37000,30.488,24.6
37100,30.488,24.6
37200,30.488,24.6
37300,29.951999999999998,24.6
37400,29.951999999999998,24.6
37500,29.951999999999998,24.6
37600,29.951999999999998,24.6
37700,29.951999999999998,24.6
37800,29.951999999999998,24.6
37900,29.951999999999998,24.6
38000,29.951999999999998,24.6
38100,29.951999999999998,24.6
38200,29.951999999999998,24.6
38300,29.951999999999998,24.6
38400,29.951999999999998,24.6
38500,29.951999999999998,24.6
38600,29.951999999999998,24.6
38700,29.951999999999998,24.6
38800,29.951999999999998,24.6
38900,29.951999999999998,24.6
39000,29.951999999999998,24.6
39100,29.951999999999998,24.6
39200,29.951999999999998,24.6
39300,29.951999999999998,24.6
39400,29.951999999999998,24.6
39500,29.951999999999998,24.6
39600,29.951999999999998,24.6
39700,29.951999999999998,24.6
39800,29.951999999999998,24.6
39900,29.951999999999998,24.6
40000,29.951999999999998,24.6
40100,29.951999999999998,24.6
40200,29.951999999999998,24.6
40300,29.951999999999998,24.6
40400,29.951999999999998,24.6
40500,29.951999999999998,24.6
40600,29.496000000000002,24.6
40700,29.496000000000002,24.6
40800,29.496000000000002,24.6
40900,29.496000000000002,24.6
41000,29.496000000000002,24.6
41100,29.496000000000002,24.6
41200,29.496000000000002,24.6
41300,29.496000000000002,24.6
41400,29.496000000000002,24.6
41500,29.496000000000002,24.6
41600,29.496000000000002,24.6
41700,29.496000000000002,24.6
41800,29.496000000000002,24.6
41900,29.496000000000002,24.6
42000,29.496000000000002,24.6
42100,29.496000000000002,24.6
42200,29.496000000000002,24.6
42300,29.496000000000002,24.6
42400,29.496000000000002,24.6
42500,29.496000000000002,24.6
42600,29.496000000000002,24.6
42700,29.496000000000002,24.6
42800,29.496000000000002,24.6
42900,29.496000000000002,24.6
43000,29.496000000000002,24.6
43100,29.496000000000002,24.6
43200,29.496000000000002,24.6
43300,29.496000000000002,24.6
43400,29.496000000000002,24.6
43500,29.496000000000002,24.6
43600,29.496000000000002,24.6
43700,29.496000000000002,24.6
43800,29.496000000000002,24.6
43900,29.496000000000002,24.6
44000,29.496000000000002,24.6
44100,29.496000000000002,24.6
44200,29.496000000000002,24.6
44300,29.496000000000002,24.6
44400,29.496000000000002,24.6
44500,29.496000000000002,24.6
44600,29.496000000000002,24.6
44700,29.496000000000002,24.6
44800,29.496000000000002,24.6
44900,29.496000000000002,24.6
45000,29.496000000000002,24.6
45100,29.496000000000002,24.6
45200,29.496000000000002,24.6
45300,29.496000000000002,24.6
45400,29.496000000000002,24.6
45500,29.496000000000002,24.6
45600,29.496000000000002,24.6
45700,29.496000000000002,24.6
45800,29.496000000000002,24.6
45900,29.496000000000002,24.6
46000,29.496000000000002,24.6
46100,29.496000000000002,24.6
46200,29.496000000000002,24.6
46300,29.496000000000002,24.6
46400,29.496000000000002,24.6
46500,29.496000000000002,24.6
46600,29.496000000000002,24.6
46700,29.496000000000002,24.6
46800,29.496000000000002,24.6
46900,29.496000000000002,24.6
47000,29.496000000000002,24.6
47100,29.496000000000002,24.6
47200,29.496000000000002,24.6
47300,29.496000000000002,24.6
47400,29.496000000000002,24.6
47500,29.496000000000002,24.6
47600,29.496000000000002,24.6
47700,29.496000000000002,24.6
47800,29.496000000000002,24.6
47900,29.496000000000002,24.6
48000,29.496000000000002,24.6
48100,29.496000000000002,24.6
48200,29.496000000000002,24.6
48300,29.496000000000002,24.6
48400,29.496000000000002,24.6
48500,29.496000000000002,24.6
48600,29.496000000000002,24.6
48700,29.496000000000002,24.6
48800,29.496000000000002,24.6
48900,29.496000000000002,24.6
49000,29.496000000000002,24.6
49100,29.496000000000002,24.6
49200,29.496000000000002,24.6
49300,29.496000000000002,24.6
49400,29.496000000000002,24.6
49500,29.496000000000002,24.6
49600,29.496000000000002,24.6
49700,29.496000000000002,24.6
49800,29.496000000000002,24.6
49900,29.496000000000002,24.6
50000,29.496000000000002,24.6
50100,29.496000000000002,24.6
50200,29.496000000000002,24.6
50300,29.496000000000002,24.6
50400,29.496000000000002,24.6
50500,29.496000000000002,24.6
50600,29.496000000000002,24.6
50700,29.496000000000002,24.6
50800,29.496000000000002,24.6
50900,29.496000000000002,24.6
51000,29.496000000000002,24.6
51100,29.496000000000002,24.6
51200,29.496000000000002,24.6
51300,29.496000000000002,24.6
51400,29.496000000000002,24.6
51500,29.496000000000002,24.6
51600,29.496000000000002,24.6
51700,29.496000000000002,24.6
51800,29.496000000000002,24.6
51900,29.496000000000002,24.6
52000,29.496000000000002,24.6
52100,29.496000000000002,24.6
52200,29.496000000000002,24.6
52300,29.496000000000002,24.6
52400,29.496000000000002,24.6
52500,29.496000000000002,24.6
52600,29.496000000000002,24.6
52700,29.496000000000002,24.6
52800,29.496000000000002,24.6
52900,29.496000000000002,24.6
53000,29.496000000000002,24.6
53100,29.496000000000002,24.6
53200,29.496000000000002,24.6
53300,29.496000000000002,24.6
53400,29.496000000000002,24.6
53500,29.496000000000002,24.6
53600,29.496000000000002,24.6
53700,29.496000000000002,24.6
53800,29.496000000000002,24.6
53900,29.496000000000002,24.6
54000,29.496000000000002,24.6
54100,29.496000000000002,24.6
54200,29.496000000000002,24.6
54300,29.496000000000002,24.6
54400,29.496000000000002,24.6
54500,29.496000000000002,24.6
54600,29.4,24.6
54700,29.4,24.6
54800,29.4,24.6
54900,29.4,24.6
55000,29.4,24.6
55100,29.4,24.6
55200,29.4,24.6
55300,29.4,24.6
55400,29.4,24.6
55500,29.4,24.6
55600,29.4,24.6
55700,29.4,24.6
55800,29.4,24.6
55900,29.4,24.6
56000,29.4,24.6
56100,29.4,24.6
56200,29.4,24.6
56300,29.4,24.6
56400,29.4,24.6
56500,29.4,24.6
56600,29.4,24.6
56700,29.4,24.6
56800,29.4,24.6
56900,29.4,24.6
57000,29.4,24.6
57100,29.4,24.6
57200,29.4,24.6
57300,29.4,24.6
57400,29.4,24.6
57500,29.4,24.6
57600,29.4,24.6
57700,28.592000000000002,24.6
57800,28.592000000000002,24.6
57900,28.592000000000002,24.6
58000,28.592000000000002,24.6
58100,28.592000000000002,24.6
58200,28.592000000000002,24.6
58300,28.592000000000002,24.6
58400,28.592000000000002,24.6
58500,28.592000000000002,24.6
58600,28.592000000000002,24.6
58700,28.592000000000002,24.6
58800,28.407999999999998,24.6
58900,28.407999999999998,24.6
59000,28.407999999999998,24.6
59100,28.407999999999998,24.6
59200,28.407999999999998,24.6
59300,28.407999999999998,24.6
59400,28.407999999999998,24.6
59500,28.407999999999998,24.6
59600,28.407999999999998,24.6
59700,28.407999999999998,24.6
59800,28.407999999999998,24.6
59900,28.407999999999998,24.6
60000,28.407999999999998,24.6
60100,28.296000000000003,24.6
60200,28.296000000000003,24.6
60300,28.296000000000003,24.6
60400,28.296000000000003,24.6
60500,28.296000000000003,24.6
60600,28.296000000000003,24.6
60700,28.296000000000003,24.6
60800,28.296000000000003,24.6
60900,28.296000000000003,24.6
61000,28.296000000000003,24.6
61100,28.296000000000003,24.6
61200,28.296000000000003,24.6
61300,28.296000000000003,24.6
61400,27.839999999999996,24.6
61500,27.839999999999996,24.6
61600,27.839999999999996,24.6
61700,27.839999999999996,24.6
61800,27.839999999999996,24.6
61900,27.839999999999996,24.6
62000,27.839999999999996,24.6
62100,27.839999999999996,24.6
62200,27.839999999999996,24.6
62300,27.839999999999996,24.6
62400,27.839999999999996,24.6
62500,27.839999999999996,24.6
62600,27.839999999999996,24.6
62700,27.839999999999996,24.6
62800,27.839999999999996,24.6
62900,27.839999999999996,24.6
63000,27.824,24.6
63100,27.824,24.6
63200,27.824,24.6
63300,27.824,24.6
63400,27.824,24.6
63500,27.824,24.6
63600,27.824,24.6
63700,27.727999999999998,24.6
63800,27.727999999999998,24.6
63900,27.727999999999998,24.6
64000,27.727999999999998,24.6
64100,27.727999999999998,24.6
64200,27.727999999999998,24.6
64300,27.727999999999998,24.6
64400,27.583999999999996,24.6
64500,27.583999999999996,24.6
64600,27.583999999999996,24.6
64700,27.432,24.6
64800,27.432,24.6
64900,27.432,24.6
65000,27.432,24.6
65100,27.432,24.6
65200,27.432,24.6
65300,27.432,24.6
65400,27.432,24.6
65500,27.256,24.6
65600,27.256,24.6
65700,27.256,24.6
65800,27.256,24.6
65900,27.256,24.6
66000,27.256,24.6
66100,27.256,24.6
66200,27.256,24.6
66300,27.256,24.6
66400,27.168,24.6
66500,27.168,24.6
66600,27.168,24.6
66700,27.168,24.6
66800,27.168,24.6
66900,27.168,24.6
67000,27.168,24.6
67100,27.168,24.6
67200,27.168,24.6
67300,27.168,24.6
67400,27.168,24.6
67500,27.168,24.6
67600,27.168,24.6
67700,27.168,24.6
67800,27.168,24.6
67900,27.168,24.6
68000,27.168,24.6
68100,27.168,24.6
68200,27.168,24.6
68300,27.168,24.6
68400,27.168,24.6
68500,27.168,24.6
68600,27.168,24.6
68700,27.168,24.6
68800,27.168,24.6
68900,27.168,24.6
69000,27.168,24.6
69100,27.168,24.6
69200,27.168,24.6
69300,27.168,24.6
69400,27.168,24.6
69500,27.168,24.6
69600,27.168,24.6
69700,27.168,24.6
69800,27.168,24.6
69900,27.168,24.6
70000,27.168,24.6
70100,27.168,24.6
70200,27.168,24.6
70300,27.168,24.6
70400,27.168,24.6
70500,27.168,24.6
70600,27.168,24.6
70700,27.168,24.6
70800,27.168,24.6
70900,27.168,24.6
71000,27.168,24.6
71100,27.168,24.6
71200,27.168,24.6
71300,27.168,24.6
71400,27.04,24.6
71500,27.04,24.6
71600,27.04,24.6
71700,27.04,24.6
71800,27.04,24.6
71900,27.04,24.6
72000,27.04,24.6
72100,27.04,24.6
72200,27.04,24.6
72300,27.04,24.6
72400,27.04,24.6
72500,27.04,24.6
72600,27.04,24.6
72700,27.04,24.6
72800,27.04,24.6
72900,27.04,24.6
73000,27.04,24.6
73100,27.04,24.6
73200,27.04,24.6
73300,27.04,24.6
73400,27.04,24.6
73500,27.04,24.6
73600,27.04,24.6
73700,27.04,24.6
73800,27.04,24.6
73900,27.04,24.6
74000,27.04,24.6
74100,27.04,24.6
74200,27.04,24.6
74300,27.04,24.6
74400,27.04,24.6
74500,27.04,24.6
74600,27.04,24.6
74700,27.04,24.6
74800,27.04,24.6
74900,27.04,24.6
75000,27.04,24.6
75100,27.04,24.6
75200,27.04,24.6
75300,27.04,24.6
75400,27.04,24.6
75500,27.04,24.6
75600,27.04,24.6
75700,27.04,24.6
75800,27.04,24.6
75900,27.04,24.6
76000,27.04,24.6
76100,27.04,24.6
76200,27.04,24.6
76300,27.04,24.6
76400,27.04,24.6
76500,27.04,24.6
76600,27.04,24.6
76700,27.04,24.6
76800,27.04,24.6
76900,27.04,24.6
77000,27.04,24.6
77100,27.04,24.6
77200,27.04,24.6
77300,27.04,24.6
77400,27.04,24.6
77500,27.04,24.6
77600,27.04,24.6
77700,27.04,24.6
77800,27.04,24.6
77900,27.04,24.6
78000,27.04,24.6
78100,27.04,24.6
78200,27.04,24.6
78300,27.04,24.6
78400,27.04,24.6
78500,27.04,24.6
78600,27.04,24.6
78700,27.04,24.6
78800,27.04,24.6
78900,27.04,24.6
79000,27.04,24.6
79100,27.04,24.6
79200,27.04,24.6
79300,27.04,24.6
79400,27.04,24.6
79500,27.04,24.6
79600,27.04,24.6
79700,27.04,24.6
79800,27.04,24.6
79900,27.04,24.6
80000,27.04,24.6
80100,27.04,24.6
80200,27.04,24.6
80300,27.04,24.6
80400,27.04,24.6
80500,27.04,24.6
80600,27.04,24.6
80700,27.04,24.6
80800,27.04,24.6
80900,27.04,24.6
81000,27.04,24.6
81100,27.04,24.6
81200,27.04,24.6
81300,27.04,24.6
81400,27.04,24.6
81500,27.04,24.6
81600,27.04,24.6
81700,27.04,24.6
81800,27.04,24.6
81900,27.04,24.6
82000,27.04,24.6
82100,27.04,24.6
82200,27.04,24.6
82300,27.04,24.6
82400,27.04,24.6
82500,27.04,24.6
82600,27.04,24.6
82700,27.04,24.6
82800,27.04,24.6
82900,27.04,24.6
83000,27.04,24.6
83100,27.04,24.6
83200,27.04,24.6
83300,27.04,24.6
83400,27.04,24.6
83500,27.04,24.6
83600,27.04,24.6
83700,27.04,24.6
83800,27.04,24.6
83900,27.04,24.6
84000,26.512,24.6
84100,26.512,24.6
84200,26.512,24.6
84300,26.512,24.6
84400,26.512,24.6
84500,26.512,24.6
84600,26.512,24.6
84700,26.512,24.6
84800,26.512,24.6
84900,26.512,24.6
85000,26.512,24.6
85100,26.512,24.6
85200,26.512,24.6
85300,26.512,24.6
85400,26.512,24.6
85500,26.512,24.6
85600,26.512,24.6
85700,26.512,24.6
85800,26.512,24.6
85900,26.512,24.6
86000,26.512,24.6
86100,26.512,24.6
86200,26.512,24.6
86300,26.512,24.6
86400,26.512,24.6
86500,26.512,24.6
86600,26.512,24.6
86700,26.512,24.6
86800,26.512,24.6
86900,26.512,24.6
87000,26.512,24.6
87100,26.512,24.6
87200,26.512,24.6
87300,26.512,24.6
87400,26.512,24.6
87500,26.512,24.6
87600,26.512,24.6
87700,26.512,24.6
87800,26.512,24.6
87900,26.512,24.6
88000,26.512,24.6
88100,26.512,24.6
88200,26.512,24.6
88300,26.512,24.6
88400,26.512,24.6
88500,26.512,24.6
88600,26.512,24.6
88700,26.512,24.6
88800,26.512,24.6
88900,26.512,24.6
89000,26.512,24.6
89100,26.512,24.6
89200,26.512,24.6
89300,26.512,24.6
89400,26.512,24.6
89500,26.512,24.6
89600,26.512,24.6
89700,26.512,24.6
89800,26.512,24.6
89900,26.512,24.6
90000,26.512,24.6
90100,26.512,24.6
90200,26.512,24.6
90300,26.512,24.6
90400,26.512,24.6
90500,26.512,24.6
90600,26.512,24.6
90700,26.512,24.6
90800,26.512,24.6
90900,26.512,24.6
91000,26.512,24.6
91100,26.512,24.6
91200,26.512,24.6
91300,26.512,24.6
91400,26.512,24.6
91500,26.512,24.6
91600,26.512,24.6
91700,26.512,24.6
91800,26.512,24.6
91900,26.512,24.6
92000,26.512,24.6
92100,26.512,24.6
92200,26.512,24.6
92300,26.512,24.6
92400,26.512,24.6
92500,26.512,24.6
92600,26.512,24.6
92700,26.512,24.6
92800,26.512,24.6
92900,26.512,24.6
93000,26.512,24.6
93100,26.512,24.6
93200,26.512,24.6
93300,26.512,24.6
93400,26.512,24.6
93500,26.512,24.6
93600,26.512,24.6
93700,26.512,24.6
93800,26.512,24.6
93900,26.512,24.6
94000,26.512,24.6
94100,26.512,24.6
94200,26.512,24.6
94300,26.512,24.6
94400,26.512,24.6
94500,26.512,24.6
94600,26.512,24.6
94700,26.512,24.6
94800,26.512,24.6
94900,26.512,24.6
95000,26.512,24.6
95100,26.512,24.6
95200,26.512,24.6
95300,26.512,24.6
95400,26.512,24.6
95500,26.512,24.6
95600,26.512,24.6
95700,26.512,24.6
95800,26.512,24.6
95900,26.512,24.6
96000,26.512,24.6
96100,26.447999999999997,24.6
96200,26.447999999999997,24.6
96300,26.447999999999997,24.6
96400,26.447999999999997,24.6
96500,26.447999999999997,24.6
96600,26.447999999999997,24.6
96700,26.447999999999997,24.6
96800,26.447999999999997,24.6
96900,26.447999999999997,24.6
97000,26.447999999999997,24.6
97100,26.447999999999997,24.6
97200,26.447999999999997,24.6
97300,26.447999999999997,24.6
97400,26.447999999999997,24.6
97500,26.447999999999997,24.6
97600,26.447999999999997,24.6
97700,26.447999999999997,24.6
97800,26.447999999999997,24.6
97900,26.447999999999997,24.6
98000,26.447999999999997,24.6
98100,26.447999999999997,24.6
98200,26.447999999999997,24.6
98300,26.447999999999997,24.6
98400,26.447999999999997,24.6
98500,26.447999999999997,24.6
98600,26.447999999999997,24.6
98700,26.447999999999997,24.6
98800,26.447999999999997,24.6
98900,26.447999999999997,24.6
99000,26.447999999999997,24.6
99100,26.447999999999997,24.6
99200,26.447999999999997,24.6
99300,26.447999999999997,24.6
99400,26.447999999999997,24.6
99500,26.447999999999997,24.6
99600,26.2,24.6
99700,26.2,24.6
99800,26.2,24.6
99900,26.2,24.6
99999,26.2,24.6

START ALGORITHM
h6: (a54 + a21 + a25) * (-b45 - b51 - b34)
h7: (a23 + a23 - a34) * (b33 + b44 + b12 + b21 + b35 - b24 - b13 - b51 - b42)
h8: (-a15 - a13 - a25) * (b31 + b44 - b13 - b23)
h10: (a51 - a31 - a32 - a22) * (b31 - b53 - b41)
h13: (-a12) * (-b15)
h22: (a51 - a22) * (b42 + b13 + b13 + b54 - b54)
h26: (a32 - a45 - a43) * (b44 + b25 + b13 - b33)
h31: (-a54) * (b13 + b11 + b41 + b54 + b12 + b51)
h34: (-a15) * (-b11 - b42)
h54: (a52) * (b24 - b42)
h56: (a44 + a21 - a34) * (b11 + b31 + b31 + b44 + b45 + b31 + b52 + b55 - b52 - b54 - b21 - b32 - b51)
h58: (a12 + a24 + a44 + a24 + a13) * (b52 + b55 + b45 + b22 + b45 - b11 - b35 - b13 - b44 - b54)
h60: (a22 + a12 - a52 - a42 - a12) * (-b25 - b24 - b22)
h64: (a21) * (b53 + b11 + b22 + b44 + b15 + b31 + b13 + b11 - b53 - b11 - b12 - b25 - b11 - b34 - b41)
h70: (a23 + a52 - a45) * (b41 + b34 - b15 - b32)
h75: (a44) * (b32 + b15 + b13 + b13 + b13 - b14 - b12)
h86: (-a55) * (b11 + b23 + b35 + b32 + b51 + b52 + b44 + b24 + b25 - b13 - b11 - b44 - b23 - b25 - b25)
h90: (a35 - a42) * (b23)
h91: (a41) * (b33 - b34 - b43 - b41)
h95: (a32) * (b52 - b34)
h96: (-a53) * (b25 + b54 + b12 + b22 + b41 + b11 - b44 - b41 - b55 - b32 - b53)
h108: (a43 + a33) * (b25 - b51 - b33)
h112: (a22 - a12) * (-b44 - b52)
h116: (-a32) * (b24 - b55 - b14 - b42 - b43)
h125: (a44 + a44 + a33 + a35 - a43) * (b23 + b15 - b53 - b54)
h127: (a43) * (b44 - b34)
h128: (a35 - a12 - a15) * (b41 + b33 + b44 - b45 - b13 - b54 - b12 - b33)
h133: (a12 + a23) * (b42 - b32)
h134: (-a55) * (-b43 - b25)
h137: (a13) * (-b15)
h138: (a13 - a51 - a53) * (b43 + b13 - b12)
h155: (a51 - a14) * (b52)
h158: (a33 + a52 + a13 + a41 - a31) * (b13 + b24 + b24 + b12 - b32 - b21 - b22 - b44 - b25 - b32 - b12 - b54 - b44)
h167: (a21) * (b32 + b34 + b32 + b41 - b53 - b41 - b12 - b44 - b52 - b54 - b44 - b25 - b22)
h181: (-a34 - a32) * (b14)
h189: (-a55 - a15) * (b55 + b21 + b51 + b52 - b24 - b51 - b44 - b42)
h190: (a45 + a24 - a11 - a52 - a35 - a32 - a45) * (b32 + b32 + b54 + b33 - b35)
h197: (-a23 - a23) * (-b24 - b34)
h230: (-a42 - a32) * (-b24 - b33)
h622: (a23) * (b12 + b54 - b44)
h651: (a25 + a33 - a51 - a13) * (b31 - b21)
h709: (a45 + a22 + a34) * (b35 + b51 - b35 - b43)
h1098: (a31) * (b55 - b24 - b14)
h1448: (a23) * (b35 - b25)
h4641: (a52 + a22 + a15 - a22 - a53) * (b23 - b25)
h5292: (-a42 - a35) * (b54 - b12 - b12 - b53 - b13 - b32)
h11389: (a15) * (b41 + b52 - b42 - b43)
h28815: (a13 + a21 + a31 + a54 + a35 + a32 + a22 + a53 - a54 - a33 - a35 - a42) * (b55 + b14 - b12 - b11 - b54 - b15)
h29315: (a45 + a45 + a44 + a13 + a43 + a45 + a12 - a15 - a45 - a44 - a42 - a22 - a24 - a34) * (b53 - b22 - b34 - b21)
h32090: (a54 - a11) * (-b52)
h32301: (a45) * (b21 - b21 - b13 - b22 - b21)
h41842: (a42 + a21 + a24 - a13 - a43 - a25) * (-b15)
h49794: (-a41) * (b41 + b43 + b42 - b52 - b35)
c11: h112 - h13 - h127 
c12: h128 + h32090 
c13: - h29315 - h41842 
c14: h651 + h70 - h10 - h7 
c15: h134 - h197 
c21: h90 + h189 + h32301 
c22: - h26 - h1098 
c23: h58 
c24: h96 - h28815 
c25: h1098 - h709 - h4641 
c31: h116 + h90 + h86 + h125 + h137 + h34 + h181 - h133 
c32: h189 + h112 + h96 
c33: h6 + h5292 
c34: h31 + h134 + h108 - h189 - h622 - h651 
c35: h190 + h22 + h651 - h64 - h155 
c41: h56 + h128 - h11389 
c42: h138 + h230 + h167 - h91 
c43: h158 - h1448 
c44: h70 + h108 
c45: h54 + h60 - h75 - h8 - h49794 
c51: h128 
c52: h197 
c53: h54 
c54: h116 
c55: h95 - h64 
