0,148.096,25
100,110.32000000000001,25
200,89.22399999999999,25
300,77.98400000000001,25
400,71.536,24.8
500,68.50399999999999,24.8
600,62.44,24.4
700,61.624,24.4
800,60.303999999999995,24.4
900,59.056,24
1000,55.38399999999999,24
1100,53.720000000000006,24.2
1200,51.48,24.2
1300,49.175999999999995,24.2
1400,47.648,24.2
1500,44.544,24
1600,43.544,24
1700,43.544,24
1800,42.303999999999995,24
1900,42.272000000000006,24
2000,42.272000000000006,24
2100,42.272000000000006,24
2200,41.336,24
2300,41.336,24
2400,40.88,24
2500,40.536,24.2
2600,39.864000000000004,24.2
2700,39.864000000000004,24.2
2800,39.528000000000006,24
2900,39.528000000000006,24
3000,39.528000000000006,24
3100,39.504000000000005,24
3200,39.504000000000005,24
3300,39.504000000000005,24
3400,39.504000000000005,24
3500,39.504000000000005,24
3600,39.504000000000005,24
3700,39.239999999999995,24
3800,39.239999999999995,24
3900,39.239999999999995,24
4000,39.239999999999995,24
4100,39.239999999999995,24
4200,39.239999999999995,24
4300,39.239999999999995,24
4400,39.239999999999995,24
4500,39.239999999999995,24
4600,39.239999999999995,24
4700,39.104,24
4800,38.696,24
4900,38.696,24
5000,38.696,24
5100,38.696,24
5200,37.872,24
5300,37.872,24
5400,37.792,24.2
5500,37.768,24.2
5600,37.65599999999999,24.2
5700,37.464,24.2
5800,37.464,24.2
5900,37.464,24.2
6000,37.464,24.2
6100,37.4,24.2
6200,37.4,24.2
6300,37.4,24.2
6400,37.4,24.2
6500,37.4,24.2
6600,37.4,24.2
6700,37.4,24.2
6800,37.4,24.2
6900,37.4,24.2
7000,37.4,24.2
7100,37.4,24.2
7200,37.4,24.2
7300,37.4,24.2
7400,37.4,24.2
7500,37.4,24.2
7600,37.4,24.2
7700,37.16799999999999,24.2
7800,37.16799999999999,24.2
7900,35.32,24.2
8000,35.32,24.2
8100,35.32,24.2
8200,35.32,24.2
8300,34.688,24.2
8400,34.688,24.2
8500,34.688,24.2
8600,34.687999999999995,24.2
8700,34.687999999999995,24.2
8800,34.687999999999995,24.2
8900,34.687999999999995,24.2
9000,34.687999999999995,24.2
9100,34.687999999999995,24.2
9200,34.687999999999995,24.2
9300,34.687999999999995,24.2
9400,34.687999999999995,24.2
9500,34.687999999999995,24.2
9600,34.480000000000004,24.2
9700,33.912,24.2
9800,33.912,24.2
9900,33.912,24.2
10000,33.912,24.2
10100,33.912,24.2
10200,33.912,24.2
10300,33.912,24.2
10400,33.912,24.2
10500,33.912,24.2
10600,33.912,24.2
10700,33.912,24.2
10800,33.912,24.2
10900,33.912,24.2
11000,33.912,24.2
11100,33.912,24.2
11200,33.912,24.2
11300,33.912,24.2
11400,33.912,24.2
11500,33.912,24.2
11600,33.912,24.2
11700,33.736000000000004,24.4
11800,33.736000000000004,24.4
11900,33.696000000000005,24.4
12000,33.696000000000005,24.4
12100,33.136,24.4
12200,33.136,24.4
12300,33.136,24.4
12400,33.136,24.4
12500,33.136,24.4
12600,33.136,24.4
12700,33.136,24.4
12800,33.136,24.4
12900,33.136,24.4
13000,33.136,24.4
13100,33.136,24.4
13200,32.304,24.4
13300,32.304,24.4
13400,32.304,24.4
13500,32.304,24.4
13600,32.304,24.4
13700,32.224000000000004,24.4
13800,32.224000000000004,24.4
13900,32.224000000000004,24.4
14000,32.224000000000004,24.4
14100,32.224000000000004,24.4
14200,31.752,24.4
14300,31.752,24.4
14400,31.752,24.4
14500,31.752,24.4
14600,31.752,24.4
14700,31.752,24.4
14800,31.752,24.4
14900,31.752,24.4
15000,31.752,24.4
15100,31.752,24.4
15200,31.752,24.4
15300,31.752,24.4
15400,31.752,24.4
15500,31.752,24.4
15600,31.752,24.4
15700,31.752,24.4
15800,31.752,24.4
15900,31.752,24.4
16000,31.752,24.4
16100,31.752,24.4
16200,31.752,24.4
16300,31.752,24.4
16400,31.752,24.4
16500,31.752,24.4
16600,31.752,24.4
16700,31.752,24.4
16800,31.752,24.4
16900,31.752,24.4
17000,31.752,24.4
17100,31.752,24.4
17200,31.752,24.4
17300,31.752,24.4
17400,31.752,24.4
17500,31.752,24.4
17600,31.752,24.4
17700,31.752,24.4
17800,31.752,24.4
17900,31.752,24.4
18000,31.752,24.4
18100,31.752,24.4
18200,31.752,24.4
18300,31.752,24.4
18400,31.752,24.4
18500,31.752,24.4
18600,31.327999999999996,24.6
18700,31.327999999999996,24.6
18800,31.327999999999996,24.6
18900,31.327999999999996,24.6
19000,31.327999999999996,24.6
19100,31.327999999999996,24.6
19200,31.304000000000002,24.6
19300,31.24,24.6
19400,31.24,24.6
19500,31.24,24.6
19600,31.160000000000004,24.6
19700,31.160000000000004,24.6
19800,31.160000000000004,24.6
19900,31.160000000000004,24.6
20000,31.160000000000004,24.6
20100,31.160000000000004,24.6
20200,31.160000000000004,24.6
20300,31.160000000000004,24.6
20400,31.160000000000004,24.6
20500,31.160000000000004,24.6
20600,31.160000000000004,24.6
20700,31.160000000000004,24.6
20800,31.160000000000004,24.6
20900,31.160000000000004,24.6
21000,30.727999999999998,24.6
21100,30.727999999999998,24.6
21200,30.727999999999998,24.6
21300,30.704,24.6
21400,30.704,24.6
21500,30.704,24.6
21600,30.704,24.6
21700,30.704,24.6
21800,30.704,24.6
21900,30.704,24.6
22000,30.704,24.6
22100,30.528,24.6
22200,30.528,24.6
22300,30.528,24.6
22400,30.528,24.6
22500,30.528,24.6
22600,30.488,24.6
22700,30.488,24.6
22800,30.04,24.6
22900,30.04,24.6
23000,30.04,24.6
23100,30.04,24.6
23200,30.04,24.6
23300,30.04,24.6
23400,30.04,24.6
23500,30.04,24.6
23600,30.04,24.6
23700,30.04,24.6
23800,30.04,24.6
23900,30.04,24.6
24000,30.04,24.6
24100,30.04,24.6
24200,30.04,24.6
24300,30.04,24.6
24400,30.04,24.6
24500,30.04,24.6
24600,30.04,24.6
24700,30.04,24.6
24800,30.04,24.6
24900,30.04,24.6
25000,30.04,24.6
25100,30.04,24.6
25200,30.04,24.4
25300,30.04,24.4
25400,30.04,24.4
25500,30.04,24.4
25600,30.04,24.4
25700,30.032000000000004,24.4
25800,29.528,24.4
25900,29.528,24.4
26000,29.504,24.6
26100,29.504,24.6
26200,29.504,24.6
26300,29.504,24.6
26400,29.224,24.6
26500,28.815999999999995,24.6
26600,28.815999999999995,24.6
26700,28.815999999999995,24.6
26800,28.815999999999995,24.6
26900,28.815999999999995,24.6
27000,28.815999999999995,24.6
27100,28.815999999999995,24.6
27200,28.815999999999995,24.6
27300,28.815999999999995,24.6
27400,28.815999999999995,24.6
27500,28.815999999999995,24.6
27600,28.456,24.6
27700,28.456,24.6
27800,28.456,24.6
27900,28.456,24.6
28000,28.456,24.6
28100,28.456,24.6
28200,28.456,24.6
28300,28.456,24.6
28400,28.456,24.6
28500,28.456,24.6
28600,28.375999999999998,24.2
28700,28.375999999999998,24.2
28800,28.375999999999998,24.2
28900,28.375999999999998,24.2
29000,28.375999999999998,24.2
29100,28.272000000000002,24.2
29200,28.272000000000002,24.2
29300,28.272000000000002,24.2
29400,28.272000000000002,24.2
29500,28.272000000000002,24.2
29600,28.272000000000002,24.2
29700,28.272000000000002,24.2
29800,28.272000000000002,24.2
29900,27.96,24.2
30000,27.96,24.2
30100,27.96,24.2
30200,27.96,24.2
30300,27.96,24.2
30400,27.96,24.2
30500,27.96,24.2
30600,27.96,24.2
30700,27.96,24.2
30800,27.919999999999998,24
30900,27.919999999999998,24
31000,27.919999999999998,24
31100,27.919999999999998,24
31200,27.919999999999998,24
31300,27.919999999999998,24
31400,27.919999999999998,24
31500,27.919999999999998,24
31600,27.919999999999998,24
31700,27.919999999999998,24
31800,27.919999999999998,24
31900,27.919999999999998,24
32000,27.919999999999998,24
32100,27.919999999999998,24
32200,27.919999999999998,24
32300,27.919999999999998,24
32400,27.919999999999998,24
32500,27.727999999999998,24
32600,27.727999999999998,24
32700,27.727999999999998,24
32800,27.727999999999998,24
32900,27.727999999999998,24
33000,27.727999999999998,24
33100,27.727999999999998,24
33200,27.727999999999998,24
33300,27.528,24
33400,27.528,24
33500,27.528,24
33600,27.528,24
33700,27.528,24
33800,27.528,24
33900,27.528,24
34000,27.528,24
34100,27.528,24
34200,27.528,24
34300,27.528,24
34400,27.528,24
34500,27.528,24
34600,27.528,24
34700,27.528,24
34800,27.528,24
34900,27.528,24
35000,27.504,23.8
35100,27.2,23.8
35200,27.2,23.8
35300,27.2,23.8
35400,27.2,23.8
35500,27.2,23.8
35600,27.2,23.8
35700,27.2,23.8
35800,27.2,23.8
35900,27.2,23.8
36000,27.2,23.8
36100,27.2,23.8
36200,27.2,23.8
36300,27.2,23.8
36400,27.2,23.8
36500,27.048000000000002,24
36600,27.048000000000002,24
36700,27.048000000000002,24
36800,27.048000000000002,24
36900,27.048000000000002,24
37000,27.048000000000002,24
37100,27.048000000000002,24
37200,27.048000000000002,24
37300,27.048000000000002,24
37400,27.048000000000002,24
37500,27.048000000000002,24
37600,27.048000000000002,24
37700,27.048000000000002,24
37800,27.048000000000002,24
37900,27.048000000000002,24
38000,27.048000000000002,24
38100,27.048000000000002,24
38200,27.048000000000002,24
38300,27.048000000000002,24
38400,27.048000000000002,24
38500,27.048000000000002,24
38600,27.048000000000002,24
38700,27.048000000000002,24
38800,27.048000000000002,24
38900,27.048000000000002,24
39000,27.048000000000002,24
39100,27.048000000000002,24
39200,27.048000000000002,24
39300,27.048000000000002,24
39400,27.048000000000002,24
39500,27.048000000000002,24
39600,27.048000000000002,24
39700,27.048000000000002,24
39800,27.048000000000002,24
39900,27.048000000000002,24
40000,27.048000000000002,24
40100,27.048000000000002,24
40200,27.048000000000002,24
40300,27.048000000000002,24
40400,27.048000000000002,24
40500,27.048000000000002,24
40600,27.048000000000002,24
40700,27.048000000000002,24
40800,27.048000000000002,24
40900,27.048000000000002,24
41000,27.048000000000002,24
41100,27.048000000000002,24
41200,26.863999999999997,24
41300,26.863999999999997,24
41400,26.863999999999997,24
41500,26.863999999999997,24
41600,26.863999999999997,24
41700,26.863999999999997,24
41800,26.839999999999996,24
41900,26.816000000000003,24
42000,26.816000000000003,24
42100,26.816000000000003,24
42200,26.816000000000003,24
42300,26.816000000000003,24
42400,26.816000000000003,24
42500,26.816000000000003,24
42600,26.816000000000003,24
42700,26.816000000000003,24
42800,26.816000000000003,24
42900,26.816000000000003,24
43000,26.816000000000003,24
43100,26.816000000000003,24
43200,26.816000000000003,24
43300,26.816000000000003,24
43400,26.76,24
43500,26.76,24
43600,26.76,24
43700,26.76,24
43800,26.76,24
43900,26.76,24
44000,26.76,24
44100,26.76,24
44200,26.76,24
44300,26.76,24
44400,26.76,24
44500,26.76,24
44600,26.76,24
44700,26.76,24
44800,26.76,24
44900,26.464,24
45000,26.432,24
45100,26.432,24
45200,26.432,24
45300,26.432,24
45400,26.432,24
45500,26.432,24
45600,26.432,24
45700,26.432,24
45800,26.432,24
45900,26.432,24
46000,26.432,24
46100,26.432,24
46200,26.432,24
46300,26.432,24
46400,26.432,24
46500,26.432,24
46600,26.432,24
46700,26.432,24
46800,26.432,24
46900,26.432,24
47000,26.016,23.8
47100,26.016,23.8
47200,26.016,23.8
47300,26.016,23.8
47400,26.016,23.8
47500,26.016,23.8
47600,26.016,23.8
47700,26.016,23.8
47800,26.016,23.8
47900,26.016,23.8
48000,26.016,23.8
48100,26.016,23.8
48200,26.016,23.8
48300,26.016,23.8
48400,26.016,23.8
48500,26.016,23.8
48600,26.016,23.8
48700,26.016,23.8
48800,26.016,23.8
48900,26.016,23.8
49000,26.016,23.8
49100,26.016,23.8
49200,26.016,23.8
49300,26.016,23.8
49400,26.016,23.8
49500,26.016,23.8
49600,26.016,23.8
49700,26.016,23.8
49800,26.016,23.8
49900,26.016,23.8
50000,26.016,23.8
50100,26.016,23.8
50200,26.016,23.8
50300,26.016,23.8
50400,25.951999999999998,23.8
50500,25.951999999999998,23.8
50600,25.951999999999998,23.8
50700,25.951999999999998,23.8
50800,25.951999999999998,23.8
50900,25.951999999999998,23.8
51000,25.951999999999998,23.8
51100,25.951999999999998,23.8
51200,25.951999999999998,23.8
51300,25.951999999999998,23.8
51400,25.951999999999998,23.8
51500,25.951999999999998,23.8
51600,25.951999999999998,23.8
51700,25.951999999999998,23.8
51800,25.951999999999998,23.8
51900,25.951999999999998,23.8
52000,25.951999999999998,23.8
52100,25.951999999999998,23.8
52200,25.951999999999998,23.8
52300,25.951999999999998,23.8
52400,25.536,23.8
52500,25.536,23.8
52600,25.536,23.8
52700,25.536,23.8
52800,25.536,23.8
52900,25.536,23.8
53000,25.536,23.8
53100,25.536,23.8
53200,25.536,23.8
53300,25.536,23.8
53400,25.536,23.8
53500,25.536,23.8
53600,25.536,23.8
53700,25.536,23.8
53800,25.536,23.8
53900,25.536,23.8
54000,25.536,23.8
54100,25.536,23.8
54200,25.536,23.8
54300,25.536,23.8
54400,25.536,23.8
54500,25.536,23.8
54600,25.536,23.8
54700,25.536,23.8
54800,25.536,23.8
54900,25.536,23.8
55000,25.536,23.8
55100,25.536,23.8
55200,25.536,23.8
55300,25.536,23.8
55400,25.536,23.8
55500,25.536,23.8
55600,25.536,23.8
55700,25.536,23.8
55800,25.536,23.8
55900,25.536,23.8
56000,25.536,23.8
56100,25.536,23.8
56200,25.536,23.8
56300,25.536,23.8
56400,25.536,23.8
56500,25.536,23.8
56600,25.536,23.8
56700,25.536,23.8
56800,25.536,23.8
56900,25.536,23.8
57000,25.536,23.8
57100,25.536,23.8
57200,25.080000000000002,23.8
57300,25.080000000000002,23.8
57400,25.080000000000002,23.8
57500,25.080000000000002,23.8
57600,25.000000000000004,23.8
57700,25.000000000000004,23.8
57800,25.000000000000004,23.8
57900,25.000000000000004,23.8
58000,25.000000000000004,23.8
58100,25.000000000000004,23.8
58200,25.000000000000004,23.8
58300,25.000000000000004,23.8
58400,25.000000000000004,23.8
58500,25.000000000000004,23.8
58600,25.000000000000004,23.8
58700,25.000000000000004,23.8
58800,25.000000000000004,23.8
58900,25.000000000000004,23.8
59000,25.000000000000004,23.8
59100,25.000000000000004,23.8
59200,25.000000000000004,23.8
59300,25.000000000000004,23.8
59400,25.000000000000004,23.8
59500,25.000000000000004,23.8
59600,25.000000000000004,23.8
59700,25.000000000000004,23.8
59800,25.000000000000004,23.8
59900,25.000000000000004,23.8
60000,25.000000000000004,23.8
60100,25.000000000000004,23.8
60200,25.000000000000004,23.8
60300,25.000000000000004,23.8
60400,25.000000000000004,23.8
60500,25.000000000000004,23.8
60600,25.000000000000004,23.8
60700,25.000000000000004,23.8
60800,25.000000000000004,23.8
60900,25.000000000000004,23.8
61000,25.000000000000004,23.8
61100,25.000000000000004,23.8
61200,25.000000000000004,23.8
61300,25.000000000000004,23.8
61400,25.000000000000004,23.8
61500,25.000000000000004,23.8
61600,25.000000000000004,23.8
61700,25.000000000000004,23.8
61800,25.000000000000004,23.8
61900,25.000000000000004,23.8
62000,25.000000000000004,23.8
62100,25.000000000000004,23.8
62200,25.000000000000004,23.8
62300,25.000000000000004,23.8
62400,25.000000000000004,23.8
62500,25.000000000000004,23.8
62600,25.000000000000004,23.8
62700,25.000000000000004,23.8
62800,25.000000000000004,23.8
62900,25.000000000000004,23.8
63000,25.000000000000004,23.8
63100,25.000000000000004,23.8
63200,25.000000000000004,23.8
63300,25.000000000000004,23.8
63400,25.000000000000004,23.8
63500,25.000000000000004,23.8
63600,25.000000000000004,23.8
63700,25.000000000000004,23.8
63800,25.000000000000004,23.8
63900,25.000000000000004,23.8
64000,25.000000000000004,23.8
64100,25.000000000000004,23.8
64200,25.000000000000004,23.8
64300,25.000000000000004,23.8
64400,25.000000000000004,23.8
64500,25.000000000000004,23.8
64600,25.000000000000004,23.8
64700,25.000000000000004,23.8
64800,25.000000000000004,23.8
64900,25.000000000000004,23.8
65000,25.000000000000004,23.8
65100,25.000000000000004,23.8
65200,25.000000000000004,23.8
65300,25.000000000000004,23.8
65400,25.000000000000004,23.8
65500,25.000000000000004,23.8
65600,25.000000000000004,23.8
65700,25.000000000000004,23.8
65800,25.000000000000004,23.8
65900,25.000000000000004,23.8
66000,25.000000000000004,23.8
66100,25.000000000000004,23.8
66200,25.000000000000004,23.8
66300,25.000000000000004,23.8
66400,25.000000000000004,23.8
66500,25.000000000000004,23.8
66600,25.000000000000004,23.8
66700,25.000000000000004,23.8
66800,25.000000000000004,23.8
66900,25.000000000000004,23.8
67000,25.000000000000004,23.8
67100,25.000000000000004,23.8
67200,25.000000000000004,23.8
67300,25.000000000000004,23.8
67400,25.000000000000004,23.8
67500,25.000000000000004,23.8
67600,24.688,23.8
67700,24.688,23.8
67800,24.688,23.8
67900,24.688,23.8
68000,24.688,23.8
68100,24.688,23.8
68200,24.688,23.8
68300,24.152000000000005,23.8
68400,24.152000000000005,23.8
68500,24.152000000000005,23.8
68600,24.152000000000005,23.8
68700,24.152000000000005,23.8
68800,24.152000000000005,23.8
68900,24.152000000000005,23.8
69000,24.152000000000005,23.8
69100,24.152000000000005,23.8
69200,24.152000000000005,23.8
69300,24.152000000000005,23.8
69400,24.152000000000005,23.8
69500,24.152000000000005,23.8
69600,24.152000000000005,23.8
69700,24.152000000000005,23.8
69800,24.152000000000005,23.8
69900,24.152000000000005,23.8
70000,24.152000000000005,23.8
70100,24.152000000000005,23.8
70200,24.152000000000005,23.8
70300,24.152000000000005,23.8
70400,24.152000000000005,23.8
70500,24.152000000000005,23.8
70600,24.152000000000005,23.8
70700,24.152000000000005,23.8
70800,24.152000000000005,23.8
70900,24.152000000000005,23.8
71000,24.152000000000005,23.8
71100,24.152000000000005,23.8
71200,24.152000000000005,23.8
71300,24.152000000000005,23.8
71400,24.152000000000005,23.8
71500,24.152000000000005,23.8
71600,24.152000000000005,23.8
71700,24.152000000000005,23.8
71800,24.152000000000005,23.8
71900,24.152000000000005,23.8
72000,24.152000000000005,23.8
72100,24.152000000000005,23.8
72200,24.152000000000005,23.8
72300,23.864,23.8
72400,23.864,23.8
72500,23.864,23.8
72600,23.864,23.8
72700,23.864,23.8
72800,23.864,23.8
72900,23.864,23.8
73000,23.864,23.8
73100,23.864,23.8
73200,23.864,23.8
73300,23.864,23.8
73400,23.864,23.8
73500,23.864,23.8
73600,23.864,23.8
73700,23.864,23.8
73800,23.864,23.8
73900,23.864,23.8
74000,23.864,23.8
74100,23.864,23.8
74200,23.864,23.8
74300,23.864,23.8
74400,23.864,23.8
74500,23.543999999999997,23.8
74600,23.543999999999997,23.8
74700,23.543999999999997,23.8
74800,23.543999999999997,23.8
74900,23.543999999999997,23.8
75000,23.543999999999997,23.8
75100,23.543999999999997,23.8
75200,23.543999999999997,23.8
75300,23.543999999999997,23.8
75400,23.543999999999997,23.8
75500,23.543999999999997,23.8
75600,23.543999999999997,23.8
75700,23.543999999999997,23.8
75800,23.543999999999997,23.8
75900,23.543999999999997,23.8
76000,23.543999999999997,23.8
76100,23.543999999999997,23.8
76200,23.543999999999997,23.8
76300,23.543999999999997,23.8
76400,23.543999999999997,23.8
76500,23.543999999999997,23.8
76600,23.543999999999997,23.8
76700,23.543999999999997,23.8
76800,23.543999999999997,23.8
76900,23.543999999999997,23.8
77000,23.543999999999997,23.8
77100,23.543999999999997,23.8
77200,23.543999999999997,23.8
77300,23.543999999999997,23.8
77400,23.543999999999997,23.8
77500,23.543999999999997,23.8
77600,23.543999999999997,23.8
77700,23.543999999999997,23.8
77800,23.543999999999997,23.8
77900,23.543999999999997,23.8
78000,23.543999999999997,23.8
78100,23.543999999999997,23.8
78200,23.543999999999997,23.8
78300,23.440000000000005,24.2
78400,23.440000000000005,24.2
78500,23.440000000000005,24.2
78600,23.440000000000005,24.2
78700,23.440000000000005,24.2
78800,23.440000000000005,24.2
78900,23.440000000000005,24.2
79000,23.440000000000005,24.2
79100,23.440000000000005,24.2
79200,23.440000000000005,24.2
79300,23.440000000000005,24.2
79400,23.440000000000005,24.2
79500,23.440000000000005,24.2
79600,23.440000000000005,24.2
79700,22.695999999999998,24.2
79800,22.695999999999998,24.2
79900,22.695999999999998,24.2
80000,22.695999999999998,24.2
80100,22.695999999999998,24.2
80200,22.695999999999998,24.2
80300,22.695999999999998,24.2
80400,22.695999999999998,24.2
80500,22.695999999999998,24.2
80600,22.695999999999998,24.2
80700,22.695999999999998,24.2
80800,22.695999999999998,24.2
80900,22.695999999999998,24.2
81000,22.695999999999998,24.2
81100,22.695999999999998,24.2
81200,22.695999999999998,24.2
81300,22.695999999999998,24.2
81400,22.695999999999998,24.2
81500,22.695999999999998,24.2
81600,22.695999999999998,24.2
81700,22.695999999999998,24.2
81800,22.695999999999998,24.2
81900,22.695999999999998,24.2
82000,22.695999999999998,24.2
82100,22.695999999999998,24.2
82200,22.695999999999998,24.2
82300,22.695999999999998,24.2
82400,22.695999999999998,24.2
82500,22.695999999999998,24.2
82600,22.695999999999998,24.2
82700,22.695999999999998,24.2
82800,22.695999999999998,24.2
82900,22.695999999999998,24.2
83000,22.695999999999998,24.2
83100,22.695999999999998,24.2
83200,22.695999999999998,24.2
83300,22.695999999999998,24.2
83400,22.695999999999998,24.2
83500,22.695999999999998,24.2
83600,22.695999999999998,24.2
83700,22.695999999999998,24.2
83800,22.695999999999998,24.2
83900,22.695999999999998,24.2
84000,22.695999999999998,24.2
84100,22.695999999999998,24.2
84200,22.695999999999998,24.2
84300,22.695999999999998,24.2
84400,22.695999999999998,24.2
84500,22.695999999999998,24.2
84600,22.695999999999998,24.2
84700,22.695999999999998,24.2
84800,22.695999999999998,24.2
84900,22.695999999999998,24.2
85000,22.695999999999998,24.2
85100,22.695999999999998,24.2
85200,22.695999999999998,24.2
85300,22.695999999999998,24.2
85400,22.695999999999998,24.2
85500,22.695999999999998,24.2
85600,22.695999999999998,24.2
85700,22.695999999999998,24.2
85800,22.695999999999998,24.2
85900,22.695999999999998,24.2
86000,22.695999999999998,24.2
86100,22.695999999999998,24.2
86200,22.695999999999998,24.2
86300,22.695999999999998,24.2
86400,22.695999999999998,24.2
86500,22.695999999999998,24.2
86600,22.695999999999998,24.2
86700,22.695999999999998,24.2
86800,22.695999999999998,24.2
86900,22.695999999999998,24.2
87000,22.695999999999998,24.2
87100,22.695999999999998,24.2
87200,22.695999999999998,24.2
87300,22.695999999999998,24.2
87400,22.695999999999998,24.2
87500,22.695999999999998,24.2
87600,22.695999999999998,24.2
87700,22.695999999999998,24.2
87800,22.695999999999998,24.2
87900,22.695999999999998,24.2
88000,22.695999999999998,24.2
88100,22.695999999999998,24.2
88200,22.695999999999998,24.2
88300,22.695999999999998,24.2
88400,22.695999999999998,24.2
88500,22.695999999999998,24.2
88600,22.695999999999998,24.2
88700,22.695999999999998,24.2
88800,22.695999999999998,24.2
88900,22.695999999999998,24.2
89000,22.695999999999998,24.2
89100,22.695999999999998,24.2
89200,22.695999999999998,24.2
89300,22.695999999999998,24.2
89400,22.695999999999998,24.2
89500,22.695999999999998,24.2
89600,22.695999999999998,24.2
89700,22.695999999999998,24.2
89800,22.695999999999998,24.2
89900,22.695999999999998,24.2
90000,22.695999999999998,24.2
90100,22.695999999999998,24.2
90200,22.695999999999998,24.2
90300,22.695999999999998,24.2
90400,22.695999999999998,24.2
90500,22.695999999999998,24.2
90600,22.695999999999998,24.2
90700,22.695999999999998,24.2
90800,22.695999999999998,24.2
90900,22.695999999999998,24.2
91000,22.695999999999998,24.2
91100,22.695999999999998,24.2
91200,22.695999999999998,24.2
91300,22.695999999999998,24.2
91400,22.695999999999998,24.2
91500,22.695999999999998,24.2
91600,22.695999999999998,24.2
91700,22.695999999999998,24.2
91800,22.695999999999998,24.2
91900,22.695999999999998,24.2
92000,22.695999999999998,24.2
92100,22.695999999999998,24.2
92200,22.695999999999998,24.2
92300,22.695999999999998,24.2
92400,22.695999999999998,24.2
92500,22.695999999999998,24.2
92600,22.695999999999998,24.2
92700,22.695999999999998,24.2
92800,22.695999999999998,24.2
92900,22.695999999999998,24.2
93000,22.695999999999998,24.2
93100,22.695999999999998,24.2
93200,22.695999999999998,24.2
93300,22.695999999999998,24.2
93400,22.695999999999998,24.2
93500,22.695999999999998,24.2
93600,22.695999999999998,24.2
93700,22.695999999999998,24.2
93800,22.695999999999998,24.2
93900,22.695999999999998,24.2
94000,22.695999999999998,24.2
94100,22.695999999999998,24.2
94200,22.695999999999998,24.2
94300,22.695999999999998,24.2
94400,22.695999999999998,24.2
94500,22.695999999999998,24.2
94600,22.695999999999998,24.2
94700,22.695999999999998,24.2
94800,22.695999999999998,24.2
94900,22.695999999999998,24.2
95000,22.695999999999998,24.2
95100,22.695999999999998,24.2
95200,22.695999999999998,24.2
95300,22.695999999999998,24.2
95400,22.695999999999998,24.2
95500,22.695999999999998,24.2
95600,22.695999999999998,24.2
95700,22.695999999999998,24.2
95800,22.695999999999998,24.2
95900,22.695999999999998,24.2
96000,22.695999999999998,24.2
96100,22.695999999999998,24.2
96200,22.695999999999998,24.2
96300,22.695999999999998,24.2
96400,22.695999999999998,24.2
96500,22.695999999999998,24.2
96600,22.695999999999998,24.2
96700,22.695999999999998,24.2
96800,22.695999999999998,24.2
96900,22.695999999999998,24.2
97000,22.695999999999998,24.2
97100,22.695999999999998,24.2
97200,22.695999999999998,24.2
97300,22.695999999999998,24.2
97400,22.695999999999998,24.2
97500,22.695999999999998,24.2
97600,22.695999999999998,24.2
97700,22.695999999999998,24.2
97800,22.695999999999998,24.2
97900,22.695999999999998,24.2
98000,22.695999999999998,24.2
98100,22.695999999999998,24.2
98200,22.672000000000004,24.4
98300,22.672000000000004,24.4
98400,22.672000000000004,24.4
98500,22.672000000000004,24.4
98600,22.672000000000004,24.4
98700,22.672000000000004,24.4
98800,22.424000000000003,24.4
98900,22.424000000000003,24.4
99000,22.424000000000003,24.4
99100,22.424000000000003,24.4
99200,22.424000000000003,24.4
99300,22.424000000000003,24.4
99400,22.424000000000003,24.4
99500,22.424000000000003,24.4
99600,22.424000000000003,24.4
99700,22.424000000000003,24.4
99800,22.424000000000003,24.4
99900,22.424000000000003,24.4
99999,22.424000000000003,24.4

START ALGORITHM
h13: (-a53 - a52) * (-b41)
h14: (a52) * (-b51)
h21: (a15) * (-b25)
h23: (a13 - a34) * (-b44)
h28: (a24 - a24) * (b55 + b11 + b55 + b55 - b24 - b52)
h29: (-a24) * (b45 + b25 + b12 + b34 - b51)
h35: (a44 - a25) * (-b52 - b52)
h39: (-a34) * (b53)
h44: (-a24) * (-b23)
h50: (-a51) * (b44 + b55 - b35)
h52: (a43 - a11) * (-b11)
h57: (a34 - a13) * (b32 - b55 - b11)
h65: (a44 + a55) * (-b23 - b21 - b31)
h74: (a35) * (-b14)
h76: (-a52) * (-b13)
h82: (a44 + a34 + a52) * (b21)
h84: (a34) * (b23 - b51 - b52 - b14 - b12 - b14 - b53)
h87: (-a15) * (b22 - b33)
h89: (a45) * (b31)
h92: (a51 - a11) * (b33 - b11 - b32)
h103: (a24) * (b44 + b24)
h105: (a52) * (-b24 - b43)
h109: (a11 - a42 - a51 - a42) * (b41 + b35 - b42)
h110: (a43 - a43 - a42) * (b11 + b52)
h113: (-a15) * (-b22)
h117: (a34 - a53) * (b23 + b21 + b32 + b25)
h122: (-a15 - a41) * (b53 - b43 - b42)
h124: (-a12) * (-b21)
h125: (-a41) * (-b15 - b25 - b12)
h130: (a55) * (b32 + b12)
h145: (-a25) * (b55)
h160: (-a32) * (-b13)
h167: (a14 + a32 - a54) * (b54)
h194: (a44 + a33) * (-b22)
h199: (a15 - a31) * (-b14)
h211: (-a35) * (b31 + b33 - b53 - b31 - b42)
h264: (-a44 - a51) * (b15 - b24)
h301: (a12) * (b44)
h310: (a12) * (b25 + b33 - b41 - b51)
h315: (a53) * (-b44)
h319: (a13 - a53) * (b11 + b22)
h393: (a41) * (b15 + b11 + b53 + b32 + b43 - b52 - b25)
h479: (-a52) * (b51 + b43 - b34 - b35)
h519: (a34 + a45 + a53 + a11 - a51) * (-b45)
h591: (a44 + a21 - a24 - a55) * (b44)
h620: (-a14) * (b53 + b44 + b45 + b34 + b55 + b44 - b12 - b35)
h657: (a55) * (-b42)
h666: (-a31 - a51) * (b13 - b54 - b45 - b55)
h793: (a32 + a31 + a15) * (-b22)
h1277: (a31) * (b43 + b23 + b43 - b53)
h3384: (a51 - a53) * (-b45)
h5128: (a15 + a25 - a42) * (b35 + b34 - b53)
h7429: (a12) * (b45)
h7562: (-a12) * (b13)
h7584: (a55 - a14 - a11) * (b52 + b43 + b53 - b55 - b44)
h8659: (-a23) * (b24)
h15570: (a54 - a12) * (-b24)
h21655: (-a25) * (-b52)
h25926: (a45 + a23) * (b51)
h37391: (-a54) * (b45 + b52)
c11: h14 + h666 - h37391 
c12: h211 + h89 + h479 - h1277 
c13: h52 + h194 - h76 - h87 - h50 - h65 - h199 
c14: h84 + h122 + h124 + h125 + h519 + h7562 + h7584 - h117 - h13 
c15: h113 + h315 + h310 
c21: h110 + h319 + h25926 - h44 
c22: h145 + h194 
c23: h130 + h5128 + h315 - h35 
c24: h35 + h264 + h74 + h591 - h793 
c25: h110 + h87 
c31: h50 + h8659 + h52 
c32: h199 + h199 + h113 
c33: h74 + h620 + h666 
c34: h57 + h82 + h84 - h3384 
c35: - h113 - h130 - h15570 - h21655 
c41: h13 + h92 + h657 - h310 
c42: h39 + h21 + h124 
c43: h167 
c44: h194 - h105 
c45: h319 + h23 + h122 
c51: h50 + h13 - h105 - h301 - h479 
c52: h103 + h76 
c53: h29 + h28 - h167 - h393 
c54: h21 + h52 - h160 
c55: h50 - h65 - h23 - h109 - h7429 
