0,172.336,24.6
100,118.58399999999999,25
200,111.58399999999999,25
300,99.984,25
400,89.96,25
500,79.072,24.8
600,73.096,24.6
700,69.72,24.6
800,64.248,24.4
900,62.248000000000005,24.2
1000,57.751999999999995,24.2
1100,55.408,24.4
1200,54.239999999999995,24.4
1300,53.79200000000001,24.4
1400,52.75999999999999,24.6
1500,49.608000000000004,24.6
1600,48.384,24.6
1700,47.208,24.6
1800,46.199999999999996,24.6
1900,46.192,24.4
2000,46.192,24.4
2100,46.192,24.4
2200,46.192,24.4
2300,46.192,24.4
2400,46.111999999999995,24.4
2500,45.976000000000006,24.4
2600,45.232000000000006,24.4
2700,45.232000000000006,24.4
2800,45.232000000000006,24.4
2900,45.232000000000006,24.4
3000,45.04,24.4
3100,44.536,24.6
3200,44.152,24.6
3300,44.152,24.6
3400,44.152,24.6
3500,43.344,24.4
3600,43.344,24.4
3700,43.344,24.4
3800,43.18399999999999,24.4
3900,43.18399999999999,24.4
4000,43.18399999999999,24.4
4100,43.072,24.4
4200,43.072,24.4
4300,43.072,24.4
4400,42.80800000000001,24.4
4500,42.80800000000001,24.4
4600,42.80800000000001,24.4
4700,42.80800000000001,24.4
4800,42.464000000000006,24.4
4900,42.464000000000006,24.4
5000,42.464000000000006,24.4
5100,42.224,24.4
5200,42.224,24.4
5300,42.224,24.4
5400,42.224,24.4
5500,42.224,24.4
5600,42.224,24.4
5700,41.879999999999995,24.4
5800,41.879999999999995,24.4
5900,41.352,24.4
6000,41.352,24.4
6100,41.352,24.4
6200,41.352,24.4
6300,40.504000000000005,24.4
6400,40.504000000000005,24.4
6500,39.67999999999999,24.4
6600,39.67999999999999,24.4
6700,39.67999999999999,24.4
6800,39.464000000000006,24.4
6900,39,24.4
7000,38.815999999999995,24.4
7100,38.815999999999995,24.4
7200,38.815999999999995,24.4
7300,38.815999999999995,24.4
7400,38.815999999999995,24.4
7500,38.408,24.4
7600,38.408,24.4
7700,38.16799999999999,24.4
7800,38.16799999999999,24.4
7900,38.16799999999999,24.4
8000,38.16799999999999,24.4
8100,38.16799999999999,24.4
8200,38.16799999999999,24.4
8300,38.16799999999999,24.4
8400,38.16799999999999,24.4
8500,38.16799999999999,24.4
8600,38.16799999999999,24.4
8700,38.16799999999999,24.4
8800,38.16799999999999,24.4
8900,38.16799999999999,24.4
9000,38.16799999999999,24.4
9100,37.808,24.4
9200,37.808,24.4
9300,37.808,24.4
9400,37.808,24.4
9500,37.808,24.4
9600,37.808,24.4
9700,37.808,24.4
9800,37.808,24.4
9900,37.808,24.4
10000,37.808,24.4
10100,37.808,24.4
10200,37.808,24.4
10300,37.808,24.4
10400,37.391999999999996,24.4
10500,37.391999999999996,24.4
10600,37.391999999999996,24.4
10700,37.391999999999996,24.4
10800,37.391999999999996,24.4
10900,37.391999999999996,24.4
11000,37.391999999999996,24.4
11100,37.391999999999996,24.4
11200,37.391999999999996,24.4
11300,37.391999999999996,24.4
11400,37.391999999999996,24.4
11500,37.34400000000001,24.6
11600,37.34400000000001,24.6
11700,37.34400000000001,24.6
11800,37.087999999999994,24.6
11900,37.087999999999994,24.6
12000,36.967999999999996,24.6
12100,36.967999999999996,24.6
12200,36.967999999999996,24.6
12300,36.28,24.6
12400,36.28,24.6
12500,36.28,24.6
12600,36.28,24.6
12700,36.28,24.6
12800,36.28,24.6
12900,36.28,24.6
13000,36.28,24.6
13100,36.28,24.6
13200,36.28,24.6
13300,36.28,24.6
13400,36.28,24.6
13500,36.28,24.6
13600,36.28,24.6
13700,36.28,24.6
13800,36.144,24.8
13900,36.144,24.8
14000,36.144,24.8
14100,36.144,24.8
14200,36.144,24.8
14300,36.144,24.8
14400,36.144,24.8
14500,36.032,24.8
14600,36.032,24.8
14700,36.032,24.8
14800,36.032,24.8
14900,35.727999999999994,24.8
15000,35.727999999999994,24.8
15100,35.464,24.8
15200,35.464,24.8
15300,35.464,24.8
15400,35.464,24.8
15500,35.464,24.8
15600,35.016000000000005,24.8
15700,35.016000000000005,24.8
15800,35.016000000000005,24.8
15900,35.016000000000005,24.8
16000,35.016000000000005,24.8
16100,35.016,24.6
16200,35.016,24.6
16300,35.016,24.6
16400,34.624,24.6
16500,34.624,24.6
16600,34.624,24.6
16700,34.624,24.6
16800,34.624,24.6
16900,34.376000000000005,24.6
17000,33.74400000000001,24.6
17100,33.74400000000001,24.6
17200,33.74400000000001,24.6
17300,33.74400000000001,24.6
17400,33.74400000000001,24.6
17500,33.74400000000001,24.6
17600,33.448,24.6
17700,33.448,24.6
17800,33.416000000000004,24.6
17900,33.416000000000004,24.6
18000,33.416000000000004,24.6
18100,33.416000000000004,24.6
18200,33.416000000000004,24.6
18300,33.416000000000004,24.6
18400,33.416000000000004,24.6
18500,33.416000000000004,24.6
18600,33.416000000000004,24.6
18700,33.416000000000004,24.6
18800,33.416000000000004,24.6
18900,33.416000000000004,24.6
19000,33.416000000000004,24.6
19100,33.416000000000004,24.6
19200,33.416000000000004,24.6
19300,33.416000000000004,24.6
19400,33.416000000000004,24.6
19500,33.416000000000004,24.6
19600,33.416000000000004,24.6
19700,33.416000000000004,24.6
19800,33.416000000000004,24.6
19900,33.416000000000004,24.6
20000,32.824,24.6
20100,31.936,24.8
20200,31.936,24.8
20300,31.936,24.8
20400,31.936,24.8
20500,31.936,24.8
20600,31.936,24.8
20700,31.936,24.8
20800,31.936,24.8
20900,31.936,24.8
21000,31.936,24.8
21100,31.936,24.8
21200,31.936,24.8
21300,31.936,24.8
21400,31.736,24.8
21500,31.736,24.8
21600,31.736,24.8
21700,31.736,24.8
21800,31.736,24.8
21900,31.512,24.8
22000,31.432,24.8
22100,30.968,24.8
22200,30.968,24.8
22300,30.968,24.8
22400,30.968,24.8
22500,30.615999999999996,24.8
22600,30.615999999999996,24.8
22700,30.615999999999996,24.8
22800,30.615999999999996,24.8
22900,30.615999999999996,24.8
23000,30.615999999999996,24.8
23100,30.615999999999996,24.8
23200,30.615999999999996,24.8
23300,30.615999999999996,24.8
23400,30.615999999999996,24.8
23500,30.615999999999996,24.8
23600,30.615999999999996,24.8
23700,30.615999999999996,24.8
23800,30.615999999999996,24.8
23900,30.615999999999996,24.8
24000,30.615999999999996,24.8
24100,30.615999999999996,24.8
24200,30.615999999999996,24.8
24300,30.615999999999996,24.8
24400,30.615999999999996,24.8
24500,30.615999999999996,24.8
24600,30.615999999999996,24.8
24700,30.615999999999996,24.8
24800,30.615999999999996,24.8
24900,30.615999999999996,24.8
25000,30.615999999999996,24.8
25100,30.615999999999996,24.8
25200,30.615999999999996,24.8
25300,30.615999999999996,24.8
25400,30.528000000000002,24.8
25500,30.528000000000002,24.8
25600,30.528000000000002,24.8
25700,30.296,24.8
25800,30.296,24.8
25900,30.296,24.8
26000,30.296,24.8
26100,30.296,24.8
26200,30.296,24.8
26300,30.296,24.8
26400,30.296,24.8
26500,30.296,24.8
26600,30.296,24.8
26700,30.296,24.8
26800,30.296,24.8
26900,30.296,24.8
27000,30.296,24.8
27100,30.296,24.8
27200,30.296,24.8
27300,30.296,24.8
27400,30.296,24.8
27500,30.296,24.8
27600,30.296,24.8
27700,30.296,24.8
27800,30.296,24.8
27900,30.296,24.8
28000,30.296,24.8
28100,30.296,24.8
28200,30.296,24.8
28300,30.296,24.8
28400,30.296,24.8
28500,30.296,24.8
28600,30.296,24.8
28700,30.296,24.8
28800,30.296,24.8
28900,30.296,24.8
29000,30.296,24.8
29100,30.296,24.8
29200,30.296,24.8
29300,30.296,24.8
29400,30.296,24.8
29500,30.296,24.8
29600,30.296,24.8
29700,30.296,24.8
29800,29.976,24.8
29900,29.976,24.8
30000,29.976,24.8
30100,29.848000000000003,24.8
30200,29.848000000000003,24.8
30300,29.848000000000003,24.8
30400,29.848000000000003,24.8
30500,29.848000000000003,24.8
30600,29.848000000000003,24.8
30700,29.848000000000003,24.8
30800,29.848000000000003,24.8
30900,29.848000000000003,24.8
31000,29.848000000000003,24.8
31100,29.848000000000003,24.8
31200,29.8,24.8
31300,29.552,24.8
31400,29.552,24.8
31500,29.088,24.8
31600,29.088,24.8
31700,29.088,24.8
31800,29.088,24.8
31900,29.088,24.8
32000,28.919999999999998,24.8
32100,28.919999999999998,24.8
32200,28.72,24.8
32300,28.72,24.8
32400,28.72,24.8
32500,28.72,24.8
32600,28.160000000000004,24.8
32700,27.528,24.8
32800,27.528,24.8
32900,27.528,24.8
33000,27.528,24.8
33100,27.528,24.8
33200,27.528,24.8
33300,27.528,24.8
33400,27.528,24.8
33500,27.528,24.8
33600,27.528,24.8
33700,27.528,24.8
33800,27.528,24.8
33900,27.528,24.8
34000,27.528,24.8
34100,27.528,24.8
34200,27.528,24.8
34300,27.528,24.8
34400,27.528,24.8
34500,27.528,24.8
34600,27.528,24.8
34700,27.528,24.8
34800,27.528,24.8
34900,27.528,24.8
35000,27.528,24.8
35100,27.528,24.8
35200,27.528,24.8
35300,27.528,24.8
35400,27.528,24.8
35500,27.528,24.8
35600,27.528,24.8
35700,27.528,24.8
35800,27.528,24.8
35900,27.528,24.8
36000,27.528,24.8
36100,27.119999999999997,24.8
36200,27.119999999999997,24.8
36300,27.119999999999997,24.8
36400,27.119999999999997,24.8
36500,27.119999999999997,24.8
36600,27.119999999999997,24.8
36700,27.119999999999997,24.8
36800,27.119999999999997,24.8
36900,27.112000000000002,24.8
37000,27.112000000000002,24.8
37100,27.112000000000002,24.8
37200,27.112000000000002,24.8
37300,27.112000000000002,24.8
37400,27.112000000000002,24.8
37500,27.112000000000002,24.8
37600,27.112000000000002,24.8
37700,27.112000000000002,24.8
37800,27.112000000000002,24.8
37900,27.112000000000002,24.8
38000,27.112000000000002,24.8
38100,27.112000000000002,24.8
38200,27.112000000000002,24.8
38300,27.112000000000002,24.8
38400,27.112000000000002,24.8
38500,27.112000000000002,24.8
38600,27.112000000000002,24.8
38700,27.112000000000002,24.8
38800,27.112000000000002,24.8
38900,27.112000000000002,24.8
39000,27.112000000000002,24.8
39100,27.112000000000002,24.8
39200,27.112000000000002,24.8
39300,27.112000000000002,24.8
39400,27.112000000000002,24.8
39500,27.112000000000002,24.8
39600,27.112000000000002,24.8
39700,27.112000000000002,24.8
39800,27.112000000000002,24.8
39900,27.112000000000002,24.8
40000,27.112000000000002,24.8
40100,27.112000000000002,24.8
40200,27.112000000000002,24.8
40300,27.112000000000002,24.8
40400,27.112000000000002,24.8
40500,27.112000000000002,24.8
40600,27.112000000000002,24.8
40700,27.112000000000002,24.8
40800,27.112000000000002,24.8
40900,27.112000000000002,24.8
41000,27.112000000000002,24.8
41100,27.112000000000002,24.8
41200,27.112000000000002,24.8
41300,27.112000000000002,24.8
41400,27.112000000000002,24.8
41500,27.112000000000002,24.8
41600,27.112000000000002,24.8
41700,27.112000000000002,24.8
41800,27.112000000000002,24.8
41900,27.112000000000002,24.8
42000,27.112000000000002,24.8
42100,27.112000000000002,24.8
42200,27.112000000000002,24.8
42300,27.112000000000002,24.8
42400,27.112000000000002,24.8
42500,27.112000000000002,24.8
42600,27.112000000000002,24.8
42700,27.112000000000002,24.8
42800,27.112000000000002,24.8
42900,27.112000000000002,24.8
43000,27.112000000000002,24.8
43100,27.024,24.8
43200,27.024,24.8
43300,27.024,24.8
43400,27.024,24.8
43500,27.024,24.8
43600,27.024,24.8
43700,27.024,24.8
43800,27.024,24.8
43900,27.024,24.8
44000,27.024,24.8
44100,27.024,24.8
44200,27.024,24.8
44300,27.024,24.8
44400,27.024,24.8
44500,27.024,24.8
44600,27.024,24.8
44700,27.024,24.8
44800,27.024,24.8
44900,27.024,24.8
45000,27.024,24.8
45100,27.024,24.8
45200,27.024,24.8
45300,27.024,24.8
45400,27.024,24.8
45500,27.024,24.8
45600,27.024,24.8
45700,27.024,24.8
45800,27.024,24.8
45900,27.024,24.8
46000,27.024,24.8
46100,27.024,24.8
46200,27.024,24.8
46300,27.024,24.8
46400,27.024,24.8
46500,27.024,24.8
46600,27.024,24.8
46700,27.024,24.8
46800,27.024,24.8
46900,27.024,24.8
47000,27.024,24.8
47100,27,24.8
47200,27,24.8
47300,27,24.8
47400,27,24.8
47500,27,24.8
47600,27,24.8
47700,27,24.8
47800,27,24.8
47900,27,24.8
48000,27,24.8
48100,27,24.8
48200,27,24.8
48300,27,24.8
48400,27,24.8
48500,27,24.8
48600,27,24.8
48700,27,24.8
48800,27,24.8
48900,27,24.8
49000,27,24.8
49100,27,24.8
49200,27,24.8
49300,27,24.8
49400,27,24.8
49500,27,24.8
49600,27,24.8
49700,27,24.8
49800,27,24.8
49900,27,24.8
50000,27,24.8
50100,27,24.8
50200,27,24.8
50300,27,24.8
50400,27,24.8
50500,27,24.8
50600,27,24.8
50700,27,24.8
50800,27,24.8
50900,27,24.8
51000,27,24.8
51100,27,24.8
51200,27,24.8
51300,27,24.8
51400,27,24.8
51500,27,24.8
51600,27,24.8
51700,27,24.8
51800,27,24.8
51900,26.880000000000003,24.8
52000,26.880000000000003,24.8
52100,26.880000000000003,24.8
52200,26.880000000000003,24.8
52300,26.880000000000003,24.8
52400,26.880000000000003,24.8
52500,26.880000000000003,24.8
52600,26.880000000000003,24.8
52700,26.880000000000003,24.8
52800,26.880000000000003,24.8
52900,26.880000000000003,24.8
53000,26.880000000000003,24.8
53100,26.880000000000003,24.8
53200,26.880000000000003,24.8
53300,26.880000000000003,24.8
53400,26.880000000000003,24.8
53500,26.880000000000003,24.8
53600,26.880000000000003,24.8
53700,26.880000000000003,24.8
53800,26.880000000000003,24.8
53900,26.544,24.8
54000,26.544,24.8
54100,26.544,24.8
54200,26.544,24.8
54300,26.544,24.8
54400,26.544,24.8
54500,26.544,24.8
54600,26.544,24.8
54700,26.544,24.8
54800,26.544,24.8
54900,26.544,24.8
55000,26.544,24.8
55100,26.544,24.8
55200,26.544,24.8
55300,26.544,24.8
55400,26.544,24.8
55500,26.544,24.8
55600,26.544,24.8
55700,26.544,24.8
55800,26.544,24.8
55900,26.544,24.8
56000,26.544,24.8
56100,26.544,24.8
56200,26.544,24.8
56300,26.544,24.8
56400,26.544,24.8
56500,26.544,24.8
56600,26.544,24.8
56700,26.544,24.8
56800,26.544,24.8
56900,26.544,24.8
57000,26.544,24.8
57100,26.544,24.8
57200,26.544,24.8
57300,26.544,24.8
57400,26.544,24.8
57500,26.544,24.8
57600,26.415999999999997,24.6
57700,26.415999999999997,24.6
57800,26.415999999999997,24.6
57900,26.415999999999997,24.6
58000,26.415999999999997,24.6
58100,26.415999999999997,24.6
58200,26.415999999999997,24.6
58300,26.415999999999997,24.6
58400,26.415999999999997,24.6
58500,26.415999999999997,24.6
58600,26.112000000000002,24.6
58700,26.112000000000002,24.6
58800,25.919999999999998,24.6
58900,25.919999999999998,24.6
59000,25.919999999999998,24.6
59100,25.919999999999998,24.6
59200,25.919999999999998,24.6
59300,25.919999999999998,24.6
59400,25.919999999999998,24.6
59500,25.919999999999998,24.6
59600,25.919999999999998,24.6
59700,25.919999999999998,24.6
59800,25.919999999999998,24.6
59900,25.919999999999998,24.6
60000,25.919999999999998,24.6
60100,25.919999999999998,24.6
60200,25.919999999999998,24.6
60300,25.919999999999998,24.6
60400,25.919999999999998,24.6
60500,25.919999999999998,24.6
60600,25.919999999999998,24.6
60700,25.919999999999998,24.6
60800,25.919999999999998,24.6
60900,25.919999999999998,24.6
61000,25.919999999999998,24.6
61100,25.919999999999998,24.6
61200,25.919999999999998,24.6
61300,25.919999999999998,24.6
61400,25.919999999999998,24.6
61500,25.919999999999998,24.6
61600,25.919999999999998,24.6
61700,25.919999999999998,24.6
61800,25.919999999999998,24.6
61900,25.919999999999998,24.6
62000,25.919999999999998,24.6
62100,25.919999999999998,24.6
62200,25.919999999999998,24.6
62300,25.919999999999998,24.6
62400,25.919999999999998,24.6
62500,25.919999999999998,24.6
62600,25.919999999999998,24.6
62700,25.919999999999998,24.6
62800,25.919999999999998,24.6
62900,25.919999999999998,24.6
63000,25.919999999999998,24.6
63100,25.919999999999998,24.6
63200,25.919999999999998,24.6
63300,25.919999999999998,24.6
63400,25.919999999999998,24.6
63500,25.919999999999998,24.6
63600,25.919999999999998,24.6
63700,25.919999999999998,24.6
63800,25.919999999999998,24.6
63900,25.912,24.6
64000,25.840000000000003,24.6
64100,25.840000000000003,24.6
64200,25.840000000000003,24.6
64300,25.840000000000003,24.6
64400,25.840000000000003,24.6
64500,25.840000000000003,24.6
64600,25.840000000000003,24.6
64700,25.840000000000003,24.6
64800,25.840000000000003,24.6
64900,25.840000000000003,24.6
65000,25.840000000000003,24.6
65100,25.840000000000003,24.6
65200,25.840000000000003,24.6
65300,25.840000000000003,24.6
65400,25.840000000000003,24.6
65500,25.840000000000003,24.6
65600,25.840000000000003,24.6
65700,25.840000000000003,24.6
65800,25.840000000000003,24.6
65900,25.840000000000003,24.6
66000,25.840000000000003,24.6
66100,25.840000000000003,24.6
66200,25.840000000000003,24.6
66300,25.840000000000003,24.6
66400,25.840000000000003,24.6
66500,25.840000000000003,24.6
66600,25.840000000000003,24.6
66700,25.840000000000003,24.6
66800,25.840000000000003,24.6
66900,25.840000000000003,24.6
67000,25.840000000000003,24.6
67100,25.840000000000003,24.6
67200,25.840000000000003,24.6
67300,25.840000000000003,24.6
67400,25.840000000000003,24.6
67500,25.840000000000003,24.6
67600,25.840000000000003,24.6
67700,25.840000000000003,24.6
67800,25.840000000000003,24.6
67900,25.840000000000003,24.6
68000,25.840000000000003,24.6
68100,25.840000000000003,24.6
68200,25.840000000000003,24.6
68300,25.840000000000003,24.6
68400,25.840000000000003,24.6
68500,25.840000000000003,24.6
68600,25.840000000000003,24.6
68700,25.840000000000003,24.6
68800,25.840000000000003,24.6
68900,25.840000000000003,24.6
69000,25.840000000000003,24.6
69100,25.840000000000003,24.6
69200,25.840000000000003,24.6
69300,25.840000000000003,24.6
69400,25.840000000000003,24.6
69500,25.840000000000003,24.6
69600,25.840000000000003,24.6
69700,25.840000000000003,24.6
69800,25.840000000000003,24.6
69900,25.840000000000003,24.6
70000,25.840000000000003,24.6
70100,25.840000000000003,24.6
70200,25.840000000000003,24.6
70300,25.840000000000003,24.6
70400,25.840000000000003,24.6
70500,25.840000000000003,24.6
70600,25.840000000000003,24.6
70700,25.840000000000003,24.6
70800,25.840000000000003,24.6
70900,25.840000000000003,24.6
71000,25.840000000000003,24.6
71100,25.840000000000003,24.6
71200,25.840000000000003,24.6
71300,25.840000000000003,24.6
71400,25.840000000000003,24.6
71500,25.840000000000003,24.6
71600,25.840000000000003,24.6
71700,25.840000000000003,24.6
71800,25.840000000000003,24.6
71900,25.840000000000003,24.6
72000,25.840000000000003,24.6
72100,25.840000000000003,24.6
72200,25.840000000000003,24.6
72300,25.840000000000003,24.6
72400,25.840000000000003,24.6
72500,25.840000000000003,24.6
72600,25.840000000000003,24.6
72700,25.840000000000003,24.6
72800,25.840000000000003,24.6
72900,25.840000000000003,24.6
73000,25.840000000000003,24.6
73100,25.840000000000003,24.6
73200,25.840000000000003,24.6
73300,25.840000000000003,24.6
73400,25.840000000000003,24.6
73500,25.840000000000003,24.6
73600,25.840000000000003,24.6
73700,25.840000000000003,24.6
73800,25.840000000000003,24.6
73900,25.840000000000003,24.6
74000,25.840000000000003,24.6
74100,25.840000000000003,24.6
74200,25.840000000000003,24.6
74300,25.840000000000003,24.6
74400,25.840000000000003,24.6
74500,25.840000000000003,24.6
74600,25.840000000000003,24.6
74700,25.840000000000003,24.6
74800,25.840000000000003,24.6
74900,25.840000000000003,24.6
75000,25.840000000000003,24.6
75100,25.840000000000003,24.6
75200,25.840000000000003,24.6
75300,25.840000000000003,24.6
75400,25.840000000000003,24.6
75500,25.840000000000003,24.6
75600,25.840000000000003,24.6
75700,25.840000000000003,24.6
75800,25.840000000000003,24.6
75900,25.840000000000003,24.6
76000,25.840000000000003,24.6
76100,25.840000000000003,24.6
76200,25.840000000000003,24.6
76300,25.840000000000003,24.6
76400,25.840000000000003,24.6
76500,25.840000000000003,24.6
76600,25.840000000000003,24.6
76700,25.840000000000003,24.6
76800,25.840000000000003,24.6
76900,25.840000000000003,24.6
77000,25.840000000000003,24.6
77100,25.840000000000003,24.6
77200,25.840000000000003,24.6
77300,25.840000000000003,24.6
77400,25.840000000000003,24.6
77500,25.840000000000003,24.6
77600,25.840000000000003,24.6
77700,25.840000000000003,24.6
77800,25.840000000000003,24.6
77900,25.840000000000003,24.6
78000,25.840000000000003,24.6
78100,25.840000000000003,24.6
78200,25.840000000000003,24.6
78300,25.840000000000003,24.6
78400,25.840000000000003,24.6
78500,25.840000000000003,24.6
78600,25.840000000000003,24.6
78700,25.840000000000003,24.6
78800,25.840000000000003,24.6
78900,25.840000000000003,24.6
79000,25.840000000000003,24.6
79100,25.840000000000003,24.6
79200,25.840000000000003,24.6
79300,25.840000000000003,24.6
79400,25.840000000000003,24.6
79500,25.840000000000003,24.6
79600,25.840000000000003,24.6
79700,25.840000000000003,24.6
79800,25.840000000000003,24.6
79900,25.840000000000003,24.6
80000,25.840000000000003,24.6
80100,25.840000000000003,24.6
80200,25.840000000000003,24.6
80300,25.840000000000003,24.6
80400,25.840000000000003,24.6
80500,25.840000000000003,24.6
80600,25.840000000000003,24.6
80700,25.840000000000003,24.6
80800,25.840000000000003,24.6
80900,25.840000000000003,24.6
81000,25.840000000000003,24.6
81100,25.840000000000003,24.6
81200,25.840000000000003,24.6
81300,25.840000000000003,24.6
81400,25.840000000000003,24.6
81500,25.840000000000003,24.6
81600,25.840000000000003,24.6
81700,25.840000000000003,24.6
81800,25.840000000000003,24.6
81900,25.840000000000003,24.6
82000,25.840000000000003,24.6
82100,25.840000000000003,24.6
82200,25.840000000000003,24.6
82300,25.840000000000003,24.6
82400,25.840000000000003,24.6
82500,25.840000000000003,24.6
82600,25.840000000000003,24.6
82700,25.840000000000003,24.6
82800,25.840000000000003,24.6
82900,25.840000000000003,24.6
83000,25.840000000000003,24.6
83100,25.840000000000003,24.6
83200,25.840000000000003,24.6
83300,25.840000000000003,24.6
83400,25.840000000000003,24.6
83500,25.840000000000003,24.6
83600,25.840000000000003,24.6
83700,25.840000000000003,24.6
83800,25.840000000000003,24.6
83900,25.840000000000003,24.6
84000,25.840000000000003,24.6
84100,25.840000000000003,24.6
84200,25.840000000000003,24.6
84300,25.840000000000003,24.6
84400,25.840000000000003,24.6
84500,25.840000000000003,24.6
84600,25.840000000000003,24.6
84700,25.840000000000003,24.6
84800,25.840000000000003,24.6
84900,25.840000000000003,24.6
85000,25.840000000000003,24.6
85100,25.840000000000003,24.6
85200,25.840000000000003,24.6
85300,25.840000000000003,24.6
85400,25.840000000000003,24.6
85500,25.840000000000003,24.6
85600,25.840000000000003,24.6
85700,25.840000000000003,24.6
85800,25.056,24.6
85900,24.872,24.4
86000,24.872,24.4
86100,24.872,24.4
86200,24.872,24.4
86300,24.872,24.4
86400,24.872,24.4
86500,24.872,24.4
86600,24.872,24.4
86700,24.872,24.4
86800,24.872,24.4
86900,24.872,24.4
87000,24.872,24.4
87100,24.872,24.4
87200,24.872,24.4
87300,24.872,24.4
87400,24.872,24.4
87500,24.872,24.4
87600,24.872,24.4
87700,24.872,24.4
87800,24.872,24.4
87900,24.872,24.4
88000,24.872,24.4
88100,24.872,24.4
88200,24.872,24.4
88300,24.872,24.4
88400,24.872,24.4
88500,24.872,24.4
88600,24.872,24.4
88700,24.872,24.4
88800,24.872,24.4
88900,24.872,24.4
89000,24.872,24.4
89100,24.872,24.4
89200,24.872,24.4
89300,24.607999999999997,24.4
89400,24.607999999999997,24.4
89500,24.607999999999997,24.4
89600,24.496000000000002,24.2
89700,24.496000000000002,24.2
89800,24.496000000000002,24.2
89900,24.496000000000002,24.2
90000,24.496000000000002,24.2
90100,24.496000000000002,24.2
90200,24.496000000000002,24.2
90300,24.496000000000002,24.2
90400,24.496000000000002,24.2
90500,24.496000000000002,24.2
90600,24.496000000000002,24.2
90700,24.496000000000002,24.2
90800,24.496000000000002,24.2
90900,24.496000000000002,24.2
91000,24.496000000000002,24.2
91100,24.496000000000002,24.2
91200,24.496000000000002,24.2
91300,24.496000000000002,24.2
91400,24.496000000000002,24.2
91500,24.496000000000002,24.2
91600,24.496000000000002,24.2
91700,24.496000000000002,24.2
91800,24.496000000000002,24.2
91900,24.496000000000002,24.2
92000,24.496000000000002,24.2
92100,24.496000000000002,24.2
92200,24.496000000000002,24.2
92300,24.496000000000002,24.2
92400,24.496000000000002,24.2
92500,24.496000000000002,24.2
92600,24.496000000000002,24.2
92700,24.496000000000002,24.2
92800,24.496000000000002,24.2
92900,24.496000000000002,24.2
93000,24.496000000000002,24.2
93100,24.496000000000002,24.2
93200,24.496000000000002,24.2
93300,24.496000000000002,24.2
93400,24.496000000000002,24.2
93500,24.496000000000002,24.2
93600,24.496000000000002,24.2
93700,24.496000000000002,24.2
93800,24.496000000000002,24.2
93900,24.496000000000002,24.2
94000,24.496000000000002,24.2
94100,24.496000000000002,24.2
94200,24.496000000000002,24.2
94300,24.496000000000002,24.2
94400,24.496000000000002,24.2
94500,24.496000000000002,24.2
94600,24.496000000000002,24.2
94700,24.496000000000002,24.2
94800,24.496000000000002,24.2
94900,24.496000000000002,24.2
95000,24.496000000000002,24.2
95100,24.496000000000002,24.2
95200,24.496000000000002,24.2
95300,24.496000000000002,24.2
95400,24.496000000000002,24.2
95500,24.496000000000002,24.2
95600,24.496000000000002,24.2
95700,24.496000000000002,24.2
95800,24.496000000000002,24.2
95900,24.496000000000002,24.2
96000,24.496000000000002,24.2
96100,24.496000000000002,24.2
96200,24.496000000000002,24.2
96300,24.496000000000002,24.2
96400,24.496000000000002,24.2
96500,24.496000000000002,24.2
96600,24.496000000000002,24.2
96700,24.496000000000002,24.2
96800,24.496000000000002,24.2
96900,24.496000000000002,24.2
97000,24.496000000000002,24.2
97100,24.496000000000002,24.2
97200,24.496000000000002,24.2
97300,24.496000000000002,24.2
97400,24.496000000000002,24.2
97500,24.496000000000002,24.2
97600,24.496000000000002,24.2
97700,24.496000000000002,24.2
97800,24.496000000000002,24.2
97900,24.496000000000002,24.2
98000,24.496000000000002,24.2
98100,24.496000000000002,24.2
98200,24.496000000000002,24.2
98300,24.496000000000002,24.2
98400,24.496000000000002,24.2
98500,24.496000000000002,24.2
98600,24.496000000000002,24.2
98700,24.496000000000002,24.2
98800,24.496000000000002,24.2
98900,24.496000000000002,24.2
99000,24.496000000000002,24.2
99100,24.496000000000002,24.2
99200,24.496000000000002,24.2
99300,24.496000000000002,24.2
99400,24.496000000000002,24.2
99500,24.496000000000002,24.2
99600,24.496000000000002,24.2
99700,24.496000000000002,24.2
99800,24.496000000000002,24.2
99900,24.496000000000002,24.2
99999,24.496000000000002,24.2

START ALGORITHM
h12: (a42 - a24 - a51) * (b31)
h15: (a22 + a45 + a14 - a35 - a43 - a41 - a34 - a43) * (-b23)
h18: (a42 - a43) * (b32)
h20: (a12 + a23 - a43) * (b15 - b14)
h21: (a51 + a44 - a54 - a41) * (-b54)
h25: (-a11) * (-b31)
h31: (a33 - a22) * (b53 + b53)
h34: (a55 + a41 + a52 - a44) * (b52)
h45: (a13 - a52 - a15) * (b41)
h46: (a45 + a23 - a35) * (b25)
h51: (a13 + a51 - a32 - a45 - a11 - a43) * (b44)
h60: (a15 + a22 + a11 + a32 + a52) * (-b15)
h67: (a42 + a14 + a31 + a13 + a21 - a25 - a44 - a24 - a53 - a45 - a12) * (b14)
h68: (a31 + a34 + a44 + a43 - a54 - a52) * (b54)
h70: (-a15) * (-b34)
h74: (a45 + a41) * (b25)
h77: (a12 + a45 + a21 + a51 + a44 - a13 - a13 - a51 - a22) * (b24)
h80: (a21) * (b34)
h82: (a23 - a23) * (b35)
h85: (a13 - a35 - a55 - a32 - a53) * (-b11 - b35)
h87: (a44 + a23 + a55 + a24 + a53 + a34 + a51 + a32 + a35 - a34 - a54 - a44 - a45 - a41 - a31) * (-b51)
h88: (a45 - a14 - a34 - a45 - a12) * (b45)
h92: (a32 + a25 + a23 - a21 - a12 - a24 - a15 - a35 - a54 - a23 - a21) * (b32 + b11 + b21)
h100: (a13) * (b11)
h102: (-a14) * (-b12)
h106: (a22 + a14 + a25 + a42 + a43 + a42 + a42 - a51 - a55 - a12 - a44 - a14) * (-b34)
h113: (a55 + a41 - a31 - a51 - a42 - a45) * (-b52)
h116: (a43 + a54 + a25 + a51 + a51 + a43 - a12 - a25 - a42 - a12 - a42 - a33 - a21 - a13 - a12 - a53 - a34 - a22 - a11) * (b51 + b51)
h124: (-a54) * (b21 - b31)
h133: (a51 + a35 + a21 + a44 + a15 + a15 + a54 + a23 + a43 + a11 - a34 - a11 - a22 - a13 - a42 - a21) * (b42 - b55 - b24)
h139: (a15 + a42 + a33 + a21 + a15 - a34 - a45) * (b33 - b21)
h140: (a52 + a25 + a34 + a23 + a44 + a53 - a44 - a34 - a32 - a31) * (b23)
h143: (a41 + a23 + a52 + a34 + a42 + a53 + a45 - a24) * (-b25 - b22 - b25)
h166: (a14) * (-b11)
h186: (a35 - a42) * (b55)
h202: (a12 + a31 + a13 - a21 - a31 - a51) * (b53)
h206: (a45 + a21 + a45 + a25 + a45 + a12 + a43 - a45 - a21 - a15) * (b11)
h212: (a41) * (b53 + b21 - b33 - b51)
h231: (a41 + a55 + a54 + a52 + a35 + a21 + a34 - a12 - a53 - a52 - a51 - a34 - a13 - a21) * (-b15)
h236: (a43 - a55 - a43) * (-b35)
h248: (a44) * (b45 + b31)
h296: (a52 + a55 + a24) * (b23)
h369: (a14 - a53) * (-b54)
h489: (a41 + a25 + a53 + a31 + a15 - a42 - a22 - a23 - a42 - a31 - a54) * (b45)
h700: (a54 + a43 - a22 - a54) * (b43)
h860: (a34 + a12 + a23 + a13 + a41 + a51 + a22 + a31 - a21 - a35 - a14 - a22 - a54 - a54) * (-b14)
h870: (a23 + a11 + a14 - a43 - a23) * (b44)
h947: (a11 - a42 - a55 - a32 - a12 - a12) * (-b41)
h1464: (a25 + a43 + a12 + a41 + a13 + a33 + a33 + a34 + a31 + a15 + a51 - a14 - a23 - a34 - a33 - a15 - a42 - a15 - a22 - a31 - a43 - a55 - a42 - a41 - a55 - a25 - a24) * (-b22)
h1632: (-a42 - a25) * (b54)
h3713: (-a32) * (-b34)
h4171: (a11 + a33 + a52 + a31 + a52 - a24 - a52 - a22 - a15 - a33) * (-b45)
h7387: (a21 + a54 + a43 + a51 + a21 + a41 - a41 - a54) * (-b53)
h7933: (a52 - a43 - a23 - a52 - a53 - a45) * (b53)
h8004: (a35) * (-b25)
h8118: (a42 + a22 + a12 + a44 - a54 - a15 - a44 - a12 - a54 - a25 - a21) * (b14)
h9008: (a13 + a45 + a43 + a14 + a42 + a15 + a15 - a35 - a31 - a55) * (b14)
h14272: (a11 - a34) * (-b21)
h15905: (-a15 - a34 - a31) * (-b14)
h21374: (a52 - a12 - a32 - a53) * (b22)
h22243: (a51 - a23 - a11 - a34 - a43 - a11) * (-b25)
c11: h51 + h113 + h202 + h82 + h124 + h947 
c12: h102 + h139 - h18 - h166 
c13: h231 + h143 
c14: h236 - h106 
c15: h18 + h1632 
c21: h15 + h74 - h7933 
c22: h139 + h46 + h143 
c23: h140 + h4171 - h369 - h947 
c24: h12 + h860 - h9008 
c25: h82 + h85 + h67 + h88 + h133 - h186 - h7387 - h8004 
c31: - h80 - h489 - h700 
c32: h46 + h143 + h369 + h296 - h21 - h206 
c33: - h248 
c34: h70 + h34 + h60 - h124 - h14272 
c35: h92 + h212 + h140 - h1464 
c41: h87 - h8118 
c42: h20 - h21374 
c43: - h31 - h88 - h296 - h15905 
c44: h77 - h45 - h22243 
c45: h143 + h25 + h3713 - h85 - h202 
c51: h70 + h25 - h116 
c52: h68 + h60 
c53: h45 + h139 
c54: h100 + h77 + h369 + h236 - h116 - h34 - h236 
c55: h34 + h88 - h870 
