0,158.416,25
100,87.304,24.4
200,70.03999999999999,24.8
300,58.088,25
400,55.712,25
500,55.160000000000004,25
600,54,25
700,51.67999999999999,24.6
800,50.672000000000004,24.6
900,50.23199999999999,24.6
1000,50.23199999999999,24.6
1100,50.215999999999994,24.6
1200,50.215999999999994,24.6
1300,48.952,24.6
1400,48.936,24.6
1500,48.36,24.6
1600,48.36,24.6
1700,47.424,24.6
1800,46.144,24.8
1900,46.144,24.8
2000,45.528,24.8
2100,45.416000000000004,24.8
2200,44.64,24.8
2300,44.048,24.8
2400,44.048,24.8
2500,43.744,24.8
2600,43.744,24.8
2700,43.39999999999999,24.8
2800,43.39999999999999,24.8
2900,43.39999999999999,24.8
3000,43.39999999999999,24.8
3100,42.568,24.8
3200,41.712,24.8
3300,41.672000000000004,24.6
3400,41.536,24.6
3500,41.536,24.6
3600,41.536,24.6
3700,41.536,24.6
3800,39.519999999999996,24.8
3900,39.519999999999996,24.8
4000,39.519999999999996,24.8
4100,39.519999999999996,24.8
4200,39.248000000000005,24.8
4300,38.071999999999996,24.8
4400,38.007999999999996,24.8
4500,38.007999999999996,24.8
4600,38.007999999999996,24.8
4700,38.007999999999996,24.8
4800,37.720000000000006,24.8
4900,37.720000000000006,24.8
5000,37.720000000000006,24.8
5100,37.216,24.8
5200,37.216,24.8
5300,37.111999999999995,24.6
5400,37.048,24.6
5500,37.048,24.6
5600,37.032000000000004,24.6
5700,36.872,24.6
5800,36.872,24.6
5900,36.416,24.6
6000,36.416,24.6
6100,36.416,24.6
6200,36.416,24.6
6300,36.416,24.6
6400,36.352,24.6
6500,35.39999999999999,24.6
6600,35.39999999999999,24.6
6700,35.39999999999999,24.6
6800,35.39999999999999,24.6
6900,35.39999999999999,24.6
7000,35.39999999999999,24.6
7100,35.39999999999999,24.6
7200,35.008,24.4
7300,34.576,24.2
7400,34.160000000000004,24.2
7500,33.408,24.2
7600,33.408,24.2
7700,32.928,24.2
7800,32.928,24.2
7900,32.928,24.2
8000,32.928,24.2
8100,32.592,24.2
8200,32.272000000000006,24.2
8300,32.272000000000006,24.2
8400,32.272000000000006,24.2
8500,32.272000000000006,24.2
8600,32.112,24.2
8700,32.016,24.4
8800,32.016,24.4
8900,30.536,24.4
9000,30.536,24.4
9100,30.536,24.4
9200,30.536,24.4
9300,30.536,24.4
9400,30.536,24.4
9500,30.536,24.4
9600,30.520000000000003,24.4
9700,30.520000000000003,24.4
9800,30.520000000000003,24.4
9900,30.520000000000003,24.4
10000,30.28,24.4
10100,30.28,24.4
10200,30.008,24.4
10300,30.008,24.4
10400,30.008,24.4
10500,30.008,24.4
10600,30.008,24.4
10700,30.008,24.4
10800,29.736,24.2
10900,29.736,24.2
11000,29.736,24.2
11100,29.736,24.2
11200,29.224,24.2
11300,29.224,24.2
11400,29.224,24.2
11500,29.224,24.2
11600,29.224,24.2
11700,29.224,24.2
11800,29.224,24.2
11900,29.224,24.2
12000,29.224,24.2
12100,29.224,24.2
12200,29.224,24.2
12300,29.224,24.2
12400,29.224,24.2
12500,29.224,24.2
12600,28.671999999999997,24.2
12700,28.671999999999997,24.2
12800,28.671999999999997,24.2
12900,28.671999999999997,24.2
13000,28.663999999999998,24.2
13100,28.663999999999998,24.2
13200,28.663999999999998,24.2
13300,28.663999999999998,24.2
13400,28.663999999999998,24.2
13500,28.663999999999998,24.2
13600,28.663999999999998,24.2
13700,28.663999999999998,24.2
13800,28.663999999999998,24.2
13900,28.663999999999998,24.2
14000,28.663999999999998,24.2
14100,28.663999999999998,24.2
14200,28.663999999999998,24.2
14300,28.663999999999998,24.2
14400,28.472,24.2
14500,28.472,24.2
14600,28.472,24.2
14700,28.472,24.2
14800,28.472,24.2
14900,28.472,24.2
15000,28.472,24.2
15100,28.472,24.2
15200,28.472,24.2
15300,28.472,24.2
15400,28.472,24.2
15500,28.472,24.2
15600,28.472,24.2
15700,28.472,24.2
15800,28.472,24.2
15900,28.472,24.2
16000,28.375999999999998,24.2
16100,28.375999999999998,24.2
16200,28.375999999999998,24.2
16300,28.375999999999998,24.2
16400,28.375999999999998,24.2
16500,28.248,24.4
16600,28.248,24.4
16700,28.064,24.4
16800,28.064,24.4
16900,28.064,24.4
17000,28.064,24.4
17100,28.064,24.4
17200,28.064,24.4
17300,28.064,24.4
17400,28.064,24.4
17500,28.064,24.4
17600,28.064,24.4
17700,27.48,24.4
17800,27.392000000000003,24.4
17900,27.392000000000003,24.4
18000,27.392000000000003,24.4
18100,27.392000000000003,24.4
18200,27.392000000000003,24.4
18300,27.392000000000003,24.4
18400,27.392000000000003,24.4
18500,27.392000000000003,24.4
18600,27.392000000000003,24.4
18700,27.392000000000003,24.4
18800,27.392000000000003,24.4
18900,27.392000000000003,24.4
19000,27.392000000000003,24.4
19100,27.392000000000003,24.4
19200,27.392000000000003,24.4
19300,27.392000000000003,24.4
19400,27.392000000000003,24.4
19500,27.392000000000003,24.4
19600,27.392000000000003,24.4
19700,27.392000000000003,24.4
19800,27.392000000000003,24.4
19900,27.392000000000003,24.4
20000,27.392000000000003,24.4
20100,27.392000000000003,24.4
20200,27.392000000000003,24.4
20300,27.392000000000003,24.4
20400,27.392000000000003,24.4
20500,27.008000000000003,24.4
20600,27.008000000000003,24.4
20700,27.008000000000003,24.4
20800,27.008000000000003,24.4
20900,27.008000000000003,24.4
21000,27.008000000000003,24.4
21100,27.008000000000003,24.4
21200,27.008000000000003,24.4
21300,27.008000000000003,24.4
21400,27.008000000000003,24.4
21500,27.008000000000003,24.4
21600,27.008000000000003,24.4
21700,27.008000000000003,24.4
21800,27.008000000000003,24.4
21900,27.008000000000003,24.4
22000,27.008000000000003,24.4
22100,27.008000000000003,24.4
22200,27.008000000000003,24.4
22300,27.008000000000003,24.4
22400,27.008000000000003,24.4
22500,27.008000000000003,24.4
22600,27.008000000000003,24.4
22700,26.552,24.4
22800,26.439999999999998,24.4
22900,26.04,24.4
23000,26.04,24.4
23100,26.04,24.4
23200,26.04,24.4
23300,26.04,24.4
23400,26,24.4
23500,26,24.4
23600,26,24.4
23700,26,24.4
23800,26,24.4
23900,26,24.4
24000,26,24.4
24100,26,24.4
24200,26,24.4
24300,26,24.4
24400,26,24.4
24500,26,24.4
24600,26,24.4
24700,26,24.4
24800,26,24.4
24900,26,24.4
25000,26,24.4
25100,26,24.4
25200,26,24.4
25300,26,24.4
25400,26,24.4
25500,26,24.4
25600,26,24.4
25700,26,24.4
25800,26,24.4
25900,25.968,24.4
26000,25.968,24.4
26100,25.968,24.4
26200,25.968,24.4
26300,25.968,24.4
26400,25.968,24.4
26500,25.968,24.4
26600,25.968,24.4
26700,25.968,24.4
26800,25.968,24.4
26900,25.968,24.4
27000,25.968,24.4
27100,25.968,24.4
27200,25.968,24.4
27300,25.968,24.4
27400,25.968,24.4
27500,25.968,24.4
27600,25.968,24.4
27700,25.968,24.4
27800,25.968,24.4
27900,25.968,24.4
28000,25.968,24.4
28100,25.968,24.4
28200,25.968,24.4
28300,25.968,24.4
28400,25.96,24.4
28500,25.96,24.4
28600,25.96,24.4
28700,25.96,24.4
28800,25.96,24.4
28900,25.96,24.4
29000,25.96,24.4
29100,25.96,24.4
29200,25.96,24.4
29300,25.96,24.4
29400,25.96,24.4
29500,25.96,24.4
29600,25.96,24.4
29700,25.96,24.4
29800,25.96,24.4
29900,25.96,24.4
30000,25.96,24.4
30100,25.96,24.4
30200,25.96,24.4
30300,25.96,24.4
30400,25.96,24.4
30500,25.96,24.4
30600,25.96,24.4
30700,25.96,24.4
30800,25.96,24.4
30900,25.96,24.4
31000,25.96,24.4
31100,25.96,24.4
31200,25.96,24.4
31300,25.96,24.4
31400,25.96,24.4
31500,25.96,24.4
31600,25.96,24.4
31700,25.96,24.4
31800,25.96,24.4
31900,25.96,24.4
32000,25.96,24.4
32100,25.96,24.4
32200,25.96,24.4
32300,25.96,24.4
32400,25.96,24.4
32500,25.96,24.4
32600,25.96,24.4
32700,25.96,24.4
32800,25.96,24.4
32900,25.96,24.4
33000,25.96,24.4
33100,25.96,24.4
33200,25.96,24.4
33300,25.96,24.4
33400,25.96,24.4
33500,25.96,24.4
33600,25.96,24.4
33700,25.96,24.4
33800,25.96,24.4
33900,25.96,24.4
34000,25.96,24.4
34100,25.96,24.4
34200,25.96,24.4
34300,25.96,24.4
34400,25.96,24.4
34500,25.96,24.4
34600,25.96,24.4
34700,25.96,24.4
34800,25.96,24.4
34900,25.96,24.4
35000,25.96,24.4
35100,25.96,24.4
35200,25.96,24.4
35300,25.96,24.4
35400,25.96,24.4
35500,25.96,24.4
35600,25.96,24.4
35700,25.96,24.4
35800,25.96,24.4
35900,25.96,24.4
36000,25.96,24.4
36100,25.96,24.4
36200,25.96,24.4
36300,25.96,24.4
36400,25.96,24.4
36500,25.96,24.4
36600,25.96,24.4
36700,25.96,24.4
36800,25.96,24.4
36900,25.96,24.4
37000,25.96,24.4
37100,25.96,24.4
37200,25.912,24.6
37300,25.912,24.6
37400,25.912,24.6
37500,25.912,24.6
37600,25.912,24.6
37700,25.912,24.6
37800,25.912,24.6
37900,25.912,24.6
38000,25.912,24.6
38100,25.912,24.6
38200,25.912,24.6
38300,25.912,24.6
38400,25.912,24.6
38500,25.912,24.6
38600,25.912,24.6
38700,25.912,24.6
38800,25.912,24.6
38900,25.912,24.6
39000,25.912,24.6
39100,25.912,24.6
39200,25.912,24.6
39300,25.912,24.6
39400,25.912,24.6
39500,25.912,24.6
39600,25.912,24.6
39700,25.912,24.6
39800,25.912,24.6
39900,25.912,24.6
40000,25.912,24.6
40100,25.912,24.6
40200,25.912,24.6
40300,25.912,24.6
40400,25.912,24.6
40500,25.912,24.6
40600,25.912,24.6
40700,25.912,24.6
40800,25.912,24.6
40900,25.912,24.6
41000,25.912,24.6
41100,25.912,24.6
41200,25.912,24.6
41300,25.912,24.6
41400,25.912,24.6
41500,25.912,24.6
41600,25.912,24.6
41700,25.912,24.6
41800,25.912,24.6
41900,25.912,24.6
42000,25.912,24.6
42100,25.912,24.6
42200,25.912,24.6
42300,25.912,24.6
42400,25.912,24.6
42500,25.912,24.6
42600,25.912,24.6
42700,25.912,24.6
42800,25.912,24.6
42900,25.912,24.6
43000,25.912,24.6
43100,25.912,24.6
43200,25.912,24.6
43300,25.912,24.6
43400,25.912,24.6
43500,25.912,24.6
43600,25.912,24.6
43700,25.912,24.6
43800,25.912,24.6
43900,25.912,24.6
44000,25.912,24.6
44100,25.912,24.6
44200,25.912,24.6
44300,25.912,24.6
44400,25.912,24.6
44500,25.912,24.6
44600,25.912,24.6
44700,25.912,24.6
44800,25.912,24.6
44900,25.912,24.6
45000,25.912,24.6
45100,25.912,24.6
45200,25.912,24.6
45300,25.912,24.6
45400,25.912,24.6
45500,25.912,24.6
45600,25.912,24.6
45700,25.912,24.6
45800,25.912,24.6
45900,25.912,24.6
46000,25.912,24.6
46100,25.912,24.6
46200,25.912,24.6
46300,25.912,24.6
46400,25.912,24.6
46500,25.912,24.6
46600,25.912,24.6
46700,25.912,24.6
46800,25.912,24.6
46900,25.912,24.6
47000,25.912,24.6
47100,25.912,24.6
47200,25.912,24.6
47300,25.912,24.6
47400,25.912,24.6
47500,25.912,24.6
47600,25.912,24.6
47700,25.912,24.6
47800,25.912,24.6
47900,25.912,24.6
48000,25.688,24.6
48100,25.688,24.6
48200,25.688,24.6
48300,25.688,24.6
48400,25.688,24.6
48500,25.688,24.6
48600,25.688,24.6
48700,25.688,24.6
48800,25.688,24.6
48900,25.688,24.6
49000,25.688,24.6
49100,25.688,24.6
49200,25.688,24.6
49300,25.688,24.6
49400,25.688,24.6
49500,25.688,24.6
49600,25.688,24.6
49700,25.688,24.6
49800,25.688,24.6
49900,25.688,24.6
50000,25.688,24.6
50100,25.688,24.6
50200,25.688,24.6
50300,25.688,24.6
50400,25.688,24.6
50500,25.688,24.6
50600,25.688,24.6
50700,25.688,24.6
50800,25.688,24.6
50900,25.688,24.6
51000,25.688,24.6
51100,25.688,24.6
51200,25.688,24.6
51300,25.688,24.6
51400,25.688,24.6
51500,25.688,24.6
51600,25.688,24.6
51700,25.688,24.6
51800,25.688,24.6
51900,25.688,24.6
52000,25.688,24.6
52100,25.688,24.6
52200,25.688,24.6
52300,25.688,24.6
52400,25.688,24.6
52500,25.688,24.6
52600,25.688,24.6
52700,25.688,24.6
52800,25.688,24.6
52900,25.688,24.6
53000,25.688,24.6
53100,25.688,24.6
53200,25.688,24.6
53300,25.688,24.6
53400,25.688,24.6
53500,25.688,24.6
53600,25.688,24.6
53700,25.688,24.6
53800,25.688,24.6
53900,25.688,24.6
54000,25.688,24.6
54100,25.688,24.6
54200,25.688,24.6
54300,25.688,24.6
54400,25.688,24.6
54500,25.688,24.6
54600,25.688,24.6
54700,25.688,24.6
54800,25.688,24.6
54900,25.688,24.6
55000,25.688,24.6
55100,25.688,24.6
55200,25.688,24.6
55300,25.688,24.6
55400,25.688,24.6
55500,25.688,24.6
55600,25.688,24.6
55700,25.688,24.6
55800,25.688,24.6
55900,25.688,24.6
56000,25.688,24.6
56100,25.688,24.6
56200,25.688,24.6
56300,25.688,24.6
56400,25.688,24.6
56500,25.688,24.6
56600,25.688,24.6
56700,25.688,24.6
56800,25.688,24.6
56900,25.688,24.6
57000,25.688,24.6
57100,25.688,24.6
57200,25.688,24.6
57300,25.688,24.6
57400,25.688,24.6
57500,25.688,24.6
57600,25.688,24.6
57700,25.672000000000004,24.8
57800,25.672000000000004,24.8
57900,25.672000000000004,24.8
58000,25.672000000000004,24.8
58100,25.672000000000004,24.8
58200,25.672000000000004,24.8
58300,25.672000000000004,24.8
58400,25.672000000000004,24.8
58500,25.672000000000004,24.8
58600,25.672000000000004,24.8
58700,25.672000000000004,24.8
58800,25.672000000000004,24.8
58900,25.672000000000004,24.8
59000,25.672000000000004,24.8
59100,25.672000000000004,24.8
59200,25.672000000000004,24.8
59300,25.672000000000004,24.8
59400,25.672000000000004,24.8
59500,25.672000000000004,24.8
59600,25.672000000000004,24.8
59700,25.672000000000004,24.8
59800,25.672000000000004,24.8
59900,25.672000000000004,24.8
60000,25.672000000000004,24.8
60100,25.672000000000004,24.8
60200,25.672000000000004,24.8
60300,25.672000000000004,24.8
60400,25.672000000000004,24.8
60500,25.672000000000004,24.8
60600,25.672000000000004,24.8
60700,25.672000000000004,24.8
60800,25.672000000000004,24.8
60900,25.672000000000004,24.8
61000,25.672000000000004,24.8
61100,25.672000000000004,24.8
61200,25.672000000000004,24.8
61300,25.672000000000004,24.8
61400,25.672000000000004,24.8
61500,25.672000000000004,24.8
61600,25.672000000000004,24.8
61700,25.672000000000004,24.8
61800,25.672000000000004,24.8
61900,25.672000000000004,24.8
62000,25.672000000000004,24.8
62100,25.672000000000004,24.8
62200,25.672000000000004,24.8
62300,25.672000000000004,24.8
62400,25.672000000000004,24.8
62500,25.672000000000004,24.8
62600,25.672000000000004,24.8
62700,25.672000000000004,24.8
62800,25.672000000000004,24.8
62900,25.672000000000004,24.8
63000,25.672000000000004,24.8
63100,25.672000000000004,24.8
63200,25.672000000000004,24.8
63300,25.672000000000004,24.8
63400,25.672000000000004,24.8
63500,25.672000000000004,24.8
63600,25.672000000000004,24.8
63700,25.672000000000004,24.8
63800,25.672000000000004,24.8
63900,25.672000000000004,24.8
64000,25.672000000000004,24.8
64100,25.672000000000004,24.8
64200,25.672000000000004,24.8
64300,25.672000000000004,24.8
64400,25.672000000000004,24.8
64500,25.672000000000004,24.8
64600,25.672000000000004,24.8
64700,25.672000000000004,24.8
64800,25.672000000000004,24.8
64900,25.672000000000004,24.8
65000,25.672000000000004,24.8
65100,25.672000000000004,24.8
65200,25.672000000000004,24.8
65300,25.672000000000004,24.8
65400,25.672000000000004,24.8
65500,25.672000000000004,24.8
65600,25.559999999999995,24.8
65700,25.559999999999995,24.8
65800,25.559999999999995,24.8
65900,25.559999999999995,24.8
66000,25.559999999999995,24.8
66100,25.559999999999995,24.8
66200,25.559999999999995,24.8
66300,25.559999999999995,24.8
66400,25.559999999999995,24.8
66500,25.559999999999995,24.8
66600,25.559999999999995,24.8
66700,25.559999999999995,24.8
66800,25.559999999999995,24.8
66900,25.559999999999995,24.8
67000,25.559999999999995,24.8
67100,25.559999999999995,24.8
67200,25.559999999999995,24.8
67300,25.559999999999995,24.8
67400,25.559999999999995,24.8
67500,25.559999999999995,24.8
67600,25.559999999999995,24.8
67700,25.559999999999995,24.8
67800,25.559999999999995,24.8
67900,25.559999999999995,24.8
68000,25.559999999999995,24.8
68100,25.559999999999995,24.8
68200,25.559999999999995,24.8
68300,25.559999999999995,24.8
68400,25.559999999999995,24.8
68500,25.559999999999995,24.8
68600,25.559999999999995,24.8
68700,25.559999999999995,24.8
68800,25.559999999999995,24.8
68900,25.559999999999995,24.8
69000,25.559999999999995,24.8
69100,25.559999999999995,24.8
69200,25.559999999999995,24.8
69300,25.559999999999995,24.8
69400,25.559999999999995,24.8
69500,25.559999999999995,24.8
69600,25.559999999999995,24.8
69700,25.559999999999995,24.8
69800,25.559999999999995,24.8
69900,25.559999999999995,24.8
70000,25.559999999999995,24.8
70100,25.559999999999995,24.8
70200,25.559999999999995,24.8
70300,25.559999999999995,24.8
70400,25.559999999999995,24.8
70500,25.559999999999995,24.8
70600,25.559999999999995,24.8
70700,25.559999999999995,24.8
70800,25.559999999999995,24.8
70900,25.559999999999995,24.8
71000,25.559999999999995,24.8
71100,25.559999999999995,24.8
71200,25.559999999999995,24.8
71300,25.559999999999995,24.8
71400,25.559999999999995,24.8
71500,25.559999999999995,24.8
71600,25.559999999999995,24.8
71700,25.559999999999995,24.8
71800,25.559999999999995,24.8
71900,25.559999999999995,24.8
72000,25.559999999999995,24.8
72100,25.559999999999995,24.8
72200,25.559999999999995,24.8
72300,25.559999999999995,24.8
72400,25.559999999999995,24.8
72500,25.559999999999995,24.8
72600,25.559999999999995,24.8
72700,25.559999999999995,24.8
72800,25.559999999999995,24.8
72900,25.559999999999995,24.8
73000,25.559999999999995,24.8
73100,25.559999999999995,24.8
73200,25.104,24.8
73300,25.104,24.8
73400,25.104,24.8
73500,25.104,24.8
73600,25.104,24.8
73700,25.104,24.8
73800,25.104,24.8
73900,25.104,24.8
74000,25.104,24.8
74100,25.104,24.8
74200,25.104,24.8
74300,25.104,24.8
74400,25.104,24.8
74500,25.104,24.8
74600,25.104,24.8
74700,25.104,24.8
74800,25.104,24.8
74900,25.104,24.8
75000,25.104,24.8
75100,25.104,24.8
75200,25.104,24.8
75300,25.104,24.8
75400,25.104,24.8
75500,25.104,24.8
75600,25.104,24.8
75700,25.104,24.8
75800,25.104,24.8
75900,25.104,24.8
76000,25.104,24.8
76100,25.104,24.8
76200,25.104,24.8
76300,25.104,24.8
76400,25.104,24.8
76500,25.104,24.8
76600,25.104,24.8
76700,25.104,24.8
76800,25.104,24.8
76900,25.104,24.8
77000,25.104,24.8
77100,25.104,24.8
77200,25.104,24.8
77300,25.104,24.8
77400,25.104,24.8
77500,25.104,24.8
77600,25.104,24.8
77700,25.104,24.8
77800,25.104,24.8
77900,25.104,24.8
78000,24.887999999999998,24.6
78100,24.887999999999998,24.6
78200,24.887999999999998,24.6
78300,24.887999999999998,24.6
78400,24.887999999999998,24.6
78500,24.887999999999998,24.6
78600,24.887999999999998,24.6
78700,24.887999999999998,24.6
78800,24.887999999999998,24.6
78900,24.887999999999998,24.6
79000,24.887999999999998,24.6
79100,24.887999999999998,24.6
79200,24.887999999999998,24.6
79300,24.887999999999998,24.6
79400,24.887999999999998,24.6
79500,24.887999999999998,24.6
79600,24.887999999999998,24.6
79700,24.887999999999998,24.6
79800,24.887999999999998,24.6
79900,24.887999999999998,24.6
80000,24.887999999999998,24.6
80100,24.887999999999998,24.6
80200,24.887999999999998,24.6
80300,24.887999999999998,24.6
80400,24.887999999999998,24.6
80500,24.887999999999998,24.6
80600,24.887999999999998,24.6
80700,24.887999999999998,24.6
80800,24.887999999999998,24.6
80900,24.887999999999998,24.6
81000,24.887999999999998,24.6
81100,24.887999999999998,24.6
81200,24.887999999999998,24.6
81300,24.887999999999998,24.6
81400,24.887999999999998,24.6
81500,24.887999999999998,24.6
81600,24.887999999999998,24.6
81700,24.887999999999998,24.6
81800,24.887999999999998,24.6
81900,24.887999999999998,24.6
82000,24.887999999999998,24.6
82100,24.887999999999998,24.6
82200,24.887999999999998,24.6
82300,24.887999999999998,24.6
82400,24.887999999999998,24.6
82500,24.887999999999998,24.6
82600,24.887999999999998,24.6
82700,24.887999999999998,24.6
82800,24.887999999999998,24.6
82900,24.887999999999998,24.6
83000,24.887999999999998,24.6
83100,24.887999999999998,24.6
83200,24.887999999999998,24.6
83300,24.887999999999998,24.6
83400,24.887999999999998,24.6
83500,24.887999999999998,24.6
83600,24.887999999999998,24.6
83700,24.887999999999998,24.6
83800,24.887999999999998,24.6
83900,24.887999999999998,24.6
84000,24.887999999999998,24.6
84100,24.887999999999998,24.6
84200,24.887999999999998,24.6
84300,24.887999999999998,24.6
84400,24.887999999999998,24.6
84500,24.887999999999998,24.6
84600,24.887999999999998,24.6
84700,24.887999999999998,24.6
84800,24.887999999999998,24.6
84900,24.887999999999998,24.6
85000,24.887999999999998,24.6
85100,24.887999999999998,24.6
85200,24.887999999999998,24.6
85300,24.887999999999998,24.6
85400,24.887999999999998,24.6
85500,24.887999999999998,24.6
85600,24.887999999999998,24.6
85700,24.887999999999998,24.6
85800,24.887999999999998,24.6
85900,24.887999999999998,24.6
86000,24.887999999999998,24.6
86100,24.887999999999998,24.6
86200,24.887999999999998,24.6
86300,24.887999999999998,24.6
86400,24.887999999999998,24.6
86500,24.887999999999998,24.6
86600,24.887999999999998,24.6
86700,24.887999999999998,24.6
86800,24.887999999999998,24.6
86900,24.887999999999998,24.6
87000,24.887999999999998,24.6
87100,24.887999999999998,24.6
87200,24.887999999999998,24.6
87300,24.887999999999998,24.6
87400,24.887999999999998,24.6
87500,24.887999999999998,24.6
87600,24.887999999999998,24.6
87700,24.887999999999998,24.6
87800,24.887999999999998,24.6
87900,24.887999999999998,24.6
88000,24.887999999999998,24.6
88100,24.887999999999998,24.6
88200,24.887999999999998,24.6
88300,24.887999999999998,24.6
88400,24.887999999999998,24.6
88500,24.887999999999998,24.6
88600,24.887999999999998,24.6
88700,24.887999999999998,24.6
88800,24.887999999999998,24.6
88900,24.887999999999998,24.6
89000,24.887999999999998,24.6
89100,24.887999999999998,24.6
89200,24.887999999999998,24.6
89300,24.887999999999998,24.6
89400,24.887999999999998,24.6
89500,24.887999999999998,24.6
89600,24.887999999999998,24.6
89700,24.887999999999998,24.6
89800,24.887999999999998,24.6
89900,24.887999999999998,24.6
90000,24.887999999999998,24.6
90100,24.887999999999998,24.6
90200,24.887999999999998,24.6
90300,24.887999999999998,24.6
90400,24.887999999999998,24.6
90500,24.887999999999998,24.6
90600,24.887999999999998,24.6
90700,24.887999999999998,24.6
90800,24.887999999999998,24.6
90900,24.887999999999998,24.6
91000,24.887999999999998,24.6
91100,24.887999999999998,24.6
91200,24.887999999999998,24.6
91300,24.887999999999998,24.6
91400,24.887999999999998,24.6
91500,24.887999999999998,24.6
91600,24.887999999999998,24.6
91700,24.887999999999998,24.6
91800,24.887999999999998,24.6
91900,24.887999999999998,24.6
92000,24.887999999999998,24.6
92100,24.887999999999998,24.6
92200,24.887999999999998,24.6
92300,24.887999999999998,24.6
92400,24.887999999999998,24.6
92500,24.887999999999998,24.6
92600,24.887999999999998,24.6
92700,24.887999999999998,24.6
92800,24.887999999999998,24.6
92900,24.672000000000004,24.6
93000,24.672000000000004,24.6
93100,24.672000000000004,24.6
93200,24.672000000000004,24.6
93300,24.672000000000004,24.6
93400,24.672000000000004,24.6
93500,24.672000000000004,24.6
93600,24.672000000000004,24.6
93700,24.672000000000004,24.6
93800,24.672000000000004,24.6
93900,24.672000000000004,24.6
94000,24.672000000000004,24.6
94100,24.672000000000004,24.6
94200,24.672000000000004,24.6
94300,24.672000000000004,24.6
94400,24.672000000000004,24.6
94500,24.672000000000004,24.6
94600,24.672000000000004,24.6
94700,24.672000000000004,24.6
94800,24.672000000000004,24.6
94900,24.672000000000004,24.6
95000,24.672000000000004,24.6
95100,24.672000000000004,24.6
95200,24.672000000000004,24.6
95300,24.672000000000004,24.6
95400,24.672000000000004,24.6
95500,24.672000000000004,24.6
95600,24.672000000000004,24.6
95700,24.607999999999997,24.6
95800,24.607999999999997,24.6
95900,24.607999999999997,24.6
96000,24.607999999999997,24.6
96100,24.607999999999997,24.6
96200,24.607999999999997,24.6
96300,24.607999999999997,24.6
96400,24.607999999999997,24.6
96500,24.607999999999997,24.6
96600,24.607999999999997,24.6
96700,24.607999999999997,24.6
96800,24.607999999999997,24.6
96900,24.607999999999997,24.6
97000,24.607999999999997,24.6
97100,24.607999999999997,24.6
97200,24.607999999999997,24.6
97300,24.607999999999997,24.6
97400,24.607999999999997,24.6
97500,24.607999999999997,24.6
97600,24.424,24.6
97700,24.424,24.6
97800,24.424,24.6
97900,24.424,24.6
98000,24.424,24.6
98100,24.424,24.6
98200,24.424,24.6
98300,24.424,24.6
98400,24.424,24.6
98500,24.424,24.6
98600,24.424,24.6
98700,24.424,24.6
98800,24.424,24.6
98900,24.424,24.6
99000,24.424,24.6
99100,24.424,24.6
99200,24.424,24.6
99300,24.424,24.6
99400,24.424,24.6
99500,24.424,24.6
99600,24.424,24.6
99700,24.424,24.6
99800,24.424,24.6
99900,24.424,24.6
99999,24.424,24.6

START ALGORITHM
h9: (a31 + a53 + a51 + a21 + a14 + a12 + a43 + a53 + a11 + a42 - a15 - a32 - a21 - a24 - a21 - a35 - a11 - a22 - a25 - a53 - a43) * (-b44)
h15: (a55 + a31 + a13 - a23 - a11 - a45) * (b22 - b45)
h18: (a33 + a55 - a45) * (b21 + b13 + b43)
h38: (a34) * (b22 - b14 - b43)
h44: (a25 + a13 + a54) * (b35 - b33 - b22)
h46: (a13 + a54) * (b15 + b13)
h49: (a44 - a15 - a53) * (b12 - b41)
h50: (a13 + a45 - a45 - a32) * (b12 + b15 + b32 - b23)
h60: (a41 - a53 - a32) * (-b23)
h64: (a15 + a24 + a12 - a13 - a51 - a21) * (b31 + b31 - b53 - b34)
h66: (a14) * (-b15)
h78: (a34 + a34 + a31) * (b25)
h79: (a31) * (-b45)
h85: (-a51) * (-b33 - b45)
h92: (-a34) * (-b45 - b13)
h97: (a43 + a45 + a13 + a21 - a21 - a15) * (b43)
h104: (a32 - a44 - a21 - a24) * (-b11)
h106: (a22 + a15 + a23 - a54 - a51 - a54 - a44 - a14) * (b53 - b24 - b24 - b43 - b12)
h107: (a14 + a23 - a14 - a51 - a12) * (b31 + b45)
h115: (-a45) * (-b15)
h119: (a32 + a23 - a41 - a24 - a24) * (b45)
h121: (-a32 - a11 - a25) * (-b22 - b12)
h123: (a24 + a33 + a53 + a22 + a43 - a53 - a53 - a21 - a54 - a42 - a44) * (b12 - b14)
h130: (a12) * (b45)
h131: (a12 - a35 - a32) * (-b22)
h136: (a13) * (b13)
h156: (a51 + a31 + a24 - a43 - a22 - a43 - a34) * (b14 + b55 - b15)
h174: (a55 + a24) * (-b34)
h187: (a24) * (-b21)
h203: (a53 + a33 - a12) * (-b55 - b53)
h232: (a44 + a22 + a52 + a32 + a32 - a22 - a53 - a31 - a45 - a33) * (b32 + b32 + b35 + b21 - b21)
h239: (-a13) * (b44)
h243: (a34 + a25 - a51 - a24 - a23 - a15) * (b35 - b33 - b55)
h295: (-a11 - a44) * (-b13)
h403: (a12 + a52 + a51 + a11 + a52 - a31) * (b23)
h449: (a11 + a55 - a42 - a32) * (b41)
h477: (a33 + a42 - a31) * (-b42)
h620: (a55 + a14 + a44 + a12 + a24 + a54 + a45 + a35 - a42 - a53) * (b11 + b24 - b32)
h948: (a24 + a15 + a54) * (b55 + b23 + b15 - b45 - b11)
h976: (a55 + a31 + a54 - a35 - a55 - a41 - a13 - a53) * (b24 + b21 + b51 + b12 - b52)
h990: (a25 + a25 - a45) * (-b14 - b23 - b25)
h1333: (a22 + a34 - a23 - a21) * (-b35)
h1353: (a11) * (b44 + b12 - b52 - b22 - b33 - b12)
h1471: (-a31) * (-b12)
h1634: (a25 - a11) * (b11 - b51 - b42)
h2138: (a35 + a35 - a33 - a54) * (b54)
h2201: (a54 + a52 + a22 + a52 + a15 - a23 - a41 - a13 - a15 - a15 - a51) * (-b55)
h2435: (a52 + a41 + a54 + a14 + a12 + a53 - a53 - a34 - a41 - a25 - a44) * (-b54 - b33)
h3301: (a53 + a31 + a41 + a55 - a35) * (b35 + b12 + b22 + b25)
h3706: (a15) * (b13)
h3744: (-a15) * (-b34)
h4515: (a21) * (b42 - b53)
h7285: (a25 + a22 + a33 - a44 - a11 - a23) * (b13 + b21 - b42 - b15)
h11457: (a23 - a11) * (b43 - b45)
h11775: (a31) * (-b15)
h46826: (a11 + a14 + a13 + a54 - a24) * (b11)
c11: h449 + h477 + h49 - h11775 
c12: h174 + h403 + h449 + h44 - h295 
c13: - h130 - h243 
c14: h66 + h239 
c15: h97 + h104 + h156 
c21: h121 + h990 + h3744 + h1471 - h1471 
c22: h50 + h131 + h115 + h232 + h60 + h46826 - h203 - h976 
c23: h119 + h130 - h9 - h38 - h136 
c24: h131 + h64 
c25: h78 + h2138 - h85 - h4515 
c31: h97 + h2201 - h66 
c32: - h620 
c33: h477 + h7285 
c34: h46 + h1333 - h115 
c35: h15 + h119 + h123 + h50 - h3301 
c41: h106 + h60 + h449 + h64 - h1353 
c42: h92 + h11457 
c43: h49 + h2138 
c44: h106 + h121 + h449 + h1471 
c45: h79 - h44 - h187 
c51: h92 + h121 + h123 - h948 
c52: h239 + h115 + h2435 + h1333 - h46 - h18 
c53: h232 + h11775 - h18 
c54: h49 + h1634 + h449 + h3706 - h3706 
c55: h107 - h1333 
