0,171.99200000000002,25
100,135.8,25
200,123.53599999999999,25
300,111.52000000000001,25
400,93.992,25
500,81.40799999999999,25
600,77.35999999999999,25
700,73.32000000000001,25
800,66.808,25
900,65.032,25
1000,64.888,25
1100,64.208,25
1200,64.00800000000001,25
1300,62.751999999999995,25
1400,61.928,25
1500,60.36,25
1600,59.544,25
1700,59.056000000000004,25
1800,57.34400000000001,25
1900,57.08,25
2000,56.424,25
2100,56.424,25
2200,56.424,25
2300,56.424,25
2400,56.424,25
2500,56.424,25
2600,55.144000000000005,25
2700,54.879999999999995,25
2800,54.248000000000005,25
2900,53.432,25
3000,53.007999999999996,25
3100,51.19199999999999,25
3200,50.312,25
3300,49.992000000000004,25
3400,49.464,25
3500,49.464,25
3600,49.464,25
3700,49.464,25
3800,49.464,25
3900,47.608,25
4000,47.608,25
4100,46.63199999999999,25
4200,45.064,25
4300,44.824,25
4400,44.824,25
4500,44.824,25
4600,43.336,25
4700,43.336,25
4800,43.336,25
4900,43.336,25
5000,42.888,25
5100,42.888,25
5200,42.888,25
5300,42.888,25
5400,42.888,25
5500,42.656,25
5600,42.432,25
5700,42.432,25
5800,42.432,25
5900,41.336,25
6000,41.208,25
6100,40.936,25
6200,40.936,25
6300,39.992000000000004,24.8
6400,39.992000000000004,24.8
6500,39.992000000000004,24.8
6600,39.992000000000004,24.8
6700,39.992000000000004,24.8
6800,39.992000000000004,24.8
6900,39.992000000000004,24.8
7000,39.696000000000005,24.8
7100,39.696000000000005,24.8
7200,39.48799999999999,24.8
7300,38.104,24.4
7400,38.104,24.4
7500,38.104,24.4
7600,38.104,24.4
7700,38.104,24.4
7800,38.104,24.4
7900,38.104,24.4
8000,38.104,24.4
8100,38.104,24.4
8200,38.104,24.4
8300,38.096,24.4
8400,38.096,24.4
8500,38.096,24.4
8600,36.55200000000001,24.4
8700,36.55200000000001,24.4
8800,36.55200000000001,24.4
8900,36.55200000000001,24.4
9000,36.55200000000001,24.4
9100,36.55200000000001,24.4
9200,36.55200000000001,24.4
9300,36.55200000000001,24.4
9400,36.55200000000001,24.4
9500,36.55200000000001,24.4
9600,36.55200000000001,24.4
9700,36.55200000000001,24.4
9800,36.55200000000001,24.4
9900,36.55200000000001,24.4
10000,36.55200000000001,24.4
10100,36.55200000000001,24.4
10200,36.55200000000001,24.4
10300,36.416000000000004,24.4
10400,36.416000000000004,24.4
10500,36.416000000000004,24.4
10600,36.416000000000004,24.4
10700,36.416000000000004,24.4
10800,36.416000000000004,24.4
10900,34.336,24.4
11000,32.592,24.4
11100,32.592,24.4
11200,32.592,24.4
11300,32.592,24.4
11400,32.592,24.4
11500,32.592,24.4
11600,32.416,24.4
11700,32.416,24.4
11800,32.416,24.4
11900,32.416,24.4
12000,32.416,24.4
12100,32.416,24.4
12200,32.416,24.4
12300,32.416,24.4
12400,32.416,24.4
12500,32.416,24.4
12600,32.416,24.4
12700,32.416,24.4
12800,32.416,24.4
12900,32.416,24.4
13000,32.416,24.4
13100,32.416,24.4
13200,32.416,24.4
13300,32.416,24.4
13400,32.416,24.4
13500,32.416,24.4
13600,32.416,24.4
13700,32.416,24.4
13800,32,24.4
13900,31.576,24.4
14000,31.576,24.4
14100,31.576,24.4
14200,31.576,24.4
14300,31.576,24.4
14400,31.576,24.4
14500,31.576,24.4
14600,31.576,24.4
14700,31.576,24.4
14800,31.448,24.6
14900,31.448,24.6
15000,31.448,24.6
15100,31.448,24.6
15200,31.448,24.6
15300,31.448,24.6
15400,31.448,24.6
15500,31.448,24.6
15600,31.448,24.6
15700,31.448,24.6
15800,31.448,24.6
15900,31.448,24.6
16000,31.448,24.6
16100,31.448,24.6
16200,31.448,24.6
16300,31.448,24.6
16400,31.448,24.6
16500,31.448,24.6
16600,31.448,24.6
16700,31.448,24.6
16800,31.448,24.6
16900,31.448,24.6
17000,31.448,24.6
17100,31.448,24.6
17200,31.448,24.6
17300,31.448,24.6
17400,31.448,24.6
17500,31.448,24.6
17600,31.448,24.6
17700,31.448,24.6
17800,31.448,24.6
17900,31.448,24.6
18000,31.112000000000002,24.6
18100,31.112000000000002,24.6
18200,31.112000000000002,24.6
18300,30.384000000000004,24.6
18400,30.384000000000004,24.6
18500,30.384000000000004,24.6
18600,30.384000000000004,24.6
18700,30.384000000000004,24.6
18800,30.384000000000004,24.6
18900,30.384000000000004,24.6
19000,30.384000000000004,24.6
19100,30.384000000000004,24.6
19200,30.384000000000004,24.6
19300,30.384000000000004,24.6
19400,30.384000000000004,24.6
19500,30.384000000000004,24.6
19600,30.384000000000004,24.6
19700,30.384000000000004,24.6
19800,30.384000000000004,24.6
19900,30.384000000000004,24.6
20000,30.384000000000004,24.6
20100,30.384000000000004,24.6
20200,30.384000000000004,24.6
20300,30.384000000000004,24.6
20400,30.384000000000004,24.6
20500,30.384000000000004,24.6
20600,30.384000000000004,24.6
20700,30.384000000000004,24.6
20800,30.384000000000004,24.6
20900,30.384000000000004,24.6
21000,30.384000000000004,24.6
21100,30.384000000000004,24.6
21200,30.384000000000004,24.6
21300,30.384000000000004,24.6
21400,30.384000000000004,24.6
21500,30.384000000000004,24.6
21600,30.384000000000004,24.6
21700,30.384000000000004,24.6
21800,30.384000000000004,24.6
21900,30.384000000000004,24.6
22000,30.384000000000004,24.6
22100,30.384000000000004,24.6
22200,30.384000000000004,24.6
22300,30.384000000000004,24.6
22400,30.384000000000004,24.6
22500,30.384000000000004,24.6
22600,30.384000000000004,24.6
22700,30.384000000000004,24.6
22800,30.384000000000004,24.6
22900,30.384000000000004,24.6
23000,30.384000000000004,24.6
23100,30.384000000000004,24.6
23200,30.384000000000004,24.6
23300,30.384000000000004,24.6
23400,30.384000000000004,24.6
23500,30.384000000000004,24.6
23600,30.384000000000004,24.6
23700,30.384000000000004,24.6
23800,30.384000000000004,24.6
23900,30.384000000000004,24.6
24000,30.384000000000004,24.6
24100,30.384000000000004,24.6
24200,30.384000000000004,24.6
24300,30.384000000000004,24.6
24400,30.384000000000004,24.6
24500,30.384000000000004,24.6
24600,30.384000000000004,24.6
24700,30.384000000000004,24.6
24800,30.384000000000004,24.6
24900,30.384000000000004,24.6
25000,30.384000000000004,24.6
25100,30.008,24.6
25200,30.008,24.6
25300,29.992,24.6
25400,29.992,24.6
25500,29.992,24.6
25600,29.992,24.6
25700,29.992,24.6
25800,29.992,24.6
25900,29.992,24.6
26000,29.992,24.6
26100,29.992,24.6
26200,29.992,24.6
26300,29.992,24.6
26400,29.992,24.6
26500,29.992,24.6
26600,29.992,24.6
26700,29.992,24.6
26800,29.992,24.6
26900,29.992,24.6
27000,29.992,24.6
27100,29.992,24.6
27200,29.992,24.6
27300,29.992,24.6
27400,29.992,24.6
27500,29.992,24.6
27600,29.984,24.6
27700,29.984,24.6
27800,29.984,24.6
27900,29.984,24.6
28000,29.984,24.6
28100,29.984,24.6
28200,29.984,24.6
28300,29.984,24.6
28400,29.568,24.6
28500,29.568,24.6
28600,29.568,24.6
28700,29.568,24.6
28800,29.568,24.6
28900,29.568,24.6
29000,29.568,24.6
29100,29.568,24.6
29200,29.568,24.6
29300,29.568,24.6
29400,29.568,24.6
29500,29.568,24.6
29600,29.568,24.6
29700,29.568,24.6
29800,29.568,24.6
29900,29.568,24.6
30000,29.568,24.6
30100,29.568,24.6
30200,29.568,24.6
30300,29.568,24.6
30400,29.568,24.6
30500,29.568,24.6
30600,29.568,24.6
30700,29.568,24.6
30800,29.568,24.6
30900,29.568,24.6
31000,29.568,24.6
31100,29.568,24.6
31200,29.568,24.6
31300,29.568,24.6
31400,29.568,24.6
31500,29.568,24.6
31600,29.568,24.6
31700,29.568,24.6
31800,29.375999999999998,24.4
31900,29.375999999999998,24.4
32000,29.375999999999998,24.4
32100,29.375999999999998,24.4
32200,29.375999999999998,24.4
32300,29.375999999999998,24.4
32400,29.375999999999998,24.4
32500,29.375999999999998,24.4
32600,29.375999999999998,24.4
32700,29.375999999999998,24.4
32800,29.375999999999998,24.4
32900,29.375999999999998,24.4
33000,29.375999999999998,24.4
33100,29.375999999999998,24.4
33200,29.375999999999998,24.4
33300,29.375999999999998,24.4
33400,29.375999999999998,24.4
33500,29.375999999999998,24.4
33600,29.375999999999998,24.4
33700,29.375999999999998,24.4
33800,29.375999999999998,24.4
33900,29.375999999999998,24.4
34000,29.375999999999998,24.4
34100,29.375999999999998,24.4
34200,29.375999999999998,24.4
34300,29.375999999999998,24.4
34400,29.375999999999998,24.4
34500,29.375999999999998,24.4
34600,29.375999999999998,24.4
34700,29.375999999999998,24.4
34800,29.375999999999998,24.4
34900,29.375999999999998,24.4
35000,29.375999999999998,24.4
35100,29.375999999999998,24.4
35200,29.375999999999998,24.4
35300,29.375999999999998,24.4
35400,29.375999999999998,24.4
35500,29.375999999999998,24.4
35600,29.375999999999998,24.4
35700,29.375999999999998,24.4
35800,29.375999999999998,24.4
35900,29.375999999999998,24.4
36000,29.375999999999998,24.4
36100,29.375999999999998,24.4
36200,29.375999999999998,24.4
36300,29.375999999999998,24.4
36400,29.375999999999998,24.4
36500,28.904000000000003,24.4
36600,28.904000000000003,24.4
36700,28.904000000000003,24.4
36800,28.904000000000003,24.4
36900,28.904000000000003,24.4
37000,28.904000000000003,24.4
37100,28.904000000000003,24.4
37200,28.904000000000003,24.4
37300,28.904000000000003,24.4
37400,28.904000000000003,24.4
37500,28.904000000000003,24.4
37600,28.6,24.4
37700,28.6,24.4
37800,28.048000000000002,24.4
37900,28.048000000000002,24.4
38000,28.048000000000002,24.4
38100,28.048000000000002,24.4
38200,28.048000000000002,24.4
38300,28.048000000000002,24.4
38400,28.048000000000002,24.4
38500,28.048000000000002,24.4
38600,28.048000000000002,24.4
38700,27.855999999999995,24.4
38800,27.855999999999995,24.4
38900,27.855999999999995,24.4
39000,27.712,24.4
39100,27.712,24.4
39200,27.712,24.4
39300,27.712,24.4
39400,27.712,24.4
39500,27.712,24.4
39600,27.712,24.4
39700,27.712,24.4
39800,27.712,24.4
39900,27.712,24.4
40000,27.712,24.4
40100,27.712,24.4
40200,27.712,24.4
40300,27.712,24.4
40400,27.712,24.4
40500,27.712,24.4
40600,27.712,24.4
40700,27.712,24.4
40800,27.712,24.4
40900,27.712,24.4
41000,27.712,24.4
41100,27.712,24.4
41200,27.712,24.4
41300,27.712,24.4
41400,27.712,24.4
41500,27.712,24.4
41600,27.712,24.4
41700,27.712,24.4
41800,27.712,24.4
41900,27.712,24.4
42000,27.712,24.4
42100,27.712,24.4
42200,27.712,24.4
42300,27.712,24.4
42400,27.712,24.4
42500,27.712,24.4
42600,27.712,24.4
42700,27.712,24.4
42800,27.712,24.4
42900,27.712,24.4
43000,27.712,24.4
43100,27.712,24.4
43200,27.712,24.4
43300,27.712,24.4
43400,27.712,24.4
43500,27.712,24.4
43600,27.712,24.4
43700,27.712,24.4
43800,27.712,24.4
43900,27.712,24.4
44000,27.712,24.4
44100,27.712,24.4
44200,27.712,24.4
44300,27.712,24.4
44400,27.712,24.4
44500,27.712,24.4
44600,27.712,24.4
44700,27.712,24.4
44800,27.712,24.4
44900,27.712,24.4
45000,27.712,24.4
45100,27.712,24.4
45200,27.712,24.4
45300,27.712,24.4
45400,27.712,24.4
45500,27.712,24.4
45600,27.712,24.4
45700,27.712,24.4
45800,27.712,24.4
45900,27.712,24.4
46000,27,24.4
46100,27,24.4
46200,27,24.4
46300,27,24.4
46400,27,24.4
46500,27,24.4
46600,27,24.4
46700,27,24.4
46800,27,24.4
46900,27,24.4
47000,27,24.4
47100,27,24.4
47200,27,24.4
47300,27,24.4
47400,27,24.4
47500,27,24.4
47600,27,24.4
47700,27,24.4
47800,27,24.4
47900,27,24.4
48000,27,24.4
48100,27,24.4
48200,27,24.4
48300,27,24.4
48400,27,24.4
48500,27,24.4
48600,27,24.4
48700,27,24.4
48800,27,24.4
48900,27,24.4
49000,27,24.4
49100,27,24.4
49200,27,24.4
49300,27,24.4
49400,27,24.4
49500,27,24.4
49600,27,24.4
49700,27,24.4
49800,27,24.4
49900,27,24.4
50000,27,24.4
50100,27,24.4
50200,26.688,24.4
50300,26.688,24.4
50400,26.688,24.4
50500,26.688,24.4
50600,26.688,24.4
50700,26.688,24.4
50800,26.688,24.4
50900,26.688,24.4
51000,26.688,24.4
51100,26.688,24.4
51200,26.688,24.4
51300,26.688,24.4
51400,26.688,24.4
51500,26.688,24.4
51600,26.688,24.4
51700,26.688,24.4
51800,26.688,24.4
51900,26.688,24.4
52000,26.688,24.4
52100,26.688,24.4
52200,26.688,24.4
52300,26.688,24.4
52400,26.688,24.4
52500,26.688,24.4
52600,26.688,24.4
52700,26.688,24.4
52800,26.688,24.4
52900,26.688,24.4
53000,26.688,24.4
53100,26.688,24.4
53200,26.688,24.4
53300,26.688,24.4
53400,26.688,24.4
53500,26.688,24.4
53600,26.688,24.4
53700,26.688,24.4
53800,26.688,24.4
53900,26.688,24.4
54000,26.688,24.4
54100,26.688,24.4
54200,26.688,24.4
54300,26.688,24.4
54400,26.688,24.4
54500,26.688,24.4
54600,26.688,24.4
54700,26.688,24.4
54800,26.688,24.4
54900,26.688,24.4
55000,26.688,24.4
55100,26.688,24.4
55200,26.688,24.4
55300,26.688,24.4
55400,26.688,24.4
55500,26.688,24.4
55600,26.688,24.4
55700,26.688,24.4
55800,26.688,24.4
55900,26.688,24.4
56000,26.688,24.4
56100,26.688,24.4
56200,26.688,24.4
56300,26.688,24.4
56400,26.688,24.4
56500,26.688,24.4
56600,26.688,24.4
56700,26.688,24.4
56800,26.688,24.4
56900,26.688,24.4
57000,26.688,24.4
57100,26.688,24.4
57200,26.688,24.4
57300,26.688,24.4
57400,26.688,24.4
57500,26.688,24.4
57600,26.688,24.4
57700,26.688,24.4
57800,26.688,24.4
57900,26.688,24.4
58000,26.688,24.4
58100,26.688,24.4
58200,26.688,24.4
58300,26.688,24.4
58400,26.688,24.4
58500,26.688,24.4
58600,26.688,24.4
58700,26.688,24.4
58800,26.688,24.4
58900,26.688,24.4
59000,26.688,24.4
59100,26.663999999999998,24.4
59200,26.472,24.6
59300,26.472,24.6
59400,26.472,24.6
59500,26.472,24.6
59600,26.472,24.6
59700,26.472,24.6
59800,26.472,24.6
59900,26.472,24.6
60000,26.472,24.6
60100,26.472,24.6
60200,26.472,24.6
60300,26.472,24.6
60400,26.472,24.6
60500,26.472,24.6
60600,26.472,24.6
60700,26.472,24.6
60800,26.472,24.6
60900,26.472,24.6
61000,26.472,24.6
61100,26.472,24.6
61200,26.472,24.6
61300,26.472,24.6
61400,26.472,24.6
61500,26.472,24.6
61600,26.472,24.6
61700,26.472,24.6
61800,26.472,24.6
61900,26.472,24.6
62000,26.472,24.6
62100,26.472,24.6
62200,26.472,24.6
62300,26.472,24.6
62400,26.472,24.6
62500,26.472,24.6
62600,26.472,24.6
62700,26.472,24.6
62800,26.472,24.6
62900,26.472,24.6
63000,26.472,24.6
63100,26.472,24.6
63200,26.472,24.6
63300,26.472,24.6
63400,26.472,24.6
63500,26.472,24.6
63600,26.336000000000002,24.6
63700,26.336000000000002,24.6
63800,26.336000000000002,24.6
63900,26.336000000000002,24.6
64000,26.336000000000002,24.6
64100,26.336000000000002,24.6
64200,26.336000000000002,24.6
64300,26.336000000000002,24.6
64400,26.336000000000002,24.6
64500,26.336000000000002,24.6
64600,26.336000000000002,24.6
64700,26.336000000000002,24.6
64800,26.336000000000002,24.6
64900,26.336000000000002,24.6
65000,26.336000000000002,24.6
65100,26.336000000000002,24.6
65200,26.336000000000002,24.6
65300,26.336000000000002,24.6
65400,25.992,24.6
65500,25.992,24.6
65600,25.992,24.6
65700,25.992,24.6
65800,25.992,24.6
65900,25.992,24.6
66000,25.992,24.6
66100,25.992,24.6
66200,25.992,24.6
66300,25.992,24.6
66400,25.992,24.6
66500,25.992,24.6
66600,25.992,24.6
66700,25.992,24.6
66800,25.992,24.6
66900,25.992,24.6
67000,25.992,24.6
67100,25.992,24.6
67200,25.992,24.6
67300,25.992,24.6
67400,25.992,24.6
67500,25.992,24.6
67600,25.992,24.6
67700,25.992,24.6
67800,25.992,24.6
67900,25.992,24.6
68000,25.992,24.6
68100,25.992,24.6
68200,25.992,24.6
68300,25.992,24.6
68400,25.992,24.6
68500,25.992,24.6
68600,25.992,24.6
68700,25.992,24.6
68800,25.992,24.6
68900,25.992,24.6
69000,25.992,24.6
69100,25.992,24.6
69200,25.992,24.6
69300,25.992,24.6
69400,25.992,24.6
69500,25.992,24.6
69600,25.992,24.6
69700,25.992,24.6
69800,25.992,24.6
69900,25.992,24.6
70000,25.992,24.6
70100,25.992,24.6
70200,25.992,24.6
70300,25.992,24.6
70400,25.992,24.6
70500,25.992,24.6
70600,25.992,24.6
70700,25.992,24.6
70800,25.992,24.6
70900,25.992,24.6
71000,25.992,24.6
71100,25.992,24.6
71200,25.992,24.6
71300,25.727999999999998,24.6
71400,25.727999999999998,24.6
71500,25.727999999999998,24.6
71600,25.727999999999998,24.6
71700,25.727999999999998,24.6
71800,25.727999999999998,24.6
71900,25.383999999999997,24.6
72000,25.383999999999997,24.6
72100,25.383999999999997,24.6
72200,25.383999999999997,24.6
72300,25.383999999999997,24.6
72400,25.383999999999997,24.6
72500,25.383999999999997,24.6
72600,25.383999999999997,24.6
72700,25.383999999999997,24.6
72800,25.383999999999997,24.6
72900,25.383999999999997,24.6
73000,25.383999999999997,24.6
73100,25.383999999999997,24.6
73200,25.104000000000003,24.6
73300,25.104000000000003,24.6
73400,25.104000000000003,24.6
73500,25.104000000000003,24.6
73600,25.104000000000003,24.6
73700,25.104000000000003,24.6
73800,25.104000000000003,24.6
73900,25.104000000000003,24.6
74000,25.104000000000003,24.6
74100,25.104000000000003,24.6
74200,25.104000000000003,24.6
74300,25.104000000000003,24.6
74400,25.104000000000003,24.6
74500,25.104000000000003,24.6
74600,25.104000000000003,24.6
74700,25.104000000000003,24.6
74800,25.104000000000003,24.6
74900,25.104000000000003,24.6
75000,25.104000000000003,24.6
75100,25.104000000000003,24.6
75200,25.104000000000003,24.6
75300,25.104000000000003,24.6
75400,25.104000000000003,24.6
75500,25.104000000000003,24.6
75600,25.104000000000003,24.6
75700,25.104000000000003,24.6
75800,25.104000000000003,24.6
75900,25.104000000000003,24.6
76000,25.104000000000003,24.6
76100,25.104000000000003,24.6
76200,25.104000000000003,24.6
76300,25.104000000000003,24.6
76400,25.104000000000003,24.6
76500,25.104000000000003,24.6
76600,25.104000000000003,24.6
76700,25.104000000000003,24.6
76800,25.104000000000003,24.6
76900,25.104000000000003,24.6
77000,25.104000000000003,24.6
77100,25.104000000000003,24.6
77200,25.104000000000003,24.6
77300,25.104000000000003,24.6
77400,25.104000000000003,24.6
77500,25.104000000000003,24.6
77600,25.104000000000003,24.6
77700,25.104000000000003,24.6
77800,25.104000000000003,24.6
77900,25.104000000000003,24.6
78000,25.104000000000003,24.6
78100,25.104000000000003,24.6
78200,24.895999999999997,24.6
78300,24.895999999999997,24.6
78400,24.895999999999997,24.6
78500,24.895999999999997,24.6
78600,24.895999999999997,24.6
78700,24.784,24.6
78800,24.784,24.6
78900,24.784,24.6
79000,24.784,24.6
79100,24.784,24.6
79200,24.784,24.6
79300,24.784,24.6
79400,24.784,24.6
79500,24.784,24.6
79600,24.784,24.6
79700,24.784,24.6
79800,24.784,24.6
79900,24.784,24.6
80000,24.384000000000004,24.6
80100,24.384000000000004,24.6
80200,24.384000000000004,24.6
80300,24.384000000000004,24.6
80400,24.384000000000004,24.6
80500,24.384000000000004,24.6
80600,24.384000000000004,24.6
80700,24.384000000000004,24.6
80800,24.384000000000004,24.6
80900,24.384000000000004,24.6
81000,24.384000000000004,24.6
81100,24.384000000000004,24.6
81200,24.384000000000004,24.6
81300,24.384000000000004,24.6
81400,24.384000000000004,24.6
81500,24.384000000000004,24.6
81600,24.384000000000004,24.6
81700,24.384000000000004,24.6
81800,24.384000000000004,24.6
81900,24.384000000000004,24.6
82000,24.384000000000004,24.6
82100,24.384000000000004,24.6
82200,24.384000000000004,24.6
82300,24.384000000000004,24.6
82400,24.384000000000004,24.6
82500,24.384000000000004,24.6
82600,24.384000000000004,24.6
82700,24.384000000000004,24.6
82800,24.384000000000004,24.6
82900,24.384000000000004,24.6
83000,24.384000000000004,24.6
83100,24.384000000000004,24.6
83200,24.384000000000004,24.6
83300,24.384000000000004,24.6
83400,24.384000000000004,24.6
83500,24.384000000000004,24.6
83600,24.384000000000004,24.6
83700,24.384000000000004,24.6
83800,24.384000000000004,24.6
83900,24.384000000000004,24.6
84000,24.384000000000004,24.6
84100,24.104,24.6
84200,24.104,24.6
84300,24.104,24.6
84400,24.104,24.6
84500,24.104,24.6
84600,24.104,24.6
84700,24.104,24.6
84800,24.104,24.6
84900,24.104,24.6
85000,24.104,24.6
85100,24.104,24.6
85200,24.104,24.6
85300,24.104,24.6
85400,24.104,24.6
85500,24.104,24.6
85600,24.104,24.6
85700,24.104,24.6
85800,24.104,24.6
85900,24.104,24.6
86000,24.104,24.6
86100,24.104,24.6
86200,24.104,24.6
86300,24.104,24.6
86400,24.104,24.6
86500,24.104,24.6
86600,24.104,24.6
86700,24.104,24.6
86800,24.104,24.6
86900,24.104,24.6
87000,23.984,24.6
87100,23.407999999999998,24.6
87200,23.407999999999998,24.6
87300,23.407999999999998,24.6
87400,23.407999999999998,24.6
87500,23.407999999999998,24.6
87600,23.407999999999998,24.6
87700,23.407999999999998,24.6
87800,23.407999999999998,24.6
87900,23.407999999999998,24.6
88000,23.407999999999998,24.6
88100,23.407999999999998,24.6
88200,23.407999999999998,24.6
88300,23.407999999999998,24.6
88400,23.407999999999998,24.6
88500,23.407999999999998,24.6
88600,23.407999999999998,24.6
88700,23.407999999999998,24.6
88800,23.407999999999998,24.6
88900,23.407999999999998,24.6
89000,23.407999999999998,24.6
89100,23.407999999999998,24.6
89200,23.407999999999998,24.6
89300,23.407999999999998,24.6
89400,23.407999999999998,24.6
89500,23.407999999999998,24.6
89600,23.407999999999998,24.6
89700,23.407999999999998,24.6
89800,23.407999999999998,24.6
89900,23.407999999999998,24.6
90000,23.407999999999998,24.6
90100,23.407999999999998,24.6
90200,23.407999999999998,24.6
90300,23.407999999999998,24.6
90400,23.407999999999998,24.6
90500,23.407999999999998,24.6
90600,23.407999999999998,24.6
90700,23.407999999999998,24.6
90800,23.407999999999998,24.6
90900,23.407999999999998,24.6
91000,23.407999999999998,24.6
91100,23.407999999999998,24.6
91200,23.407999999999998,24.6
91300,23.407999999999998,24.6
91400,23.407999999999998,24.6
91500,23.407999999999998,24.6
91600,23.407999999999998,24.6
91700,23.407999999999998,24.6
91800,23.407999999999998,24.6
91900,23.407999999999998,24.6
92000,23.407999999999998,24.6
92100,23.407999999999998,24.6
92200,23.407999999999998,24.6
92300,23.407999999999998,24.6
92400,23.407999999999998,24.6
92500,23.407999999999998,24.6
92600,23.407999999999998,24.6
92700,23.407999999999998,24.6
92800,23.407999999999998,24.6
92900,23.407999999999998,24.6
93000,23.407999999999998,24.6
93100,23.407999999999998,24.6
93200,23.407999999999998,24.6
93300,23.407999999999998,24.6
93400,23.407999999999998,24.6
93500,23.407999999999998,24.6
93600,23.407999999999998,24.6
93700,23.2,24.6
93800,23.2,24.6
93900,23.2,24.6
94000,23.2,24.6
94100,23.2,24.6
94200,23.2,24.6
94300,23.2,24.6
94400,23.2,24.6
94500,23.2,24.6
94600,23.2,24.6
94700,23.2,24.6
94800,23.2,24.6
94900,23.2,24.6
95000,23.2,24.6
95100,23.2,24.6
95200,23.2,24.6
95300,23.2,24.6
95400,23.2,24.6
95500,23.2,24.6
95600,23.2,24.6
95700,23.2,24.6
95800,23.2,24.6
95900,23.2,24.6
96000,23.2,24.6
96100,23.2,24.6
96200,23.2,24.6
96300,23.2,24.6
96400,23.2,24.6
96500,23.2,24.6
96600,23.2,24.6
96700,22.688000000000002,24.6
96800,22.688000000000002,24.6
96900,22.688000000000002,24.6
97000,22.688000000000002,24.6
97100,22.688000000000002,24.6
97200,22.688000000000002,24.6
97300,22.688000000000002,24.6
97400,22.688000000000002,24.6
97500,22.688000000000002,24.6
97600,22.688000000000002,24.6
97700,22.688000000000002,24.6
97800,22.688000000000002,24.6
97900,22.688000000000002,24.6
98000,22.688000000000002,24.6
98100,22.688000000000002,24.6
98200,22.688000000000002,24.6
98300,22.688000000000002,24.6
98400,22.688000000000002,24.6
98500,22.688000000000002,24.6
98600,22.688000000000002,24.6
98700,22.688000000000002,24.6
98800,22.688000000000002,24.6
98900,22.688000000000002,24.6
99000,22.688000000000002,24.6
99100,22.688000000000002,24.6
99200,22.688000000000002,24.6
99300,22.688000000000002,24.6
99400,22.688000000000002,24.6
99500,22.688000000000002,24.6
99600,22.688000000000002,24.6
99700,21.584,24.6
99800,21.584,24.6
99900,21.584,24.6
99999,21.584,24.6

START ALGORITHM
h3: (-a32) * (b14)
h14: (a55 + a51 + a34) * (b31 - b22)
h15: (-a21) * (b54)
h17: (-a13 - a42) * (-b34)
h22: (-a53) * (b45 + b55 - b21 - b12 - b43)
h23: (-a44) * (b15)
h24: (-a15) * (b55)
h25: (a34 - a15) * (-b52)
h27: (a33 - a41 - a13 - a54 - a42) * (b42)
h36: (-a32) * (-b22)
h42: (-a24) * (b35)
h43: (a51) * (-b11)
h44: (a53 - a44) * (b24)
h45: (a23) * (-b34)
h47: (-a55) * (b53 - b22)
h48: (a34 - a52 - a43 - a13) * (b41 - b31 - b43)
h50: (-a53) * (-b12)
h51: (a12) * (-b53 - b14)
h53: (a34 - a34 - a33) * (-b35)
h57: (a32) * (-b55)
h58: (a11 + a22 + a34 + a44 + a14 - a33 - a21 - a24 - a51 - a55 - a14 - a12 - a34 - a12) * (-b52)
h59: (-a32 - a44) * (-b41 - b31 - b22)
h62: (a23) * (b42 - b25)
h63: (a14) * (b31 - b35 - b44)
h66: (-a13) * (b21 + b53 + b31 - b45)
h69: (a52 - a54 - a43) * (-b43)
h77: (a41 + a35 - a24) * (-b11)
h79: (a24 + a44 - a34 - a12) * (-b31)
h80: (a41 - a14 - a44 - a52) * (b11)
h82: (-a52) * (-b25)
h84: (a55 + a34 - a55 - a15) * (-b13)
h85: (a34 + a52 + a42 - a55) * (-b12)
h89: (a53 - a55 - a14 - a32) * (b53 - b44 - b54)
h90: (-a22) * (-b31 - b43)
h102: (a41 + a25 + a55 + a33 - a22 - a53 - a24 - a14 - a15) * (-b52)
h106: (a33) * (-b44)
h107: (-a42) * (-b52)
h108: (a24) * (-b12)
h110: (a13 + a11 + a32 - a12 - a43) * (-b34)
h112: (a25 - a25 - a14 - a23 - a15 - a34) * (-b35 - b23)
h115: (-a22) * (b54 - b35)
h129: (a15 + a51) * (b45 - b34)
h136: (a21 + a53 - a31 - a12 - a53) * (b51 - b24)
h153: (a41 + a41) * (-b41)
h161: (a15 - a31) * (-b51 - b53)
h162: (a41 + a35) * (-b11)
h165: (-a11 - a35) * (-b13)
h186: (a51) * (-b44)
h192: (-a11) * (-b54 - b31)
h196: (a45 + a14 + a44 + a13 - a23) * (-b24)
h209: (a25 - a43) * (b33)
h219: (a31) * (-b45)
h227: (a34) * (-b14)
h237: (a43 + a21) * (-b21)
h329: (a13 + a41 - a25 - a53) * (b32)
h330: (a43 + a53 + a23 + a55) * (b31 - b33)
h448: (a32 + a33 - a25 - a22) * (b13)
h643: (a41 - a21) * (-b51)
h648: (a21) * (-b12)
h696: (a55 - a12) * (-b33 - b54 - b41)
h917: (-a44 - a54) * (-b35)
h993: (-a22 - a45 - a15) * (-b55)
h1019: (a12 - a25) * (-b42)
h1380: (a14 + a44 + a13 + a44 + a14 - a12) * (-b23)
h1832: (a41 + a51 - a25) * (b31)
h1863: (a15 + a54) * (b45)
h2370: (-a35 - a52) * (b52 + b14)
h3685: (a15 + a53 + a53) * (-b25)
h4830: (a52 + a25 + a43 + a43 - a42 - a55 - a44) * (-b14)
h7423: (a41) * (-b11)
h10898: (-a12) * (b31)
c11: h80 + h110 + h53 + h3685 - h63 
c12: h23 + h153 - h129 
c13: h136 + h79 + h112 
c14: h66 + h58 + h45 + h196 + h209 + h219 + h1863 
c15: h24 + h993 - h59 - h44 - h7423 
c21: h153 + h192 + h161 + h108 + h696 - h115 - h917 
c22: h448 - h2370 
c23: h227 + h4830 - h1863 
c24: h69 + h330 + h129 
c25: - h85 
c31: h58 + h1019 
c32: h25 + h51 - h102 
c33: h227 - h58 
c34: h24 + h42 + h110 + h77 - h329 
c35: h53 + h227 + h84 - h24 - h43 - h237 
c41: h48 + h3 + h186 + h161 - h77 - h42 
c42: h14 + h50 + h161 - h112 
c43: h90 + h17 + h448 + h153 - h17 
c44: h330 + h14 + h69 
c45: h27 + h1832 + h108 + h10898 
c51: h15 + h44 + h44 + h25 - h643 
c52: h107 + h62 + h89 + h45 + h112 - h82 - h47 - h165 
c53: h36 + h136 + h23 + h448 - h57 - h162 
c54: h648 - h48 
c55: h106 + h107 + h1380 - h22 
