0,149.344,25
100,105.096,24.8
200,86.056,24.8
300,76.12,24.8
400,67.72,24.8
500,64.128,24.8
600,62.136,24.8
700,58.152,24.8
800,55.67999999999999,24.6
900,54.888,24.6
1000,54.495999999999995,24.4
1100,51.775999999999996,24.2
1200,51.775999999999996,24.2
1300,51.775999999999996,24.2
1400,51.65599999999999,24.2
1500,51.272000000000006,24.2
1600,51.272000000000006,24.2
1700,50.968,24.2
1800,50.08,24.2
1900,49.072,24.4
2000,49.072,24.4
2100,49.072,24.4
2200,48.544000000000004,24.4
2300,48.32,24.4
2400,48.32,24.4
2500,46.928,24.4
2600,46.519999999999996,24.4
2700,46.495999999999995,24.4
2800,45.44,24.4
2900,44.744,24.4
3000,44.736,24.4
3100,44.736,24.4
3200,44.736,24.4
3300,44.303999999999995,24.4
3400,44.303999999999995,24.4
3500,43.832,24.4
3600,43.52,24.4
3700,43.52,24.4
3800,43.52,24.4
3900,42.848,24.4
4000,42.848,24.4
4100,42.848,24.4
4200,42.848,24.4
4300,42.848,24.4
4400,42.848,24.4
4500,42.848,24.4
4600,42.767999999999994,24.4
4700,42.767999999999994,24.4
4800,42.767999999999994,24.4
4900,42.767999999999994,24.4
5000,42.352000000000004,24.4
5100,41.431999999999995,24.2
5200,41.431999999999995,24.2
5300,41.25600000000001,24.2
5400,41.25600000000001,24.2
5500,41.25600000000001,24.2
5600,40.616,24.2
5700,40.048,24.4
5800,40.048,24.4
5900,40.048,24.4
6000,40.048,24.4
6100,39.784,24.4
6200,39.08,24.4
6300,39.08,24.4
6400,39.08,24.4
6500,39.08,24.4
6600,39.08,24.4
6700,39.08,24.4
6800,39.08,24.4
6900,39.08,24.4
7000,39.08,24.4
7100,39.08,24.4
7200,39.08,24.4
7300,39.08,24.4
7400,39.08,24.4
7500,38.712,24.4
7600,38.712,24.4
7700,38.664,24.2
7800,37.632,24.2
7900,37.632,24.2
8000,37.568000000000005,24.2
8100,37.568000000000005,24.2
8200,37.568000000000005,24.2
8300,37.568000000000005,24.2
8400,37.568000000000005,24.2
8500,37.496,24
8600,37.496,24
8700,37.496,24
8800,37.496,24
8900,37.496,24
9000,37.496,24
9100,37.495999999999995,24.2
9200,37.495999999999995,24.2
9300,37.495999999999995,24.2
9400,37.472,24.2
9500,37.472,24.2
9600,37.44799999999999,24.2
9700,37.120000000000005,24.2
9800,37.120000000000005,24.2
9900,37.120000000000005,24.2
10000,37.120000000000005,24.2
10100,37.120000000000005,24.2
10200,37.120000000000005,24.2
10300,37.120000000000005,24.2
10400,37.120000000000005,24.2
10500,37.120000000000005,24.2
10600,37.06400000000001,24.2
10700,37.06400000000001,24.2
10800,37.06400000000001,24.2
10900,37.06400000000001,24.2
11000,37.06400000000001,24.2
11100,37.06400000000001,24.2
11200,36.92,24.4
11300,36.92,24.4
11400,36.92,24.4
11500,36.92,24.4
11600,36.92,24.4
11700,36.92,24.4
11800,36.92,24.4
11900,36.92,24.4
12000,36.688,24.4
12100,36.688,24.4
12200,36.688,24.4
12300,36.688,24.4
12400,36.688,24.4
12500,36.343999999999994,24.4
12600,36.343999999999994,24.4
12700,36.343999999999994,24.4
12800,35.712,24.4
12900,35.712,24.4
13000,34.36,24.4
13100,34.304,24.4
13200,34.304,24.4
13300,34.304,24.4
13400,34.304,24.4
13500,34.304,24.4
13600,34.007999999999996,24.4
13700,34.007999999999996,24.4
13800,34.007999999999996,24.4
13900,33.711999999999996,24.4
14000,33.711999999999996,24.4
14100,33.711999999999996,24.4
14200,33.711999999999996,24.4
14300,33.711999999999996,24.4
14400,33.52,24.4
14500,33.52,24.4
14600,33.52,24.4
14700,33.52,24.4
14800,33.52,24.4
14900,33.52,24.4
15000,33.44,24.4
15100,33.44,24.4
15200,33.44,24.4
15300,33.44,24.4
15400,33.44,24.4
15500,33.44,24.4
15600,33.44,24.4
15700,33.44,24.4
15800,32.6,24.4
15900,32.6,24.4
16000,32.6,24.4
16100,32.6,24.4
16200,32.6,24.4
16300,32.6,24.4
16400,32.6,24.4
16500,32.6,24.4
16600,32.6,24.4
16700,32.6,24.4
16800,32.6,24.4
16900,32.6,24.4
17000,32.6,24.4
17100,32.6,24.4
17200,32.6,24.4
17300,32.6,24.4
17400,32.6,24.4
17500,32.6,24.4
17600,32.6,24.4
17700,32.6,24.4
17800,32.6,24.4
17900,32.6,24.4
18000,32.6,24.4
18100,32.152,24.4
18200,32.152,24.4
18300,32.152,24.4
18400,32.152,24.4
18500,32.152,24.4
18600,32.152,24.4
18700,32.152,24.4
18800,32.152,24.4
18900,32.152,24.4
19000,32.152,24.4
19100,32.152,24.4
19200,32.152,24.4
19300,32.016000000000005,24.4
19400,32.016000000000005,24.4
19500,32.016000000000005,24.4
19600,32.016000000000005,24.4
19700,32.016000000000005,24.4
19800,32.016000000000005,24.4
19900,32.016000000000005,24.4
20000,32.016000000000005,24.4
20100,32.016000000000005,24.4
20200,32.016000000000005,24.4
20300,32.016000000000005,24.4
20400,31.640000000000004,24.4
20500,31.608000000000004,24.4
20600,31.608000000000004,24.4
20700,31.608000000000004,24.4
20800,31.608000000000004,24.4
20900,31.608000000000004,24.4
21000,31.608000000000004,24.4
21100,31.608000000000004,24.4
21200,31.608000000000004,24.4
21300,31.608000000000004,24.4
21400,31.608000000000004,24.4
21500,31.608000000000004,24.4
21600,31.608000000000004,24.4
21700,31.608000000000004,24.4
21800,31.608000000000004,24.4
21900,31.608000000000004,24.4
22000,31.608000000000004,24.4
22100,31.608000000000004,24.4
22200,31.608000000000004,24.4
22300,31.608000000000004,24.4
22400,31.608000000000004,24.4
22500,31.608000000000004,24.4
22600,31.608000000000004,24.4
22700,31.608000000000004,24.4
22800,31.608000000000004,24.4
22900,31.560000000000002,24.4
23000,31.560000000000002,24.4
23100,31.560000000000002,24.4
23200,31.560000000000002,24.4
23300,31.496,24.4
23400,31.496,24.4
23500,31.064,24.4
23600,31.064,24.4
23700,31.064,24.4
23800,31.064,24.4
23900,31.064,24.4
24000,31.064,24.4
24100,31.064,24.4
24200,31.064,24.4
24300,31.064,24.4
24400,31.064,24.4
24500,31.064,24.4
24600,31.064,24.4
24700,31.064,24.4
24800,31.064,24.4
24900,30.68,24.2
25000,30.68,24.2
25100,30.68,24.2
25200,30.68,24.2
25300,30.68,24.2
25400,30.68,24.2
25500,30.68,24.2
25600,30.68,24.2
25700,30.68,24.2
25800,30.68,24.2
25900,30.68,24.2
26000,30.68,24.2
26100,30.68,24.2
26200,30.68,24.2
26300,30.68,24.2
26400,30.68,24.2
26500,30.68,24.2
26600,30.68,24.2
26700,30.68,24.2
26800,30.68,24.2
26900,30.68,24.2
27000,30.68,24.2
27100,30.68,24.2
27200,30.68,24.2
27300,30.68,24.2
27400,30.68,24.2
27500,30.68,24.2
27600,30.68,24.2
27700,30.68,24.2
27800,30.68,24.2
27900,30.68,24.2
28000,30.68,24.2
28100,30.68,24.2
28200,30.68,24.2
28300,30.68,24.2
28400,30.68,24.2
28500,30.68,24.2
28600,30.68,24.2
28700,30.68,24.2
28800,30.68,24.2
28900,30.68,24.2
29000,30.68,24.2
29100,30.68,24.2
29200,30.68,24.2
29300,30.68,24.2
29400,30.68,24.2
29500,30.68,24.2
29600,30.68,24.2
29700,30.68,24.2
29800,30.68,24.2
29900,30.68,24.2
30000,30.68,24.2
30100,30.68,24.2
30200,30.68,24.2
30300,30.68,24.2
30400,30.68,24.2
30500,30.68,24.2
30600,30.68,24.2
30700,30.68,24.2
30800,30.68,24.2
30900,30.68,24.2
31000,30.68,24.2
31100,30.68,24.2
31200,30.68,24.2
31300,30.68,24.2
31400,30.68,24.2
31500,30.68,24.2
31600,30.68,24.2
31700,30.68,24.2
31800,30.68,24.2
31900,30.68,24.2
32000,30.68,24.2
32100,30.68,24.2
32200,30.68,24.2
32300,30.68,24.2
32400,30.68,24.2
32500,30.68,24.2
32600,30.68,24.2
32700,30.68,24.2
32800,30.68,24.2
32900,30.344,24.2
33000,30.344,24.2
33100,30.344,24.2
33200,30.344,24.2
33300,30.344,24.2
33400,30.344,24.2
33500,30.344,24.2
33600,30.344,24.2
33700,30.344,24.2
33800,30.344,24.2
33900,30.344,24.2
34000,30.344,24.2
34100,30.344,24.2
34200,30.344,24.2
34300,30.344,24.2
34400,30.344,24.2
34500,30.344,24.2
34600,30.344,24.2
34700,30.344,24.2
34800,30.344,24.2
34900,30.344,24.2
35000,30.344,24.2
35100,30.344,24.2
35200,30.344,24.2
35300,30.344,24.2
35400,30.344,24.2
35500,30.344,24.2
35600,30.344,24.2
35700,30.344,24.2
35800,30.344,24.2
35900,30.344,24.2
36000,30.344,24.2
36100,30.344,24.2
36200,30.344,24.2
36300,30.344,24.2
36400,30.344,24.2
36500,30.344,24.2
36600,30.344,24.2
36700,30.344,24.2
36800,30.344,24.2
36900,30.344,24.2
37000,30.344,24.2
37100,30.344,24.2
37200,30.344,24.2
37300,29.992,24.2
37400,29.992,24.2
37500,29.992,24.2
37600,29.992,24.2
37700,29.688,24.2
37800,29.688,24.2
37900,29.688,24.2
38000,29.688,24.2
38100,29.688,24.2
38200,29.688,24.2
38300,29.688,24.2
38400,29.688,24.2
38500,29.688,24.2
38600,29.688,24.2
38700,29.688,24.2
38800,29.688,24.2
38900,29.688,24.2
39000,29.688,24.2
39100,29.688,24.2
39200,29.688,24.2
39300,29.688,24.2
39400,29.688,24.2
39500,29.688,24.2
39600,29.688,24.2
39700,29.688,24.2
39800,29.688,24.2
39900,29.688,24.2
40000,29.688,24.2
40100,29.688,24.2
40200,29.688,24.2
40300,29.688,24.2
40400,29.688,24.2
40500,29.688,24.2
40600,29.688,24.2
40700,29.688,24.2
40800,29.688,24.2
40900,29.688,24.2
41000,29.688,24.2
41100,29.688,24.2
41200,29.688,24.2
41300,29.688,24.2
41400,29.688,24.2
41500,29.688,24.2
41600,29.688,24.2
41700,29.688,24.2
41800,29.688,24.2
41900,29.688,24.2
42000,29.688,24.2
42100,29.688,24.2
42200,29.416000000000004,24
42300,29.416000000000004,24
42400,29.416000000000004,24
42500,29.416000000000004,24
42600,29.416000000000004,24
42700,29.416000000000004,24
42800,29.416000000000004,24
42900,29.416000000000004,24
43000,29.416000000000004,24
43100,29.416000000000004,24
43200,29.416000000000004,24
43300,29.184000000000005,23.8
43400,29.184000000000005,23.8
43500,29.184000000000005,23.8
43600,29.184000000000005,23.8
43700,29.184000000000005,23.8
43800,29.184000000000005,23.8
43900,29.184000000000005,23.8
44000,29.184000000000005,23.8
44100,29.184000000000005,23.8
44200,29.184000000000005,23.8
44300,29.184000000000005,23.8
44400,29.184000000000005,23.8
44500,29.184000000000005,23.8
44600,28.696000000000005,23.8
44700,28.696000000000005,23.8
44800,28.696000000000005,23.8
44900,28.68,23.8
45000,28.264000000000003,23.6
45100,28.264000000000003,23.6
45200,28.264000000000003,23.6
45300,28.264000000000003,23.6
45400,28.264000000000003,23.6
45500,28.264000000000003,23.6
45600,28.264000000000003,23.6
45700,28.264000000000003,23.6
45800,28.264000000000003,23.6
45900,28.264000000000003,23.6
46000,28.264000000000003,23.6
46100,28.264000000000003,23.6
46200,28.264000000000003,23.6
46300,28.264000000000003,23.6
46400,28.264000000000003,23.6
46500,28.264000000000003,23.6
46600,28.264000000000003,23.6
46700,28.264000000000003,23.6
46800,28.264000000000003,23.6
46900,28.264000000000003,23.6
47000,28.264000000000003,23.6
47100,28.264000000000003,23.6
47200,28.264000000000003,23.6
47300,28.264000000000003,23.6
47400,28.264000000000003,23.6
47500,28.264000000000003,23.6
47600,28.264000000000003,23.6
47700,28.264000000000003,23.6
47800,28.264000000000003,23.6
47900,28.264000000000003,23.6
48000,28.264000000000003,23.6
48100,28.264000000000003,23.6
48200,28.264000000000003,23.6
48300,28.264000000000003,23.6
48400,28.264000000000003,23.6
48500,28.264000000000003,23.6
48600,28.264000000000003,23.6
48700,28.264000000000003,23.6
48800,28.264000000000003,23.6
48900,28.264000000000003,23.6
49000,28.264000000000003,23.6
49100,28.264000000000003,23.6
49200,28.264000000000003,23.6
49300,28.264000000000003,23.6
49400,28.264000000000003,23.6
49500,28.264000000000003,23.6
49600,28.264000000000003,23.6
49700,28.264000000000003,23.6
49800,28.264000000000003,23.6
49900,28.264000000000003,23.6
50000,28.264000000000003,23.6
50100,28.264000000000003,23.6
50200,28.264000000000003,23.6
50300,28.264000000000003,23.6
50400,28.264000000000003,23.6
50500,28.264000000000003,23.6
50600,28.264000000000003,23.6
50700,28.264000000000003,23.6
50800,28.264000000000003,23.6
50900,28.264000000000003,23.6
51000,28.264000000000003,23.6
51100,28.264000000000003,23.6
51200,27.824,23.8
51300,27.824,23.8
51400,27.824,23.8
51500,27.824,23.8
51600,27.824,23.8
51700,27.824,23.8
51800,27.824,23.8
51900,27.824,23.8
52000,27.824,23.8
52100,27.824,23.8
52200,27.824,23.8
52300,27.824,23.8
52400,27.824,23.8
52500,27.824,23.8
52600,27.824,23.8
52700,27.824,23.8
52800,27.824,23.8
52900,27.824,23.8
53000,27.824,23.8
53100,27.824,23.8
53200,27.824,23.8
53300,27.824,23.8
53400,27.824,23.8
53500,27.824,23.8
53600,27.824,23.8
53700,27.824,23.8
53800,27.824,23.8
53900,27.824,23.8
54000,27.824,23.8
54100,27.824,23.8
54200,27.824,23.8
54300,27.824,23.8
54400,27.824,23.8
54500,27.824,23.8
54600,27.824,23.8
54700,27.824,23.8
54800,27.824,23.8
54900,27.824,23.8
55000,27.824,23.8
55100,27.824,23.8
55200,27.824,23.8
55300,27.824,23.8
55400,27.824,23.8
55500,27.344,23.8
55600,27.344,23.8
55700,27.344,23.8
55800,27.344,23.8
55900,27.344,23.8
56000,27.344,23.8
56100,27.344,23.8
56200,27.344,23.8
56300,27.344,23.8
56400,27.344,23.8
56500,27.344,23.8
56600,27.344,23.8
56700,27.344,23.8
56800,27.344,23.8
56900,27.344,23.8
57000,27.344,23.8
57100,27.344,23.8
57200,27.344,23.8
57300,27.344,23.8
57400,27.344,23.8
57500,27.344,23.8
57600,27.344,23.8
57700,27.344,23.8
57800,27.344,23.8
57900,27.344,23.8
58000,27.344,23.8
58100,27.344,23.8
58200,27.344,23.8
58300,27.344,23.8
58400,27.344,23.8
58500,27.344,23.8
58600,27.344,23.8
58700,27.344,23.8
58800,27.344,23.8
58900,27.344,23.8
59000,27.344,23.8
59100,27.344,23.8
59200,27.344,23.8
59300,27.344,23.8
59400,27.344,23.8
59500,27.344,23.8
59600,27.344,23.8
59700,27.344,23.8
59800,27.344,23.8
59900,27.344,23.8
60000,27.344,23.8
60100,27.344,23.8
60200,27.344,23.8
60300,26.8,23.8
60400,26.488,23.8
60500,26.488,23.8
60600,26.488,23.8
60700,26.488,23.8
60800,26.488,23.8
60900,26.488,23.8
61000,26.488,23.8
61100,26.488,23.8
61200,26.488,23.8
61300,26.488,23.8
61400,26.488,23.8
61500,26.488,23.8
61600,26.488,23.8
61700,26.488,23.8
61800,26.488,23.8
61900,26.488,23.8
62000,26.384000000000004,24
62100,26.384000000000004,24
62200,26.384000000000004,24
62300,26.384000000000004,24
62400,26.384000000000004,24
62500,26.384000000000004,24
62600,26.375999999999998,24
62700,26.375999999999998,24
62800,26.375999999999998,24
62900,26.375999999999998,24
63000,26.375999999999998,24
63100,26.375999999999998,24
63200,26.375999999999998,24
63300,26.375999999999998,24
63400,26.375999999999998,24
63500,26.375999999999998,24
63600,26.375999999999998,24
63700,26.375999999999998,24
63800,26.375999999999998,24
63900,26.375999999999998,24
64000,26.375999999999998,24
64100,26.375999999999998,24
64200,26.375999999999998,24
64300,26.375999999999998,24
64400,26.375999999999998,24
64500,26.375999999999998,24
64600,26.375999999999998,24
64700,26.375999999999998,24
64800,26.375999999999998,24
64900,26.375999999999998,24
65000,26.375999999999998,24
65100,26.375999999999998,24
65200,26.375999999999998,24
65300,26.375999999999998,24
65400,26.375999999999998,24
65500,26.048000000000002,24
65600,26.048000000000002,24
65700,26.048000000000002,24
65800,26.048000000000002,24
65900,26.048000000000002,24
66000,26.048000000000002,24
66100,26.048000000000002,24
66200,26.048000000000002,24
66300,26.048000000000002,24
66400,26.048000000000002,24
66500,26.048000000000002,24
66600,26.048000000000002,24
66700,26.048000000000002,24
66800,26.048000000000002,24
66900,26.048000000000002,24
67000,26.048000000000002,24
67100,26.048000000000002,24
67200,26.048000000000002,24
67300,26.048000000000002,24
67400,26.048000000000002,24
67500,26.048000000000002,24
67600,26.048000000000002,24
67700,26.048000000000002,24
67800,26.048000000000002,24
67900,26.048000000000002,24
68000,26.048000000000002,24
68100,26.048000000000002,24
68200,26.048000000000002,24
68300,24.464,24
68400,24.464,24
68500,24.464,24
68600,24.464,24
68700,24.464,24
68800,24.464,24
68900,24.464,24
69000,24.464,24
69100,24.464,24
69200,24.032,24
69300,24.032,24
69400,24.032,24
69500,24.032,24
69600,24.032,24
69700,24.032,24
69800,24.032,24
69900,24.032,24
70000,24.032,24
70100,24.032,24
70200,24.032,24
70300,24.032,24
70400,24.032,24
70500,24.032,24
70600,24.032,24
70700,24.032,24
70800,24.032,24
70900,24.032,24
71000,24.032,24
71100,24.032,24
71200,23.384,24
71300,23.384,24
71400,23.384,24
71500,23.384,24
71600,23.384,24
71700,23.384,24
71800,23.384,24
71900,23.384,24
72000,23.384,24
72100,23.384,24
72200,23.384,24
72300,23.384,24
72400,23.384,24
72500,23.384,24
72600,23.384,24
72700,23.384,24
72800,23.384,24
72900,23.384,24
73000,23.384,24
73100,23.384,24
73200,23.384,24
73300,23.384,24
73400,23.384,24
73500,23.384,24
73600,23.384,24
73700,23.384,24
73800,23.384,24
73900,23.384,24
74000,23.384,24
74100,23.384,24
74200,23.384,24
74300,23.384,24
74400,23.384,24
74500,23.384,24
74600,23.384,24
74700,23.384,24
74800,23.384,24
74900,23.384,24
75000,23.384,24
75100,23.384,24
75200,23.384,24
75300,23.384,24
75400,23.264,24
75500,23.264,24
75600,23.264,24
75700,23.264,24
75800,23.264,24
75900,23.264,24
76000,23.264,24
76100,23.264,24
76200,23.264,24
76300,23.264,24
76400,23.264,24
76500,23.264,24
76600,23.264,24
76700,23.264,24
76800,23.264,24
76900,23.264,24
77000,23.264,24
77100,23.264,24
77200,23.264,24
77300,23.232,24
77400,23.232,24
77500,23.232,24
77600,23.232,24
77700,23.232,24
77800,23.232,24
77900,23.232,24
78000,23.232,24
78100,23.232,24
78200,23.232,24
78300,23.232,24
78400,23.232,24
78500,23.232,24
78600,23.232,24
78700,23.232,24
78800,23.232,24
78900,23.232,24
79000,23.232,24
79100,23.232,24
79200,23.232,24
79300,23.232,24
79400,23.232,24
79500,23.232,24
79600,23.232,24
79700,23.232,24
79800,23.232,24
79900,23.232,24
80000,23.232,24
80100,23.232,24
80200,23.232,24
80300,23.232,24
80400,23.232,24
80500,23.232,24
80600,23.232,24
80700,23.232,24
80800,23.232,24
80900,23.232,24
81000,23.232,24
81100,23.232,24
81200,23.232,24
81300,23.232,24
81400,23.232,24
81500,23.232,24
81600,23.232,24
81700,23.232,24
81800,23.232,24
81900,23.232,24
82000,23.232,24
82100,23.232,24
82200,23.232,24
82300,23.232,24
82400,23.232,24
82500,23.232,24
82600,23.232,24
82700,23.232,24
82800,23.232,24
82900,23.232,24
83000,23.232,24
83100,23.232,24
83200,23.232,24
83300,23.232,24
83400,23.232,24
83500,23.232,24
83600,23.232,24
83700,23.232,24
83800,23.232,24
83900,23.232,24
84000,23.232,24
84100,23.232,24
84200,23.232,24
84300,23.232,24
84400,23.232,24
84500,23.232,24
84600,23.232,24
84700,23.232,24
84800,23.232,24
84900,23.232,24
85000,23.232,24
85100,23.232,24
85200,23.232,24
85300,23.232,24
85400,23.232,24
85500,23.232,24
85600,23.232,24
85700,23.232,24
85800,23.232,24
85900,23.232,24
86000,23.232,24
86100,23.232,24
86200,23.232,24
86300,23.232,24
86400,23.232,24
86500,23.232,24
86600,23.232,24
86700,23.232,24
86800,23.232,24
86900,23.192,24
87000,23.192,24
87100,23.192,24
87200,23.192,24
87300,23.192,24
87400,23.192,24
87500,23.192,24
87600,23.192,24
87700,23.16,24
87800,23.16,24
87900,23.16,24
88000,23.16,24
88100,23.16,24
88200,23.16,24
88300,23.16,24
88400,23.16,24
88500,23.16,24
88600,23.16,24
88700,23.16,24
88800,23.16,24
88900,23.16,24
89000,23.16,24
89100,23.16,24
89200,23.16,24
89300,23.16,24
89400,23.16,24
89500,23.16,24
89600,23.16,24
89700,23.16,24
89800,23.16,24
89900,23.16,24
90000,23.16,24
90100,23.16,24
90200,23.16,24
90300,23.16,24
90400,23.16,24
90500,23.127999999999997,24
90600,23.127999999999997,24
90700,23.127999999999997,24
90800,23.127999999999997,24
90900,23.127999999999997,24
91000,23.127999999999997,24
91100,23.127999999999997,24
91200,23.127999999999997,24
91300,23.127999999999997,24
91400,23.127999999999997,24
91500,23.127999999999997,24
91600,23.127999999999997,24
91700,23.127999999999997,24
91800,23.127999999999997,24
91900,23.127999999999997,24
92000,23.127999999999997,24
92100,23.127999999999997,24
92200,23.127999999999997,24
92300,23.127999999999997,24
92400,23.127999999999997,24
92500,23.127999999999997,24
92600,23.127999999999997,24
92700,23.127999999999997,24
92800,23.127999999999997,24
92900,23.127999999999997,24
93000,23.127999999999997,24
93100,23.127999999999997,24
93200,23.127999999999997,24
93300,23.127999999999997,24
93400,23.127999999999997,24
93500,23.127999999999997,24
93600,23.127999999999997,24
93700,23.127999999999997,24
93800,22.927999999999997,24.2
93900,22.720000000000002,24
94000,22.720000000000002,24
94100,22.720000000000002,24
94200,22.720000000000002,24
94300,22.720000000000002,24
94400,22.720000000000002,24
94500,22.720000000000002,24
94600,22.720000000000002,24
94700,22.720000000000002,24
94800,22.720000000000002,24
94900,22.720000000000002,24
95000,22.720000000000002,24
95100,22.720000000000002,24
95200,22.720000000000002,24
95300,22.720000000000002,24
95400,22.720000000000002,24
95500,22.720000000000002,24
95600,22.720000000000002,24
95700,22.720000000000002,24
95800,22.720000000000002,24
95900,22.720000000000002,24
96000,22.720000000000002,24
96100,22.328,24
96200,22.328,24
96300,22.328,24
96400,22.328,24
96500,22.328,24
96600,22.328,24
96700,22.328,24
96800,22.328,24
96900,22.328,24
97000,22.328,24
97100,22.328,24
97200,22.328,24
97300,22.328,24
97400,22.328,24
97500,22.328,24
97600,22.328,24
97700,22.328,24
97800,22.328,24
97900,22.328,24
98000,22.328,24
98100,22.328,24
98200,22.328,24
98300,22.328,24
98400,22.328,24
98500,22.328,24
98600,22.328,24
98700,22.328,24
98800,22.328,24
98900,22.328,24
99000,22.328,24
99100,22.328,24
99200,22.328,24
99300,22.328,24
99400,22.328,24
99500,22.328,24
99600,22.328,24
99700,22.328,24
99800,22.328,24
99900,22.328,24
99999,22.328,24

START ALGORITHM
h5: (a52) * (b31 + b21 - b53)
h11: (a25) * (-b22)
h16: (a31 - a34) * (b15 + b34 - b45 - b15)
h22: (a45) * (-b25)
h28: (a13 + a52) * (-b15)
h31: (a14 - a55) * (b44 + b15 - b51)
h32: (-a33) * (b35)
h34: (a43 + a13) * (-b42)
h36: (-a34) * (-b23 - b13)
h37: (a23 + a51 - a33) * (b31 + b54)
h38: (a11) * (-b43 - b55 - b21 - b12)
h45: (a32) * (-b12)
h52: (-a21) * (-b42 - b33)
h63: (a11 - a11 - a21 - a21) * (b12 + b25 - b43)
h68: (a31 + a31 + a41 - a13 - a15) * (b13 - b13 - b45 - b31)
h72: (a11 + a45 - a21 - a21 - a54) * (-b22 - b45 - b53)
h84: (a35 + a45 - a12 - a45 - a15 - a13) * (b15 + b55 - b35)
h93: (a21 + a15 + a32 - a11) * (b25 - b55)
h109: (a22 - a51 - a43) * (-b55 - b43)
h113: (-a32) * (-b31)
h122: (a34 + a34) * (-b32)
h124: (a51 + a45 + a34 + a42 - a34 - a14 - a33) * (-b21 - b31)
h125: (a23 + a33 - a41 - a54) * (b32 + b44 + b54)
h133: (a33) * (-b32)
h136: (a42 + a23 - a55 - a42) * (-b44 - b31 - b23)
h142: (a15) * (b32 - b24 - b24)
h151: (a35 - a44 - a11) * (-b54)
h207: (a31) * (b31 + b34 + b31 - b35 - b11)
h258: (a33 - a43) * (-b44)
h300: (a54 + a41 - a25 - a51 - a52) * (b35 + b24 - b52 - b34)
h302: (a23 - a31) * (-b52 - b13 - b45)
h360: (-a13) * (-b25 - b55)
h385: (a33 - a22) * (b34 + b11)
h425: (a32 - a21) * (b33)
h432: (a23) * (-b51)
h465: (a23 - a35 - a54) * (b11)
h645: (a34) * (b13)
h1308: (-a43) * (b35)
h1433: (a33 - a23 - a53) * (b12 + b44 - b21)
h1472: (a42 - a14) * (b54)
h1587: (a15 - a35 - a25) * (b51)
h1771: (a35 + a51 + a54 + a12 - a44) * (b24 + b22 + b43 + b52 - b21 - b12 - b44)
h2651: (a35) * (b55 + b43 - b31)
h2950: (a45) * (b33 + b44)
h3984: (-a52 - a14) * (-b32)
h6167: (a25 - a14) * (b43 - b52)
h6489: (a35 - a23) * (b23)
h8009: (a35 - a35 - a12 - a45 - a11 - a55) * (b31 - b14 - b42)
h11655: (-a54) * (b24)
h12610: (a21 - a11 - a22) * (b11 + b23)
h18781: (-a12) * (b43)
h21873: (a32) * (b32 - b22)
h25803: (a25 - a41) * (-b33)
h31434: (-a55) * (b53 + b15 - b21)
h38803: (-a15) * (-b54)
h47146: (-a32) * (b23 + b24 + b41 - b42 - b21)
c11: h37 + h109 - h38803 
c12: h45 - h432 - h31434 
c13: h151 + h2651 
c14: h360 + h258 + h68 
c15: h93 + h45 + h11655 + h136 - h124 - h645 - h1308 
c21: h1472 + h93 
c22: h1771 + h8009 
c23: h3984 - h12610 - h25803 
c24: h16 + h16 + h109 + h32 + h425 + h151 - h465 
c25: h1587 - h72 
c31: h38 - h38 - h136 - h142 
c32: h22 + h360 - h36 
c33: h302 + h1771 - h300 
c34: h11 + h258 + h385 + h5 - h45 
c35: h28 + h21873 + h32 
c41: h6489 
c42: h360 
c43: h68 + h124 + h1472 - h5 
c44: h18781 - h63 
c45: h52 + h28 + h133 + h360 - h5 
c51: h258 + h1433 - h47146 
c52: h18781 - h84 - h28 
c53: h34 + h113 + h207 - h125 - h122 
c54: h31 + h133 + h1308 + h52 + h124 
c55: h63 - h2950 - h6167 
