0,126.864,25
100,81.05600000000001,24.8
200,74.112,24.8
300,65.44,24.8
400,61.424,24.8
500,58.176,24.8
600,55.528,24.8
700,50.896,24.8
800,49.432,24.6
900,48.63199999999999,24.6
1000,48.048,24.6
1100,46.472,24.6
1200,46.215999999999994,24.6
1300,46.215999999999994,24.6
1400,46.215999999999994,24.6
1500,45.760000000000005,24.6
1600,44.76,24.6
1700,44.696,24.6
1800,43.879999999999995,24.6
1900,43.879999999999995,24.6
2000,43.688,24.6
2100,43.06400000000001,24.4
2200,43.06400000000001,24.4
2300,43.06400000000001,24.4
2400,42.2,24.4
2500,42.2,24.4
2600,42.2,24.4
2700,42.2,24.4
2800,41.519999999999996,24.4
2900,41.519999999999996,24.4
3000,41.519999999999996,24.4
3100,41.519999999999996,24.4
3200,41.519999999999996,24.4
3300,41.519999999999996,24.4
3400,41.519999999999996,24.4
3500,41.519999999999996,24.4
3600,41.519999999999996,24.4
3700,41.519999999999996,24.4
3800,41.408,24.4
3900,41.408,24.4
4000,41.408,24.4
4100,41.408,24.4
4200,41.408,24.4
4300,41.408,24.4
4400,41.408,24.4
4500,41.408,24.4
4600,41.408,24.4
4700,41.016000000000005,24.4
4800,41.016000000000005,24.4
4900,41.016000000000005,24.4
5000,41.016000000000005,24.4
5100,41.016000000000005,24.4
5200,40.592,24.4
5300,40.592,24.4
5400,40.592,24.4
5500,40.56,24.4
5600,40.56,24.4
5700,40.56,24.4
5800,39.376,24.4
5900,38.65599999999999,24.4
6000,38.65599999999999,24.4
6100,38.65599999999999,24.4
6200,38.65599999999999,24.4
6300,38.65599999999999,24.4
6400,38.65599999999999,24.4
6500,38.65599999999999,24.4
6600,38.65599999999999,24.4
6700,38.65599999999999,24.4
6800,38.65599999999999,24.4
6900,38.408,24.4
7000,37.976,24.4
7100,37.976,24.4
7200,37.976,24.4
7300,37.976,24.4
7400,37.976,24.4
7500,37.976,24.4
7600,37.336,24.4
7700,37.336,24.4
7800,37.336,24.4
7900,37.336,24.4
8000,37.071999999999996,24.4
8100,37.071999999999996,24.4
8200,37.071999999999996,24.4
8300,37.071999999999996,24.4
8400,37.071999999999996,24.4
8500,37.071999999999996,24.4
8600,37.064,24.4
8700,37.064,24.4
8800,37.064,24.4
8900,37.064,24.4
9000,37.064,24.4
9100,37.064,24.4
9200,37.064,24.4
9300,37.064,24.4
9400,37.064,24.4
9500,37.064,24.4
9600,37.064,24.4
9700,36.903999999999996,24.6
9800,36.727999999999994,24.6
9900,36.376,24.4
10000,34.44,24.4
10100,33.936,24.6
10200,33.576,24.6
10300,33.576,24.6
10400,33.576,24.6
10500,33.14399999999999,24.6
10600,33.14399999999999,24.6
10700,33.14399999999999,24.6
10800,33.14399999999999,24.6
10900,33.14399999999999,24.6
11000,33.14399999999999,24.6
11100,33.14399999999999,24.6
11200,33.14399999999999,24.6
11300,33.14399999999999,24.6
11400,33.14399999999999,24.6
11500,33.14399999999999,24.6
11600,33.14399999999999,24.6
11700,33.14399999999999,24.6
11800,33.14399999999999,24.6
11900,33.14399999999999,24.6
12000,33.14399999999999,24.6
12100,33.14399999999999,24.6
12200,33.14399999999999,24.6
12300,33.14399999999999,24.6
12400,33.032,24.6
12500,32.936,24.2
12600,32.936,24.2
12700,32.888,24.2
12800,32.888,24.2
12900,32.888,24.2
13000,32.888,24.2
13100,32.888,24.2
13200,32.888,24.2
13300,32.856,24.2
13400,32.856,24.2
13500,32.856,24.2
13600,32.696,24.2
13700,32.696,24.2
13800,32.688,24.2
13900,32.688,24.2
14000,32.688,24.2
14100,32.688,24.2
14200,32.688,24.2
14300,32.688,24.2
14400,32.688,24.2
14500,32.688,24.2
14600,32.688,24.2
14700,32.688,24.2
14800,32.016,24.2
14900,32.016,24.2
15000,31.944000000000006,24
15100,31.944000000000006,24
15200,31.944000000000006,24
15300,31.944000000000006,24
15400,31.944000000000006,24
15500,31.944000000000006,24
15600,31.944000000000006,24
15700,31.944000000000006,24
15800,31.944000000000006,24
15900,31.584000000000003,24
16000,31.584000000000003,24
16100,31.584000000000003,24
16200,31.584000000000003,24
16300,31.584000000000003,24
16400,31.584000000000003,24
16500,31.584000000000003,24
16600,31.584000000000003,24
16700,31.568,24
16800,31.568,24
16900,31.568,24
17000,31.568,24
17100,31.568,24
17200,31.160000000000004,24
17300,31.160000000000004,24
17400,31.160000000000004,24
17500,31.160000000000004,24
17600,31.160000000000004,24
17700,31.160000000000004,24
17800,31.160000000000004,24
17900,31.160000000000004,24
18000,31.160000000000004,24
18100,31.160000000000004,24
18200,31.160000000000004,24
18300,31.160000000000004,24
18400,31.160000000000004,24
18500,31.160000000000004,24
18600,31.160000000000004,24
18700,31.032,24.2
18800,31.032,24.2
18900,30.296000000000003,24.2
19000,30.296000000000003,24.2
19100,30.296000000000003,24.2
19200,30.296000000000003,24.2
19300,30.296000000000003,24.2
19400,30.296000000000003,24.2
19500,29.832,24.2
19600,29.624000000000002,24.2
19700,29.624000000000002,24.2
19800,29.624000000000002,24.2
19900,29.624000000000002,24.2
20000,29.624000000000002,24.2
20100,29.624000000000002,24.2
20200,29.624000000000002,24.2
20300,29.624000000000002,24.2
20400,29.624000000000002,24.2
20500,29.624000000000002,24.2
20600,29.624000000000002,24.2
20700,29.624000000000002,24.2
20800,29.624000000000002,24.2
20900,29.624000000000002,24.2
21000,29.624000000000002,24.2
21100,29.624000000000002,24.2
21200,29.624000000000002,24.2
21300,29.624000000000002,24.2
21400,29.624000000000002,24.2
21500,29.312,24.6
21600,29.312,24.6
21700,29.312,24.6
21800,29.312,24.6
21900,29.312,24.6
22000,29.312,24.6
22100,29.312,24.6
22200,29.312,24.6
22300,29.312,24.6
22400,29.312,24.6
22500,29.312,24.6
22600,29.312,24.6
22700,29.312,24.6
22800,29.312,24.6
22900,29.312,24.6
23000,29.312,24.6
23100,29.312,24.6
23200,29.312,24.6
23300,29.312,24.6
23400,29.312,24.6
23500,29.312,24.6
23600,29.312,24.6
23700,29.312,24.6
23800,29.312,24.6
23900,29.312,24.6
24000,29.312,24.6
24100,29.264000000000003,24.6
24200,29.240000000000002,24.6
24300,29.240000000000002,24.6
24400,29.240000000000002,24.6
24500,29.240000000000002,24.6
24600,29.240000000000002,24.6
24700,29.240000000000002,24.6
24800,29.240000000000002,24.6
24900,29.240000000000002,24.6
25000,29.240000000000002,24.6
25100,29.240000000000002,24.6
25200,29.240000000000002,24.6
25300,29.240000000000002,24.6
25400,29.240000000000002,24.6
25500,29.240000000000002,24.6
25600,29.240000000000002,24.6
25700,29.240000000000002,24.6
25800,29.240000000000002,24.6
25900,29.240000000000002,24.6
26000,28.279999999999994,24.6
26100,28.279999999999994,24.6
26200,28.279999999999994,24.6
26300,28.279999999999994,24.6
26400,28.279999999999994,24.6
26500,28.279999999999994,24.6
26600,28.279999999999994,24.6
26700,28.279999999999994,24.6
26800,28.279999999999994,24.6
26900,28.279999999999994,24.6
27000,28.279999999999994,24.6
27100,28.279999999999994,24.6
27200,28.279999999999994,24.6
27300,28.279999999999994,24.6
27400,28.279999999999994,24.6
27500,28.279999999999994,24.6
27600,28.279999999999994,24.6
27700,28.279999999999994,24.6
27800,28.279999999999994,24.6
27900,28.279999999999994,24.6
28000,28.279999999999994,24.6
28100,28.279999999999994,24.6
28200,28.279999999999994,24.6
28300,28.279999999999994,24.6
28400,28.279999999999994,24.6
28500,28.279999999999994,24.6
28600,28.279999999999994,24.6
28700,28.279999999999994,24.6
28800,28.279999999999994,24.6
28900,28.279999999999994,24.6
29000,28.279999999999994,24.6
29100,28.279999999999994,24.6
29200,28.279999999999994,24.6
29300,28.279999999999994,24.6
29400,28.279999999999994,24.6
29500,28.279999999999994,24.6
29600,28.279999999999994,24.6
29700,28.279999999999994,24.6
29800,28.279999999999994,24.6
29900,28.279999999999994,24.6
30000,28.279999999999994,24.6
30100,28.279999999999994,24.6
30200,28.279999999999994,24.6
30300,28.279999999999994,24.6
30400,28.279999999999994,24.6
30500,28.279999999999994,24.6
30600,28.279999999999994,24.6
30700,28.279999999999994,24.6
30800,28.279999999999994,24.6
30900,28.279999999999994,24.6
31000,28.279999999999994,24.6
31100,28.279999999999994,24.6
31200,28.279999999999994,24.6
31300,28.279999999999994,24.6
31400,28.279999999999994,24.6
31500,28.279999999999994,24.6
31600,28.279999999999994,24.6
31700,28.279999999999994,24.6
31800,28.096000000000004,24.6
31900,28.096000000000004,24.6
32000,28.096000000000004,24.6
32100,28.096000000000004,24.6
32200,28.096000000000004,24.6
32300,28.096000000000004,24.6
32400,28.096000000000004,24.6
32500,28.096000000000004,24.6
32600,28.096000000000004,24.6
32700,28.096000000000004,24.6
32800,28.096000000000004,24.6
32900,28.096000000000004,24.6
33000,28.096000000000004,24.6
33100,28.096000000000004,24.6
33200,28.096000000000004,24.6
33300,28.096000000000004,24.6
33400,28.096000000000004,24.6
33500,28.096000000000004,24.6
33600,28.096000000000004,24.6
33700,28.096000000000004,24.6
33800,28.096000000000004,24.6
33900,28.096000000000004,24.6
34000,28.096000000000004,24.6
34100,28.096000000000004,24.6
34200,28.096000000000004,24.6
34300,28.096000000000004,24.6
34400,28.096000000000004,24.6
34500,28.096000000000004,24.6
34600,28.096000000000004,24.6
34700,28.096000000000004,24.6
34800,28.096000000000004,24.6
34900,28.096000000000004,24.6
35000,28,24.6
35100,28,24.6
35200,28,24.6
35300,28,24.6
35400,28,24.6
35500,28,24.6
35600,28,24.6
35700,27.968,24.6
35800,27.968,24.6
35900,27.968,24.6
36000,27.968,24.6
36100,27.968,24.6
36200,27.968,24.6
36300,27.968,24.6
36400,27.968,24.6
36500,27.968,24.6
36600,27.968,24.6
36700,27.968,24.6
36800,27.968,24.6
36900,27.968,24.6
37000,27.968,24.6
37100,27.968,24.6
37200,27.968,24.6
37300,27.968,24.6
37400,27.968,24.6
37500,27.968,24.6
37600,27.968,24.6
37700,27.968,24.6
37800,27.968,24.6
37900,27.968,24.6
38000,27.968,24.6
38100,27.968,24.6
38200,27.968,24.6
38300,27.968,24.6
38400,27.968,24.6
38500,27.968,24.6
38600,27.968,24.6
38700,27.968,24.6
38800,27.968,24.6
38900,27.968,24.6
39000,27.968,24.6
39100,27.968,24.6
39200,27.968,24.6
39300,27.968,24.6
39400,27.968,24.6
39500,27.968,24.6
39600,27.968,24.6
39700,27.968,24.6
39800,27.968,24.6
39900,27.968,24.6
40000,27.968,24.6
40100,27.968,24.6
40200,27.968,24.6
40300,27.968,24.6
40400,27.968,24.6
40500,27.968,24.6
40600,27.968,24.6
40700,27.968,24.6
40800,27.968,24.6
40900,27.968,24.6
41000,27.968,24.6
41100,27.968,24.6
41200,27.968,24.6
41300,27.968,24.6
41400,27.968,24.6
41500,27.968,24.6
41600,27.968,24.6
41700,27.968,24.6
41800,27.968,24.6
41900,27.968,24.6
42000,27.968,24.6
42100,27.968,24.6
42200,27.968,24.6
42300,27.968,24.6
42400,27.968,24.6
42500,27.968,24.6
42600,27.968,24.6
42700,27.968,24.6
42800,27.968,24.6
42900,27.968,24.6
43000,27.968,24.6
43100,27.968,24.6
43200,27.968,24.6
43300,27.968,24.6
43400,27.968,24.6
43500,27.968,24.6
43600,27.968,24.6
43700,27.968,24.6
43800,27.968,24.6
43900,27.968,24.6
44000,27.968,24.6
44100,27.968,24.6
44200,27.968,24.6
44300,27.968,24.6
44400,27.968,24.6
44500,27.968,24.6
44600,27.968,24.6
44700,27.968,24.6
44800,27.968,24.6
44900,27.968,24.6
45000,27.968,24.6
45100,27.968,24.6
45200,27.968,24.6
45300,27.968,24.6
45400,27.968,24.6
45500,27.863999999999997,24.6
45600,27.863999999999997,24.6
45700,27.863999999999997,24.6
45800,27.863999999999997,24.6
45900,27.863999999999997,24.6
46000,27.832,24.6
46100,27.832,24.6
46200,27.832,24.6
46300,27.832,24.6
46400,27.832,24.6
46500,27.832,24.6
46600,27.832,24.6
46700,27.832,24.6
46800,27.832,24.6
46900,27.832,24.6
47000,27.832,24.6
47100,27.832,24.6
47200,27.832,24.6
47300,27.832,24.6
47400,27.832,24.6
47500,27.832,24.6
47600,27.832,24.6
47700,27.832,24.6
47800,27.592000000000002,24.6
47900,27.592000000000002,24.6
48000,27.592000000000002,24.6
48100,27.592000000000002,24.6
48200,27.592000000000002,24.6
48300,27.592000000000002,24.6
48400,27.592000000000002,24.6
48500,27.592000000000002,24.6
48600,27.592000000000002,24.6
48700,27.592000000000002,24.6
48800,27.592000000000002,24.6
48900,27.592000000000002,24.6
49000,27.488,24.6
49100,27.488,24.6
49200,27.488,24.6
49300,27.488,24.6
49400,27.488,24.6
49500,27.488,24.6
49600,27.488,24.6
49700,27.488,24.6
49800,27.488,24.6
49900,27.488,24.6
50000,27.488,24.6
50100,27.488,24.6
50200,27.488,24.6
50300,27.488,24.6
50400,27.488,24.6
50500,27.488,24.6
50600,27.488,24.6
50700,27.488,24.6
50800,27.488,24.6
50900,27.488,24.6
51000,27.488,24.6
51100,27.488,24.6
51200,27.488,24.6
51300,27.488,24.6
51400,27.488,24.6
51500,27.488,24.6
51600,27.488,24.6
51700,27.488,24.6
51800,27.488,24.6
51900,27.488,24.6
52000,27.264,24.6
52100,27.264,24.6
52200,27.264,24.6
52300,27.264,24.6
52400,27.264,24.6
52500,27.264,24.6
52600,27.264,24.6
52700,27.264,24.6
52800,27.264,24.6
52900,27.264,24.6
53000,27.264,24.6
53100,27.264,24.6
53200,27.264,24.6
53300,27.264,24.6
53400,27.264,24.6
53500,27.264,24.6
53600,27.264,24.6
53700,27.264,24.6
53800,27.264,24.6
53900,27.264,24.6
54000,27.264,24.6
54100,27.264,24.6
54200,27.264,24.6
54300,27.264,24.6
54400,27.264,24.6
54500,27.264,24.6
54600,27.264,24.6
54700,27.264,24.6
54800,27.264,24.6
54900,27.264,24.6
55000,27.2,24.6
55100,27.2,24.6
55200,27.2,24.6
55300,27.2,24.6
55400,27.2,24.6
55500,27.2,24.6
55600,27.2,24.6
55700,27.2,24.6
55800,27.2,24.6
55900,27.2,24.6
56000,27.2,24.6
56100,27.2,24.6
56200,27.2,24.6
56300,27.2,24.6
56400,27.2,24.6
56500,27.2,24.6
56600,27.2,24.6
56700,27.2,24.6
56800,27.2,24.6
56900,27.2,24.6
57000,27.2,24.6
57100,27.2,24.6
57200,27.2,24.6
57300,27.2,24.6
57400,27.2,24.6
57500,27.2,24.6
57600,27.2,24.6
57700,27.2,24.6
57800,27.2,24.6
57900,27.2,24.6
58000,27.2,24.6
58100,27.2,24.6
58200,27.2,24.6
58300,27.2,24.6
58400,27.2,24.6
58500,27.2,24.6
58600,27.2,24.6
58700,27.2,24.6
58800,27.2,24.6
58900,27.2,24.6
59000,27.2,24.6
59100,27.2,24.6
59200,27.2,24.6
59300,27.2,24.6
59400,27.2,24.6
59500,27.2,24.6
59600,27.2,24.6
59700,27.2,24.6
59800,27.2,24.6
59900,27.2,24.6
60000,27.048000000000002,24.6
60100,27.048000000000002,24.6
60200,27.048000000000002,24.6
60300,27.048000000000002,24.6
60400,27.048000000000002,24.6
60500,27.048000000000002,24.6
60600,27.048000000000002,24.6
60700,27.048000000000002,24.6
60800,27.048000000000002,24.6
60900,27.048000000000002,24.6
61000,27.048000000000002,24.6
61100,26.912,24.6
61200,26.912,24.6
61300,26.912,24.6
61400,26.912,24.6
61500,26.912,24.6
61600,26.912,24.6
61700,26.912,24.6
61800,26.912,24.6
61900,26.912,24.6
62000,26.912,24.6
62100,26.912,24.6
62200,26.912,24.6
62300,26.912,24.6
62400,26.912,24.6
62500,26.912,24.6
62600,26.912,24.6
62700,26.912,24.6
62800,26.912,24.6
62900,26.912,24.6
63000,26.912,24.6
63100,26.912,24.6
63200,26.912,24.6
63300,26.912,24.6
63400,26.912,24.6
63500,26.912,24.6
63600,26.912,24.6
63700,26.912,24.6
63800,26.912,24.6
63900,26.912,24.6
64000,26.912,24.6
64100,26.912,24.6
64200,26.912,24.6
64300,26.912,24.6
64400,26.912,24.6
64500,26.912,24.6
64600,26.912,24.6
64700,26.912,24.6
64800,26.912,24.6
64900,26.912,24.6
65000,26.912,24.6
65100,26.912,24.6
65200,26.912,24.6
65300,26.912,24.6
65400,26.912,24.6
65500,26.912,24.6
65600,26.912,24.6
65700,26.912,24.6
65800,26.912,24.6
65900,26.912,24.6
66000,26.912,24.6
66100,26.912,24.6
66200,26.912,24.6
66300,26.912,24.6
66400,26.912,24.6
66500,26.912,24.6
66600,26.912,24.6
66700,26.912,24.6
66800,26.912,24.6
66900,26.912,24.6
67000,26.912,24.6
67100,26.912,24.6
67200,26.912,24.6
67300,26.912,24.6
67400,26.912,24.6
67500,26.912,24.6
67600,26.912,24.6
67700,26.4,24.6
67800,26.4,24.6
67900,26.4,24.6
68000,26.4,24.6
68100,26.4,24.6
68200,26.184000000000005,24.6
68300,26.184000000000005,24.6
68400,26.184000000000005,24.6
68500,26.184000000000005,24.6
68600,26.184000000000005,24.6
68700,26.184000000000005,24.6
68800,26.184000000000005,24.6
68900,26.184000000000005,24.6
69000,26.184000000000005,24.6
69100,26.184000000000005,24.6
69200,26.184000000000005,24.6
69300,26.184000000000005,24.6
69400,26.184000000000005,24.6
69500,26.184000000000005,24.6
69600,26.184000000000005,24.6
69700,26.184000000000005,24.6
69800,26.184000000000005,24.6
69900,26.184000000000005,24.6
70000,26.184000000000005,24.6
70100,26.184000000000005,24.6
70200,26.184000000000005,24.6
70300,26.184000000000005,24.6
70400,26.064,24.6
70500,26.064,24.6
70600,26.064,24.6
70700,26.064,24.6
70800,26.064,24.6
70900,26.064,24.6
71000,26.064,24.6
71100,26.064,24.6
71200,26.064,24.6
71300,26.064,24.6
71400,26.064,24.6
71500,26.064,24.6
71600,26.064,24.6
71700,26.064,24.6
71800,26.064,24.6
71900,26.064,24.6
72000,26.064,24.6
72100,26.064,24.6
72200,26.064,24.6
72300,26.064,24.6
72400,26.064,24.6
72500,26.064,24.6
72600,26.064,24.6
72700,26.064,24.6
72800,26.064,24.6
72900,26.064,24.6
73000,26.064,24.6
73100,26.064,24.6
73200,26.064,24.6
73300,26.064,24.6
73400,26.064,24.6
73500,26.064,24.6
73600,26.064,24.6
73700,26.064,24.6
73800,26.064,24.6
73900,26.064,24.6
74000,26.064,24.6
74100,26.064,24.6
74200,26.064,24.6
74300,26.064,24.6
74400,26.064,24.6
74500,26.064,24.6
74600,26.064,24.6
74700,26.064,24.6
74800,26.064,24.6
74900,26.064,24.6
75000,26.064,24.6
75100,26.064,24.6
75200,26.064,24.6
75300,26.064,24.6
75400,26.064,24.6
75500,26.064,24.6
75600,26.064,24.6
75700,26.064,24.6
75800,26.064,24.6
75900,26.064,24.6
76000,26.064,24.6
76100,26.064,24.6
76200,26.064,24.6
76300,26.064,24.6
76400,26.064,24.6
76500,26.064,24.6
76600,26.064,24.6
76700,26.064,24.6
76800,26.064,24.6
76900,26.064,24.6
77000,26.064,24.6
77100,26.064,24.6
77200,26.064,24.6
77300,26.064,24.6
77400,26.064,24.6
77500,26.064,24.6
77600,26.064,24.6
77700,26.064,24.6
77800,26.064,24.6
77900,26.064,24.6
78000,26.064,24.6
78100,26.064,24.6
78200,26.064,24.6
78300,26.064,24.6
78400,25.496000000000002,24.6
78500,25.496000000000002,24.6
78600,25.496000000000002,24.6
78700,25.496000000000002,24.6
78800,25.496000000000002,24.6
78900,25.416,24.6
79000,25.416,24.6
79100,25.416,24.6
79200,25.416,24.6
79300,25.416,24.6
79400,25.416,24.6
79500,25.416,24.6
79600,25.416,24.6
79700,25.416,24.6
79800,25.416,24.6
79900,25.416,24.6
80000,25.416,24.6
80100,25.416,24.6
80200,25.416,24.6
80300,25.416,24.6
80400,25.416,24.6
80500,25.416,24.6
80600,24.984,24.6
80700,24.984,24.6
80800,24.984,24.6
80900,24.984,24.6
81000,24.984,24.6
81100,24.984,24.6
81200,24.984,24.6
81300,24.984,24.6
81400,24.984,24.6
81500,24.984,24.6
81600,24.984,24.6
81700,24.984,24.6
81800,24.984,24.6
81900,24.984,24.6
82000,24.984,24.6
82100,24.984,24.6
82200,24.984,24.6
82300,24.984,24.6
82400,24.984,24.6
82500,24.984,24.6
82600,24.984,24.6
82700,24.984,24.6
82800,24.984,24.6
82900,24.984,24.6
83000,24.984,24.6
83100,24.984,24.6
83200,24.216,24.6
83300,24.216,24.6
83400,24.216,24.6
83500,24.216,24.6
83600,24.216,24.6
83700,24.216,24.6
83800,24.216,24.6
83900,24.216,24.6
84000,24.216,24.6
84100,24.216,24.6
84200,24.216,24.6
84300,24.216,24.6
84400,24.216,24.6
84500,24.216,24.6
84600,24.216,24.6
84700,24.216,24.6
84800,24.216,24.6
84900,24.216,24.6
85000,24.216,24.6
85100,24.216,24.6
85200,24.216,24.6
85300,24.216,24.6
85400,24.216,24.6
85500,24.216,24.6
85600,24.216,24.6
85700,24.216,24.6
85800,24.216,24.6
85900,24.216,24.6
86000,24.216,24.6
86100,24.216,24.6
86200,24.216,24.6
86300,24.216,24.6
86400,24.216,24.6
86500,24.216,24.6
86600,24.216,24.6
86700,24.216,24.6
86800,24.216,24.6
86900,24.216,24.6
87000,24.216,24.6
87100,24.216,24.6
87200,24.216,24.6
87300,24.216,24.6
87400,24.216,24.6
87500,24.216,24.6
87600,24.216,24.6
87700,24.216,24.6
87800,24.216,24.6
87900,24.216,24.6
88000,24.216,24.6
88100,24.216,24.6
88200,24.216,24.6
88300,24.216,24.6
88400,24.216,24.6
88500,24.216,24.6
88600,24.216,24.6
88700,24.216,24.6
88800,24.216,24.6
88900,24.216,24.6
89000,24.216,24.6
89100,24.216,24.6
89200,24.216,24.6
89300,24.216,24.6
89400,24.216,24.6
89500,24.216,24.6
89600,24.216,24.6
89700,24.216,24.6
89800,24.216,24.6
89900,24.216,24.6
90000,24.216,24.6
90100,24.216,24.6
90200,24.216,24.6
90300,24.216,24.6
90400,24.216,24.6
90500,24.192,24.6
90600,24.184,24.6
90700,24.184,24.6
90800,24.184,24.6
90900,24.184,24.6
91000,24.184,24.6
91100,24.184,24.6
91200,24.184,24.6
91300,24.184,24.6
91400,24.184,24.6
91500,24.184,24.6
91600,24.064,24.6
91700,24.064,24.6
91800,24.064,24.6
91900,24.064,24.6
92000,24.064,24.6
92100,24.064,24.6
92200,24.064,24.6
92300,24.064,24.6
92400,24.064,24.6
92500,24.064,24.6
92600,24.064,24.6
92700,24.064,24.6
92800,24.064,24.6
92900,24.064,24.6
93000,24.064,24.6
93100,24.064,24.6
93200,24.064,24.6
93300,24.064,24.6
93400,24.064,24.6
93500,24.064,24.6
93600,24.064,24.6
93700,24.064,24.6
93800,24.064,24.6
93900,24.064,24.6
94000,24.064,24.6
94100,24.064,24.6
94200,24.064,24.6
94300,24.064,24.6
94400,24.064,24.6
94500,24.064,24.6
94600,24.064,24.6
94700,24.064,24.6
94800,24.064,24.6
94900,24.064,24.6
95000,24.064,24.6
95100,24.064,24.6
95200,24.064,24.6
95300,24.064,24.6
95400,24.064,24.6
95500,24.064,24.6
95600,24.064,24.6
95700,24.064,24.6
95800,24.064,24.6
95900,24.064,24.6
96000,24.064,24.6
96100,24.064,24.6
96200,24.064,24.6
96300,23.92,24.6
96400,23.92,24.6
96500,23.92,24.6
96600,23.92,24.6
96700,23.92,24.6
96800,23.92,24.6
96900,23.92,24.6
97000,23.92,24.6
97100,23.92,24.6
97200,23.92,24.6
97300,23.92,24.6
97400,23.92,24.6
97500,23.92,24.6
97600,23.92,24.6
97700,23.92,24.6
97800,23.92,24.6
97900,23.863999999999997,24.6
98000,23.863999999999997,24.6
98100,23.863999999999997,24.6
98200,23.863999999999997,24.6
98300,23.863999999999997,24.6
98400,23.863999999999997,24.6
98500,23.863999999999997,24.6
98600,23.863999999999997,24.6
98700,23.863999999999997,24.6
98800,23.863999999999997,24.6
98900,23.863999999999997,24.6
99000,23.863999999999997,24.6
99100,23.863999999999997,24.6
99200,23.863999999999997,24.6
99300,23.863999999999997,24.6
99400,23.863999999999997,24.6
99500,23.863999999999997,24.6
99600,23.863999999999997,24.6
99700,23.863999999999997,24.6
99800,23.863999999999997,24.6
99900,23.863999999999997,24.6
99999,23.863999999999997,24.6

START ALGORITHM
h1: (a31 + a23 + a11 + a22 - a15 - a21 - a41) * (-b42 - b22)
h6: (a15 - a21 - a22) * (b52)
h8: (a14 + a55) * (-b53)
h13: (a13 + a21 + a12 - a32 - a31 - a41) * (b25)
h16: (a15 + a13) * (b21 - b24 - b25)
h17: (a34 + a11 + a53 - a22) * (b23)
h23: (a35 - a55) * (b45 + b42 + b51 - b51 - b25)
h26: (a23 + a35 - a52 - a53 - a54 - a34) * (b15 + b11 + b53 + b52 + b45 - b42 - b43)
h29: (a43 - a53) * (b43 + b21 + b11 + b22 - b25 - b13)
h34: (-a44) * (b41 + b33 + b32 + b54 - b14 - b22 - b44 - b12)
h38: (-a21 - a45) * (b41 + b35 + b41 + b15 + b45 - b11 - b15 - b41)
h42: (a54 - a14 - a42) * (b31 + b13 + b53 + b41 + b33 - b24 - b13 - b32 - b21 - b54 - b31 - b51 - b44)
h50: (-a32) * (b15 + b44 + b31)
h52: (a14 - a55 - a11) * (b43 + b41 - b24 - b52)
h55: (-a33) * (b25)
h59: (-a34 - a15 - a14) * (b53 + b33 + b51 - b13)
h64: (a43 + a42) * (b55 + b14 + b55 - b43)
h65: (a31 + a32 + a13 - a34 - a31 - a25 - a14) * (-b24)
h68: (a11 + a55 + a15 + a32 - a54) * (b24 + b21 - b32)
h70: (a13 - a32) * (b24 - b41)
h72: (-a25 - a24) * (-b53)
h76: (a41) * (-b34 - b51 - b35 - b44 - b51)
h78: (a44 - a31) * (b11 + b32 + b33 + b13 - b24 - b42 - b51 - b25)
h86: (a42 + a55 - a15) * (b31)
h87: (a31 + a23 - a15) * (-b45)
h98: (a41 + a21) * (b31 - b34 - b12)
h103: (a23 + a42) * (b31 + b32 - b51 - b42)
h108: (a41 + a55 + a52 - a32 - a31) * (b52)
h109: (-a52) * (b14 + b23 - b54)
h120: (a14) * (-b43 - b32)
h122: (-a43) * (b55 + b22 + b31 - b42)
h123: (a41) * (b55 + b41 - b45)
h125: (-a23) * (b22 + b22 - b13)
h159: (a11 - a22 - a15 - a51 - a43 - a34 - a25 - a24) * (b54 + b42 + b31 - b14 - b13 - b21 - b41)
h162: (a14 - a34 - a31) * (b43 + b53 + b13 + b44 - b13 - b34)
h171: (a11 + a35 - a35 - a33 - a15) * (b52 + b51 - b23 - b11 - b31 - b11)
h239: (a54 + a21 - a54 - a13) * (b55 + b44 + b51 + b41 + b45 + b33 - b12 - b41 - b12)
h245: (a31 + a54 - a22 - a32) * (b32 + b15)
h436: (a11 + a21 - a24 - a42) * (b15 + b34 - b41 - b14)
h3845: (-a55) * (-b52)
h4901: (a24 + a43 - a25) * (-b32)
h6835: (-a22 - a23 - a34 - a23 - a23) * (b52 + b52 + b35 + b53 - b15 - b24 - b52)
h8710: (-a15) * (b44 - b32)
h13143: (a25 + a24 + a33) * (b35 - b45 - b32 - b43 - b45)
h22868: (a45 - a54 - a41) * (b24)
h34131: (a32 + a42) * (b55)
h35236: (a34 + a33 + a33 + a11 + a45 + a34 - a23 - a23) * (b11 - b12 - b25 - b44 - b21)
h37706: (-a12) * (b21 - b52)
h41551: (a12 + a12) * (b53 + b21 + b55 + b15 - b25 - b51 - b45 - b25)
h45753: (a12 - a41) * (-b41)
h48092: (a43) * (b45 + b55 + b43 + b53 + b25 - b35 - b52 - b21)
h48841: (a31 + a21 + a33 + a42 - a11) * (b53 - b23 - b34)
h49450: (a33 + a13 + a21 - a34 - a15) * (b21 + b53 + b43)
c11: h16 + h86 + h108 + h1 + h68 + h13143 - h103 
c12: h76 + h48092 
c13: h16 - h52 - h109 - h8 - h26 
c14: h29 + h162 + h436 
c15: h122 + h13 + h72 - h22868 
c21: h52 + h45753 
c22: h123 + h17 + h23 + h52 + h159 - h38 - h4901 
c23: h55 + h162 + h6 + h13143 + h34131 
c24: h29 + h64 + h17 
c25: h23 + h125 
c31: h6 - h49450 
c32: h87 + h120 + h76 + h34 - h72 
c33: h35236 - h162 
c34: h70 - h34 - h171 
c35: h98 + h65 + h50 + h239 + h436 - h64 - h42 - h245 
c41: h171 + h122 
c42: h29 + h59 + h52 + h78 
c43: h65 + h64 + h4901 
c44: h65 - h436 
c45: h1 + h1 - h48841 
c51: h50 - h108 
c52: h8 + h108 - h86 - h41551 
c53: h70 + h3845 - h38 
c54: h6835 - h64 - h8710 
c55: h245 + h37706 
