0,175.456,24.6
100,123.016,24.8
200,91.4,24.6
300,84.08,24.2
400,73.448,24.2
500,65.16,23.8
600,63.61600000000001,24.2
700,57.839999999999996,24.2
800,56.432,24.2
900,53.712,24
1000,52.064,24.2
1100,48.208000000000006,24.2
1200,46.92,24.2
1300,46.824,24.2
1400,46.824,24.2
1500,45.832,24.2
1600,44.936,24.2
1700,43.72,24.2
1800,43.344,24.2
1900,43.184,24.2
2000,42.672000000000004,24.2
2100,42.672000000000004,24.2
2200,42.144,24.2
2300,41.056,24.2
2400,40.872,24.2
2500,40.727999999999994,24.2
2600,40.032000000000004,24.2
2700,40.032000000000004,24.2
2800,40.032000000000004,24.2
2900,40.032000000000004,24.2
3000,40.032000000000004,24.2
3100,40.032000000000004,24.2
3200,40.032000000000004,24.2
3300,38.279999999999994,24.2
3400,38.279999999999994,24.2
3500,38.279999999999994,24.2
3600,37.912,24.2
3700,36.984,24.2
3800,36.672000000000004,24.4
3900,36.55200000000001,24.2
4000,36.152,24.2
4100,36.152,24.2
4200,36.152,24.2
4300,36.152,24.2
4400,36.007999999999996,24.2
4500,36.007999999999996,24.2
4600,35.744,24.2
4700,35.744,24.2
4800,35.744,24.2
4900,35.664,24.2
5000,35.160000000000004,24.2
5100,35.160000000000004,24.2
5200,35.160000000000004,24.2
5300,35.160000000000004,24.2
5400,35.160000000000004,24.2
5500,35.048,24
5600,35.048,24
5700,35.048,24
5800,35.048,24
5900,35.048,24
6000,34.952,24
6100,34.952,24
6200,34.952,24
6300,34.239999999999995,24
6400,34.239999999999995,24
6500,34.239999999999995,24
6600,34.239999999999995,24
6700,34.239999999999995,24
6800,34.239999999999995,24
6900,34.239999999999995,24
7000,34.239999999999995,24
7100,33.751999999999995,24
7200,33.751999999999995,24
7300,33.624,24.2
7400,33.624,24.2
7500,33.624,24.2
7600,33.624,24.2
7700,33.471999999999994,24.2
7800,33.471999999999994,24.2
7900,33.471999999999994,24.2
8000,33.471999999999994,24.2
8100,33.471999999999994,24.2
8200,33.471999999999994,24.2
8300,33.471999999999994,24.2
8400,33.471999999999994,24.2
8500,33.208,24.2
8600,33.112,24.2
8700,33.112,24.2
8800,32.824,24.2
8900,31.808000000000003,24.2
9000,31.808000000000003,24.2
9100,31.32,24.2
9200,31.32,24.2
9300,31.32,24.2
9400,31.32,24.2
9500,31.32,24.2
9600,31.32,24.2
9700,31.32,24.2
9800,31.32,24.2
9900,31.32,24.2
10000,31.232000000000006,24.2
10100,31.232000000000006,24.2
10200,31.232000000000006,24.2
10300,31.232000000000006,24.2
10400,31.232000000000006,24.2
10500,31.080000000000002,24.2
10600,31.080000000000002,24.2
10700,31.080000000000002,24.2
10800,31.080000000000002,24.2
10900,31.080000000000002,24.2
11000,31.080000000000002,24.2
11100,31.080000000000002,24.2
11200,31.080000000000002,24.2
11300,31.080000000000002,24.2
11400,30.904000000000003,24.2
11500,30.904000000000003,24.2
11600,30.904000000000003,24.2
11700,30.360000000000003,24.2
11800,30.360000000000003,24.2
11900,30.360000000000003,24.2
12000,30.360000000000003,24.2
12100,30.360000000000003,24.2
12200,30.360000000000003,24.2
12300,30.360000000000003,24.2
12400,30.360000000000003,24.2
12500,30.28,24.2
12600,30.28,24.2
12700,30.28,24.2
12800,30.28,24.2
12900,30.215999999999998,24.2
13000,30.215999999999998,24.2
13100,30.215999999999998,24.2
13200,30.112000000000002,24.2
13300,29.912,24.2
13400,29.912,24.2
13500,29.912,24.2
13600,29.912,24.2
13700,29.912,24.2
13800,29.912,24.2
13900,29.912,24.2
14000,29.912,24.2
14100,29.912,24.2
14200,29.912,24.2
14300,29.912,24.2
14400,29.68,24.2
14500,29.68,24.2
14600,29.68,24.2
14700,29.68,24.2
14800,29.68,24.2
14900,29.68,24.2
15000,29.68,24.2
15100,29.68,24.2
15200,29.68,24.2
15300,29.68,24.2
15400,29.215999999999998,24.2
15500,29.080000000000002,24.2
15600,28.615999999999996,24.2
15700,28.615999999999996,24.2
15800,28.615999999999996,24.2
15900,28.615999999999996,24.2
16000,28.615999999999996,24.2
16100,28.615999999999996,24.2
16200,28.615999999999996,24.2
16300,28.615999999999996,24.2
16400,27.72,24.4
16500,27.72,24.4
16600,27.72,24.4
16700,27.72,24.4
16800,27.72,24.4
16900,26.992,24.4
17000,26.992,24.4
17100,26.992,24.4
17200,26.848000000000003,24.4
17300,26.848000000000003,24.4
17400,26.848000000000003,24.4
17500,26.848000000000003,24.4
17600,26.848000000000003,24.4
17700,26.848000000000003,24.4
17800,26.848000000000003,24.4
17900,26.848000000000003,24.4
18000,26.848000000000003,24.4
18100,26.848000000000003,24.4
18200,26.848000000000003,24.4
18300,26.848000000000003,24.4
18400,26.848000000000003,24.4
18500,26.848000000000003,24.4
18600,26.72,24.4
18700,26.176,24.4
18800,26.176,24.4
18900,26.176,24.4
19000,26.176,24.4
19100,26.176,24.4
19200,26.176,24.4
19300,26.176,24.4
19400,26.176,24.4
19500,26.176,24.4
19600,26.176,24.4
19700,25.688,24.4
19800,25.688,24.4
19900,25.688,24.4
20000,25.688,24.4
20100,25.688,24.4
20200,25.688,24.4
20300,25.688,24.4
20400,25.688,24.4
20500,25.688,24.4
20600,25.688,24.4
20700,25.688,24.4
20800,25.688,24.4
20900,25.688,24.4
21000,25.688,24.4
21100,25.688,24.4
21200,25.544,24.4
21300,25.544,24.4
21400,25.544,24.4
21500,25.544,24.4
21600,25.544,24.4
21700,25.544,24.4
21800,25.544,24.4
21900,25.544,24.4
22000,25.544,24.4
22100,25.544,24.4
22200,25.544,24.4
22300,25.336000000000002,24.4
22400,25.336000000000002,24.4
22500,25.336000000000002,24.4
22600,25.336000000000002,24.4
22700,25.232000000000003,24.4
22800,25.096000000000004,24.4
22900,25.096000000000004,24.4
23000,25.064,24.4
23100,25.064,24.4
23200,25.064,24.4
23300,25.064,24.4
23400,25.064,24.4
23500,25.064,24.4
23600,25.064,24.4
23700,25.064,24.4
23800,25.064,24.4
23900,25.064,24.4
24000,25.064,24.4
24100,25.064,24.4
24200,25.064,24.4
24300,25.064,24.4
24400,25.064,24.4
24500,25.064,24.4
24600,25.064,24.4
24700,25.064,24.4
24800,25.064,24.4
24900,25.064,24.4
25000,25.064,24.4
25100,25.064,24.4
25200,25.064,24.4
25300,25.064,24.4
25400,25.064,24.4
25500,25.064,24.4
25600,25.064,24.4
25700,25.064,24.4
25800,25.064,24.4
25900,25.064,24.4
26000,25.064,24.4
26100,25.064,24.4
26200,25.064,24.4
26300,25.064,24.4
26400,25.064,24.4
26500,25.064,24.4
26600,25.064,24.4
26700,25.064,24.4
26800,25.064,24.4
26900,25.064,24.4
27000,25.064,24.4
27100,25.064,24.4
27200,25.064,24.4
27300,25.064,24.4
27400,25.064,24.4
27500,25.064,24.4
27600,25.064,24.4
27700,25.064,24.4
27800,25.064,24.4
27900,25.064,24.4
28000,25.064,24.4
28100,25.064,24.4
28200,25.064,24.4
28300,25.064,24.4
28400,25.064,24.4
28500,25.064,24.4
28600,25.064,24.4
28700,25.064,24.4
28800,25.064,24.4
28900,25.064,24.4
29000,25.064,24.4
29100,25.064,24.4
29200,25.064,24.4
29300,25.064,24.4
29400,25.064,24.4
29500,25.064,24.4
29600,25.064,24.4
29700,25.064,24.4
29800,25.064,24.4
29900,25.064,24.4
30000,25.064,24.4
30100,25.064,24.4
30200,25.064,24.4
30300,25.064,24.4
30400,25.064,24.4
30500,25.064,24.4
30600,25.064,24.4
30700,24.864,24.4
30800,24.864,24.4
30900,24.864,24.4
31000,24.864,24.4
31100,24.864,24.4
31200,24.864,24.4
31300,24.864,24.4
31400,24.864,24.4
31500,24.864,24.4
31600,24.864,24.4
31700,24.864,24.4
31800,23.944,24.4
31900,23.944,24.4
32000,23.944,24.4
32100,23.944,24.4
32200,23.944,24.4
32300,23.944,24.4
32400,23.944,24.4
32500,23.944,24.4
32600,23.944,24.4
32700,23.944,24.4
32800,23.944,24.4
32900,23.944,24.4
33000,23.944,24.4
33100,23.944,24.4
33200,23.944,24.4
33300,23.944,24.4
33400,23.944,24.4
33500,23.944,24.4
33600,23.944,24.4
33700,23.944,24.4
33800,23.944,24.4
33900,23.944,24.4
34000,23.944,24.4
34100,23.944,24.4
34200,23.944,24.4
34300,23.944,24.4
34400,23.944,24.4
34500,23.944,24.4
34600,23.944,24.4
34700,23.944,24.4
34800,23.944,24.4
34900,23.944,24.4
35000,23.944,24.4
35100,23.944,24.4
35200,23.944,24.4
35300,23.944,24.4
35400,23.944,24.4
35500,23.944,24.4
35600,23.944,24.4
35700,23.944,24.4
35800,23.816,24.4
35900,23.816,24.4
36000,23.816,24.4
36100,23.135999999999996,24.2
36200,23.135999999999996,24.2
36300,23.135999999999996,24.2
36400,23.135999999999996,24.2
36500,23.135999999999996,24.2
36600,23.135999999999996,24.2
36700,23.135999999999996,24.2
36800,23.135999999999996,24.2
36900,23.135999999999996,24.2
37000,23.135999999999996,24.2
37100,23.135999999999996,24.2
37200,23.135999999999996,24.2
37300,23.135999999999996,24.2
37400,23.135999999999996,24.2
37500,23.135999999999996,24.2
37600,23.135999999999996,24.2
37700,23.135999999999996,24.2
37800,23.135999999999996,24.2
37900,23.135999999999996,24.2
38000,23.135999999999996,24.2
38100,23.135999999999996,24.2
38200,23.135999999999996,24.2
38300,23.135999999999996,24.2
38400,23.135999999999996,24.2
38500,23.135999999999996,24.2
38600,23.135999999999996,24.2
38700,23.135999999999996,24.2
38800,22.96,24.2
38900,22.959999999999997,24.2
39000,22.959999999999997,24.2
39100,22.959999999999997,24.2
39200,22.959999999999997,24.2
39300,22.959999999999997,24.2
39400,22.959999999999997,24.2
39500,22.959999999999997,24.2
39600,22.959999999999997,24.2
39700,22.959999999999997,24.2
39800,22.959999999999997,24.2
39900,22.959999999999997,24.2
40000,22.959999999999997,24.2
40100,22.959999999999997,24.2
40200,22.959999999999997,24.2
40300,22.959999999999997,24.2
40400,22.959999999999997,24.2
40500,22.959999999999997,24.2
40600,22.959999999999997,24.2
40700,22.959999999999997,24.2
40800,22.959999999999997,24.2
40900,22.959999999999997,24.2
41000,22.959999999999997,24.2
41100,22.959999999999997,24.2
41200,22.959999999999997,24.2
41300,22.959999999999997,24.2
41400,22.959999999999997,24.2
41500,22.959999999999997,24.2
41600,22.959999999999997,24.2
41700,22.959999999999997,24.2
41800,22.959999999999997,24.2
41900,22.959999999999997,24.2
42000,22.959999999999997,24.2
42100,22.959999999999997,24.2
42200,22.959999999999997,24.2
42300,22.959999999999997,24.2
42400,22.959999999999997,24.2
42500,22.959999999999997,24.2
42600,22.959999999999997,24.2
42700,22.959999999999997,24.2
42800,22.959999999999997,24.2
42900,22.959999999999997,24.2
43000,22.959999999999997,24.2
43100,22.959999999999997,24.2
43200,22.959999999999997,24.2
43300,22.959999999999997,24.2
43400,22.959999999999997,24.2
43500,22.959999999999997,24.2
43600,22.959999999999997,24.2
43700,22.959999999999997,24.2
43800,22.959999999999997,24.2
43900,22.959999999999997,24.2
44000,22.959999999999997,24.2
44100,22.959999999999997,24.2
44200,22.959999999999997,24.2
44300,22.959999999999997,24.2
44400,22.959999999999997,24.2
44500,22.959999999999997,24.2
44600,22.959999999999997,24.2
44700,22.959999999999997,24.2
44800,22.959999999999997,24.2
44900,22.959999999999997,24.2
45000,22.959999999999997,24.2
45100,22.959999999999997,24.2
45200,22.959999999999997,24.2
45300,22.959999999999997,24.2
45400,22.959999999999997,24.2
45500,22.959999999999997,24.2
45600,22.959999999999997,24.2
45700,22.959999999999997,24.2
45800,22.959999999999997,24.2
45900,22.959999999999997,24.2
46000,22.959999999999997,24.2
46100,22.959999999999997,24.2
46200,22.959999999999997,24.2
46300,22.959999999999997,24.2
46400,22.959999999999997,24.2
46500,22.959999999999997,24.2
46600,22.959999999999997,24.2
46700,22.959999999999997,24.2
46800,22.959999999999997,24.2
46900,22.959999999999997,24.2
47000,22.959999999999997,24.2
47100,22.959999999999997,24.2
47200,22.959999999999997,24.2
47300,22.959999999999997,24.2
47400,22.959999999999997,24.2
47500,22.959999999999997,24.2
47600,22.959999999999997,24.2
47700,22.536,24
47800,22.536,24
47900,22.536,24
48000,22.536,24
48100,22.536,24
48200,22.536,24
48300,22.536,24
48400,22.536,24
48500,22.536,24
48600,22.536,24
48700,22.536,24
48800,22.536,24
48900,22.536,24
49000,22.536,24
49100,22.536,24
49200,22.536,24
49300,22.536,24
49400,22.536,24
49500,22.536,24
49600,22.536,24
49700,22.536,24
49800,22.536,24
49900,22.536,24
50000,22.536,24
50100,22.536,24
50200,22.536,24
50300,22.536,24
50400,22.536,24
50500,22.536,24
50600,22.536,24
50700,22.536,24
50800,22.536,24
50900,22.536,24
51000,22.536,24
51100,22.536,24
51200,22.536,24
51300,22.536,24
51400,22.536,24
51500,22.536,24
51600,22.536,24
51700,22.536,24
51800,22.536,24
51900,22.536,24
52000,22.536,24
52100,22.536,24
52200,22.536,24
52300,22.536,24
52400,22.52,24
52500,22.52,24
52600,22.52,24
52700,22.52,24
52800,22.52,24
52900,22.52,24
53000,22.52,24
53100,22.52,24
53200,22.52,24
53300,22.52,24
53400,22.52,24
53500,22.52,24
53600,22.52,24
53700,22.52,24
53800,22.52,24
53900,22.52,24
54000,22.52,24
54100,22.52,24
54200,22.52,24
54300,22.52,24
54400,22.52,24
54500,22.52,24
54600,22.52,24
54700,22.52,24
54800,22.52,24
54900,22.52,24
55000,22.52,24
55100,22.52,24
55200,22.52,24
55300,22.52,24
55400,22.52,24
55500,22.52,24
55600,22.52,24
55700,22.52,24
55800,22.256,24
55900,22.256,24
56000,22.256,24
56100,22.223999999999997,24
56200,22.223999999999997,24
56300,22.223999999999997,24
56400,22.223999999999997,24
56500,22.223999999999997,24
56600,22.223999999999997,24
56700,22.223999999999997,24
56800,22.223999999999997,24
56900,22.223999999999997,24
57000,22.223999999999997,24
57100,22.223999999999997,24
57200,22.223999999999997,24
57300,22.223999999999997,24
57400,22.223999999999997,24
57500,22.223999999999997,24
57600,22.223999999999997,24
57700,22.223999999999997,24
57800,22.223999999999997,24
57900,22.223999999999997,24
58000,22.223999999999997,24
58100,22.016,24
58200,22.016,24
58300,22.016,24
58400,22.016,24
58500,22.016,24
58600,22.016,24
58700,22.016,24
58800,22.016,24
58900,22.016,24
59000,22.016,24
59100,22.016,24
59200,22.016,24
59300,22.016,24
59400,22.016,24
59500,22.016,24
59600,22.016,24
59700,21.895999999999997,24
59800,21.895999999999997,24
59900,21.895999999999997,24
60000,21.895999999999997,24
60100,21.895999999999997,24
60200,21.895999999999997,24
60300,21.895999999999997,24
60400,21.895999999999997,24
60500,21.863999999999997,24
60600,21.863999999999997,24
60700,21.863999999999997,24
60800,21.863999999999997,24
60900,21.863999999999997,24
61000,21.863999999999997,24
61100,21.863999999999997,24
61200,21.863999999999997,24
61300,21.863999999999997,24
61400,21.863999999999997,24
61500,21.863999999999997,24
61600,21.863999999999997,24
61700,21.863999999999997,24
61800,21.863999999999997,24
61900,21.863999999999997,24
62000,21.863999999999997,24
62100,21.863999999999997,24
62200,21.863999999999997,24
62300,21.704,24
62400,21.704,24
62500,21.704,24
62600,21.704,24
62700,21.704,24
62800,21.704,24
62900,21.704,24
63000,21.704,24
63100,21.704,24
63200,21.704,24
63300,21.704,24
63400,21.704,24
63500,21.704,24
63600,21.704,24
63700,21.704,24
63800,21.440000000000005,24
63900,21.440000000000005,24
64000,21.440000000000005,24
64100,21.440000000000005,24
64200,21.088,24.2
64300,21.088,24.2
64400,21.088,24.2
64500,21.088,24.2
64600,21.088,24.2
64700,21.088,24.2
64800,21.088,24.2
64900,21.088,24.2
65000,21.088,24.2
65100,21.088,24.2
65200,21.088,24.2
65300,21.088,24.2
65400,21.088,24.2
65500,21.088,24.2
65600,21.088,24.2
65700,21.080000000000002,24.2
65800,21.080000000000002,24.2
65900,21.080000000000002,24.2
66000,21.080000000000002,24.2
66100,21.080000000000002,24.2
66200,21.080000000000002,24.2
66300,21.080000000000002,24.2
66400,21.080000000000002,24.2
66500,21.080000000000002,24.2
66600,21.080000000000002,24.2
66700,21.080000000000002,24.2
66800,21.080000000000002,24.2
66900,21.080000000000002,24.2
67000,21.080000000000002,24.2
67100,21.080000000000002,24.2
67200,21.080000000000002,24.2
67300,21.080000000000002,24.2
67400,21.080000000000002,24.2
67500,21.080000000000002,24.2
67600,21.080000000000002,24.2
67700,21.080000000000002,24.2
67800,21.080000000000002,24.2
67900,21.080000000000002,24.2
68000,21.080000000000002,24.2
68100,21.080000000000002,24.2
68200,21.080000000000002,24.2
68300,21.080000000000002,24.2
68400,21.080000000000002,24.2
68500,21.080000000000002,24.2
68600,21.080000000000002,24.2
68700,21.080000000000002,24.2
68800,21.080000000000002,24.2
68900,21.080000000000002,24.2
69000,21.080000000000002,24.2
69100,21.080000000000002,24.2
69200,21.080000000000002,24.2
69300,21.080000000000002,24.2
69400,21.080000000000002,24.2
69500,21.080000000000002,24.2
69600,21.080000000000002,24.2
69700,21.080000000000002,24.2
69800,21.080000000000002,24.2
69900,21.080000000000002,24.2
70000,21.080000000000002,24.2
70100,21.080000000000002,24.2
70200,21.080000000000002,24.2
70300,21.080000000000002,24.2
70400,21.080000000000002,24.2
70500,21.080000000000002,24.2
70600,21.080000000000002,24.2
70700,21.080000000000002,24.2
70800,21.080000000000002,24.2
70900,21.080000000000002,24.2
71000,21.080000000000002,24.2
71100,21.080000000000002,24.2
71200,21.080000000000002,24.2
71300,21.080000000000002,24.2
71400,21.080000000000002,24.2
71500,21.080000000000002,24.2
71600,21.080000000000002,24.2
71700,21.080000000000002,24.2
71800,21.080000000000002,24.2
71900,21.080000000000002,24.2
72000,21.080000000000002,24.2
72100,21.080000000000002,24.2
72200,20.832,24.2
72300,20.832,24.2
72400,20.832,24.2
72500,20.832,24.2
72600,20.832,24.2
72700,20.832,24.2
72800,20.832,24.2
72900,20.832,24.2
73000,20.832,24.2
73100,20.832,24.2
73200,20.832,24.2
73300,20.832,24.2
73400,20.832,24.2
73500,20.832,24.2
73600,20.832,24.2
73700,20.832,24.2
73800,20.832,24.2
73900,20.832,24.2
74000,20.832,24.2
74100,20.832,24.2
74200,20.832,24.2
74300,20.832,24.2
74400,20.832,24.2
74500,20.832,24.2
74600,20.832,24.2
74700,20.832,24.2
74800,20.832,24.2
74900,20.832,24.2
75000,20.832,24.2
75100,20.832,24.2
75200,20.832,24.2
75300,20.832,24.2
75400,20.832,24.2
75500,20.832,24.2
75600,20.832,24.2
75700,20.832,24.2
75800,20.832,24.2
75900,20.832,24.2
76000,20.832,24.2
76100,20.832,24.2
76200,20.832,24.2
76300,20.832,24.2
76400,20.832,24.2
76500,20.832,24.2
76600,20.832,24.2
76700,20.832,24.2
76800,20.832,24.2
76900,20.832,24.2
77000,20.832,24.2
77100,20.832,24.2
77200,20.832,24.2
77300,20.832,24.2
77400,20.832,24.2
77500,20.832,24.2
77600,20.832,24.2
77700,20.832,24.2
77800,20.832,24.2
77900,20.832,24.2
78000,20.832,24.2
78100,20.832,24.2
78200,20.832,24.2
78300,20.832,24.2
78400,20.832,24.2
78500,20.832,24.2
78600,20.832,24.2
78700,20.832,24.2
78800,20.832,24.2
78900,20.832,24.2
79000,20.736,24.2
79100,20.736,24.2
79200,20.736,24.2
79300,20.736,24.2
79400,20.736,24.2
79500,20.736,24.2
79600,20.736,24.2
79700,20.736,24.2
79800,20.736,24.2
79900,20.736,24.2
80000,20.736,24.2
80100,20.736,24.2
80200,20.736,24.2
80300,19.984,24.2
80400,19.984,24.2
80500,19.984,24.2
80600,19.984,24.2
80700,19.984,24.2
80800,19.984,24.2
80900,19.984,24.2
81000,19.984,24.2
81100,19.984,24.2
81200,19.984,24.2
81300,19.984,24.2
81400,19.984,24.2
81500,19.984,24.2
81600,19.984,24.2
81700,19.984,24.2
81800,19.984,24.2
81900,19.984,24.2
82000,19.984,24.2
82100,19.984,24.2
82200,19.984,24.2
82300,19.984,24.2
82400,19.984,24.2
82500,19.984,24.2
82600,19.984,24.2
82700,19.984,24.2
82800,19.984,24.2
82900,19.984,24.2
83000,19.984,24.2
83100,19.984,24.2
83200,19.984,24.2
83300,19.984,24.2
83400,19.984,24.2
83500,19.984,24.2
83600,19.984,24.2
83700,19.712,24.2
83800,19.712,24.2
83900,19.712,24.2
84000,19.712,24.2
84100,19.712,24.2
84200,19.712,24.2
84300,19.712,24.2
84400,19.712,24.2
84500,19.712,24.2
84600,19.712,24.2
84700,19.712,24.2
84800,19.712,24.2
84900,19.712,24.2
85000,19.712,24.2
85100,19.712,24.2
85200,19.712,24.2
85300,19.712,24.2
85400,19.712,24.2
85500,19.712,24.2
85600,19.712,24.2
85700,19.712,24.2
85800,19.712,24.2
85900,19.712,24.2
86000,19.712,24.2
86100,19.712,24.2
86200,19.712,24.2
86300,19.712,24.2
86400,19.712,24.2
86500,19.712,24.2
86600,19.712,24.2
86700,19.712,24.2
86800,19.712,24.2
86900,19.712,24.2
87000,19.712,24.2
87100,19.712,24.2
87200,19.712,24.2
87300,19.712,24.2
87400,19.712,24.2
87500,19.712,24.2
87600,19.712,24.2
87700,19.712,24.2
87800,19.712,24.2
87900,19.712,24.2
88000,19.712,24.2
88100,19.712,24.2
88200,19.712,24.2
88300,19.712,24.2
88400,19.712,24.2
88500,19.712,24.2
88600,19.712,24.2
88700,19.712,24.2
88800,19.568,24.2
88900,19.183999999999997,24.2
89000,19.183999999999997,24.2
89100,19.183999999999997,24.2
89200,19.183999999999997,24.2
89300,19.183999999999997,24.2
89400,19.183999999999997,24.2
89500,19.183999999999997,24.2
89600,19.183999999999997,24.2
89700,19.183999999999997,24.2
89800,19.183999999999997,24.2
89900,19.183999999999997,24.2
90000,19.183999999999997,24.2
90100,19.183999999999997,24.2
90200,19.183999999999997,24.2
90300,19.183999999999997,24.2
90400,19.183999999999997,24.2
90500,19.183999999999997,24.2
90600,19.183999999999997,24.2
90700,19.183999999999997,24.2
90800,19.183999999999997,24.2
90900,19.183999999999997,24.2
91000,19.183999999999997,24.2
91100,19.183999999999997,24.2
91200,19.183999999999997,24.2
91300,19.183999999999997,24.2
91400,19.183999999999997,24.2
91500,19.183999999999997,24.2
91600,19.183999999999997,24.2
91700,19.183999999999997,24.2
91800,19.183999999999997,24.2
91900,19.183999999999997,24.2
92000,19.183999999999997,24.2
92100,19.183999999999997,24.2
92200,19.183999999999997,24.2
92300,19.183999999999997,24.2
92400,19.183999999999997,24.2
92500,19.183999999999997,24.2
92600,19.183999999999997,24.2
92700,19.183999999999997,24.2
92800,19.183999999999997,24.2
92900,19.183999999999997,24.2
93000,19.183999999999997,24.2
93100,19.183999999999997,24.2
93200,19.183999999999997,24.2
93300,19.183999999999997,24.2
93400,19.183999999999997,24.2
93500,19.183999999999997,24.2
93600,19.183999999999997,24.2
93700,19.183999999999997,24.2
93800,19.183999999999997,24.2
93900,19.183999999999997,24.2
94000,19.183999999999997,24.2
94100,19.183999999999997,24.2
94200,19.183999999999997,24.2
94300,19.183999999999997,24.2
94400,19.183999999999997,24.2
94500,19.183999999999997,24.2
94600,19.183999999999997,24.2
94700,19.183999999999997,24.2
94800,19.183999999999997,24.2
94900,19.183999999999997,24.2
95000,19.183999999999997,24.2
95100,19.183999999999997,24.2
95200,19.183999999999997,24.2
95300,19.183999999999997,24.2
95400,19.183999999999997,24.2
95500,19.183999999999997,24.2
95600,19.183999999999997,24.2
95700,19.183999999999997,24.2
95800,19.183999999999997,24.2
95900,19.183999999999997,24.2
96000,19.183999999999997,24.2
96100,19.183999999999997,24.2
96200,19.183999999999997,24.2
96300,19.183999999999997,24.2
96400,19.183999999999997,24.2
96500,19.183999999999997,24.2
96600,19.183999999999997,24.2
96700,19.183999999999997,24.2
96800,19.183999999999997,24.2
96900,19.183999999999997,24.2
97000,19.183999999999997,24.2
97100,19.183999999999997,24.2
97200,19.183999999999997,24.2
97300,19.183999999999997,24.2
97400,19.183999999999997,24.2
97500,19.183999999999997,24.2
97600,19.064,24.2
97700,19.064,24.2
97800,19.064,24.2
97900,19.064,24.2
98000,19.064,24.2
98100,19.064,24.2
98200,19.064,24.2
98300,19.064,24.2
98400,19.064,24.2
98500,19.064,24.2
98600,19.064,24.2
98700,19.064,24.2
98800,19.064,24.2
98900,19.064,24.2
99000,19.064,24.2
99100,19.064,24.2
99200,19.064,24.2
99300,19.064,24.2
99400,19.064,24.2
99500,19.064,24.2
99600,19.064,24.2
99700,19.064,24.2
99800,19.064,24.2
99900,19.064,24.2
99999,19.064,24.2

START ALGORITHM
h3: (a41 - a34 - a23) * (b23)
h11: (a44 - a43) * (b55)
h19: (-a23 - a53 - a11 - a55) * (-b52 - b23)
h22: (a45) * (b52 - b42 - b33)
h25: (a32 + a11 + a32 + a13) * (b21 + b52 - b35)
h28: (a55 - a54 - a32 - a35) * (b24 + b34 - b14 - b32)
h40: (-a33) * (b41)
h44: (-a53 - a42) * (-b15)
h45: (a21 - a44 - a55) * (b13 + b13 + b15 + b21 - b55 - b31 - b51 - b25)
h51: (a34 - a23) * (b52 + b33 - b44)
h56: (a54 + a53 + a13 + a14) * (b25 + b31 - b13 - b52)
h57: (a52 + a53) * (-b55)
h72: (a15 + a11) * (b11)
h74: (a15 - a54 - a11) * (-b55)
h80: (a14) * (b42 - b22)
h82: (a15 - a55) * (b24 - b25 - b23)
h96: (-a23 - a44) * (b25 - b32)
h117: (-a53) * (b53 - b32 - b31 - b32 - b14 - b21 - b23 - b53)
h118: (a13 - a55) * (b52 + b14 + b35)
h123: (a25 + a51 + a45 + a24 + a32) * (b25 + b34 - b11 - b11)
h138: (a53) * (b53 + b41 + b11 - b41 - b42 - b23 - b15 - b14 - b41)
h166: (a24 - a12 - a22 - a14) * (-b51 - b13 - b32 - b13)
h193: (-a23) * (b12 + b35 + b44 - b15 - b15 - b25)
h209: (a35 + a43 - a44 - a41) * (b42 + b13 + b33 + b13 - b15 - b24)
h464: (a14 + a15 + a32 - a21) * (b52 - b43 - b44)
h510: (-a34) * (b52)
h530: (a35 - a51) * (b32 + b55 - b55)
h646: (a41 + a13 + a44 + a21 - a12 - a24) * (b54 + b15 - b53 - b41 - b34 - b44)
h693: (a55) * (b33 + b43 + b43)
h729: (a12 - a22) * (b13)
h1017: (a11 - a11) * (b43 - b15)
h1046: (a52 + a24 + a12) * (b15 + b44 - b11)
h1531: (a11 + a43) * (b14 - b53 - b25)
h2535: (a41 - a42 - a45) * (b31)
h2832: (a43) * (b25 + b23 + b14 + b21 + b12 - b54 - b42 - b41 - b14)
h3054: (a53 - a35) * (b35 + b41 + b54 - b22 - b32)
h3489: (a32 + a33 + a15 - a44 - a54 - a15) * (-b21)
h5088: (-a23 - a35 - a53 - a12) * (b21 + b51 + b45 - b35 - b54 - b21 - b12 - b41)
h5245: (a11 + a34) * (b45 + b12 + b25 + b14 - b12 - b24 - b34 - b41 - b11)
h5643: (a12 + a32 + a12 + a25 + a44 - a13 - a44 - a12 - a34 - a23) * (b25 + b11 + b31 + b25 + b13 - b25 - b15 - b35)
h6597: (a22 + a24 - a15 - a22 - a53 - a43) * (b44 + b23 + b22 + b12 - b15 - b34 - b23 - b23)
h13747: (a52) * (b52 + b35 - b42 - b54 - b15)
h13852: (-a31) * (b51 + b23 + b23 + b51 + b22 + b43 - b34 - b53 - b34 - b45 - b54 - b33 - b51 - b41)
h23845: (a22 + a33 + a33 - a55 - a51 - a32 - a11 - a53) * (b42 - b31 - b11 - b13)
h24588: (a31 + a21 - a13) * (b12 + b25 + b21 + b44 + b12)
h33865: (a41 + a44 - a33) * (-b51 - b25)
h37226: (-a34) * (b22 - b45 - b11)
c11: h74 + h138 
c12: h40 - h1046 - h23845 
c13: h530 - h56 - h2832 
c14: h6597 + h82 
c15: h22 - h45 - h464 - h510 
c21: h2535 
c22: h117 + h3489 + h5088 
c23: h117 + h5245 + h646 - h646 
c24: h5643 - h56 
c25: h72 + h19 
c31: h3054 + h57 
c32: h3 + h22 - h5245 - h13852 
c33: - h28 - h193 
c34: h118 - h138 - h729 
c35: h123 + h13747 
c41: h510 + h1017 
c42: h209 
c43: h51 - h40 
c44: h28 + h82 - h118 - h1531 
c45: h25 + h96 + h166 - h24588 
c51: h80 + h693 + h646 + h74 + h28 - h166 
c52: h11 - h44 - h33865 
c53: h166 - h1017 
c54: h5245 - h96 
c55: - h56 - h530 - h37226 
