0,172.072,25
100,115,25
200,86.08000000000001,24.6
300,75.296,24.8
400,71.65599999999999,25
500,69.736,25
600,68.08,25
700,63.168000000000006,25
800,60.032,25
900,59.144000000000005,24.8
1000,57.616,24.8
1100,55.064,24.8
1200,54.67999999999999,24.8
1300,54.67999999999999,24.8
1400,54.67999999999999,24.8
1500,54.67999999999999,24.8
1600,54.024,24.8
1700,54.024,24.8
1800,53.263999999999996,24.8
1900,52.8,24.8
2000,52.48,24.8
2100,52.120000000000005,25
2200,52.120000000000005,25
2300,51.424,25
2400,51.424,25
2500,51.424,25
2600,51.08,25
2700,51.08,25
2800,51.08,25
2900,51.08,25
3000,51.08,25
3100,51.08,25
3200,51.08,25
3300,51.08,25
3400,50.512,25
3500,50.176,25
3600,48.583999999999996,25
3700,48.583999999999996,25
3800,48.583999999999996,25
3900,48.08,25
4000,48.08,25
4100,47.504000000000005,25
4200,47.504000000000005,25
4300,47.504000000000005,25
4400,47.504000000000005,25
4500,46.048,25
4600,46.048,25
4700,46.048,25
4800,45.424,25
4900,45.327999999999996,25
5000,45,25
5100,45,25
5200,45,25
5300,45,25
5400,45,25
5500,45,25
5600,45,25
5700,45,25
5800,45,25
5900,45,25
6000,45,25
6100,45,25
6200,45,25
6300,45,25
6400,45,25
6500,45,25
6600,45,25
6700,45,25
6800,45,25
6900,45,25
7000,45,25
7100,45,25
7200,45,25
7300,45,25
7400,45,25
7500,45,25
7600,45,25
7700,45,25
7800,45,25
7900,45,25
8000,45,25
8100,45,25
8200,45,25
8300,45,25
8400,44.832,25
8500,44.832,25
8600,44.592000000000006,25
8700,44.152,24.8
8800,42.968,25
8900,42.968,25
9000,42.968,25
9100,42.968,25
9200,42.944,25
9300,42.912,25
9400,42.912,25
9500,42.912,25
9600,42.912,25
9700,42.912,25
9800,42.912,25
9900,41.952,25
10000,41.952,25
10100,41.952,25
10200,41.239999999999995,25
10300,41.239999999999995,25
10400,41.239999999999995,25
10500,41.239999999999995,25
10600,41.239999999999995,25
10700,41.032000000000004,25
10800,41.032000000000004,25
10900,41.032000000000004,25
11000,41.032000000000004,25
11100,41.032000000000004,25
11200,40.967999999999996,25
11300,40.967999999999996,25
11400,40.472,25
11500,40.128,25
11600,40.128,25
11700,40.128,25
11800,40.128,25
11900,40.08800000000001,25
12000,40.08800000000001,25
12100,40.071999999999996,25
12200,40.071999999999996,25
12300,40.048,25
12400,40.048,25
12500,40.048,25
12600,40.048,25
12700,40.048,25
12800,40.048,25
12900,40.048,25
13000,39.632000000000005,25
13100,38.88,25
13200,38.88,25
13300,38.88,25
13400,38.88,25
13500,38.88,25
13600,38.736000000000004,25
13700,38.736000000000004,25
13800,38.736000000000004,25
13900,38.736000000000004,25
14000,38.64,25
14100,38.192,25
14200,38.192,25
14300,38.192,25
14400,38.192,25
14500,38.192,25
14600,38.192,25
14700,37.944,25
14800,37.944,25
14900,37.944,25
15000,37.391999999999996,25
15100,37.312,25
15200,36.624,24.8
15300,36.624,24.8
15400,36.327999999999996,24.8
15500,36.327999999999996,24.8
15600,36.29600000000001,24.8
15700,36.29600000000001,24.8
15800,36.29600000000001,24.8
15900,36.29600000000001,24.8
16000,36.29600000000001,24.8
16100,36.29600000000001,24.8
16200,36.29600000000001,24.8
16300,36.29600000000001,24.8
16400,36.29600000000001,24.8
16500,36.29600000000001,24.8
16600,36.29600000000001,24.8
16700,36.29600000000001,24.8
16800,36.096,24.8
16900,34.744,24.4
17000,34.744,24.4
17100,34.495999999999995,24.6
17200,34.495999999999995,24.6
17300,34.495999999999995,24.6
17400,34.08,24.6
17500,34.08,24.6
17600,34.08,24.6
17700,34.08,24.6
17800,34.08,24.6
17900,34.08,24.6
18000,34.08,24.6
18100,34.08,24.6
18200,34.08,24.6
18300,34.08,24.6
18400,34.08,24.6
18500,34.08,24.6
18600,34.08,24.6
18700,34.08,24.6
18800,34.08,24.6
18900,34.08,24.6
19000,34.08,24.6
19100,34.08,24.6
19200,34.08,24.6
19300,34.08,24.6
19400,34.08,24.6
19500,33.936,24.6
19600,33.936,24.6
19700,33.936,24.6
19800,33.936,24.6
19900,33.936,24.6
20000,33.936,24.6
20100,33.936,24.6
20200,33.936,24.6
20300,33.936,24.6
20400,33.936,24.6
20500,33.936,24.6
20600,33.936,24.6
20700,33.936,24.6
20800,33.936,24.6
20900,33.936,24.6
21000,33.936,24.6
21100,33.936,24.6
21200,33.936,24.6
21300,33.936,24.6
21400,33.936,24.6
21500,33.936,24.6
21600,33.936,24.6
21700,33.936,24.6
21800,33.936,24.6
21900,33.936,24.6
22000,33.936,24.6
22100,33.936,24.6
22200,33.936,24.6
22300,33.936,24.6
22400,33.936,24.6
22500,33.936,24.6
22600,33.936,24.6
22700,33.936,24.6
22800,33.936,24.6
22900,33.824,24.6
23000,33.824,24.6
23100,33.576,24.6
23200,33.576,24.6
23300,33.576,24.6
23400,33.576,24.6
23500,33.576,24.6
23600,33.576,24.6
23700,33.576,24.6
23800,33.576,24.6
23900,33.576,24.6
24000,33.576,24.6
24100,33.576,24.6
24200,33.576,24.6
24300,33.576,24.6
24400,33.576,24.6
24500,33.576,24.6
24600,33.576,24.6
24700,33.576,24.6
24800,33.576,24.6
24900,33.576,24.6
25000,33.12,24.6
25100,33.12,24.6
25200,33.12,24.6
25300,33.12,24.6
25400,32.992000000000004,24.6
25500,32.992000000000004,24.6
25600,32.879999999999995,24.6
25700,32.879999999999995,24.6
25800,32.879999999999995,24.6
25900,32.879999999999995,24.6
26000,32.879999999999995,24.6
26100,32.832,24.6
26200,32.8,24.6
26300,32.8,24.6
26400,32.8,24.6
26500,32.8,24.6
26600,32.727999999999994,24.6
26700,32.727999999999994,24.6
26800,32.727999999999994,24.6
26900,32.727999999999994,24.6
27000,32.727999999999994,24.6
27100,32.727999999999994,24.6
27200,32.727999999999994,24.6
27300,32.727999999999994,24.6
27400,32.727999999999994,24.6
27500,32.727999999999994,24.6
27600,32.727999999999994,24.6
27700,32.727999999999994,24.6
27800,32.727999999999994,24.6
27900,32.727999999999994,24.6
28000,32.727999999999994,24.6
28100,32.727999999999994,24.6
28200,32.727999999999994,24.6
28300,32.727999999999994,24.6
28400,32.65599999999999,24.6
28500,32.65599999999999,24.6
28600,32.65599999999999,24.6
28700,32.65599999999999,24.6
28800,32.65599999999999,24.6
28900,32.65599999999999,24.6
29000,32.65599999999999,24.6
29100,32.65599999999999,24.6
29200,32.65599999999999,24.6
29300,32.647999999999996,24.6
29400,32.647999999999996,24.6
29500,32.647999999999996,24.6
29600,32.336,24.6
29700,32.336,24.6
29800,32.336,24.6
29900,32.336,24.6
30000,32.336,24.6
30100,32.336,24.6
30200,32.336,24.6
30300,32.336,24.6
30400,32.336,24.6
30500,31.919999999999998,24.6
30600,31.919999999999998,24.6
30700,31.919999999999998,24.6
30800,31.919999999999998,24.6
30900,31.919999999999998,24.6
31000,31.919999999999998,24.6
31100,31.919999999999998,24.6
31200,31.919999999999998,24.6
31300,31.919999999999998,24.6
31400,31.919999999999998,24.6
31500,31.919999999999998,24.6
31600,31.919999999999998,24.6
31700,31.919999999999998,24.6
31800,31.919999999999998,24.6
31900,31.919999999999998,24.6
32000,31.919999999999998,24.6
32100,31.919999999999998,24.6
32200,31.919999999999998,24.6
32300,31.919999999999998,24.6
32400,31.919999999999998,24.6
32500,31.919999999999998,24.6
32600,31.919999999999998,24.6
32700,30.96,24.6
32800,30.656,24.6
32900,30.656,24.6
33000,30.656,24.6
33100,30.656,24.6
33200,30.656,24.6
33300,30.656,24.6
33400,30.656,24.6
33500,30.656,24.6
33600,30.656,24.6
33700,30.656,24.6
33800,30.656,24.6
33900,30.584000000000003,24.6
34000,30.584000000000003,24.6
34100,30.584000000000003,24.6
34200,30.584000000000003,24.6
34300,30.584000000000003,24.6
34400,30.584000000000003,24.6
34500,30.584000000000003,24.6
34600,30.584000000000003,24.6
34700,30.584000000000003,24.6
34800,30.584000000000003,24.6
34900,30.584000000000003,24.6
35000,30.584000000000003,24.6
35100,30.584000000000003,24.6
35200,30.584000000000003,24.6
35300,30.584000000000003,24.6
35400,30.584000000000003,24.6
35500,30.584000000000003,24.6
35600,30.584000000000003,24.6
35700,30.584000000000003,24.6
35800,30.584000000000003,24.6
35900,30.584000000000003,24.6
36000,30.584000000000003,24.6
36100,30.584000000000003,24.6
36200,30.584000000000003,24.6
36300,30.112000000000002,24.6
36400,30.112000000000002,24.6
36500,30.112000000000002,24.6
36600,30.112000000000002,24.6
36700,30.112000000000002,24.6
36800,30.112000000000002,24.6
36900,30.112000000000002,24.6
37000,30.112000000000002,24.6
37100,30.112000000000002,24.6
37200,30.112000000000002,24.6
37300,30.112000000000002,24.6
37400,30.112000000000002,24.6
37500,30.112000000000002,24.6
37600,30.112000000000002,24.6
37700,30.112000000000002,24.6
37800,30.112000000000002,24.6
37900,30.112000000000002,24.6
38000,30.112000000000002,24.6
38100,30.112000000000002,24.6
38200,30.112000000000002,24.6
38300,30.112000000000002,24.6
38400,30.112000000000002,24.6
38500,30.112000000000002,24.6
38600,30.112000000000002,24.6
38700,30.112000000000002,24.6
38800,30.112000000000002,24.6
38900,30.112000000000002,24.6
39000,30.112000000000002,24.6
39100,30.112000000000002,24.6
39200,30.112000000000002,24.6
39300,29.791999999999994,24.6
39400,29.791999999999994,24.6
39500,29.791999999999994,24.6
39600,29.520000000000003,24.6
39700,29.520000000000003,24.6
39800,29.520000000000003,24.6
39900,29.520000000000003,24.6
40000,29.520000000000003,24.6
40100,29.520000000000003,24.6
40200,29.520000000000003,24.6
40300,29.520000000000003,24.6
40400,29.520000000000003,24.6
40500,29.520000000000003,24.6
40600,29.520000000000003,24.6
40700,29.520000000000003,24.6
40800,29.520000000000003,24.6
40900,29.520000000000003,24.6
41000,29.520000000000003,24.6
41100,29.520000000000003,24.6
41200,29.520000000000003,24.6
41300,29.520000000000003,24.6
41400,29.520000000000003,24.6
41500,29.520000000000003,24.6
41600,29.520000000000003,24.6
41700,29.520000000000003,24.6
41800,29.520000000000003,24.6
41900,29.520000000000003,24.6
42000,29.432,24.6
42100,29.432,24.6
42200,29.432,24.6
42300,29.432,24.6
42400,29.432,24.6
42500,29.432,24.6
42600,29.432,24.6
42700,29.432,24.6
42800,29.432,24.6
42900,29.432,24.6
43000,29.432,24.6
43100,29.432,24.6
43200,29.432,24.6
43300,29.432,24.6
43400,29.432,24.6
43500,29.432,24.6
43600,29.432,24.6
43700,29.432,24.6
43800,29.432,24.6
43900,29.432,24.6
44000,29.432,24.6
44100,29.432,24.6
44200,29.432,24.6
44300,29.432,24.6
44400,29.432,24.6
44500,29.352000000000004,24.6
44600,29.352000000000004,24.6
44700,29.352000000000004,24.6
44800,29.352000000000004,24.6
44900,29.352000000000004,24.6
45000,29.352000000000004,24.6
45100,29.352000000000004,24.6
45200,29.352000000000004,24.6
45300,29.352000000000004,24.6
45400,29.352000000000004,24.6
45500,29.352000000000004,24.6
45600,29.352000000000004,24.6
45700,29.352000000000004,24.6
45800,29.352000000000004,24.6
45900,29.352000000000004,24.6
46000,29.352000000000004,24.6
46100,29.352000000000004,24.6
46200,29.352000000000004,24.6
46300,29.352000000000004,24.6
46400,29.352000000000004,24.6
46500,29.352000000000004,24.6
46600,29.352000000000004,24.6
46700,29.352000000000004,24.6
46800,29.352000000000004,24.6
46900,29.352000000000004,24.6
47000,29.352000000000004,24.6
47100,29.296,24.6
47200,29.296,24.6
47300,29.296,24.6
47400,29.296,24.6
47500,29.296,24.6
47600,29.296,24.6
47700,29.296,24.6
47800,29.296,24.6
47900,29.296,24.6
48000,29.296,24.6
48100,29.296,24.6
48200,29.296,24.6
48300,29.296,24.6
48400,29.296,24.6
48500,29.296,24.6
48600,29.296,24.6
48700,29.296,24.6
48800,29.296,24.6
48900,29.296,24.6
49000,29.296,24.6
49100,29.296,24.6
49200,29.296,24.6
49300,29.296,24.6
49400,29.296,24.6
49500,29.296,24.6
49600,29.296,24.6
49700,29.296,24.6
49800,29.296,24.6
49900,29.296,24.6
50000,29.296,24.6
50100,29.296,24.6
50200,29.296,24.6
50300,29.296,24.6
50400,28.624000000000002,24.6
50500,28.624000000000002,24.6
50600,28.624000000000002,24.6
50700,28.624000000000002,24.6
50800,28.624000000000002,24.6
50900,28.624000000000002,24.6
51000,28.224,24.6
51100,28.224,24.6
51200,28.224,24.6
51300,28.224,24.6
51400,28.224,24.6
51500,28.224,24.6
51600,28.224,24.6
51700,28.224,24.6
51800,28.224,24.6
51900,28.224,24.6
52000,28.224,24.6
52100,28.224,24.6
52200,28.224,24.6
52300,28.224,24.6
52400,28.224,24.6
52500,28.224,24.6
52600,28.224,24.6
52700,28.224,24.6
52800,28.224,24.6
52900,28.224,24.6
53000,28.224,24.6
53100,28.224,24.6
53200,28.224,24.6
53300,28.224,24.6
53400,28.224,24.6
53500,28.224,24.6
53600,28.224,24.6
53700,28.224,24.6
53800,28.224,24.6
53900,28.224,24.6
54000,28.224,24.6
54100,28.224,24.6
54200,28.224,24.6
54300,28.224,24.6
54400,28.224,24.6
54500,28.224,24.6
54600,28.224,24.6
54700,28.224,24.6
54800,28.224,24.6
54900,28.224,24.6
55000,28.224,24.6
55100,28.224,24.6
55200,28.224,24.6
55300,28.224,24.6
55400,28.224,24.6
55500,28.224,24.6
55600,28.224,24.6
55700,28.224,24.6
55800,28.224,24.6
55900,28.224,24.6
56000,28.224,24.6
56100,28.224,24.6
56200,28.224,24.6
56300,28.224,24.6
56400,28.224,24.6
56500,28.224,24.6
56600,28.224,24.6
56700,28.224,24.6
56800,28.224,24.6
56900,28.224,24.6
57000,28.224,24.6
57100,28.224,24.6
57200,28.224,24.6
57300,28.224,24.6
57400,28.224,24.6
57500,28.224,24.6
57600,28.224,24.6
57700,28.224,24.6
57800,28.224,24.6
57900,28.224,24.6
58000,28.224,24.6
58100,28.224,24.6
58200,28.224,24.6
58300,28.224,24.6
58400,28.224,24.6
58500,28.224,24.6
58600,28.224,24.6
58700,28.224,24.6
58800,28.224,24.6
58900,28.224,24.6
59000,28.224,24.6
59100,28.224,24.6
59200,28.224,24.6
59300,28.224,24.6
59400,28.224,24.6
59500,28.224,24.6
59600,28.224,24.6
59700,28.224,24.6
59800,28.224,24.6
59900,28.224,24.6
60000,28.224,24.6
60100,28.224,24.6
60200,28.224,24.6
60300,28.224,24.6
60400,28.224,24.6
60500,28.224,24.6
60600,28.224,24.6
60700,28.224,24.6
60800,28.224,24.6
60900,28.224,24.6
61000,28.224,24.6
61100,28.224,24.6
61200,28.224,24.6
61300,28.224,24.6
61400,28.224,24.6
61500,28.224,24.6
61600,28.224,24.6
61700,28.224,24.6
61800,28.224,24.6
61900,28.095999999999997,24.6
62000,28.095999999999997,24.6
62100,28.095999999999997,24.6
62200,28.095999999999997,24.6
62300,28.095999999999997,24.6
62400,28.095999999999997,24.6
62500,28.095999999999997,24.6
62600,28.095999999999997,24.6
62700,28.095999999999997,24.6
62800,28.095999999999997,24.6
62900,27.912,24.6
63000,27.912,24.6
63100,27.912,24.6
63200,27.912,24.6
63300,27.912,24.6
63400,27.912,24.6
63500,27.912,24.6
63600,27.912,24.6
63700,27.912,24.6
63800,27.912,24.6
63900,27.912,24.6
64000,27.912,24.6
64100,27.912,24.6
64200,27.912,24.6
64300,27.912,24.6
64400,27.912,24.6
64500,27.912,24.6
64600,27.912,24.6
64700,27.912,24.6
64800,27.912,24.6
64900,27.912,24.6
65000,27.912,24.6
65100,27.912,24.6
65200,27.912,24.6
65300,27.912,24.6
65400,27.912,24.6
65500,27.912,24.6
65600,27.912,24.6
65700,27.912,24.6
65800,27.912,24.6
65900,27.912,24.6
66000,27.912,24.6
66100,27.912,24.6
66200,27.912,24.6
66300,27.912,24.6
66400,27.912,24.6
66500,27.912,24.6
66600,27.912,24.6
66700,27.912,24.6
66800,27.912,24.6
66900,27.912,24.6
67000,26.951999999999998,24.6
67100,26.951999999999998,24.6
67200,26.951999999999998,24.6
67300,26.951999999999998,24.6
67400,26.951999999999998,24.6
67500,26.951999999999998,24.6
67600,26.951999999999998,24.6
67700,26.951999999999998,24.6
67800,26.951999999999998,24.6
67900,26.951999999999998,24.6
68000,26.951999999999998,24.6
68100,26.951999999999998,24.6
68200,26.951999999999998,24.6
68300,26.951999999999998,24.6
68400,26.951999999999998,24.6
68500,26.951999999999998,24.6
68600,26.951999999999998,24.6
68700,26.951999999999998,24.6
68800,26.951999999999998,24.6
68900,26.951999999999998,24.6
69000,26.951999999999998,24.6
69100,26.951999999999998,24.6
69200,26.951999999999998,24.6
69300,26.951999999999998,24.6
69400,26.951999999999998,24.6
69500,26.951999999999998,24.6
69600,26.951999999999998,24.6
69700,26.951999999999998,24.6
69800,26.951999999999998,24.6
69900,26.951999999999998,24.6
70000,26.951999999999998,24.6
70100,26.951999999999998,24.6
70200,26.951999999999998,24.6
70300,26.951999999999998,24.6
70400,26.951999999999998,24.6
70500,26.951999999999998,24.6
70600,26.951999999999998,24.6
70700,26.951999999999998,24.6
70800,26.951999999999998,24.6
70900,26.951999999999998,24.6
71000,26.951999999999998,24.6
71100,26.951999999999998,24.6
71200,26.951999999999998,24.6
71300,26.951999999999998,24.6
71400,26.951999999999998,24.6
71500,26.951999999999998,24.6
71600,26.951999999999998,24.6
71700,26.951999999999998,24.6
71800,26.951999999999998,24.6
71900,26.951999999999998,24.6
72000,26.951999999999998,24.6
72100,26.951999999999998,24.6
72200,26.951999999999998,24.6
72300,26.951999999999998,24.6
72400,26.951999999999998,24.6
72500,26.951999999999998,24.6
72600,26.951999999999998,24.6
72700,26.951999999999998,24.6
72800,26.951999999999998,24.6
72900,26.951999999999998,24.6
73000,26.951999999999998,24.6
73100,26.951999999999998,24.6
73200,26.951999999999998,24.6
73300,26.951999999999998,24.6
73400,26.951999999999998,24.6
73500,26.951999999999998,24.6
73600,26.951999999999998,24.6
73700,26.951999999999998,24.6
73800,26.951999999999998,24.6
73900,26.951999999999998,24.6
74000,26.951999999999998,24.6
74100,26.951999999999998,24.6
74200,26.951999999999998,24.6
74300,26.951999999999998,24.6
74400,26.951999999999998,24.6
74500,26.951999999999998,24.6
74600,26.951999999999998,24.6
74700,26.895999999999997,24.6
74800,26.895999999999997,24.6
74900,26.895999999999997,24.6
75000,26.895999999999997,24.6
75100,26.895999999999997,24.6
75200,26.656,24.6
75300,26.656,24.6
75400,26.656,24.6
75500,26.656,24.6
75600,26.656,24.6
75700,26.656,24.6
75800,26.656,24.6
75900,26.656,24.6
76000,26.656,24.6
76100,26.656,24.6
76200,26.656,24.6
76300,26.656,24.6
76400,26.656,24.6
76500,26.656,24.6
76600,26.656,24.6
76700,26.656,24.6
76800,26.656,24.6
76900,26.656,24.6
77000,26.656,24.6
77100,26.656,24.6
77200,26.656,24.6
77300,26.656,24.6
77400,26.656,24.6
77500,26.656,24.6
77600,26.656,24.6
77700,26.656,24.6
77800,26.656,24.6
77900,26.656,24.6
78000,26.656,24.6
78100,26.656,24.6
78200,26.656,24.6
78300,26.656,24.6
78400,26.656,24.6
78500,26.656,24.6
78600,26.528,24.6
78700,26.528,24.6
78800,26.528,24.6
78900,26.528,24.6
79000,26.528,24.6
79100,26.528,24.6
79200,26.528,24.6
79300,26.528,24.6
79400,26.528,24.6
79500,26.528,24.6
79600,26.528,24.6
79700,26.528,24.6
79800,26.528,24.6
79900,26.528,24.6
80000,26.528,24.6
80100,26.528,24.6
80200,26.528,24.6
80300,26.528,24.6
80400,26.528,24.6
80500,26.528,24.6
80600,26.528,24.6
80700,26.528,24.6
80800,26.528,24.6
80900,26.528,24.6
81000,26.528,24.6
81100,26.528,24.6
81200,26.528,24.6
81300,26.528,24.6
81400,26.528,24.6
81500,26.528,24.6
81600,26.528,24.6
81700,26.528,24.6
81800,26.528,24.6
81900,26.528,24.6
82000,26.528,24.6
82100,26.528,24.6
82200,26.528,24.6
82300,26.528,24.6
82400,26.528,24.6
82500,26.528,24.6
82600,26.528,24.6
82700,26.528,24.6
82800,26.528,24.6
82900,26.528,24.6
83000,26.528,24.6
83100,26.528,24.6
83200,26.528,24.6
83300,26.528,24.6
83400,26.528,24.6
83500,26.528,24.6
83600,26.528,24.6
83700,26.528,24.6
83800,26.528,24.6
83900,26.528,24.6
84000,26.528,24.6
84100,26.528,24.6
84200,26.528,24.6
84300,26.528,24.6
84400,26.528,24.6
84500,26.528,24.6
84600,26.528,24.6
84700,26.528,24.6
84800,26.528,24.6
84900,26.528,24.6
85000,26.528,24.6
85100,26.528,24.6
85200,26.528,24.6
85300,26.528,24.6
85400,26.528,24.6
85500,26.528,24.6
85600,26.528,24.6
85700,26.528,24.6
85800,26.528,24.6
85900,26.528,24.6
86000,26.528,24.6
86100,26.528,24.6
86200,26.528,24.6
86300,26.528,24.6
86400,26.528,24.6
86500,26.528,24.6
86600,26.528,24.6
86700,26.528,24.6
86800,26.528,24.6
86900,26.528,24.6
87000,26.528,24.6
87100,26.528,24.6
87200,26.528,24.6
87300,26.528,24.6
87400,26.528,24.6
87500,26.528,24.6
87600,26.528,24.6
87700,26.528,24.6
87800,26.528,24.6
87900,26.4,24.6
88000,26.4,24.6
88100,26.4,24.6
88200,26.4,24.6
88300,26.4,24.6
88400,26.4,24.6
88500,26.4,24.6
88600,26.4,24.6
88700,26.4,24.6
88800,26.4,24.6
88900,26.4,24.6
89000,26.4,24.6
89100,26.4,24.6
89200,26.4,24.6
89300,26.4,24.6
89400,26.4,24.6
89500,26.4,24.6
89600,26.4,24.6
89700,26.4,24.6
89800,26.4,24.6
89900,26.4,24.6
90000,26.4,24.6
90100,26.4,24.6
90200,26.4,24.6
90300,26.4,24.6
90400,26.4,24.6
90500,26.4,24.6
90600,26.4,24.6
90700,26.4,24.6
90800,26.4,24.6
90900,26.4,24.6
91000,26.4,24.6
91100,26.4,24.6
91200,26.4,24.6
91300,26.4,24.6
91400,26.4,24.6
91500,26.4,24.6
91600,26.4,24.6
91700,26.4,24.6
91800,26.4,24.6
91900,26.4,24.6
92000,26.4,24.6
92100,26.4,24.6
92200,26.4,24.6
92300,26.4,24.6
92400,26.4,24.6
92500,26.4,24.6
92600,26.4,24.6
92700,26.4,24.6
92800,26.4,24.6
92900,26.4,24.6
93000,26.4,24.6
93100,26.4,24.6
93200,26.4,24.6
93300,26.4,24.6
93400,26.4,24.6
93500,26.4,24.6
93600,26.4,24.6
93700,26.4,24.6
93800,26.4,24.6
93900,26.4,24.6
94000,26.4,24.6
94100,26.4,24.6
94200,26.4,24.6
94300,26.4,24.6
94400,26.4,24.6
94500,26.4,24.6
94600,26.4,24.6
94700,26.4,24.6
94800,26.4,24.6
94900,26.4,24.6
95000,26.4,24.6
95100,26.4,24.6
95200,26.4,24.6
95300,26.4,24.6
95400,26.4,24.6
95500,26.4,24.6
95600,26.4,24.6
95700,26.4,24.6
95800,26.4,24.6
95900,26.4,24.6
96000,26.4,24.6
96100,26.4,24.6
96200,26.4,24.6
96300,26.4,24.6
96400,26.4,24.6
96500,26.4,24.6
96600,26.4,24.6
96700,26.4,24.6
96800,26.4,24.6
96900,26.4,24.6
97000,26.4,24.6
97100,26.4,24.6
97200,26.4,24.6
97300,26.4,24.6
97400,26.4,24.6
97500,26.4,24.6
97600,26.4,24.6
97700,26.4,24.6
97800,26.4,24.6
97900,26.4,24.6
98000,26.4,24.6
98100,26.4,24.6
98200,26.4,24.6
98300,26.4,24.6
98400,26.4,24.6
98500,26.4,24.6
98600,26.4,24.6
98700,26.4,24.6
98800,26.4,24.6
98900,26.4,24.6
99000,26.4,24.6
99100,26.4,24.6
99200,26.4,24.6
99300,26.4,24.6
99400,26.4,24.6
99500,26.4,24.6
99600,26.4,24.6
99700,26.4,24.6
99800,26.4,24.6
99900,26.4,24.6
99999,26.4,24.6

START ALGORITHM
h7: (a52) * (b12 + b32 - b23 - b22)
h9: (a31 + a24 + a51 + a31 - a31 - a52 - a45) * (b54)
h11: (a35 + a52 + a42 + a24 + a22 + a45 + a52 - a12 - a42 - a51 - a45 - a45 - a35 - a23 - a15) * (-b44 - b34)
h42: (a13) * (b52 + b54 - b43)
h43: (a51 - a42) * (b54)
h62: (a43 + a53 - a12 - a45) * (-b33)
h95: (a23 + a52 - a15 - a55 - a42 - a15) * (b31 - b13 - b13)
h100: (-a22) * (-b44 - b51 - b55)
h105: (a45 - a21 - a25 - a43 - a31) * (-b34 - b31 - b11)
h115: (a13 + a12 + a32 + a15 + a53 - a54 - a43 - a21) * (b45 + b21)
h123: (a22 + a12 + a51 + a43 + a24 - a42 - a15) * (-b41)
h128: (a31 + a41) * (b21 + b11 + b21 - b53 - b52)
h140: (a41 - a44 - a24 - a14) * (b52 + b12 - b44)
h187: (a53 + a52 + a22 + a25 - a43 - a54 - a32) * (-b31)
h195: (a21 - a55 - a22) * (b51 + b22)
h210: (a31 + a11 - a42 - a15 - a24 - a21) * (b33 + b51 + b53 - b12 - b21 - b33 - b25 - b35 - b33)
h226: (a52 - a31) * (-b31)
h229: (a23 - a54) * (b31)
h240: (a33 + a24 + a52 + a42 + a42 + a21 + a13 + a22 + a22 - a51 - a33 - a24) * (-b24 - b45 - b33)
h481: (a23 + a55 + a22 + a21 + a41 - a34 - a53 - a13 - a12 - a22 - a52 - a52 - a21 - a43 - a42) * (b31 + b34 + b51 + b54 + b51 + b53 - b42 - b33 - b44 - b52)
h514: (a53 - a54) * (-b42 - b34)
h536: (a41 + a45 - a42 - a54 - a41 - a53) * (b45 + b21 - b44)
h600: (a22 + a22 + a54 + a24 + a11 - a42 - a15 - a23) * (b41 - b53)
h603: (a55 + a31 - a15) * (-b34)
h606: (a11 - a21 - a24) * (b51 + b53)
h607: (a22 + a33) * (b53 + b55 + b34 - b24 - b44)
h744: (a54) * (-b43 - b24)
h834: (a31 + a51 + a43 - a44) * (-b25 - b13 - b24 - b54 - b22)
h840: (-a35 - a14) * (b34 + b24 - b52)
h1210: (a42 - a22) * (b21 - b44 - b21 - b34)
h1322: (a44 - a41) * (b11 - b34)
h1684: (-a14 - a43 - a55) * (b52)
h3082: (a31 + a24 + a44 + a35 - a45) * (b22 + b24 + b51)
h5428: (a51 + a52 + a12 + a12 + a51 + a34 + a13 + a21 - a11 - a13 - a54 - a25 - a53 - a51 - a45 - a42) * (b21 + b55 + b41 + b32 + b34 + b34 - b15 - b42 - b23)
h5520: (a11 - a42) * (b13)
h7177: (a12) * (b21 - b42 - b45)
h10683: (-a45) * (b11 - b32 - b32 - b53)
h12140: (a34 - a44 - a32 - a45) * (b55 - b24)
h14355: (a11) * (b23 - b31)
h15801: (a23 + a32 - a53 - a42) * (-b14)
h16553: (a42 + a52 + a55 + a11 + a51 - a42 - a23 - a14 - a21 - a51 - a51 - a22 - a41) * (b34)
h17745: (a32 + a25 + a54 - a55) * (b34)
h18315: (a12 + a35 - a55 - a35 - a21 - a23) * (b12 - b44)
h18490: (a11 + a33 + a41 - a25 - a41 - a35 - a35 - a24 - a35) * (-b44)
h26383: (a45 + a43 + a41 - a23) * (b54)
h31630: (a14 + a34 + a53 + a14 - a42) * (b33 - b24)
c11: h7 + h9 
c12: h603 + h10683 
c13: h140 + h834 - h128 - h481 - h536 - h603 
c14: h11 + h14355 
c15: h240 + h115 + h187 - h744 
c21: h834 - h14355 
c22: h18315 - h18490 
c23: h62 + h105 + h7 + h43 
c24: h195 + h229 + h100 - h187 - h834 
c25: h229 + h481 - h17745 
c31: h1210 + h5520 
c32: h95 + h100 + h26383 + h210 - h7177 
c33: h514 + h1322 + h840 + h16553 - h607 
c34: h42 + h115 
c35: h15801 + h128 + h105 
c41: h840 + h7177 
c42: h31630 - h43 
c43: h12140 + h481 
c44: h834 
c45: h514 + h1210 + h1684 + h9 - h210 
c51: h140 + h1322 + h43 
c52: h5428 + h1322 - h16553 
c53: h606 
c54: h226 + h123 - h123 
c55: h600 + h1684 + h1210 - h3082 
