0,152.176,24.8
100,97.56800000000001,24.6
200,72.672,24.6
300,69.4,24.8
400,66.792,24.6
500,61.8,24.6
600,61.016000000000005,24.6
700,58.568,24.6
800,56.696000000000005,24.4
900,56.136,24.4
1000,55.25599999999999,24.4
1100,54.23199999999999,24.4
1200,50.856,24.4
1300,50.096,24.4
1400,50.096,24.4
1500,49.248,24.4
1600,48.25599999999999,24.6
1700,48.25599999999999,24.6
1800,47.720000000000006,24.6
1900,47.272000000000006,24.6
2000,47.072,24.6
2100,47.072,24.6
2200,47.072,24.6
2300,47.072,24.6
2400,46.976000000000006,24.6
2500,46.976000000000006,24.6
2600,46.288,24.6
2700,46.288,24.6
2800,46.288,24.6
2900,46.288,24.6
3000,46.288,24.6
3100,45.8,24.6
3200,45.239999999999995,24.6
3300,44.864000000000004,24.6
3400,44.864000000000004,24.6
3500,44.864000000000004,24.6
3600,44.864000000000004,24.6
3700,43.984,24.8
3800,43.984,24.8
3900,43.983999999999995,24.8
4000,43.983999999999995,24.8
4100,43.983999999999995,24.8
4200,43.61600000000001,24.8
4300,43.327999999999996,24.8
4400,43.327999999999996,24.8
4500,43.327999999999996,24.8
4600,43.327999999999996,24.8
4700,43.29600000000001,24.8
4800,43.29600000000001,24.8
4900,43.29600000000001,24.8
5000,43.29600000000001,24.8
5100,43.072,24.8
5200,42.872,24.8
5300,42.872,24.8
5400,42.872,24.8
5500,40.896,24.8
5600,40.864000000000004,24.8
5700,40.864000000000004,24.8
5800,40.864000000000004,24.8
5900,40.176,24.8
6000,40.176,24.8
6100,40.176,24.8
6200,39.664,24.8
6300,39.664,24.8
6400,39.664,24.8
6500,39.664,24.8
6600,39.664,24.8
6700,38.36,24.8
6800,38.36,24.8
6900,38.136,24.8
7000,38.136,24.8
7100,38.136,24.8
7200,38.136,24.8
7300,38.136,24.8
7400,38.136,24.8
7500,38.136,24.8
7600,38.136,24.8
7700,38.136,24.8
7800,38.136,24.8
7900,38.136,24.8
8000,38.136,24.8
8100,38.136,24.8
8200,38.136,24.8
8300,38.136,24.8
8400,38.136,24.8
8500,38.136,24.8
8600,38.136,24.8
8700,38.136,24.8
8800,38.136,24.8
8900,38.136,24.8
9000,38.136,24.8
9100,38.136,24.8
9200,38.136,24.8
9300,38.136,24.8
9400,38.136,24.8
9500,38.136,24.8
9600,38.136,24.8
9700,38.136,24.8
9800,38.136,24.8
9900,38.136,24.8
10000,38.136,24.8
10100,38.136,24.8
10200,38.136,24.8
10300,38.136,24.8
10400,38.136,24.8
10500,38.136,24.8
10600,38.136,24.8
10700,38.136,24.8
10800,38.136,24.8
10900,38.136,24.8
11000,38.136,24.8
11100,38.136,24.8
11200,38.136,24.8
11300,38.064,25
11400,37.528,25
11500,37.104,25
11600,37.104,25
11700,37.104,25
11800,37.104,25
11900,37.104,25
12000,37.104,25
12100,37.104,25
12200,37.104,25
12300,37.104,25
12400,37.104,25
12500,37.104,25
12600,37.104,25
12700,37.104,25
12800,37.104,25
12900,37.104,25
13000,37.104,25
13100,37.104,25
13200,37.104,25
13300,37.104,25
13400,37.104,25
13500,37.104,25
13600,37.104,25
13700,37.104,25
13800,37.104,25
13900,37.104,25
14000,37.104,25
14100,37.104,25
14200,37.104,25
14300,37.104,25
14400,37.104,25
14500,37.104,25
14600,37.104,25
14700,37.104,25
14800,37.104,25
14900,37.104,25
15000,37.104,25
15100,37.104,25
15200,37.104,25
15300,37.104,25
15400,37.056,25
15500,37.056,25
15600,37.056,25
15700,37.056,25
15800,37.056,25
15900,36.720000000000006,25
16000,36.720000000000006,25
16100,36.720000000000006,25
16200,36.720000000000006,25
16300,36.720000000000006,25
16400,36.720000000000006,25
16500,36.647999999999996,25
16600,36.647999999999996,25
16700,36.647999999999996,25
16800,36.568,25
16900,36.568,25
17000,36.568,25
17100,36.568,25
17200,36.568,25
17300,36.568,25
17400,36.568,25
17500,36.568,25
17600,36.568,25
17700,36.568,25
17800,36.568,25
17900,36.568,25
18000,36.568,25
18100,36.352,25
18200,36.352,25
18300,35.839999999999996,25
18400,35.839999999999996,25
18500,35.839999999999996,25
18600,35.839999999999996,25
18700,35.839999999999996,25
18800,35.839999999999996,25
18900,35.839999999999996,25
19000,35.839999999999996,25
19100,35.839999999999996,25
19200,35.839999999999996,25
19300,35.839999999999996,25
19400,35.839999999999996,25
19500,35.839999999999996,25
19600,35.839999999999996,25
19700,35.839999999999996,25
19800,35.839999999999996,25
19900,35.839999999999996,25
20000,35.839999999999996,25
20100,35.839999999999996,25
20200,35.839999999999996,25
20300,35.839999999999996,25
20400,35.839999999999996,25
20500,35.839999999999996,25
20600,35.839999999999996,25
20700,35.839999999999996,25
20800,35.839999999999996,25
20900,35.839999999999996,25
21000,35.839999999999996,25
21100,35.839999999999996,25
21200,35.839999999999996,25
21300,35.839999999999996,25
21400,35.839999999999996,25
21500,35.839999999999996,25
21600,35.839999999999996,25
21700,35.839999999999996,25
21800,35.839999999999996,25
21900,35.839999999999996,25
22000,35.839999999999996,25
22100,35.839999999999996,25
22200,35.839999999999996,25
22300,35.839999999999996,25
22400,35.839999999999996,25
22500,35.839999999999996,25
22600,35.839999999999996,25
22700,35.839999999999996,25
22800,35.839999999999996,25
22900,35.839999999999996,25
23000,35.839999999999996,25
23100,35.839999999999996,25
23200,35.839999999999996,25
23300,35.839999999999996,25
23400,35.839999999999996,25
23500,35.839999999999996,25
23600,35.839999999999996,25
23700,35.839999999999996,25
23800,35.775999999999996,25
23900,35.775999999999996,25
24000,34.856,25
24100,34.856,25
24200,34.856,25
24300,34.856,25
24400,34.856,25
24500,34.856,25
24600,34.856,25
24700,34.856,25
24800,34.856,25
24900,34.592,25
25000,34.592,25
25100,34.592,25
25200,34.592,25
25300,34.592,25
25400,34.592,25
25500,34.592,25
25600,34.592,25
25700,34.592,25
25800,34.592,25
25900,34.592,25
26000,34.592,25
26100,34.592,25
26200,34.592,25
26300,34.592,25
26400,34.592,25
26500,34.592,25
26600,34.592,25
26700,34.592,25
26800,34.592,25
26900,34.592,25
27000,34.592,25
27100,34.592,25
27200,34.592,25
27300,34.592,25
27400,34.592,25
27500,34.592,25
27600,34.592,25
27700,34.592,25
27800,34.592,25
27900,34.592,25
28000,34.592,25
28100,34.592,25
28200,34.592,25
28300,34.592,25
28400,34.592,25
28500,34.592,25
28600,34.592,25
28700,34.592,25
28800,34.592,25
28900,34.592,25
29000,34.592,25
29100,34.592,25
29200,34.592,25
29300,34.592,25
29400,34.592,25
29500,34.592,25
29600,34.592,25
29700,34.592,25
29800,34.592,25
29900,34.592,25
30000,34.592,25
30100,34.592,25
30200,34.592,25
30300,34.592,25
30400,34.592,25
30500,34.592,25
30600,34.592,25
30700,34.592,25
30800,34.592,25
30900,34.592,25
31000,34.592,25
31100,34.592,25
31200,34.592,25
31300,34.592,25
31400,34.592,25
31500,34.592,25
31600,34.592,25
31700,34.592,25
31800,34.592,25
31900,34.592,25
32000,33.264,25
32100,33.264,25
32200,33.264,25
32300,33.264,25
32400,33.264,25
32500,33.264,25
32600,33.264,25
32700,33.264,25
32800,33.264,25
32900,32.976,25
33000,32.976,25
33100,32.976,25
33200,32.976,25
33300,32.976,25
33400,32.976,25
33500,32.976,25
33600,32.976,25
33700,32.976,25
33800,32.976,25
33900,32.976,25
34000,32.976,25
34100,32.976,25
34200,32.976,25
34300,32.976,25
34400,32.976,25
34500,32.976,25
34600,32.976,25
34700,32.976,25
34800,32.976,25
34900,32.976,25
35000,32.976,25
35100,32.976,25
35200,32.976,25
35300,32.976,25
35400,32.976,25
35500,32.976,25
35600,32.976,25
35700,32.976,25
35800,32.976,25
35900,32.904,25
36000,32.904,25
36100,32.904,25
36200,32.544,25
36300,32.544,25
36400,32.544,25
36500,32.544,25
36600,32.544,25
36700,32.544,25
36800,32.544,25
36900,32.544,25
37000,32.544,25
37100,32.544,25
37200,32.544,25
37300,32.544,25
37400,31.903999999999996,25
37500,31.903999999999996,25
37600,31.903999999999996,25
37700,31.903999999999996,25
37800,31.903999999999996,25
37900,31.903999999999996,25
38000,31.903999999999996,25
38100,31.903999999999996,25
38200,31.903999999999996,25
38300,31.903999999999996,25
38400,31.903999999999996,25
38500,31.903999999999996,25
38600,31.903999999999996,25
38700,31.903999999999996,25
38800,31.903999999999996,25
38900,31.903999999999996,25
39000,31.352000000000004,25
39100,31.352000000000004,25
39200,31.184000000000005,25
39300,30.976,24.8
39400,30.815999999999995,24.8
39500,30.815999999999995,24.8
39600,30.815999999999995,24.8
39700,30.815999999999995,24.8
39800,30.815999999999995,24.8
39900,30.815999999999995,24.8
40000,30.815999999999995,24.8
40100,30.815999999999995,24.8
40200,30.815999999999995,24.8
40300,30.815999999999995,24.8
40400,30.815999999999995,24.8
40500,30.815999999999995,24.8
40600,30.528000000000002,24.8
40700,30.528000000000002,24.8
40800,30.528000000000002,24.8
40900,30.528000000000002,24.8
41000,30.528000000000002,24.8
41100,30.528000000000002,24.8
41200,30.528000000000002,24.8
41300,30.528000000000002,24.8
41400,30.528000000000002,24.8
41500,30.528000000000002,24.8
41600,30.528000000000002,24.8
41700,30.528000000000002,24.8
41800,30.528000000000002,24.8
41900,30.528000000000002,24.8
42000,30.528000000000002,24.8
42100,30.528000000000002,24.8
42200,30.528000000000002,24.8
42300,30.528000000000002,24.8
42400,30.528000000000002,24.8
42500,30.528000000000002,24.8
42600,30.528000000000002,24.8
42700,30.528000000000002,24.8
42800,30.528000000000002,24.8
42900,30.528000000000002,24.8
43000,30.528000000000002,24.8
43100,30.528000000000002,24.8
43200,30.528000000000002,24.8
43300,30.528000000000002,24.8
43400,30.528000000000002,24.8
43500,30.528000000000002,24.8
43600,30.528000000000002,24.8
43700,30.528000000000002,24.8
43800,30.528000000000002,24.8
43900,30.528000000000002,24.8
44000,30.528000000000002,24.8
44100,30.512,24.6
44200,29.992,24.4
44300,29.992,24.4
44400,29.992,24.4
44500,29.992,24.4
44600,29.992,24.4
44700,29.992,24.4
44800,29.992,24.4
44900,29.992,24.4
45000,29.992,24.4
45100,29.992,24.4
45200,29.992,24.4
45300,29.992,24.4
45400,29.992,24.4
45500,29.992,24.4
45600,29.992,24.4
45700,29.992,24.4
45800,29.992,24.4
45900,29.992,24.4
46000,29.624000000000002,24.4
46100,29.624000000000002,24.4
46200,29.624000000000002,24.4
46300,29.624000000000002,24.4
46400,29.624000000000002,24.4
46500,29.624000000000002,24.4
46600,29.624000000000002,24.4
46700,29.624000000000002,24.4
46800,29.624000000000002,24.4
46900,29.624000000000002,24.4
47000,29.624000000000002,24.4
47100,29.624000000000002,24.4
47200,29.624000000000002,24.4
47300,29.624000000000002,24.4
47400,29.576,24.4
47500,29.576,24.4
47600,29.576,24.4
47700,29.576,24.4
47800,29.576,24.4
47900,29.576,24.4
48000,29.576,24.4
48100,29.576,24.4
48200,29.576,24.4
48300,29.576,24.4
48400,29.576,24.4
48500,29.576,24.4
48600,29.576,24.4
48700,29.576,24.4
48800,29.576,24.4
48900,29.576,24.4
49000,29.576,24.4
49100,29.512,24.4
49200,29.512,24.4
49300,29.512,24.4
49400,29.512,24.4
49500,29.512,24.4
49600,29.512,24.4
49700,29.512,24.4
49800,29.512,24.4
49900,29.512,24.4
50000,29.512,24.4
50100,29.512,24.4
50200,29.512,24.4
50300,29.512,24.4
50400,29.512,24.4
50500,29.512,24.4
50600,29.512,24.4
50700,29.512,24.4
50800,29.512,24.4
50900,29.512,24.4
51000,29.512,24.4
51100,29.472,24.4
51200,29.472,24.4
51300,29.472,24.4
51400,29.472,24.4
51500,29.439999999999998,24.4
51600,29.439999999999998,24.4
51700,29.439999999999998,24.4
51800,29.439999999999998,24.4
51900,29.415999999999997,24.4
52000,29.415999999999997,24.4
52100,29.415999999999997,24.4
52200,29.415999999999997,24.4
52300,29.415999999999997,24.4
52400,29.415999999999997,24.4
52500,29.415999999999997,24.4
52600,29.415999999999997,24.4
52700,29.415999999999997,24.4
52800,29.415999999999997,24.4
52900,29.415999999999997,24.4
53000,29.415999999999997,24.4
53100,29.415999999999997,24.4
53200,29.415999999999997,24.4
53300,29.415999999999997,24.4
53400,29.415999999999997,24.4
53500,29.415999999999997,24.4
53600,29.415999999999997,24.4
53700,29.415999999999997,24.4
53800,29.415999999999997,24.4
53900,29.415999999999997,24.4
54000,28.792,24.4
54100,28.792,24.4
54200,28.792,24.4
54300,28.272000000000002,24.4
54400,28.272000000000002,24.4
54500,28.272000000000002,24.4
54600,28.272000000000002,24.4
54700,28.272000000000002,24.4
54800,28.272000000000002,24.4
54900,28.272000000000002,24.4
55000,28.272000000000002,24.4
55100,28.272000000000002,24.4
55200,28.272000000000002,24.4
55300,28.272000000000002,24.4
55400,28.272000000000002,24.4
55500,28.272000000000002,24.4
55600,28.272000000000002,24.4
55700,28.272000000000002,24.4
55800,28.272000000000002,24.4
55900,28.272000000000002,24.4
56000,28.272000000000002,24.4
56100,28.272000000000002,24.4
56200,28.272000000000002,24.4
56300,28.272000000000002,24.4
56400,28.256,24.4
56500,28.256,24.4
56600,28.256,24.4
56700,28.256,24.4
56800,28.256,24.4
56900,28.256,24.4
57000,28.256,24.4
57100,28.256,24.4
57200,28.256,24.4
57300,28.256,24.4
57400,28.256,24.4
57500,28.256,24.4
57600,28.256,24.4
57700,28.256,24.4
57800,28.256,24.4
57900,28.256,24.4
58000,28.256,24.4
58100,28.256,24.4
58200,28.256,24.4
58300,28.256,24.4
58400,28.2,24.4
58500,28.2,24.4
58600,28.2,24.4
58700,28.2,24.4
58800,28.2,24.4
58900,28.2,24.4
59000,28.2,24.4
59100,28.2,24.4
59200,28.2,24.4
59300,28.2,24.4
59400,28.2,24.4
59500,28.04,24.4
59600,28.04,24.4
59700,28.04,24.4
59800,28.04,24.4
59900,27.383999999999997,24.4
60000,27.383999999999997,24.4
60100,27.383999999999997,24.4
60200,27.383999999999997,24.4
60300,27.383999999999997,24.4
60400,27.383999999999997,24.4
60500,27.383999999999997,24.4
60600,27.383999999999997,24.4
60700,27.383999999999997,24.4
60800,27.383999999999997,24.4
60900,27.383999999999997,24.4
61000,27.383999999999997,24.4
61100,27.383999999999997,24.4
61200,27.383999999999997,24.4
61300,27.383999999999997,24.4
61400,27.383999999999997,24.4
61500,27.383999999999997,24.4
61600,27.383999999999997,24.4
61700,27.383999999999997,24.4
61800,27.383999999999997,24.4
61900,27.383999999999997,24.4
62000,27.383999999999997,24.4
62100,27.383999999999997,24.4
62200,27.383999999999997,24.4
62300,27.383999999999997,24.4
62400,27.383999999999997,24.4
62500,27.383999999999997,24.4
62600,27.383999999999997,24.4
62700,27.383999999999997,24.4
62800,27.383999999999997,24.4
62900,27.383999999999997,24.4
63000,27.383999999999997,24.4
63100,27.383999999999997,24.4
63200,27.383999999999997,24.4
63300,27.383999999999997,24.4
63400,27.383999999999997,24.4
63500,27.383999999999997,24.4
63600,27.383999999999997,24.4
63700,27.383999999999997,24.4
63800,27.383999999999997,24.4
63900,27.383999999999997,24.4
64000,27.383999999999997,24.4
64100,27.383999999999997,24.4
64200,27.383999999999997,24.4
64300,27.383999999999997,24.4
64400,27.383999999999997,24.4
64500,27.383999999999997,24.4
64600,27.383999999999997,24.4
64700,27.383999999999997,24.4
64800,27.383999999999997,24.4
64900,27.383999999999997,24.4
65000,27.383999999999997,24.4
65100,27.383999999999997,24.4
65200,27.383999999999997,24.4
65300,27.383999999999997,24.4
65400,27.383999999999997,24.4
65500,27.383999999999997,24.4
65600,27.383999999999997,24.4
65700,27.383999999999997,24.4
65800,27.383999999999997,24.4
65900,27.383999999999997,24.4
66000,27.383999999999997,24.4
66100,27.383999999999997,24.4
66200,27.383999999999997,24.4
66300,27.383999999999997,24.4
66400,27.383999999999997,24.4
66500,27.383999999999997,24.4
66600,27.383999999999997,24.4
66700,27.224,24.4
66800,27.224,24.4
66900,27.224,24.4
67000,27.224,24.4
67100,26.695999999999998,24.2
67200,26.695999999999998,24.2
67300,26.695999999999998,24.2
67400,26.695999999999998,24.2
67500,26.695999999999998,24.2
67600,26.695999999999998,24.2
67700,26.695999999999998,24.2
67800,26.695999999999998,24.2
67900,26.695999999999998,24.2
68000,26.695999999999998,24.2
68100,26.695999999999998,24.2
68200,26.695999999999998,24.2
68300,26.695999999999998,24.2
68400,26.695999999999998,24.2
68500,26.695999999999998,24.2
68600,26.695999999999998,24.2
68700,26.695999999999998,24.2
68800,26.695999999999998,24.2
68900,26.695999999999998,24.2
69000,26.695999999999998,24.2
69100,26.695999999999998,24.2
69200,26.695999999999998,24.2
69300,26.695999999999998,24.2
69400,26.695999999999998,24.2
69500,26.695999999999998,24.2
69600,26.695999999999998,24.2
69700,26.695999999999998,24.2
69800,26.695999999999998,24.2
69900,26.695999999999998,24.2
70000,26.695999999999998,24.2
70100,26.695999999999998,24.2
70200,26.695999999999998,24.2
70300,26.695999999999998,24.2
70400,26.695999999999998,24.2
70500,26.695999999999998,24.2
70600,26.695999999999998,24.2
70700,26.528,24.4
70800,26.528,24.4
70900,26.528,24.4
71000,26.528,24.4
71100,26.528,24.4
71200,26.528,24.4
71300,26.528,24.4
71400,26.528,24.4
71500,26.528,24.4
71600,26.528,24.4
71700,26.528,24.4
71800,26.528,24.4
71900,26.528,24.4
72000,26.528,24.4
72100,26.528,24.4
72200,26.448,24.4
72300,26.448,24.4
72400,26.448,24.4
72500,26.448,24.4
72600,26.448,24.4
72700,26.448,24.4
72800,26.448,24.4
72900,26.448,24.4
73000,26.448,24.4
73100,26.448,24.4
73200,26.448,24.4
73300,26.448,24.4
73400,26.448,24.4
73500,26.448,24.4
73600,26.448,24.4
73700,26.448,24.4
73800,26.448,24.4
73900,26.448,24.4
74000,26.448,24.4
74100,26.448,24.4
74200,26.448,24.4
74300,26.448,24.4
74400,26.448,24.4
74500,26.448,24.4
74600,26.144,24.4
74700,26.144,24.4
74800,26.144,24.4
74900,26.144,24.4
75000,26.144,24.4
75100,26.144,24.4
75200,26.144,24.4
75300,26.144,24.4
75400,26.144,24.4
75500,26.144,24.4
75600,26.144,24.4
75700,26.144,24.4
75800,26.144,24.4
75900,26.144,24.4
76000,26.144,24.4
76100,26.144,24.4
76200,26.144,24.4
76300,26.144,24.4
76400,26.144,24.4
76500,26.144,24.4
76600,26.144,24.4
76700,26.144,24.4
76800,26.144,24.4
76900,26.144,24.4
77000,26.144,24.4
77100,26.144,24.4
77200,26.144,24.4
77300,26.144,24.4
77400,26.144,24.4
77500,26.144,24.4
77600,26.144,24.4
77700,26.144,24.4
77800,26.144,24.4
77900,26.144,24.4
78000,26.144,24.4
78100,26.144,24.4
78200,26.144,24.4
78300,26.144,24.4
78400,26.144,24.4
78500,26.144,24.4
78600,26.144,24.4
78700,26.144,24.4
78800,26.144,24.4
78900,26.144,24.4
79000,26.144,24.4
79100,26.144,24.4
79200,26.144,24.4
79300,26.144,24.4
79400,26.144,24.4
79500,26.144,24.4
79600,26.144,24.4
79700,26.144,24.4
79800,26.144,24.4
79900,26.144,24.4
80000,26.144,24.4
80100,26.144,24.4
80200,26.144,24.4
80300,26.144,24.4
80400,26.144,24.4
80500,26.144,24.4
80600,26.144,24.4
80700,26.144,24.4
80800,26.144,24.4
80900,26.144,24.4
81000,26.144,24.4
81100,26.144,24.4
81200,26.144,24.4
81300,26.144,24.4
81400,26.144,24.4
81500,26.144,24.4
81600,26.144,24.4
81700,26.144,24.4
81800,26.144,24.4
81900,26.144,24.4
82000,26.144,24.4
82100,26.144,24.4
82200,26.144,24.4
82300,26.144,24.4
82400,26.144,24.4
82500,26.144,24.4
82600,26.144,24.4
82700,26.144,24.4
82800,26.144,24.4
82900,26.144,24.4
83000,26.144,24.4
83100,26.144,24.4
83200,26.144,24.4
83300,26.144,24.4
83400,26.144,24.4
83500,26.144,24.4
83600,26.144,24.4
83700,26.144,24.4
83800,26.144,24.4
83900,26.144,24.4
84000,26.144,24.4
84100,26.144,24.4
84200,26.144,24.4
84300,26.144,24.4
84400,26.144,24.4
84500,26.144,24.4
84600,26.144,24.4
84700,26.144,24.4
84800,26.144,24.4
84900,26.144,24.4
85000,26.144,24.4
85100,26.144,24.4
85200,26.144,24.4
85300,26.144,24.4
85400,26.144,24.4
85500,26.144,24.4
85600,26.144,24.4
85700,26.144,24.4
85800,26.144,24.4
85900,26.144,24.4
86000,26.144,24.4
86100,26.144,24.4
86200,26.144,24.4
86300,26.144,24.4
86400,26.144,24.4
86500,26.144,24.4
86600,26.144,24.4
86700,26.144,24.4
86800,26.144,24.4
86900,26.144,24.4
87000,26.144,24.4
87100,26.144,24.4
87200,26.144,24.4
87300,26.144,24.4
87400,26.144,24.4
87500,26.144,24.4
87600,26.144,24.4
87700,26.144,24.4
87800,26.144,24.4
87900,26.144,24.4
88000,26.144,24.4
88100,26.144,24.4
88200,26.144,24.4
88300,26.144,24.4
88400,26.144,24.4
88500,26.144,24.4
88600,26.144,24.4
88700,26.144,24.4
88800,26.144,24.4
88900,26.144,24.4
89000,26.144,24.4
89100,26.144,24.4
89200,26.144,24.4
89300,26.144,24.4
89400,26.144,24.4
89500,26.144,24.4
89600,26.144,24.4
89700,26.144,24.4
89800,26.144,24.4
89900,26.144,24.4
90000,26.144,24.4
90100,26.144,24.4
90200,26.144,24.4
90300,26.144,24.4
90400,26.144,24.4
90500,26.144,24.4
90600,26.144,24.4
90700,26.144,24.4
90800,26.144,24.4
90900,26.144,24.4
91000,26.144,24.4
91100,26.144,24.4
91200,26.144,24.4
91300,26.144,24.4
91400,26.144,24.4
91500,26.144,24.4
91600,26.144,24.4
91700,26.144,24.4
91800,26.144,24.4
91900,26.144,24.4
92000,26.144,24.4
92100,26.144,24.4
92200,26.144,24.4
92300,26.144,24.4
92400,26.144,24.4
92500,26.144,24.4
92600,26.144,24.4
92700,26.144,24.4
92800,26.144,24.4
92900,26.144,24.4
93000,26.144,24.4
93100,26.144,24.4
93200,26.144,24.4
93300,26.144,24.4
93400,26.144,24.4
93500,26.144,24.4
93600,26.144,24.4
93700,26.144,24.4
93800,26.144,24.4
93900,26.144,24.4
94000,26.144,24.4
94100,26.144,24.4
94200,26.144,24.4
94300,26.144,24.4
94400,26.144,24.4
94500,26.144,24.4
94600,26.144,24.4
94700,26.144,24.4
94800,26.144,24.4
94900,26.144,24.4
95000,26.144,24.4
95100,26.144,24.4
95200,26.144,24.4
95300,26.144,24.4
95400,26.144,24.4
95500,26.144,24.4
95600,26.144,24.4
95700,26.144,24.4
95800,26.144,24.4
95900,26.144,24.4
96000,26.144,24.4
96100,26.144,24.4
96200,26.144,24.4
96300,26.144,24.4
96400,26.144,24.4
96500,26.144,24.4
96600,26.144,24.4
96700,26.144,24.4
96800,26.144,24.4
96900,26.144,24.4
97000,26.144,24.4
97100,26.144,24.4
97200,26.144,24.4
97300,26.144,24.4
97400,26.144,24.4
97500,26.144,24.4
97600,26.144,24.4
97700,26.144,24.4
97800,26.144,24.4
97900,26.144,24.4
98000,26.144,24.4
98100,26.144,24.4
98200,26.144,24.4
98300,26.144,24.4
98400,26.144,24.4
98500,26.144,24.4
98600,26.144,24.4
98700,26.144,24.4
98800,26.144,24.4
98900,26.144,24.4
99000,26.144,24.4
99100,26.144,24.4
99200,26.144,24.4
99300,26.144,24.4
99400,26.144,24.4
99500,26.144,24.4
99600,26.144,24.4
99700,26.144,24.4
99800,26.144,24.4
99900,26.144,24.4
99999,26.144,24.4

START ALGORITHM
h5: (-a24) * (b15 + b42 - b51)
h16: (-a45) * (b13 - b21)
h18: (-a15 - a12 - a12) * (b31 + b25 + b12 + b43 - b43 - b11 - b44)
h21: (a23 - a34) * (b34 + b34 + b12 + b51 - b41 - b25 - b43)
h28: (-a43) * (b14 + b22 + b42 - b53 - b33 - b14 - b55 - b13)
h33: (-a45) * (b13 - b31 - b15)
h38: (a11 + a41 - a25) * (b11 + b41 + b53 - b43 - b52 - b45)
h41: (a11 - a25) * (-b33)
h46: (a51) * (b14 + b13 + b12 + b33 + b31 - b22 - b13 - b52 - b23 - b43 - b42 - b54 - b25)
h54: (a35 - a12) * (b43 + b33 + b45 - b43 - b14 - b21)
h60: (a35 - a31) * (b53 + b25 - b22 - b22 - b34)
h63: (a24 + a13 - a35) * (b52 + b44 + b55 + b22 + b11 + b51 + b34 + b35 + b51 + b54 + b53 + b14 + b32 - b31 - b24 - b53 - b24 - b31 - b52 - b35 - b25 - b14 - b15 - b24 - b43 - b51 - b22)
h90: (a24) * (b55 + b33 + b15 + b14 + b52 - b34 - b11 - b13 - b34 - b52 - b52 - b15 - b41 - b43 - b11 - b43 - b25)
h97: (-a53) * (b11 + b55 + b24 + b24 + b52 + b52 - b35 - b32 - b22 - b23 - b31 - b31 - b44 - b14)
h98: (a44) * (b12 + b24 - b23)
h110: (a34 - a21) * (b23 + b55 - b13 - b54 - b31 - b13)
h111: (a34) * (b25 + b54 + b53 + b33 - b14)
h114: (a51) * (b34 - b45 - b41 - b44)
h125: (-a41) * (b51 - b43 - b52 - b14 - b51 - b25)
h137: (a24) * (b23 + b45 + b41 - b21 - b54 - b32)
h141: (-a55) * (b23 + b54 + b34)
h142: (a31 - a44) * (b53 + b35 + b54 + b24 + b12 + b51 + b32 + b42 + b21 + b22 + b31 + b13 + b32 + b51 + b33 - b51 - b12 - b41 - b12 - b55 - b53 - b43 - b33 - b52 - b14 - b22 - b22 - b52 - b14 - b15 - b55)
h153: (a24 - a23) * (b43 + b33 + b15 + b22 - b31 - b23)
h155: (-a15) * (b52 + b42 + b42 - b13 - b52 - b12 - b35)
h157: (a33) * (b51 + b15 - b32 - b51 - b15 - b34 - b34)
h158: (-a55) * (b23 + b55 - b13 - b14)
h283: (a34 - a44) * (b14 + b35 + b35 + b41 + b53 + b14 + b23 + b13 + b44 + b15 + b23 + b23 + b15 + b54 + b44 + b32 - b52 - b43 - b15 - b45 - b32 - b31 - b51 - b44 - b33)
h293: (a12 - a13 - a44) * (b15 - b24)
h331: (a51) * (b15 + b53 + b41 + b51 + b32 + b12 + b35 - b14 - b32 - b33 - b43 - b41)
h332: (a23) * (b53 + b31 + b12 + b31 + b45 + b51 + b45 + b41 - b41 - b55 - b14 - b21 - b42 - b32)
h468: (-a23) * (b31 - b23 - b42)
h524: (a52) * (b31 + b42 - b44)
h623: (a22) * (-b54)
h691: (a41 - a22 - a22) * (b13 - b35 - b45)
h703: (a23 + a53) * (b21 + b13 + b21 + b52 + b33 + b31 + b55 + b25 + b55 + b12 + b51 - b14 - b44 - b42 - b25 - b14 - b45 - b42 - b54 - b32 - b22)
h704: (a14) * (b11 + b21 + b44 + b45 + b13 + b55 + b33 + b35 - b31 - b54 - b31 - b35 - b22 - b31 - b21 - b14 - b23)
h3859: (a23) * (b21 - b21 - b33 - b55 - b42 - b22 - b45 - b45)
h14973: (-a23) * (b51 + b45 + b55 - b45 - b53 - b15 - b43 - b15)
h20145: (-a41) * (b35 + b43)
h22738: (a43 - a45) * (b32 + b23 + b25)
h24560: (a25) * (b13 + b21 - b43 - b11 - b14 - b55 - b51)
h29849: (a55) * (b42 + b54 - b33 - b11 - b11 - b51 - b11 - b31 - b42 - b53)
h33886: (a43 - a35) * (b33 - b15 - b54)
c11: h97 + h5 + h142 
c12: h14973 
c13: h142 + h623 
c14: h153 + h38 
c15: h98 - h293 
c21: h60 + h38 + h331 + h28 
c22: h125 + h283 
c23: h468 - h704 
c24: h60 + h114 
c25: h524 + h20145 
c31: h110 - h46 - h111 - h524 
c32: h98 + h141 + h157 + h16 
c33: h623 + h3859 
c34: h18 - h97 - h283 
c35: h28 - h21 - h3859 
c41: h5 + h137 - h125 
c42: h16 + h41 
c43: h293 + h703 + h41 + h24560 
c44: h691 - h114 
c45: h142 + h137 
c51: h90 + h158 + h155 - h33 - h16 - h63 
c52: h331 + h33886 
c53: h110 + h54 + h28 + h332 - h153 - h155 - h22738 
c54: - h125 
c55: h331 - h29849 
