0,147.464,25
100,108.91199999999999,25
200,89.84799999999998,25
300,85.472,25
400,79.91999999999999,24.8
500,69.984,24.8
600,67.08800000000001,24.6
700,64.4,24.6
800,60.327999999999996,24.2
900,60.288,24.2
1000,59.936,24.4
1100,59.29600000000001,24.4
1200,58.727999999999994,24.4
1300,56.208000000000006,24.4
1400,55.488000000000014,24.4
1500,55.455999999999996,24.4
1600,55.16799999999999,24.4
1700,55.16799999999999,24.4
1800,53.536,24.4
1900,53.536,24.4
2000,53.536,24.4
2100,53.536,24.4
2200,53.536,24.4
2300,53.536,24.4
2400,53.536,24.4
2500,53.536,24.4
2600,53.536,24.4
2700,52.128,24.4
2800,52.128,24.4
2900,52.088,24.4
3000,52.088,24.4
3100,51.944,24.4
3200,51.29599999999999,24.4
3300,51.15200000000001,24.4
3400,50.928,24.4
3500,50.928,24.4
3600,50.928,24.4
3700,50.928,24.4
3800,50.928,24.4
3900,50.44799999999999,24.4
4000,49.808,24.4
4100,49.808,24.4
4200,49.808,24.4
4300,48.6,24.4
4400,46.576,24.4
4500,45.535999999999994,24.4
4600,43.616,24.4
4700,43.616,24.4
4800,42.65599999999999,24.4
4900,42.65599999999999,24.4
5000,41.23199999999999,24.4
5100,40.936,24.4
5200,40.936,24.4
5300,40.776,24.4
5400,39.432,24.4
5500,39.432,24.4
5600,39.432,24.4
5700,39.432,24.4
5800,39.432,24.4
5900,39.432,24.4
6000,39.4,24.4
6100,39.4,24.4
6200,39.4,24.4
6300,39.4,24.4
6400,39.4,24.4
6500,37.544000000000004,24.4
6600,36.672000000000004,24.2
6700,36.432,24.2
6800,35.952,24.2
6900,35.952,24.2
7000,35.952,24.2
7100,35.952,24.2
7200,35.952,24.2
7300,35.952,24.2
7400,35.440000000000005,24.2
7500,35.440000000000005,24.2
7600,35.440000000000005,24.2
7700,35.440000000000005,24.2
7800,35.440000000000005,24.2
7900,35.440000000000005,24.2
8000,35.440000000000005,24.2
8100,35.440000000000005,24.2
8200,35.440000000000005,24.2
8300,35.440000000000005,24.2
8400,35.440000000000005,24.2
8500,35.440000000000005,24.2
8600,35.440000000000005,24.2
8700,35.440000000000005,24.2
8800,35.440000000000005,24.2
8900,35.440000000000005,24.2
9000,35.440000000000005,24.2
9100,35.440000000000005,24.2
9200,35.440000000000005,24.2
9300,35.440000000000005,24.2
9400,35.440000000000005,24.2
9500,35.440000000000005,24.2
9600,35.440000000000005,24.2
9700,35.088,24.2
9800,35.088,24.2
9900,35.088,24.2
10000,35.056,24.2
10100,35.056,24.2
10200,34.855999999999995,24.2
10300,34.656,24.2
10400,34.656,24.2
10500,34.656,24.2
10600,34.656,24.2
10700,34.656,24.2
10800,34.656,24.2
10900,34.656,24.2
11000,34.656,24.2
11100,34.656,24.2
11200,34.656,24.2
11300,34.656,24.2
11400,34.656,24.2
11500,34.656,24.2
11600,34.648,24.2
11700,34.648,24.2
11800,34.648,24.2
11900,34.648,24.2
12000,34.648,24.2
12100,34.648,24.2
12200,34.648,24.2
12300,34.648,24.2
12400,34.648,24.2
12500,34.648,24.2
12600,34.648,24.2
12700,34.632,24.2
12800,34.343999999999994,24.2
12900,34.343999999999994,24.2
13000,33.544,24.2
13100,33.544,24.2
13200,32.64,24.2
13300,32.64,24.2
13400,32.64,24.2
13500,32.495999999999995,24.2
13600,32.263999999999996,24
13700,32.263999999999996,24
13800,32.263999999999996,24
13900,32.263999999999996,24
14000,31.815999999999995,24
14100,31.815999999999995,24
14200,31.472,24
14300,31.080000000000002,24
14400,30.688,24
14500,30.688,24
14600,30.688,24
14700,30.688,24
14800,30.688,24
14900,30.688,24
15000,30.688,24
15100,30.688,24
15200,30.688,24
15300,30.688,24
15400,30.688,24
15500,30.688,24
15600,30.688,24
15700,30.688,24
15800,30.688,24
15900,30.688,24
16000,30.688,24
16100,30.688,24
16200,30.688,24
16300,30.688,24
16400,30.688,24
16500,30.688,24
16600,30.688,24
16700,30.688,24
16800,30.688,24
16900,30.688,24
17000,30.688,24
17100,30.688,24
17200,30.688,24
17300,30.688,24
17400,30.688,24
17500,30.688,24
17600,30.688,24
17700,30.440000000000005,24.2
17800,30.440000000000005,24.2
17900,30.440000000000005,24.2
18000,30.440000000000005,24.2
18100,30.440000000000005,24.2
18200,30.440000000000005,24.2
18300,30.415999999999997,24.2
18400,30.415999999999997,24.2
18500,30.415999999999997,24.2
18600,30.415999999999997,24.2
18700,30.415999999999997,24.2
18800,30.415999999999997,24.2
18900,30.415999999999997,24.2
19000,30.415999999999997,24.2
19100,30.415999999999997,24.2
19200,30.415999999999997,24.2
19300,30.136000000000003,24.2
19400,30.136000000000003,24.2
19500,30.136000000000003,24.2
19600,30.136000000000003,24.2
19700,30.136000000000003,24.2
19800,29.704,24.2
19900,29.704,24.2
20000,29.416000000000004,24.2
20100,29.416000000000004,24.2
20200,29.415999999999997,24.2
20300,29.415999999999997,24.2
20400,28.648000000000003,24.2
20500,28.648000000000003,24.2
20600,28.648000000000003,24.2
20700,28.648000000000003,24.2
20800,28.648000000000003,24.2
20900,28.648000000000003,24.2
21000,28.648000000000003,24.2
21100,28.648000000000003,24.2
21200,28.648000000000003,24.2
21300,28.456,24.2
21400,28.456,24.2
21500,28.456,24.2
21600,28.456,24.2
21700,28.456,24.2
21800,28.352000000000004,24.2
21900,28.352000000000004,24.2
22000,28.352000000000004,24.2
22100,28.352000000000004,24.2
22200,28.352000000000004,24.2
22300,28.352000000000004,24.2
22400,28.352000000000004,24.2
22500,28.352000000000004,24.2
22600,28.352000000000004,24.2
22700,28.352000000000004,24.2
22800,28.352000000000004,24.2
22900,28.352000000000004,24.2
23000,28.352000000000004,24.2
23100,28.352000000000004,24.2
23200,28.352000000000004,24.2
23300,28.352000000000004,24.2
23400,28.352000000000004,24.2
23500,28.352000000000004,24.2
23600,28.352000000000004,24.2
23700,28.352000000000004,24.2
23800,28.352000000000004,24.2
23900,28.352000000000004,24.2
24000,28.352000000000004,24.2
24100,28.352000000000004,24.2
24200,28.352000000000004,24.2
24300,28.352000000000004,24.2
24400,28.352000000000004,24.2
24500,28.352000000000004,24.2
24600,28.352000000000004,24.2
24700,28.352000000000004,24.2
24800,28.352000000000004,24.2
24900,28.352000000000004,24.2
25000,28.352000000000004,24.2
25100,28.352000000000004,24.2
25200,28.352000000000004,24.2
25300,28.352000000000004,24.2
25400,28.352000000000004,24.2
25500,28.352000000000004,24.2
25600,28.352000000000004,24.2
25700,28.352000000000004,24.2
25800,28.352000000000004,24.2
25900,28.352000000000004,24.2
26000,28.352000000000004,24.2
26100,28.352000000000004,24.2
26200,28.352000000000004,24.2
26300,28.352000000000004,24.2
26400,28.352000000000004,24.2
26500,28.352000000000004,24.2
26600,28.352000000000004,24.2
26700,28.352000000000004,24.2
26800,28.352000000000004,24.2
26900,28.352000000000004,24.2
27000,28.352000000000004,24.2
27100,28.296,24
27200,28.296,24
27300,28.296,24
27400,28.296,24
27500,28.296,24
27600,28.296,24
27700,28.296,24
27800,28.296,24
27900,28.296,24
28000,28.119999999999997,24
28100,28.119999999999997,24
28200,28.119999999999997,24
28300,28.119999999999997,24
28400,28.119999999999997,24
28500,28.119999999999997,24
28600,28.119999999999997,24
28700,28.119999999999997,24
28800,27.536,24
28900,27.536,24
29000,27.536,24
29100,27.536,24
29200,27.536,24
29300,27.536,24
29400,27.536,24
29500,27.536,24
29600,27.536,24
29700,27.536,24
29800,27.536,24
29900,27.536,24
30000,27.536,24
30100,27.536,24
30200,27.536,24
30300,27.536,24
30400,27.536,24
30500,27.536,24
30600,27.536,24
30700,27.536,24
30800,27.536,24
30900,27.368000000000002,24
31000,27.368000000000002,24
31100,27.368000000000002,24
31200,27.368000000000002,24
31300,27.368000000000002,24
31400,27.368000000000002,24
31500,27.368000000000002,24
31600,27.368000000000002,24
31700,27.368000000000002,24
31800,27.368000000000002,24
31900,27.288,24
32000,27.288,24
32100,27.288,24
32200,27.288,24
32300,27.288,24
32400,27.288,24
32500,27.288,24
32600,27.288,24
32700,27.288,24
32800,27.288,24
32900,27.288,24
33000,27.288,24
33100,27.288,24
33200,27.288,24
33300,27.288,24
33400,27.288,24
33500,27.288,24
33600,27.288,24
33700,27.288,24
33800,27.288,24
33900,27.288,24
34000,27.288,24
34100,27.288,24
34200,27.288,24
34300,27.288,24
34400,27.288,24
34500,27.288,24
34600,27.288,24
34700,27.288,24
34800,27.288,24
34900,27.288,24
35000,27.288,24
35100,27.288,24
35200,27.184000000000005,24
35300,27.184000000000005,24
35400,27.184000000000005,24
35500,27.184000000000005,24
35600,27.184000000000005,24
35700,27.184000000000005,24
35800,26.808,24
35900,26.808,24
36000,26.808,24
36100,26.808,24
36200,26.808,24
36300,26.808,24
36400,26.808,24
36500,26.808,24
36600,26.808,24
36700,26.808,24
36800,26.808,24
36900,26.808,24
37000,26.808,24
37100,26.808,24
37200,26.808,24
37300,26.808,24
37400,26.808,24
37500,26.808,24
37600,26.808,24
37700,26.808,24
37800,26.808,24
37900,26.808,24
38000,26.808,24
38100,26.808,24
38200,26.808,24
38300,26.808,24
38400,26.808,24
38500,26.808,24
38600,26.808,24
38700,26.808,24
38800,26.520000000000003,24
38900,26.520000000000003,24
39000,26.520000000000003,24
39100,26.520000000000003,24
39200,26.520000000000003,24
39300,26.520000000000003,24
39400,26.520000000000003,24
39500,26.520000000000003,24
39600,26.520000000000003,24
39700,26.520000000000003,24
39800,26.520000000000003,24
39900,26.520000000000003,24
40000,26.520000000000003,24
40100,26.520000000000003,24
40200,26.520000000000003,24
40300,26.520000000000003,24
40400,26.520000000000003,24
40500,26.520000000000003,24
40600,26.520000000000003,24
40700,26.520000000000003,24
40800,26.520000000000003,24
40900,26.520000000000003,24
41000,26.520000000000003,24
41100,26.520000000000003,24
41200,26.520000000000003,24
41300,26.520000000000003,24
41400,26.520000000000003,24
41500,26.520000000000003,24
41600,25.887999999999998,23.8
41700,25.887999999999998,23.8
41800,25.887999999999998,23.8
41900,25.887999999999998,23.8
42000,25.887999999999998,23.8
42100,25.887999999999998,23.8
42200,25.8,23.8
42300,25.8,23.8
42400,25.8,23.8
42500,25.8,23.8
42600,25.8,23.8
42700,25.8,23.8
42800,25.8,23.8
42900,25.8,23.8
43000,25.8,23.8
43100,25.8,23.8
43200,25.8,23.8
43300,25.8,23.8
43400,25.8,23.8
43500,25.552,24
43600,25.544,24
43700,25.32,24
43800,25.32,24
43900,25.32,24
44000,25.32,24
44100,25.32,24
44200,25.32,24
44300,25.32,24
44400,25.32,24
44500,25.32,24
44600,25.32,24
44700,25.32,24
44800,25.32,24
44900,25.32,24
45000,25.32,24
45100,25.32,24
45200,25.32,24
45300,25.32,24
45400,25.32,24
45500,25.32,24
45600,25.32,24
45700,25.32,24
45800,25.32,24
45900,25.32,24
46000,25.32,24
46100,25.32,24
46200,25.32,24
46300,25.32,24
46400,25.32,24
46500,25.32,24
46600,25.192,23.8
46700,25.192,23.8
46800,25.192,23.8
46900,25.192,23.8
47000,25.192,23.8
47100,25.192,23.8
47200,25.192,23.8
47300,25.192,23.8
47400,25.192,23.8
47500,25.192,23.8
47600,25.192,23.8
47700,25.192,23.8
47800,25.192,23.8
47900,25.192,23.8
48000,25.192,23.8
48100,25.192,23.8
48200,25.192,23.8
48300,25.192,23.8
48400,25.192,23.8
48500,25.192,23.8
48600,25.192,23.8
48700,25.192,23.8
48800,25.192,23.8
48900,25.192,23.8
49000,25.192,23.8
49100,25.192,23.8
49200,25.192,23.8
49300,25.192,23.8
49400,25.192,23.8
49500,25.192,23.8
49600,25.192,23.8
49700,25.192,23.8
49800,25.192,23.8
49900,25.192,23.8
50000,25.192,23.8
50100,25.192,23.8
50200,25.192,23.8
50300,25.192,23.8
50400,25.192,23.8
50500,25.192,23.8
50600,25.192,23.8
50700,25.192,23.8
50800,25.192,23.8
50900,25.192,23.8
51000,25.192,23.8
51100,25.192,23.8
51200,25.192,23.8
51300,25.192,23.8
51400,25.192,23.8
51500,25.192,23.8
51600,25.192,23.8
51700,25.192,23.8
51800,25.192,23.8
51900,25.192,23.8
52000,25.192,23.8
52100,25.192,23.8
52200,25.192,23.8
52300,25.192,23.8
52400,25.192,23.8
52500,25.192,23.8
52600,25.016000000000002,23.8
52700,25.016000000000002,23.8
52800,25.016000000000002,23.8
52900,25.016000000000002,23.8
53000,25.016000000000002,23.8
53100,25.016000000000002,23.8
53200,25.016000000000002,23.8
53300,25.016000000000002,23.8
53400,25.016000000000002,23.8
53500,25.016000000000002,23.8
53600,25.016000000000002,23.8
53700,25.016000000000002,23.8
53800,25.016000000000002,23.8
53900,25.016000000000002,23.8
54000,25.016000000000002,23.8
54100,25.016000000000002,23.8
54200,25.016000000000002,23.8
54300,25.016000000000002,23.8
54400,25.016000000000002,23.8
54500,25.016000000000002,23.8
54600,25.016000000000002,23.8
54700,25.016000000000002,23.8
54800,25.016000000000002,23.8
54900,25.016000000000002,23.8
55000,25.016000000000002,23.8
55100,25.016000000000002,23.8
55200,25.016000000000002,23.8
55300,25.016000000000002,23.8
55400,25.016000000000002,23.8
55500,25.016000000000002,23.8
55600,25.016000000000002,23.8
55700,25.016000000000002,23.8
55800,25.016000000000002,23.8
55900,25.016000000000002,23.8
56000,25.016000000000002,23.8
56100,25.016000000000002,23.8
56200,25.016000000000002,23.8
56300,25.016000000000002,23.8
56400,25.016000000000002,23.8
56500,25.016000000000002,23.8
56600,25.016000000000002,23.8
56700,25.016000000000002,23.8
56800,25.016000000000002,23.8
56900,25.016000000000002,23.8
57000,25.016000000000002,23.8
57100,25.016000000000002,23.8
57200,25.016000000000002,23.8
57300,25.016000000000002,23.8
57400,25.016000000000002,23.8
57500,25.016000000000002,23.8
57600,25.016000000000002,23.8
57700,25.016000000000002,23.8
57800,25.016000000000002,23.8
57900,25.016000000000002,23.8
58000,25.016000000000002,23.8
58100,25.016000000000002,23.8
58200,25.016000000000002,23.8
58300,25.016000000000002,23.8
58400,25.016000000000002,23.8
58500,25.016000000000002,23.8
58600,25.016000000000002,23.8
58700,25.016000000000002,23.8
58800,25.016000000000002,23.8
58900,24.576,23.8
59000,24.576,23.8
59100,24.576,23.8
59200,24.576,23.8
59300,24.576,23.8
59400,24.576,23.8
59500,24.576,23.8
59600,24.576,23.8
59700,24.576,23.8
59800,24.576,23.8
59900,24.576,23.8
60000,24.576,23.8
60100,24.368000000000002,23.8
60200,24.368000000000002,23.8
60300,24.368000000000002,23.8
60400,24.368000000000002,23.8
60500,24.368000000000002,23.8
60600,23.824,23.8
60700,23.824,23.8
60800,23.824,23.8
60900,23.824,23.8
61000,23.576,23.6
61100,23.576,23.6
61200,23.576,23.6
61300,23.576,23.6
61400,23.576,23.6
61500,23.576,23.6
61600,23.487999999999996,23.8
61700,23.487999999999996,23.8
61800,23.487999999999996,23.8
61900,23.487999999999996,23.8
62000,23.487999999999996,23.8
62100,23.487999999999996,23.8
62200,23.487999999999996,23.8
62300,23.487999999999996,23.8
62400,23.487999999999996,23.8
62500,23.487999999999996,23.8
62600,23.487999999999996,23.8
62700,23.487999999999996,23.8
62800,23.487999999999996,23.8
62900,23.487999999999996,23.8
63000,23.487999999999996,23.8
63100,23.487999999999996,23.8
63200,23.487999999999996,23.8
63300,23.487999999999996,23.8
63400,23.487999999999996,23.8
63500,23.487999999999996,23.8
63600,23.487999999999996,23.8
63700,23.487999999999996,23.8
63800,23.487999999999996,23.8
63900,23.487999999999996,23.8
64000,23.487999999999996,23.8
64100,23.487999999999996,23.8
64200,23.487999999999996,23.8
64300,23.487999999999996,23.8
64400,23.487999999999996,23.8
64500,23.487999999999996,23.8
64600,23.487999999999996,23.8
64700,23.487999999999996,23.8
64800,23.487999999999996,23.8
64900,23.487999999999996,23.8
65000,23.487999999999996,23.8
65100,23.432000000000002,23.8
65200,23.432000000000002,23.8
65300,23.432000000000002,23.8
65400,23.432000000000002,23.8
65500,23.432000000000002,23.8
65600,23.432000000000002,23.8
65700,23.432000000000002,23.8
65800,23.432000000000002,23.8
65900,23.432000000000002,23.8
66000,23.432000000000002,23.8
66100,23.432000000000002,23.8
66200,23.432000000000002,23.8
66300,23.432000000000002,23.8
66400,23.432000000000002,23.8
66500,23.432000000000002,23.8
66600,23.432000000000002,23.8
66700,23.432000000000002,23.8
66800,23.432000000000002,23.8
66900,23.432000000000002,23.8
67000,23.432000000000002,23.8
67100,23.432000000000002,23.8
67200,23.432000000000002,23.8
67300,23.432000000000002,23.8
67400,23.432000000000002,23.8
67500,23.432000000000002,23.8
67600,23.432000000000002,23.8
67700,23.432000000000002,23.8
67800,23.432000000000002,23.8
67900,23.432000000000002,23.8
68000,23.432000000000002,23.8
68100,23.432000000000002,23.8
68200,23.327999999999996,24
68300,23.327999999999996,24
68400,23.327999999999996,24
68500,23.327999999999996,24
68600,23.327999999999996,24
68700,23.327999999999996,24
68800,23.327999999999996,24
68900,23.327999999999996,24
69000,23.327999999999996,24
69100,23.327999999999996,24
69200,23.327999999999996,24
69300,23.327999999999996,24
69400,23.327999999999996,24
69500,23.327999999999996,24
69600,23.327999999999996,24
69700,23.327999999999996,24
69800,23.327999999999996,24
69900,23.327999999999996,24
70000,23.327999999999996,24
70100,23.327999999999996,24
70200,23.327999999999996,24
70300,23.327999999999996,24
70400,23.232,24
70500,23.232,24
70600,23.232,24
70700,23.232,24
70800,23.232,24
70900,23.232,24
71000,23.232,24
71100,23.232,24
71200,23.232,24
71300,23.232,24
71400,23.232,24
71500,23.096,24
71600,23.096,24
71700,23.096,24
71800,23.096,24
71900,23.096,24
72000,23.096,24
72100,23.096,24
72200,23.096,24
72300,23.096,24
72400,23.096,24
72500,23.096,24
72600,23.096,24
72700,23.096,24
72800,23.096,24
72900,23.096,24
73000,23.096,24
73100,23.096,24
73200,23.096,24
73300,23.096,24
73400,23.096,24
73500,23.096,24
73600,23.096,24
73700,23.096,24
73800,23.096,24
73900,23.096,24
74000,23.096,24
74100,23.096,24
74200,23.096,24
74300,23.096,24
74400,23.096,24
74500,23.096,24
74600,23.096,24
74700,23.096,24
74800,23.096,24
74900,23.096,24
75000,23.096,24
75100,23.096,24
75200,23.096,24
75300,23.096,24
75400,23.096,24
75500,23.096,24
75600,23.096,24
75700,23.096,24
75800,23.096,24
75900,23.096,24
76000,23.096,24
76100,23.096,24
76200,23.096,24
76300,23.096,24
76400,23.096,24
76500,23.096,24
76600,23.096,24
76700,23.096,24
76800,23.096,24
76900,23.096,24
77000,23.096,24
77100,23.096,24
77200,23.096,24
77300,23.096,24
77400,23.096,24
77500,23.096,24
77600,23.096,24
77700,23.096,24
77800,22.896,24
77900,22.896,24
78000,22.896,24
78100,22.896,24
78200,22.896,24
78300,22.896,24
78400,22.896,24
78500,22.896,24
78600,22.896,24
78700,22.896,24
78800,22.896,24
78900,22.896,24
79000,22.896,24
79100,22.896,24
79200,22.896,24
79300,22.896,24
79400,22.896,24
79500,22.896,24
79600,22.896,24
79700,22.896,24
79800,22.896,24
79900,22.896,24
80000,22.896,24
80100,22.896,24
80200,22.896,24
80300,22.896,24
80400,22.896,24
80500,22.896,24
80600,22.896,24
80700,22.896,24
80800,22.896,24
80900,22.896,24
81000,22.896,24
81100,22.896,24
81200,22.896,24
81300,22.896,24
81400,22.896,24
81500,22.896,24
81600,22.896,24
81700,22.896,24
81800,22.896,24
81900,22.896,24
82000,22.896,24
82100,22.896,24
82200,22.896,24
82300,22.896,24
82400,22.896,24
82500,22.896,24
82600,22.896,24
82700,22.896,24
82800,22.896,24
82900,22.896,24
83000,22.896,24
83100,22.896,24
83200,22.832,24
83300,22.432,24
83400,22.432,24
83500,22.432,24
83600,22.432,24
83700,22.432,24
83800,22.432,24
83900,22.432,24
84000,22.432,24
84100,22.432,24
84200,22.432,24
84300,22.432,24
84400,22.432,24
84500,22.432,24
84600,22.432,24
84700,22.432,24
84800,22.432,24
84900,22.432,24
85000,22.432,24
85100,22.432,24
85200,22.432,24
85300,22.432,24
85400,22.432,24
85500,22.376000000000005,24
85600,22.296,24
85700,22.296,24
85800,22.296,24
85900,22.296,24
86000,22.296,24
86100,22.296,24
86200,22.296,24
86300,22.296,24
86400,22.296,24
86500,22.296,24
86600,22.296,24
86700,22.296,24
86800,22.296,24
86900,22.296,24
87000,22.296,24
87100,22.296,24
87200,22.296,24
87300,22.296,24
87400,22.296,24
87500,22.296,24
87600,22.296,24
87700,22.296,24
87800,22.296,24
87900,22.296,24
88000,22.296,24
88100,22.296,24
88200,22.296,24
88300,22.296,24
88400,22.296,24
88500,22.296,24
88600,22.296,24
88700,22.296,24
88800,22.296,24
88900,22.296,24
89000,22.296,24
89100,22.296,24
89200,22.296,24
89300,22.296,24
89400,22.296,24
89500,22.296,24
89600,22.296,24
89700,22.296,24
89800,22.296,24
89900,22.296,24
90000,22.296,24
90100,22.296,24
90200,22.296,24
90300,22.296,24
90400,22.296,24
90500,22.296,24
90600,22.296,24
90700,22.296,24
90800,22.296,24
90900,22.296,24
91000,22.296,24
91100,22.296,24
91200,22.296,24
91300,22.296,24
91400,22.296,24
91500,22.296,24
91600,22.296,24
91700,22.296,24
91800,22.296,24
91900,22.296,24
92000,22.296,24
92100,22.296,24
92200,22.128,24
92300,22.128,24
92400,22.128,24
92500,22.128,24
92600,22.128,24
92700,22.128,24
92800,22.128,24
92900,22.128,24
93000,22.128,24
93100,22.128,24
93200,22.128,24
93300,22.128,24
93400,22.128,24
93500,22.128,24
93600,22.128,24
93700,22.128,24
93800,22.128,24
93900,22.128,24
94000,22.128,24
94100,22.128,24
94200,22.128,24
94300,22.128,24
94400,22.128,24
94500,22.128,24
94600,22.128,24
94700,22.128,24
94800,22.128,24
94900,22.128,24
95000,22.128,24
95100,22.128,24
95200,22.128,24
95300,22.128,24
95400,22.128,24
95500,22.128,24
95600,22.128,24
95700,22.128,24
95800,22.128,24
95900,22.128,24
96000,22.128,24
96100,22.128,24
96200,22.128,24
96300,22.128,24
96400,22.128,24
96500,22.128,24
96600,22.128,24
96700,22.128,24
96800,22.128,24
96900,22.128,24
97000,22.128,24
97100,22.128,24
97200,22.128,24
97300,22.128,24
97400,22.128,24
97500,22.128,24
97600,22.128,24
97700,22.128,24
97800,21.768,24
97900,21.768,24
98000,21.768,24
98100,21.768,24
98200,21.768,24
98300,21.768,24
98400,21.768,24
98500,21.768,24
98600,21.768,24
98700,21.768,24
98800,21.768,24
98900,21.768,24
99000,21.768,24
99100,21.768,24
99200,21.768,24
99300,21.768,24
99400,21.56,24
99500,21.56,24
99600,21.56,24
99700,21.56,24
99800,21.56,24
99900,21.56,24
99999,21.56,24

START ALGORITHM
h2: (a41) * (b52)
h6: (a33) * (b21 - b54 - b14)
h11: (-a11) * (b31 + b12)
h14: (-a22) * (-b41)
h15: (-a54) * (b54 + b34 - b25)
h17: (a21 - a51) * (b51 + b22 + b25 + b11 - b45 - b33 - b23 - b34)
h18: (-a33) * (b25 + b32 + b52 - b54 - b51 - b35)
h19: (-a51) * (-b11)
h21: (a21) * (b43)
h22: (-a54) * (b25 - b13 - b23 - b53)
h24: (a33 - a31) * (b33 - b24 - b34)
h27: (-a34) * (b55 + b14 + b41 - b24 - b24 - b25 - b21)
h30: (-a34) * (b52 + b53 - b51 - b24)
h33: (a43 - a12) * (b24 - b22)
h34: (a55) * (-b11 - b15)
h43: (-a34) * (-b53)
h53: (-a15 - a43) * (b35)
h56: (a21) * (b34 + b12 - b11)
h60: (-a14) * (b33)
h63: (-a15) * (b44 + b41 + b12 + b32 + b35 - b14 - b33 - b53 - b35)
h66: (-a42 - a25) * (b24 - b25 - b12)
h68: (a13) * (b35 + b42 - b22)
h92: (a31) * (-b34)
h98: (-a51) * (b35 - b55 - b43 - b53 - b42)
h101: (a51) * (-b52)
h107: (a13) * (b11)
h115: (a14) * (b23 + b15 - b32)
h118: (a23) * (b51 + b41 + b54 - b25)
h121: (-a35) * (b34 + b53 - b31)
h124: (a14 - a43) * (b44)
h125: (-a12) * (b55 + b34 - b33 - b15)
h133: (-a15) * (b32)
h138: (-a45) * (b11)
h147: (-a14) * (b45 + b23 + b43 + b45 - b25)
h150: (a53) * (-b53)
h153: (-a51) * (b25 - b13)
h155: (-a55) * (b11 + b41 - b31)
h158: (-a25) * (-b22 - b43)
h169: (-a41) * (b43 + b45)
h175: (a11) * (b33)
h216: (-a32) * (b31 + b14 + b42 - b51 - b54 - b51 - b54 - b43 - b23)
h221: (-a51) * (-b33)
h227: (a42) * (b31 - b22)
h262: (-a23) * (b23 - b53 - b22)
h264: (a15) * (-b54)
h296: (a51) * (b13)
h305: (a24) * (-b24 - b45 - b12 - b43 - b11)
h401: (a35) * (b21)
h402: (-a34) * (b15)
h420: (-a14) * (b35 + b53 - b55)
h441: (-a24) * (b35 + b33)
h589: (a54) * (b31)
h696: (-a43) * (b15 + b12 + b53 + b45 + b25 - b25 - b52)
h716: (-a34) * (b25)
h1260: (a54) * (b43 + b23 + b15 + b21 - b42)
h1780: (a53 - a42) * (b53 + b53 - b21 - b13)
h1852: (a24) * (-b53)
h2021: (a45 + a25) * (b31 + b51 - b52)
h2147: (a35 - a14 - a43) * (b35)
h2654: (a31 + a13) * (-b52)
h3957: (-a44) * (b45 + b53 - b45)
h3996: (a52 + a25) * (-b44 - b43 - b21 - b45)
h5348: (a34 - a13) * (-b24)
h6977: (a12) * (b14 - b22)
h7626: (a22) * (-b32)
h8229: (a23) * (-b21 - b52)
h8230: (a34) * (-b35)
h13482: (a33) * (b33 + b11 + b24 + b11 + b24 - b45 - b41 - b24)
h22097: (-a54) * (b41 + b33 + b21 + b34 - b11 - b43)
h22503: (-a24) * (-b55)
h22876: (a24) * (b42 - b23)
h26402: (-a34) * (-b51)
h26793: (a22) * (b54)
h29201: (-a21) * (-b15)
h34648: (a34) * (b42 + b52)
c11: h121 + h175 + h262 + h2 - h43 - h158 - h401 - h22097 
c12: h33 + h22 + h34648 - h21 - h138 
c13: h118 + h115 + h56 + h68 + h53 + h221 + h305 + h296 + h147 - h101 - h66 
c14: h24 + h27 + h696 + h716 - h11 - h125 - h1260 
c15: h24 + h63 - h101 
c21: h33 + h169 + h26402 + h26402 
c22: h22 + h2147 - h124 - h8229 - h8230 
c23: h101 + h150 - h1780 - h13482 
c24: h56 + h34 - h18 - h6977 
c25: h18 + h30 + h124 
c31: h98 + h158 - h29201 
c32: h68 + h216 + h264 + h107 + h118 
c33: h589 + h441 - h6 
c34: h15 + h5348 - h2021 
c35: h6 + h147 + h19 + h150 + h30 + h133 + h26793 - h60 
c41: h441 + h175 - h14 - h34 
c42: h92 + h17 + h227 + h26793 + h27 
c43: h2147 - h296 - h2654 
c44: h115 + h133 + h22876 
c45: h98 + h7626 - h19 - h22503 
c51: h153 + h5348 
c52: h22 + h21 + h125 + h264 
c53: h27 + h1852 
c54: h22 + h589 + h3996 - h155 - h3957 
c55: h420 - h63 - h402 
