0,156.84,25
100,115.44000000000001,24.8
200,93.968,25
300,87.344,25
400,80.88000000000001,24.6
500,73.24000000000001,24.8
600,70.104,24.6
700,66.264,24.6
800,65.872,24.6
900,62.144000000000005,24.2
1000,60.19199999999999,24
1100,59.128,24
1200,58.888,24.2
1300,57.136,24.2
1400,57.112,24.2
1500,54.839999999999996,24.2
1600,54.688,24.4
1700,54.36,24.4
1800,52.152,24.4
1900,52.08,24.4
2000,51.48,24.4
2100,51.48,24.4
2200,51.272000000000006,24.4
2300,51.152,24.4
2400,49.928,24.2
2500,49.928,24.2
2600,49.208000000000006,24.2
2700,47.76,24.4
2800,47.376,24.4
2900,46.128,24.6
3000,46,24.6
3100,46,24.6
3200,46,24.6
3300,46,24.6
3400,45.856,24.6
3500,45.856,24.6
3600,45.592,24.6
3700,45.144,24.6
3800,45.144,24.6
3900,44.616,24.4
4000,44.592,24.4
4100,44,24.4
4200,43.28,24.4
4300,43,24.4
4400,43,24.4
4500,43,24.4
4600,43,24.4
4700,43,24.4
4800,43,24.4
4900,42.775999999999996,24.4
5000,42.775999999999996,24.4
5100,42.775999999999996,24.4
5200,42.775999999999996,24.4
5300,42.775999999999996,24.4
5400,42.775999999999996,24.4
5500,42.775999999999996,24.4
5600,42.775999999999996,24.4
5700,42.775999999999996,24.4
5800,42.775999999999996,24.4
5900,42.775999999999996,24.4
6000,42.76,24.4
6100,42.552,24.4
6200,41.968,24.4
6300,41.968,24.4
6400,41.968,24.4
6500,41.968,24.4
6600,41.968,24.4
6700,41.968,24.4
6800,41.968,24.4
6900,41.968,24.4
7000,41.968,24.4
7100,41.968,24.4
7200,41.968,24.4
7300,41.968,24.4
7400,41.968,24.4
7500,41.968,24.4
7600,41.968,24.4
7700,41.968,24.4
7800,41.968,24.4
7900,41.968,24.4
8000,41.968,24.4
8100,41.216,24.4
8200,41.216,24.4
8300,41.216,24.4
8400,41.216,24.4
8500,41.216,24.4
8600,41.216,24.4
8700,40.544,24.4
8800,40.544,24.4
8900,40.544,24.4
9000,40.544,24.4
9100,40.544,24.4
9200,40.544,24.4
9300,40.544,24.4
9400,40.544,24.4
9500,40.544,24.4
9600,40.544,24.4
9700,40.544,24.4
9800,40.544,24.4
9900,40.544,24.4
10000,40.544,24.4
10100,40.544,24.4
10200,40.544,24.4
10300,40.544,24.4
10400,40.528000000000006,24.4
10500,40.232,24.4
10600,40.232,24.4
10700,40.232,24.4
10800,40.232,24.4
10900,39.664,24.4
11000,39.544,24.4
11100,39.544,24.4
11200,39.544,24.4
11300,39.544,24.4
11400,39.544,24.4
11500,39.544,24.4
11600,39.544,24.4
11700,39.544,24.4
11800,39.544,24.4
11900,39.544,24.4
12000,39.544,24.4
12100,39.544,24.4
12200,39.544,24.4
12300,39.544,24.4
12400,38.896,24.4
12500,38.896,24.4
12600,38.896,24.4
12700,38.896,24.4
12800,38.896,24.4
12900,38.896,24.4
13000,38.896,24.4
13100,38.896,24.4
13200,38.896,24.4
13300,38.896,24.4
13400,38.896,24.4
13500,38.896,24.4
13600,38.896,24.4
13700,38.896,24.4
13800,38.896,24.4
13900,38.896,24.4
14000,38.896,24.4
14100,38.896,24.4
14200,38.896,24.4
14300,38.896,24.4
14400,38.896,24.4
14500,38.896,24.4
14600,38.896,24.4
14700,38.896,24.4
14800,38.896,24.4
14900,38.896,24.4
15000,38.896,24.4
15100,38.896,24.4
15200,38.896,24.4
15300,38.896,24.4
15400,38.896,24.4
15500,38.896,24.4
15600,38.896,24.4
15700,38.896,24.4
15800,38.896,24.4
15900,38.896,24.4
16000,38.83200000000001,24.4
16100,38.83200000000001,24.4
16200,38.83200000000001,24.4
16300,38.83200000000001,24.4
16400,38.83200000000001,24.4
16500,38.83200000000001,24.4
16600,38.83200000000001,24.4
16700,38.83200000000001,24.4
16800,38.83200000000001,24.4
16900,38.83200000000001,24.4
17000,38.504000000000005,24.4
17100,38.504000000000005,24.4
17200,38.504000000000005,24.4
17300,38.504000000000005,24.4
17400,38.504000000000005,24.4
17500,38.504000000000005,24.4
17600,38.504000000000005,24.4
17700,38.504000000000005,24.4
17800,38.504000000000005,24.4
17900,38.504000000000005,24.4
18000,38.504000000000005,24.4
18100,38.504000000000005,24.4
18200,38.504000000000005,24.4
18300,38.504000000000005,24.4
18400,38.504000000000005,24.4
18500,38.504000000000005,24.4
18600,38.504000000000005,24.4
18700,38.504000000000005,24.4
18800,38.504000000000005,24.4
18900,38.336,24.4
19000,38.336,24.4
19100,37.488,24.6
19200,37.488,24.6
19300,37.488,24.6
19400,37.488,24.6
19500,37.488,24.6
19600,37.488,24.6
19700,37.488,24.6
19800,37.488,24.6
19900,37.488,24.6
20000,37.488,24.6
20100,37.488,24.6
20200,37.488,24.6
20300,37.488,24.6
20400,37.32,24.6
20500,37.32,24.6
20600,37.32,24.6
20700,37.32,24.6
20800,37.32,24.6
20900,37.32,24.6
21000,37.32,24.6
21100,37.32,24.6
21200,37.32,24.6
21300,37.32,24.6
21400,37.32,24.6
21500,37.32,24.6
21600,37.32,24.6
21700,37.32,24.6
21800,35.096,24.6
21900,35.096,24.6
22000,35.096,24.6
22100,35.096,24.6
22200,35.096,24.6
22300,35.096,24.6
22400,35.096,24.6
22500,35.096,24.6
22600,35.096,24.6
22700,35.096,24.6
22800,35.096,24.6
22900,35.096,24.6
23000,35.096,24.6
23100,35.096,24.6
23200,35.096,24.6
23300,35.096,24.6
23400,35.096,24.6
23500,34.792,24.6
23600,34.792,24.6
23700,34.792,24.6
23800,34.792,24.6
23900,34.792,24.6
24000,34.792,24.6
24100,34.792,24.6
24200,34.792,24.6
24300,34.032,24.4
24400,34.007999999999996,24.4
24500,34.007999999999996,24.4
24600,34.007999999999996,24.4
24700,34.007999999999996,24.4
24800,34.007999999999996,24.4
24900,34.007999999999996,24.4
25000,34.007999999999996,24.4
25100,34.007999999999996,24.4
25200,34.007999999999996,24.4
25300,34.007999999999996,24.4
25400,34.007999999999996,24.4
25500,34.007999999999996,24.4
25600,34.007999999999996,24.4
25700,34.007999999999996,24.4
25800,34.007999999999996,24.4
25900,34.007999999999996,24.4
26000,34.007999999999996,24.4
26100,34.007999999999996,24.4
26200,34.007999999999996,24.4
26300,34.007999999999996,24.4
26400,34.007999999999996,24.4
26500,34.007999999999996,24.4
26600,34.007999999999996,24.4
26700,34.007999999999996,24.4
26800,34.007999999999996,24.4
26900,34.007999999999996,24.4
27000,34.007999999999996,24.4
27100,34.007999999999996,24.4
27200,34.007999999999996,24.4
27300,34.007999999999996,24.4
27400,33.928,24
27500,33.928,24
27600,33.928,24
27700,33.928,24
27800,33.928,24
27900,33.928,24
28000,33.928,24
28100,33.928,24
28200,33.928,24
28300,33.928,24
28400,33.928,24
28500,33.928,24
28600,33.928,24
28700,33.928,24
28800,33.928,24
28900,33.928,24
29000,33.928,24
29100,33.928,24
29200,33.928,24
29300,33.928,24
29400,33.928,24
29500,33.928,24
29600,33.928,24
29700,33.928,24
29800,32.992000000000004,24
29900,32.992000000000004,24
30000,32.992000000000004,24
30100,32.992000000000004,24
30200,32.992000000000004,24
30300,32.992000000000004,24
30400,32.992000000000004,24
30500,32.992000000000004,24
30600,32.992000000000004,24
30700,32.992000000000004,24
30800,32.992000000000004,24
30900,32.992000000000004,24
31000,32.992000000000004,24
31100,32.992000000000004,24
31200,32.992000000000004,24
31300,32.992000000000004,24
31400,32.992000000000004,24
31500,32.992000000000004,24
31600,32.992000000000004,24
31700,32.992000000000004,24
31800,32.992000000000004,24
31900,32.992000000000004,24
32000,32.992000000000004,24
32100,32.992000000000004,24
32200,32.992000000000004,24
32300,32.992000000000004,24
32400,32.992000000000004,24
32500,32.992000000000004,24
32600,32.992000000000004,24
32700,32.992000000000004,24
32800,32.992000000000004,24
32900,32.992000000000004,24
33000,32.992000000000004,24
33100,32.992000000000004,24
33200,32.992000000000004,24
33300,32.992000000000004,24
33400,32.992000000000004,24
33500,32.992000000000004,24
33600,32.992000000000004,24
33700,32.992000000000004,24
33800,32.992000000000004,24
33900,32.992000000000004,24
34000,32.992000000000004,24
34100,32.992000000000004,24
34200,32.992000000000004,24
34300,32.992000000000004,24
34400,32.992000000000004,24
34500,32.992000000000004,24
34600,32.992000000000004,24
34700,32.992000000000004,24
34800,32.992000000000004,24
34900,32.992000000000004,24
35000,32.992000000000004,24
35100,32.992000000000004,24
35200,32.992000000000004,24
35300,32.992000000000004,24
35400,32.992000000000004,24
35500,32.944,24
35600,32.944,24
35700,32.944,24
35800,32.944,24
35900,32.944,24
36000,32.944,24
36100,32.944,24
36200,32.944,24
36300,32.944,24
36400,32.944,24
36500,32.944,24
36600,32.944,24
36700,32.944,24
36800,32.944,24
36900,32.944,24
37000,32.944,24
37100,32.944,24
37200,32.944,24
37300,32.944,24
37400,32.944,24
37500,32.944,24
37600,32.944,24
37700,32.944,24
37800,32.944,24
37900,32.944,24
38000,32.944,24
38100,32.944,24
38200,32.944,24
38300,32.944,24
38400,32.944,24
38500,32.944,24
38600,32.944,24
38700,32.944,24
38800,32.44,24.4
38900,32.44,24.4
39000,31.855999999999995,24.4
39100,31.855999999999995,24.4
39200,31.855999999999995,24.4
39300,31.855999999999995,24.4
39400,31.855999999999995,24.4
39500,31.855999999999995,24.4
39600,31.855999999999995,24.4
39700,31.855999999999995,24.4
39800,31.855999999999995,24.4
39900,31.855999999999995,24.4
40000,31.855999999999995,24.4
40100,31.855999999999995,24.4
40200,31.855999999999995,24.4
40300,31.855999999999995,24.4
40400,31.855999999999995,24.4
40500,31.855999999999995,24.4
40600,31.855999999999995,24.4
40700,31.855999999999995,24.4
40800,31.855999999999995,24.4
40900,31.855999999999995,24.4
41000,31.855999999999995,24.4
41100,31.855999999999995,24.4
41200,31.855999999999995,24.4
41300,31.855999999999995,24.4
41400,31.855999999999995,24.4
41500,31.855999999999995,24.4
41600,31.855999999999995,24.4
41700,31.855999999999995,24.4
41800,31.855999999999995,24.4
41900,31.855999999999995,24.4
42000,31.855999999999995,24.4
42100,31.855999999999995,24.4
42200,31.855999999999995,24.4
42300,31.855999999999995,24.4
42400,31.855999999999995,24.4
42500,31.855999999999995,24.4
42600,31.855999999999995,24.4
42700,31.855999999999995,24.4
42800,31.855999999999995,24.4
42900,31.855999999999995,24.4
43000,31.855999999999995,24.4
43100,31.855999999999995,24.4
43200,31.855999999999995,24.4
43300,31.855999999999995,24.4
43400,31.855999999999995,24.4
43500,31.855999999999995,24.4
43600,31.855999999999995,24.4
43700,31.68,24.6
43800,31.68,24.6
43900,31.448,24.6
44000,31.448,24.6
44100,31.448,24.6
44200,31.448,24.6
44300,31.448,24.6
44400,31.448,24.6
44500,31.448,24.6
44600,31.448,24.6
44700,31.448,24.6
44800,31.448,24.6
44900,31.448,24.6
45000,31.448,24.6
45100,31.448,24.6
45200,31.448,24.6
45300,31.448,24.6
45400,31.448,24.6
45500,31.448,24.6
45600,31.448,24.6
45700,31.448,24.6
45800,31.448,24.6
45900,31.448,24.6
46000,31.448,24.6
46100,31.448,24.6
46200,31.448,24.6
46300,31.448,24.6
46400,31.448,24.6
46500,31.448,24.6
46600,31.448,24.6
46700,31.448,24.6
46800,31.448,24.6
46900,31.448,24.6
47000,31.448,24.6
47100,31.448,24.6
47200,31.448,24.6
47300,31.448,24.6
47400,31.448,24.6
47500,31.448,24.6
47600,31.448,24.6
47700,31.448,24.6
47800,31.448,24.6
47900,30.423999999999996,24.6
48000,30.423999999999996,24.6
48100,30.423999999999996,24.6
48200,30.423999999999996,24.6
48300,30.423999999999996,24.6
48400,30.423999999999996,24.6
48500,30.423999999999996,24.6
48600,30.423999999999996,24.6
48700,30.423999999999996,24.6
48800,30.423999999999996,24.6
48900,30.423999999999996,24.6
49000,30.423999999999996,24.6
49100,30.423999999999996,24.6
49200,30.423999999999996,24.6
49300,30.423999999999996,24.6
49400,30.423999999999996,24.6
49500,30.423999999999996,24.6
49600,30.423999999999996,24.6
49700,30.28,24.6
49800,30.28,24.6
49900,30.28,24.6
50000,30.28,24.6
50100,30.28,24.6
50200,30.28,24.6
50300,30.28,24.6
50400,30.28,24.6
50500,30.28,24.6
50600,30.28,24.6
50700,30.28,24.6
50800,30.28,24.6
50900,30.28,24.6
51000,30.28,24.6
51100,30.28,24.6
51200,30.28,24.6
51300,30.28,24.6
51400,30.28,24.6
51500,30.28,24.6
51600,30.28,24.6
51700,30.28,24.6
51800,30.28,24.6
51900,30.28,24.6
52000,30.28,24.6
52100,30.28,24.6
52200,30.28,24.6
52300,30.28,24.6
52400,30.28,24.6
52500,30.28,24.6
52600,30.28,24.6
52700,30.28,24.6
52800,30.28,24.6
52900,30.28,24.6
53000,30.28,24.6
53100,30.28,24.6
53200,30.28,24.6
53300,30.28,24.6
53400,30.28,24.6
53500,30.28,24.6
53600,30.28,24.6
53700,30.28,24.6
53800,30.28,24.6
53900,30.28,24.6
54000,30.28,24.6
54100,30.28,24.6
54200,30.28,24.6
54300,30.28,24.6
54400,30.28,24.6
54500,30.28,24.6
54600,30.28,24.6
54700,30.28,24.6
54800,30.28,24.6
54900,30.28,24.6
55000,30.28,24.6
55100,30.28,24.6
55200,30.28,24.6
55300,30.28,24.6
55400,30.28,24.6
55500,30.28,24.6
55600,30.28,24.6
55700,30.28,24.6
55800,30.28,24.6
55900,30.28,24.6
56000,30.28,24.6
56100,30.28,24.6
56200,30.28,24.6
56300,30.28,24.6
56400,30.28,24.6
56500,30.28,24.6
56600,30.28,24.6
56700,30.28,24.6
56800,30.28,24.6
56900,30.28,24.6
57000,30.28,24.6
57100,30.28,24.6
57200,30.28,24.6
57300,30.28,24.6
57400,30.28,24.6
57500,30.28,24.6
57600,30.28,24.6
57700,30.28,24.6
57800,30.28,24.6
57900,30.28,24.6
58000,30.28,24.6
58100,30.28,24.6
58200,30.28,24.6
58300,30.28,24.6
58400,30.28,24.6
58500,30.28,24.6
58600,30.28,24.6
58700,30.28,24.6
58800,30.28,24.6
58900,30.28,24.6
59000,30.28,24.6
59100,30.28,24.6
59200,30.28,24.6
59300,30.28,24.6
59400,30.28,24.6
59500,30.28,24.6
59600,30.28,24.6
59700,30.28,24.6
59800,30.28,24.6
59900,30.28,24.6
60000,30.28,24.6
60100,30.28,24.6
60200,30.28,24.6
60300,30.28,24.6
60400,30.28,24.6
60500,30.28,24.6
60600,30.28,24.6
60700,30.28,24.6
60800,30.28,24.6
60900,30.28,24.6
61000,30.28,24.6
61100,30.28,24.6
61200,30.28,24.6
61300,30.28,24.6
61400,30.28,24.6
61500,30.28,24.6
61600,30.28,24.6
61700,30.28,24.6
61800,30.28,24.6
61900,30.28,24.6
62000,30.28,24.6
62100,30.28,24.6
62200,30.28,24.6
62300,30.28,24.6
62400,30.28,24.6
62500,30.28,24.6
62600,30.28,24.6
62700,30.28,24.6
62800,30.28,24.6
62900,30.28,24.6
63000,30.28,24.6
63100,30.28,24.6
63200,30.28,24.6
63300,30.28,24.6
63400,30.28,24.6
63500,30.28,24.6
63600,30.28,24.6
63700,30.28,24.6
63800,30.28,24.6
63900,30.28,24.6
64000,30.28,24.6
64100,30.28,24.6
64200,30.032,24.6
64300,30.032,24.6
64400,30.032,24.6
64500,30.032,24.6
64600,30.032,24.6
64700,30.032,24.6
64800,30.032,24.6
64900,30.032,24.6
65000,30.032,24.6
65100,30.032,24.6
65200,30.032,24.6
65300,30.032,24.6
65400,30.032,24.6
65500,30.032,24.6
65600,30.032,24.6
65700,30.032,24.6
65800,30.032,24.6
65900,30.032,24.6
66000,30.032,24.6
66100,30.032,24.6
66200,30.032,24.6
66300,30.032,24.6
66400,30.032,24.6
66500,30.032,24.6
66600,30.032,24.6
66700,30.032,24.6
66800,30.032,24.6
66900,30.032,24.6
67000,30.032,24.6
67100,30.032,24.6
67200,30.032,24.6
67300,30.032,24.6
67400,29.927999999999997,24.4
67500,29.927999999999997,24.4
67600,29.927999999999997,24.4
67700,29.927999999999997,24.4
67800,29.927999999999997,24.4
67900,29.927999999999997,24.4
68000,29.927999999999997,24.4
68100,29.927999999999997,24.4
68200,29.927999999999997,24.4
68300,29.927999999999997,24.4
68400,29.927999999999997,24.4
68500,29.927999999999997,24.4
68600,29.927999999999997,24.4
68700,29.927999999999997,24.4
68800,29.927999999999997,24.4
68900,29.927999999999997,24.4
69000,29.927999999999997,24.4
69100,29.927999999999997,24.4
69200,29.927999999999997,24.4
69300,29.927999999999997,24.4
69400,29.927999999999997,24.4
69500,29.927999999999997,24.4
69600,29.927999999999997,24.4
69700,29.927999999999997,24.4
69800,29.927999999999997,24.4
69900,29.927999999999997,24.4
70000,29.927999999999997,24.4
70100,29.927999999999997,24.4
70200,29.927999999999997,24.4
70300,29.927999999999997,24.4
70400,29.927999999999997,24.4
70500,29.927999999999997,24.4
70600,29.927999999999997,24.4
70700,29.927999999999997,24.4
70800,29.927999999999997,24.4
70900,29.887999999999998,24.4
71000,29.887999999999998,24.4
71100,29.887999999999998,24.4
71200,29.24,24.4
71300,28.895999999999997,24.4
71400,28.895999999999997,24.4
71500,28.895999999999997,24.4
71600,28.895999999999997,24.4
71700,28.895999999999997,24.4
71800,28.895999999999997,24.4
71900,28.895999999999997,24.4
72000,28.895999999999997,24.4
72100,28.895999999999997,24.4
72200,28.895999999999997,24.4
72300,28.895999999999997,24.4
72400,28.895999999999997,24.4
72500,28.895999999999997,24.4
72600,28.895999999999997,24.4
72700,28.895999999999997,24.4
72800,28.895999999999997,24.4
72900,28.895999999999997,24.4
73000,28.895999999999997,24.4
73100,28.895999999999997,24.4
73200,28.895999999999997,24.4
73300,28.895999999999997,24.4
73400,28.895999999999997,24.4
73500,28.895999999999997,24.4
73600,28.895999999999997,24.4
73700,28.895999999999997,24.4
73800,28.895999999999997,24.4
73900,28.895999999999997,24.4
74000,28.895999999999997,24.4
74100,28.895999999999997,24.4
74200,28.895999999999997,24.4
74300,28.752000000000002,24.4
74400,28.752000000000002,24.4
74500,28.752000000000002,24.4
74600,28.752000000000002,24.4
74700,28.752000000000002,24.4
74800,28.752000000000002,24.4
74900,28.752000000000002,24.4
75000,28.752000000000002,24.4
75100,28.752000000000002,24.4
75200,28.752000000000002,24.4
75300,28.752000000000002,24.4
75400,28.752000000000002,24.4
75500,28.752000000000002,24.4
75600,28.752000000000002,24.4
75700,28.752000000000002,24.4
75800,28.752000000000002,24.4
75900,28.752000000000002,24.4
76000,28.752000000000002,24.4
76100,28.752000000000002,24.4
76200,28.752000000000002,24.4
76300,28.424,24.4
76400,28.424,24.4
76500,28.424,24.4
76600,28.424,24.4
76700,28.424,24.4
76800,28.424,24.4
76900,28.424,24.4
77000,28.424,24.4
77100,28.424,24.4
77200,28.424,24.4
77300,28.424,24.4
77400,28.424,24.4
77500,28.424,24.4
77600,28.424,24.4
77700,28.424,24.4
77800,28.424,24.4
77900,28.424,24.4
78000,28.424,24.4
78100,28.424,24.4
78200,28.424,24.4
78300,28.424,24.4
78400,28.424,24.4
78500,28.424,24.4
78600,28.424,24.4
78700,28.424,24.4
78800,28.424,24.4
78900,28.424,24.4
79000,28.424,24.4
79100,28.424,24.4
79200,28.424,24.4
79300,28.424,24.4
79400,28.424,24.4
79500,28.424,24.4
79600,28.424,24.4
79700,28.424,24.4
79800,28.424,24.4
79900,28.424,24.4
80000,28.424,24.4
80100,28.424,24.4
80200,28.424,24.4
80300,28.424,24.4
80400,28.424,24.4
80500,28.424,24.4
80600,28.424,24.4
80700,28.424,24.4
80800,28.424,24.4
80900,28.424,24.4
81000,28.424,24.4
81100,28.424,24.4
81200,28.424,24.4
81300,28.424,24.4
81400,28.424,24.4
81500,28.424,24.4
81600,28.424,24.4
81700,28.424,24.4
81800,28.424,24.4
81900,28.424,24.4
82000,28.424,24.4
82100,28.424,24.4
82200,28.144,24.4
82300,28.144,24.4
82400,27.832,24.4
82500,27.832,24.4
82600,27.832,24.4
82700,27.832,24.4
82800,27.832,24.4
82900,27.832,24.4
83000,27.832,24.4
83100,27.832,24.4
83200,27.832,24.4
83300,27.832,24.4
83400,27.832,24.4
83500,27.832,24.4
83600,27.832,24.4
83700,27.832,24.4
83800,27.727999999999998,24.2
83900,27.727999999999998,24.2
84000,27.727999999999998,24.2
84100,27.727999999999998,24.2
84200,27.727999999999998,24.2
84300,27.727999999999998,24.2
84400,27.727999999999998,24.2
84500,27.727999999999998,24.2
84600,27.727999999999998,24.2
84700,27.727999999999998,24.2
84800,27.727999999999998,24.2
84900,27.727999999999998,24.2
85000,27.727999999999998,24.2
85100,27.727999999999998,24.2
85200,27.727999999999998,24.2
85300,27.727999999999998,24.2
85400,27.727999999999998,24.2
85500,27.727999999999998,24.2
85600,27.727999999999998,24.2
85700,27.727999999999998,24.2
85800,27.727999999999998,24.2
85900,27.727999999999998,24.2
86000,27.727999999999998,24.2
86100,27.727999999999998,24.2
86200,27.727999999999998,24.2
86300,27.727999999999998,24.2
86400,27.727999999999998,24.2
86500,27.727999999999998,24.2
86600,27.727999999999998,24.2
86700,27.727999999999998,24.2
86800,27.727999999999998,24.2
86900,27.727999999999998,24.2
87000,27.727999999999998,24.2
87100,27.727999999999998,24.2
87200,27.727999999999998,24.2
87300,27.727999999999998,24.2
87400,27.727999999999998,24.2
87500,27.727999999999998,24.2
87600,27.727999999999998,24.2
87700,27.727999999999998,24.2
87800,27.727999999999998,24.2
87900,27.727999999999998,24.2
88000,27.727999999999998,24.2
88100,27.727999999999998,24.2
88200,27.727999999999998,24.2
88300,27.727999999999998,24.2
88400,27.727999999999998,24.2
88500,27.727999999999998,24.2
88600,27.727999999999998,24.2
88700,27.727999999999998,24.2
88800,27.727999999999998,24.2
88900,27.727999999999998,24.2
89000,27.727999999999998,24.2
89100,27.568,24.2
89200,27.568,24.2
89300,27.568,24.2
89400,27.568,24.2
89500,27.568,24.2
89600,27.568,24.2
89700,27.568,24.2
89800,27.568,24.2
89900,27.568,24.2
90000,27.544,24
90100,27.544,24
90200,27.544,24
90300,27.544,24
90400,27.544,24
90500,27.544,24
90600,27.544,24
90700,27.544,24
90800,27.544,24
90900,27.544,24
91000,27.544,24
91100,27.544,24
91200,27.544,24
91300,27.544,24
91400,27.544,24
91500,27.544,24
91600,27.544,24
91700,27.544,24
91800,27.544,24
91900,27.544,24
92000,27.544,24
92100,27.544,24
92200,27.544,24
92300,27.544,24
92400,27.544,24
92500,27.544,24
92600,27.544,24
92700,27.544,24
92800,27.544,24
92900,27.544,24
93000,27.544,24
93100,27.544,24
93200,27.544,24
93300,27.544,24
93400,27.544,24
93500,27.544,24
93600,27.544,24
93700,27.544,24
93800,27.544,24
93900,27.544,24
94000,27.544,24
94100,27.544,24
94200,27.544,24
94300,27.544,24
94400,27.544,24
94500,27.544,24
94600,27.544,24
94700,27.544,24
94800,27.544,24
94900,27.544,24
95000,27.544,24
95100,27.544,24
95200,27.544,24
95300,27.544,24
95400,27.544,24
95500,27.544,24
95600,27.512,24
95700,27.512,24
95800,27.512,24
95900,27.512,24
96000,27.512,24
96100,27.512,24
96200,27.512,24
96300,27.512,24
96400,27.512,24
96500,27.512,24
96600,27.512,24
96700,27.512,24
96800,27.512,24
96900,27.512,24
97000,27.512,24
97100,27.448,24
97200,27.008,24
97300,27.008,24
97400,26.912,24
97500,26.912,24
97600,26.912,24
97700,26.912,24
97800,26.912,24
97900,26.912,24
98000,26.912,24
98100,26.912,24
98200,26.912,24
98300,26.912,24
98400,26.912,24
98500,26.912,24
98600,26.912,24
98700,26.912,24
98800,26.912,24
98900,26.912,24
99000,26.912,24
99100,26.912,24
99200,26.912,24
99300,26.912,24
99400,26.912,24
99500,26.912,24
99600,26.912,24
99700,26.912,24
99800,26.912,24
99900,26.880000000000003,23.8
99999,26.880000000000003,23.8

START ALGORITHM
h2: (a32 + a22 + a24 + a14 + a14 - a11 - a12 - a22 - a22) * (-b13 - b32 - b43)
h8: (a24 + a13 + a11 - a35 - a55 - a32) * (b53 + b51 + b14 + b23 - b41 - b33 - b51 - b54)
h21: (a43) * (b24 + b54 + b23)
h24: (a42) * (b42 + b24 + b43 - b55)
h28: (a12 + a23 + a25 + a41 + a25 + a13 + a51 + a32 + a12 - a55 - a52 - a21 - a22 - a33 - a23 - a54 - a51) * (b34 + b55 + b35 + b44 - b24 - b55 - b21)
h29: (a53 + a41 + a14 + a44 - a11 - a53 - a41 - a33 - a11) * (b24)
h32: (a13 - a21) * (b12 + b14)
h34: (a51 + a34 + a21 + a45) * (b23 + b43 + b32 - b12)
h36: (a55) * (b14 - b44)
h37: (a42 + a44 - a14 - a35) * (-b25 - b52)
h38: (a31 - a13 - a34 - a15) * (b54 + b24 + b14 - b22)
h42: (-a54) * (b41 - b35 - b53)
h46: (-a25) * (b52 + b53 + b43 + b13 - b44 - b45 - b55 - b31)
h47: (a13 + a42 - a51 - a32 - a51 - a51) * (-b51)
h57: (a25) * (-b32)
h64: (a14 + a45 + a55 + a22 - a52 - a22) * (b35 - b42)
h67: (-a41) * (b12 + b22)
h74: (-a32) * (b31)
h77: (a24 + a55 - a35 - a15 - a14 - a51) * (b12 - b54)
h78: (a51 + a12 - a11) * (b24 + b11 + b42 + b11 + b11 + b15 + b31 + b31 + b45 + b24 + b35 - b44 - b24 - b15 - b21 - b41 - b14)
h93: (a13 + a52 + a22) * (b12 + b31 + b51 + b15 + b12 + b21 - b34 - b52 - b34 - b12)
h97: (a43) * (b31 + b45 + b25 - b34 - b32)
h103: (a31 - a43 - a52) * (b34 + b35 - b31 - b12)
h113: (-a15 - a54 - a12 - a23 - a25) * (b54 + b41 - b21 - b21 - b11)
h121: (a51) * (b32)
h122: (a51 + a21 - a15 - a55) * (b51)
h124: (-a51) * (b14 + b32 + b24 + b15 - b15 - b45 - b51 - b21 - b51 - b21)
h125: (a25 - a15) * (-b22)
h128: (a33) * (b45 + b55 - b33 - b53)
h140: (a55 + a23 + a11 - a32) * (b32)
h149: (a55 + a35 + a13 - a45 - a51 - a25 - a35) * (-b55)
h152: (-a35) * (b24)
h154: (a52 - a41) * (b15)
h163: (-a12) * (b42 + b33 - b23)
h170: (a52) * (-b55 - b45)
h173: (a24 + a34 - a44 - a55 - a31) * (b55)
h182: (a52 - a23) * (b15)
h215: (a41 + a53 - a35) * (b11)
h223: (a45 + a51 - a35) * (b33 - b15)
h273: (a52) * (b33 + b15 - b42)
h292: (a53 - a12 - a25 - a14) * (b51 + b35 + b15 + b33 + b43 - b11 - b15 - b52 - b31 - b53 - b51 - b24 - b32 - b45)
h330: (a23 - a53) * (b44 + b13 + b42 + b35 + b31 - b14 - b43 - b32)
h348: (a52 + a24 + a13 + a53 + a21 - a55 - a32 - a32 - a53 - a31) * (b53 + b35 + b54 + b31 + b21 + b53 - b55 - b13)
h431: (a53 - a11 - a32) * (b11 + b53)
h478: (-a15 - a21) * (b15 + b43 + b31 - b11)
h753: (a43 - a51) * (b12 - b31 - b51 - b24)
h1045: (a25 + a15 + a41 - a15 - a25 - a15 - a43 - a31 - a14) * (b44 + b53 + b25 - b41 - b21 - b42 - b41 - b55 - b22 - b53)
h1203: (a52 - a23 - a34 - a15) * (b21 + b21 + b23 + b53 - b13)
h1233: (a51) * (b21 + b55 - b54)
h3337: (a34 + a13 - a23) * (-b53 - b31 - b31)
h3954: (a32 + a23 + a24 - a33 - a42 - a14 - a54) * (-b12)
h14607: (a35 + a34 - a44 - a45 - a24 - a15) * (b45 - b22)
h26658: (a42 + a44 + a11 + a25 + a44 + a21 + a53 - a22 - a54 - a14 - a41 - a34) * (-b45)
h30878: (-a14 - a13) * (b54 - b23 - b32)
h33779: (a41 - a31 - a34 - a54 - a52) * (b22 + b14 + b32 + b31 + b43 + b41 + b34 - b33 - b12 - b52 - b51 - b44 - b53 - b12 - b33)
c11: h42 + h78 + h47 - h67 
c12: h103 + h154 + h173 - h46 
c13: h113 + h182 + h37 
c14: h32 + h30878 - h38 - h215 
c15: h74 + h163 + h8 + h2 - h34 - h122 
c21: h753 
c22: h122 + h29 - h28 
c23: h38 + h3337 - h1203 
c24: h57 + h170 + h478 + h223 - h24 
c25: h292 - h36 - h152 
c31: - h431 
c32: h1045 + h14607 - h93 
c33: h122 + h348 + h1233 - h140 
c34: h57 - h97 
c35: h26658 
c41: h330 + h173 
c42: h74 + h128 
c43: h32 + h128 
c44: h77 - h125 - h273 
c45: h121 + h64 + h170 + h8 - h149 
c51: h3954 + h47 + h2 - h42 
c52: h113 + h78 + h170 
c53: h93 - h28 
c54: h125 + h21 + h223 - h103 - h182 - h33779 
c55: h124 + h3954 
