0,152.83999999999997,25
100,128.752,24.8
200,111.50399999999999,24.8
300,101.84799999999998,24.8
400,94.33599999999998,24.6
500,85.752,25
600,76.928,25
700,74.608,24.8
800,70.664,24.8
900,66.39200000000001,25
1000,65.088,25
1100,63.36,25
1200,62.263999999999996,25
1300,61.21600000000001,25
1400,58.336,25
1500,57.048,25
1600,56.528,25
1700,55.928,25
1800,55.79200000000001,25
1900,55.08,25
2000,54.751999999999995,25
2100,54.751999999999995,25
2200,52.70399999999999,25
2300,50.616,25
2400,50.19199999999999,25
2500,49.88799999999999,25
2600,48.736,25
2700,47.80800000000001,25
2800,47.512,25
2900,46.688,25
3000,45.68,25
3100,45.192,25
3200,45.192,25
3300,44.688,25
3400,44.096,25
3500,44.096,25
3600,44.096,25
3700,44.024,25
3800,43.344,25
3900,43.344,25
4000,43.344,25
4100,43.344,25
4200,43.344,25
4300,43.344,25
4400,43.344,25
4500,43.344,25
4600,43.344,25
4700,43.344,25
4800,42.70399999999999,25
4900,42.70399999999999,25
5000,42.70399999999999,25
5100,42.616,25
5200,42.616,25
5300,40.552,25
5400,40.552,25
5500,40.552,25
5600,40.16,25
5700,40.16,25
5800,40.16,25
5900,40.16,25
6000,40.16,25
6100,40.16,25
6200,40.16,25
6300,40.16,25
6400,40.16,25
6500,40.16,25
6600,40.16,25
6700,40.056,25
6800,40.056,25
6900,40.056,25
7000,40.056,25
7100,40.056,25
7200,40.056,25
7300,40.016000000000005,25
7400,40.016000000000005,25
7500,40.016000000000005,25
7600,40.016000000000005,25
7700,40.007999999999996,25
7800,40.007999999999996,25
7900,40.007999999999996,25
8000,40.007999999999996,25
8100,39.839999999999996,25
8200,38.92,25
8300,38.92,25
8400,37.88000000000001,25
8500,37.88000000000001,25
8600,37.767999999999994,25
8700,35.80800000000001,25
8800,35.80800000000001,25
8900,35.80800000000001,25
9000,35.80800000000001,25
9100,35.68,25
9200,35.68,25
9300,35.68,25
9400,35.68,25
9500,35.68,25
9600,35.68,25
9700,35.68,25
9800,35.68,25
9900,35.68,25
10000,35.68,25
10100,35.68,25
10200,35.68,25
10300,35.56,25
10400,35.56,25
10500,35.56,25
10600,35.344,25
10700,35.152,25
10800,35.064,24.8
10900,34.984,24.8
11000,34.984,24.8
11100,34.967999999999996,24.8
11200,34.967999999999996,24.8
11300,34.967999999999996,24.8
11400,34.967999999999996,24.8
11500,34.967999999999996,24.8
11600,34.967999999999996,24.8
11700,34.967999999999996,24.8
11800,34.967999999999996,24.8
11900,34.967999999999996,24.8
12000,34.967999999999996,24.8
12100,34.967999999999996,24.8
12200,34.967999999999996,24.8
12300,34.967999999999996,24.8
12400,33.824,24.8
12500,33.824,24.8
12600,33.824,24.8
12700,33.824,24.8
12800,33.824,24.8
12900,33.824,24.8
13000,33.824,24.8
13100,33.824,24.8
13200,33.824,24.8
13300,33.824,24.8
13400,33.824,24.8
13500,33.824,24.8
13600,33.824,24.8
13700,33.824,24.8
13800,33.824,24.8
13900,33.824,24.8
14000,33.751999999999995,24.8
14100,33.751999999999995,24.8
14200,33.751999999999995,24.8
14300,33.751999999999995,24.8
14400,33.751999999999995,24.8
14500,33.751999999999995,24.8
14600,33.744,24.8
14700,33.688,24.8
14800,33.224,24.8
14900,33.224,24.8
15000,33.224,24.8
15100,33.224,24.8
15200,33.168000000000006,24.8
15300,33.168000000000006,24.8
15400,33.168000000000006,24.8
15500,33.168000000000006,24.8
15600,33.168000000000006,24.8
15700,33.168000000000006,24.8
15800,33.168000000000006,24.8
15900,33.168000000000006,24.8
16000,32.432,24.8
16100,32.432,24.8
16200,32.432,24.8
16300,32.432,24.8
16400,32.432,24.8
16500,32.432,24.8
16600,32.432,24.8
16700,31.880000000000003,24.8
16800,31.880000000000003,24.8
16900,31.880000000000003,24.8
17000,31.880000000000003,24.8
17100,31.704,24.8
17200,31.2,24.8
17300,31.2,24.8
17400,31.2,24.8
17500,31.2,24.8
17600,31.2,24.8
17700,31.2,24.8
17800,31.2,24.8
17900,31.2,24.8
18000,31.2,24.8
18100,31.2,24.8
18200,31.2,24.8
18300,31.2,24.8
18400,31.2,24.8
18500,31.2,24.8
18600,31.2,24.8
18700,31.2,24.8
18800,31.2,24.8
18900,31.2,24.8
19000,31.2,24.8
19100,31.2,24.8
19200,30.856,24.8
19300,30.856,24.8
19400,30.008,24.8
19500,30.008,24.8
19600,30.008,24.8
19700,30.008,24.8
19800,30.008,24.8
19900,30.008,24.8
20000,30.008,24.8
20100,29.736,24.8
20200,29.736,24.8
20300,29.736,24.8
20400,29.736,24.8
20500,29.736,24.8
20600,29.736,24.8
20700,29.736,24.8
20800,29.736,24.8
20900,29.736,24.8
21000,29.736,24.8
21100,29.736,24.8
21200,29.736,24.8
21300,29.736,24.8
21400,29.736,24.8
21500,29.736,24.8
21600,29.736,24.8
21700,29.736,24.8
21800,29.736,24.8
21900,29.736,24.8
22000,29.736,24.8
22100,29.736,24.8
22200,29.736,24.8
22300,29.736,24.8
22400,29.736,24.8
22500,29.736,24.8
22600,29.736,24.8
22700,29.736,24.8
22800,29.736,24.8
22900,29.736,24.8
23000,29.736,24.8
23100,29.736,24.8
23200,29.736,24.8
23300,29.736,24.8
23400,29.736,24.8
23500,29.736,24.8
23600,29.736,24.8
23700,29.736,24.8
23800,29.736,24.8
23900,29.736,24.8
24000,29.736,24.8
24100,29.736,24.8
24200,29.736,24.8
24300,29.736,24.8
24400,29.736,24.8
24500,29.736,24.8
24600,29.736,24.8
24700,29.736,24.8
24800,29.736,24.8
24900,29.736,24.8
25000,29.736,24.8
25100,29.736,24.8
25200,29.736,24.8
25300,29.736,24.8
25400,29.351999999999997,24.8
25500,29.351999999999997,24.8
25600,29.351999999999997,24.8
25700,29.351999999999997,24.8
25800,29.351999999999997,24.8
25900,29.351999999999997,24.8
26000,29.351999999999997,24.8
26100,29.351999999999997,24.8
26200,29.351999999999997,24.8
26300,29.351999999999997,24.8
26400,29.351999999999997,24.8
26500,29.351999999999997,24.8
26600,29.351999999999997,24.8
26700,29.351999999999997,24.8
26800,29.351999999999997,24.8
26900,29.351999999999997,24.8
27000,29.351999999999997,24.8
27100,29.351999999999997,24.8
27200,29.351999999999997,24.8
27300,29.351999999999997,24.8
27400,29.351999999999997,24.8
27500,29.351999999999997,24.8
27600,29.351999999999997,24.8
27700,29.351999999999997,24.8
27800,29.351999999999997,24.8
27900,29.351999999999997,24.8
28000,29.351999999999997,24.8
28100,29.351999999999997,24.8
28200,29.351999999999997,24.8
28300,29.351999999999997,24.8
28400,29.351999999999997,24.8
28500,29.351999999999997,24.8
28600,29.351999999999997,24.8
28700,29.351999999999997,24.8
28800,29.351999999999997,24.8
28900,29.351999999999997,24.8
29000,29.351999999999997,24.8
29100,29.351999999999997,24.8
29200,29.351999999999997,24.8
29300,29.351999999999997,24.8
29400,29.272,24.6
29500,29.272,24.6
29600,29.272,24.6
29700,29.272,24.6
29800,29.272,24.6
29900,29.272,24.6
30000,29.272,24.6
30100,29.272,24.6
30200,29.272,24.6
30300,29.272,24.6
30400,29.272,24.6
30500,29.272,24.6
30600,29.272,24.6
30700,29.272,24.6
30800,29.272,24.6
30900,29.272,24.6
31000,29.272,24.6
31100,29.272,24.6
31200,29.272,24.6
31300,29.272,24.6
31400,29.272,24.6
31500,29.272,24.6
31600,29.272,24.6
31700,29.272,24.6
31800,29.272,24.6
31900,29.272,24.6
32000,29.071999999999996,24.8
32100,29.071999999999996,24.8
32200,29.071999999999996,24.8
32300,28.552,24.8
32400,28.552,24.8
32500,28.552,24.8
32600,28.552,24.8
32700,28.552,24.8
32800,28.552,24.8
32900,28.552,24.8
33000,28.552,24.8
33100,28.552,24.8
33200,28.392000000000003,24.8
33300,28.392000000000003,24.8
33400,28.392000000000003,24.8
33500,28.392000000000003,24.8
33600,28.392000000000003,24.8
33700,28.392000000000003,24.8
33800,27.927999999999997,24.8
33900,27.927999999999997,24.8
34000,27.927999999999997,24.8
34100,27.927999999999997,24.8
34200,27.927999999999997,24.8
34300,27.872000000000003,24.8
34400,27.872000000000003,24.8
34500,27.872000000000003,24.8
34600,27.872000000000003,24.8
34700,27.872000000000003,24.8
34800,27.872000000000003,24.8
34900,27.872000000000003,24.8
35000,27.872000000000003,24.8
35100,27.872000000000003,24.8
35200,27.872000000000003,24.8
35300,27.872000000000003,24.8
35400,27.872000000000003,24.8
35500,27.872000000000003,24.8
35600,27.872000000000003,24.8
35700,27.872000000000003,24.8
35800,27.872000000000003,24.8
35900,27.872000000000003,24.8
36000,27.872000000000003,24.8
36100,27.872000000000003,24.8
36200,27.872000000000003,24.8
36300,27.872000000000003,24.8
36400,27.872000000000003,24.8
36500,27.872000000000003,24.8
36600,27.872000000000003,24.8
36700,27.872000000000003,24.8
36800,27.872000000000003,24.8
36900,27.872000000000003,24.8
37000,27.872000000000003,24.8
37100,27.872000000000003,24.8
37200,27.872000000000003,24.8
37300,27.872000000000003,24.8
37400,27.872000000000003,24.8
37500,27.872000000000003,24.8
37600,27.872000000000003,24.8
37700,27.872000000000003,24.8
37800,27.872000000000003,24.8
37900,27.872000000000003,24.8
38000,27.872000000000003,24.8
38100,27.872000000000003,24.8
38200,27.872000000000003,24.8
38300,27.872000000000003,24.8
38400,27.872000000000003,24.8
38500,27.872000000000003,24.8
38600,27.872000000000003,24.8
38700,27.872000000000003,24.8
38800,27.872000000000003,24.8
38900,27.872000000000003,24.8
39000,27.872000000000003,24.8
39100,27.872000000000003,24.8
39200,27.872000000000003,24.8
39300,27.872000000000003,24.8
39400,27.872000000000003,24.8
39500,27.872000000000003,24.8
39600,27.872000000000003,24.8
39700,27.872000000000003,24.8
39800,27.872000000000003,24.8
39900,27.872000000000003,24.8
40000,27.872000000000003,24.8
40100,27.872000000000003,24.8
40200,27.872000000000003,24.8
40300,27.872000000000003,24.8
40400,27.872000000000003,24.8
40500,27.872000000000003,24.8
40600,27.872000000000003,24.8
40700,27.872000000000003,24.8
40800,27.872000000000003,24.8
40900,27.872000000000003,24.8
41000,27.872000000000003,24.8
41100,27.872000000000003,24.8
41200,27.872000000000003,24.8
41300,27.872000000000003,24.8
41400,27.872000000000003,24.8
41500,27.872000000000003,24.8
41600,27.672000000000004,25
41700,27.672000000000004,25
41800,27.672000000000004,25
41900,27.672000000000004,25
42000,27.672000000000004,25
42100,27.672000000000004,25
42200,27.672000000000004,25
42300,27.672000000000004,25
42400,27.672000000000004,25
42500,27.672000000000004,25
42600,27.672000000000004,25
42700,27.672000000000004,25
42800,27.672000000000004,25
42900,27.672000000000004,25
43000,27.672000000000004,25
43100,27.672000000000004,25
43200,27.672000000000004,25
43300,27.672000000000004,25
43400,27.672000000000004,25
43500,26.855999999999995,25
43600,26.855999999999995,25
43700,26.855999999999995,25
43800,26.855999999999995,25
43900,26.855999999999995,25
44000,26.855999999999995,25
44100,26.855999999999995,25
44200,26.855999999999995,25
44300,26.855999999999995,25
44400,26.855999999999995,25
44500,26.855999999999995,25
44600,26.855999999999995,25
44700,26.855999999999995,25
44800,26.855999999999995,25
44900,26.855999999999995,25
45000,26.855999999999995,25
45100,26.855999999999995,25
45200,26.855999999999995,25
45300,26.855999999999995,25
45400,26.855999999999995,25
45500,26.855999999999995,25
45600,26.855999999999995,25
45700,26.855999999999995,25
45800,26.855999999999995,25
45900,26.855999999999995,25
46000,26.855999999999995,25
46100,26.855999999999995,25
46200,26.855999999999995,25
46300,26.855999999999995,25
46400,26.855999999999995,25
46500,26.855999999999995,25
46600,26.855999999999995,25
46700,26.855999999999995,25
46800,26.855999999999995,25
46900,26.855999999999995,25
47000,26.855999999999995,25
47100,26.855999999999995,25
47200,26.855999999999995,25
47300,26.615999999999996,24.8
47400,26.615999999999996,24.8
47500,26.615999999999996,24.8
47600,26.615999999999996,24.8
47700,26.615999999999996,24.8
47800,26.615999999999996,24.8
47900,26.615999999999996,24.8
48000,26.615999999999996,24.8
48100,26.615999999999996,24.8
48200,26.615999999999996,24.8
48300,26.615999999999996,24.8
48400,26.615999999999996,24.8
48500,26.615999999999996,24.8
48600,26.615999999999996,24.8
48700,26.615999999999996,24.8
48800,26.615999999999996,24.8
48900,26.615999999999996,24.8
49000,26.615999999999996,24.8
49100,26.615999999999996,24.8
49200,26.615999999999996,24.8
49300,26.615999999999996,24.8
49400,26.615999999999996,24.8
49500,26.615999999999996,24.8
49600,26.615999999999996,24.8
49700,26.615999999999996,24.8
49800,26.615999999999996,24.8
49900,26.615999999999996,24.8
50000,26.615999999999996,24.8
50100,26.615999999999996,24.8
50200,26.615999999999996,24.8
50300,26.615999999999996,24.8
50400,26.615999999999996,24.8
50500,26.615999999999996,24.8
50600,26.432,24.8
50700,26.432,24.8
50800,26.432,24.8
50900,26.432,24.8
51000,26.432,24.8
51100,26.424,24.8
51200,26.424,24.8
51300,26.424,24.8
51400,26.424,24.8
51500,26.424,24.8
51600,26.424,24.8
51700,26.424,24.8
51800,26.424,24.8
51900,26.424,24.8
52000,26.424,24.8
52100,26.424,24.8
52200,26.424,24.8
52300,26.424,24.8
52400,26.424,24.8
52500,26.424,24.8
52600,26.424,24.8
52700,26.424,24.8
52800,26.424,24.8
52900,26.424,24.8
53000,26.424,24.8
53100,26.424,24.8
53200,26.424,24.8
53300,26.424,24.8
53400,26.424,24.8
53500,26.168,24.8
53600,26.168,24.8
53700,26.168,24.8
53800,25.896000000000004,24.6
53900,25.808,24.8
54000,25.808,24.8
54100,25.808,24.8
54200,25.808,24.8
54300,25.808,24.8
54400,25.808,24.8
54500,25.808,24.8
54600,25.808,24.8
54700,25.808,24.8
54800,25.808,24.8
54900,25.808,24.8
55000,25.808,24.8
55100,25.808,24.8
55200,25.808,24.8
55300,25.808,24.8
55400,25.808,24.8
55500,25.808,24.8
55600,25.808,24.8
55700,25.808,24.8
55800,25.808,24.8
55900,25.808,24.8
56000,25.808,24.8
56100,25.808,24.8
56200,25.808,24.8
56300,25.808,24.8
56400,25.808,24.8
56500,25.808,24.8
56600,25.808,24.8
56700,25.808,24.8
56800,25.808,24.8
56900,25.808,24.8
57000,25.808,24.8
57100,25.808,24.8
57200,25.808,24.8
57300,25.808,24.8
57400,25.808,24.8
57500,25.808,24.8
57600,25.808,24.8
57700,25.808,24.8
57800,25.808,24.8
57900,25.808,24.8
58000,25.808,24.8
58100,25.808,24.8
58200,25.808,24.8
58300,25.808,24.8
58400,25.808,24.8
58500,25.808,24.8
58600,25.808,24.8
58700,25.808,24.8
58800,25.808,24.8
58900,25.808,24.8
59000,25.808,24.8
59100,25.808,24.8
59200,25.808,24.8
59300,25.808,24.8
59400,25.808,24.8
59500,25.808,24.8
59600,25.808,24.8
59700,25.808,24.8
59800,25.808,24.8
59900,25.808,24.8
60000,25.808,24.8
60100,25.808,24.8
60200,25.727999999999998,24.8
60300,25.727999999999998,24.8
60400,25.664000000000005,24.8
60500,25.664000000000005,24.8
60600,25.664000000000005,24.8
60700,25.664000000000005,24.8
60800,25.496000000000002,24.8
60900,25.496000000000002,24.8
61000,25.496000000000002,24.8
61100,25.496000000000002,24.8
61200,25.496000000000002,24.8
61300,25.496000000000002,24.8
61400,25.496000000000002,24.8
61500,25.496000000000002,24.8
61600,25.496000000000002,24.8
61700,25.496000000000002,24.8
61800,25.496000000000002,24.8
61900,25.496000000000002,24.8
62000,25.496000000000002,24.8
62100,25.496000000000002,24.8
62200,25.496000000000002,24.8
62300,25.496000000000002,24.8
62400,25.496000000000002,24.8
62500,25.496000000000002,24.8
62600,25.496000000000002,24.8
62700,25.496000000000002,24.8
62800,25.496000000000002,24.8
62900,25.496000000000002,24.8
63000,25.496000000000002,24.8
63100,25.496000000000002,24.8
63200,25.496000000000002,24.8
63300,25.496000000000002,24.8
63400,25.496000000000002,24.8
63500,25.496000000000002,24.8
63600,25.496000000000002,24.8
63700,25.496000000000002,24.8
63800,25.496000000000002,24.8
63900,25.272,24.8
64000,25.272,24.8
64100,25.256,24.8
64200,25.256,24.8
64300,25.256,24.8
64400,25.256,24.8
64500,25.256,24.8
64600,25.256,24.8
64700,25.256,24.8
64800,25.256,24.8
64900,25.256,24.8
65000,25.256,24.8
65100,25.256,24.8
65200,25.256,24.8
65300,25.256,24.8
65400,25.240000000000002,24.8
65500,25.240000000000002,24.8
65600,25.240000000000002,24.8
65700,25.240000000000002,24.8
65800,25.240000000000002,24.8
65900,25.240000000000002,24.8
66000,25.240000000000002,24.8
66100,25.192,24.8
66200,25.192,24.8
66300,25.192,24.8
66400,25.192,24.8
66500,25.192,24.8
66600,25.192,24.8
66700,25.192,24.8
66800,25.192,24.8
66900,25.192,24.8
67000,25.192,24.8
67100,25.192,24.8
67200,25.192,24.8
67300,25.192,24.8
67400,25.192,24.8
67500,25.192,24.8
67600,25.192,24.8
67700,25.192,24.8
67800,25.192,24.8
67900,25.192,24.8
68000,25.192,24.8
68100,25.192,24.8
68200,25.192,24.8
68300,25.192,24.8
68400,25.192,24.8
68500,25.192,24.8
68600,25.192,24.8
68700,24.96,24.8
68800,24.96,24.8
68900,24.96,24.8
69000,24.96,24.8
69100,24.96,24.8
69200,24.96,24.8
69300,24.96,24.8
69400,24.96,24.8
69500,24.96,24.8
69600,24.96,24.8
69700,24.96,24.8
69800,24.96,24.8
69900,24.96,24.8
70000,24.96,24.8
70100,24.96,24.8
70200,24.96,24.8
70300,24.96,24.8
70400,24.96,24.8
70500,24.96,24.8
70600,24.96,24.8
70700,24.96,24.8
70800,24.96,24.8
70900,24.96,24.8
71000,24.96,24.8
71100,24.96,24.8
71200,24.96,24.8
71300,24.96,24.8
71400,24.96,24.8
71500,24.96,24.8
71600,24.96,24.8
71700,24.96,24.8
71800,24.872,24.8
71900,24.872,24.8
72000,24.759999999999998,24.8
72100,24.759999999999998,24.8
72200,24.759999999999998,24.8
72300,24.759999999999998,24.8
72400,24.759999999999998,24.8
72500,24.759999999999998,24.8
72600,24.759999999999998,24.8
72700,24.759999999999998,24.8
72800,24.672,25
72900,24.672,25
73000,24.672,25
73100,24.672,25
73200,24.672,25
73300,24.672,25
73400,24.672,25
73500,24.672,25
73600,24.672,25
73700,24.672,25
73800,24.672,25
73900,24.672,25
74000,24.672,25
74100,24.672,25
74200,24.672,25
74300,24.672,25
74400,24.672,25
74500,24.672,25
74600,24.672,25
74700,24.672,25
74800,24.672,25
74900,24.672,25
75000,24.672,25
75100,24.672,25
75200,24.672,25
75300,24.672,25
75400,24.672,25
75500,24.672,25
75600,24.672,25
75700,24.672,25
75800,24.672,25
75900,24.672,25
76000,24.672,25
76100,24.672,25
76200,24.672,25
76300,24.672,25
76400,24.672,25
76500,24.672,25
76600,24.672,25
76700,24.672,25
76800,24.672,25
76900,24.672,25
77000,24.672,25
77100,24.672,25
77200,24.672,25
77300,24.672,25
77400,24.672,25
77500,24.672,25
77600,24.672,25
77700,24.672,25
77800,24.672,25
77900,24.672,25
78000,24.672,25
78100,24.672,25
78200,24.672,25
78300,24.672,25
78400,24.672,25
78500,24.672,25
78600,24.672,25
78700,24.672,25
78800,24.672,25
78900,24.672,25
79000,24.672,25
79100,24.672,25
79200,24.672,25
79300,24.672,25
79400,24.407999999999998,25
79500,24.407999999999998,25
79600,24.407999999999998,25
79700,24.407999999999998,25
79800,24.407999999999998,25
79900,24.407999999999998,25
80000,24.407999999999998,25
80100,24.407999999999998,25
80200,24.407999999999998,25
80300,24.407999999999998,25
80400,24.407999999999998,25
80500,24.407999999999998,25
80600,24.407999999999998,25
80700,24.407999999999998,25
80800,24.407999999999998,25
80900,24.407999999999998,25
81000,24.407999999999998,25
81100,24.407999999999998,25
81200,24.407999999999998,25
81300,24.407999999999998,25
81400,24.407999999999998,25
81500,24.407999999999998,25
81600,24.407999999999998,25
81700,24.407999999999998,25
81800,24.407999999999998,25
81900,24.407999999999998,25
82000,24.407999999999998,25
82100,24.08,25
82200,24.056,25
82300,23.64,24.8
82400,23.64,24.8
82500,23.64,24.8
82600,23.64,24.8
82700,23.64,24.8
82800,23.64,24.8
82900,23.136,24.8
83000,23.136,24.8
83100,23.136,24.8
83200,23.136,24.8
83300,23.136,24.8
83400,23.136,24.8
83500,23.136,24.8
83600,23.136,24.8
83700,23.136,24.8
83800,23.136,24.8
83900,23.136,24.8
84000,23.136,24.8
84100,23.136,24.8
84200,23.136,24.8
84300,23.136,24.8
84400,23.136,24.8
84500,23.136,24.8
84600,22.896,24.8
84700,22.896,24.8
84800,22.896,24.8
84900,22.896,24.8
85000,22.896,24.8
85100,22.896,24.8
85200,22.896,24.8
85300,22.896,24.8
85400,22.896,24.8
85500,22.896,24.8
85600,22.896,24.8
85700,22.896,24.8
85800,22.896,24.8
85900,22.896,24.8
86000,22.896,24.8
86100,22.896,24.8
86200,22.896,24.8
86300,22.896,24.8
86400,22.896,24.8
86500,22.896,24.8
86600,22.896,24.8
86700,22.896,24.8
86800,22.896,24.8
86900,22.896,24.8
87000,22.896,24.8
87100,22.896,24.8
87200,22.896,24.8
87300,22.896,24.8
87400,22.896,24.8
87500,22.896,24.8
87600,22.896,24.8
87700,22.896,24.8
87800,22.896,24.8
87900,22.896,24.8
88000,22.896,24.8
88100,22.896,24.8
88200,22.896,24.8
88300,22.896,24.8
88400,22.896,24.8
88500,22.896,24.8
88600,22.896,24.8
88700,22.896,24.8
88800,22.896,24.8
88900,22.896,24.8
89000,22.896,24.8
89100,22.896,24.8
89200,22.896,24.8
89300,22.896,24.8
89400,22.896,24.8
89500,22.896,24.8
89600,22.896,24.8
89700,22.896,24.8
89800,22.896,24.8
89900,22.896,24.8
90000,22.896,24.8
90100,22.895999999999997,24.8
90200,22.895999999999997,24.8
90300,22.895999999999997,24.8
90400,22.895999999999997,24.8
90500,22.895999999999997,24.8
90600,22.895999999999997,24.8
90700,22.895999999999997,24.8
90800,22.895999999999997,24.8
90900,22.895999999999997,24.8
91000,22.895999999999997,24.8
91100,22.895999999999997,24.8
91200,22.895999999999997,24.8
91300,22.895999999999997,24.8
91400,22.895999999999997,24.8
91500,22.895999999999997,24.8
91600,22.895999999999997,24.8
91700,22.895999999999997,24.8
91800,22.711999999999996,24.8
91900,22.711999999999996,24.8
92000,22.711999999999996,24.8
92100,22.711999999999996,24.8
92200,22.711999999999996,24.8
92300,22.711999999999996,24.8
92400,22.711999999999996,24.8
92500,22.711999999999996,24.8
92600,22.711999999999996,24.8
92700,22.711999999999996,24.8
92800,22.711999999999996,24.8
92900,22.711999999999996,24.8
93000,22.711999999999996,24.8
93100,22.711999999999996,24.8
93200,22.711999999999996,24.8
93300,22.711999999999996,24.8
93400,22.711999999999996,24.8
93500,22.711999999999996,24.8
93600,22.711999999999996,24.8
93700,22.711999999999996,24.8
93800,22.711999999999996,24.8
93900,22.711999999999996,24.8
94000,22.711999999999996,24.8
94100,22.711999999999996,24.8
94200,22.711999999999996,24.8
94300,22.711999999999996,24.8
94400,22.624000000000002,24.8
94500,22.624000000000002,24.8
94600,22.624000000000002,24.8
94700,22.624000000000002,24.8
94800,22.624000000000002,24.8
94900,22.624000000000002,24.8
95000,22.624000000000002,24.8
95100,22.624000000000002,24.8
95200,22.624000000000002,24.8
95300,22.624000000000002,24.8
95400,22.624000000000002,24.8
95500,22.624000000000002,24.8
95600,22.624000000000002,24.8
95700,22.624000000000002,24.8
95800,22.624000000000002,24.8
95900,22.624000000000002,24.8
96000,22.624000000000002,24.8
96100,22.624000000000002,24.8
96200,22.624000000000002,24.8
96300,22.624000000000002,24.8
96400,22.624000000000002,24.8
96500,22.624000000000002,24.8
96600,22.624000000000002,24.8
96700,22.624000000000002,24.8
96800,22.624000000000002,24.8
96900,22.624000000000002,24.8
97000,22.624000000000002,24.8
97100,22.624000000000002,24.8
97200,22.624000000000002,24.8
97300,22.624000000000002,24.8
97400,22.624000000000002,24.8
97500,22.624000000000002,24.8
97600,22.624000000000002,24.8
97700,22.624000000000002,24.8
97800,22.624000000000002,24.8
97900,22.624000000000002,24.8
98000,22.624000000000002,24.8
98100,22.624000000000002,24.8
98200,22.624000000000002,24.8
98300,22.624000000000002,24.8
98400,22.624000000000002,24.8
98500,22.624000000000002,24.8
98600,22.624000000000002,24.8
98700,22.624000000000002,24.8
98800,22.624000000000002,24.8
98900,22.624000000000002,24.8
99000,22.624000000000002,24.8
99100,22.624000000000002,24.8
99200,22.624000000000002,24.8
99300,22.624000000000002,24.8
99400,22.624000000000002,24.8
99500,22.624000000000002,24.8
99600,22.624000000000002,24.8
99700,22.624000000000002,24.8
99800,22.624000000000002,24.8
99900,22.624000000000002,24.8
99999,22.624000000000002,24.8

START ALGORITHM
h5: (a31 + a13 - a54 - a21 - a12) * (b11 + b54 + b32 - b11 - b43 - b22 - b13 - b22 - b43)
h7: (a24 + a31 + a34 - a31) * (b12 + b31 + b45 - b42 - b51)
h10: (a41 + a45 - a35) * (b24 - b53 - b45)
h18: (a22 + a53 + a34 + a44 + a21 + a35 + a14 + a11 + a14 + a15 + a13 - a24 - a32 - a21 - a51 - a12 - a33 - a34 - a55 - a45 - a41) * (b41 - b31 - b13)
h28: (a23 + a55 + a14 + a32 + a35 - a25 - a42 - a45 - a11 - a42) * (b25 - b14)
h30: (a53) * (b45)
h34: (a12 + a21 + a31 - a41) * (-b45 - b52)
h40: (a33 + a13 + a35 + a53 - a33 - a35 - a54 - a11 - a12 - a14 - a31 - a53 - a55 - a35) * (b43 - b23 - b14)
h46: (a12 + a41 + a31 + a32 + a23 + a55 + a34 + a14 + a43 + a23 - a54 - a41 - a13 - a12 - a25 - a42 - a53 - a15 - a55 - a25 - a13 - a55 - a45 - a32 - a23 - a35 - a42) * (b51 + b54 - b25 - b53 - b15 - b12)
h48: (a42 + a55 + a31 + a54 + a45 + a35 - a25 - a52 - a42 - a51 - a12 - a25 - a22 - a22 - a24 - a41) * (b45)
h56: (a44 - a32 - a51) * (b52 + b45 + b21 + b13 - b53 - b21)
h60: (a44 + a33 + a43 + a53) * (-b54)
h69: (a31 + a31 - a23 - a35 - a42 - a35) * (-b41)
h79: (a12 - a44) * (b41 - b25 - b14)
h82: (a31) * (b13)
h85: (a31 + a33 + a52 + a42 + a13 - a53 - a42 - a15 - a11 - a11 - a44 - a34 - a34) * (b34 - b42 - b35)
h90: (a53 + a24 + a34 + a34 + a45 - a41) * (-b22)
h91: (a42 - a41 - a45 - a33 - a54) * (b31)
h93: (a21 + a33 + a24 + a21 + a12 + a44 - a33 - a35 - a33 - a21 - a32 - a33) * (b52)
h102: (a41 + a12 + a25 - a35 - a12 - a35) * (b42)
h126: (a31 + a43 + a21 + a51 + a13 + a22 + a54 + a14 - a14 - a53 - a11 - a24 - a25) * (b24 + b22 + b45 + b22 - b15 - b44 - b34)
h139: (a41 + a44 - a22 - a22 - a25 - a12) * (b44 + b55 - b31)
h174: (a23 + a42 + a14 + a53 + a44 + a54 + a22 + a35 + a51 + a25 + a55 + a23 - a43 - a21 - a33 - a22) * (b53 + b22 + b54 + b42 - b13 - b25 - b12 - b25 - b13)
h204: (a13 + a34 + a14 - a31) * (b54 + b24 + b43 + b25 + b23 - b51 - b24)
h278: (a22 - a33 - a24 - a42) * (b33 + b31)
h294: (a44 + a45 + a52 - a43 - a24) * (b12)
h300: (a31 + a13 + a55 + a21 + a12 + a22 - a52 - a35 - a32 - a23 - a15 - a35 - a34 - a34) * (b52 + b53 + b33 + b22 - b32 - b32 - b12 - b52 - b44 - b53)
h308: (a21 + a54 + a33 + a42 + a34 + a11 + a14 + a54 + a33 + a24 + a53 + a55 + a45 + a23 + a34 + a55 + a51 - a21 - a21 - a22 - a51 - a22 - a52 - a54 - a23 - a14 - a14 - a51 - a31 - a54 - a45 - a14 - a13 - a53 - a41) * (b14 + b45 - b25 - b35 - b13 - b25 - b13)
h413: (a43 - a21 - a14 - a23) * (b13)
h422: (a11 + a23 + a33 + a31 + a14 + a15 + a43 - a34 - a24 - a42 - a52 - a35 - a24 - a23 - a23) * (b35 + b44 + b51 + b15 + b43 + b23 + b42 + b21 - b51 - b23)
h448: (a12 + a44 + a44 + a43 - a42) * (b24 + b35 - b51 - b54 - b42)
h489: (a45 + a13 + a42 + a35 + a41 + a43 + a13 - a22 - a43 - a13 - a35 - a44 - a51 - a34 - a31 - a41) * (-b45)
h501: (a24 + a12 + a25 - a31 - a54) * (b51 - b33)
h528: (a12 + a13 - a13 - a24 - a53 - a52) * (b11 + b45 - b43)
h594: (a43) * (b22 + b25 + b32 - b24)
h778: (a11 - a15 - a13 - a45) * (b55 + b22 - b21 - b13)
h822: (-a33 - a44 - a41 - a53) * (-b21)
h1458: (a51 - a45 - a53 - a44) * (b31 + b42 - b21 - b31 - b53)
h2689: (a35 - a13) * (b42 + b14 + b31)
h5717: (a44 + a34 - a31 - a21) * (b15)
h7865: (a13 + a51 - a31 - a54 - a53 - a31) * (b31 + b43)
h9243: (a14 - a53 - a33) * (-b22)
h9374: (a23) * (b45 - b22 - b21)
h10736: (a52 - a32 - a25 - a24) * (-b23)
h10812: (a11 + a35 + a34 - a12 - a51 - a34 - a35) * (-b22)
h11049: (a52 - a32) * (-b24 - b32 - b52)
c11: h174 
c12: h7 - h56 - h778 
c13: h102 + h126 + h18 
c14: h28 + h1458 + h40 - h2689 
c15: h413 + h46 - h79 - h422 - h9374 
c21: h5 + h489 - h278 - h300 - h501 
c22: h82 + h308 
c23: h294 + h79 + h204 
c24: h126 + h40 + h9243 + h422 
c25: - h79 
c31: - h139 - h204 
c32: h34 + h85 
c33: h28 + h413 + h501 
c34: h18 + h10 + h7 + h91 
c35: h82 + h7 + h46 
c41: h28 + h46 - h822 
c42: h85 + h30 + h60 
c43: h102 - h11049 
c44: h93 - h85 
c45: h90 + h11049 
c51: h69 + h48 - h56 - h48 - h10736 
c52: h91 + h69 
c53: h448 + h10812 - h7865 
c54: - h102 - h60 - h5717 
c55: h10 + h594 + h528 - h528 
