0,174.504,25
100,130.072,25
200,101.392,24.8
300,91.37599999999999,24.8
400,78.16799999999999,24.6
500,70.432,24.6
600,64.136,24.6
700,62.65599999999999,24.6
800,59.672000000000004,24.6
900,58.472,24.6
1000,56.78399999999999,24.4
1100,53.568000000000005,24.4
1200,52.67999999999999,24.4
1300,48.504,24.8
1400,48.504,24.8
1500,48.504,24.8
1600,48.504,24.8
1700,48.504,24.8
1800,48.504,24.8
1900,47.84,24.8
2000,47.104,24.8
2100,46.608000000000004,24.8
2200,45.888,24.8
2300,45.856,24.8
2400,45.568,24.8
2500,44.176,24.8
2600,44.176,24.8
2700,44.112,24.8
2800,43.848,24.8
2900,43.84,24.8
3000,42.504,24.6
3100,41.51199999999999,24.6
3200,41.304,24.6
3300,41.304,24.6
3400,41.024,24.6
3500,41.024,24.6
3600,41.024,24.6
3700,41.024,24.6
3800,41.024,24.6
3900,40.88000000000001,24.6
4000,40.696000000000005,24.6
4100,40.696000000000005,24.6
4200,39.8,24.6
4300,39.4,24.6
4400,39.4,24.6
4500,39.4,24.6
4600,38.92,24.6
4700,38.215999999999994,24.6
4800,38.215999999999994,24.6
4900,38.215999999999994,24.6
5000,38.215999999999994,24.6
5100,38.215999999999994,24.6
5200,38.215999999999994,24.6
5300,38.08,24.6
5400,37.8,24.6
5500,37.495999999999995,24.6
5600,37.495999999999995,24.6
5700,37.376000000000005,24.6
5800,37.376000000000005,24.6
5900,37.376000000000005,24.6
6000,37.376000000000005,24.6
6100,37.376000000000005,24.6
6200,37.376000000000005,24.6
6300,37.376000000000005,24.6
6400,37.376000000000005,24.6
6500,37.376000000000005,24.6
6600,37.376000000000005,24.6
6700,37.376000000000005,24.6
6800,37.376000000000005,24.6
6900,37.376000000000005,24.6
7000,37.176,24.4
7100,36.104,24.2
7200,35.864,24.4
7300,35.864,24.4
7400,35.864,24.4
7500,35.864,24.4
7600,35.648,24.4
7700,35.648,24.4
7800,35.648,24.4
7900,35.648,24.4
8000,35.648,24.4
8100,35.648,24.4
8200,35.576,24.4
8300,35.576,24.4
8400,35.288,24.4
8500,35.288,24.4
8600,35.288,24.4
8700,35.288,24.4
8800,35.288,24.4
8900,35.288,24.4
9000,35.288,24.4
9100,35.288,24.4
9200,35.288,24.4
9300,35.288,24.4
9400,35.288,24.4
9500,35.288,24.4
9600,35.288,24.4
9700,35.184000000000005,24.4
9800,35.184000000000005,24.4
9900,35.184000000000005,24.4
10000,35.160000000000004,24.4
10100,34.728,24.4
10200,34.728,24.4
10300,34.728,24.4
10400,34.728,24.4
10500,34.728,24.4
10600,34.728,24.4
10700,34.728,24.4
10800,34.728,24.4
10900,34.728,24.4
11000,34.728,24.4
11100,34.728,24.4
11200,34.728,24.4
11300,34.728,24.4
11400,34.728,24.4
11500,34.728,24.4
11600,34.728,24.4
11700,34.728,24.4
11800,34.728,24.4
11900,34.728,24.4
12000,34.728,24.4
12100,34.472,24.4
12200,34.472,24.4
12300,34.472,24.4
12400,34.472,24.4
12500,34.472,24.4
12600,34.472,24.4
12700,34.472,24.4
12800,33.736000000000004,24
12900,33.736000000000004,24
13000,33.736000000000004,24
13100,33.736000000000004,24
13200,33.728,24
13300,33.728,24
13400,33.728,24
13500,33.728,24
13600,33.728,24
13700,33.728,24
13800,33.728,24
13900,33.728,24
14000,33.728,24
14100,33.728,24
14200,33.728,24
14300,33.728,24
14400,33.728,24
14500,33.44,24
14600,33.44,24
14700,33.44,24
14800,33.44,24
14900,33.008,24
15000,33.008,24
15100,33.008,24
15200,33.008,24
15300,33.008,24
15400,33.008,24
15500,33.008,24
15600,33.008,24
15700,33.008,24
15800,33.008,24
15900,33.008,24
16000,33.008,24
16100,33.008,24
16200,33.008,24
16300,32.84,24
16400,32.72,24
16500,32.72,24
16600,32.688,24
16700,32.688,24
16800,32.688,24
16900,32.688,24
17000,32.688,24
17100,32.688,24
17200,31.615999999999996,24
17300,31.615999999999996,24
17400,31.615999999999996,24
17500,31.496000000000002,24
17600,31.496000000000002,24
17700,31.496000000000002,24
17800,31.496000000000002,24
17900,31.496000000000002,24
18000,31.496000000000002,24
18100,31.496000000000002,24
18200,31.496000000000002,24
18300,31.496000000000002,24
18400,31.496000000000002,24
18500,31.496000000000002,24
18600,31.496000000000002,24
18700,31.496000000000002,24
18800,31.496000000000002,24
18900,31.496000000000002,24
19000,31.496000000000002,24
19100,31.496000000000002,24
19200,31.496000000000002,24
19300,31.496000000000002,24
19400,31.496000000000002,24
19500,31.496000000000002,24
19600,31.496000000000002,24
19700,31.496000000000002,24
19800,31.496000000000002,24
19900,31.496000000000002,24
20000,31.496000000000002,24
20100,31.496000000000002,24
20200,31.496000000000002,24
20300,31.496000000000002,24
20400,31.496000000000002,24
20500,31.496000000000002,24
20600,31.496000000000002,24
20700,31.496000000000002,24
20800,31.496000000000002,24
20900,31.496000000000002,24
21000,31.496000000000002,24
21100,31.496000000000002,24
21200,31.496000000000002,24
21300,31.496000000000002,24
21400,31.496000000000002,24
21500,31.496000000000002,24
21600,31.496000000000002,24
21700,31.496000000000002,24
21800,31.496000000000002,24
21900,31.496000000000002,24
22000,31.496000000000002,24
22100,31.496000000000002,24
22200,31.496000000000002,24
22300,31.224,24.4
22400,31.224,24.4
22500,31.224,24.4
22600,31.224,24.4
22700,31.224,24.4
22800,31.224,24.4
22900,31.224,24.4
23000,31.224,24.4
23100,30.936,24.6
23200,30.936,24.6
23300,30.936,24.6
23400,30.936,24.6
23500,30.936,24.6
23600,30.936,24.6
23700,30.936,24.6
23800,30.936,24.6
23900,30.936,24.6
24000,30.936,24.6
24100,30.936,24.6
24200,30.936,24.6
24300,30.936,24.6
24400,30.936,24.6
24500,30.720000000000006,24.6
24600,30.720000000000006,24.6
24700,30.016,24.6
24800,30.016,24.6
24900,30.016,24.6
25000,30.016,24.6
25100,29.688,24.6
25200,29.688,24.6
25300,29.688,24.6
25400,29.688,24.6
25500,29.688,24.6
25600,29.688,24.6
25700,29.688,24.6
25800,29.688,24.6
25900,29.688,24.6
26000,29.688,24.6
26100,29.688,24.6
26200,29.688,24.6
26300,29.648000000000003,24.6
26400,29.607999999999997,24.6
26500,29.607999999999997,24.6
26600,29.607999999999997,24.6
26700,29.48,24.6
26800,29.48,24.6
26900,29.48,24.6
27000,29.48,24.6
27100,29.48,24.6
27200,29.48,24.6
27300,29.48,24.6
27400,29.48,24.6
27500,29.48,24.6
27600,29.256,24.6
27700,29.056,24.6
27800,29.056,24.6
27900,28.936,24.6
28000,28.936,24.6
28100,28.936,24.6
28200,28.936,24.6
28300,28.936,24.6
28400,28.936,24.6
28500,28.936,24.6
28600,28.936,24.6
28700,28.936,24.6
28800,28.936,24.6
28900,28.936,24.6
29000,28.936,24.6
29100,28.936,24.6
29200,28.936,24.6
29300,28.936,24.6
29400,28.936,24.6
29500,28.895999999999997,24.4
29600,28.895999999999997,24.4
29700,28.895999999999997,24.4
29800,27.784000000000002,24.4
29900,27.784000000000002,24.4
30000,27.784000000000002,24.4
30100,27.784000000000002,24.4
30200,27.784000000000002,24.4
30300,27.216,24.4
30400,27.216,24.4
30500,27.216,24.4
30600,27.216,24.4
30700,27.216,24.4
30800,27.216,24.4
30900,27.216,24.4
31000,27.216,24.4
31100,27.216,24.4
31200,27.216,24.4
31300,27.216,24.4
31400,27.216,24.4
31500,27.184000000000005,24.6
31600,27.184000000000005,24.6
31700,27.184000000000005,24.6
31800,27.184000000000005,24.6
31900,27.184000000000005,24.6
32000,27.184000000000005,24.6
32100,27.184000000000005,24.6
32200,27.184000000000005,24.6
32300,27.184000000000005,24.6
32400,27.184000000000005,24.6
32500,27.184000000000005,24.6
32600,27.184000000000005,24.6
32700,27.184000000000005,24.6
32800,27.184000000000005,24.6
32900,27.184000000000005,24.6
33000,27.184000000000005,24.6
33100,27.184000000000005,24.6
33200,27.184000000000005,24.6
33300,27.184000000000005,24.6
33400,27.184000000000005,24.6
33500,27.184000000000005,24.6
33600,26.528,24.6
33700,26.528,24.6
33800,26.528,24.6
33900,26.168,24.6
34000,26.168,24.6
34100,26.168,24.6
34200,26.168,24.6
34300,26.168,24.6
34400,26.168,24.6
34500,26.112000000000002,24.6
34600,26.112000000000002,24.6
34700,26.112000000000002,24.6
34800,26.112000000000002,24.6
34900,26.112000000000002,24.6
35000,26.112000000000002,24.6
35100,26.112000000000002,24.6
35200,26.112000000000002,24.6
35300,26.112000000000002,24.6
35400,26.112000000000002,24.6
35500,25.456,24.6
35600,25.456,24.6
35700,25.456,24.6
35800,25.456,24.6
35900,25.456,24.6
36000,25.456,24.6
36100,25.456,24.6
36200,25.456,24.6
36300,25.456,24.6
36400,25.456,24.6
36500,25.456,24.6
36600,25.456,24.6
36700,25.456,24.6
36800,25.456,24.6
36900,25.456,24.6
37000,25.456,24.6
37100,25.456,24.6
37200,25.456,24.6
37300,25.456,24.6
37400,25.456,24.6
37500,25.456,24.6
37600,25.456,24.6
37700,25.456,24.6
37800,25.456,24.6
37900,25.456,24.6
38000,25.456,24.6
38100,25.456,24.6
38200,25.456,24.6
38300,25.456,24.6
38400,25.456,24.6
38500,25.456,24.6
38600,25.456,24.6
38700,25.216,24.6
38800,25.216,24.6
38900,25.216,24.6
39000,25.216,24.6
39100,25.216,24.6
39200,25.216,24.6
39300,25.216,24.6
39400,25.216,24.6
39500,25.216,24.6
39600,25.216,24.6
39700,25.216,24.6
39800,25.216,24.6
39900,25.216,24.6
40000,25.216,24.6
40100,25.216,24.6
40200,25.216,24.6
40300,25.216,24.6
40400,25.216,24.6
40500,25.216,24.6
40600,25.216,24.6
40700,25.216,24.6
40800,25.216,24.6
40900,25.216,24.6
41000,25.216,24.6
41100,25.216,24.6
41200,25.216,24.6
41300,25.216,24.6
41400,25.216,24.6
41500,25.216,24.6
41600,25.216,24.6
41700,25.216,24.6
41800,25.216,24.6
41900,25.216,24.6
42000,25.216,24.6
42100,25.216,24.6
42200,25.216,24.6
42300,25.216,24.6
42400,25.216,24.6
42500,25.216,24.6
42600,25.216,24.6
42700,25.216,24.6
42800,25.216,24.6
42900,25.216,24.6
43000,25.216,24.6
43100,25.216,24.6
43200,25.216,24.6
43300,25.216,24.6
43400,25.216,24.6
43500,25.216,24.6
43600,25.216,24.6
43700,25.216,24.6
43800,25.216,24.6
43900,25.216,24.6
44000,25.216,24.6
44100,25.216,24.6
44200,25.216,24.6
44300,25.216,24.6
44400,25.216,24.6
44500,25.216,24.6
44600,25.216,24.6
44700,25.216,24.6
44800,25.216,24.6
44900,25.216,24.6
45000,25.216,24.6
45100,25.216,24.6
45200,25.216,24.6
45300,25.216,24.6
45400,25.216,24.6
45500,25.216,24.6
45600,25.216,24.6
45700,25.216,24.6
45800,25.216,24.6
45900,25.216,24.6
46000,25.216,24.6
46100,25.216,24.6
46200,25.216,24.6
46300,25.216,24.6
46400,25.216,24.6
46500,25.216,24.6
46600,25.216,24.6
46700,25.216,24.6
46800,25.216,24.6
46900,25.216,24.6
47000,25.216,24.6
47100,25.216,24.6
47200,25.216,24.6
47300,25.216,24.6
47400,25.216,24.6
47500,25.216,24.6
47600,25.216,24.6
47700,25.032,24.6
47800,25.032,24.6
47900,25.032,24.6
48000,25.032,24.6
48100,25.032,24.6
48200,25.032,24.6
48300,25.032,24.6
48400,25.032,24.6
48500,25.032,24.6
48600,25.032,24.6
48700,25.032,24.6
48800,25.032,24.6
48900,25.032,24.6
49000,25.032,24.6
49100,25.032,24.6
49200,25.032,24.6
49300,25.032,24.6
49400,25.032,24.6
49500,25.032,24.6
49600,25.032,24.6
49700,25.032,24.6
49800,25.032,24.6
49900,25.032,24.6
50000,25.032,24.6
50100,25.032,24.6
50200,25.032,24.6
50300,25.032,24.6
50400,25.032,24.6
50500,25.032,24.6
50600,25.032,24.6
50700,25.032,24.6
50800,25.032,24.6
50900,25.032,24.6
51000,25.032,24.6
51100,25.032,24.6
51200,24.52,24.6
51300,24.52,24.6
51400,24.52,24.6
51500,24.52,24.6
51600,24.52,24.6
51700,24.52,24.6
51800,24.52,24.6
51900,24.52,24.6
52000,24.503999999999998,24.6
52100,24.503999999999998,24.6
52200,24.503999999999998,24.6
52300,24.503999999999998,24.6
52400,24.503999999999998,24.6
52500,24.503999999999998,24.6
52600,24.503999999999998,24.6
52700,24.503999999999998,24.6
52800,24.503999999999998,24.6
52900,24.503999999999998,24.6
53000,24.503999999999998,24.6
53100,24.503999999999998,24.6
53200,24.503999999999998,24.6
53300,24.503999999999998,24.6
53400,24.503999999999998,24.6
53500,24.368000000000002,24.6
53600,24.368000000000002,24.6
53700,24.368000000000002,24.6
53800,24.368000000000002,24.6
53900,24.368000000000002,24.6
54000,24.368000000000002,24.6
54100,24.368000000000002,24.6
54200,24.368000000000002,24.6
54300,24.368000000000002,24.6
54400,24.368000000000002,24.6
54500,24.368000000000002,24.6
54600,24.368000000000002,24.6
54700,24.368000000000002,24.6
54800,24.368000000000002,24.6
54900,24.368000000000002,24.6
55000,24.368000000000002,24.6
55100,24.368000000000002,24.6
55200,24.368000000000002,24.6
55300,24.368000000000002,24.6
55400,24.368000000000002,24.6
55500,24.368000000000002,24.6
55600,24.368000000000002,24.6
55700,24.368000000000002,24.6
55800,24.368000000000002,24.6
55900,24.368000000000002,24.6
56000,24.368000000000002,24.6
56100,24.368000000000002,24.6
56200,24.368000000000002,24.6
56300,24.368000000000002,24.6
56400,24.368000000000002,24.6
56500,24.368000000000002,24.6
56600,24.368000000000002,24.6
56700,24.368000000000002,24.6
56800,24.368000000000002,24.6
56900,24.368000000000002,24.6
57000,24.368000000000002,24.6
57100,24.368000000000002,24.6
57200,24.368000000000002,24.6
57300,24.368000000000002,24.6
57400,24.368000000000002,24.6
57500,24.368000000000002,24.6
57600,24.368000000000002,24.6
57700,24.368000000000002,24.6
57800,24.368000000000002,24.6
57900,24.368000000000002,24.6
58000,24.368000000000002,24.6
58100,24.368000000000002,24.6
58200,24.368000000000002,24.6
58300,24.368000000000002,24.6
58400,24.368000000000002,24.6
58500,24.368000000000002,24.6
58600,24.368000000000002,24.6
58700,24.368000000000002,24.6
58800,24.368000000000002,24.6
58900,24.368000000000002,24.6
59000,24.368000000000002,24.6
59100,24.368000000000002,24.6
59200,24.368000000000002,24.6
59300,24.368000000000002,24.6
59400,23.991999999999997,24.6
59500,23.991999999999997,24.6
59600,23.991999999999997,24.6
59700,23.991999999999997,24.6
59800,23.991999999999997,24.6
59900,23.991999999999997,24.6
60000,23.991999999999997,24.6
60100,23.991999999999997,24.6
60200,23.991999999999997,24.6
60300,23.991999999999997,24.6
60400,23.991999999999997,24.6
60500,23.991999999999997,24.6
60600,23.991999999999997,24.6
60700,23.991999999999997,24.6
60800,23.991999999999997,24.6
60900,23.991999999999997,24.6
61000,23.991999999999997,24.6
61100,23.991999999999997,24.6
61200,23.991999999999997,24.6
61300,23.991999999999997,24.6
61400,23.991999999999997,24.6
61500,23.991999999999997,24.6
61600,23.991999999999997,24.6
61700,23.991999999999997,24.6
61800,23.991999999999997,24.6
61900,23.991999999999997,24.6
62000,23.991999999999997,24.6
62100,23.991999999999997,24.6
62200,23.991999999999997,24.6
62300,23.991999999999997,24.6
62400,23.991999999999997,24.6
62500,23.991999999999997,24.6
62600,23.991999999999997,24.6
62700,23.991999999999997,24.6
62800,23.991999999999997,24.6
62900,23.991999999999997,24.6
63000,23.991999999999997,24.6
63100,23.991999999999997,24.6
63200,23.968,24.6
63300,23.968,24.6
63400,23.968,24.6
63500,23.968,24.6
63600,23.968,24.6
63700,23.968,24.6
63800,23.968,24.6
63900,23.968,24.6
64000,23.968,24.6
64100,23.968,24.6
64200,23.968,24.6
64300,23.968,24.6
64400,23.968,24.6
64500,23.968,24.6
64600,23.968,24.6
64700,23.968,24.6
64800,23.968,24.6
64900,23.968,24.6
65000,23.968,24.6
65100,23.968,24.6
65200,23.968,24.6
65300,23.968,24.6
65400,23.968,24.6
65500,23.968,24.6
65600,23.631999999999998,24.6
65700,23.631999999999998,24.6
65800,23.6,24.6
65900,23.6,24.6
66000,23.6,24.6
66100,23.6,24.6
66200,23.6,24.6
66300,23.6,24.6
66400,23.6,24.6
66500,23.6,24.6
66600,23.6,24.6
66700,23.6,24.6
66800,23.6,24.6
66900,23.6,24.6
67000,23.6,24.6
67100,23.6,24.6
67200,23.6,24.6
67300,23.6,24.6
67400,23.6,24.6
67500,23.6,24.6
67600,23.6,24.6
67700,23.6,24.6
67800,23.6,24.6
67900,23.6,24.6
68000,23.6,24.6
68100,23.6,24.6
68200,23.6,24.6
68300,23.6,24.6
68400,23.6,24.6
68500,23.6,24.6
68600,23.6,24.6
68700,23.6,24.6
68800,23.6,24.6
68900,23.592000000000002,24.6
69000,23.592000000000002,24.6
69100,23.592000000000002,24.6
69200,23.592000000000002,24.6
69300,23.592000000000002,24.6
69400,23.592000000000002,24.6
69500,23.592000000000002,24.6
69600,23.592000000000002,24.6
69700,23.592000000000002,24.6
69800,23.592000000000002,24.6
69900,23.592000000000002,24.6
70000,23.592000000000002,24.6
70100,23.592000000000002,24.6
70200,23.592000000000002,24.6
70300,23.592000000000002,24.6
70400,23.592000000000002,24.6
70500,23.592000000000002,24.6
70600,23.592000000000002,24.6
70700,23.592000000000002,24.6
70800,23.592000000000002,24.6
70900,23.592000000000002,24.6
71000,23.592000000000002,24.6
71100,23.592000000000002,24.6
71200,23.592000000000002,24.6
71300,23.592000000000002,24.6
71400,23.592000000000002,24.6
71500,23.592000000000002,24.6
71600,23.592000000000002,24.6
71700,23.592000000000002,24.6
71800,23.592000000000002,24.6
71900,23.592000000000002,24.6
72000,23.592000000000002,24.6
72100,23.592000000000002,24.6
72200,23.592000000000002,24.6
72300,23.592000000000002,24.6
72400,23.592000000000002,24.6
72500,23.592000000000002,24.6
72600,23.592000000000002,24.6
72700,23.592000000000002,24.6
72800,23.592000000000002,24.6
72900,23.592000000000002,24.6
73000,23.592000000000002,24.6
73100,23.592000000000002,24.6
73200,23.592000000000002,24.6
73300,23.592000000000002,24.6
73400,23.592000000000002,24.6
73500,23.592000000000002,24.6
73600,23.592000000000002,24.6
73700,23.592000000000002,24.6
73800,23.592000000000002,24.6
73900,23.592000000000002,24.6
74000,23.592000000000002,24.6
74100,23.592000000000002,24.6
74200,23.592000000000002,24.6
74300,23.592000000000002,24.6
74400,23.592000000000002,24.6
74500,23.592000000000002,24.6
74600,23.592000000000002,24.6
74700,23.592000000000002,24.6
74800,23.592000000000002,24.6
74900,23.152,24.6
75000,23.152,24.6
75100,23.152,24.6
75200,23.152,24.6
75300,23.152,24.6
75400,23.152,24.6
75500,23.152,24.6
75600,23.152,24.6
75700,23.152,24.6
75800,23.152,24.6
75900,23.152,24.6
76000,23.152,24.6
76100,23.152,24.6
76200,23.152,24.6
76300,23.152,24.6
76400,23.152,24.6
76500,23.152,24.6
76600,23.152,24.6
76700,23.152,24.6
76800,23.152,24.6
76900,23.152,24.6
77000,23.152,24.6
77100,23.152,24.6
77200,23.152,24.6
77300,23.152,24.6
77400,23.152,24.6
77500,23.152,24.6
77600,23.152,24.6
77700,23.152,24.6
77800,23.152,24.6
77900,23.152,24.6
78000,23.152,24.6
78100,23.152,24.6
78200,23.152,24.6
78300,23.152,24.6
78400,23.152,24.6
78500,23.152,24.6
78600,23.152,24.6
78700,23.152,24.6
78800,23.152,24.6
78900,23.152,24.6
79000,23.152,24.6
79100,23.152,24.6
79200,23.152,24.6
79300,23.152,24.6
79400,23.152,24.6
79500,23.152,24.6
79600,23.152,24.6
79700,23.152,24.6
79800,23.152,24.6
79900,23.152,24.6
80000,23.152,24.6
80100,23.152,24.6
80200,23.152,24.6
80300,23.152,24.6
80400,23.152,24.6
80500,23.152,24.6
80600,23.152,24.6
80700,23.152,24.6
80800,23.152,24.6
80900,23.152,24.6
81000,23.152,24.6
81100,23.152,24.6
81200,23.152,24.6
81300,23.152,24.6
81400,23.152,24.6
81500,23.152,24.6
81600,23.152,24.6
81700,23.152,24.6
81800,23.152,24.6
81900,23.152,24.6
82000,23.152,24.6
82100,23.152,24.6
82200,23.152,24.6
82300,23.152,24.6
82400,23.152,24.6
82500,23.152,24.6
82600,23.152,24.6
82700,23.152,24.6
82800,23.152,24.6
82900,23.152,24.6
83000,23.152,24.6
83100,23.152,24.6
83200,23.152,24.6
83300,22.976000000000003,24.6
83400,22.976000000000003,24.6
83500,22.976000000000003,24.6
83600,22.976000000000003,24.6
83700,22.976000000000003,24.6
83800,22.976000000000003,24.6
83900,22.976000000000003,24.6
84000,22.976000000000003,24.6
84100,22.976000000000003,24.6
84200,22.808,24.6
84300,22.808,24.6
84400,22.808,24.6
84500,22.808,24.6
84600,22.808,24.6
84700,22.808,24.6
84800,22.808,24.6
84900,22.808,24.6
85000,22.808,24.6
85100,22.808,24.6
85200,22.808,24.6
85300,22.808,24.6
85400,22.808,24.6
85500,22.808,24.6
85600,22.808,24.6
85700,22.808,24.6
85800,22.808,24.6
85900,22.808,24.6
86000,22.808,24.6
86100,22.808,24.6
86200,22.808,24.6
86300,22.808,24.6
86400,22.808,24.6
86500,22.808,24.6
86600,22.808,24.6
86700,22.808,24.6
86800,22.808,24.6
86900,22.808,24.6
87000,22.808,24.6
87100,22.744000000000003,24.6
87200,22.744000000000003,24.6
87300,22.744000000000003,24.6
87400,22.744000000000003,24.6
87500,22.744000000000003,24.6
87600,22.744000000000003,24.6
87700,22.744000000000003,24.6
87800,22.744000000000003,24.6
87900,22.712,24.4
88000,22.712,24.4
88100,22.712,24.4
88200,22.712,24.4
88300,22.712,24.4
88400,22.712,24.4
88500,22.616,24.4
88600,22.616,24.4
88700,22.616,24.4
88800,22.288,24.6
88900,22.288,24.6
89000,22.288,24.6
89100,22.288,24.6
89200,22.288,24.6
89300,22.288,24.6
89400,22.288,24.6
89500,22.288,24.6
89600,22.288,24.6
89700,22.288,24.6
89800,22.288,24.6
89900,22.288,24.6
90000,22.288,24.6
90100,22.288,24.6
90200,22.288,24.6
90300,22.288,24.6
90400,22.288,24.6
90500,22.288,24.6
90600,22.288,24.6
90700,22.288,24.6
90800,22.288,24.6
90900,22.288,24.6
91000,22.288,24.6
91100,22.288,24.6
91200,22.288,24.6
91300,22.288,24.6
91400,22.288,24.6
91500,22.288,24.6
91600,22.288,24.6
91700,22.288,24.6
91800,22.288,24.6
91900,22.288,24.6
92000,22.288,24.6
92100,22.288,24.6
92200,22.288,24.6
92300,22.288,24.6
92400,22.288,24.6
92500,22.288,24.6
92600,22.288,24.6
92700,22.288,24.6
92800,22.288,24.6
92900,22.264,24.6
93000,22.264,24.6
93100,22.264,24.6
93200,22.264,24.6
93300,22.264,24.6
93400,22.264,24.6
93500,22.264,24.6
93600,22.264,24.6
93700,22.264,24.6
93800,22.264,24.6
93900,22.264,24.6
94000,22.264,24.6
94100,22.264,24.6
94200,22.264,24.6
94300,22.264,24.6
94400,22.264,24.6
94500,22.264,24.6
94600,22.04,24.6
94700,22.04,24.6
94800,22.04,24.6
94900,22.04,24.6
95000,22.04,24.6
95100,22.04,24.6
95200,22.04,24.6
95300,22.04,24.6
95400,22.04,24.6
95500,22.04,24.6
95600,22.04,24.6
95700,22.04,24.6
95800,22.04,24.6
95900,22.04,24.6
96000,22.04,24.6
96100,22.04,24.6
96200,22.04,24.6
96300,22.04,24.6
96400,22.04,24.6
96500,22.04,24.6
96600,22.04,24.6
96700,22.04,24.6
96800,22.04,24.6
96900,22.04,24.6
97000,22.04,24.6
97100,22.04,24.6
97200,22.04,24.6
97300,22.04,24.6
97400,22.04,24.6
97500,22.04,24.6
97600,22.04,24.6
97700,22.04,24.6
97800,22.04,24.6
97900,22.04,24.6
98000,22.04,24.6
98100,22.04,24.6
98200,22.04,24.6
98300,22.04,24.6
98400,22.04,24.6
98500,22.04,24.6
98600,22.04,24.6
98700,22.04,24.6
98800,22.04,24.6
98900,22.04,24.6
99000,22.04,24.6
99100,22.04,24.6
99200,22.04,24.6
99300,22.04,24.6
99400,22.04,24.6
99500,22.04,24.6
99600,22.04,24.6
99700,22.04,24.6
99800,22.04,24.6
99900,22.04,24.6
99999,22.04,24.6

START ALGORITHM
h2: (-a15) * (b13 + b23 - b54)
h3: (a34) * (b34 + b54 + b14 - b32)
h18: (-a42 - a55) * (b14 - b41)
h21: (a44) * (b33 - b25 - b42)
h25: (a32) * (-b54)
h27: (-a55) * (b13 - b51)
h31: (-a31) * (b41 - b54 - b53 - b15 - b14)
h46: (a31) * (b35 + b32 + b32 - b22 - b24 - b41 - b32 - b53)
h48: (-a25) * (b52 + b14)
h49: (a45) * (b33)
h51: (a41 - a42 - a44) * (b55 - b14)
h56: (a15) * (b31 - b51 - b34 - b54)
h63: (a51) * (-b45)
h73: (-a32) * (b21 + b32 + b12 + b55 + b13 - b32)
h74: (-a43) * (b34 + b31 + b43 + b55 + b52 + b15 - b24 - b44 - b53 - b42)
h91: (-a52) * (b53 + b31 - b54 - b24 - b23)
h104: (a52 - a24) * (b11 - b13)
h111: (a53) * (b13)
h120: (a25) * (b32 + b52)
h125: (a34) * (-b22)
h138: (-a41 - a42) * (b42 + b43 + b33 + b54 - b43 - b53 - b45 - b51 - b33)
h142: (-a43) * (b13)
h198: (a55) * (b25 + b54 + b34 - b51 - b45 - b13)
h208: (-a43) * (b35 + b55 - b22 - b51 - b35)
h303: (-a15) * (b53 + b15 + b21 - b54 - b21 - b45)
h775: (-a42) * (b31 + b23 - b21 - b21 - b13 - b25 - b55)
h901: (a13 - a13) * (b35 + b45 + b45 + b15 + b44 + b12 + b51 + b14 + b21 - b54 - b13 - b24 - b52 - b22 - b14 - b34 - b33 - b44)
h1301: (a13 + a54 + a33 - a15 - a34) * (b51)
h2074: (a24 - a25) * (b25)
h2131: (-a25) * (b13 + b32 + b31 + b25 + b45 - b31)
h3158: (-a21) * (b42 + b53 + b44 + b24 + b24)
h3234: (-a14) * (b23 + b45 + b44 - b15 - b13)
h4877: (-a34) * (b12 + b13 + b12)
h6560: (a23) * (b55)
h9110: (a14) * (b52 + b33)
h10382: (a53) * (b21)
h11076: (-a53) * (b24 + b45 + b55 + b55 + b34 - b33 - b22 - b23 - b43 - b23)
h12481: (-a42) * (-b53)
h19822: (-a35) * (b34 - b25 - b42 - b52)
h32619: (-a41) * (b15)
h34435: (a25 + a55) * (b31 + b53)
c11: h63 + h120 - h21 
c12: h49 - h120 - h208 
c13: h48 + h142 + h46 - h25 - h303 
c14: h91 
c15: h125 + h2 + h10382 
c21: h63 
c22: h901 + h21 - h12481 
c23: h3 - h901 
c24: h2074 + h2131 
c25: h111 + h3234 
c31: - h31 - h2 - h138 
c32: h91 + h25 
c33: h775 + h3158 + h11076 
c34: h104 + h1301 
c35: h74 + h4877 - h48 
c41: h46 + h56 + h775 - h32619 
c42: h198 + h2074 
c43: h3234 + h9110 
c44: h3 
c45: h111 + h104 - h51 
c51: h73 + h775 + h19822 
c52: h27 + h73 - h104 
c53: h18 + h6560 
c54: h91 + h34435 
c55: h31 + h6560 
