0,162.272,25
100,126.848,24.8
200,96.056,24.8
300,77.384,24.8
400,73.64000000000001,24.8
500,70.296,24.8
600,65.152,24.8
700,62.25599999999999,24.8
800,59.62399999999999,24.8
900,56.592,25
1000,55.160000000000004,25
1100,49.79200000000001,25
1200,49.79200000000001,25
1300,48.88,24.8
1400,48.88,24.8
1500,48.744,24.8
1600,48.744,24.8
1700,48.744,24.8
1800,48,24.6
1900,48,24.6
2000,48,24.6
2100,47.736,24.6
2200,46.136,24.8
2300,46.136,24.8
2400,45.912,24.8
2500,44.168,24.8
2600,43.928,24.8
2700,43.512,24.6
2800,43.512,24.6
2900,43.512,24.6
3000,43.512,24.6
3100,43.512,24.6
3200,43.448,24.6
3300,43.448,24.6
3400,42.007999999999996,24.6
3500,41.256,24.6
3600,40.48,24.6
3700,40.104,24.6
3800,40.104,24.6
3900,40.104,24.6
4000,40.104,24.6
4100,40.104,24.6
4200,39.912,24.6
4300,39.624,24.6
4400,39.6,24.6
4500,39.42399999999999,24.6
4600,39.288,24.6
4700,39.288,24.6
4800,39.288,24.6
4900,39.136,24.6
5000,38.952000000000005,24.6
5100,38.472,24.6
5200,38.472,24.6
5300,37.839999999999996,24.6
5400,37.624,24.6
5500,37.624,24.6
5600,37.624,24.6
5700,37.624,24.6
5800,37.624,24.6
5900,37.624,24.6
6000,37.480000000000004,24.6
6100,37.480000000000004,24.6
6200,37.440000000000005,24.6
6300,36.647999999999996,24.8
6400,36.576,24.8
6500,36.4,24.8
6600,36.4,24.8
6700,36.4,24.8
6800,36.4,24.8
6900,36.4,24.8
7000,36.4,24.8
7100,36.4,24.8
7200,35.352000000000004,24.8
7300,34.040000000000006,24.8
7400,34.040000000000006,24.8
7500,34.040000000000006,24.8
7600,34.040000000000006,24.8
7700,34.040000000000006,24.8
7800,34.040000000000006,24.8
7900,33.344,24.8
8000,33.296,24.8
8100,33.296,24.8
8200,33.296,24.8
8300,33.024,24.8
8400,33.024,24.8
8500,33.024,24.8
8600,33.024,24.8
8700,33.024,24.8
8800,33.024,24.8
8900,33.024,24.8
9000,33.024,24.8
9100,33.024,24.8
9200,33.024,24.8
9300,33.024,24.8
9400,31.944,24.8
9500,31.615999999999996,24.8
9600,31.615999999999996,24.8
9700,31.615999999999996,24.8
9800,31.615999999999996,24.8
9900,31.615999999999996,24.8
10000,31.615999999999996,24.8
10100,31.615999999999996,24.8
10200,30.663999999999998,24.8
10300,30.663999999999998,24.8
10400,30.663999999999998,24.8
10500,30.663999999999998,24.8
10600,30.663999999999998,24.8
10700,30.535999999999994,24.8
10800,30.535999999999994,24.8
10900,30.535999999999994,24.8
11000,30.535999999999994,24.8
11100,30.303999999999995,24.8
11200,30.303999999999995,24.8
11300,30.303999999999995,24.8
11400,30.303999999999995,24.8
11500,30.303999999999995,24.8
11600,30.303999999999995,24.8
11700,30.303999999999995,24.8
11800,30.303999999999995,24.8
11900,30.303999999999995,24.8
12000,30.04,24.8
12100,29.816000000000003,24.8
12200,29.816000000000003,24.8
12300,29.816000000000003,24.8
12400,29.816000000000003,24.8
12500,29.816000000000003,24.8
12600,29.816000000000003,24.8
12700,29.816000000000003,24.8
12800,29.816000000000003,24.8
12900,29.816000000000003,24.8
13000,29.816000000000003,24.8
13100,29.768000000000008,24.8
13200,29.768000000000008,24.8
13300,29.768000000000008,24.8
13400,29.768000000000008,24.8
13500,29.768000000000008,24.8
13600,29.768000000000008,24.8
13700,29.768000000000008,24.8
13800,29.768000000000008,24.8
13900,29.639999999999997,24.8
14000,29.639999999999997,24.8
14100,29.639999999999997,24.8
14200,29.287999999999993,24.8
14300,29.024,24.8
14400,29.024,24.8
14500,29.024,24.8
14600,29.024,24.8
14700,29.024,24.8
14800,29.024,24.8
14900,29.024,24.8
15000,29.024,24.8
15100,29.024,24.8
15200,29.024,24.8
15300,29.024,24.8
15400,29.024,24.8
15500,29.024,24.8
15600,29.024,24.8
15700,29.024,24.8
15800,29.024,24.8
15900,28.968,24.8
16000,28.968,24.8
16100,28.968,24.8
16200,28.344,24.8
16300,28.344,24.8
16400,27.815999999999995,24.6
16500,27.815999999999995,24.6
16600,27.815999999999995,24.6
16700,27.815999999999995,24.6
16800,27.815999999999995,24.6
16900,27.815999999999995,24.6
17000,27.815999999999995,24.6
17100,27.815999999999995,24.6
17200,27.776,24.6
17300,27.776,24.6
17400,27.776,24.6
17500,26.951999999999998,24.6
17600,26.951999999999998,24.6
17700,26.951999999999998,24.6
17800,26.951999999999998,24.6
17900,26.951999999999998,24.6
18000,26.951999999999998,24.6
18100,26.951999999999998,24.6
18200,26.951999999999998,24.6
18300,26.951999999999998,24.6
18400,26.951999999999998,24.6
18500,26.951999999999998,24.6
18600,26.951999999999998,24.6
18700,26.919999999999998,24.6
18800,26.919999999999998,24.6
18900,26.919999999999998,24.6
19000,26.808,24.6
19100,26.808,24.6
19200,26.792,24.6
19300,26.792,24.6
19400,26.792,24.6
19500,26.792,24.6
19600,26.792,24.6
19700,26.792,24.6
19800,26.792,24.6
19900,26.544,24.6
20000,26.544,24.6
20100,26.544,24.6
20200,26.544,24.6
20300,26.544,24.6
20400,26.312,24.6
20500,26.312,24.6
20600,25.72,24.6
20700,25.72,24.6
20800,25.144,24.6
20900,25.144,24.6
21000,25.144,24.6
21100,25.144,24.6
21200,25.144,24.6
21300,25.144,24.6
21400,25.144,24.6
21500,25.144,24.6
21600,25.144,24.6
21700,25.144,24.6
21800,25.144,24.6
21900,25.144,24.6
22000,25.144,24.6
22100,25.144,24.6
22200,24.928,24.6
22300,24.928,24.6
22400,24.928,24.6
22500,24.928,24.6
22600,24.928,24.6
22700,24.928,24.6
22800,24.928,24.6
22900,24.928,24.6
23000,24.928,24.6
23100,24.928,24.6
23200,24.928,24.6
23300,24.928,24.6
23400,24.928,24.6
23500,24.928,24.6
23600,24.928,24.6
23700,24.928,24.6
23800,24.928,24.6
23900,24.928,24.6
24000,24.928,24.6
24100,24.928,24.6
24200,24.928,24.6
24300,24.928,24.6
24400,24.928,24.6
24500,24.928,24.6
24600,24.823999999999998,24.6
24700,24.823999999999998,24.6
24800,24.823999999999998,24.6
24900,24.823999999999998,24.6
25000,24.823999999999998,24.6
25100,24.823999999999998,24.6
25200,24.823999999999998,24.6
25300,24.823999999999998,24.6
25400,24.4,24.6
25500,24.4,24.6
25600,24.4,24.6
25700,24.4,24.6
25800,24.4,24.6
25900,24.4,24.6
26000,24.4,24.6
26100,24.4,24.6
26200,24.4,24.6
26300,24.279999999999998,24.6
26400,24.279999999999998,24.6
26500,24.279999999999998,24.6
26600,24.279999999999998,24.6
26700,24.279999999999998,24.6
26800,24.279999999999998,24.6
26900,24.279999999999998,24.6
27000,24.279999999999998,24.6
27100,24.279999999999998,24.6
27200,24.279999999999998,24.6
27300,24.279999999999998,24.6
27400,24.279999999999998,24.6
27500,24.279999999999998,24.6
27600,24.279999999999998,24.6
27700,24.279999999999998,24.6
27800,24.279999999999998,24.6
27900,24.279999999999998,24.6
28000,24.279999999999998,24.6
28100,24.279999999999998,24.6
28200,24.279999999999998,24.6
28300,24.279999999999998,24.6
28400,24.279999999999998,24.6
28500,24.279999999999998,24.6
28600,24.279999999999998,24.6
28700,24.279999999999998,24.6
28800,24.279999999999998,24.6
28900,24.279999999999998,24.6
29000,24.279999999999998,24.6
29100,24.279999999999998,24.6
29200,24.279999999999998,24.6
29300,24.279999999999998,24.6
29400,24.279999999999998,24.6
29500,24.279999999999998,24.6
29600,24.279999999999998,24.6
29700,24.279999999999998,24.6
29800,24.279999999999998,24.6
29900,24.279999999999998,24.6
30000,24.279999999999998,24.6
30100,24.279999999999998,24.6
30200,24.279999999999998,24.6
30300,24.279999999999998,24.6
30400,24.279999999999998,24.6
30500,24.279999999999998,24.6
30600,24.208,24.6
30700,24.208,24.6
30800,24.208,24.6
30900,24.208,24.6
31000,24.208,24.6
31100,24.208,24.6
31200,24.208,24.6
31300,24.208,24.6
31400,24.208,24.6
31500,24.208,24.6
31600,24.208,24.6
31700,24.208,24.6
31800,24.208,24.6
31900,24.208,24.6
32000,24.208,24.6
32100,24.208,24.6
32200,24.208,24.6
32300,24.208,24.6
32400,24.208,24.6
32500,24.208,24.6
32600,24.208,24.6
32700,24.208,24.6
32800,24.208,24.6
32900,24.208,24.6
33000,24.208,24.6
33100,24.208,24.6
33200,23.759999999999998,24.6
33300,23.759999999999998,24.6
33400,23.759999999999998,24.6
33500,23.759999999999998,24.6
33600,23.759999999999998,24.6
33700,23.759999999999998,24.6
33800,23.759999999999998,24.6
33900,23.759999999999998,24.6
34000,23.759999999999998,24.6
34100,23.759999999999998,24.6
34200,23.759999999999998,24.6
34300,23.759999999999998,24.6
34400,23.759999999999998,24.6
34500,23.759999999999998,24.6
34600,23.759999999999998,24.6
34700,23.759999999999998,24.6
34800,23.759999999999998,24.6
34900,23.759999999999998,24.6
35000,23.759999999999998,24.6
35100,22.832,24.6
35200,22.832,24.6
35300,22.832,24.6
35400,22.832,24.6
35500,22.568,24.4
35600,22.568,24.4
35700,22.568,24.4
35800,22.080000000000002,24.4
35900,22.080000000000002,24.4
36000,22.080000000000002,24.4
36100,22.080000000000002,24.4
36200,22.080000000000002,24.4
36300,22.080000000000002,24.4
36400,22.080000000000002,24.4
36500,22.080000000000002,24.4
36600,22.080000000000002,24.4
36700,22.080000000000002,24.4
36800,22.080000000000002,24.4
36900,22.080000000000002,24.4
37000,22.080000000000002,24.4
37100,22.080000000000002,24.4
37200,22.080000000000002,24.4
37300,22.080000000000002,24.4
37400,22.080000000000002,24.4
37500,22.080000000000002,24.4
37600,22.080000000000002,24.4
37700,22.080000000000002,24.4
37800,22.080000000000002,24.4
37900,22.080000000000002,24.4
38000,22.080000000000002,24.4
38100,22.080000000000002,24.4
38200,22.080000000000002,24.4
38300,22.080000000000002,24.4
38400,22.080000000000002,24.4
38500,22.016000000000002,24.4
38600,21.984,24.4
38700,21.984,24.4
38800,21.984,24.4
38900,21.984,24.4
39000,21.984,24.4
39100,21.984,24.4
39200,21.984,24.4
39300,21.984,24.4
39400,21.984,24.4
39500,21.984,24.4
39600,21.984,24.4
39700,21.984,24.4
39800,21.984,24.4
39900,21.984,24.4
40000,21.984,24.4
40100,21.984,24.4
40200,21.984,24.4
40300,21.776,24.4
40400,21.776,24.4
40500,21.776,24.4
40600,21.776,24.4
40700,21.776,24.4
40800,21.776,24.4
40900,21.776,24.4
41000,21.776,24.4
41100,21.776,24.4
41200,21.776,24.4
41300,21.631999999999998,24.2
41400,21.631999999999998,24.2
41500,21.631999999999998,24.2
41600,21.631999999999998,24.2
41700,21.631999999999998,24.2
41800,21.631999999999998,24.2
41900,21.631999999999998,24.2
42000,21.631999999999998,24.2
42100,21.631999999999998,24.2
42200,21.631999999999998,24.2
42300,21.631999999999998,24.2
42400,21.631999999999998,24.2
42500,21.631999999999998,24.2
42600,21.631999999999998,24.2
42700,21.631999999999998,24.2
42800,21.631999999999998,24.2
42900,21.631999999999998,24.2
43000,21.631999999999998,24.2
43100,21.631999999999998,24.2
43200,21.631999999999998,24.2
43300,21.631999999999998,24.2
43400,21.631999999999998,24.2
43500,21.631999999999998,24.4
43600,21.631999999999998,24.4
43700,21.631999999999998,24.4
43800,21.631999999999998,24.4
43900,21.631999999999998,24.4
44000,21.631999999999998,24.4
44100,21.631999999999998,24.4
44200,21.631999999999998,24.4
44300,21.631999999999998,24.4
44400,21.631999999999998,24.4
44500,21.631999999999998,24.4
44600,21.631999999999998,24.4
44700,21.631999999999998,24.4
44800,21.631999999999998,24.4
44900,21.631999999999998,24.4
45000,21.631999999999998,24.4
45100,21.631999999999998,24.4
45200,21.631999999999998,24.4
45300,21.631999999999998,24.4
45400,21.631999999999998,24.4
45500,21.52,24.6
45600,21.52,24.6
45700,21.52,24.6
45800,21.52,24.6
45900,21.52,24.6
46000,21.52,24.6
46100,21.52,24.6
46200,21.448,24.6
46300,21.448,24.6
46400,21.448,24.6
46500,21.448,24.6
46600,21.328000000000003,24.6
46700,21.328000000000003,24.6
46800,21.328000000000003,24.6
46900,21.328000000000003,24.6
47000,21.328000000000003,24.6
47100,21.328000000000003,24.6
47200,21.328000000000003,24.6
47300,21.328000000000003,24.6
47400,21.328000000000003,24.6
47500,21.328000000000003,24.6
47600,21.328000000000003,24.6
47700,20.96,24.4
47800,20.96,24.4
47900,20.96,24.4
48000,20.648,24.6
48100,20.648,24.6
48200,20.648,24.6
48300,20.648,24.6
48400,20.648,24.6
48500,20.648,24.6
48600,20.648,24.6
48700,20.648,24.6
48800,20.648,24.6
48900,20.648,24.6
49000,20.648,24.6
49100,20.648,24.6
49200,20.648,24.6
49300,20.648,24.6
49400,20.648,24.6
49500,20.648,24.6
49600,20.648,24.6
49700,20.648,24.6
49800,20.648,24.6
49900,20.648,24.6
50000,20.648,24.6
50100,20.648,24.6
50200,20.648,24.6
50300,20.648,24.6
50400,20.648,24.6
50500,20.648,24.6
50600,20.648,24.6
50700,20.648,24.6
50800,20.648,24.6
50900,20.648,24.6
51000,20.648,24.6
51100,20.648,24.6
51200,20.648,24.6
51300,20.648,24.6
51400,20.648,24.6
51500,20.648,24.6
51600,20.648,24.6
51700,20.648,24.6
51800,20.648,24.6
51900,20.648,24.6
52000,20.648,24.6
52100,20.648,24.6
52200,20.648,24.6
52300,20.648,24.6
52400,20.648,24.6
52500,20.648,24.6
52600,20.648,24.6
52700,20.648,24.6
52800,20.648,24.6
52900,20.648,24.6
53000,20.648,24.6
53100,20.648,24.6
53200,20.584,24.4
53300,20.584,24.4
53400,20.584,24.4
53500,20.472,24.6
53600,20.472,24.6
53700,20.472,24.6
53800,20.472,24.6
53900,20.472,24.6
54000,20.472,24.6
54100,20.472,24.6
54200,20.472,24.6
54300,20.472,24.6
54400,20.472,24.6
54500,20.472,24.6
54600,20.472,24.6
54700,20.472,24.6
54800,20.472,24.6
54900,20.472,24.6
55000,20.472,24.6
55100,20.472,24.6
55200,20.472,24.6
55300,20.472,24.6
55400,20.472,24.6
55500,20.472,24.6
55600,20.472,24.6
55700,20.472,24.6
55800,20.472,24.6
55900,20.472,24.6
56000,20.472,24.6
56100,20.472,24.6
56200,20.472,24.6
56300,20.472,24.6
56400,20.472,24.6
56500,20.472,24.6
56600,20.472,24.6
56700,20.472,24.6
56800,20.472,24.6
56900,20.472,24.6
57000,20.472,24.6
57100,20.472,24.6
57200,20.472,24.6
57300,20.472,24.6
57400,20.472,24.6
57500,20.472,24.6
57600,20.472,24.6
57700,20.24,24.6
57800,20.24,24.6
57900,20.24,24.6
58000,20.24,24.6
58100,20.24,24.6
58200,20.24,24.6
58300,20.24,24.6
58400,20.24,24.6
58500,20.24,24.6
58600,20.24,24.6
58700,20.24,24.6
58800,20.24,24.6
58900,20.24,24.6
59000,20.24,24.6
59100,20.24,24.6
59200,20.24,24.6
59300,20.24,24.6
59400,20.24,24.6
59500,20.24,24.6
59600,20.24,24.6
59700,20.24,24.6
59800,20.24,24.6
59900,20.24,24.6
60000,20.24,24.6
60100,20.24,24.6
60200,20.24,24.6
60300,20.24,24.6
60400,20.24,24.6
60500,20.24,24.6
60600,20.24,24.6
60700,20.24,24.6
60800,20.24,24.6
60900,20.24,24.6
61000,20.24,24.6
61100,20.24,24.6
61200,20.24,24.6
61300,20.24,24.6
61400,20.24,24.6
61500,20.24,24.6
61600,20.24,24.6
61700,20.24,24.6
61800,20.24,24.6
61900,20.24,24.6
62000,20.104,24.6
62100,20.104,24.6
62200,20.104,24.6
62300,20.104,24.6
62400,20.104,24.6
62500,20.104,24.6
62600,20.104,24.6
62700,20.104,24.6
62800,20.104,24.6
62900,20.104,24.6
63000,20.104,24.6
63100,20.104,24.6
63200,20.104,24.6
63300,20.104,24.6
63400,20.104,24.6
63500,20.104,24.6
63600,20.104,24.6
63700,20.104,24.6
63800,20.104,24.6
63900,20.104,24.6
64000,20.104,24.6
64100,20.024,24.6
64200,20.024,24.6
64300,20.024,24.6
64400,20.024,24.6
64500,20.024,24.6
64600,20.024,24.6
64700,20.024,24.6
64800,20.024,24.6
64900,20.024,24.6
65000,20.024,24.6
65100,20.024,24.6
65200,20.024,24.6
65300,20.024,24.6
65400,20.024,24.6
65500,20.024,24.6
65600,20.024,24.6
65700,20.024,24.6
65800,20.024,24.6
65900,20.024,24.6
66000,20.024,24.6
66100,20.024,24.6
66200,20.024,24.6
66300,20.024,24.6
66400,20.024,24.6
66500,20.024,24.6
66600,20.024,24.6
66700,19.951999999999998,24.6
66800,19.951999999999998,24.6
66900,19.951999999999998,24.6
67000,19.951999999999998,24.6
67100,19.951999999999998,24.6
67200,19.951999999999998,24.6
67300,19.951999999999998,24.6
67400,19.951999999999998,24.6
67500,19.951999999999998,24.6
67600,19.951999999999998,24.6
67700,19.951999999999998,24.6
67800,19.951999999999998,24.6
67900,19.951999999999998,24.6
68000,19.832,24.6
68100,19.832,24.6
68200,19.832,24.6
68300,19.832,24.6
68400,19.832,24.6
68500,19.832,24.6
68600,19.832,24.6
68700,19.832,24.6
68800,19.832,24.6
68900,19.832,24.6
69000,19.832,24.6
69100,19.832,24.6
69200,19.832,24.6
69300,19.832,24.6
69400,19.832,24.6
69500,19.832,24.6
69600,19.696,24.6
69700,19.696,24.6
69800,19.696,24.6
69900,19.696,24.6
70000,19.696,24.6
70100,19.696,24.6
70200,19.696,24.6
70300,19.696,24.6
70400,19.696,24.6
70500,19.696,24.6
70600,19.696,24.6
70700,19.696,24.6
70800,19.696,24.6
70900,19.696,24.6
71000,19.696,24.6
71100,19.696,24.6
71200,19.696,24.6
71300,19.696,24.6
71400,19.696,24.6
71500,19.696,24.6
71600,19.696,24.6
71700,19.696,24.6
71800,19.696,24.6
71900,19.6,24.6
72000,19.6,24.6
72100,19.6,24.6
72200,19.6,24.6
72300,19.6,24.6
72400,19.6,24.6
72500,19.6,24.6
72600,19.6,24.6
72700,19.6,24.6
72800,19.6,24.6
72900,19.6,24.6
73000,19.6,24.6
73100,19.6,24.6
73200,19.6,24.6
73300,19.6,24.6
73400,19.6,24.6
73500,19.6,24.6
73600,19.512,24.6
73700,19.512,24.6
73800,19.512,24.6
73900,19.512,24.6
74000,19.512,24.6
74100,19.512,24.6
74200,19.512,24.6
74300,19.512,24.6
74400,19.512,24.6
74500,19.512,24.6
74600,19.512,24.6
74700,19.512,24.6
74800,19.512,24.6
74900,19.512,24.6
75000,19.512,24.6
75100,19.512,24.6
75200,19.512,24.6
75300,19.512,24.6
75400,19.512,24.6
75500,19.512,24.6
75600,19.512,24.6
75700,19.512,24.6
75800,19.512,24.6
75900,19.512,24.6
76000,19.512,24.6
76100,19.512,24.6
76200,19.512,24.6
76300,19.512,24.6
76400,19.512,24.6
76500,19.512,24.6
76600,19.512,24.6
76700,19.512,24.6
76800,19.512,24.6
76900,19.512,24.6
77000,19.512,24.6
77100,19.512,24.6
77200,19.512,24.6
77300,19.512,24.6
77400,19.512,24.6
77500,19.512,24.6
77600,19.512,24.6
77700,19.512,24.6
77800,19.512,24.6
77900,19.512,24.6
78000,19.512,24.6
78100,19.512,24.6
78200,19.512,24.6
78300,19.512,24.6
78400,19.304,24.8
78500,19.304,24.8
78600,19.304,24.8
78700,19.304,24.8
78800,19.304,24.8
78900,19.304,24.8
79000,19.304,24.8
79100,19.304,24.8
79200,19.304,24.8
79300,19.304,24.8
79400,19.304,24.8
79500,19.304,24.8
79600,19.304,24.8
79700,19.304,24.8
79800,19.304,24.8
79900,19.304,24.8
80000,19.304,24.8
80100,19.304,24.8
80200,19.304,24.8
80300,19.304,24.8
80400,19.304,24.8
80500,19.304,24.8
80600,19.304,24.8
80700,19.304,24.8
80800,19.304,24.8
80900,19.304,24.8
81000,19.304,24.8
81100,19.304,24.8
81200,19.304,24.8
81300,19.304,24.8
81400,19.304,24.8
81500,19.304,24.8
81600,19.304,24.8
81700,19.304,24.8
81800,19.304,24.8
81900,19.304,24.8
82000,19.304,24.8
82100,19.304,24.8
82200,19.304,24.8
82300,19.304,24.8
82400,19.304,24.8
82500,19.304,24.8
82600,19.304,24.8
82700,19.304,24.8
82800,19.304,24.8
82900,19.304,24.8
83000,19.304,24.8
83100,19.304,24.8
83200,19.304,24.8
83300,19.304,24.8
83400,19.304,24.8
83500,19.304,24.8
83600,19.304,24.8
83700,19.304,24.8
83800,19.304,24.8
83900,19.304,24.8
84000,19.304,24.8
84100,19.304,24.8
84200,19.304,24.8
84300,19.304,24.8
84400,19.304,24.8
84500,19.304,24.8
84600,19.304,24.8
84700,19.304,24.8
84800,19.304,24.8
84900,19.304,24.8
85000,19.304,24.8
85100,19.304,24.8
85200,19.304,24.8
85300,19.304,24.8
85400,19.304,24.8
85500,19.304,24.8
85600,19.304,24.8
85700,19.304,24.8
85800,19.304,24.8
85900,19.304,24.8
86000,19.304,24.8
86100,19.304,24.8
86200,19.304,24.8
86300,19.304,24.8
86400,19.304,24.8
86500,19.304,24.8
86600,19.304,24.8
86700,19.304,24.8
86800,19.304,24.8
86900,19.304,24.8
87000,19.304,24.8
87100,19.304,24.8
87200,18.704,24.8
87300,18.704,24.8
87400,18.704,24.8
87500,18.704,24.8
87600,18.704,24.8
87700,18.704,24.8
87800,18.704,24.8
87900,18.704,24.8
88000,18.704,24.8
88100,18.704,24.8
88200,18.704,24.8
88300,18.704,24.8
88400,18.704,24.8
88500,18.704,24.8
88600,18.704,24.8
88700,18.704,24.8
88800,18.704,24.8
88900,18.704,24.8
89000,18.704,24.8
89100,18.704,24.8
89200,18.704,24.8
89300,18.704,24.8
89400,18.704,24.8
89500,18.704,24.8
89600,18.704,24.8
89700,18.704,24.8
89800,18.704,24.8
89900,18.704,24.8
90000,18.704,24.8
90100,18.704,24.8
90200,18.704,24.8
90300,18.704,24.8
90400,18.704,24.8
90500,18.704,24.8
90600,18.704,24.8
90700,18.704,24.8
90800,18.704,24.8
90900,18.704,24.8
91000,18.704,24.8
91100,18.704,24.8
91200,18.704,24.8
91300,18.704,24.8
91400,18.704,24.8
91500,18.704,24.8
91600,18.704,24.8
91700,18.704,24.8
91800,18.704,24.8
91900,18.704,24.8
92000,18.704,24.8
92100,18.704,24.8
92200,18.704,24.8
92300,18.704,24.8
92400,18.704,24.8
92500,18.704,24.8
92600,18.704,24.8
92700,18.704,24.8
92800,18.704,24.8
92900,18.704,24.8
93000,18.704,24.8
93100,18.704,24.8
93200,18.704,24.8
93300,18.704,24.8
93400,18.704,24.8
93500,18.704,24.8
93600,18.704,24.8
93700,18.704,24.8
93800,18.704,24.8
93900,18.704,24.8
94000,18.704,24.8
94100,18.704,24.8
94200,18.704,24.8
94300,18.704,24.8
94400,18.704,24.8
94500,18.704,24.8
94600,18.704,24.8
94700,18.704,24.8
94800,18.704,24.8
94900,18.704,24.8
95000,18.704,24.8
95100,18.704,24.8
95200,18.704,24.8
95300,18.704,24.8
95400,18.704,24.8
95500,18.704,24.8
95600,18.704,24.8
95700,18.704,24.8
95800,18.704,24.8
95900,18.704,24.8
96000,18.704,24.8
96100,18.704,24.8
96200,18.704,24.8
96300,18.704,24.8
96400,18.704,24.8
96500,18.704,24.8
96600,18.704,24.8
96700,18.704,24.8
96800,18.704,24.8
96900,18.672,24.8
97000,18.672,24.8
97100,18.672,24.8
97200,18.672,24.8
97300,18.672,24.8
97400,18.672,24.8
97500,18.672,24.8
97600,18.672,24.8
97700,18.672,24.8
97800,18.672,24.8
97900,18.672,24.8
98000,18.672,24.8
98100,18.672,24.8
98200,18.672,24.8
98300,18.672,24.8
98400,18.672,24.8
98500,18.672,24.8
98600,18.672,24.8
98700,18.672,24.8
98800,18.672,24.8
98900,18.672,24.8
99000,18.672,24.8
99100,18.672,24.8
99200,18.672,24.8
99300,18.672,24.8
99400,18.672,24.8
99500,18.672,24.8
99600,18.672,24.8
99700,18.672,24.8
99800,18.672,24.8
99900,18.672,24.8
99999,18.672,24.8

START ALGORITHM
h18: (a31 + a21 + a42 + a12 + a45 - a14 - a43 - a51 - a44 - a51 - a44) * (-b34 - b33)
h19: (a41) * (b33 + b32 - b33 - b42)
h35: (a11 + a15 + a41 + a43 + a42 - a11 - a11) * (b52)
h40: (a12) * (b22 - b41 - b22)
h43: (a31 + a43 - a31 - a21) * (b21)
h46: (a22 - a31 - a44 - a24) * (-b15 - b44)
h47: (a35 + a43 + a21 + a21 - a12 - a43 - a34 - a31) * (-b52)
h54: (-a21) * (b23 + b33)
h68: (a21 + a23 - a35) * (-b31 - b33)
h69: (a31 - a52) * (b43 + b15)
h80: (-a43) * (-b41)
h83: (a21 - a31) * (b25 + b12 + b13 + b21 - b43 - b23)
h87: (-a14 - a52) * (b44)
h91: (a13 + a34 + a34 - a25 - a13 - a45 - a31) * (b22 - b14 - b31 - b22)
h97: (a45 + a31 + a41 + a25 - a34 - a35 - a55 - a43 - a54) * (b51 + b52 - b35 - b51 - b53)
h100: (a22) * (-b42)
h101: (a33 + a22 + a44 - a35 - a54) * (b23 + b14 - b13)
h104: (a44) * (b54 + b44)
h110: (-a15) * (b51)
h165: (-a25) * (b41)
h172: (a41 + a33) * (-b34)
h178: (-a41) * (b41 - b23)
h179: (a41) * (b32 + b11)
h202: (a23 + a12 + a15 + a31 + a34 - a12 - a12 - a13) * (-b35)
h205: (a22 + a12 + a15 + a41 + a23 + a23 + a23 - a41 - a43) * (-b35)
h211: (-a51 - a53 - a14) * (b33 - b32 - b54)
h221: (a51 + a41 + a55 + a22 - a42 - a43 - a25 - a43 - a32) * (b11 - b23 - b24)
h223: (-a33) * (b51 - b41 - b34)
h900: (-a14 - a53 - a52 - a24) * (b55)
h1026: (a14 + a43 + a31 + a55 + a34 + a11 + a32 + a54 - a14 - a54 - a55) * (b54)
h1455: (-a23 - a23) * (b53)
h1941: (a13 + a22 + a15 + a23 + a34 - a23 - a24 - a24 - a31) * (b42)
h2456: (a31 - a15) * (-b25 - b24)
h2750: (a25 + a25 + a15 + a41 - a34 - a13 - a33) * (b44 + b14 + b53 + b35 - b11)
h3532: (-a33 - a24 - a42) * (-b52)
h3546: (a21 - a31 - a22) * (b24 + b11 - b11 - b41 - b22)
h3552: (-a21) * (b51)
h6076: (-a13) * (b52)
h6077: (a13 + a55 + a35 - a33) * (-b55)
h7711: (a41 + a45 + a25 + a51 - a22 - a12 - a21) * (b25)
h7858: (a13 - a44 - a42 - a34 - a24) * (b53 + b24 - b14)
h13174: (a35 - a11) * (b52)
h17814: (-a33 - a23 - a41) * (b33)
h21673: (-a44) * (b11 + b21 + b41 - b21 - b12)
h25013: (a42) * (b15)
h26071: (-a51 - a51) * (b21)
h36371: (-a31) * (b51)
c11: h97 + h18 
c12: h172 + h6077 
c13: h100 + h101 + h221 + h83 - h19 - h2456 
c14: h43 + h68 + h178 - h179 - h202 
c15: h165 + h46 
c21: h43 + h205 + h69 + h43 + h97 + h43 
c22: - h19 - h1941 
c23: h69 + h6077 - h3532 
c24: h19 + h7711 - h13174 
c25: h40 + h17814 + h35 
c31: h1455 + h221 
c32: h54 + h87 + h91 + h172 
c33: h110 - h68 
c34: h18 - h1026 
c35: h900 - h211 
c41: h83 + h202 
c42: h6076 + h36371 - h21673 - h25013 
c43: h1026 - h26071 
c44: h18 + h172 + h87 + h1455 
c45: h100 + h205 
c51: h18 + h35 + h87 + h2750 - h223 
c52: h3546 + h7858 - h3552 
c53: h46 + h80 + h46 + h104 
c54: h47 
c55: h2750 - h110 
