0,141.656,25
100,99.67999999999999,25
200,88.52000000000001,25
300,82.80799999999999,25
400,74.184,24.8
500,70.04,24.8
600,66.616,24.8
700,64.4,25
800,60.016,25
900,55.544,25
1000,54.104,25
1100,52.944,25
1200,52.696000000000005,25
1300,51.472,25
1400,48.44000000000001,25
1500,47.824,25
1600,45.256,25
1700,44.343999999999994,25
1800,43.751999999999995,25
1900,41.896,25
2000,39.896,25
2100,39.168,25
2200,38.943999999999996,25
2300,38.943999999999996,25
2400,38.68,25
2500,38.44799999999999,25
2600,38.056000000000004,24.8
2700,37.583999999999996,24.8
2800,37.583999999999996,24.8
2900,37.51199999999999,24.8
3000,37.51199999999999,24.8
3100,36.96,24.8
3200,36.936,24.8
3300,36.296,24.8
3400,36.248000000000005,24.8
3500,34.751999999999995,24.8
3600,34.751999999999995,24.8
3700,34.751999999999995,24.8
3800,34.751999999999995,24.8
3900,34.751999999999995,24.8
4000,34.751999999999995,24.8
4100,34.751999999999995,24.8
4200,34.751999999999995,24.8
4300,34.751999999999995,24.8
4400,34.263999999999996,24.8
4500,34.184,24.8
4600,34.184,24.8
4700,34.184,24.8
4800,34.064,24.8
4900,34.064,24.8
5000,33.712,25
5100,33.712,25
5200,33.64,25
5300,33.239999999999995,25
5400,33.239999999999995,25
5500,33.239999999999995,25
5600,33.239999999999995,25
5700,33.239999999999995,25
5800,33.239999999999995,25
5900,32.832,25
6000,32.832,25
6100,32.832,25
6200,32.832,25
6300,32.327999999999996,25
6400,32.327999999999996,25
6500,32.327999999999996,25
6600,32.327999999999996,25
6700,32.327999999999996,25
6800,32.327999999999996,25
6900,32.327999999999996,25
7000,32.327999999999996,25
7100,32.263999999999996,24.8
7200,32.263999999999996,24.8
7300,32.048,25
7400,32.048,25
7500,31.784000000000002,25
7600,31.784000000000002,25
7700,31.656000000000006,24.8
7800,31.528,25
7900,31.528,25
8000,31.528,25
8100,31.528,25
8200,31.528,25
8300,31.528,25
8400,31.528,25
8500,31.528,25
8600,31.528,25
8700,31.528,25
8800,31.528,25
8900,31.528,25
9000,31.528,25
9100,31.528,25
9200,31.528,25
9300,31.528,25
9400,31.103999999999996,25
9500,31.103999999999996,25
9600,31.103999999999996,25
9700,31.103999999999996,25
9800,31.103999999999996,25
9900,31.103999999999996,25
10000,31.103999999999996,25
10100,31.103999999999996,25
10200,30.927999999999997,25
10300,30.927999999999997,25
10400,30.927999999999997,25
10500,30.927999999999997,25
10600,30.927999999999997,25
10700,30.752,25
10800,30.752,25
10900,30.752,25
11000,30.752,25
11100,30.752,25
11200,30.752,25
11300,30.568,25
11400,29.832,24.8
11500,29.832,24.8
11600,29.832,24.8
11700,29.752,24.8
11800,29.671999999999997,24.8
11900,29.336000000000002,24.8
12000,29.336000000000002,24.8
12100,29.336000000000002,24.8
12200,29.336000000000002,24.8
12300,29.272000000000002,24.8
12400,29.272000000000002,24.8
12500,29.047999999999995,24.8
12600,29.047999999999995,24.8
12700,29.016000000000002,25
12800,28.488,25
12900,28.488,25
13000,28.4,25
13100,28.4,25
13200,28.4,25
13300,28.4,25
13400,28.4,25
13500,28.4,25
13600,28.4,25
13700,28.4,25
13800,28.4,25
13900,28.4,25
14000,28.4,25
14100,28.4,25
14200,28.4,25
14300,28.344,25
14400,28.344,25
14500,28.344,25
14600,28.344,25
14700,28.344,25
14800,28.344,25
14900,27.04,25
15000,27.04,25
15100,27.04,25
15200,26.928000000000004,25
15300,26.528,25
15400,26.503999999999998,25
15500,26.503999999999998,25
15600,26.503999999999998,25
15700,26.503999999999998,25
15800,26.503999999999998,25
15900,25.927999999999997,25
16000,25.927999999999997,25
16100,25.927999999999997,25
16200,25.759999999999998,25
16300,25.728,25
16400,25.727999999999998,25
16500,25.727999999999998,25
16600,25.727999999999998,25
16700,25.727999999999998,25
16800,25.727999999999998,25
16900,25.727999999999998,25
17000,25.727999999999998,25
17100,25.727999999999998,25
17200,25.727999999999998,25
17300,25.727999999999998,25
17400,25.727999999999998,25
17500,25.727999999999998,25
17600,25.727999999999998,25
17700,25.448,25
17800,25.448,25
17900,25.448,25
18000,25.448,25
18100,25.448,25
18200,25.216,25
18300,25.216,25
18400,25.216,25
18500,25.216,25
18600,25.216,25
18700,25.216,25
18800,25.216,25
18900,25.216,25
19000,25.216,25
19100,25.216,25
19200,25.216,25
19300,25.216,25
19400,25.216,25
19500,25.216,25
19600,25.216,25
19700,25.216,25
19800,24.712,25
19900,24.119999999999997,24.8
20000,24.119999999999997,24.8
20100,24.119999999999997,24.8
20200,24.119999999999997,24.8
20300,24.119999999999997,24.8
20400,24.119999999999997,24.8
20500,24.119999999999997,24.8
20600,24.119999999999997,24.8
20700,24.119999999999997,24.8
20800,24.119999999999997,24.8
20900,24.119999999999997,24.8
21000,24.119999999999997,24.8
21100,24.119999999999997,24.8
21200,24.119999999999997,24.8
21300,24.119999999999997,24.8
21400,24.119999999999997,24.8
21500,24.119999999999997,24.8
21600,24.119999999999997,24.8
21700,24.119999999999997,24.8
21800,24.119999999999997,24.8
21900,24.119999999999997,24.8
22000,24.119999999999997,24.8
22100,24.119999999999997,24.8
22200,24.119999999999997,24.8
22300,23.624000000000002,24.8
22400,23.624000000000002,24.8
22500,23.624000000000002,24.8
22600,23.624000000000002,24.8
22700,23.624000000000002,24.8
22800,23.624000000000002,24.8
22900,23.624000000000002,24.8
23000,23.624000000000002,24.8
23100,23.624000000000002,24.8
23200,23.624000000000002,24.8
23300,23.624000000000002,24.8
23400,23.624000000000002,24.8
23500,23.624000000000002,24.8
23600,23.624000000000002,24.8
23700,23.624000000000002,24.8
23800,23.624000000000002,24.8
23900,23.624000000000002,24.8
24000,23.624000000000002,24.8
24100,23.552,24.8
24200,23.552,24.8
24300,23.552,24.8
24400,23.552,24.8
24500,23.552,24.8
24600,23.552,24.8
24700,23.552,24.8
24800,23.552,24.8
24900,23.552,24.8
25000,23.552,24.8
25100,23.552,24.8
25200,23.552,24.8
25300,23.552,24.8
25400,23.552,24.8
25500,23.552,24.8
25600,23.552,24.8
25700,23.552,24.8
25800,23.552,24.8
25900,23.552,24.8
26000,23.552,24.8
26100,23.552,24.8
26200,23.552,24.8
26300,23.552,24.8
26400,23.552,24.8
26500,23.552,24.8
26600,23.552,24.8
26700,23.512,24.8
26800,23.503999999999998,24.6
26900,23.247999999999998,24.4
27000,23.247999999999998,24.4
27100,23.247999999999998,24.4
27200,23.247999999999998,24.4
27300,23.247999999999998,24.4
27400,23.215999999999998,24.4
27500,23.215999999999998,24.4
27600,23.215999999999998,24.4
27700,23.215999999999998,24.4
27800,23.215999999999998,24.4
27900,23.215999999999998,24.4
28000,23.215999999999998,24.4
28100,23.215999999999998,24.4
28200,23.215999999999998,24.4
28300,23.215999999999998,24.4
28400,23.215999999999998,24.4
28500,23.215999999999998,24.4
28600,23.176000000000002,24.4
28700,23.056,24.4
28800,23.056,24.4
28900,23.056,24.4
29000,23.056,24.4
29100,23.056,24.4
29200,23.056,24.4
29300,23.056,24.4
29400,23.056,24.4
29500,23.056,24.4
29600,23.056,24.4
29700,23.056,24.4
29800,23.056,24.4
29900,23.056,24.4
30000,23.056,24.4
30100,23.056,24.4
30200,23.056,24.4
30300,23.056,24.4
30400,23.056,24.4
30500,23.056,24.4
30600,23.056,24.4
30700,23.056,24.4
30800,23.056,24.4
30900,23.056,24.4
31000,23.056,24.4
31100,23.056,24.4
31200,23.056,24.4
31300,23.056,24.4
31400,23.056,24.4
31500,23.056,24.4
31600,23.056,24.4
31700,23.056,24.4
31800,23.056,24.4
31900,23.056,24.4
32000,23.056,24.4
32100,23.056,24.4
32200,23.056,24.4
32300,23.056,24.4
32400,23.056,24.4
32500,23.056,24.4
32600,23.056,24.4
32700,23.056,24.4
32800,23.056,24.4
32900,23.056,24.4
33000,23.056,24.4
33100,23.056,24.4
33200,23.056,24.4
33300,23.056,24.4
33400,23.056,24.4
33500,23.056,24.4
33600,23.056,24.4
33700,23.056,24.4
33800,23.056,24.4
33900,22.968,24.4
34000,22.968,24.4
34100,22.968,24.4
34200,22.968,24.4
34300,22.968,24.4
34400,22.968,24.4
34500,22.968,24.4
34600,22.968,24.4
34700,22.968,24.4
34800,22.608,24.4
34900,22.608,24.4
35000,22.608,24.4
35100,22.608,24.4
35200,22.608,24.4
35300,22.608,24.4
35400,22.144,24.4
35500,22.144,24.4
35600,22.144,24.4
35700,22.144,24.4
35800,22.144,24.4
35900,22.144,24.4
36000,22.144,24.4
36100,22.144,24.4
36200,22.144,24.4
36300,22.144,24.4
36400,22.144,24.4
36500,22.144,24.4
36600,22.144,24.4
36700,22.144,24.4
36800,22.144,24.4
36900,22.144,24.4
37000,22.144,24.4
37100,22.144,24.4
37200,22.144,24.4
37300,22.023999999999997,24.4
37400,21.736,24.4
37500,21.736,24.4
37600,21.736,24.4
37700,21.736,24.4
37800,21.736,24.4
37900,21.736,24.4
38000,21.736,24.4
38100,21.728,24.2
38200,21.728,24.2
38300,21.728,24.2
38400,21.728,24.2
38500,21.728,24.2
38600,21.728,24.2
38700,21.728,24.2
38800,21.728,24.2
38900,21.728,24.2
39000,21.728,24.2
39100,21.728,24.2
39200,21.728,24.2
39300,21.616000000000003,24.2
39400,21.616000000000003,24.2
39500,21.616000000000003,24.2
39600,21.616000000000003,24.2
39700,21.616000000000003,24.2
39800,21.616000000000003,24.2
39900,21.616000000000003,24.2
40000,21.368000000000002,24.2
40100,21.368000000000002,24.2
40200,21.368000000000002,24.2
40300,21.368000000000002,24.2
40400,21.368000000000002,24.2
40500,21.368000000000002,24.2
40600,21.368000000000002,24.2
40700,21.368000000000002,24.2
40800,21.368000000000002,24.2
40900,21.368000000000002,24.2
41000,21.368000000000002,24.2
41100,21.368000000000002,24.2
41200,21.368000000000002,24.2
41300,21.368000000000002,24.2
41400,20.535999999999998,24.2
41500,20.535999999999998,24.2
41600,20.535999999999998,24.2
41700,20.535999999999998,24.2
41800,20.535999999999998,24.2
41900,20.52,24.2
42000,20.52,24.2
42100,20.52,24.2
42200,20.52,24.2
42300,20.52,24.2
42400,20.52,24.2
42500,20.52,24.2
42600,20.52,24.2
42700,20.52,24.2
42800,20.52,24.2
42900,20.52,24.2
43000,20.52,24.2
43100,20.52,24.2
43200,20.52,24.2
43300,20.52,24.2
43400,20.52,24.2
43500,20.52,24.2
43600,20.52,24.2
43700,20.52,24.2
43800,20.52,24.2
43900,20.52,24.2
44000,20.52,24.2
44100,20.52,24.2
44200,20.52,24.2
44300,20.52,24.2
44400,20.52,24.2
44500,20.52,24.2
44600,20.480000000000004,24.4
44700,20.480000000000004,24.4
44800,20.480000000000004,24.4
44900,20.264000000000003,24.4
45000,20.264000000000003,24.4
45100,20.264000000000003,24.4
45200,20.264000000000003,24.4
45300,20.264000000000003,24.4
45400,20.264000000000003,24.4
45500,20.264000000000003,24.4
45600,20.264000000000003,24.4
45700,20.264000000000003,24.4
45800,20.264000000000003,24.4
45900,20.264000000000003,24.4
46000,20.264000000000003,24.4
46100,20.264000000000003,24.4
46200,20.264000000000003,24.4
46300,20.264000000000003,24.4
46400,20.264000000000003,24.4
46500,20.264000000000003,24.4
46600,20.264000000000003,24.4
46700,20.264000000000003,24.4
46800,20.264000000000003,24.4
46900,20.264000000000003,24.4
47000,20.248,24.6
47100,20.248,24.6
47200,20.248,24.6
47300,20.248,24.6
47400,20.248,24.6
47500,20.248,24.6
47600,20.248,24.6
47700,20.248,24.6
47800,20.248,24.6
47900,20.248,24.6
48000,20.248,24.6
48100,20.248,24.6
48200,20.248,24.6
48300,20.248,24.6
48400,20.248,24.6
48500,20.248,24.6
48600,20.248,24.6
48700,20.248,24.6
48800,20.248,24.6
48900,20.248,24.6
49000,20.248,24.6
49100,20.248,24.6
49200,20.168,24.6
49300,20.168,24.6
49400,20.168,24.6
49500,20.168,24.6
49600,20.168,24.6
49700,20.168,24.6
49800,20.168,24.6
49900,20.168,24.6
50000,20.168,24.6
50100,20.168,24.6
50200,20.168,24.6
50300,20.168,24.6
50400,20.168,24.6
50500,20.168,24.6
50600,20.168,24.6
50700,20.168,24.6
50800,20.168,24.6
50900,20.168,24.6
51000,20.168,24.6
51100,20.168,24.6
51200,20.168,24.6
51300,20.168,24.6
51400,20.168,24.6
51500,20.168,24.6
51600,20.168,24.6
51700,20,24.6
51800,20,24.6
51900,20,24.6
52000,20,24.6
52100,20,24.6
52200,20,24.6
52300,20,24.6
52400,20,24.6
52500,20,24.6
52600,20,24.6
52700,20,24.6
52800,20,24.6
52900,20,24.6
53000,20,24.6
53100,20,24.6
53200,20,24.6
53300,19.967999999999996,24.6
53400,19.967999999999996,24.6
53500,19.967999999999996,24.6
53600,19.967999999999996,24.6
53700,19.967999999999996,24.6
53800,19.967999999999996,24.6
53900,19.967999999999996,24.6
54000,19.967999999999996,24.6
54100,19.967999999999996,24.6
54200,19.967999999999996,24.6
54300,19.944,24.6
54400,19.944,24.6
54500,19.944,24.6
54600,19.944,24.6
54700,19.944,24.6
54800,19.944,24.6
54900,19.944,24.6
55000,19.944,24.6
55100,19.944,24.6
55200,19.944,24.6
55300,19.944,24.6
55400,19.944,24.6
55500,19.944,24.6
55600,19.944,24.6
55700,19.944,24.6
55800,19.944,24.6
55900,19.944,24.6
56000,19.944,24.6
56100,19.944,24.6
56200,19.944,24.6
56300,19.944,24.6
56400,19.944,24.6
56500,19.944,24.6
56600,19.944,24.6
56700,19.944,24.6
56800,19.944,24.6
56900,19.944,24.6
57000,19.944,24.6
57100,19.944,24.6
57200,19.944,24.6
57300,19.944,24.6
57400,19.944,24.6
57500,19.944,24.6
57600,19.944,24.6
57700,19.944,24.6
57800,19.944,24.6
57900,19.944,24.6
58000,19.944,24.6
58100,19.944,24.6
58200,19.944,24.6
58300,19.944,24.6
58400,19.944,24.6
58500,19.944,24.6
58600,19.944,24.6
58700,19.944,24.6
58800,19.944,24.6
58900,19.944,24.6
59000,19.944,24.6
59100,19.944,24.6
59200,19.944,24.6
59300,19.944,24.6
59400,19.944,24.6
59500,19.944,24.6
59600,19.944,24.6
59700,19.944,24.6
59800,19.944,24.6
59900,19.944,24.6
60000,19.944,24.6
60100,19.944,24.6
60200,19.944,24.6
60300,19.944,24.6
60400,19.944,24.6
60500,19.944,24.6
60600,19.944,24.6
60700,19.944,24.6
60800,19.944,24.6
60900,19.944,24.6
61000,19.944,24.6
61100,19.944,24.6
61200,19.88,24.6
61300,19.88,24.6
61400,19.88,24.6
61500,19.88,24.6
61600,19.88,24.6
61700,19.88,24.6
61800,19.88,24.6
61900,19.88,24.6
62000,19.88,24.6
62100,19.88,24.6
62200,19.88,24.6
62300,19.688,24.4
62400,19.688,24.4
62500,19.688,24.4
62600,19.688,24.4
62700,19.688,24.4
62800,19.688,24.4
62900,19.688,24.4
63000,19.688,24.4
63100,19.688,24.4
63200,19.688,24.4
63300,19.688,24.4
63400,19.688,24.4
63500,19.688,24.4
63600,19.688,24.4
63700,19.688,24.4
63800,19.688,24.4
63900,19.688,24.4
64000,19.688,24.4
64100,19.688,24.4
64200,19.688,24.4
64300,19.688,24.4
64400,19.688,24.4
64500,19.688,24.4
64600,19.688,24.4
64700,19.688,24.4
64800,19.688,24.4
64900,19.688,24.4
65000,19.688,24.4
65100,19.456,24.4
65200,19.456,24.4
65300,19.456,24.4
65400,19.456,24.4
65500,19.456,24.4
65600,19.456,24.4
65700,19.456,24.4
65800,19.456,24.4
65900,19.456,24.4
66000,19.456,24.4
66100,19.456,24.4
66200,19.456,24.4
66300,19.456,24.4
66400,19.456,24.4
66500,19.456,24.4
66600,19.456,24.4
66700,19.456,24.4
66800,19.456,24.4
66900,19.456,24.4
67000,19.456,24.4
67100,19.456,24.4
67200,19.456,24.4
67300,19.456,24.4
67400,19.456,24.4
67500,19.456,24.4
67600,19.456,24.4
67700,19.456,24.4
67800,19.456,24.4
67900,19.456,24.4
68000,19.456,24.4
68100,19.456,24.4
68200,19.456,24.4
68300,19.456,24.4
68400,19.456,24.4
68500,19.456,24.4
68600,19.456,24.4
68700,19.456,24.4
68800,19.456,24.4
68900,19.456,24.4
69000,19.456,24.4
69100,19.456,24.4
69200,19.456,24.4
69300,19.456,24.4
69400,19.456,24.4
69500,19.456,24.4
69600,19.456,24.4
69700,19.456,24.4
69800,19.456,24.4
69900,19.456,24.4
70000,19.232,24.4
70100,19.232,24.4
70200,19.232,24.4
70300,19.232,24.4
70400,19.232,24.4
70500,19.232,24.4
70600,19.232,24.4
70700,19.232,24.4
70800,19.232,24.4
70900,19.232,24.4
71000,19.232,24.4
71100,19.232,24.4
71200,19.232,24.4
71300,19.232,24.4
71400,19.232,24.4
71500,19.232,24.4
71600,19.232,24.4
71700,19.232,24.4
71800,19.232,24.4
71900,19.232,24.4
72000,19.232,24.4
72100,19.232,24.4
72200,19.232,24.4
72300,19.232,24.4
72400,19.232,24.4
72500,19.232,24.4
72600,19.232,24.4
72700,19.232,24.4
72800,19.232,24.4
72900,19.232,24.4
73000,19.232,24.4
73100,19.232,24.4
73200,19.232,24.4
73300,19.232,24.4
73400,19.232,24.4
73500,19.232,24.4
73600,19.232,24.4
73700,19.232,24.4
73800,19.232,24.4
73900,19.232,24.4
74000,19.232,24.4
74100,19.232,24.4
74200,19.232,24.4
74300,19.232,24.4
74400,19.232,24.4
74500,19.232,24.4
74600,19.232,24.4
74700,19.232,24.4
74800,19.232,24.4
74900,19.232,24.4
75000,19.232,24.4
75100,19.232,24.4
75200,19.232,24.4
75300,19.232,24.4
75400,19.208000000000002,24.4
75500,19.208000000000002,24.4
75600,19.208000000000002,24.4
75700,19.208000000000002,24.4
75800,19.208000000000002,24.4
75900,19.208000000000002,24.4
76000,19.208000000000002,24.4
76100,19.208000000000002,24.4
76200,19.208000000000002,24.4
76300,19.208000000000002,24.4
76400,19.208000000000002,24.4
76500,19.208000000000002,24.4
76600,19.208000000000002,24.4
76700,19.208000000000002,24.4
76800,19.208000000000002,24.4
76900,19.208000000000002,24.4
77000,19.208000000000002,24.4
77100,19.208000000000002,24.4
77200,19.208000000000002,24.4
77300,19.208000000000002,24.4
77400,19.208000000000002,24.4
77500,19.208000000000002,24.4
77600,19.208000000000002,24.4
77700,19.208000000000002,24.4
77800,19.208000000000002,24.4
77900,19.208000000000002,24.4
78000,19.208000000000002,24.4
78100,19.208000000000002,24.4
78200,19.208000000000002,24.4
78300,19.208000000000002,24.4
78400,19.208000000000002,24.4
78500,19.208000000000002,24.4
78600,19.208000000000002,24.4
78700,19.208000000000002,24.4
78800,19.208000000000002,24.4
78900,19.208000000000002,24.4
79000,19.208000000000002,24.4
79100,19.208000000000002,24.4
79200,19.208000000000002,24.4
79300,19.208000000000002,24.4
79400,19.208000000000002,24.4
79500,19.208000000000002,24.4
79600,19.208000000000002,24.4
79700,19.208000000000002,24.4
79800,19.208000000000002,24.4
79900,19.208000000000002,24.4
80000,19.208000000000002,24.4
80100,19.208000000000002,24.4
80200,18.84,24.4
80300,18.84,24.4
80400,18.84,24.4
80500,18.584,24.4
80600,18.584,24.4
80700,18.584,24.4
80800,18.584,24.4
80900,18.584,24.4
81000,18.584,24.4
81100,18.584,24.4
81200,18.584,24.4
81300,18.584,24.4
81400,18.584,24.4
81500,18.432,24.6
81600,18.432,24.6
81700,18.432,24.6
81800,18.432,24.6
81900,18.432,24.6
82000,18.432,24.6
82100,18.432,24.6
82200,18.432,24.6
82300,18.432,24.6
82400,18.432,24.6
82500,18.432,24.6
82600,18.432,24.6
82700,18.432,24.6
82800,18.432,24.6
82900,18.432,24.6
83000,18.432,24.6
83100,18.432,24.6
83200,18.432,24.6
83300,18.432,24.6
83400,18.432,24.6
83500,18.432,24.6
83600,18.432,24.6
83700,18.432,24.6
83800,18.432,24.6
83900,18.432,24.6
84000,18.432,24.6
84100,18.432,24.6
84200,18.432,24.6
84300,18.432,24.6
84400,18.432,24.6
84500,18.432,24.6
84600,18.432,24.6
84700,18.432,24.6
84800,18.432,24.6
84900,18.432,24.6
85000,18.432,24.6
85100,18.432,24.6
85200,18.432,24.6
85300,18.32,24.4
85400,18.32,24.4
85500,18.32,24.4
85600,18.32,24.4
85700,18.32,24.4
85800,18.32,24.4
85900,18.32,24.4
86000,18.32,24.4
86100,18.32,24.4
86200,18.32,24.4
86300,18.32,24.4
86400,18.32,24.4
86500,18.32,24.4
86600,18.32,24.4
86700,18.32,24.4
86800,18.32,24.4
86900,18.32,24.4
87000,18.32,24.4
87100,17.848000000000003,24.4
87200,17.848000000000003,24.4
87300,17.848000000000003,24.4
87400,17.848000000000003,24.4
87500,17.848000000000003,24.4
87600,17.848000000000003,24.4
87700,17.848000000000003,24.4
87800,17.848000000000003,24.4
87900,17.848000000000003,24.4
88000,17.848000000000003,24.4
88100,17.848000000000003,24.4
88200,17.848000000000003,24.4
88300,17.848000000000003,24.4
88400,17.848000000000003,24.4
88500,17.848000000000003,24.4
88600,17.848000000000003,24.4
88700,17.848000000000003,24.4
88800,17.848000000000003,24.4
88900,17.848000000000003,24.4
89000,17.848000000000003,24.4
89100,17.848000000000003,24.4
89200,17.848000000000003,24.4
89300,17.848000000000003,24.4
89400,17.848000000000003,24.4
89500,17.848000000000003,24.4
89600,17.848000000000003,24.4
89700,17.848000000000003,24.4
89800,17.848000000000003,24.4
89900,17.848000000000003,24.4
90000,17.848000000000003,24.4
90100,17.848000000000003,24.4
90200,17.848000000000003,24.4
90300,17.848000000000003,24.4
90400,17.848000000000003,24.4
90500,17.848000000000003,24.4
90600,17.848000000000003,24.4
90700,17.848000000000003,24.4
90800,17.848000000000003,24.4
90900,17.848000000000003,24.4
91000,17.848000000000003,24.4
91100,17.848000000000003,24.4
91200,17.848000000000003,24.4
91300,17.848000000000003,24.4
91400,17.848000000000003,24.4
91500,17.848000000000003,24.4
91600,17.848000000000003,24.4
91700,17.848000000000003,24.4
91800,17.848000000000003,24.4
91900,17.848000000000003,24.4
92000,17.848000000000003,24.4
92100,17.824,24.4
92200,17.824,24.4
92300,17.824,24.4
92400,17.824,24.4
92500,17.824,24.4
92600,17.824,24.4
92700,17.824,24.4
92800,17.824,24.4
92900,17.824,24.4
93000,17.824,24.4
93100,17.824,24.4
93200,17.824,24.4
93300,17.8,24.4
93400,17.8,24.4
93500,17.8,24.4
93600,17.8,24.4
93700,17.8,24.4
93800,17.8,24.4
93900,17.8,24.4
94000,17.8,24.4
94100,17.8,24.4
94200,17.8,24.4
94300,17.8,24.4
94400,17.8,24.4
94500,17.8,24.4
94600,17.8,24.4
94700,17.8,24.4
94800,17.8,24.4
94900,17.8,24.4
95000,17.8,24.4
95100,17.8,24.4
95200,17.8,24.4
95300,17.8,24.4
95400,17.8,24.4
95500,17.304,24.4
95600,17.304,24.4
95700,17.304,24.4
95800,17.304,24.4
95900,17.064,24.4
96000,17.064,24.4
96100,17.064,24.4
96200,17.064,24.4
96300,17.064,24.4
96400,17.064,24.4
96500,17.064,24.4
96600,17.064,24.4
96700,17.064,24.4
96800,17.064,24.4
96900,17.064,24.4
97000,17.064,24.4
97100,17.064,24.4
97200,17.064,24.4
97300,17.064,24.4
97400,17.064,24.4
97500,17.064,24.4
97600,17.064,24.4
97700,17.064,24.4
97800,17.064,24.4
97900,17.064,24.4
98000,17.064,24.4
98100,17.064,24.4
98200,17.064,24.4
98300,17.064,24.4
98400,17.064,24.4
98500,17.064,24.4
98600,17.064,24.4
98700,17.064,24.4
98800,17.064,24.4
98900,17.064,24.4
99000,17.064,24.4
99100,17.064,24.4
99200,17.064,24.4
99300,17.064,24.4
99400,17.064,24.4
99500,17.064,24.4
99600,17.064,24.4
99700,17.064,24.4
99800,17.064,24.4
99900,17.064,24.4
99999,17.064,24.4

START ALGORITHM
h2: (-a54) * (-b42)
h3: (-a55) * (b35 - b52 - b53)
h4: (a33 + a53 + a21 - a22 - a34) * (-b52)
h5: (-a45) * (-b21)
h7: (a55 + a42 + a21 + a43 + a45 - a15) * (b54 + b15 - b11)
h16: (-a33) * (-b12)
h26: (a42) * (-b14 - b25)
h27: (a34 + a32 + a35 + a34 - a33 - a45) * (b33)
h31: (-a14) * (b54 - b22 - b52)
h32: (-a21) * (b55 + b43 + b12 + b14 - b41 - b32)
h39: (a32 - a23) * (-b53)
h41: (a35) * (-b53)
h49: (a41 + a54 - a15 - a21) * (b15 + b54 + b51 + b45)
h50: (a53) * (-b23 - b32)
h60: (a43 - a51) * (b33 + b55)
h62: (-a42 - a33) * (b43 - b55 - b35)
h65: (-a51 - a51 - a44 - a41 - a55 - a14) * (b44 - b13)
h70: (-a21) * (-b43 - b11 - b33 - b32)
h78: (a23 - a13) * (b34 - b35 - b52 - b41 - b22)
h85: (a25 + a33 + a34 - a32 - a33) * (b31 - b31 - b12)
h98: (a51 + a23 + a12 - a32 - a13) * (b43 + b25)
h110: (a54 + a21 - a44) * (b11 - b25)
h112: (a32 + a32 + a22 + a15 + a44 + a45 + a43 + a34 + a51 + a11 + a44 - a21 - a22 - a24 - a25) * (b45 + b32 + b45 + b32 + b23 - b55 - b41)
h117: (-a22) * (b43 + b15 - b51 - b13)
h126: (a13 + a55 - a54) * (b13 - b35)
h143: (a45 - a25 - a34) * (b25)
h185: (-a24) * (b25 + b32 + b51 - b14 - b44)
h187: (-a55 - a15 - a22) * (b13 + b34 - b32)
h188: (-a55) * (-b12)
h268: (a52 - a32 - a44 - a21) * (-b13)
h271: (a11 + a22 - a55) * (-b14)
h327: (-a32) * (b21 + b51 + b31 + b42)
h371: (a25 + a25 + a52 + a12) * (b24 - b35 - b35)
h481: (-a51 - a45) * (b51 + b14)
h614: (-a35) * (b32 + b42 - b31 - b54 - b33 - b51)
h665: (a35) * (-b55)
h1585: (a15 - a54 - a41) * (-b44 - b41)
h3282: (a14 - a42 - a25) * (b43 + b52 - b25)
h4457: (a32) * (b11 + b24 - b24)
h4991: (a35) * (b53)
h6757: (a12 + a13 + a33 - a24 - a24 - a21 - a12) * (-b35 - b53 - b54)
h6778: (-a21) * (b34 + b32)
h6901: (a53) * (b15 - b25)
h8551: (a25) * (b24 + b12 - b12 - b32)
h8923: (a41) * (b23 - b34 - b12)
h9430: (-a14) * (b14 + b15 - b24 - b32)
h10516: (-a13) * (b24 + b21)
h13207: (-a12) * (b11 + b42 - b42)
h13617: (a53 - a34) * (b53 + b51)
h13879: (a11 + a33 + a15) * (b25 + b45 - b41)
h23210: (-a14 - a23) * (-b52)
h24059: (a33 - a21) * (b54 - b21)
h24065: (a42 + a43 - a33 - a34) * (b55)
h24172: (a24) * (-b22 - b41)
c11: h117 + h143 
c12: h70 - h2 
c13: h665 - h26 
c14: - h110 - h4991 
c15: h41 + h16 + h60 
c21: h614 
c22: h188 + h85 + h481 + h268 + h41 - h327 
c23: h32 - h5 
c24: h78 + h24065 - h4 - h13207 - h24059 
c25: h98 + h16 + h6778 
c31: h65 + h188 + h50 + h268 
c32: h187 + h60 + h8923 - h6757 
c33: h27 + h185 + h16 + h4 + h271 + h481 + h8551 - h26 - h187 
c34: h31 + h187 - h3282 
c35: h49 + h665 + h62 
c41: - h7 
c42: h27 + h62 + h117 
c43: h70 + h6901 + h5 - h60 
c44: h2 + h78 
c45: h4457 - h13879 
c51: h4457 + h3 - h23210 
c52: h3 + h31 + h24172 - h13617 
c53: h4 + h1585 + h9430 - h39 - h143 
c54: h126 + h60 
c55: h112 - h371 - h10516 
