0,190.26399999999998,25
100,118.2,25
200,89.136,25
300,77.408,25
400,67.83200000000001,25
500,62.92800000000001,24.8
600,61.30400000000001,24.4
700,61.168000000000006,24.4
800,61.168000000000006,24.4
900,59.616,24.4
1000,59.552,24.4
1100,57.632000000000005,24.4
1200,57.176,24.4
1300,55.85600000000001,24.4
1400,55.384,24.4
1500,55.384,24.4
1600,53.88000000000001,24.4
1700,53.544000000000004,24.4
1800,53.544000000000004,24.4
1900,51.568,24.6
2000,50.336000000000006,24.6
2100,50.336000000000006,24.6
2200,50.336000000000006,24.6
2300,50.184,24.6
2400,49.55199999999999,24.6
2500,49.096,24.6
2600,48.672,24.6
2700,48.25600000000001,24.6
2800,47.576,24.4
2900,47.232000000000006,24.4
3000,47.232000000000006,24.4
3100,46.31999999999999,24.4
3200,46.064,24.4
3300,45.192,24.4
3400,45.192,24.4
3500,44.584,24.4
3600,43.34400000000001,24.4
3700,43.34400000000001,24.4
3800,41.928,24.4
3900,41.928,24.4
4000,41.928,24.4
4100,41.928,24.4
4200,41.928,24.4
4300,41.928,24.4
4400,41.928,24.4
4500,41.928,24.4
4600,41.928,24.4
4700,41.928,24.4
4800,41.928,24.4
4900,41.928,24.4
5000,41.19199999999999,24.4
5100,41.19199999999999,24.4
5200,41.19199999999999,24.4
5300,41.19199999999999,24.4
5400,41.19199999999999,24.4
5500,41.19199999999999,24.4
5600,41.19199999999999,24.4
5700,41.152,24.4
5800,41.152,24.4
5900,41.152,24.4
6000,40.976,24.4
6100,40.976,24.4
6200,40.864,24.4
6300,40.160000000000004,24.2
6400,39.296,24.4
6500,38.968,24.4
6600,38.968,24.4
6700,38.968,24.4
6800,38.968,24.4
6900,38.968,24.4
7000,38.968,24.4
7100,38.648,24.4
7200,38.648,24.4
7300,38.648,24.4
7400,38.648,24.4
7500,38.648,24.4
7600,38.648,24.4
7700,38.648,24.4
7800,38.648,24.4
7900,38.648,24.4
8000,38.263999999999996,24.4
8100,38.263999999999996,24.4
8200,38.263999999999996,24.4
8300,38.263999999999996,24.4
8400,38.263999999999996,24.4
8500,38.263999999999996,24.4
8600,38.263999999999996,24.4
8700,38.12,24.4
8800,38.12,24.4
8900,38.12,24.4
9000,37.519999999999996,24.6
9100,37.519999999999996,24.6
9200,37.519999999999996,24.6
9300,37.519999999999996,24.6
9400,37.136,24.4
9500,37.136,24.4
9600,37.136,24.4
9700,37.136,24.4
9800,36.808,24.4
9900,36.808,24.4
10000,36.808,24.4
10100,36.808,24.4
10200,36.496,24.4
10300,36.496,24.4
10400,36.496,24.4
10500,36.327999999999996,24.4
10600,36.12,24.6
10700,36.12,24.6
10800,36.12,24.6
10900,36.12,24.6
11000,36.12,24.6
11100,36.12,24.6
11200,36.072,24.6
11300,36.072,24.6
11400,36.072,24.6
11500,36.072,24.6
11600,36.072,24.6
11700,36.072,24.6
11800,36.072,24.6
11900,36.072,24.6
12000,36.072,24.6
12100,36.072,24.6
12200,36.072,24.6
12300,36.072,24.6
12400,36.072,24.6
12500,36.072,24.6
12600,36.072,24.6
12700,36.008,24.6
12800,36.008,24.6
12900,36.008,24.6
13000,36.008,24.6
13100,36.008,24.6
13200,36.008,24.6
13300,36.008,24.6
13400,36.008,24.6
13500,36.008,24.6
13600,36.008,24.6
13700,35.88,24.8
13800,35.848,24.8
13900,35.376,24.8
14000,35.376,24.8
14100,35.376,24.8
14200,35.376,24.8
14300,35.376,24.8
14400,35.152,24.8
14500,35.152,24.8
14600,35.104,24.8
14700,35.104,24.8
14800,35.104,24.8
14900,35.104,24.8
15000,34.616,24.8
15100,34.616,24.8
15200,34.616,24.8
15300,34.616,24.8
15400,34.616,24.8
15500,34.616,24.8
15600,34.616,24.8
15700,34.616,24.8
15800,34.616,24.8
15900,34.224000000000004,24.8
16000,34.224000000000004,24.8
16100,34.224000000000004,24.8
16200,34.224000000000004,24.8
16300,34.224000000000004,24.8
16400,34.224000000000004,24.8
16500,34.224000000000004,24.8
16600,34.224000000000004,24.8
16700,34.224000000000004,24.8
16800,34.224000000000004,24.8
16900,34.224000000000004,24.8
17000,34.224000000000004,24.8
17100,34.224000000000004,24.8
17200,34.224000000000004,24.8
17300,34.224000000000004,24.8
17400,34.224000000000004,24.8
17500,34.224000000000004,24.8
17600,34.224000000000004,24.8
17700,34.224000000000004,24.8
17800,34.224000000000004,24.8
17900,34.224000000000004,24.8
18000,34.224000000000004,24.8
18100,34.224000000000004,24.8
18200,34.224000000000004,24.8
18300,34.224000000000004,24.8
18400,34.224000000000004,24.8
18500,34.224000000000004,24.8
18600,34.224000000000004,24.8
18700,34.224000000000004,24.8
18800,34.224000000000004,24.8
18900,34.224000000000004,24.8
19000,34.224000000000004,24.8
19100,34.224000000000004,24.8
19200,34.224000000000004,24.8
19300,34.224000000000004,24.8
19400,33.84,24.8
19500,33.84,24.8
19600,33.84,24.8
19700,33.84,24.8
19800,33.84,24.8
19900,33.84,24.8
20000,33.84,24.8
20100,33.84,24.8
20200,33.84,24.8
20300,33.84,24.8
20400,33.84,24.8
20500,33.84,24.8
20600,33.84,24.8
20700,33.84,24.8
20800,33.84,24.8
20900,33.808,24.8
21000,33.808,24.8
21100,33.808,24.8
21200,33.808,24.8
21300,33.808,24.8
21400,33.808,24.8
21500,33.808,24.8
21600,33.808,24.8
21700,33.808,24.8
21800,33.808,24.8
21900,33.808,24.8
22000,33.808,24.8
22100,33.808,24.8
22200,33.808,24.8
22300,33.808,24.8
22400,33.808,24.8
22500,33.808,24.8
22600,33.808,24.8
22700,33.808,24.8
22800,33.808,24.8
22900,33.808,24.8
23000,33.808,24.8
23100,33.808,24.8
23200,33.808,24.8
23300,33.808,24.8
23400,33.808,24.8
23500,33.808,24.8
23600,33.808,24.8
23700,33.808,24.8
23800,33.647999999999996,24.8
23900,33.647999999999996,24.8
24000,33.647999999999996,24.8
24100,33.647999999999996,24.8
24200,33.647999999999996,24.8
24300,33.647999999999996,24.8
24400,33.647999999999996,24.8
24500,33.647999999999996,24.8
24600,33.608,24.8
24700,33.608,24.8
24800,33.608,24.8
24900,33.608,24.8
25000,33.608,24.8
25100,33.608,24.8
25200,33.608,24.8
25300,33.608,24.8
25400,33.512,24.8
25500,33.512,24.8
25600,33.512,24.8
25700,33.512,24.8
25800,33.512,24.8
25900,33.512,24.8
26000,33.512,24.8
26100,33.512,24.8
26200,33.512,24.8
26300,33.512,24.8
26400,33.512,24.8
26500,33.512,24.8
26600,33.512,24.8
26700,33.512,24.8
26800,33.512,24.8
26900,33.512,24.8
27000,33.512,24.8
27100,33.512,24.8
27200,33.512,24.8
27300,33.512,24.8
27400,33.512,24.8
27500,33.384,24.8
27600,33.384,24.8
27700,33.384,24.8
27800,33.384,24.8
27900,33.384,24.8
28000,33.344,24.8
28100,33.344,24.8
28200,33.344,24.8
28300,33.056,24.8
28400,33.056,24.8
28500,33.056,24.8
28600,33.056,24.8
28700,32.775999999999996,24.8
28800,32.775999999999996,24.8
28900,32.32,24.8
29000,32.32,24.8
29100,32.32,24.8
29200,32.32,24.8
29300,31.919999999999998,24.8
29400,31.919999999999998,24.8
29500,31.544,24.8
29600,31.544,24.8
29700,31.544,24.8
29800,31.544,24.8
29900,31.544,24.8
30000,31.544,24.8
30100,31.52,24.8
30200,31.52,24.8
30300,31.52,24.8
30400,31.52,24.8
30500,31.52,24.8
30600,31.52,24.8
30700,31.52,24.8
30800,31.52,24.8
30900,31.52,24.8
31000,31.52,24.8
31100,31.303999999999995,24.8
31200,31.303999999999995,24.8
31300,31.303999999999995,24.8
31400,31.288,24.8
31500,31.288,24.8
31600,31.288,24.8
31700,30.76,24.8
31800,30.456,24.8
31900,30.456,24.8
32000,30.456,24.8
32100,30.456,24.8
32200,30.456,24.8
32300,30.456,24.8
32400,30.456,24.8
32500,30.456,24.8
32600,30.456,24.8
32700,30.456,24.8
32800,30.456,24.8
32900,30.456,24.8
33000,30.456,24.8
33100,30.456,24.8
33200,30.456,24.8
33300,30.456,24.8
33400,30.456,24.8
33500,30.456,24.8
33600,30.456,24.8
33700,30.456,24.8
33800,30.456,24.8
33900,30.456,24.8
34000,30.456,24.8
34100,30.456,24.8
34200,30.456,24.8
34300,30.456,24.8
34400,30.456,24.8
34500,30.456,24.8
34600,30.456,24.8
34700,30.456,24.8
34800,30.456,24.8
34900,30.456,24.8
35000,30.456,24.8
35100,30.456,24.8
35200,30.456,24.8
35300,30.456,24.8
35400,30.456,24.8
35500,30.456,24.8
35600,30.456,24.8
35700,30.456,24.8
35800,30.456,24.8
35900,30.456,24.8
36000,30.456,24.8
36100,30.456,24.8
36200,30.456,24.8
36300,30.456,24.8
36400,30.456,24.8
36500,30.456,24.8
36600,30.456,24.8
36700,30.456,24.8
36800,30.456,24.8
36900,30.456,24.8
37000,30.456,24.8
37100,30.456,24.8
37200,30.456,24.8
37300,30.456,24.8
37400,30.456,24.8
37500,30.456,24.8
37600,30.456,24.8
37700,30.456,24.8
37800,30.456,24.8
37900,30.456,24.8
38000,30.456,24.8
38100,30.456,24.8
38200,30.456,24.8
38300,30.456,24.8
38400,30.456,24.8
38500,30.456,24.8
38600,30.456,24.8
38700,30.456,24.8
38800,30.456,24.8
38900,30.456,24.8
39000,30.456,24.8
39100,30.456,24.8
39200,30.456,24.8
39300,30.456,24.8
39400,30.456,24.8
39500,30.424,24.8
39600,30.424,24.8
39700,30.424,24.8
39800,30.424,24.8
39900,29.695999999999998,24.4
40000,29.695999999999998,24.4
40100,29.695999999999998,24.4
40200,29.695999999999998,24.4
40300,29.695999999999998,24.4
40400,29.695999999999998,24.4
40500,29.695999999999998,24.4
40600,29.695999999999998,24.4
40700,29.695999999999998,24.4
40800,29.695999999999998,24.4
40900,29.695999999999998,24.4
41000,29.695999999999998,24.4
41100,29.695999999999998,24.4
41200,29.695999999999998,24.4
41300,29.695999999999998,24.4
41400,29.695999999999998,24.4
41500,29.695999999999998,24.4
41600,29.695999999999998,24.4
41700,29.695999999999998,24.4
41800,29.695999999999998,24.4
41900,29.695999999999998,24.4
42000,29.695999999999998,24.4
42100,29.695999999999998,24.4
42200,29.624000000000002,24.4
42300,29.624000000000002,24.4
42400,29.624000000000002,24.4
42500,29.624000000000002,24.4
42600,29.624000000000002,24.4
42700,29.624000000000002,24.4
42800,29.624000000000002,24.4
42900,29.624000000000002,24.4
43000,29.624000000000002,24.4
43100,29.624000000000002,24.4
43200,29.624000000000002,24.4
43300,29.624000000000002,24.4
43400,29.6,24.4
43500,29.6,24.4
43600,29.6,24.4
43700,29.6,24.4
43800,29.6,24.4
43900,29.6,24.4
44000,29.6,24.4
44100,29.6,24.4
44200,29.48,24.4
44300,29.48,24.4
44400,29.48,24.4
44500,29.48,24.4
44600,29.48,24.4
44700,29.48,24.4
44800,29.48,24.4
44900,29.48,24.4
45000,29.152000000000005,24.2
45100,29.152000000000005,24.2
45200,29.152000000000005,24.2
45300,29.152000000000005,24.2
45400,29.152000000000005,24.2
45500,29.152000000000005,24.2
45600,29.152000000000005,24.2
45700,29.152000000000005,24.2
45800,29.152000000000005,24.2
45900,29.152000000000005,24.2
46000,29.152000000000005,24.2
46100,29.152000000000005,24.2
46200,29.152000000000005,24.2
46300,29.152000000000005,24.2
46400,29.152000000000005,24.2
46500,29.152000000000005,24.2
46600,29.152000000000005,24.2
46700,29.152000000000005,24.2
46800,29.152000000000005,24.2
46900,29.152000000000005,24.2
47000,29.152000000000005,24.2
47100,29.152000000000005,24.2
47200,29.152000000000005,24.2
47300,29.152000000000005,24.2
47400,29.152000000000005,24.2
47500,28.791999999999994,24.2
47600,28.791999999999994,24.2
47700,28.791999999999994,24.2
47800,28.791999999999994,24.2
47900,28.791999999999994,24.2
48000,28.791999999999994,24.2
48100,28.791999999999994,24.2
48200,28.791999999999994,24.2
48300,28.791999999999994,24.2
48400,28.791999999999994,24.2
48500,28.791999999999994,24.2
48600,28.791999999999994,24.2
48700,28.791999999999994,24.2
48800,28.791999999999994,24.2
48900,28.791999999999994,24.2
49000,28.791999999999994,24.2
49100,28.791999999999994,24.2
49200,28.791999999999994,24.2
49300,28.791999999999994,24.2
49400,28.791999999999994,24.2
49500,28.791999999999994,24.2
49600,28.791999999999994,24.2
49700,28.791999999999994,24.2
49800,28.791999999999994,24.2
49900,28.791999999999994,24.2
50000,28.791999999999994,24.2
50100,28.791999999999994,24.2
50200,28.791999999999994,24.2
50300,28.791999999999994,24.2
50400,28.791999999999994,24.2
50500,28.791999999999994,24.2
50600,28.791999999999994,24.2
50700,28.791999999999994,24.2
50800,28.791999999999994,24.2
50900,28.791999999999994,24.2
51000,28.791999999999994,24.2
51100,28.791999999999994,24.2
51200,28.791999999999994,24.2
51300,28.791999999999994,24.2
51400,28.791999999999994,24.2
51500,28.6,24.2
51600,28.6,24.2
51700,28.496,24.2
51800,28.496,24.2
51900,28.496,24.2
52000,28.496,24.2
52100,28.28,24.2
52200,28.28,24.2
52300,28.28,24.2
52400,28.28,24.2
52500,28.28,24.2
52600,28.28,24.2
52700,28.28,24.2
52800,28.28,24.2
52900,28.28,24.2
53000,28.28,24.2
53100,28.28,24.2
53200,28.28,24.2
53300,28.28,24.2
53400,28.28,24.2
53500,28.28,24.2
53600,28.28,24.2
53700,28.28,24.2
53800,28.28,24.2
53900,28.28,24.2
54000,28.28,24.2
54100,28.28,24.2
54200,28.28,24.2
54300,28.28,24.2
54400,28.28,24.2
54500,28.28,24.2
54600,28.28,24.2
54700,28.28,24.2
54800,28.28,24.2
54900,28.28,24.2
55000,28.28,24.2
55100,27.560000000000002,24.2
55200,27.560000000000002,24.2
55300,27.560000000000002,24.2
55400,27.560000000000002,24.2
55500,27.560000000000002,24.2
55600,27.560000000000002,24.2
55700,27.560000000000002,24.2
55800,27.560000000000002,24.2
55900,27.560000000000002,24.2
56000,27.560000000000002,24.2
56100,27.560000000000002,24.2
56200,27.560000000000002,24.2
56300,27.560000000000002,24.2
56400,27.560000000000002,24.2
56500,27.560000000000002,24.2
56600,27.560000000000002,24.2
56700,27.560000000000002,24.2
56800,27.560000000000002,24.2
56900,27.560000000000002,24.2
57000,27.560000000000002,24.2
57100,27.560000000000002,24.2
57200,27.472,24.2
57300,27.472,24.2
57400,27.472,24.2
57500,27.472,24.2
57600,27.472,24.2
57700,27.472,24.2
57800,27.472,24.2
57900,27.472,24.2
58000,27.472,24.2
58100,27.472,24.2
58200,27.472,24.2
58300,27.472,24.2
58400,27.472,24.2
58500,27.472,24.2
58600,27.472,24.2
58700,27.472,24.2
58800,27.472,24.2
58900,27.472,24.2
59000,27.472,24.2
59100,27.472,24.2
59200,27.472,24.2
59300,27.472,24.2
59400,27.472,24.2
59500,27.472,24.2
59600,27.472,24.2
59700,27.472,24.2
59800,27.472,24.2
59900,27.472,24.2
60000,27.472,24.2
60100,27.472,24.2
60200,27.472,24.2
60300,27.472,24.2
60400,27.472,24.2
60500,27.472,24.2
60600,27.472,24.2
60700,27.472,24.2
60800,27.472,24.2
60900,27.472,24.2
61000,27.472,24.2
61100,27.472,24.2
61200,27.472,24.2
61300,27.472,24.2
61400,27.472,24.2
61500,27.472,24.2
61600,27.472,24.2
61700,27.472,24.2
61800,27.472,24.2
61900,27.472,24.2
62000,27.472,24.2
62100,27.472,24.2
62200,27.456,24.2
62300,27.456,24.2
62400,27.456,24.2
62500,27.456,24.2
62600,27.456,24.2
62700,27.439999999999998,24.2
62800,27.439999999999998,24.2
62900,27.439999999999998,24.2
63000,27.439999999999998,24.2
63100,27.439999999999998,24.2
63200,27.439999999999998,24.2
63300,27.439999999999998,24.2
63400,27.439999999999998,24.2
63500,27.439999999999998,24.2
63600,27.439999999999998,24.2
63700,27.439999999999998,24.2
63800,27.439999999999998,24.2
63900,27.439999999999998,24.2
64000,27.439999999999998,24.2
64100,27.439999999999998,24.2
64200,27.439999999999998,24.2
64300,27.439999999999998,24.2
64400,27.439999999999998,24.2
64500,27.439999999999998,24.2
64600,27.439999999999998,24.2
64700,27.439999999999998,24.2
64800,27.439999999999998,24.2
64900,27.439999999999998,24.2
65000,27.439999999999998,24.2
65100,27.439999999999998,24.2
65200,27.439999999999998,24.2
65300,27.439999999999998,24.2
65400,27.439999999999998,24.2
65500,27.439999999999998,24.2
65600,27.4,24.2
65700,27.4,24.2
65800,27.4,24.2
65900,26.96,24.2
66000,26.96,24.2
66100,26.96,24.2
66200,26.96,24.2
66300,26.96,24.2
66400,26.96,24.2
66500,26.96,24.2
66600,26.96,24.2
66700,26.96,24.2
66800,26.96,24.2
66900,26.96,24.2
67000,26.96,24.2
67100,26.96,24.2
67200,26.96,24.2
67300,26.96,24.2
67400,26.96,24.2
67500,26.96,24.2
67600,26.96,24.2
67700,26.96,24.2
67800,26.96,24.2
67900,26.96,24.2
68000,26.96,24.2
68100,26.512,24.2
68200,26.512,24.2
68300,26.512,24.2
68400,26.512,24.2
68500,26.512,24.2
68600,26.512,24.2
68700,26.512,24.2
68800,26.512,24.2
68900,26.512,24.2
69000,26.512,24.2
69100,26.512,24.2
69200,26.512,24.2
69300,26.512,24.2
69400,26.512,24.2
69500,26.512,24.2
69600,26.512,24.2
69700,26.512,24.2
69800,26.512,24.2
69900,26.512,24.2
70000,26.512,24.2
70100,26.512,24.2
70200,26.512,24.2
70300,26.512,24.2
70400,26.512,24.2
70500,26.512,24.2
70600,26.512,24.2
70700,26.512,24.2
70800,26.512,24.2
70900,26.512,24.2
71000,26.512,24.2
71100,26.512,24.2
71200,26.512,24.2
71300,26.512,24.2
71400,26.512,24.2
71500,26.512,24.2
71600,26.512,24.2
71700,26.512,24.2
71800,26.512,24.2
71900,26.512,24.2
72000,26.512,24.2
72100,26.512,24.2
72200,26.512,24.2
72300,26.512,24.2
72400,26.512,24.2
72500,26.512,24.2
72600,26.447999999999997,24.2
72700,26.447999999999997,24.2
72800,26.447999999999997,24.2
72900,26.447999999999997,24.2
73000,26.447999999999997,24.2
73100,26.447999999999997,24.2
73200,26.447999999999997,24.2
73300,26.447999999999997,24.2
73400,26.447999999999997,24.2
73500,26.447999999999997,24.2
73600,26.447999999999997,24.2
73700,26.447999999999997,24.2
73800,26.447999999999997,24.2
73900,26.447999999999997,24.2
74000,26.447999999999997,24.2
74100,26.447999999999997,24.2
74200,26.447999999999997,24.2
74300,26.447999999999997,24.2
74400,26.447999999999997,24.2
74500,26.447999999999997,24.2
74600,26.447999999999997,24.2
74700,26.447999999999997,24.2
74800,26.447999999999997,24.2
74900,26.447999999999997,24.2
75000,26.447999999999997,24.2
75100,26.447999999999997,24.2
75200,26.447999999999997,24.2
75300,26.447999999999997,24.2
75400,26.447999999999997,24.2
75500,26.447999999999997,24.2
75600,26.447999999999997,24.2
75700,26.447999999999997,24.2
75800,26.447999999999997,24.2
75900,26.447999999999997,24.2
76000,26.447999999999997,24.2
76100,26.447999999999997,24.2
76200,26.447999999999997,24.2
76300,26.447999999999997,24.2
76400,26.447999999999997,24.2
76500,26.447999999999997,24.2
76600,26.447999999999997,24.2
76700,26.447999999999997,24.2
76800,26.447999999999997,24.2
76900,26.447999999999997,24.2
77000,26.447999999999997,24.2
77100,26.447999999999997,24.2
77200,26.447999999999997,24.2
77300,26.447999999999997,24.2
77400,26.447999999999997,24.2
77500,26.447999999999997,24.2
77600,26.447999999999997,24.2
77700,26.447999999999997,24.2
77800,26.447999999999997,24.2
77900,26.447999999999997,24.2
78000,26.447999999999997,24.2
78100,26.447999999999997,24.2
78200,26.447999999999997,24.2
78300,26.447999999999997,24.2
78400,26.447999999999997,24.2
78500,26.447999999999997,24.2
78600,26.447999999999997,24.2
78700,26.327999999999996,24.2
78800,26.327999999999996,24.2
78900,26.327999999999996,24.2
79000,26.327999999999996,24.2
79100,26.327999999999996,24.2
79200,26.327999999999996,24.2
79300,26.327999999999996,24.2
79400,26.327999999999996,24.2
79500,26.327999999999996,24.2
79600,26.327999999999996,24.2
79700,26.327999999999996,24.2
79800,26.327999999999996,24.2
79900,26.327999999999996,24.2
80000,26.327999999999996,24.2
80100,26.327999999999996,24.2
80200,26.327999999999996,24.2
80300,26.327999999999996,24.2
80400,26.327999999999996,24.2
80500,26.327999999999996,24.2
80600,26.327999999999996,24.2
80700,26.327999999999996,24.2
80800,26.327999999999996,24.2
80900,26.327999999999996,24.2
81000,26.327999999999996,24.2
81100,26.327999999999996,24.2
81200,26.327999999999996,24.2
81300,26.327999999999996,24.2
81400,26.327999999999996,24.2
81500,26.327999999999996,24.2
81600,26.327999999999996,24.2
81700,26.327999999999996,24.2
81800,26.327999999999996,24.2
81900,26.327999999999996,24.2
82000,26.327999999999996,24.2
82100,26.327999999999996,24.2
82200,26.327999999999996,24.2
82300,26.327999999999996,24.2
82400,26.327999999999996,24.2
82500,26.327999999999996,24.2
82600,26.327999999999996,24.2
82700,26.327999999999996,24.2
82800,26.327999999999996,24.2
82900,26.327999999999996,24.2
83000,26.327999999999996,24.2
83100,26.327999999999996,24.2
83200,26.327999999999996,24.2
83300,26.327999999999996,24.2
83400,26.327999999999996,24.2
83500,26.327999999999996,24.2
83600,26.327999999999996,24.2
83700,26.327999999999996,24.2
83800,26.327999999999996,24.2
83900,26.327999999999996,24.2
84000,26.327999999999996,24.2
84100,26.327999999999996,24.2
84200,26.327999999999996,24.2
84300,26.327999999999996,24.2
84400,26.327999999999996,24.2
84500,26.327999999999996,24.2
84600,26.327999999999996,24.2
84700,26.327999999999996,24.2
84800,26.327999999999996,24.2
84900,26.327999999999996,24.2
85000,26.327999999999996,24.2
85100,26.327999999999996,24.2
85200,26.327999999999996,24.2
85300,26.327999999999996,24.2
85400,26.327999999999996,24.2
85500,26.327999999999996,24.2
85600,26.327999999999996,24.2
85700,26.327999999999996,24.2
85800,26.327999999999996,24.2
85900,26.327999999999996,24.2
86000,26.327999999999996,24.2
86100,26.327999999999996,24.2
86200,26.215999999999998,24.2
86300,26.215999999999998,24.2
86400,26.215999999999998,24.2
86500,26.215999999999998,24.2
86600,26.215999999999998,24.2
86700,26.215999999999998,24.2
86800,26.215999999999998,24.2
86900,26.215999999999998,24.2
87000,26.215999999999998,24.2
87100,26.215999999999998,24.2
87200,26.215999999999998,24.2
87300,26.215999999999998,24.2
87400,26.215999999999998,24.2
87500,25.695999999999998,24.2
87600,25.695999999999998,24.2
87700,25.695999999999998,24.2
87800,25.695999999999998,24.2
87900,25.695999999999998,24.2
88000,25.695999999999998,24.2
88100,25.695999999999998,24.2
88200,25.695999999999998,24.2
88300,25.695999999999998,24.2
88400,25.695999999999998,24.2
88500,25.695999999999998,24.2
88600,25.695999999999998,24.2
88700,25.695999999999998,24.2
88800,25.695999999999998,24.2
88900,25.695999999999998,24.2
89000,25.695999999999998,24.2
89100,25.695999999999998,24.2
89200,25.695999999999998,24.2
89300,25.695999999999998,24.2
89400,25.695999999999998,24.2
89500,25.695999999999998,24.2
89600,25.695999999999998,24.2
89700,25.695999999999998,24.2
89800,25.695999999999998,24.2
89900,25.695999999999998,24.2
90000,25.695999999999998,24.2
90100,25.695999999999998,24.2
90200,25.695999999999998,24.2
90300,25.695999999999998,24.2
90400,25.695999999999998,24.2
90500,25.695999999999998,24.2
90600,25.695999999999998,24.2
90700,25.695999999999998,24.2
90800,25.695999999999998,24.2
90900,25.695999999999998,24.2
91000,25.695999999999998,24.2
91100,25.695999999999998,24.2
91200,25.695999999999998,24.2
91300,25.695999999999998,24.2
91400,25.695999999999998,24.2
91500,25.695999999999998,24.2
91600,25.695999999999998,24.2
91700,25.695999999999998,24.2
91800,25.695999999999998,24.2
91900,25.695999999999998,24.2
92000,25.695999999999998,24.2
92100,25.695999999999998,24.2
92200,25.695999999999998,24.2
92300,25.695999999999998,24.2
92400,25.695999999999998,24.2
92500,25.695999999999998,24.2
92600,25.695999999999998,24.2
92700,25.695999999999998,24.2
92800,25.695999999999998,24.2
92900,25.695999999999998,24.2
93000,25.695999999999998,24.2
93100,25.695999999999998,24.2
93200,25.695999999999998,24.2
93300,25.695999999999998,24.2
93400,25.695999999999998,24.2
93500,25.695999999999998,24.2
93600,25.695999999999998,24.2
93700,25.695999999999998,24.2
93800,25.695999999999998,24.2
93900,25.695999999999998,24.2
94000,25.695999999999998,24.2
94100,25.695999999999998,24.2
94200,25.695999999999998,24.2
94300,25.695999999999998,24.2
94400,24.984,24
94500,24.984,24
94600,24.984,24
94700,24.984,24
94800,24.984,24
94900,24.984,24
95000,24.984,24
95100,24.984,24
95200,24.984,24
95300,24.984,24
95400,24.984,24
95500,24.984,24
95600,24.984,24
95700,24.984,24
95800,24.984,24
95900,24.984,24
96000,24.984,24
96100,24.984,24
96200,24.984,24
96300,24.984,24
96400,24.984,24
96500,24.984,24
96600,24.984,24
96700,24.984,24
96800,24.984,24
96900,24.984,24
97000,24.984,24
97100,24.984,24
97200,24.984,24
97300,24.984,24
97400,24.984,24
97500,24.984,24
97600,24.984,24
97700,24.984,24
97800,24.984,24
97900,24.984,24
98000,24.984,24
98100,24.984,24
98200,24.984,24
98300,24.984,24
98400,24.984,24
98500,24.984,24
98600,24.984,24
98700,24.984,24
98800,24.984,24
98900,24.984,24
99000,24.984,24
99100,24.984,24
99200,24.984,24
99300,24.984,24
99400,24.984,24
99500,24.984,24
99600,24.984,24
99700,24.984,24
99800,24.984,24
99900,24.984,24
99999,24.984,24

START ALGORITHM
h7: (-a35 - a33) * (b31)
h14: (a24 + a41 + a51) * (b35 - b52 - b42 - b41)
h25: (-a23 - a31) * (b54)
h26: (a31) * (-b45 - b21 - b25)
h28: (-a44) * (b13)
h52: (-a12 - a33) * (b23 - b21 - b22 - b31)
h55: (-a35) * (b41)
h56: (a41 - a24) * (b25 - b12 - b33 - b21)
h64: (a33 + a13) * (-b33)
h65: (a45 + a22) * (b11)
h73: (a41 - a22) * (b12 - b21 - b25)
h88: (a32 + a32 + a23 - a41 - a41) * (-b54 - b21)
h90: (-a51) * (b13)
h95: (a14) * (b33 - b44)
h99: (a14 - a44 - a15) * (-b24)
h100: (a42 - a42) * (b32)
h118: (a22 + a55) * (b54 - b44 - b13)
h122: (a43 + a15) * (-b15 - b34)
h123: (-a12) * (-b41)
h129: (a31 + a51 - a23) * (b35 + b55 + b42)
h142: (a21) * (-b45)
h155: (a33 + a24 + a52 - a54 - a43 - a44 - a25) * (b43)
h192: (a14 - a53) * (b34 - b51 - b21)
h249: (a53) * (b22 - b23)
h301: (a13 + a14 + a55 + a33) * (b13 + b24 - b43)
h335: (a14 - a41) * (b45)
h382: (a54 + a35 - a33) * (b33)
h385: (a22 + a14 + a23 + a23 - a34 - a45) * (b14 + b23 + b54 + b21 + b55 - b32 - b12 - b35 - b51)
h414: (a32 + a43 + a51) * (b44)
h668: (a31) * (b22)
h876: (a11 - a12) * (b24)
h1307: (a31) * (b15 - b12)
h1632: (a51 + a53) * (b35 - b12 - b45)
h2434: (a55 + a51 + a24) * (b23)
h2525: (a35 - a34) * (-b35)
h2858: (a45 - a34 - a24) * (-b41)
h4138: (a21) * (b11)
h5806: (a34 - a32) * (-b23)
h6302: (a52 - a24) * (b51 + b41 - b43 - b11)
h8810: (a33 - a41 - a13) * (b11 - b14)
h9472: (a52 - a33) * (b24)
h17181: (-a34) * (b34 - b55 - b22)
h18471: (a22 + a45) * (-b31 - b54)
h18835: (-a44) * (-b25 - b15)
h19661: (-a55) * (b11)
h19852: (a35 + a53 - a21) * (-b11)
h25005: (a55 + a25) * (b33 - b33 - b34)
h34569: (a12 + a44 + a52 - a22 - a13 - a55) * (-b23)
h59332: (a43) * (b31 - b31)
c11: h64 + h65 + h88 + h155 - h25 - h90 - h95 
c12: h876 + h99 - h56 
c13: h99 + h1307 + h301 
c14: h7 + h668 + h18835 
c15: h52 - h5806 
c21: - h301 - h19852 
c22: h64 - h9472 
c23: h28 + h8810 + h25005 
c24: - h122 - h414 
c25: h26 
c31: h668 + h14 + h19852 
c32: h6302 + h28 
c33: h56 + h4138 + h18471 
c34: h2858 + h25005 
c35: h414 + h18835 
c41: h123 + h249 + h52 
c42: h382 + h129 + h19661 + h335 
c43: h52 + h64 + h65 
c44: h100 - h2525 - h59332 
c45: h73 + h52 
c51: h95 + h7 + h335 + h34569 - h1632 
c52: h55 + h1307 + h17181 - h2434 
c53: h118 + h335 
c54: - h99 - h142 - h192 
c55: h382 - h385 
