0,180.88000000000002,25
100,111.904,25
200,97.56800000000001,25
300,91.08800000000001,24.8
400,85.51200000000001,25
500,76.04,25
600,70.976,25
700,68.072,24.8
800,63.104,25
900,60.751999999999995,24.8
1000,59.455999999999996,24.8
1100,59.215999999999994,25
1200,58.4,25
1300,56.967999999999996,24.6
1400,56.056,24.6
1500,56.024,24.6
1600,53.4,24.6
1700,53.4,24.6
1800,53.4,24.6
1900,51.303999999999995,24.6
2000,51.21600000000001,24.6
2100,51.21600000000001,24.6
2200,50.952000000000005,24.8
2300,50.952000000000005,24.8
2400,49.184000000000005,24.8
2500,49.184000000000005,24.8
2600,48.128,24.8
2700,47.57600000000001,24.8
2800,46.80800000000001,24.8
2900,46.80800000000001,24.8
3000,46.568,24.8
3100,46.224000000000004,25
3200,46.224000000000004,25
3300,46.224000000000004,25
3400,46.224000000000004,25
3500,44.92,25
3600,44.92,25
3700,44.92,25
3800,44.92,25
3900,44.92,25
4000,44.92,25
4100,43.96,25
4200,43.96,25
4300,43.104,25
4400,42.92,25
4500,42.92,25
4600,42.624,25
4700,42.624,25
4800,42.624,25
4900,42.136,25
5000,42.136,25
5100,42.136,25
5200,42.136,25
5300,42.136,25
5400,42.136,25
5500,42.136,25
5600,42.136,25
5700,41.815999999999995,24.8
5800,41.815999999999995,24.8
5900,41.815999999999995,24.8
6000,41.815999999999995,24.8
6100,41.815999999999995,24.8
6200,41.815999999999995,24.8
6300,41.815999999999995,24.8
6400,41.815999999999995,24.8
6500,41.736000000000004,24.8
6600,41.327999999999996,25
6700,40.136,25
6800,40.088,25
6900,40.088,25
7000,40.088,25
7100,40.088,25
7200,40.088,25
7300,39.864,25
7400,39.864,25
7500,39.616,25
7600,39.616,25
7700,39.224000000000004,24.8
7800,38.832,24.8
7900,38.832,24.8
8000,38.832,24.8
8100,38.832,24.8
8200,38.832,24.8
8300,38.832,24.8
8400,38.832,24.8
8500,38.832,24.8
8600,38.832,24.8
8700,38.832,24.8
8800,38.832,24.8
8900,38.832,24.8
9000,38.519999999999996,24.8
9100,38.224000000000004,24.6
9200,38.224000000000004,24.6
9300,38.224000000000004,24.6
9400,38.224000000000004,24.6
9500,38.224000000000004,24.6
9600,38.224000000000004,24.6
9700,38.224000000000004,24.6
9800,38.224000000000004,24.6
9900,38.224000000000004,24.6
10000,38.224000000000004,24.6
10100,38.096,24.6
10200,38.096,24.6
10300,38.096,24.6
10400,38.096,24.6
10500,38.096,24.6
10600,38.096,24.6
10700,37.903999999999996,24.6
10800,37.384,24.6
10900,37.19199999999999,24.4
11000,36.68,24.6
11100,36.04,24.6
11200,36.04,24.6
11300,35.983999999999995,24.6
11400,35.983999999999995,24.6
11500,35.983999999999995,24.6
11600,35.983999999999995,24.6
11700,35.983999999999995,24.6
11800,35.983999999999995,24.6
11900,35.983999999999995,24.6
12000,35.983999999999995,24.6
12100,35.983999999999995,24.6
12200,35.983999999999995,24.6
12300,35.983999999999995,24.6
12400,35.983999999999995,24.6
12500,35.983999999999995,24.6
12600,35.983999999999995,24.6
12700,35.983999999999995,24.6
12800,35.983999999999995,24.6
12900,35.983999999999995,24.6
13000,35.983999999999995,24.6
13100,35.983999999999995,24.6
13200,35.983999999999995,24.6
13300,35.983999999999995,24.6
13400,35.983999999999995,24.6
13500,35.983999999999995,24.6
13600,35.983999999999995,24.6
13700,35.983999999999995,24.6
13800,35.983999999999995,24.6
13900,35.983999999999995,24.6
14000,35.983999999999995,24.6
14100,35.983999999999995,24.6
14200,35.983999999999995,24.6
14300,35.96,24.6
14400,35.96,24.6
14500,35.96,24.6
14600,35.96,24.6
14700,35.96,24.6
14800,35.96,24.6
14900,35.96,24.6
15000,35.96,24.6
15100,35.96,24.6
15200,35.656,24.6
15300,35.568,24.6
15400,35.432,24.6
15500,35.432,24.6
15600,35.36800000000001,24.6
15700,35.272000000000006,24.6
15800,35.239999999999995,24.6
15900,34.792,24.6
16000,34.792,24.6
16100,34.792,24.6
16200,34.792,24.6
16300,34.792,24.6
16400,34.792,24.6
16500,34.784,24.6
16600,34.784,24.6
16700,34.784,24.6
16800,34.784,24.6
16900,34.784,24.6
17000,34.784,24.6
17100,34.784,24.6
17200,34.608,24.6
17300,34.608,24.6
17400,34.608,24.6
17500,34.608,24.6
17600,34.608,24.6
17700,34.608,24.6
17800,34.608,24.6
17900,34.608,24.6
18000,34.608,24.6
18100,34.32000000000001,24.6
18200,34.32000000000001,24.6
18300,34.32000000000001,24.6
18400,34.32000000000001,24.6
18500,33.864,24.8
18600,33.864,24.8
18700,33.304,24.8
18800,33.12,24.8
18900,33.12,24.8
19000,33.064,24.8
19100,33.064,24.8
19200,32.128,24.6
19300,32.128,24.6
19400,32.128,24.6
19500,32.128,24.6
19600,32.128,24.6
19700,32.08,24.6
19800,32.08,24.6
19900,32.08,24.6
20000,32.08,24.6
20100,32.08,24.6
20200,32.08,24.6
20300,32.08,24.6
20400,31.895999999999997,24.6
20500,31.120000000000005,24.4
20600,31.120000000000005,24.4
20700,31.120000000000005,24.4
20800,31.120000000000005,24.4
20900,31.120000000000005,24.4
21000,31.120000000000005,24.4
21100,31.120000000000005,24.4
21200,31.120000000000005,24.4
21300,31.120000000000005,24.4
21400,31.120000000000005,24.4
21500,31.120000000000005,24.4
21600,31.120000000000005,24.4
21700,31.120000000000005,24.4
21800,31.120000000000005,24.4
21900,31.120000000000005,24.4
22000,31.120000000000005,24.4
22100,31.120000000000005,24.4
22200,31.120000000000005,24.4
22300,31.120000000000005,24.4
22400,31.120000000000005,24.4
22500,31.120000000000005,24.4
22600,31.120000000000005,24.4
22700,31.048000000000002,24.4
22800,31.048000000000002,24.4
22900,31.048000000000002,24.4
23000,31.048000000000002,24.4
23100,31.048000000000002,24.4
23200,31.048000000000002,24.4
23300,31.048000000000002,24.4
23400,31.048000000000002,24.4
23500,30.879999999999995,24.4
23600,30.879999999999995,24.4
23700,30.856,24.4
23800,30.856,24.4
23900,30.856,24.4
24000,30.856,24.4
24100,30.856,24.4
24200,30.856,24.4
24300,30.856,24.4
24400,30.856,24.4
24500,30.856,24.4
24600,30.856,24.4
24700,30.856,24.4
24800,30.856,24.4
24900,30.856,24.4
25000,30.856,24.4
25100,30.856,24.4
25200,30.856,24.4
25300,30.856,24.4
25400,30.856,24.4
25500,30.856,24.4
25600,30.856,24.4
25700,30.383999999999997,24.4
25800,30.383999999999997,24.4
25900,30.383999999999997,24.4
26000,30.383999999999997,24.4
26100,30.383999999999997,24.4
26200,30.383999999999997,24.4
26300,30.383999999999997,24.4
26400,30.383999999999997,24.4
26500,30.383999999999997,24.4
26600,30.383999999999997,24.4
26700,30.383999999999997,24.4
26800,30.383999999999997,24.4
26900,30.383999999999997,24.4
27000,30.383999999999997,24.4
27100,30.383999999999997,24.4
27200,30.383999999999997,24.4
27300,30.383999999999997,24.4
27400,30.383999999999997,24.4
27500,30.383999999999997,24.4
27600,30.383999999999997,24.4
27700,30.383999999999997,24.4
27800,30.383999999999997,24.4
27900,30.383999999999997,24.4
28000,30.383999999999997,24.4
28100,30.383999999999997,24.4
28200,30.383999999999997,24.4
28300,30.383999999999997,24.4
28400,30.383999999999997,24.4
28500,30.127999999999997,24.4
28600,29.584000000000003,24.4
28700,29.584000000000003,24.4
28800,29.584000000000003,24.4
28900,29.584000000000003,24.4
29000,29.584000000000003,24.4
29100,29.584000000000003,24.4
29200,29.584000000000003,24.4
29300,29.584000000000003,24.4
29400,29.584000000000003,24.4
29500,29.584000000000003,24.4
29600,29.584000000000003,24.4
29700,29.584000000000003,24.4
29800,29.584000000000003,24.4
29900,29.584000000000003,24.4
30000,29.584000000000003,24.4
30100,29.584000000000003,24.4
30200,29.584000000000003,24.4
30300,29.584000000000003,24.4
30400,29.584000000000003,24.4
30500,29.584000000000003,24.4
30600,29.584000000000003,24.4
30700,29.584000000000003,24.4
30800,29.584000000000003,24.4
30900,29.584000000000003,24.4
31000,29.559999999999995,24.2
31100,29.559999999999995,24.2
31200,29.559999999999995,24.2
31300,29.559999999999995,24.2
31400,29.559999999999995,24.2
31500,29.559999999999995,24.2
31600,29.559999999999995,24.2
31700,29.559999999999995,24.2
31800,29.559999999999995,24.2
31900,29.559999999999995,24.2
32000,29.559999999999995,24.2
32100,29.559999999999995,24.2
32200,29.559999999999995,24.2
32300,29.559999999999995,24.2
32400,29.559999999999995,24.2
32500,29.559999999999995,24.2
32600,29.183999999999997,24
32700,29.183999999999997,24
32800,29.183999999999997,24
32900,29.183999999999997,24
33000,29.183999999999997,24
33100,29.183999999999997,24
33200,29.168,24
33300,29.168,24
33400,29.168,24
33500,29.168,24
33600,29.168,24
33700,29.168,24
33800,29.168,24
33900,29.168,24
34000,29.168,24
34100,29.168,24
34200,29.168,24
34300,29.168,24
34400,29.168,24
34500,29.168,24
34600,29.168,24
34700,29.168,24
34800,29.168,24
34900,29.168,24
35000,29.168,24
35100,29.168,24
35200,29.168,24
35300,29.168,24
35400,29.168,24
35500,29.168,24
35600,29.168,24
35700,28.96,24
35800,28.96,24
35900,28.96,24
36000,28.96,24
36100,28.96,24
36200,28.96,24
36300,28.96,24
36400,28.96,24
36500,28.96,24
36600,28.96,24
36700,28.96,24
36800,28.96,24
36900,28.96,24
37000,28.96,24
37100,28.96,24
37200,28.96,24
37300,28.96,24
37400,28.96,24
37500,28.96,24
37600,28.96,24
37700,28.96,24
37800,28.96,24
37900,28.96,24
38000,28.96,24
38100,28.96,24
38200,28.96,24
38300,28.96,24
38400,28.96,24
38500,28.96,24
38600,28.96,24
38700,28.96,24
38800,28.96,24
38900,28.96,24
39000,28.96,24
39100,28.96,24
39200,28.96,24
39300,28.96,24
39400,28.96,24
39500,28.96,24
39600,28.96,24
39700,28.96,24
39800,28.96,24
39900,28.96,24
40000,28.96,24
40100,28.96,24
40200,28.96,24
40300,28.96,24
40400,28.96,24
40500,28.96,24
40600,28.96,24
40700,28.96,24
40800,28.96,24
40900,28.96,24
41000,28.96,24
41100,28.96,24
41200,28.96,24
41300,28.96,24
41400,28.951999999999998,24
41500,28.951999999999998,24
41600,28.951999999999998,24
41700,28.951999999999998,24
41800,28.951999999999998,24
41900,28.951999999999998,24
42000,28.951999999999998,24
42100,28.951999999999998,24
42200,28.951999999999998,24
42300,28.951999999999998,24
42400,28.951999999999998,24
42500,28.951999999999998,24
42600,28.951999999999998,24
42700,28.951999999999998,24
42800,28.951999999999998,24
42900,28.951999999999998,24
43000,28.951999999999998,24
43100,28.951999999999998,24
43200,28.951999999999998,24
43300,28.951999999999998,24
43400,28.951999999999998,24
43500,28.951999999999998,24
43600,28.951999999999998,24
43700,28.951999999999998,24
43800,28.951999999999998,24
43900,28.951999999999998,24
44000,28.951999999999998,24
44100,28.951999999999998,24
44200,28.951999999999998,24
44300,28.951999999999998,24
44400,28.951999999999998,24
44500,28.951999999999998,24
44600,28.951999999999998,24
44700,28.951999999999998,24
44800,28.951999999999998,24
44900,28.951999999999998,24
45000,28.951999999999998,24
45100,28.951999999999998,24
45200,28.951999999999998,24
45300,28.951999999999998,24
45400,28.951999999999998,24
45500,28.951999999999998,24
45600,28.951999999999998,24
45700,28.951999999999998,24
45800,28.951999999999998,24
45900,28.951999999999998,24
46000,28.951999999999998,24
46100,28.951999999999998,24
46200,28.951999999999998,24
46300,28.951999999999998,24
46400,28.631999999999998,24.2
46500,28.383999999999997,24.2
46600,28.383999999999997,24.2
46700,28.383999999999997,24.2
46800,28.383999999999997,24.2
46900,28.383999999999997,24.2
47000,28.383999999999997,24.2
47100,28.383999999999997,24.2
47200,28.383999999999997,24.2
47300,28.383999999999997,24.2
47400,28.383999999999997,24.2
47500,28.383999999999997,24.2
47600,28.383999999999997,24.2
47700,28.383999999999997,24.2
47800,28.383999999999997,24.2
47900,28.383999999999997,24.2
48000,28.383999999999997,24.2
48100,28.383999999999997,24.2
48200,28.383999999999997,24.2
48300,28.383999999999997,24.2
48400,28.383999999999997,24.2
48500,28.383999999999997,24.2
48600,28.383999999999997,24.2
48700,28.383999999999997,24.2
48800,28.383999999999997,24.2
48900,28.383999999999997,24.2
49000,28.383999999999997,24.2
49100,28.383999999999997,24.2
49200,28.383999999999997,24.2
49300,28.383999999999997,24.2
49400,28.383999999999997,24.2
49500,28.383999999999997,24.2
49600,28.383999999999997,24.2
49700,28.383999999999997,24.2
49800,28.383999999999997,24.2
49900,28.383999999999997,24.2
50000,28.383999999999997,24.2
50100,28.383999999999997,24.2
50200,28.383999999999997,24.2
50300,28.383999999999997,24.2
50400,28.383999999999997,24.2
50500,28.383999999999997,24.2
50600,28.383999999999997,24.2
50700,28.383999999999997,24.2
50800,28.383999999999997,24.2
50900,28.383999999999997,24.2
51000,28.383999999999997,24.2
51100,28.383999999999997,24.2
51200,28.383999999999997,24.2
51300,28.383999999999997,24.2
51400,28.383999999999997,24.2
51500,28.383999999999997,24.2
51600,28.383999999999997,24.2
51700,28.383999999999997,24.2
51800,28.383999999999997,24.2
51900,28.383999999999997,24.2
52000,28.383999999999997,24.2
52100,28.383999999999997,24.2
52200,28.383999999999997,24.2
52300,28.383999999999997,24.2
52400,28.383999999999997,24.2
52500,28.383999999999997,24.2
52600,28.383999999999997,24.2
52700,28.383999999999997,24.2
52800,27.976,24.2
52900,27.815999999999995,24
53000,27.815999999999995,24
53100,27.815999999999995,24
53200,27.815999999999995,24
53300,27.815999999999995,24
53400,27.815999999999995,24
53500,27.815999999999995,24
53600,27.815999999999995,24
53700,27.815999999999995,24
53800,27.815999999999995,24
53900,27.815999999999995,24
54000,27.815999999999995,24
54100,27.815999999999995,24
54200,27.815999999999995,24
54300,27.815999999999995,24
54400,27.695999999999998,24
54500,27.695999999999998,24
54600,27.695999999999998,24
54700,27.695999999999998,24
54800,27.695999999999998,24
54900,27.695999999999998,24
55000,27.695999999999998,24
55100,27.695999999999998,24
55200,27.695999999999998,24
55300,27.695999999999998,24
55400,27.695999999999998,24
55500,27.695999999999998,24
55600,27.695999999999998,24
55700,27.695999999999998,24
55800,27.695999999999998,24
55900,27.695999999999998,24
56000,27.695999999999998,24
56100,27.695999999999998,24
56200,27.695999999999998,24
56300,27.695999999999998,24
56400,27.695999999999998,24
56500,27.695999999999998,24
56600,27.695999999999998,24
56700,27.695999999999998,24
56800,27.695999999999998,24
56900,27.695999999999998,24
57000,27.695999999999998,24
57100,27.695999999999998,24
57200,27.695999999999998,24
57300,27.695999999999998,24
57400,27.695999999999998,24
57500,27.376000000000005,24
57600,27.376000000000005,24
57700,27.376000000000005,24
57800,27.376000000000005,24
57900,27.376000000000005,24
58000,27.376000000000005,24
58100,27.376000000000005,24
58200,27.376000000000005,24
58300,27.376000000000005,24
58400,27.376000000000005,24
58500,27.376000000000005,24
58600,27.119999999999997,24
58700,27.119999999999997,24
58800,27.119999999999997,24
58900,27.119999999999997,24
59000,27.119999999999997,24
59100,27.119999999999997,24
59200,27.119999999999997,24
59300,27.119999999999997,24
59400,27.119999999999997,24
59500,27.119999999999997,24
59600,27.119999999999997,24
59700,27.119999999999997,24
59800,27.119999999999997,24
59900,27.119999999999997,24
60000,27.119999999999997,24
60100,27.119999999999997,24
60200,27.119999999999997,24
60300,27.119999999999997,24
60400,26.544,24
60500,26.544,24
60600,26.544,24
60700,26.544,24
60800,26.544,24
60900,26.544,24
61000,26.544,24
61100,26.368000000000006,24
61200,26.368000000000006,24
61300,26.368000000000006,24
61400,26.368000000000006,24
61500,26.368000000000006,24
61600,26.368000000000006,24
61700,26.368000000000006,24
61800,26.368000000000006,24
61900,26.368000000000006,24
62000,26.368000000000006,24
62100,26.368000000000006,24
62200,26.368000000000006,24
62300,26.368000000000006,24
62400,26.368000000000006,24
62500,26.368000000000006,24
62600,26.095999999999997,24
62700,26.095999999999997,24
62800,26.095999999999997,24
62900,26.095999999999997,24
63000,26.095999999999997,24
63100,26.095999999999997,24
63200,26.095999999999997,24
63300,26.095999999999997,24
63400,26.095999999999997,24
63500,26.095999999999997,24
63600,26.095999999999997,24
63700,26.095999999999997,24
63800,26.095999999999997,24
63900,26.095999999999997,24
64000,26.095999999999997,24
64100,26.095999999999997,24
64200,26.095999999999997,24
64300,26.095999999999997,24
64400,26.095999999999997,24
64500,26.095999999999997,24
64600,26.095999999999997,24
64700,26.095999999999997,24
64800,26.095999999999997,24
64900,26.095999999999997,24
65000,26.095999999999997,24
65100,26.095999999999997,24
65200,26.095999999999997,24
65300,26.095999999999997,24
65400,26.095999999999997,24
65500,26.095999999999997,24
65600,26.095999999999997,24
65700,26.095999999999997,24
65800,26.095999999999997,24
65900,26.095999999999997,24
66000,26.095999999999997,24
66100,25.904000000000003,24
66200,25.904000000000003,24
66300,25.904000000000003,24
66400,25.904000000000003,24
66500,25.904000000000003,24
66600,25.904000000000003,24
66700,25.904000000000003,24
66800,25.904000000000003,24
66900,25.904000000000003,24
67000,25.904000000000003,24
67100,25.904000000000003,24
67200,25.904000000000003,24
67300,25.904000000000003,24
67400,25.904000000000003,24
67500,25.904000000000003,24
67600,25.904000000000003,24.2
67700,25.904000000000003,24.2
67800,25.904000000000003,24.2
67900,25.904000000000003,24.2
68000,25.904000000000003,24.2
68100,25.904000000000003,24.2
68200,25.776,24
68300,25.776,24
68400,25.776,24
68500,25.776,24
68600,25.776,24
68700,25.776,24
68800,25.560000000000002,24
68900,25.560000000000002,24
69000,25.560000000000002,24
69100,25.560000000000002,24
69200,25.560000000000002,24
69300,25.560000000000002,24
69400,25.560000000000002,24
69500,25.560000000000002,24
69600,25.560000000000002,24
69700,25.560000000000002,24
69800,25.560000000000002,24
69900,25.560000000000002,24
70000,25.560000000000002,24
70100,25.560000000000002,24
70200,25.560000000000002,24
70300,25.560000000000002,24
70400,25.560000000000002,24
70500,25.560000000000002,24
70600,25.560000000000002,24
70700,25.560000000000002,24
70800,25.560000000000002,24
70900,25.560000000000002,24
71000,25.560000000000002,24
71100,25.560000000000002,24
71200,25.560000000000002,24
71300,25.560000000000002,24
71400,25.560000000000002,24
71500,25.560000000000002,24
71600,25.560000000000002,24
71700,25.560000000000002,24
71800,25.560000000000002,24
71900,25.560000000000002,24
72000,25.560000000000002,24
72100,25.560000000000002,24
72200,25.560000000000002,24
72300,25.560000000000002,24
72400,25.560000000000002,24
72500,25.560000000000002,24
72600,25.560000000000002,24
72700,25.560000000000002,24
72800,25.560000000000002,24
72900,25.560000000000002,24
73000,25.560000000000002,24
73100,25.560000000000002,24
73200,25.560000000000002,24
73300,25.560000000000002,24
73400,25.560000000000002,24
73500,25.560000000000002,24
73600,25.560000000000002,24
73700,25.560000000000002,24
73800,25.560000000000002,24
73900,25.392000000000003,24
74000,25.392000000000003,24
74100,25.392000000000003,24
74200,25.392000000000003,24
74300,25.392000000000003,24
74400,25.392000000000003,24
74500,25.392000000000003,24
74600,25.392000000000003,24
74700,25.392000000000003,24
74800,25.392000000000003,24
74900,25.392000000000003,24
75000,25.392000000000003,24
75100,25.392000000000003,24
75200,25.392000000000003,24
75300,25.392000000000003,24
75400,25.392000000000003,24
75500,25.392000000000003,24
75600,25.392000000000003,24
75700,25.392000000000003,24
75800,25.392000000000003,24
75900,24.832,24
76000,24.832,24
76100,24.832,24
76200,24.832,24
76300,24.832,24
76400,24.832,24
76500,24.832,24
76600,24.832,24
76700,24.832,24
76800,24.776,23.8
76900,24.776,23.8
77000,24.776,23.8
77100,24.776,23.8
77200,24.776,23.8
77300,24.776,23.8
77400,24.776,23.8
77500,24.776,23.8
77600,24.776,23.8
77700,24.776,23.8
77800,24.776,23.8
77900,24.776,23.8
78000,24.776,23.8
78100,24.776,23.8
78200,24.776,23.8
78300,24.776,23.8
78400,24.776,23.8
78500,24.776,23.8
78600,24.776,23.8
78700,24.776,23.8
78800,24.776,23.8
78900,24.776,23.8
79000,24.776,23.8
79100,24.776,23.8
79200,24.776,23.8
79300,24.776,23.8
79400,24.776,23.8
79500,24.776,23.8
79600,24.776,23.8
79700,24.616,23.8
79800,24.616,23.8
79900,24.616,23.8
80000,24.616,23.8
80100,24.616,23.8
80200,24.616,23.8
80300,24.616,23.8
80400,24.616,23.8
80500,24.616,23.8
80600,24.616,23.8
80700,24.616,23.8
80800,24.616,23.8
80900,24.616,23.8
81000,24.616,23.8
81100,24.616,23.8
81200,24.616,23.8
81300,24.616,23.8
81400,24.616,23.8
81500,24.616,23.8
81600,24.616,23.8
81700,24.616,23.8
81800,24.616,23.8
81900,24.616,23.8
82000,24.616,23.8
82100,24.616,23.8
82200,24.616,23.8
82300,24.616,23.8
82400,24.616,23.8
82500,24.616,23.8
82600,24.616,23.8
82700,24.616,23.8
82800,24.616,23.8
82900,24.616,23.8
83000,24.616,23.8
83100,24.616,23.8
83200,24.616,23.8
83300,24.616,23.8
83400,24.616,23.8
83500,24.616,23.8
83600,24.616,23.8
83700,24.616,23.8
83800,24.616,23.8
83900,24.616,23.8
84000,24.616,23.8
84100,24.119999999999997,24
84200,24.119999999999997,24
84300,24.119999999999997,24
84400,24.119999999999997,24
84500,24.119999999999997,24
84600,24.119999999999997,24
84700,24.119999999999997,24
84800,24.119999999999997,24
84900,24.119999999999997,24
85000,24.119999999999997,24
85100,24.119999999999997,24
85200,24.119999999999997,24
85300,24.119999999999997,24
85400,24.119999999999997,24
85500,24.119999999999997,24
85600,24.119999999999997,24
85700,24.119999999999997,24
85800,24.119999999999997,24
85900,24.119999999999997,24
86000,24.119999999999997,24
86100,24.119999999999997,24
86200,24.119999999999997,24
86300,23.472,24
86400,23.472,24
86500,23.472,24
86600,23.472,24
86700,23.472,24
86800,23.472,24
86900,23.472,24
87000,23.472,24
87100,23.472,24
87200,23.472,24
87300,23.472,24
87400,23.472,24
87500,23.472,24
87600,23.472,24
87700,23.472,24
87800,23.472,24
87900,23.472,24
88000,23.472,24
88100,23.472,24
88200,23.472,24
88300,23.472,24
88400,23.472,24
88500,23.472,24
88600,23.472,24
88700,23.472,24
88800,23.472,24
88900,23.472,24
89000,23.472,24
89100,23.472,24
89200,23.472,24
89300,23.472,24
89400,23.472,24
89500,23.472,24
89600,23.472,24
89700,23.472,24
89800,23.472,24
89900,23.472,24
90000,23.472,24
90100,23.472,24
90200,23.472,24
90300,23.472,24
90400,23.472,24
90500,23.472,24
90600,23.472,24
90700,23.472,24
90800,23.472,24
90900,23.472,24
91000,23.472,24
91100,23.472,24
91200,23.472,24
91300,23.472,24
91400,23.472,24
91500,23.472,24
91600,23.472,24
91700,23.472,24
91800,23.472,24
91900,23.472,24
92000,23.472,24
92100,23.472,24
92200,23.472,24
92300,23.472,24
92400,23.472,24
92500,23.279999999999998,24
92600,23.279999999999998,24
92700,23.279999999999998,24
92800,23.279999999999998,24
92900,23.279999999999998,24
93000,23.279999999999998,24
93100,23.279999999999998,24
93200,23.279999999999998,24
93300,23.279999999999998,24
93400,23.279999999999998,24
93500,23.279999999999998,24
93600,23.279999999999998,24
93700,23.279999999999998,24
93800,23.279999999999998,24
93900,23.279999999999998,24
94000,23.279999999999998,24
94100,23.279999999999998,24
94200,23.279999999999998,24
94300,23.279999999999998,24
94400,23.279999999999998,24
94500,23.279999999999998,24
94600,23.279999999999998,24
94700,23.279999999999998,24
94800,23.279999999999998,24
94900,23.279999999999998,24
95000,23.279999999999998,24
95100,23.279999999999998,24
95200,23.279999999999998,24
95300,23.279999999999998,24
95400,23.279999999999998,24
95500,23.279999999999998,24
95600,23.279999999999998,24
95700,23.279999999999998,24
95800,23.279999999999998,24
95900,23.279999999999998,24
96000,23.279999999999998,24
96100,23.279999999999998,24
96200,23.279999999999998,24
96300,23.279999999999998,24
96400,23.279999999999998,24
96500,23.279999999999998,24
96600,23.279999999999998,24
96700,23.279999999999998,24
96800,23.279999999999998,24
96900,23.279999999999998,24
97000,23.279999999999998,24
97100,23.279999999999998,24
97200,23.279999999999998,24
97300,23.279999999999998,24
97400,23.279999999999998,24
97500,23.279999999999998,24
97600,23.279999999999998,24
97700,23.279999999999998,24
97800,23.279999999999998,24
97900,23.279999999999998,24
98000,23.279999999999998,24
98100,23.279999999999998,24
98200,23.279999999999998,24
98300,23.279999999999998,24
98400,23.279999999999998,24
98500,23.279999999999998,24
98600,23.279999999999998,24
98700,23.279999999999998,24
98800,23.279999999999998,24
98900,23.279999999999998,24
99000,23.279999999999998,24
99100,23.279999999999998,24
99200,23.279999999999998,24
99300,23.279999999999998,24
99400,23.279999999999998,24
99500,23.279999999999998,24
99600,23.279999999999998,24
99700,23.279999999999998,24
99800,23.279999999999998,24
99900,23.279999999999998,24
99999,23.279999999999998,24

START ALGORITHM
h1: (a14) * (b21 - b14 - b55)
h4: (-a53) * (b32)
h6: (a53 + a42 + a24) * (-b31)
h7: (-a42) * (b21 - b13 - b32)
h8: (a33 + a11 - a22 - a21 - a14) * (-b25)
h10: (a13) * (b33 + b34 - b32)
h16: (a52) * (b23 + b35 - b12 - b44)
h20: (a41) * (b24 - b34)
h24: (-a13 - a45) * (b12 + b53 - b35)
h26: (-a12) * (-b21)
h33: (a12) * (-b31 - b55)
h34: (a25 + a11 - a51) * (-b55 - b53)
h37: (a24 - a55) * (-b33)
h41: (a54) * (b52)
h42: (a52 - a35) * (b45 - b15 - b14)
h46: (a11 - a14) * (b13)
h51: (a25 + a31) * (-b23 - b35)
h53: (a32 - a34) * (-b41 - b12)
h55: (a44 - a21) * (b45 - b15)
h61: (a51) * (b13 - b31 - b12 - b45)
h65: (a33 - a44) * (b44)
h79: (a43) * (b23)
h81: (-a41) * (b35)
h85: (a24) * (-b13 - b44)
h87: (-a52 - a21) * (-b45 - b14)
h97: (a25) * (b12)
h124: (-a45) * (-b24 - b25)
h126: (-a21) * (b11 - b24)
h133: (a45 - a34) * (b43)
h134: (-a52) * (b41 + b41)
h138: (-a55) * (-b13)
h164: (a44 + a14) * (b32 + b54 + b33 - b53 - b55 - b15)
h180: (a43 + a51 + a42 - a41 - a53) * (b23)
h262: (a54 - a52) * (b35 + b53 + b34 - b13)
h331: (a43) * (b32)
h401: (a54 + a54 - a54) * (b42 - b45)
h523: (a35) * (b54 - b43)
h608: (a44 + a44 - a35) * (b53)
h1281: (a25 + a35) * (b21)
h1765: (a25) * (-b13)
h2964: (-a44) * (b55)
h3481: (a31) * (b13)
h4127: (a24) * (b15)
h6506: (a51) * (-b31 - b25)
h6806: (a13 + a13 - a23 - a35 - a23) * (b33 - b43)
h7142: (a34 - a52 - a11) * (-b44)
h7230: (-a24) * (b21)
h10657: (a22) * (b55 + b54 - b51)
h11619: (a33 + a31 - a44 - a32) * (b51 + b51 - b32)
h15546: (-a21) * (b52)
h17478: (a33) * (b12 - b11 - b32)
h21925: (a25 + a55 - a43) * (b42 + b21 + b24 + b45 - b51 - b14 - b15 - b31)
h22607: (a55 - a52 - a45 - a31) * (b31 - b24)
c11: h401 - h262 - h17478 
c12: h2964 + h10657 - h46 
c13: h37 + h41 - h133 
c14: h65 + h97 
c15: h20 - h331 
c21: h10 + h1765 + h3481 + h7142 
c22: h138 - h22607 
c23: h33 + h34 
c24: h87 + h61 + h6506 
c25: h7 + h7230 
c31: h79 + h8 + h33 
c32: h21925 
c33: h16 - h87 - h10657 
c34: h138 + h6 - h134 - h1281 
c35: h16 - h24 
c41: h37 + h124 + h180 + h608 - h4 
c42: h164 + h46 + h11619 
c43: - h81 - h4127 
c44: h6806 + h15546 
c45: h8 - h34 
c51: h26 + h10 - h523 
c52: h53 + h24 + h126 + h51 - h61 - h55 
c53: h42 + h401 + h133 + h4 - h1 
c54: h55 + h97 - h6 - h7230 
c55: h79 + h85 - h55 - h81 
