0,179.12000000000003,25
100,124.87199999999999,24.8
200,108.29599999999998,25
300,95,25
400,88.208,25
500,84.98400000000001,25
600,81.088,25
700,78.824,25
800,78.152,25
900,77.02399999999999,25
1000,74.872,25
1100,72.032,25
1200,69.672,24.8
1300,68.416,24.8
1400,66.912,24.8
1500,63.19199999999999,24.8
1600,61.52,24.8
1700,56.967999999999996,24.6
1800,56.4,24.6
1900,55.73599999999999,24.6
2000,55.73599999999999,24.6
2100,54.903999999999996,24.6
2200,54.903999999999996,24.6
2300,54.688,24.6
2400,54.688,24.6
2500,54.36,24.6
2600,54.36,24.6
2700,53.408,24.6
2800,51.879999999999995,24.4
2900,51.879999999999995,24.4
3000,51.879999999999995,24.4
3100,51.879999999999995,24.4
3200,51.616,24.4
3300,51.471999999999994,24.4
3400,51.456,24.4
3500,51.456,24.4
3600,50.36,24.4
3700,49.687999999999995,24.4
3800,49.687999999999995,24.4
3900,48.464,24.4
4000,47.968,24.4
4100,47.76,24.4
4200,47.76,24.4
4300,47.648,24.4
4400,47.432,24.4
4500,47.432,24.4
4600,47.432,24.4
4700,47.432,24.4
4800,47.36,24.4
4900,47.168,24.4
5000,47.168,24.4
5100,47.168,24.4
5200,47.168,24.4
5300,47.168,24.4
5400,46.70399999999999,24.6
5500,46.70399999999999,24.6
5600,46.4,24.4
5700,45,24.4
5800,44.416,24.6
5900,44.344,24.4
6000,44.344,24.4
6100,43.76,24.4
6200,42.552,24.4
6300,42.552,24.4
6400,42.552,24.4
6500,42.312,24.4
6600,42.112,24.4
6700,42.048,24.4
6800,41.536,24.4
6900,40.224,24.4
7000,40.224,24.4
7100,40.224,24.4
7200,39.70399999999999,24.4
7300,39.70399999999999,24.4
7400,39.70399999999999,24.4
7500,39.70399999999999,24.4
7600,39.70399999999999,24.4
7700,38.544,24.4
7800,38.544,24.4
7900,38.136,24.4
8000,37.968,24.4
8100,37.968,24.4
8200,37.767999999999994,24.4
8300,37.767999999999994,24.4
8400,37.767999999999994,24.4
8500,36.792,24.6
8600,36.696000000000005,24.6
8700,36.432,24.6
8800,36.432,24.6
8900,36.416,24.6
9000,36.416,24.6
9100,36.416,24.6
9200,36.416,24.6
9300,36.416,24.6
9400,36.416,24.6
9500,36.416,24.6
9600,36.16,24.6
9700,35.879999999999995,24.6
9800,35.879999999999995,24.6
9900,35.80799999999999,24.6
10000,35.80799999999999,24.6
10100,35.80799999999999,24.6
10200,35.80799999999999,24.6
10300,35.336,24.6
10400,35.2,24.6
10500,35.056000000000004,24.6
10600,35.056000000000004,24.6
10700,35.056000000000004,24.6
10800,35.056000000000004,24.6
10900,35.056000000000004,24.6
11000,35.056000000000004,24.6
11100,35.056000000000004,24.6
11200,35.056000000000004,24.6
11300,35.056000000000004,24.6
11400,35.056000000000004,24.6
11500,35.056000000000004,24.6
11600,35.056000000000004,24.6
11700,35.056000000000004,24.6
11800,35.056000000000004,24.6
11900,35.056000000000004,24.6
12000,34.512,24.6
12100,34.512,24.6
12200,33.92,24.6
12300,33.92,24.6
12400,33.92,24.6
12500,33.92,24.6
12600,33.92,24.6
12700,33.904,24.6
12800,33.74400000000001,24.6
12900,33.74400000000001,24.6
13000,33.74400000000001,24.6
13100,33.74400000000001,24.6
13200,33.74400000000001,24.6
13300,33.74400000000001,24.6
13400,33.74400000000001,24.6
13500,33.74400000000001,24.6
13600,33.74400000000001,24.6
13700,33.74400000000001,24.6
13800,33.74400000000001,24.6
13900,33.74400000000001,24.6
14000,33.74400000000001,24.6
14100,33.74400000000001,24.6
14200,33.74400000000001,24.6
14300,33.74400000000001,24.6
14400,33.74400000000001,24.6
14500,33.74400000000001,24.6
14600,33.74400000000001,24.6
14700,33.74400000000001,24.6
14800,33.74400000000001,24.6
14900,33.74400000000001,24.6
15000,33.304,24.6
15100,33.304,24.6
15200,33.304,24.6
15300,33.304,24.6
15400,33.304,24.6
15500,33.304,24.6
15600,33.304,24.6
15700,33.304,24.6
15800,33.304,24.6
15900,33.304,24.6
16000,33.304,24.6
16100,33.304,24.6
16200,33.304,24.6
16300,33.304,24.6
16400,33.304,24.6
16500,33.304,24.6
16600,33.304,24.6
16700,33.304,24.6
16800,33.304,24.6
16900,33.304,24.6
17000,33.304,24.6
17100,33.304,24.6
17200,33.304,24.6
17300,33.304,24.6
17400,33.279999999999994,24.6
17500,33.279999999999994,24.6
17600,32.432,24.6
17700,32.432,24.6
17800,32.432,24.6
17900,32.248000000000005,24.6
18000,32.248000000000005,24.6
18100,32.248000000000005,24.6
18200,32.248000000000005,24.6
18300,32.248000000000005,24.6
18400,32.248000000000005,24.6
18500,32.248000000000005,24.6
18600,32.248000000000005,24.6
18700,32.248000000000005,24.6
18800,31.944,24.6
18900,31.944,24.6
19000,31.944,24.6
19100,31.944,24.6
19200,31.944,24.6
19300,31.503999999999998,24.6
19400,31.503999999999998,24.6
19500,31.503999999999998,24.6
19600,31.503999999999998,24.6
19700,31.503999999999998,24.6
19800,31.503999999999998,24.6
19900,31.503999999999998,24.6
20000,31.503999999999998,24.6
20100,31.503999999999998,24.6
20200,31.503999999999998,24.6
20300,31.503999999999998,24.6
20400,31.503999999999998,24.6
20500,30.608000000000004,24.6
20600,30.608000000000004,24.6
20700,30.608000000000004,24.6
20800,30.608000000000004,24.6
20900,30.608000000000004,24.6
21000,30.608000000000004,24.6
21100,30.608000000000004,24.6
21200,30.608000000000004,24.6
21300,30.608000000000004,24.6
21400,30.608000000000004,24.6
21500,30.608000000000004,24.6
21600,30.608000000000004,24.6
21700,30.608000000000004,24.6
21800,30.608000000000004,24.6
21900,30.608000000000004,24.6
22000,30.608000000000004,24.6
22100,30.608000000000004,24.6
22200,30.608000000000004,24.6
22300,30.608000000000004,24.6
22400,30.608000000000004,24.6
22500,30.608000000000004,24.6
22600,30.608000000000004,24.6
22700,30.608000000000004,24.6
22800,30.607999999999997,24.6
22900,30.607999999999997,24.6
23000,30.607999999999997,24.6
23100,30.607999999999997,24.6
23200,30.607999999999997,24.6
23300,30.607999999999997,24.6
23400,30.607999999999997,24.6
23500,30.528000000000002,24.6
23600,30.528000000000002,24.6
23700,30.528000000000002,24.6
23800,30.528000000000002,24.6
23900,30.528000000000002,24.6
24000,30.528000000000002,24.6
24100,30.528000000000002,24.6
24200,30.528000000000002,24.6
24300,30.528000000000002,24.6
24400,30.528000000000002,24.6
24500,30.528000000000002,24.6
24600,30.528000000000002,24.6
24700,30.528000000000002,24.6
24800,30.528000000000002,24.6
24900,30.528000000000002,24.6
25000,30.528000000000002,24.6
25100,30.528000000000002,24.6
25200,30.496000000000002,24.6
25300,30.312,24.4
25400,30.304000000000002,24.4
25500,30.304000000000002,24.4
25600,30.304000000000002,24.4
25700,30.304000000000002,24.4
25800,30.304000000000002,24.4
25900,30.304000000000002,24.4
26000,30.304000000000002,24.4
26100,30.304000000000002,24.4
26200,30.304000000000002,24.4
26300,30.304000000000002,24.4
26400,30.304000000000002,24.4
26500,30.304000000000002,24.4
26600,30.304000000000002,24.4
26700,30.304000000000002,24.4
26800,30.304000000000002,24.4
26900,30.304000000000002,24.4
27000,30.016,24.4
27100,29.928000000000004,24.4
27200,29.928000000000004,24.4
27300,29.928000000000004,24.4
27400,29.928000000000004,24.4
27500,29.928000000000004,24.4
27600,29.928000000000004,24.4
27700,29.887999999999998,24.4
27800,29.887999999999998,24.4
27900,29.887999999999998,24.4
28000,29.887999999999998,24.4
28100,29.176000000000005,24.4
28200,29.176000000000005,24.4
28300,29.176000000000005,24.4
28400,29.176000000000005,24.4
28500,29.176000000000005,24.4
28600,29.176000000000005,24.4
28700,29.176000000000005,24.4
28800,29.176000000000005,24.4
28900,29.176000000000005,24.4
29000,29.176000000000005,24.4
29100,29.176000000000005,24.4
29200,29.176000000000005,24.4
29300,29.176000000000005,24.4
29400,29.176000000000005,24.4
29500,29.176000000000005,24.4
29600,29.176000000000005,24.4
29700,29.176000000000005,24.4
29800,29.176000000000005,24.4
29900,29.176000000000005,24.4
30000,29.176000000000005,24.4
30100,29.176000000000005,24.4
30200,29.176000000000005,24.4
30300,29.176000000000005,24.4
30400,29.176000000000005,24.4
30500,29.176000000000005,24.4
30600,29.176000000000005,24.4
30700,29.176000000000005,24.4
30800,29.176000000000005,24.4
30900,29.176000000000005,24.4
31000,29.176000000000005,24.4
31100,29.176000000000005,24.4
31200,29.176000000000005,24.4
31300,29.176000000000005,24.4
31400,29.176000000000005,24.4
31500,29.176000000000005,24.4
31600,29.176000000000005,24.4
31700,29.176000000000005,24.4
31800,29.176000000000005,24.4
31900,28.951999999999998,24.4
32000,28.951999999999998,24.4
32100,28.951999999999998,24.4
32200,28.951999999999998,24.4
32300,28.951999999999998,24.4
32400,28.951999999999998,24.4
32500,28.951999999999998,24.4
32600,28.951999999999998,24.4
32700,28.951999999999998,24.4
32800,28.951999999999998,24.4
32900,28.887999999999998,24.4
33000,28.887999999999998,24.4
33100,28.887999999999998,24.4
33200,28.887999999999998,24.4
33300,28.887999999999998,24.4
33400,28.887999999999998,24.4
33500,28.887999999999998,24.4
33600,28.568,24.4
33700,28.568,24.4
33800,28.568,24.4
33900,28.120000000000005,24.4
34000,28.040000000000003,24.4
34100,28.04,24.2
34200,28.04,24.2
34300,28.04,24.2
34400,28.04,24.2
34500,28.04,24.2
34600,28.04,24.2
34700,28.04,24.2
34800,28.04,24.2
34900,28.04,24.2
35000,28.04,24.2
35100,28.04,24.2
35200,28.04,24.2
35300,28.04,24.2
35400,28.04,24.2
35500,28.04,24.2
35600,28.04,24.2
35700,28.04,24.2
35800,28.04,24.2
35900,28.04,24.2
36000,28.04,24.2
36100,28.04,24.2
36200,28.04,24.2
36300,28.04,24.2
36400,28.04,24.2
36500,28.04,24.2
36600,28.04,24.2
36700,28.04,24.2
36800,28.04,24.2
36900,28.04,24.2
37000,28.04,24.2
37100,28.04,24.2
37200,28.04,24.2
37300,28.04,24.2
37400,28.04,24.2
37500,28.04,24.2
37600,28.04,24.2
37700,28.04,24.2
37800,28.04,24.2
37900,28.04,24.2
38000,28.04,24.2
38100,28.04,24.2
38200,28.04,24.2
38300,28.04,24.2
38400,28.04,24.2
38500,28.04,24.2
38600,28.04,24.2
38700,28.04,24.2
38800,28.04,24.2
38900,28.04,24.2
39000,28.04,24.2
39100,28.04,24.2
39200,28.04,24.2
39300,28.04,24.2
39400,28.04,24.2
39500,28.04,24.2
39600,27.784000000000002,24.2
39700,27.784000000000002,24.2
39800,27.784000000000002,24.2
39900,27.784000000000002,24.2
40000,27.784000000000002,24.2
40100,27.784000000000002,24.2
40200,27.784000000000002,24.2
40300,27.784000000000002,24.2
40400,27.784000000000002,24.2
40500,27.784000000000002,24.2
40600,27.784000000000002,24.2
40700,27.784000000000002,24.2
40800,27.784000000000002,24.2
40900,27.784000000000002,24.2
41000,27.784000000000002,24.2
41100,27.784000000000002,24.2
41200,27.624000000000002,24.2
41300,27.624000000000002,24.2
41400,27.624000000000002,24.2
41500,27.624000000000002,24.2
41600,27.624000000000002,24.2
41700,27.624000000000002,24.2
41800,27.624000000000002,24.2
41900,27.624000000000002,24.2
42000,27.624000000000002,24.2
42100,27.624000000000002,24.2
42200,27.624000000000002,24.2
42300,27.624000000000002,24.2
42400,27.624000000000002,24.2
42500,27.624000000000002,24.2
42600,27.624000000000002,24.2
42700,27.624000000000002,24.2
42800,27.624000000000002,24.2
42900,27.624000000000002,24.2
43000,27.624000000000002,24.2
43100,27.624000000000002,24.2
43200,27.624000000000002,24.2
43300,27.624000000000002,24.2
43400,27.624000000000002,24.2
43500,27.624000000000002,24.2
43600,27.624000000000002,24.2
43700,27.624000000000002,24.2
43800,27.624000000000002,24.2
43900,27.624000000000002,24.2
44000,27.624000000000002,24.2
44100,27.624000000000002,24.2
44200,27.624000000000002,24.2
44300,27.624000000000002,24.2
44400,27.624000000000002,24.2
44500,27.624000000000002,24.2
44600,27.624000000000002,24.2
44700,27.624000000000002,24.2
44800,27.624000000000002,24.2
44900,27.624000000000002,24.2
45000,27.624000000000002,24.2
45100,27.624000000000002,24.2
45200,27.624000000000002,24.2
45300,27.624000000000002,24.2
45400,27.624000000000002,24.2
45500,27.624000000000002,24.2
45600,27.28,24.2
45700,27.28,24.2
45800,27.28,24.2
45900,27.28,24.2
46000,27.28,24.2
46100,27.28,24.2
46200,27.28,24.2
46300,27.28,24.2
46400,27.28,24.2
46500,27.28,24.2
46600,27.224,24.2
46700,27.224,24.2
46800,27.024,24.2
46900,27.024,24.2
47000,27.024,24.2
47100,27.024,24.2
47200,27.024,24.2
47300,27.024,24.2
47400,27.024,24.2
47500,27.024,24.2
47600,27.024,24.2
47700,27.024,24.2
47800,27.024,24.2
47900,27.024,24.2
48000,27.024,24.2
48100,27.024,24.2
48200,27.024,24.2
48300,27.024,24.2
48400,27.024,24.2
48500,27.024,24.2
48600,27.024,24.2
48700,27.024,24.2
48800,27.024,24.2
48900,27.024,24.2
49000,27.024,24.2
49100,27.024,24.2
49200,27.024,24.2
49300,27.024,24.2
49400,27.024,24.2
49500,27.024,24.2
49600,27.024,24.2
49700,27.024,24.2
49800,27.024,24.2
49900,27.024,24.2
50000,27.024,24.2
50100,27.024,24.2
50200,27.024,24.2
50300,27.024,24.2
50400,27.024,24.2
50500,27.024,24.2
50600,27.024,24.2
50700,27.024,24.2
50800,27.024,24.2
50900,27.024,24.2
51000,27.024,24.2
51100,27.024,24.2
51200,27.024,24.2
51300,27.024,24.2
51400,27.024,24.2
51500,27.024,24.2
51600,27.024,24.2
51700,27.024,24.2
51800,27.024,24.2
51900,27.024,24.2
52000,27.024,24.2
52100,27.024,24.2
52200,27.024,24.2
52300,27.024,24.2
52400,27.024,24.2
52500,27.024,24.2
52600,27.024,24.2
52700,27.024,24.2
52800,27.024,24.2
52900,27.024,24.2
53000,27.024,24.2
53100,27.024,24.2
53200,27.024,24.2
53300,27.024,24.2
53400,27.024,24.2
53500,27.024,24.2
53600,27.024,24.2
53700,27.024,24.2
53800,27.024,24.2
53900,27.024,24.2
54000,27.024,24.2
54100,27.024,24.2
54200,27.024,24.2
54300,27.024,24.2
54400,27.024,24.2
54500,27.024,24.2
54600,27.024,24.2
54700,27.024,24.2
54800,27.024,24.2
54900,27.024,24.2
55000,27.024,24.2
55100,27.024,24.2
55200,27.024,24.2
55300,27.024,24.2
55400,27.024,24.2
55500,27.024,24.2
55600,27.024,24.2
55700,27.024,24.2
55800,27.024,24.2
55900,27.024,24.2
56000,27.024,24.2
56100,27.024,24.2
56200,27.024,24.2
56300,27.024,24.2
56400,27.024,24.2
56500,27.024,24.2
56600,27.024,24.2
56700,27.024,24.2
56800,27.024,24.2
56900,27.024,24.2
57000,27.024,24.2
57100,27.024,24.2
57200,27.024,24.2
57300,27.024,24.2
57400,27.024,24.2
57500,27.024,24.2
57600,27.024,24.2
57700,27.024,24.2
57800,27.024,24.2
57900,27.024,24.2
58000,27.024,24.2
58100,27.024,24.2
58200,27.024,24.2
58300,27.024,24.2
58400,27.024,24.2
58500,27.024,24.2
58600,27.024,24.2
58700,27.024,24.2
58800,27.024,24.2
58900,27.024,24.2
59000,27.024,24.2
59100,27.024,24.2
59200,27.024,24.2
59300,27.024,24.2
59400,27.024,24.2
59500,27.024,24.2
59600,27.024,24.2
59700,27.024,24.2
59800,27.024,24.2
59900,27.024,24.2
60000,27.024,24.2
60100,27.024,24.2
60200,27.024,24.2
60300,27.024,24.2
60400,27.024,24.2
60500,27.024,24.2
60600,27.024,24.2
60700,27.024,24.2
60800,27.024,24.2
60900,27.024,24.2
61000,27.024,24.2
61100,27.024,24.2
61200,27.024,24.2
61300,27.024,24.2
61400,27.024,24.2
61500,27.024,24.2
61600,27.024,24.2
61700,27.024,24.2
61800,27.024,24.2
61900,27.024,24.2
62000,27.024,24.2
62100,27.024,24.2
62200,27.024,24.2
62300,27.024,24.2
62400,27.024,24.2
62500,27.024,24.2
62600,27.024,24.2
62700,27.024,24.2
62800,27.024,24.2
62900,27.024,24.2
63000,27.024,24.2
63100,27.024,24.2
63200,27.024,24.2
63300,27.024,24.2
63400,27.024,24.2
63500,27.024,24.2
63600,27.024,24.2
63700,27.024,24.2
63800,27.024,24.2
63900,27.024,24.2
64000,27.024,24.2
64100,27.024,24.2
64200,27.024,24.2
64300,27.024,24.2
64400,27.024,24.2
64500,27.024,24.2
64600,27.024,24.2
64700,27.024,24.2
64800,27.024,24.2
64900,27.024,24.2
65000,27.024,24.2
65100,27.024,24.2
65200,27.024,24.2
65300,27.024,24.2
65400,27.024,24.2
65500,27.024,24.2
65600,27.024,24.2
65700,27.024,24.2
65800,27.024,24.2
65900,27.024,24.2
66000,27.024,24.2
66100,27.024,24.2
66200,27.024,24.2
66300,27.024,24.2
66400,27.024,24.2
66500,27.024,24.2
66600,27.024,24.2
66700,27.024,24.2
66800,27.024,24.2
66900,27.024,24.2
67000,27.024,24.2
67100,27.024,24.2
67200,27.024,24.2
67300,27.024,24.2
67400,27.024,24.2
67500,27.024,24.2
67600,27.024,24.2
67700,27.024,24.2
67800,27.024,24.2
67900,27.024,24.2
68000,27.024,24.2
68100,27.024,24.2
68200,27.024,24.2
68300,27.024,24.2
68400,27.024,24.2
68500,27.024,24.2
68600,27.024,24.2
68700,27.024,24.2
68800,27.024,24.2
68900,27.024,24.2
69000,27.024,24.2
69100,27.024,24.2
69200,27.024,24.2
69300,27.024,24.2
69400,27.024,24.2
69500,27.024,24.2
69600,27.024,24.2
69700,27.024,24.2
69800,27.024,24.2
69900,27.024,24.2
70000,27.024,24.2
70100,27.024,24.2
70200,27.024,24.2
70300,27.024,24.2
70400,27.024,24.2
70500,27.024,24.2
70600,27.024,24.2
70700,27.024,24.2
70800,27.024,24.2
70900,27.024,24.2
71000,27.024,24.2
71100,27.024,24.2
71200,27.024,24.2
71300,27.024,24.2
71400,27.024,24.2
71500,27.024,24.2
71600,27.024,24.2
71700,27.024,24.2
71800,27.024,24.2
71900,27.024,24.2
72000,27.024,24.2
72100,27.024,24.2
72200,27.024,24.2
72300,27.024,24.2
72400,27.024,24.2
72500,27.024,24.2
72600,27.024,24.2
72700,27.024,24.2
72800,27.024,24.2
72900,27.024,24.2
73000,27.024,24.2
73100,27.024,24.2
73200,27.024,24.2
73300,27.024,24.2
73400,27.024,24.2
73500,27.024,24.2
73600,27.024,24.2
73700,27.024,24.2
73800,27.024,24.2
73900,27.024,24.2
74000,27.024,24.2
74100,27.024,24.2
74200,27.024,24.2
74300,27.024,24.2
74400,27.024,24.2
74500,27.024,24.2
74600,27.024,24.2
74700,27.024,24.2
74800,27.024,24.2
74900,27.024,24.2
75000,27.024,24.2
75100,27.024,24.2
75200,27.024,24.2
75300,27.024,24.2
75400,27.024,24.2
75500,27.024,24.2
75600,27.024,24.2
75700,27.024,24.2
75800,27.024,24.2
75900,27.024,24.2
76000,27.024,24.2
76100,27.024,24.2
76200,27.024,24.2
76300,27.024,24.2
76400,27.024,24.2
76500,27.024,24.2
76600,27.024,24.2
76700,27.024,24.2
76800,27.024,24.2
76900,27.024,24.2
77000,27.024,24.2
77100,27.024,24.2
77200,27.024,24.2
77300,27.024,24.2
77400,27.024,24.2
77500,27.024,24.2
77600,27.024,24.2
77700,27.024,24.2
77800,27.024,24.2
77900,27.024,24.2
78000,27.024,24.2
78100,27.024,24.2
78200,27.024,24.2
78300,27.024,24.2
78400,27.024,24.2
78500,27.024,24.2
78600,27.024,24.2
78700,27.024,24.2
78800,27.024,24.2
78900,27.024,24.2
79000,27.024,24.2
79100,27.024,24.2
79200,27.024,24.2
79300,27.024,24.2
79400,27.024,24.2
79500,27.024,24.2
79600,27.024,24.2
79700,27.024,24.2
79800,27.024,24.2
79900,27.024,24.2
80000,27.024,24.2
80100,27.024,24.2
80200,27.024,24.2
80300,27.024,24.2
80400,27.024,24.2
80500,27.024,24.2
80600,27.024,24.2
80700,27.024,24.2
80800,27.024,24.2
80900,27.024,24.2
81000,27.024,24.2
81100,27.024,24.2
81200,27.024,24.2
81300,26.887999999999998,24.4
81400,26.887999999999998,24.4
81500,26.887999999999998,24.4
81600,26.887999999999998,24.4
81700,26.887999999999998,24.4
81800,26.887999999999998,24.4
81900,26.887999999999998,24.4
82000,26.887999999999998,24.4
82100,26.887999999999998,24.4
82200,26.887999999999998,24.4
82300,26.887999999999998,24.4
82400,26.887999999999998,24.4
82500,26.887999999999998,24.4
82600,26.887999999999998,24.4
82700,26.887999999999998,24.4
82800,26.887999999999998,24.4
82900,26.887999999999998,24.4
83000,26.887999999999998,24.4
83100,26.887999999999998,24.4
83200,26.887999999999998,24.4
83300,26.887999999999998,24.4
83400,26.887999999999998,24.4
83500,26.887999999999998,24.4
83600,26.887999999999998,24.4
83700,26.887999999999998,24.4
83800,26.887999999999998,24.4
83900,26.887999999999998,24.4
84000,26.887999999999998,24.4
84100,26.887999999999998,24.4
84200,26.887999999999998,24.4
84300,26.887999999999998,24.4
84400,26.872000000000003,24.4
84500,26.872000000000003,24.4
84600,26.872000000000003,24.4
84700,26.872000000000003,24.4
84800,26.872000000000003,24.4
84900,26.872000000000003,24.4
85000,26.872000000000003,24.4
85100,26.872000000000003,24.4
85200,26.872000000000003,24.4
85300,26.872000000000003,24.4
85400,26.872000000000003,24.4
85500,26.056,24.4
85600,26.056,24.4
85700,26.056,24.4
85800,26.056,24.4
85900,26.056,24.4
86000,26.056,24.4
86100,26.056,24.4
86200,26.056,24.4
86300,26.056,24.4
86400,26.056,24.4
86500,26.056,24.4
86600,26.056,24.4
86700,26.056,24.4
86800,26.056,24.4
86900,26.056,24.4
87000,26.056,24.4
87100,26.056,24.4
87200,26.056,24.4
87300,26.056,24.4
87400,26.056,24.4
87500,26.056,24.4
87600,26.056,24.4
87700,26.056,24.4
87800,26.056,24.4
87900,26.056,24.4
88000,26.056,24.4
88100,26.056,24.4
88200,26.056,24.4
88300,26.056,24.4
88400,26.056,24.4
88500,26.056,24.4
88600,26.056,24.4
88700,26.056,24.4
88800,26.056,24.4
88900,26.056,24.4
89000,26.056,24.4
89100,26.056,24.4
89200,26.056,24.4
89300,26.056,24.4
89400,26.056,24.4
89500,26.056,24.4
89600,26.056,24.4
89700,26.056,24.4
89800,26.056,24.4
89900,26.056,24.4
90000,26.056,24.4
90100,26.056,24.4
90200,26.056,24.4
90300,26.056,24.4
90400,26.056,24.4
90500,26.056,24.4
90600,26.056,24.4
90700,26.056,24.4
90800,26.056,24.4
90900,26.056,24.4
91000,26.056,24.4
91100,26.056,24.4
91200,26.056,24.4
91300,26.056,24.4
91400,26.056,24.4
91500,26.056,24.4
91600,26.056,24.4
91700,25.76,24.4
91800,25.76,24.4
91900,25.76,24.4
92000,25.76,24.4
92100,25.76,24.4
92200,25.76,24.4
92300,25.76,24.4
92400,25.76,24.4
92500,25.76,24.4
92600,25.76,24.4
92700,25.76,24.4
92800,25.76,24.4
92900,25.76,24.4
93000,25.76,24.4
93100,25.76,24.4
93200,25.76,24.4
93300,25.76,24.4
93400,25.76,24.4
93500,25.76,24.4
93600,25.76,24.4
93700,25.76,24.4
93800,25.76,24.4
93900,25.76,24.4
94000,25.76,24.4
94100,25.76,24.4
94200,25.76,24.4
94300,25.76,24.4
94400,25.76,24.4
94500,25.76,24.4
94600,25.76,24.4
94700,25.76,24.4
94800,25.76,24.4
94900,25.76,24.4
95000,25.76,24.4
95100,25.76,24.4
95200,25.76,24.4
95300,25.76,24.4
95400,25.76,24.4
95500,25.76,24.4
95600,25.76,24.4
95700,25.76,24.4
95800,25.76,24.4
95900,25.76,24.4
96000,25.76,24.4
96100,25.76,24.4
96200,25.76,24.4
96300,25.76,24.4
96400,25.76,24.4
96500,25.76,24.4
96600,25.76,24.4
96700,25.76,24.4
96800,25.76,24.4
96900,25.76,24.4
97000,25.76,24.4
97100,25.76,24.4
97200,25.76,24.4
97300,25.76,24.4
97400,25.76,24.4
97500,25.607999999999997,24.4
97600,25.144,24.4
97700,25.144,24.4
97800,25.144,24.4
97900,25.144,24.4
98000,25.144,24.4
98100,25.144,24.4
98200,25.144,24.4
98300,25.144,24.4
98400,25.144,24.4
98500,25.144,24.4
98600,25.144,24.4
98700,25.144,24.4
98800,25.144,24.4
98900,25.144,24.4
99000,25.144,24.4
99100,25.144,24.4
99200,25.144,24.4
99300,25.144,24.4
99400,25.144,24.4
99500,25.144,24.4
99600,25.144,24.4
99700,25.144,24.4
99800,25.144,24.4
99900,25.144,24.4
100000,25.144,24.4
100100,25.144,24.4
100200,25.144,24.4
100300,25.144,24.4
100400,25.144,24.4
100500,25.144,24.4
100600,25.144,24.4
100700,25.144,24.4
100800,25.144,24.4
100900,25.144,24.4
101000,25.144,24.4
101100,25.144,24.4
101200,25.144,24.4
101300,25.144,24.4
101400,25.144,24.4
101500,25.144,24.4
101600,25.144,24.4
101700,25.144,24.4
101800,25.144,24.4
101900,25.144,24.4
102000,25.144,24.4
102100,25.144,24.4
102200,25.064,24.4
102300,25.064,24.4
102400,25.064,24.4
102500,25.064,24.4
102600,25.064,24.4
102700,25.064,24.4
102800,25.064,24.4
102900,25.064,24.4
103000,25.064,24.4
103100,25.064,24.4
103200,25.064,24.4
103300,25.064,24.4
103400,25.064,24.4
103500,25.064,24.4
103600,25.064,24.4
103700,25.064,24.4
103800,25.064,24.4
103900,25.064,24.4
104000,25.064,24.4
104100,25.064,24.4
104200,25.064,24.4
104300,25.064,24.4
104400,25.064,24.4
104500,25.064,24.4
104600,24.296,24.4
104700,24.296,24.4
104800,24.296,24.4
104900,24.296,24.4
105000,24.296,24.4
105100,24.296,24.4
105200,24.296,24.4
105300,24.296,24.4
105400,24.296,24.4
105500,24.296,24.4
105600,24.296,24.4
105700,24.296,24.4
105800,24.296,24.4
105900,24.296,24.4
106000,24.296,24.4
106100,24.296,24.4
106200,24.296,24.4
106300,24.296,24.4
106400,24.296,24.4
106500,24.296,24.4
106600,24.296,24.4
106700,24.296,24.4
106800,24.296,24.4
106900,24.296,24.4
107000,24.296,24.4
107100,24.296,24.4
107200,24.296,24.4
107300,24.296,24.4
107400,24.296,24.4
107500,24.296,24.4
107600,24.296,24.4
107700,24.296,24.4
107800,24.296,24.4
107900,24.296,24.4
108000,24.296,24.4
108100,24.296,24.4
108200,24.296,24.4
108300,24.296,24.4
108400,24.296,24.4
108500,24.296,24.4
108600,24.296,24.4
108700,24.296,24.4
108800,24.296,24.4
108900,24.296,24.4
109000,24.296,24.4
109100,24.296,24.4
109200,24.296,24.4
109300,24.296,24.4
109400,24.144,24.4
109500,23.863999999999997,24.4
109600,23.863999999999997,24.4
109700,23.863999999999997,24.4
109800,23.863999999999997,24.4
109900,23.512,24.4
110000,23.512,24.4
110100,23.512,24.4
110200,23.512,24.4
110300,23.512,24.4
110400,23.512,24.4
110500,23.512,24.4
110600,23.512,24.4
110700,23.512,24.4
110800,23.512,24.4
110900,23.512,24.4
111000,23.512,24.4
111100,23.512,24.4
111200,23.512,24.4
111300,23.512,24.4
111400,23.512,24.4
111500,23.512,24.4
111600,23.512,24.4
111700,23.512,24.4
111800,23.512,24.4
111900,23.512,24.4
112000,23.512,24.4
112100,23.512,24.4
112200,23.512,24.4
112300,23.512,24.4
112400,23.512,24.4
112500,23.512,24.4
112600,23.512,24.4
112700,23.512,24.4
112800,23.512,24.4
112900,23.512,24.4
113000,23.512,24.4
113100,23.512,24.4
113200,23.512,24.4
113300,23.512,24.4
113400,23.512,24.4
113500,23.512,24.4
113600,23.512,24.4
113700,23.512,24.4
113800,23.512,24.4
113900,23.512,24.4
114000,23.512,24.4
114100,23.512,24.4
114200,23.512,24.4
114300,23.512,24.4
114400,23.512,24.4
114500,23.512,24.4
114600,23.512,24.4
114700,23.512,24.4
114800,23.512,24.4
114900,23.512,24.4
115000,23.512,24.4
115100,23.512,24.4
115200,23.512,24.4
115300,23.512,24.4
115400,23.512,24.4
115500,23.512,24.4
115600,23.512,24.4
115700,23.512,24.4
115800,23.512,24.4
115900,23.512,24.4
116000,23.512,24.4
116100,23.512,24.4
116200,23.512,24.4
116300,23.512,24.4
116400,23.512,24.4
116500,23.512,24.4
116600,23.512,24.4
116700,23.512,24.4
116800,23.512,24.4
116900,23.512,24.4
117000,23.512,24.4
117100,23.512,24.4
117200,23.512,24.4
117300,23.512,24.4
117400,23.512,24.4
117500,23.512,24.4
117600,23.512,24.4
117700,23.512,24.4
117800,23.512,24.4
117900,23.512,24.4
118000,23.512,24.4
118100,23.512,24.4
118200,23.512,24.4
118300,23.512,24.4
118400,23.512,24.4
118500,23.512,24.4
118600,23.512,24.4
118700,23.512,24.4
118800,23.512,24.4
118900,23.512,24.4
119000,23.512,24.4
119100,23.512,24.4
119200,23.512,24.4
119300,23.512,24.4
119400,23.512,24.4
119500,23.512,24.4
119600,23.512,24.4
119700,23.512,24.4
119800,23.512,24.4
119900,23.512,24.4
120000,23.512,24.4
120100,23.512,24.4
120200,23.512,24.4
120300,23.512,24.4
120400,23.512,24.4
120500,23.512,24.4
120600,23.512,24.4
120700,23.512,24.4
120800,23.512,24.4
120900,23.512,24.4
121000,23.512,24.4
121100,23.512,24.4
121200,23.512,24.4
121300,23.512,24.4
121400,23.512,24.4
121500,23.512,24.4
121600,23.512,24.4
121700,23.512,24.4
121800,23.512,24.4
121900,23.512,24.4
122000,23.512,24.4
122100,23.512,24.4
122200,23.512,24.4
122300,23.512,24.4
122400,23.512,24.4
122500,23.512,24.4
122600,23.512,24.4
122700,23.512,24.4
122800,23.512,24.4
122900,23.512,24.4
123000,23.512,24.4
123100,23.512,24.4
123200,23.512,24.4
123300,23.512,24.4
123400,23.512,24.4
123500,23.512,24.4
123600,23.512,24.4
123700,23.512,24.4
123800,23.512,24.4
123900,23.512,24.4
124000,23.512,24.4
124100,23.512,24.4
124200,23.512,24.4
124300,23.512,24.4
124400,23.512,24.4
124500,23.512,24.4
124600,23.512,24.4
124700,23.512,24.4
124800,23.512,24.4
124900,23.512,24.4
125000,23.512,24.4
125100,23.512,24.4
125200,23.512,24.4
125300,23.512,24.4
125400,23.512,24.4
125500,23.512,24.4
125600,23.512,24.4
125700,23.512,24.4
125800,23.512,24.4
125900,23.512,24.4
126000,23.512,24.4
126100,23.512,24.4
126200,23.512,24.4
126300,23.512,24.4
126400,23.512,24.4
126500,23.512,24.4
126600,23.512,24.4
126700,23.512,24.4
126800,23.512,24.4
126900,23.512,24.4
127000,23.512,24.4
127100,23.512,24.4
127200,23.512,24.4
127300,23.512,24.4
127400,23.512,24.4
127500,23.512,24.4
127600,23.512,24.4
127700,23.512,24.4
127800,23.512,24.4
127900,23.512,24.4
128000,23.512,24.4
128100,23.512,24.4
128200,23.512,24.4
128300,23.512,24.4
128400,23.512,24.4
128500,23.512,24.4
128600,23.512,24.4
128700,23.512,24.4
128800,23.512,24.4
128900,23.512,24.4
129000,23.512,24.4
129100,23.512,24.4
129200,23.512,24.4
129300,23.512,24.4
129400,23.512,24.4
129500,23.512,24.4
129600,23.512,24.4
129700,23.512,24.4
129800,23.512,24.4
129900,23.512,24.4
130000,23.512,24.4
130100,23.512,24.4
130200,23.512,24.4
130300,23.512,24.4
130400,23.512,24.4
130500,23.512,24.4
130600,23.512,24.4
130700,23.512,24.4
130800,23.512,24.4
130900,23.512,24.4
131000,23.512,24.4
131100,23.512,24.4
131200,23.512,24.4
131300,23.512,24.4
131400,23.512,24.4
131500,23.512,24.4
131600,23.512,24.4
131700,23.512,24.4
131800,23.512,24.4
131900,23.512,24.4
132000,23.512,24.4
132100,23.512,24.4
132200,23.512,24.4
132300,23.512,24.4
132400,23.512,24.4
132500,23.512,24.4
132600,23.512,24.4
132700,23.512,24.4
132800,23.512,24.4
132900,23.512,24.4
133000,23.512,24.4
133100,23.512,24.4
133200,23.512,24.4
133300,23.512,24.4
133400,23.512,24.4
133500,23.512,24.4
133600,23.512,24.4
133700,23.512,24.4
133800,23.512,24.4
133900,23.512,24.4
134000,23.512,24.4
134100,23.512,24.4
134200,23.512,24.4
134300,23.512,24.4
134400,23.512,24.4
134500,23.512,24.4
134600,23.512,24.4
134700,23.512,24.4
134800,23.512,24.4
134900,23.512,24.4
135000,23.512,24.4
135100,23.512,24.4
135200,23.512,24.4
135300,23.512,24.4
135400,23.512,24.4
135500,23.512,24.4
135600,23.512,24.4
135700,23.512,24.4
135800,23.512,24.4
135900,23.512,24.4
136000,23.512,24.4
136100,23.512,24.4
136200,23.512,24.4
136300,23.512,24.4
136400,23.512,24.4
136500,23.512,24.4
136600,23.512,24.4
136700,23.512,24.4
136800,23.512,24.4
136900,23.512,24.4
137000,23.512,24.4
137100,23.512,24.4
137200,23.512,24.4
137300,23.512,24.4
137400,23.512,24.4
137500,23.512,24.4
137600,23.512,24.4
137700,23.512,24.4
137800,23.512,24.4
137900,23.512,24.4
138000,23.512,24.4
138100,23.512,24.4
138200,23.512,24.4
138300,23.512,24.4
138400,23.512,24.4
138500,23.512,24.4
138600,23.512,24.4
138700,23.512,24.4
138800,23.512,24.4
138900,23.512,24.4
139000,23.512,24.4
139100,23.512,24.4
139200,23.512,24.4
139300,23.512,24.4
139400,23.512,24.4
139500,23.512,24.4
139600,23.512,24.4
139700,23.512,24.4
139800,23.512,24.4
139900,23.512,24.4
140000,23.512,24.4
140100,23.512,24.4
140200,23.512,24.4
140300,23.512,24.4
140400,23.512,24.4
140500,23.512,24.4
140600,23.512,24.4
140700,23.512,24.4
140800,23.512,24.4
140900,23.512,24.4
141000,23.512,24.4
141100,23.512,24.4
141200,23.512,24.4
141300,23.512,24.4
141400,23.512,24.4
141500,23.512,24.4
141600,23.512,24.4
141700,23.512,24.4
141800,23.512,24.4
141900,23.512,24.4
142000,23.512,24.4
142100,23.512,24.4
142200,23.512,24.4
142300,23.512,24.4
142400,23.512,24.4
142500,23.512,24.4
142600,23.512,24.4
142700,23.512,24.4
142800,23.512,24.4
142900,23.512,24.4
143000,23.512,24.4
143100,23.512,24.4
143200,23.512,24.4
143300,23.512,24.4
143400,23.512,24.4
143500,23.512,24.4
143600,23.512,24.4
143700,23.512,24.4
143800,23.512,24.4
143900,23.512,24.4
144000,23.512,24.4
144100,23.512,24.4
144200,23.512,24.4
144300,23.512,24.4
144400,23.512,24.4
144500,23.512,24.4
144600,23.512,24.4
144700,23.512,24.4
144800,23.512,24.4
144900,23.512,24.4
145000,23.512,24.4
145100,23.512,24.4
145200,23.512,24.4
145300,23.512,24.4
145400,23.512,24.4
145500,23.512,24.4
145600,23.512,24.4
145700,23.512,24.4
145800,23.512,24.4
145900,23.512,24.4
146000,23.512,24.4
146100,23.512,24.4
146200,23.512,24.4
146300,23.512,24.4
146400,23.512,24.4
146500,23.512,24.4
146600,23.512,24.4
146700,23.512,24.4
146800,23.512,24.4
146900,23.512,24.4
147000,23.512,24.4
147100,23.512,24.4
147200,23.512,24.4
147300,23.512,24.4
147400,23.512,24.4
147500,23.512,24.4
147600,23.512,24.4
147700,23.512,24.4
147800,23.512,24.4
147900,23.512,24.4
148000,23.512,24.4
148100,23.512,24.4
148200,23.512,24.4
148300,23.512,24.4
148400,23.512,24.4
148500,23.512,24.4
148600,23.512,24.4
148700,23.512,24.4
148800,23.512,24.4
148900,23.512,24.4
149000,23.512,24.4
149100,23.512,24.4
149200,23.512,24.4
149300,23.512,24.4
149400,23.512,24.4
149500,23.512,24.4
149600,23.512,24.4
149700,23.512,24.4
149800,23.512,24.4
149900,23.512,24.4
150000,23.512,24.4
150100,23.512,24.4
150200,23.512,24.4
150300,23.512,24.4
150400,23.512,24.4
150500,23.512,24.4
150600,23.512,24.4
150700,23.512,24.4
150800,23.512,24.4
150900,23.512,24.4
151000,23.512,24.4
151100,23.512,24.4
151200,23.512,24.4
151300,23.512,24.4
151400,23.512,24.4
151500,23.512,24.4
151600,23.512,24.4
151700,23.512,24.4
151800,23.512,24.4
151900,23.512,24.4
152000,23.368,24.4
152100,23.368,24.4
152200,23.368,24.4
152300,23.368,24.4
152400,23.368,24.4
152500,23.368,24.4
152600,23.368,24.4
152700,23.368,24.4
152800,23.368,24.4
152900,23.368,24.4
153000,23.368,24.4
153100,23.368,24.4
153200,23.368,24.4
153300,23.368,24.4
153400,23.368,24.4
153500,23.368,24.4
153600,23.368,24.4
153700,23.368,24.4
153800,23.368,24.4
153900,23.368,24.4
154000,23.368,24.4
154100,23.368,24.4
154200,23.368,24.4
154300,23.368,24.4
154400,23.368,24.4
154500,23.368,24.4
154600,23.368,24.4
154700,23.368,24.4
154800,23.368,24.4
154900,23.368,24.4
155000,23.368,24.4
155100,23.368,24.4
155200,23.368,24.4
155300,23.368,24.4
155400,23.368,24.4
155500,23.368,24.4
155600,23.368,24.4
155700,23.368,24.4
155800,23.368,24.4
155900,23.368,24.4
156000,23.368,24.4
156100,23.368,24.4
156200,23.368,24.4
156300,23.368,24.4
156400,23.368,24.4
156500,23.368,24.4
156600,23.368,24.4
156700,23.368,24.4
156800,23.368,24.4
156900,23.368,24.4
157000,23.368,24.4
157100,23.368,24.4
157200,23.368,24.4
157300,23.368,24.4
157400,23.368,24.4
157500,23.368,24.4
157600,23.368,24.4
157700,23.368,24.4
157800,23.368,24.4
157900,23.368,24.4
158000,23.368,24.4
158100,23.368,24.4
158200,23.368,24.4
158300,23.368,24.4
158400,23.368,24.4
158500,23.368,24.4
158600,23.368,24.4
158700,23.368,24.4
158800,23.368,24.4
158900,23.368,24.4
159000,23.368,24.4
159100,23.368,24.4
159200,23.368,24.4
159300,23.368,24.4
159400,23.368,24.4
159500,23.368,24.4
159600,23.368,24.4
159700,23.368,24.4
159800,23.368,24.4
159900,23.368,24.4
160000,23.368,24.4
160100,23.368,24.4
160200,23.344,24.6
160300,23.344,24.6
160400,23.344,24.6
160500,23.344,24.6
160600,23.344,24.6
160700,23.344,24.6
160800,23.344,24.6
160900,23.344,24.6
161000,23.344,24.6
161100,23.344,24.6
161200,23.344,24.6
161300,23.344,24.6
161400,23.344,24.6
161500,23.344,24.6
161600,23.344,24.6
161700,23.344,24.6
161800,23.344,24.6
161900,23.344,24.6
162000,23.344,24.6
162100,23.344,24.6
162200,23.344,24.6
162300,23.344,24.6
162400,23.344,24.6
162500,23.344,24.6
162600,23.344,24.6
162700,23.344,24.6
162800,23.344,24.6
162900,23.344,24.6
163000,23.344,24.6
163100,23.344,24.6
163200,23.344,24.6
163300,23.344,24.6
163400,23.344,24.6
163500,23.344,24.6
163600,23.344,24.6
163700,23.344,24.6
163800,23.344,24.6
163900,23.344,24.6
164000,23.344,24.6
164100,23.344,24.6
164200,23.344,24.6
164300,23.344,24.6
164400,23.344,24.6
164500,23.344,24.6
164600,23.344,24.6
164700,23.344,24.6
164800,23.344,24.6
164900,23.344,24.6
165000,23.344,24.6
165100,23.344,24.6
165200,23.344,24.6
165300,23.344,24.6
165400,23.344,24.6
165500,23.344,24.6
165600,23.344,24.6
165700,23.344,24.6
165800,23.344,24.6
165900,23.344,24.6
166000,23.344,24.6
166100,23.344,24.6
166200,23.344,24.6
166300,23.344,24.6
166400,23.344,24.6
166500,23.344,24.6
166600,23.344,24.6
166700,23.344,24.6
166800,23.344,24.6
166900,23.344,24.6
167000,23.344,24.6
167100,23.344,24.6
167200,23.344,24.6
167300,23.344,24.6
167400,23.344,24.6
167500,23.344,24.6
167600,23.344,24.6
167700,23.344,24.6
167800,23.344,24.6
167900,23.344,24.6
168000,23.344,24.6
168100,23.344,24.6
168200,23.344,24.6
168300,23.344,24.6
168400,23.344,24.6
168500,23.344,24.6
168600,23.344,24.6
168700,23.344,24.6
168800,23.344,24.6
168900,23.344,24.6
169000,23.344,24.6
169100,23.344,24.6
169200,23.344,24.6
169300,23.344,24.6
169400,23.344,24.6
169500,23.344,24.6
169600,23.344,24.6
169700,23.344,24.6
169800,23.344,24.6
169900,23.344,24.6
170000,23.344,24.6
170100,23.344,24.6
170200,23.344,24.6
170300,23.344,24.6
170400,23.344,24.6
170500,23.344,24.6
170600,23.344,24.6
170700,23.344,24.6
170800,23.344,24.6
170900,23.344,24.6
171000,23.344,24.6
171100,23.344,24.6
171200,23.344,24.6
171300,23.344,24.6
171400,23.344,24.6
171500,23.344,24.6
171600,23.344,24.6
171700,23.344,24.6
171800,23.344,24.6
171900,23.344,24.6
172000,23.344,24.6
172100,23.344,24.6
172200,23.344,24.6
172300,23.344,24.6
172400,23.344,24.6
172500,23.344,24.6
172600,23.344,24.6
172700,23.344,24.6
172800,23.344,24.6
172900,23.344,24.6
173000,23.344,24.6
173100,23.344,24.6
173200,23.344,24.6
173300,23.344,24.6
173400,23.344,24.6
173500,23.344,24.6
173600,23.344,24.6
173700,23.344,24.6
173800,23.344,24.6
173900,23.344,24.6
174000,23.344,24.6
174100,23.344,24.6
174200,23.344,24.6
174300,23.344,24.6
174400,23.344,24.6
174500,23.344,24.6
174600,23.344,24.6
174700,23.344,24.6
174800,23.344,24.6
174900,23.344,24.6
175000,23.344,24.6
175100,23.344,24.6
175200,23.344,24.6
175300,23.344,24.6
175400,23.344,24.6
175500,23.344,24.6
175600,23.344,24.6
175700,23.344,24.6
175800,23.344,24.6
175900,23.344,24.6
176000,23.344,24.6
176100,23.344,24.6
176200,23.344,24.6
176300,23.344,24.6
176400,23.344,24.6
176500,23.344,24.6
176600,23.344,24.6
176700,23.344,24.6
176800,23.344,24.6
176900,23.344,24.6
177000,23.344,24.6
177100,23.344,24.6
177200,23.344,24.6
177300,23.344,24.6
177400,23.344,24.6
177500,23.344,24.6
177600,23.344,24.6
177700,23.344,24.6
177800,23.032,24.6
177900,23.032,24.6
178000,23.032,24.6
178100,23.032,24.6
178200,23.032,24.6
178300,23.032,24.6
178400,23.032,24.6
178500,23.032,24.6
178600,23.032,24.6
178700,23.032,24.6
178800,23.032,24.6
178900,23.032,24.6
179000,23.032,24.6
179100,23.032,24.6
179200,23.032,24.6
179300,23.032,24.6
179400,23.032,24.6
179500,23.032,24.6
179600,23.032,24.6
179700,23.032,24.6
179800,23.032,24.6
179900,23.032,24.6
180000,23.032,24.6
180100,23.032,24.6
180200,23.032,24.6
180300,23.032,24.6
180400,23.032,24.6
180500,23.032,24.6
180600,23.032,24.6
180700,22.856,24.6
180800,22.856,24.6
180900,22.856,24.6
181000,22.856,24.6
181100,22.856,24.6
181200,22.856,24.6
181300,22.856,24.6
181400,22.856,24.6
181500,22.856,24.6
181600,22.856,24.6
181700,22.856,24.6
181800,22.856,24.6
181900,22.856,24.6
182000,22.856,24.6
182100,22.856,24.6
182200,22.856,24.6
182300,22.856,24.6
182400,22.856,24.6
182500,22.856,24.6
182600,22.856,24.6
182700,22.856,24.6
182800,22.856,24.6
182900,22.856,24.6
183000,22.856,24.6
183100,22.856,24.6
183200,22.856,24.6
183300,22.856,24.6
183400,22.856,24.6
183500,22.856,24.6
183600,22.856,24.6
183700,22.856,24.6
183800,22.856,24.6
183900,22.856,24.6
184000,22.856,24.6
184100,22.856,24.6
184200,22.856,24.6
184300,22.856,24.6
184400,22.856,24.6
184500,22.856,24.6
184600,22.856,24.6
184700,22.856,24.6
184800,22.856,24.6
184900,22.856,24.6
185000,22.856,24.6
185100,22.856,24.6
185200,22.856,24.6
185300,22.856,24.6
185400,22.856,24.6
185500,22.856,24.6
185600,22.856,24.6
185700,22.856,24.6
185800,22.856,24.6
185900,22.856,24.6
186000,22.856,24.6
186100,22.856,24.6
186200,22.856,24.6
186300,22.856,24.6
186400,22.856,24.6
186500,22.856,24.6
186600,22.856,24.6
186700,22.856,24.6
186800,22.856,24.6
186900,22.856,24.6
187000,22.856,24.6
187100,22.856,24.6
187200,22.856,24.6
187300,22.856,24.6
187400,22.856,24.6
187500,22.856,24.6
187600,22.856,24.6
187700,22.856,24.6
187800,22.856,24.6
187900,22.856,24.6
188000,22.856,24.6
188100,22.856,24.6
188200,22.856,24.6
188300,22.856,24.6
188400,22.856,24.6
188500,22.856,24.6
188600,22.856,24.6
188700,22.856,24.6
188800,22.856,24.6
188900,22.856,24.6
189000,22.856,24.6
189100,22.856,24.6
189200,22.856,24.6
189300,22.856,24.6
189400,22.856,24.6
189500,22.856,24.6
189600,22.856,24.6
189700,22.856,24.6
189800,22.856,24.6
189900,22.856,24.6
190000,22.856,24.6
190100,22.856,24.6
190200,22.856,24.6
190300,22.856,24.6
190400,22.856,24.6
190500,22.856,24.6
190600,22.856,24.6
190700,22.856,24.6
190800,22.856,24.6
190900,22.856,24.6
191000,22.856,24.6
191100,22.856,24.6
191200,22.856,24.6
191300,22.856,24.6
191400,22.856,24.6
191500,22.856,24.6
191600,22.856,24.6
191700,22.856,24.6
191800,22.856,24.6
191900,22.856,24.6
192000,22.856,24.6
192100,22.856,24.6
192200,22.856,24.6
192300,22.856,24.6
192400,22.856,24.6
192500,22.856,24.6
192600,22.856,24.6
192700,22.856,24.6
192800,22.856,24.6
192900,22.856,24.6
193000,22.856,24.6
193100,22.856,24.6
193200,22.856,24.6
193300,22.856,24.6
193400,22.856,24.6
193500,22.856,24.6
193600,22.856,24.6
193700,22.856,24.6
193800,22.856,24.6
193900,22.856,24.6
194000,22.56,24.6
194100,22.56,24.6
194200,22.56,24.6
194300,22.56,24.6
194400,22.56,24.6
194500,22.56,24.6
194600,22.56,24.6
194700,22.56,24.6
194800,22.56,24.6
194900,22.56,24.6
195000,22.56,24.6
195100,22.56,24.6
195200,22.56,24.6
195300,22.56,24.6
195400,22.56,24.6
195500,22.56,24.6
195600,22.56,24.6
195700,22.56,24.6
195800,22.56,24.6
195900,22.56,24.6
196000,22.56,24.6
196100,22.56,24.6
196200,22.56,24.6
196300,22.56,24.6
196400,22.56,24.6
196500,22.56,24.6
196600,22.56,24.6
196700,22.56,24.6
196800,22.56,24.6
196900,22.56,24.6
197000,22.56,24.6
197100,22.56,24.6
197200,22.56,24.6
197300,22.56,24.6
197400,22.56,24.6
197500,22.56,24.6
197600,22.56,24.6
197700,22.56,24.6
197800,22.56,24.6
197900,22.56,24.6
198000,22.56,24.6
198100,22.56,24.6
198200,22.56,24.6
198300,22.56,24.6
198400,22.56,24.6
198500,22.56,24.6
198600,22.56,24.6
198700,22.56,24.6
198800,22.56,24.6
198900,22.56,24.6
199000,22.56,24.6
199100,22.56,24.6
199200,22.56,24.6
199300,22.56,24.6
199400,22.56,24.6
199500,22.56,24.6
199600,22.56,24.6
199700,22.56,24.6
199800,22.56,24.6
199900,22.56,24.6
199999,22.56,24.6

START ALGORITHM
h12: (a14 + a53 + a34 + a55 - a34 - a25) * (b55 + b33)
h15: (a54 + a44 + a21) * (b42 + b12)
h17: (a13 + a12 - a15) * (b53 + b22 + b22 + b42 - b42 - b31 - b51 - b21)
h21: (a51 + a11 + a51 + a35 + a35 + a41 - a34 - a52) * (b35 - b13)
h26: (a54 + a24 + a24 - a43) * (b34 + b14)
h29: (a31 + a41 + a34 + a31 + a32 + a41 - a45 - a54 - a25 - a43 - a44 - a33 - a25 - a12) * (-b15 - b15)
h32: (a25 + a34 - a53 - a43) * (b44 - b22)
h34: (a12 + a21 + a42 + a41 - a13) * (b25 + b35 + b21 + b14 - b53 - b33 - b41 - b44 - b11 - b12 - b31 - b33)
h35: (a24 - a24 - a31 - a41) * (-b15)
h43: (a32 + a54 + a11 + a14 + a44 + a15 - a34 - a21 - a35 - a22 - a53 - a34) * (-b54)
h46: (a53 + a34 + a12 - a13) * (b55)
h52: (a44) * (b35 + b23 + b53 + b41 + b33 - b13)
h65: (a22 + a54 + a25 + a21 - a21 - a23 - a15 - a33) * (b54 - b13 - b23)
h68: (a31 + a15 + a25 - a51 - a34 - a31 - a35) * (b23 + b25 + b32 - b31)
h78: (a35 + a41 + a35 + a35 + a11 + a22 + a14 + a22 + a13 - a35 - a12 - a14 - a12 - a24 - a54 - a45) * (b33 + b34 + b45 + b25 + b33 + b54 + b25 + b33 + b53 + b11 - b32 - b54 - b12 - b34 - b35 - b35 - b34 - b15)
h80: (a23 + a53 + a25 + a53 + a25 - a25 - a34 - a11 - a51 - a12 - a54) * (b34)
h84: (a42 + a34 - a15 - a34 - a11) * (b11 + b35)
h97: (a35 + a33 - a32 - a15 - a44) * (-b21 - b13)
h101: (-a15) * (b24 - b52)
h106: (a33) * (b52 - b52)
h108: (a14 + a35 + a53 + a45 + a24 + a44 - a25 - a24 - a54 - a42 - a33) * (b54)
h114: (-a43 - a55) * (-b23)
h122: (a25 + a23 + a15 + a14 + a11 + a53 + a54 - a45 - a34 - a15 - a25 - a31 - a33) * (b31)
h125: (-a43) * (b11 + b12 + b45 + b42 - b34 - b42 - b13)
h130: (a24 + a41 + a31 + a21 + a33 - a15 - a14) * (b51)
h151: (a15 + a22 + a15 - a54) * (b25 + b55 + b42 + b21 - b23)
h164: (a13 - a53 - a42) * (b33 - b34 - b25 - b32 - b35 - b22 - b12)
h168: (a31 + a34 + a15 + a34 - a55 - a54) * (b23 - b12 - b13)
h191: (a35 + a53 + a11 + a14 - a25 - a41 - a11 - a44 - a33 - a34 - a53 - a34 - a52 - a41) * (-b13)
h219: (a24 + a43 + a55 + a41 + a55 + a21 + a53 + a11 + a51 + a35 + a44 + a45 + a21 + a41 + a51 - a31 - a23 - a54 - a44 - a12 - a35 - a24 - a44 - a34 - a31 - a35 - a25) * (b45)
h244: (a44 + a52 - a22 - a11) * (b21 - b52 - b55)
h502: (a11 + a24 + a12 + a25 + a13 + a15 + a43 + a34 + a34 + a35 + a15 + a34 - a42 - a44 - a55 - a11 - a52 - a12 - a54 - a53 - a22 - a42 - a12) * (-b13)
h546: (a52) * (b45 + b15 + b51 - b41 - b45)
h607: (a21 + a45 - a15) * (b33 + b41 + b55 + b41 + b52 + b53 + b53 + b54 + b34 - b25 - b45 - b21 - b24 - b33 - b25 - b52)
h655: (a14 + a42) * (b44)
h712: (a22 + a21 + a15 + a22 + a44 + a14 + a51 - a13 - a41 - a23 - a54) * (-b33 - b25)
h1391: (a11 + a43 + a12 + a51 + a41 - a45 - a54 - a33 - a13) * (b52 - b11)
h1662: (a14 + a55 - a43) * (b52)
h1770: (a22 + a12 + a35 + a45 + a51 + a45 + a12 + a21 - a41 - a45 - a15 - a44 - a22 - a25) * (-b51 - b53)
h2680: (a33 + a45 + a53 + a21 + a22 + a31 + a55 - a13 - a51 - a35 - a15 - a32 - a33 - a31) * (b12)
h3066: (a35 + a15 + a11 + a22 - a41 - a54 - a42) * (b52 + b35 + b14 - b54)
h4641: (-a45) * (b14 + b35 + b34 + b51 + b22 + b33 - b34 - b42 - b24 - b54 - b25 - b11)
h6660: (a14 + a24 + a32 + a12 + a22 + a24 + a12 + a32 - a13 - a35 - a33 - a55 - a22 - a11 - a24) * (b55 + b34 - b53 - b44)
h6747: (a52 - a21 - a25 - a11 - a31 - a22 - a15 - a34 - a35) * (b41 - b45)
h10441: (a15 + a44 + a24 + a14 - a44) * (b42 + b35 - b25 - b42 - b52)
h34366: (a25 + a32 + a14 - a34 - a15) * (-b41)
h40933: (a43) * (b43)
h40959: (a43 + a52) * (-b34 - b41 - b23 - b44)
h41104: (a12 + a35 + a54 + a32 + a53 - a12 - a12 - a23 - a35) * (b21 - b44)
h56979: (a24 + a55 + a21 + a54 + a42 + a11 - a54 - a43 - a41 - a33 - a42 - a31 - a35 - a44 - a11) * (b15 - b43 - b44)
h67565: (a34 + a44 + a22 - a43 - a42 - a21 - a43) * (b41)
h72557: (a55 + a35 - a32) * (b45 + b53)
c11: h29 + h655 + h191 
c12: h101 + h97 + h655 - h12 
c13: h168 
c14: h1770 + h1391 
c15: h41104 - h502 
c21: h97 + h15 
c22: h32 + h607 
c23: h151 + h106 + h151 - h32 - h35 
c24: h29 + h712 + h72557 
c25: h80 + h43 + h65 + h191 
c31: h84 + h68 + h65 - h78 
c32: h130 + h108 
c33: h3066 - h10441 
c34: h29 + h78 - h34366 
c35: h80 + h67565 - h46 - h6747 
c41: h34 + h546 - h56979 
c42: h655 + h34 + h219 + h130 - h4641 
c43: h164 
c44: h607 - h26 - h6660 
c45: h106 + h4641 
c51: h114 - h26 
c52: h78 - h17 
c53: h546 - h607 
c54: h40933 + h40959 - h122 - h2680 
c55: h21 + h52 + h1770 - h15 - h125 - h219 - h244 - h1662 
