0,145.168,24.8
100,101.168,24.8
200,83.584,25
300,71.568,25
400,65.488,24.8
500,63.496,24.8
600,63.263999999999996,24.8
700,63.263999999999996,24.8
800,57.552,24.8
900,57.552,24.8
1000,56.90400000000001,24.8
1100,55.81600000000001,24.8
1200,55.568,24.8
1300,55.279999999999994,24.8
1400,55.048,24.8
1500,54.624,24.6
1600,53.872,24.6
1700,53.76800000000001,24.6
1800,52.288,24.6
1900,50.384,24.4
2000,49.672,24.6
2100,49.672,24.6
2200,49.672,24.6
2300,49.672,24.6
2400,49.424,24.6
2500,49.424,24.6
2600,49.424,24.6
2700,48.432,24.6
2800,48.432,24.6
2900,48.263999999999996,24.6
3000,46.152,24.6
3100,45.70399999999999,24.6
3200,45.416000000000004,24.6
3300,43.36,24.6
3400,43.36,24.6
3500,42.800000000000004,24.6
3600,42.720000000000006,24.6
3700,42.616,24.6
3800,42.48,24.6
3900,42.48,24.6
4000,42.48,24.6
4100,42.48,24.6
4200,42.48,24.6
4300,42.48,24.6
4400,42.48,24.6
4500,42.448,24.6
4600,42.448,24.6
4700,40.448,24.6
4800,40.448,24.6
4900,40.448,24.6
5000,40.448,24.6
5100,40.448,24.6
5200,40.344,24.6
5300,40.344,24.6
5400,40.344,24.6
5500,40.344,24.6
5600,40.288000000000004,24.6
5700,40.288000000000004,24.6
5800,40.288000000000004,24.6
5900,39.312,24.4
6000,39.184,24.6
6100,38.928,24.6
6200,38.456,24.4
6300,38.456,24.4
6400,38.456,24.4
6500,38.432,24.6
6600,38.432,24.6
6700,38.056,24.6
6800,38.056,24.6
6900,38.056,24.6
7000,38.056,24.6
7100,38.056,24.6
7200,38.056,24.6
7300,37.928000000000004,24.6
7400,37.928000000000004,24.6
7500,37.928000000000004,24.6
7600,37.928000000000004,24.6
7700,37.928000000000004,24.6
7800,37.928000000000004,24.6
7900,37.928000000000004,24.6
8000,37.928000000000004,24.6
8100,37.928000000000004,24.6
8200,37.928000000000004,24.6
8300,37.928000000000004,24.6
8400,37.928000000000004,24.6
8500,37.928000000000004,24.6
8600,37.928000000000004,24.6
8700,37.928000000000004,24.6
8800,37.928000000000004,24.6
8900,37.928000000000004,24.6
9000,37.928000000000004,24.6
9100,37.928000000000004,24.6
9200,37.928000000000004,24.6
9300,37.928000000000004,24.6
9400,37.928000000000004,24.6
9500,37.928000000000004,24.6
9600,37.928000000000004,24.6
9700,37.928000000000004,24.6
9800,37.928000000000004,24.6
9900,37.928000000000004,24.6
10000,37.928,24.6
10100,37.928,24.6
10200,37.928,24.6
10300,37.928,24.6
10400,37.928,24.6
10500,37.928,24.6
10600,37.752,24.6
10700,37.648,24.6
10800,37.648,24.6
10900,37.648,24.6
11000,37.648,24.6
11100,37.648,24.6
11200,37.648,24.6
11300,37.648,24.6
11400,37.616,24.6
11500,37.616,24.6
11600,37.616,24.6
11700,37.616,24.6
11800,37.616,24.6
11900,37.616,24.6
12000,37.616,24.6
12100,37.616,24.6
12200,37.616,24.6
12300,37.616,24.6
12400,37.616,24.6
12500,37.616,24.6
12600,37.616,24.6
12700,37.616,24.6
12800,37.616,24.6
12900,37.616,24.6
13000,37.616,24.6
13100,36.56,24.6
13200,36.56,24.6
13300,36.256,24.6
13400,36.256,24.6
13500,36.152,24.6
13600,36.152,24.6
13700,36.152,24.6
13800,36.152,24.6
13900,36.152,24.6
14000,36.152,24.6
14100,36.152,24.6
14200,36.152,24.6
14300,36.152,24.6
14400,36.152,24.6
14500,36.152,24.6
14600,36.152,24.6
14700,36.152,24.6
14800,36.152,24.6
14900,36.152,24.6
15000,36.152,24.6
15100,35.983999999999995,24.6
15200,35.983999999999995,24.6
15300,35.983999999999995,24.6
15400,35.983999999999995,24.6
15500,35.983999999999995,24.6
15600,35.983999999999995,24.6
15700,35.983999999999995,24.6
15800,35.983999999999995,24.6
15900,35.983999999999995,24.6
16000,35.983999999999995,24.6
16100,35.983999999999995,24.6
16200,35.983999999999995,24.6
16300,35.480000000000004,24.6
16400,35.08,24.6
16500,35.08,24.6
16600,35.08,24.6
16700,35.08,24.6
16800,34.896,24.6
16900,34.896,24.6
17000,34.896,24.6
17100,34.896,24.6
17200,34.775999999999996,24.6
17300,34.456,24.6
17400,34.456,24.6
17500,34.312,24.6
17600,34.312,24.6
17700,34.312,24.6
17800,34.312,24.6
17900,34.312,24.6
18000,34.312,24.6
18100,34.312,24.6
18200,34.144,24.6
18300,34.144,24.6
18400,33.504,24.6
18500,33.144,24.6
18600,33.104,24.6
18700,33.104,24.6
18800,33.104,24.6
18900,33.104,24.6
19000,33.104,24.6
19100,33.104,24.6
19200,33.104,24.6
19300,33.104,24.6
19400,33.104,24.6
19500,32.984,24.6
19600,32.984,24.6
19700,32.584,24.6
19800,32.584,24.6
19900,32.584,24.6
20000,32.584,24.6
20100,32.584,24.6
20200,32.584,24.6
20300,32.584,24.6
20400,32.584,24.6
20500,32.584,24.6
20600,31.712,24.8
20700,31.712,24.8
20800,31.712,24.8
20900,31.712,24.8
21000,31.712,24.8
21100,31.712,24.8
21200,31.712,24.8
21300,31.712,24.8
21400,31.712,24.8
21500,31.712,24.8
21600,31.712,24.8
21700,31.712,24.8
21800,31.424,24.8
21900,31.424,24.8
22000,31.424,24.8
22100,31.424,24.8
22200,31.424,24.8
22300,31.424,24.8
22400,31.424,24.8
22500,31.424,24.8
22600,31.368000000000002,24.8
22700,31.368000000000002,24.8
22800,30.792,24.8
22900,30.792,24.8
23000,30.504,24.8
23100,30.504,24.8
23200,30.504,24.8
23300,30.504,24.8
23400,30.504,24.8
23500,30.504,24.8
23600,30.504,24.8
23700,30.504,24.8
23800,30.504,24.8
23900,30.504,24.8
24000,30.504,24.8
24100,30.504,24.8
24200,30.504,24.8
24300,30.504,24.8
24400,30.504,24.8
24500,30.504,24.8
24600,30.504,24.8
24700,30.447999999999997,24.8
24800,30.447999999999997,24.8
24900,30.447999999999997,24.8
25000,30.447999999999997,24.8
25100,30.447999999999997,24.8
25200,30.447999999999997,24.8
25300,30.447999999999997,24.8
25400,30.447999999999997,24.8
25500,30.447999999999997,24.8
25600,30.288,24.8
25700,30.288,24.8
25800,30.288,24.8
25900,30.288,24.8
26000,30.288,24.8
26100,30.288,24.8
26200,30.288,24.8
26300,30.288,24.8
26400,30.288,24.8
26500,30.288,24.8
26600,30.288,24.8
26700,29.784000000000002,24.8
26800,29.784000000000002,24.8
26900,29.784000000000002,24.8
27000,29.784000000000002,24.8
27100,29.784000000000002,24.8
27200,29.784000000000002,24.8
27300,29.784000000000002,24.8
27400,29.784000000000002,24.8
27500,29.784000000000002,24.8
27600,29.784000000000002,24.8
27700,29.784000000000002,24.8
27800,29.784000000000002,24.8
27900,29.784000000000002,24.8
28000,29.784000000000002,24.8
28100,29.784000000000002,24.8
28200,29.784000000000002,24.8
28300,29.784000000000002,24.8
28400,29.784000000000002,24.8
28500,29.784000000000002,24.8
28600,29.784000000000002,24.8
28700,29.784000000000002,24.8
28800,29.784000000000002,24.8
28900,29.784000000000002,24.8
29000,29.784000000000002,24.8
29100,29.784000000000002,24.8
29200,29.784000000000002,24.8
29300,29.784000000000002,24.8
29400,29.784000000000002,24.8
29500,29.784000000000002,24.8
29600,29.784000000000002,24.8
29700,29.784000000000002,24.8
29800,29.784000000000002,24.8
29900,29.784000000000002,24.8
30000,29.784000000000002,24.8
30100,29.784000000000002,24.8
30200,29.784000000000002,24.8
30300,29.784000000000002,24.8
30400,29.016,24.8
30500,29.016,24.8
30600,29.016,24.8
30700,29.016,24.8
30800,29.016,24.8
30900,29.016,24.8
31000,28.951999999999998,24.8
31100,28.951999999999998,24.8
31200,28.951999999999998,24.8
31300,28.951999999999998,24.8
31400,28.951999999999998,24.8
31500,28.951999999999998,24.8
31600,28.528,24.8
31700,28.528,24.8
31800,28.528,24.8
31900,28.528,24.8
32000,28.528,24.8
32100,28.528,24.8
32200,28.528,24.8
32300,28.528,24.8
32400,28.528,24.8
32500,28.528,24.8
32600,28.528,24.8
32700,28.52,24.8
32800,28.52,24.8
32900,28.52,24.8
33000,28.52,24.8
33100,28.52,24.8
33200,28.52,24.8
33300,28.440000000000005,24.8
33400,28.440000000000005,24.8
33500,28.080000000000002,24.8
33600,28.080000000000002,24.8
33700,28.080000000000002,24.8
33800,28.080000000000002,24.8
33900,28.080000000000002,24.8
34000,28.080000000000002,24.8
34100,28.080000000000002,24.8
34200,28.080000000000002,24.8
34300,28.080000000000002,24.8
34400,28.080000000000002,24.8
34500,27.288,24.8
34600,27.288,24.8
34700,27.288,24.8
34800,27.288,24.8
34900,27.288,24.8
35000,27.288,24.8
35100,27.288,24.8
35200,27.288,24.8
35300,27.288,24.8
35400,27.288,24.8
35500,27.288,24.8
35600,27.288,24.8
35700,27.288,24.8
35800,27.288,24.8
35900,27.288,24.8
36000,27.288,24.8
36100,27.288,24.8
36200,27.288,24.8
36300,27.288,24.8
36400,27.288,24.8
36500,27.288,24.8
36600,27.288,24.8
36700,27.288,24.8
36800,27.288,24.8
36900,27.288,24.8
37000,27.288,24.8
37100,27.288,24.8
37200,27.288,24.8
37300,27.288,24.8
37400,27.288,24.8
37500,27.288,24.8
37600,27.288,24.8
37700,27.288,24.8
37800,27.288,24.8
37900,27.288,24.8
38000,27.288,24.8
38100,27.288,24.8
38200,27.288,24.8
38300,27.288,24.8
38400,27.288,24.8
38500,27.288,24.8
38600,27.288,24.8
38700,27.288,24.8
38800,26.375999999999998,24.8
38900,26.375999999999998,24.8
39000,26.375999999999998,24.8
39100,26.375999999999998,24.8
39200,26.375999999999998,24.8
39300,26.375999999999998,24.8
39400,26.375999999999998,24.8
39500,26.375999999999998,24.8
39600,26.375999999999998,24.8
39700,26.375999999999998,24.8
39800,26.375999999999998,24.8
39900,26.375999999999998,24.8
40000,26.375999999999998,24.8
40100,26.375999999999998,24.8
40200,26.375999999999998,24.8
40300,26.375999999999998,24.8
40400,26.375999999999998,24.8
40500,26.375999999999998,24.8
40600,26.375999999999998,24.8
40700,26.375999999999998,24.8
40800,26.375999999999998,24.8
40900,26.375999999999998,24.8
41000,26.375999999999998,24.8
41100,26.375999999999998,24.8
41200,26.375999999999998,24.8
41300,26.375999999999998,24.8
41400,26.375999999999998,24.8
41500,26.375999999999998,24.8
41600,26.375999999999998,24.8
41700,26.375999999999998,24.8
41800,26.375999999999998,24.8
41900,26.375999999999998,24.8
42000,26.375999999999998,24.8
42100,26.375999999999998,24.8
42200,26.375999999999998,24.8
42300,26.375999999999998,24.8
42400,26.375999999999998,24.8
42500,26.375999999999998,24.8
42600,26.375999999999998,24.8
42700,26.375999999999998,24.8
42800,26.375999999999998,24.8
42900,26.375999999999998,24.8
43000,26.375999999999998,24.8
43100,26.375999999999998,24.8
43200,26.375999999999998,24.8
43300,26.375999999999998,24.8
43400,26.375999999999998,24.8
43500,26.375999999999998,24.8
43600,26.375999999999998,24.8
43700,26.375999999999998,24.8
43800,26.375999999999998,24.8
43900,26.375999999999998,24.8
44000,26.375999999999998,24.8
44100,26.375999999999998,24.8
44200,26.375999999999998,24.8
44300,26.375999999999998,24.8
44400,26.375999999999998,24.8
44500,26.375999999999998,24.8
44600,26.144,24.8
44700,26.144,24.8
44800,26.144,24.8
44900,26.144,24.8
45000,26.144,24.8
45100,26.144,24.8
45200,26.144,24.8
45300,26.144,24.8
45400,26.144,24.8
45500,26.144,24.8
45600,26.144,24.8
45700,26.144,24.8
45800,26.144,24.8
45900,26.144,24.8
46000,26.144,24.8
46100,26.144,24.8
46200,26.144,24.8
46300,26.144,24.8
46400,26.144,24.8
46500,26.144,24.8
46600,26.144,24.8
46700,26.144,24.8
46800,26.144,24.8
46900,26.144,24.8
47000,26.144,24.8
47100,26.144,24.8
47200,26.144,24.8
47300,26.144,24.8
47400,26.144,24.8
47500,26.136000000000003,24.8
47600,26.136000000000003,24.8
47700,26.136000000000003,24.8
47800,26.136000000000003,24.8
47900,26.136000000000003,24.8
48000,26.136000000000003,24.8
48100,26.136000000000003,24.8
48200,26.136000000000003,24.8
48300,26.136000000000003,24.8
48400,26.136000000000003,24.8
48500,26.136000000000003,24.8
48600,26.136000000000003,24.8
48700,26.136000000000003,24.8
48800,26.136000000000003,24.8
48900,26.136000000000003,24.8
49000,26.136000000000003,24.8
49100,26.136000000000003,24.8
49200,26.136000000000003,24.8
49300,26.136000000000003,24.8
49400,26.136000000000003,24.8
49500,26.136000000000003,24.8
49600,26.136000000000003,24.8
49700,26.136000000000003,24.8
49800,26.136000000000003,24.8
49900,26.136000000000003,24.8
50000,26.136000000000003,24.8
50100,26.136000000000003,24.8
50200,26.136000000000003,24.8
50300,26.136000000000003,24.8
50400,26.136000000000003,24.8
50500,26.080000000000002,24.8
50600,26.080000000000002,24.8
50700,26.080000000000002,24.8
50800,26.080000000000002,24.8
50900,26.080000000000002,24.8
51000,26.080000000000002,24.8
51100,26.080000000000002,24.8
51200,26.016,24.8
51300,26.016,24.8
51400,25.776,24.8
51500,25.776,24.8
51600,25.776,24.8
51700,25.776,24.8
51800,25.776,24.8
51900,25.776,24.8
52000,25.776,24.8
52100,25.776,24.8
52200,25.776,24.8
52300,25.776,24.8
52400,25.776,24.8
52500,25.776,24.8
52600,25.776,24.8
52700,25.776,24.8
52800,25.776,24.8
52900,25.776,24.8
53000,25.776,24.8
53100,25.776,24.8
53200,25.776,24.8
53300,25.776,24.8
53400,25.776,24.8
53500,25.776,24.8
53600,25.776,24.8
53700,25.776,24.8
53800,25.776,24.8
53900,25.776,24.8
54000,25.776,24.8
54100,25.768,24.8
54200,25.768,24.8
54300,25.768,24.8
54400,25.768,24.8
54500,25.768,24.8
54600,25.695999999999998,24.8
54700,25.695999999999998,24.8
54800,25.695999999999998,24.8
54900,25.695999999999998,24.8
55000,25.695999999999998,24.8
55100,25.695999999999998,24.8
55200,25.695999999999998,24.8
55300,25.695999999999998,24.8
55400,25.695999999999998,24.8
55500,25.695999999999998,24.8
55600,25.695999999999998,24.8
55700,25.631999999999998,24.8
55800,25.631999999999998,24.8
55900,25.631999999999998,24.8
56000,25.631999999999998,24.8
56100,25.631999999999998,24.8
56200,25.631999999999998,24.8
56300,25.631999999999998,24.8
56400,25.631999999999998,24.8
56500,25.631999999999998,24.8
56600,25.631999999999998,24.8
56700,25.631999999999998,24.8
56800,25.631999999999998,24.8
56900,25.631999999999998,24.8
57000,25.631999999999998,24.8
57100,25.631999999999998,24.8
57200,25.631999999999998,24.8
57300,25.631999999999998,24.8
57400,25.631999999999998,24.8
57500,25.631999999999998,24.8
57600,25.631999999999998,24.8
57700,25.631999999999998,24.8
57800,25.631999999999998,24.8
57900,25.631999999999998,24.8
58000,25.631999999999998,24.8
58100,25.631999999999998,24.8
58200,25.631999999999998,24.8
58300,25.631999999999998,24.8
58400,25.631999999999998,24.8
58500,25.631999999999998,24.8
58600,25.631999999999998,24.8
58700,25.631999999999998,24.8
58800,25.631999999999998,24.8
58900,25.631999999999998,24.8
59000,25.631999999999998,24.8
59100,25.631999999999998,24.8
59200,25.631999999999998,24.8
59300,25.631999999999998,24.8
59400,25.631999999999998,24.8
59500,25.631999999999998,24.8
59600,25.631999999999998,24.8
59700,25.631999999999998,24.8
59800,25.631999999999998,24.8
59900,25.631999999999998,24.8
60000,25.631999999999998,24.8
60100,25.631999999999998,24.8
60200,25.631999999999998,24.8
60300,25.631999999999998,24.8
60400,25.631999999999998,24.8
60500,25.631999999999998,24.8
60600,25.631999999999998,24.8
60700,25.631999999999998,24.8
60800,25.631999999999998,24.8
60900,25.631999999999998,24.8
61000,25.631999999999998,24.8
61100,25.631999999999998,24.8
61200,25.631999999999998,24.8
61300,25.631999999999998,24.8
61400,25.631999999999998,24.8
61500,25.631999999999998,24.8
61600,25.631999999999998,24.8
61700,25.631999999999998,24.8
61800,25.631999999999998,24.8
61900,25.631999999999998,24.8
62000,25.631999999999998,24.8
62100,25.631999999999998,24.8
62200,25.631999999999998,24.8
62300,25.631999999999998,24.8
62400,25.631999999999998,24.8
62500,25.631999999999998,24.8
62600,25.631999999999998,24.8
62700,25.631999999999998,24.8
62800,25.631999999999998,24.8
62900,25.631999999999998,24.8
63000,25.631999999999998,24.8
63100,25.631999999999998,24.8
63200,25.631999999999998,24.8
63300,25.631999999999998,24.8
63400,25.631999999999998,24.8
63500,25.631999999999998,24.8
63600,25.631999999999998,24.8
63700,25.631999999999998,24.8
63800,25.631999999999998,24.8
63900,25.631999999999998,24.8
64000,25.631999999999998,24.8
64100,25.631999999999998,24.8
64200,25.624000000000002,24.8
64300,25.624000000000002,24.8
64400,25.439999999999998,24.8
64500,25.439999999999998,24.8
64600,25.439999999999998,24.8
64700,25.439999999999998,24.8
64800,25.439999999999998,24.8
64900,25.439999999999998,24.8
65000,25.439999999999998,24.8
65100,25.016,24.8
65200,25.016,24.8
65300,25.016,24.8
65400,25.016,24.8
65500,25.016,24.8
65600,25.016,24.8
65700,25.016,24.8
65800,25.016,24.8
65900,25.016,24.8
66000,25.016,24.8
66100,25.016,24.8
66200,25.016,24.8
66300,25.016,24.8
66400,25.016,24.8
66500,25.016,24.8
66600,25.016,24.8
66700,25.016,24.8
66800,25.016,24.8
66900,25.016,24.8
67000,25.016,24.8
67100,25.016,24.8
67200,25.016,24.8
67300,25.016,24.8
67400,25.016,24.8
67500,24.808,24.6
67600,24.808,24.6
67700,24.808,24.6
67800,24.808,24.6
67900,24.808,24.6
68000,24.808,24.6
68100,24.808,24.6
68200,24.808,24.6
68300,24.808,24.6
68400,24.808,24.6
68500,24.808,24.6
68600,24.808,24.6
68700,24.808,24.6
68800,24.808,24.6
68900,24.808,24.6
69000,24.808,24.6
69100,24.808,24.6
69200,24.808,24.6
69300,24.808,24.6
69400,24.808,24.6
69500,24.808,24.6
69600,24.808,24.6
69700,24.808,24.6
69800,24.808,24.6
69900,24.808,24.6
70000,24.808,24.6
70100,24.808,24.6
70200,24.808,24.6
70300,24.808,24.6
70400,24.808,24.6
70500,24.808,24.6
70600,24.808,24.6
70700,24.808,24.6
70800,24.808,24.6
70900,24.808,24.6
71000,24.808,24.6
71100,24.808,24.6
71200,24.808,24.6
71300,24.808,24.6
71400,24.808,24.6
71500,24.808,24.6
71600,24.552,24.4
71700,24.552,24.4
71800,24.464000000000002,24.4
71900,24.464000000000002,24.4
72000,24.464000000000002,24.4
72100,24.464000000000002,24.4
72200,24.464000000000002,24.4
72300,24.464000000000002,24.4
72400,24.464000000000002,24.4
72500,24.464000000000002,24.4
72600,24.464000000000002,24.4
72700,24.464000000000002,24.4
72800,24.464000000000002,24.4
72900,24.464000000000002,24.4
73000,24.464000000000002,24.4
73100,24.464000000000002,24.4
73200,24.464000000000002,24.4
73300,24.464000000000002,24.4
73400,24.464000000000002,24.4
73500,24.464000000000002,24.4
73600,24.464000000000002,24.4
73700,24.464000000000002,24.4
73800,24.464000000000002,24.4
73900,24.464000000000002,24.4
74000,24.464000000000002,24.4
74100,24.464000000000002,24.4
74200,24.464000000000002,24.4
74300,24.464000000000002,24.4
74400,24.464000000000002,24.4
74500,24.464000000000002,24.4
74600,24.464000000000002,24.4
74700,24.464000000000002,24.4
74800,24.464000000000002,24.4
74900,24.464000000000002,24.4
75000,24.464000000000002,24.4
75100,24.464000000000002,24.4
75200,24.464000000000002,24.4
75300,24.464000000000002,24.4
75400,24.464000000000002,24.4
75500,24.392,24.4
75600,24.392,24.4
75700,24.392,24.4
75800,24.392,24.4
75900,24.392,24.4
76000,24.392,24.4
76100,24.392,24.4
76200,24.392,24.4
76300,24.392,24.4
76400,24.208,24.2
76500,24.208,24.2
76600,24.208,24.2
76700,24.208,24.2
76800,24.208,24.2
76900,24.208,24.2
77000,24.208,24.2
77100,24.208,24.2
77200,24.208,24.2
77300,24.208,24.2
77400,24.208,24.2
77500,24.208,24.2
77600,24.208,24.2
77700,24.208,24.2
77800,24.208,24.2
77900,24.208,24.2
78000,24.208,24.2
78100,24.208,24.2
78200,24.208,24.2
78300,24.208,24.2
78400,24.208,24.2
78500,24.208,24.2
78600,23.944,24.2
78700,23.944,24.2
78800,23.944,24.2
78900,23.944,24.2
79000,23.944,24.2
79100,23.944,24.2
79200,23.944,24.2
79300,23.944,24.2
79400,23.944,24.2
79500,23.944,24.2
79600,23.944,24.2
79700,23.944,24.2
79800,23.944,24.2
79900,23.944,24.2
80000,23.944,24.2
80100,23.944,24.2
80200,23.944,24.2
80300,23.944,24.2
80400,23.944,24.2
80500,23.944,24.2
80600,23.944,24.2
80700,23.944,24.2
80800,23.944,24.2
80900,23.944,24.2
81000,23.944,24.2
81100,23.944,24.2
81200,23.944,24.2
81300,23.944,24.2
81400,23.944,24.2
81500,23.944,24.2
81600,23.944,24.2
81700,23.944,24.2
81800,23.944,24.2
81900,23.944,24.2
82000,23.944,24.2
82100,23.872000000000003,24.4
82200,23.872000000000003,24.4
82300,23.872000000000003,24.4
82400,23.872000000000003,24.4
82500,23.872000000000003,24.4
82600,23.872000000000003,24.4
82700,23.872000000000003,24.4
82800,23.872000000000003,24.4
82900,23.872000000000003,24.4
83000,23.872000000000003,24.4
83100,23.872000000000003,24.4
83200,23.872000000000003,24.4
83300,23.872000000000003,24.4
83400,23.872000000000003,24.4
83500,23.872000000000003,24.4
83600,23.872000000000003,24.4
83700,23.872000000000003,24.4
83800,23.648,24.4
83900,23.648,24.4
84000,23.648,24.4
84100,23.648,24.4
84200,23.648,24.4
84300,23.648,24.4
84400,23.648,24.4
84500,23.648,24.4
84600,23.648,24.4
84700,23.648,24.4
84800,23.648,24.4
84900,23.648,24.4
85000,23.648,24.4
85100,23.648,24.4
85200,23.648,24.4
85300,23.648,24.4
85400,23.648,24.4
85500,23.648,24.4
85600,23.648,24.4
85700,23.648,24.4
85800,23.648,24.4
85900,23.648,24.4
86000,23.496,24.4
86100,23.496,24.4
86200,23.496,24.4
86300,23.4,24.4
86400,23.4,24.4
86500,23.4,24.4
86600,23.4,24.4
86700,23.4,24.4
86800,23.4,24.4
86900,23.4,24.4
87000,23.4,24.4
87100,23.4,24.4
87200,23.4,24.4
87300,23.4,24.4
87400,23.4,24.4
87500,23.4,24.4
87600,23.4,24.4
87700,23.4,24.4
87800,23.4,24.4
87900,23.4,24.4
88000,23.4,24.4
88100,23.264,24.4
88200,23.264,24.4
88300,23.264,24.4
88400,22.520000000000003,24.4
88500,22.520000000000003,24.4
88600,22.520000000000003,24.4
88700,22.520000000000003,24.4
88800,22.128,24.4
88900,21.936,24.6
89000,21.936,24.6
89100,21.936,24.6
89200,21.936,24.6
89300,21.936,24.6
89400,21.936,24.6
89500,21.936,24.6
89600,21.936,24.6
89700,21.936,24.6
89800,21.936,24.6
89900,21.936,24.6
90000,21.936,24.6
90100,21.936,24.6
90200,21.936,24.6
90300,21.936,24.6
90400,21.936,24.6
90500,21.560000000000002,24.8
90600,21.560000000000002,24.8
90700,21.360000000000003,24.8
90800,21.360000000000003,24.8
90900,21.360000000000003,24.8
91000,21.360000000000003,24.8
91100,21.360000000000003,24.8
91200,21.360000000000003,24.8
91300,21.360000000000003,24.8
91400,21.360000000000003,24.8
91500,21.360000000000003,24.8
91600,21.360000000000003,24.8
91700,21.360000000000003,24.8
91800,21.360000000000003,24.8
91900,21.360000000000003,24.8
92000,21.360000000000003,24.8
92100,21.360000000000003,24.8
92200,21.360000000000003,24.8
92300,21.360000000000003,24.8
92400,21.360000000000003,24.8
92500,21.360000000000003,24.8
92600,21.360000000000003,24.8
92700,21.360000000000003,24.8
92800,21.360000000000003,24.8
92900,21.360000000000003,24.8
93000,21.360000000000003,24.8
93100,21.360000000000003,24.8
93200,21.360000000000003,24.8
93300,21.360000000000003,24.8
93400,21.360000000000003,24.8
93500,21.360000000000003,24.8
93600,21.360000000000003,24.8
93700,21.360000000000003,24.8
93800,21.360000000000003,24.8
93900,21.360000000000003,24.8
94000,21.360000000000003,24.8
94100,21.360000000000003,24.8
94200,21.360000000000003,24.8
94300,21.360000000000003,24.8
94400,21.360000000000003,24.8
94500,21.360000000000003,24.8
94600,21.360000000000003,24.8
94700,21.360000000000003,24.8
94800,21.360000000000003,24.8
94900,21.360000000000003,24.8
95000,21.360000000000003,24.8
95100,21.360000000000003,24.8
95200,21.360000000000003,24.8
95300,21.360000000000003,24.8
95400,21.360000000000003,24.8
95500,21.360000000000003,24.8
95600,21.360000000000003,24.8
95700,21.360000000000003,24.8
95800,21.360000000000003,24.8
95900,21.360000000000003,24.8
96000,21.360000000000003,24.8
96100,21.360000000000003,24.8
96200,21.360000000000003,24.8
96300,21.360000000000003,24.8
96400,21.360000000000003,24.8
96500,21.360000000000003,24.8
96600,21.360000000000003,24.8
96700,21.360000000000003,24.8
96800,21.360000000000003,24.8
96900,21.360000000000003,24.8
97000,21.360000000000003,24.8
97100,21.360000000000003,24.8
97200,21.360000000000003,24.8
97300,21.360000000000003,24.8
97400,21.360000000000003,24.8
97500,21.360000000000003,24.8
97600,21.360000000000003,24.8
97700,21.360000000000003,24.8
97800,21.360000000000003,24.8
97900,21.360000000000003,24.8
98000,21.360000000000003,24.8
98100,21.360000000000003,24.8
98200,21.360000000000003,24.8
98300,21.360000000000003,24.8
98400,21.360000000000003,24.8
98500,21.360000000000003,24.8
98600,21.360000000000003,24.8
98700,21.360000000000003,24.8
98800,21.360000000000003,24.8
98900,21.360000000000003,24.8
99000,21.360000000000003,24.8
99100,21.360000000000003,24.8
99200,21.360000000000003,24.8
99300,21.360000000000003,24.8
99400,21.360000000000003,24.8
99500,21.360000000000003,24.8
99600,21.360000000000003,24.8
99700,21.360000000000003,24.8
99800,21.360000000000003,24.8
99900,21.360000000000003,24.8
100000,21.360000000000003,24.8
100100,21.360000000000003,24.8
100200,21.360000000000003,24.8
100300,21.360000000000003,24.8
100400,21.008000000000003,24.8
100500,21.008000000000003,24.8
100600,21.008000000000003,24.8
100700,21.008000000000003,24.8
100800,21.008000000000003,24.8
100900,21.008000000000003,24.8
101000,21.008000000000003,24.8
101100,21.008000000000003,24.8
101200,21.008000000000003,24.8
101300,21.008000000000003,24.8
101400,21.008000000000003,24.8
101500,21.008000000000003,24.8
101600,21.008000000000003,24.8
101700,21.008000000000003,24.8
101800,21.008000000000003,24.8
101900,21.008000000000003,24.8
102000,21.008000000000003,24.8
102100,21.008000000000003,24.8
102200,21.008000000000003,24.8
102300,21.008000000000003,24.8
102400,21.008000000000003,24.8
102500,21.008000000000003,24.8
102600,21.008000000000003,24.8
102700,21.008000000000003,24.8
102800,21.008000000000003,24.8
102900,21.008000000000003,24.8
103000,21.008000000000003,24.8
103100,21.008000000000003,24.8
103200,21.008000000000003,24.8
103300,21.008000000000003,24.8
103400,21.008000000000003,24.8
103500,20.895999999999997,24.8
103600,20.895999999999997,24.8
103700,20.895999999999997,24.8
103800,20.895999999999997,24.8
103900,20.895999999999997,24.8
104000,20.895999999999997,24.8
104100,20.895999999999997,24.8
104200,20.895999999999997,24.8
104300,20.895999999999997,24.8
104400,20.895999999999997,24.8
104500,20.895999999999997,24.8
104600,20.895999999999997,24.8
104700,20.895999999999997,24.8
104800,20.895999999999997,24.8
104900,20.895999999999997,24.8
105000,20.895999999999997,24.8
105100,20.895999999999997,24.8
105200,20.895999999999997,24.8
105300,20.895999999999997,24.8
105400,20.895999999999997,24.8
105500,20.895999999999997,24.8
105600,20.895999999999997,24.8
105700,20.895999999999997,24.8
105800,20.895999999999997,24.8
105900,20.895999999999997,24.8
106000,20.895999999999997,24.8
106100,20.895999999999997,24.8
106200,20.895999999999997,24.8
106300,20.856,24.8
106400,20.856,24.8
106500,20.856,24.8
106600,20.856,24.8
106700,20.856,24.8
106800,20.856,24.8
106900,20.856,24.8
107000,20.856,24.8
107100,20.856,24.8
107200,20.856,24.8
107300,20.856,24.8
107400,20.856,24.8
107500,20.856,24.8
107600,20.856,24.8
107700,20.856,24.8
107800,20.856,24.8
107900,20.856,24.8
108000,20.856,24.8
108100,20.856,24.8
108200,20.856,24.8
108300,20.856,24.8
108400,20.856,24.8
108500,20.856,24.8
108600,20.856,24.8
108700,20.856,24.8
108800,20.856,24.8
108900,20.856,24.8
109000,20.856,24.8
109100,20.856,24.8
109200,20.856,24.8
109300,20.856,24.8
109400,20.856,24.8
109500,20.856,24.8
109600,20.856,24.8
109700,20.856,24.8
109800,20.856,24.8
109900,20.856,24.8
110000,20.856,24.8
110100,20.856,24.8
110200,20.856,24.8
110300,20.856,24.8
110400,20.447999999999997,24.8
110500,20.447999999999997,24.8
110600,20.447999999999997,24.8
110700,20.447999999999997,24.8
110800,20.447999999999997,24.8
110900,20.447999999999997,24.8
111000,20.447999999999997,24.8
111100,20.447999999999997,24.8
111200,20.447999999999997,24.8
111300,20.447999999999997,24.8
111400,20.447999999999997,24.8
111500,20.447999999999997,24.8
111600,20.447999999999997,24.8
111700,20.447999999999997,24.8
111800,20.447999999999997,24.8
111900,20.447999999999997,24.8
112000,20.447999999999997,24.8
112100,20.447999999999997,24.8
112200,20.447999999999997,24.8
112300,20.447999999999997,24.8
112400,20.447999999999997,24.8
112500,20.447999999999997,24.8
112600,20.447999999999997,24.8
112700,20.447999999999997,24.8
112800,20.447999999999997,24.8
112900,20.447999999999997,24.8
113000,20.447999999999997,24.8
113100,20.447999999999997,24.8
113200,20.447999999999997,24.8
113300,20.447999999999997,24.8
113400,20.447999999999997,24.8
113500,20.447999999999997,24.8
113600,20.447999999999997,24.8
113700,20.447999999999997,24.8
113800,20.447999999999997,24.8
113900,20.447999999999997,24.8
114000,20.447999999999997,24.8
114100,20.447999999999997,24.8
114200,20.447999999999997,24.8
114300,20.447999999999997,24.8
114400,20.447999999999997,24.8
114500,20.447999999999997,24.8
114600,20.447999999999997,24.8
114700,20.447999999999997,24.8
114800,20.447999999999997,24.8
114900,20.447999999999997,24.8
115000,20.447999999999997,24.8
115100,20.447999999999997,24.8
115200,20.447999999999997,24.8
115300,20.343999999999998,24.6
115400,20.343999999999998,24.6
115500,20.343999999999998,24.6
115600,20.127999999999997,24.6
115700,20.127999999999997,24.6
115800,20.127999999999997,24.6
115900,20.127999999999997,24.6
116000,19.92,24.6
116100,19.92,24.6
116200,19.92,24.6
116300,19.92,24.6
116400,19.92,24.6
116500,19.92,24.6
116600,19.92,24.6
116700,19.92,24.6
116800,19.92,24.6
116900,19.92,24.6
117000,19.92,24.6
117100,19.92,24.6
117200,19.92,24.6
117300,19.92,24.6
117400,19.92,24.6
117500,19.92,24.6
117600,19.92,24.6
117700,19.92,24.6
117800,19.92,24.6
117900,19.92,24.6
118000,19.92,24.6
118100,19.92,24.6
118200,19.92,24.6
118300,19.92,24.6
118400,19.92,24.6
118500,19.92,24.6
118600,19.92,24.6
118700,19.92,24.6
118800,19.92,24.6
118900,19.92,24.6
119000,19.92,24.6
119100,19.92,24.6
119200,19.92,24.6
119300,19.791999999999998,24.8
119400,19.791999999999998,24.8
119500,19.791999999999998,24.8
119600,19.791999999999998,24.8
119700,19.791999999999998,24.8
119800,19.791999999999998,24.8
119900,19.791999999999998,24.8
120000,19.791999999999998,24.8
120100,19.791999999999998,24.8
120200,19.791999999999998,24.8
120300,19.791999999999998,24.8
120400,19.791999999999998,24.8
120500,19.791999999999998,24.8
120600,19.791999999999998,24.8
120700,19.791999999999998,24.8
120800,19.791999999999998,24.8
120900,19.791999999999998,24.8
121000,19.791999999999998,24.8
121100,19.791999999999998,24.8
121200,19.791999999999998,24.8
121300,19.791999999999998,24.8
121400,19.791999999999998,24.8
121500,19.791999999999998,24.8
121600,19.791999999999998,24.8
121700,19.791999999999998,24.8
121800,19.791999999999998,24.8
121900,19.791999999999998,24.8
122000,19.791999999999998,24.8
122100,19.791999999999998,24.8
122200,19.791999999999998,24.8
122300,19.791999999999998,24.8
122400,19.791999999999998,24.8
122500,19.791999999999998,24.8
122600,19.791999999999998,24.8
122700,19.791999999999998,24.8
122800,19.791999999999998,24.8
122900,19.791999999999998,24.8
123000,19.791999999999998,24.8
123100,19.791999999999998,24.8
123200,19.791999999999998,24.8
123300,19.791999999999998,24.8
123400,19.791999999999998,24.8
123500,19.791999999999998,24.8
123600,19.791999999999998,24.8
123700,19.791999999999998,24.8
123800,19.791999999999998,24.8
123900,19.791999999999998,24.8
124000,19.791999999999998,24.8
124100,19.791999999999998,24.8
124200,19.791999999999998,24.8
124300,19.791999999999998,24.8
124400,19.791999999999998,24.8
124500,19.791999999999998,24.8
124600,19.791999999999998,24.8
124700,19.791999999999998,24.8
124800,19.791999999999998,24.8
124900,19.791999999999998,24.8
125000,19.791999999999998,24.8
125100,19.791999999999998,24.8
125200,19.791999999999998,24.8
125300,19.791999999999998,24.8
125400,19.791999999999998,24.8
125500,19.791999999999998,24.8
125600,19.791999999999998,24.8
125700,19.791999999999998,24.8
125800,19.791999999999998,24.8
125900,19.791999999999998,24.8
126000,19.791999999999998,24.8
126100,19.791999999999998,24.8
126200,19.791999999999998,24.8
126300,19.791999999999998,24.8
126400,19.791999999999998,24.8
126500,19.791999999999998,24.8
126600,19.791999999999998,24.8
126700,19.791999999999998,24.8
126800,19.791999999999998,24.8
126900,19.791999999999998,24.8
127000,19.791999999999998,24.8
127100,19.791999999999998,24.8
127200,19.791999999999998,24.8
127300,19.791999999999998,24.8
127400,19.791999999999998,24.8
127500,19.791999999999998,24.8
127600,19.791999999999998,24.8
127700,19.791999999999998,24.8
127800,19.791999999999998,24.8
127900,19.791999999999998,24.8
128000,19.791999999999998,24.8
128100,19.791999999999998,24.8
128200,19.791999999999998,24.8
128300,19.791999999999998,24.8
128400,19.791999999999998,24.8
128500,19.791999999999998,24.8
128600,19.791999999999998,24.8
128700,19.791999999999998,24.8
128800,19.791999999999998,24.8
128900,19.791999999999998,24.8
129000,19.791999999999998,24.8
129100,19.791999999999998,24.8
129200,19.791999999999998,24.8
129300,19.736,24.8
129400,19.736,24.8
129500,19.736,24.8
129600,19.736,24.8
129700,19.736,24.8
129800,19.736,24.8
129900,19.736,24.8
130000,19.736,24.8
130100,19.736,24.8
130200,19.736,24.8
130300,19.736,24.8
130400,19.736,24.8
130500,19.736,24.8
130600,19.736,24.8
130700,19.736,24.8
130800,19.736,24.8
130900,19.736,24.8
131000,19.736,24.8
131100,19.736,24.8
131200,19.736,24.8
131300,19.736,24.8
131400,19.736,24.8
131500,19.736,24.8
131600,19.736,24.8
131700,19.736,24.8
131800,19.736,24.8
131900,19.736,24.8
132000,19.736,24.8
132100,19.736,24.8
132200,19.736,24.8
132300,19.736,24.8
132400,19.736,24.8
132500,19.736,24.8
132600,19.736,24.8
132700,19.736,24.8
132800,19.736,24.8
132900,19.736,24.8
133000,19.736,24.8
133100,19.736,24.8
133200,19.736,24.8
133300,19.736,24.8
133400,19.736,24.8
133500,19.736,24.8
133600,19.736,24.8
133700,19.736,24.8
133800,19.736,24.8
133900,19.736,24.8
134000,19.736,24.8
134100,19.736,24.8
134200,19.736,24.8
134300,19.728,24.8
134400,19.728,24.8
134500,19.728,24.8
134600,19.728,24.8
134700,19.728,24.8
134800,19.728,24.8
134900,19.728,24.8
135000,19.728,24.8
135100,19.728,24.8
135200,19.728,24.8
135300,19.728,24.8
135400,19.728,24.8
135500,19.728,24.8
135600,19.728,24.8
135700,19.728,24.8
135800,19.728,24.8
135900,19.728,24.8
136000,19.728,24.8
136100,19.728,24.8
136200,19.728,24.8
136300,19.728,24.8
136400,19.728,24.8
136500,19.728,24.8
136600,19.728,24.8
136700,19.728,24.8
136800,19.728,24.8
136900,19.728,24.8
137000,19.728,24.8
137100,19.728,24.8
137200,19.728,24.8
137300,19.728,24.8
137400,19.728,24.8
137500,19.728,24.8
137600,19.728,24.8
137700,19.728,24.8
137800,19.728,24.8
137900,19.728,24.8
138000,19.728,24.8
138100,19.728,24.8
138200,19.728,24.8
138300,19.728,24.8
138400,19.728,24.8
138500,19.728,24.8
138600,19.728,24.8
138700,19.728,24.8
138800,19.728,24.8
138900,19.728,24.8
139000,19.728,24.8
139100,19.728,24.8
139200,19.728,24.8
139300,19.728,24.8
139400,19.728,24.8
139500,19.728,24.8
139600,19.728,24.8
139700,19.728,24.8
139800,19.728,24.8
139900,19.728,24.8
140000,19.728,24.8
140100,19.728,24.8
140200,19.728,24.8
140300,19.728,24.8
140400,19.728,24.8
140500,19.728,24.8
140600,19.728,24.8
140700,19.728,24.8
140800,19.728,24.8
140900,19.728,24.8
141000,19.728,24.8
141100,19.728,24.8
141200,19.728,24.8
141300,19.728,24.8
141400,19.728,24.8
141500,19.728,24.8
141600,19.728,24.8
141700,19.728,24.8
141800,19.728,24.8
141900,19.728,24.8
142000,19.728,24.8
142100,19.728,24.8
142200,19.728,24.8
142300,19.728,24.8
142400,19.728,24.8
142500,19.728,24.8
142600,19.728,24.8
142700,19.728,24.8
142800,19.728,24.8
142900,19.728,24.8
143000,19.728,24.8
143100,19.728,24.8
143200,19.728,24.8
143300,19.728,24.8
143400,19.728,24.8
143500,19.728,24.8
143600,19.728,24.8
143700,19.728,24.8
143800,19.728,24.8
143900,19.728,24.8
144000,19.728,24.8
144100,19.728,24.8
144200,19.728,24.8
144300,19.728,24.8
144400,19.728,24.8
144500,19.728,24.8
144600,19.728,24.8
144700,19.728,24.8
144800,19.728,24.8
144900,19.728,24.8
145000,19.728,24.8
145100,19.728,24.8
145200,19.728,24.8
145300,19.728,24.8
145400,19.728,24.8
145500,19.728,24.8
145600,19.728,24.8
145700,19.728,24.8
145800,19.728,24.8
145900,19.728,24.8
146000,19.728,24.8
146100,19.728,24.8
146200,19.728,24.8
146300,19.728,24.8
146400,19.728,24.8
146500,19.728,24.8
146600,19.728,24.8
146700,19.728,24.8
146800,19.728,24.8
146900,19.728,24.8
147000,19.728,24.8
147100,19.728,24.8
147200,19.728,24.8
147300,19.728,24.8
147400,19.728,24.8
147500,19.728,24.8
147600,19.728,24.8
147700,19.728,24.8
147800,19.728,24.8
147900,19.728,24.8
148000,19.728,24.8
148100,19.728,24.8
148200,19.728,24.8
148300,19.728,24.8
148400,19.728,24.8
148500,19.728,24.8
148600,19.728,24.8
148700,19.728,24.8
148800,19.728,24.8
148900,19.728,24.8
149000,19.728,24.8
149100,19.728,24.8
149200,19.728,24.8
149300,19.728,24.8
149400,19.728,24.8
149500,19.728,24.8
149600,19.728,24.8
149700,19.728,24.8
149800,19.728,24.8
149900,19.728,24.8
150000,19.728,24.8
150100,19.728,24.8
150200,19.728,24.8
150300,19.728,24.8
150400,19.728,24.8
150500,19.728,24.8
150600,19.728,24.8
150700,19.728,24.8
150800,19.728,24.8
150900,19.728,24.8
151000,19.728,24.8
151100,19.728,24.8
151200,19.728,24.8
151300,19.543999999999997,24.8
151400,19.543999999999997,24.8
151500,19.215999999999998,24.8
151600,19.215999999999998,24.8
151700,19.215999999999998,24.8
151800,19.215999999999998,24.8
151900,19.215999999999998,24.8
152000,19.215999999999998,24.8
152100,19.215999999999998,24.8
152200,19.215999999999998,24.8
152300,19.215999999999998,24.8
152400,19.215999999999998,24.8
152500,19.215999999999998,24.8
152600,19.215999999999998,24.8
152700,19.215999999999998,24.8
152800,19.215999999999998,24.8
152900,19.215999999999998,24.8
153000,19.215999999999998,24.8
153100,19.215999999999998,24.8
153200,19.215999999999998,24.8
153300,19.215999999999998,24.8
153400,19.215999999999998,24.8
153500,19.215999999999998,24.8
153600,19.215999999999998,24.8
153700,19.215999999999998,24.8
153800,19.215999999999998,24.8
153900,19.215999999999998,24.8
154000,19.215999999999998,24.8
154100,19.215999999999998,24.8
154200,19.215999999999998,24.8
154300,19.215999999999998,24.8
154400,19.215999999999998,24.8
154500,19.215999999999998,24.8
154600,19.215999999999998,24.8
154700,19.215999999999998,24.8
154800,19.215999999999998,24.8
154900,19.215999999999998,24.8
155000,19.215999999999998,24.8
155100,19.215999999999998,24.8
155200,19.215999999999998,24.8
155300,19.215999999999998,24.8
155400,19.215999999999998,24.8
155500,19.215999999999998,24.8
155600,19.215999999999998,24.8
155700,19.215999999999998,24.8
155800,19.215999999999998,24.8
155900,19.215999999999998,24.8
156000,19.215999999999998,24.8
156100,19.215999999999998,24.8
156200,19.215999999999998,24.8
156300,19.215999999999998,24.8
156400,19.215999999999998,24.8
156500,19.215999999999998,24.8
156600,19.215999999999998,24.8
156700,19.215999999999998,24.8
156800,19.215999999999998,24.8
156900,19.215999999999998,24.8
157000,19.215999999999998,24.8
157100,19.215999999999998,24.8
157200,19.215999999999998,24.8
157300,19.215999999999998,24.8
157400,19.215999999999998,24.8
157500,19.215999999999998,24.8
157600,19.215999999999998,24.8
157700,19.215999999999998,24.8
157800,19.215999999999998,24.8
157900,19.215999999999998,24.8
158000,19.215999999999998,24.8
158100,19.215999999999998,24.8
158200,19.215999999999998,24.8
158300,19.215999999999998,24.8
158400,19.215999999999998,24.8
158500,19.215999999999998,24.8
158600,19.215999999999998,24.8
158700,19.215999999999998,24.8
158800,19.215999999999998,24.8
158900,19.215999999999998,24.8
159000,19.215999999999998,24.8
159100,19.215999999999998,24.8
159200,19.215999999999998,24.8
159300,19.215999999999998,24.8
159400,19.215999999999998,24.8
159500,19.215999999999998,24.8
159600,19.215999999999998,24.8
159700,19.215999999999998,24.8
159800,19.215999999999998,24.8
159900,19.215999999999998,24.8
160000,19.215999999999998,24.8
160100,19.215999999999998,24.8
160200,19.215999999999998,24.8
160300,19.215999999999998,24.8
160400,19.215999999999998,24.8
160500,19.215999999999998,24.8
160600,19.215999999999998,24.8
160700,19.215999999999998,24.8
160800,19.215999999999998,24.8
160900,19.215999999999998,24.8
161000,19.215999999999998,24.8
161100,19.215999999999998,24.8
161200,19.215999999999998,24.8
161300,19.215999999999998,24.8
161400,19.215999999999998,24.8
161500,19.215999999999998,24.8
161600,19.215999999999998,24.8
161700,19.215999999999998,24.8
161800,19.215999999999998,24.8
161900,19.215999999999998,24.8
162000,19.215999999999998,24.8
162100,19.215999999999998,24.8
162200,19.215999999999998,24.8
162300,19.215999999999998,24.8
162400,19.215999999999998,24.8
162500,19.215999999999998,24.8
162600,19.215999999999998,24.8
162700,19.215999999999998,24.8
162800,19.215999999999998,24.8
162900,19.215999999999998,24.8
163000,19.215999999999998,24.8
163100,19.215999999999998,24.8
163200,19.215999999999998,24.8
163300,19.215999999999998,24.8
163400,19.215999999999998,24.8
163500,19.215999999999998,24.8
163600,19.215999999999998,24.8
163700,19.215999999999998,24.8
163800,19.215999999999998,24.8
163900,19.215999999999998,24.8
164000,19.215999999999998,24.8
164100,19.215999999999998,24.8
164200,19.215999999999998,24.8
164300,19.215999999999998,24.8
164400,19.215999999999998,24.8
164500,19.215999999999998,24.8
164600,19.215999999999998,24.8
164700,19.215999999999998,24.8
164800,19.215999999999998,24.8
164900,19.215999999999998,24.8
165000,19.215999999999998,24.8
165100,19.215999999999998,24.8
165200,19.215999999999998,24.8
165300,19.215999999999998,24.8
165400,19.215999999999998,24.8
165500,19.215999999999998,24.8
165600,19.215999999999998,24.8
165700,19.215999999999998,24.8
165800,19.215999999999998,24.8
165900,19.215999999999998,24.8
166000,19.215999999999998,24.8
166100,19.215999999999998,24.8
166200,19.215999999999998,24.8
166300,19.215999999999998,24.8
166400,19.215999999999998,24.8
166500,19.215999999999998,24.8
166600,19.215999999999998,24.8
166700,19.215999999999998,24.8
166800,19.215999999999998,24.8
166900,19.215999999999998,24.8
167000,19.215999999999998,24.8
167100,19.215999999999998,24.8
167200,19.215999999999998,24.8
167300,19.215999999999998,24.8
167400,19.215999999999998,24.8
167500,19.215999999999998,24.8
167600,19.215999999999998,24.8
167700,19.215999999999998,24.8
167800,19.215999999999998,24.8
167900,19.215999999999998,24.8
168000,19.215999999999998,24.8
168100,19.215999999999998,24.8
168200,19.215999999999998,24.8
168300,19.215999999999998,24.8
168400,19.215999999999998,24.8
168500,19.215999999999998,24.8
168600,19.215999999999998,24.8
168700,19.215999999999998,24.8
168800,19.215999999999998,24.8
168900,19.215999999999998,24.8
169000,19.215999999999998,24.8
169100,19.215999999999998,24.8
169200,19.215999999999998,24.8
169300,19.215999999999998,24.8
169400,19.215999999999998,24.8
169500,19.215999999999998,24.8
169600,19.215999999999998,24.8
169700,19.215999999999998,24.8
169800,19.215999999999998,24.8
169900,19.215999999999998,24.8
170000,19.215999999999998,24.8
170100,19.215999999999998,24.8
170200,19.215999999999998,24.8
170300,19.215999999999998,24.8
170400,19.215999999999998,24.8
170500,19.215999999999998,24.8
170600,19.215999999999998,24.8
170700,19.215999999999998,24.8
170800,19.215999999999998,24.8
170900,19.215999999999998,24.8
171000,19.215999999999998,24.8
171100,19.215999999999998,24.8
171200,19.215999999999998,24.8
171300,19.215999999999998,24.8
171400,19.215999999999998,24.8
171500,19.215999999999998,24.8
171600,19.215999999999998,24.8
171700,19.215999999999998,24.8
171800,19.215999999999998,24.8
171900,19.215999999999998,24.8
172000,19.215999999999998,24.8
172100,19.215999999999998,24.8
172200,19.215999999999998,24.8
172300,19.215999999999998,24.8
172400,19.215999999999998,24.8
172500,19.215999999999998,24.8
172600,19.215999999999998,24.8
172700,19.215999999999998,24.8
172800,19.215999999999998,24.8
172900,19.215999999999998,24.8
173000,19.215999999999998,24.8
173100,19.215999999999998,24.8
173200,19.215999999999998,24.8
173300,19.215999999999998,24.8
173400,19.215999999999998,24.8
173500,19.215999999999998,24.8
173600,19.215999999999998,24.8
173700,19.215999999999998,24.8
173800,19.215999999999998,24.8
173900,19.215999999999998,24.8
174000,19.215999999999998,24.8
174100,19.215999999999998,24.8
174200,19.215999999999998,24.8
174300,19.215999999999998,24.8
174400,19.215999999999998,24.8
174500,19.215999999999998,24.8
174600,19.215999999999998,24.8
174700,19.215999999999998,24.8
174800,19.215999999999998,24.8
174900,19.215999999999998,24.8
175000,19.215999999999998,24.8
175100,19.215999999999998,24.8
175200,19.215999999999998,24.8
175300,19.215999999999998,24.8
175400,19.215999999999998,24.8
175500,19.215999999999998,24.8
175600,19.215999999999998,24.8
175700,19.215999999999998,24.8
175800,19.215999999999998,24.8
175900,19.215999999999998,24.8
176000,19.215999999999998,24.8
176100,19.215999999999998,24.8
176200,19.215999999999998,24.8
176300,19.215999999999998,24.8
176400,19.215999999999998,24.8
176500,19.215999999999998,24.8
176600,19.215999999999998,24.8
176700,19.215999999999998,24.8
176800,19.215999999999998,24.8
176900,19.215999999999998,24.8
177000,19.215999999999998,24.8
177100,19.215999999999998,24.8
177200,19.215999999999998,24.8
177300,19.215999999999998,24.8
177400,19.215999999999998,24.8
177500,19.215999999999998,24.8
177600,19.215999999999998,24.8
177700,19.215999999999998,24.8
177800,19.215999999999998,24.8
177900,19.215999999999998,24.8
178000,19.215999999999998,24.8
178100,19.215999999999998,24.8
178200,19.215999999999998,24.8
178300,19.215999999999998,24.8
178400,19.215999999999998,24.8
178500,19.215999999999998,24.8
178600,19.215999999999998,24.8
178700,19.215999999999998,24.8
178800,19.215999999999998,24.8
178900,19.215999999999998,24.8
179000,19.215999999999998,24.8
179100,19.215999999999998,24.8
179200,19.215999999999998,24.8
179300,19.215999999999998,24.8
179400,19.215999999999998,24.8
179500,19.215999999999998,24.8
179600,19.215999999999998,24.8
179700,19.215999999999998,24.8
179800,19.215999999999998,24.8
179900,19.215999999999998,24.8
180000,19.215999999999998,24.8
180100,19.215999999999998,24.8
180200,19.215999999999998,24.8
180300,19.215999999999998,24.8
180400,19.215999999999998,24.8
180500,19.215999999999998,24.8
180600,19.215999999999998,24.8
180700,19.215999999999998,24.8
180800,19.215999999999998,24.8
180900,19.215999999999998,24.8
181000,19.215999999999998,24.8
181100,19.215999999999998,24.8
181200,19.215999999999998,24.8
181300,19.215999999999998,24.8
181400,19.215999999999998,24.8
181500,19.215999999999998,24.8
181600,19.215999999999998,24.8
181700,19.215999999999998,24.8
181800,19.215999999999998,24.8
181900,19.215999999999998,24.8
182000,19.215999999999998,24.8
182100,19.215999999999998,24.8
182200,19.215999999999998,24.8
182300,19.215999999999998,24.8
182400,19.215999999999998,24.8
182500,19.215999999999998,24.8
182600,19.215999999999998,24.8
182700,19.215999999999998,24.8
182800,19.215999999999998,24.8
182900,19.215999999999998,24.8
183000,19.215999999999998,24.8
183100,19.215999999999998,24.8
183200,19.215999999999998,24.8
183300,19.215999999999998,24.8
183400,19.215999999999998,24.8
183500,19.215999999999998,24.8
183600,19.215999999999998,24.8
183700,19.215999999999998,24.8
183800,19.215999999999998,24.8
183900,19.215999999999998,24.8
184000,19.215999999999998,24.8
184100,19.215999999999998,24.8
184200,19.215999999999998,24.8
184300,19.215999999999998,24.8
184400,19.215999999999998,24.8
184500,19.215999999999998,24.8
184600,19.215999999999998,24.8
184700,19.215999999999998,24.8
184800,19.215999999999998,24.8
184900,19.215999999999998,24.8
185000,19.215999999999998,24.8
185100,19.215999999999998,24.8
185200,19.215999999999998,24.8
185300,19.215999999999998,24.8
185400,19.215999999999998,24.8
185500,19.215999999999998,24.8
185600,19.215999999999998,24.8
185700,19.215999999999998,24.8
185800,19.215999999999998,24.8
185900,19.215999999999998,24.8
186000,19.215999999999998,24.8
186100,19.215999999999998,24.8
186200,19.215999999999998,24.8
186300,19.215999999999998,24.8
186400,19.215999999999998,24.8
186500,19.215999999999998,24.8
186600,19.215999999999998,24.8
186700,19.215999999999998,24.8
186800,19.215999999999998,24.8
186900,19.215999999999998,24.8
187000,19.215999999999998,24.8
187100,19.215999999999998,24.8
187200,19.215999999999998,24.8
187300,19.215999999999998,24.8
187400,19.215999999999998,24.8
187500,19.215999999999998,24.8
187600,19.215999999999998,24.8
187700,19.215999999999998,24.8
187800,19.215999999999998,24.8
187900,19.215999999999998,24.8
188000,19.215999999999998,24.8
188100,19.215999999999998,24.8
188200,19.215999999999998,24.8
188300,19.215999999999998,24.8
188400,19.215999999999998,24.8
188500,19.215999999999998,24.8
188600,19.215999999999998,24.8
188700,19.215999999999998,24.8
188800,19.215999999999998,24.8
188900,19.215999999999998,24.8
189000,19.215999999999998,24.8
189100,19.215999999999998,24.8
189200,19.215999999999998,24.8
189300,19.215999999999998,24.8
189400,19.215999999999998,24.8
189500,19.215999999999998,24.8
189600,19.215999999999998,24.8
189700,19.215999999999998,24.8
189800,19.215999999999998,24.8
189900,19.215999999999998,24.8
190000,19.215999999999998,24.8
190100,18.72,24.8
190200,18.72,24.8
190300,18.72,24.8
190400,18.72,24.8
190500,18.72,24.8
190600,18.72,24.8
190700,18.72,24.8
190800,18.72,24.8
190900,18.72,24.8
191000,18.72,24.8
191100,18.72,24.8
191200,18.72,24.8
191300,18.72,24.8
191400,18.72,24.8
191500,18.72,24.8
191600,18.72,24.8
191700,18.72,24.8
191800,18.72,24.8
191900,18.72,24.8
192000,18.72,24.8
192100,18.72,24.8
192200,18.72,24.8
192300,18.72,24.8
192400,18.72,24.8
192500,18.72,24.8
192600,18.72,24.8
192700,18.72,24.8
192800,18.72,24.8
192900,18.72,24.8
193000,18.72,24.8
193100,18.72,24.8
193200,18.72,24.8
193300,18.72,24.8
193400,18.72,24.8
193500,18.72,24.8
193600,18.72,24.8
193700,18.72,24.8
193800,18.72,24.8
193900,18.72,24.8
194000,18.72,24.8
194100,18.72,24.8
194200,18.72,24.8
194300,18.72,24.8
194400,18.72,24.8
194500,18.72,24.8
194600,18.72,24.8
194700,18.72,24.8
194800,18.72,24.8
194900,18.72,24.8
195000,18.72,24.8
195100,18.72,24.8
195200,18.72,24.8
195300,18.72,24.8
195400,18.72,24.8
195500,18.72,24.8
195600,18.72,24.8
195700,18.352,24.8
195800,18.352,24.8
195900,18.352,24.8
196000,18.352,24.8
196100,18.352,24.8
196200,18.352,24.8
196300,18.352,24.8
196400,18.352,24.8
196500,18.352,24.8
196600,18.352,24.8
196700,18.352,24.8
196800,18.352,24.8
196900,18.352,24.8
197000,18.352,24.8
197100,18.352,24.8
197200,18.352,24.8
197300,18.352,24.8
197400,18.352,24.8
197500,18.352,24.8
197600,18.352,24.8
197700,18.352,24.8
197800,18.352,24.8
197900,18.352,24.8
198000,18.352,24.8
198100,18.352,24.8
198200,18.352,24.8
198300,18.352,24.8
198400,18.352,24.8
198500,18.352,24.8
198600,18.352,24.8
198700,18.352,24.8
198800,18.352,24.8
198900,18.352,24.8
199000,18.352,24.8
199100,18.352,24.8
199200,18.352,24.8
199300,18.352,24.8
199400,18.352,24.8
199500,18.352,24.8
199600,18.352,24.8
199700,18.352,24.8
199800,18.352,24.8
199900,18.352,24.8
199999,18.352,24.8

START ALGORITHM
h3: (a15 + a11 - a51) * (b25)
h8: (-a23) * (b55 + b21 + b13 - b23)
h9: (-a34) * (b25 - b31)
h20: (a31 - a11 - a25 - a15 - a52 - a21) * (b41 + b51 + b13 + b33 + b21 + b12 + b45 - b33)
h27: (a12) * (b44 + b33 - b13 - b45 - b11 - b15)
h36: (a11 - a12) * (b35 + b32 - b11)
h45: (-a32) * (b53 + b42 - b12 - b44 - b23 - b12 - b22)
h48: (a45 + a22 + a12 - a41) * (b41 + b23 + b54 + b44 + b41 + b34 - b44 - b42 - b41)
h51: (a52 + a11 - a45 - a12) * (b25 + b13 - b51 - b35 - b23)
h56: (a55) * (b25 + b13 - b33 - b52 - b41 - b33)
h58: (a31 + a12 - a51 - a33 - a32) * (b44)
h64: (-a15) * (-b52 - b11)
h70: (a34 - a14) * (b23)
h71: (a51) * (-b42 - b11)
h73: (-a24) * (b14 + b53 + b42 + b51 - b33 - b21 - b55)
h74: (a32 + a22 - a52) * (b54 + b45 + b32 - b34 - b43 - b25)
h78: (-a11) * (b44 + b44 + b42 - b15 - b22)
h81: (a11 + a55 + a32) * (b25 + b44 + b31 + b31 + b35 - b12 - b53 - b23)
h86: (-a33) * (b25 - b14 - b35)
h89: (a32 - a31) * (b55 + b24 + b55 - b52 - b15 - b54)
h96: (a35) * (b13 + b41 + b12)
h98: (-a35 - a44) * (b33 + b14 + b42)
h103: (-a31) * (b52 + b31 - b43 - b21)
h105: (a35 - a11 - a34) * (b22)
h108: (a24 + a21 - a33 - a32 - a13) * (b32 + b35 - b25)
h110: (a35 + a11 + a25 - a42) * (b23 + b51 + b25 - b33)
h113: (-a14) * (b11 + b24 + b33 + b23 - b53 - b42)
h125: (a35 + a24) * (b24 - b21)
h186: (a45) * (b21 + b51 + b53 - b22 - b51 - b43 - b41)
h196: (a54) * (b45 + b53)
h199: (a15) * (b32)
h200: (a21 + a34 - a55 - a31) * (b15 + b54 + b44 + b15 + b22 + b42 - b23 - b15 - b24 - b51)
h227: (-a51) * (b52 - b51 - b11)
h238: (a23) * (-b54 - b22)
h250: (-a41) * (b23)
h295: (a25) * (-b13 - b22)
h417: (-a12 - a32 - a43) * (b24 + b44 + b35 + b32 + b35 - b41)
h420: (a24) * (b44 + b35)
h519: (-a33) * (-b13)
h636: (a53 + a43 + a54 - a25 - a24) * (b32 + b23 + b42 + b52 - b53 - b32 - b41)
h883: (a51 - a31) * (-b54)
h960: (a51) * (-b55 - b21)
h1046: (a55) * (-b43 - b53)
h2967: (a55 - a25 - a32) * (-b52)
h2968: (a53) * (-b12 - b45)
h2989: (a12) * (-b12)
h3072: (a43 - a23 - a22) * (b15 - b14 - b41)
h8441: (a54) * (b12 + b43)
h11360: (a21 - a55) * (-b45)
h12460: (a15 + a22 - a12) * (-b13 - b51)
h16441: (a34 + a42) * (b22 + b21 + b12 - b51)
h19457: (a11 + a32) * (b21 + b31 + b55 + b43)
h25758: (a51) * (b44 - b54)
h27306: (a53) * (b43 + b32 + b41 + b12 + b11 - b33 - b34 - b55 - b32 - b32 - b25)
h32180: (-a45) * (b12)
h32524: (a35 - a33) * (b52)
h43089: (a35 + a52 + a21 + a53 - a51 - a44 - a33) * (b53)
h44153: (a45) * (b34 + b31 + b21 - b34 - b13 - b33 - b54)
h57699: (a43) * (b25 + b54 + b31)
h67345: (-a42 - a31 - a13) * (b43 - b45 - b53)
h75844: (-a41) * (b51 + b42)
h97918: (-a24 - a32) * (-b25 - b32)
c11: h2968 - h9 
c12: h36 + h81 + h51 - h110 - h519 
c13: h96 + h199 + h113 + h883 + h2989 + h12460 - h636 
c14: h113 + h75844 
c15: h89 + h71 - h64 - h56 - h200 
c21: h125 + h20 + h70 - h186 - h295 
c22: h227 + h11360 - h16441 
c23: h108 + h519 
c24: h25758 + h2968 
c25: h103 + h238 + h58 
c31: h71 + h250 + h636 + h32180 + h43089 + h89 - h36 - h32524 
c32: h186 + h417 + h89 
c33: h89 + h27306 + h3072 + h78 + h67345 
c34: h2968 + h3072 - h12460 
c35: h78 + h70 + h108 + h74 + h58 + h1046 - h73 
c41: h98 + h36 - h27 
c42: h103 + h19457 + h103 - h883 - h25758 
c43: h227 + h9 + h58 
c44: h86 + h8 + h2967 + h57699 
c45: h238 - h960 - h97918 
c51: h71 + h44153 - h20 - h73 
c52: h105 + h200 + h1046 
c53: h51 + h3 + h227 - h58 
c54: h8 + h8441 - h19457 
c55: h48 + h420 - h45 - h51 - h196 
