0,143.89600000000002,25
100,118.208,24.8
200,101.304,24.8
300,88.28,24.8
400,83.824,24.8
500,78.512,25
600,76.64,25
700,71.23999999999998,25
800,66.01599999999999,25
900,62.336,25
1000,57.67999999999999,25
1100,55.16799999999999,25
1200,52.80799999999999,25
1300,49.032,25
1400,48.272000000000006,25
1500,47.664,25
1600,46.984,25
1700,46.984,25
1800,46.29600000000001,25
1900,46.29600000000001,25
2000,46.29600000000001,25
2100,46.29600000000001,25
2200,46.29600000000001,25
2300,46.29600000000001,25
2400,44.888,24.8
2500,44.888,24.8
2600,44.775999999999996,24.8
2700,44.775999999999996,24.8
2800,44.408,24.8
2900,44.408,24.8
3000,44.408,24.8
3100,44.408,24.8
3200,44.408,24.8
3300,44.408,24.8
3400,44.408,24.8
3500,44.408,24.8
3600,44.408,24.8
3700,44.408,24.8
3800,43.872,24.8
3900,43.29599999999999,24.8
4000,42.584,24.8
4100,42.584,24.8
4200,42.584,24.8
4300,42.584,24.8
4400,42.584,24.8
4500,42.584,24.8
4600,41.832,24.8
4700,41.648,24.8
4800,40.952,24.8
4900,40.952,24.8
5000,40.952,24.8
5100,40.952,24.8
5200,40.952,24.8
5300,39.84,25
5400,39.84,25
5500,39.84,25
5600,38.160000000000004,25
5700,38.160000000000004,25
5800,38.160000000000004,25
5900,38.160000000000004,25
6000,38.160000000000004,25
6100,38.160000000000004,25
6200,38.160000000000004,25
6300,38.160000000000004,25
6400,38.160000000000004,25
6500,38.160000000000004,25
6600,38.160000000000004,25
6700,38.160000000000004,25
6800,38.160000000000004,25
6900,38.160000000000004,25
7000,38.160000000000004,25
7100,38.160000000000004,25
7200,38.160000000000004,25
7300,38.160000000000004,25
7400,38.160000000000004,25
7500,38.160000000000004,25
7600,38.160000000000004,25
7700,38.160000000000004,25
7800,38.160000000000004,25
7900,38.160000000000004,25
8000,38.160000000000004,25
8100,38.160000000000004,25
8200,38.160000000000004,25
8300,38.160000000000004,25
8400,38.160000000000004,25
8500,38.160000000000004,25
8600,37.576,24.8
8700,37.576,24.8
8800,37.504000000000005,24.8
8900,37.504000000000005,24.8
9000,37.504000000000005,24.8
9100,37.504000000000005,24.8
9200,37.239999999999995,24.8
9300,37.016,24.8
9400,37.016,24.8
9500,37.016,24.8
9600,37.016,24.8
9700,37.016,24.8
9800,37.016,24.8
9900,37.016,24.8
10000,37.016,24.8
10100,37.016,24.8
10200,37.016,24.8
10300,37.016,24.8
10400,37.016,24.8
10500,37.016,24.8
10600,37.016,24.8
10700,37.016,24.8
10800,37.016,24.8
10900,36.104,24.8
11000,36.104,24.8
11100,35.824,24.8
11200,35.824,24.8
11300,35.559999999999995,24.8
11400,34.96,24.8
11500,34.8,24.8
11600,34.8,24.8
11700,34.8,24.8
11800,34.8,24.8
11900,34.8,24.8
12000,34.8,24.8
12100,34.8,24.8
12200,34.536,24.8
12300,34.536,24.8
12400,34.536,24.8
12500,34.536,24.8
12600,34.536,24.8
12700,34.536,24.8
12800,34.536,24.8
12900,34.536,24.8
13000,34.536,24.8
13100,34.536,24.8
13200,34.536,24.8
13300,34.536,24.8
13400,34.536,24.8
13500,34.536,24.8
13600,34.208,24.8
13700,34.208,24.8
13800,34.208,24.8
13900,34.208,24.8
14000,34.208,24.8
14100,34.208,24.8
14200,34.208,24.8
14300,34.208,24.8
14400,34.208,24.8
14500,34.208,24.8
14600,34.208,24.8
14700,34.208,24.8
14800,34.208,24.8
14900,34.104,24.8
15000,34.104,24.8
15100,34.104,24.8
15200,34.104,24.8
15300,34.104,24.8
15400,34.104,24.8
15500,34.104,24.8
15600,34.104,24.8
15700,34.104,24.8
15800,34.104,24.8
15900,34.104,24.8
16000,34.104,24.8
16100,34.104,24.8
16200,34.104,24.8
16300,34.104,24.8
16400,34.104,24.8
16500,34.104,24.8
16600,34.104,24.8
16700,34.104,24.8
16800,33.848,24.8
16900,33.848,24.8
17000,33.848,24.8
17100,33.848,24.8
17200,33.839999999999996,24.8
17300,33.839999999999996,24.8
17400,33.839999999999996,24.8
17500,33.839999999999996,24.8
17600,33.839999999999996,24.8
17700,33.839999999999996,24.8
17800,33.70399999999999,24.8
17900,33.568,24.8
18000,33.568,24.8
18100,33.568,24.8
18200,33.568,24.8
18300,33.568,24.8
18400,33.568,24.8
18500,33.568,24.8
18600,33.568,24.8
18700,33.568,24.8
18800,33.568,24.8
18900,32.928,24.8
19000,32.928,24.8
19100,32.928,24.8
19200,32.928,24.8
19300,32.928,24.8
19400,32.928,24.8
19500,32.928,24.8
19600,32.928,24.8
19700,32.928,24.8
19800,32.928,24.8
19900,32.928,24.8
20000,32.928,24.8
20100,32.928,24.8
20200,32.928,24.8
20300,32.928,24.8
20400,32.928,24.8
20500,32.928,24.8
20600,32.928,24.8
20700,32.928,24.8
20800,32.928,24.8
20900,32.928,24.8
21000,32.928,24.8
21100,32.928,24.8
21200,32.928,24.8
21300,32.928,24.8
21400,32.928,24.8
21500,32.928,24.8
21600,32.928,24.8
21700,32.928,24.8
21800,32.928,24.8
21900,32.928,24.8
22000,32.928,24.8
22100,32.928,24.8
22200,32.928,24.8
22300,32.928,24.8
22400,32.928,24.8
22500,32.928,24.8
22600,32.928,24.8
22700,32.928,24.8
22800,32.928,24.8
22900,32.928,24.8
23000,32.928,24.8
23100,32.928,24.8
23200,32.928,24.8
23300,32.928,24.8
23400,32.8,24.8
23500,32.8,24.8
23600,32.8,24.8
23700,32.8,24.8
23800,32.8,24.8
23900,32.8,24.8
24000,32.8,24.8
24100,32.8,24.8
24200,32.8,24.8
24300,32.8,24.8
24400,32.8,24.8
24500,32.8,24.8
24600,32.8,24.8
24700,32.8,24.8
24800,32.8,24.8
24900,32.8,24.8
25000,32.8,24.8
25100,32.336,24.8
25200,32.336,24.8
25300,32.336,24.8
25400,32.336,24.8
25500,32.336,24.8
25600,32.144,24.6
25700,32.144,24.6
25800,32.144,24.6
25900,32.144,24.6
26000,32.144,24.6
26100,32.144,24.6
26200,32.144,24.6
26300,32.144,24.6
26400,32.144,24.6
26500,32.144,24.6
26600,32.144,24.6
26700,32.144,24.6
26800,32.144,24.6
26900,32.144,24.6
27000,32.144,24.6
27100,32.144,24.6
27200,32.144,24.6
27300,32.144,24.6
27400,32.144,24.6
27500,31.872000000000003,24.6
27600,31.872000000000003,24.6
27700,31.872000000000003,24.6
27800,31.872000000000003,24.6
27900,31.872000000000003,24.6
28000,31.872000000000003,24.6
28100,31.872000000000003,24.6
28200,31.872000000000003,24.6
28300,31.872000000000003,24.6
28400,31.872000000000003,24.6
28500,31.872000000000003,24.6
28600,31.872000000000003,24.6
28700,31.872000000000003,24.6
28800,31.872000000000003,24.6
28900,31.872000000000003,24.6
29000,31.872000000000003,24.6
29100,31.872000000000003,24.6
29200,31.872000000000003,24.6
29300,31.872000000000003,24.6
29400,31.872000000000003,24.6
29500,31.872000000000003,24.6
29600,31.872000000000003,24.6
29700,31.872000000000003,24.6
29800,31.872000000000003,24.6
29900,31.872000000000003,24.6
30000,31.872000000000003,24.6
30100,31.872000000000003,24.6
30200,31.872000000000003,24.6
30300,31.792,24.6
30400,31.792,24.6
30500,31.792,24.6
30600,31.792,24.6
30700,31.583999999999993,24.4
30800,31.583999999999993,24.4
30900,31.583999999999993,24.4
31000,31.583999999999993,24.4
31100,31.583999999999993,24.4
31200,31.583999999999993,24.4
31300,31.583999999999993,24.4
31400,31.056,24.4
31500,31.056,24.4
31600,31.056,24.4
31700,31.056,24.4
31800,31.056,24.4
31900,31.056,24.4
32000,31.056,24.4
32100,31.056,24.4
32200,31.056,24.4
32300,31.056,24.4
32400,31.056,24.4
32500,31.056,24.4
32600,31.056,24.4
32700,31.056,24.4
32800,31.056,24.4
32900,31.056,24.4
33000,31.056,24.4
33100,31.032,24.6
33200,31.032,24.6
33300,31.032,24.6
33400,31.032,24.6
33500,31.032,24.6
33600,31.032,24.6
33700,31.032,24.6
33800,31.032,24.6
33900,31.032,24.6
34000,31.032,24.6
34100,31.032,24.6
34200,31.032,24.6
34300,31.032,24.6
34400,31.032,24.6
34500,31.032,24.6
34600,31.032,24.6
34700,31.032,24.6
34800,31.032,24.6
34900,31.032,24.6
35000,31.032,24.6
35100,31.032,24.6
35200,30.960000000000008,24.6
35300,30.960000000000008,24.6
35400,30.960000000000008,24.6
35500,30.8,24.6
35600,30.8,24.6
35700,30.8,24.6
35800,30.8,24.6
35900,30.8,24.6
36000,30.8,24.6
36100,30.8,24.6
36200,30.8,24.6
36300,30.8,24.6
36400,30.8,24.6
36500,30.8,24.6
36600,30.8,24.6
36700,30.8,24.6
36800,30.8,24.6
36900,30.8,24.6
37000,30.8,24.6
37100,30.8,24.6
37200,30.576,24.6
37300,30.576,24.6
37400,30.576,24.6
37500,30.576,24.6
37600,30.576,24.6
37700,30.576,24.6
37800,30.576,24.6
37900,30.576,24.6
38000,30.576,24.6
38100,30.576,24.6
38200,30.576,24.6
38300,30.576,24.6
38400,30.576,24.6
38500,30.576,24.6
38600,30.576,24.6
38700,30.576,24.6
38800,30.576,24.6
38900,30.576,24.6
39000,30.576,24.6
39100,30.576,24.6
39200,30.576,24.6
39300,30.576,24.6
39400,30.576,24.6
39500,30.576,24.6
39600,30.576,24.6
39700,30.576,24.6
39800,30.576,24.6
39900,30.576,24.6
40000,30.576,24.6
40100,30.576,24.6
40200,30.576,24.6
40300,30.576,24.6
40400,30.576,24.6
40500,30.576,24.6
40600,30.576,24.6
40700,30.576,24.6
40800,30.576,24.6
40900,30.576,24.6
41000,30.576,24.6
41100,30.576,24.6
41200,30.576,24.6
41300,30.576,24.6
41400,30.576,24.6
41500,30.576,24.6
41600,30.576,24.6
41700,30.576,24.6
41800,30.576,24.6
41900,30.576,24.6
42000,30.408000000000005,24.6
42100,30.408000000000005,24.6
42200,30.008,24.6
42300,30.008,24.6
42400,30.008,24.6
42500,29.896000000000004,24.6
42600,29.896000000000004,24.6
42700,29.896000000000004,24.6
42800,29.896000000000004,24.6
42900,29.896000000000004,24.6
43000,29.896000000000004,24.6
43100,29.896000000000004,24.6
43200,29.896000000000004,24.6
43300,29.896000000000004,24.6
43400,29.896000000000004,24.6
43500,29.896000000000004,24.6
43600,29.896000000000004,24.6
43700,29.896000000000004,24.6
43800,29.896000000000004,24.6
43900,29.896000000000004,24.6
44000,29.896000000000004,24.6
44100,29.896000000000004,24.6
44200,29.896000000000004,24.6
44300,29.896000000000004,24.6
44400,29.896000000000004,24.6
44500,29.896000000000004,24.6
44600,29.896000000000004,24.6
44700,29.896000000000004,24.6
44800,29.896000000000004,24.6
44900,29.896000000000004,24.6
45000,29.896000000000004,24.6
45100,29.896000000000004,24.6
45200,29.896000000000004,24.6
45300,29.896000000000004,24.6
45400,29.896000000000004,24.6
45500,29.896000000000004,24.6
45600,29.896000000000004,24.6
45700,29.896000000000004,24.6
45800,29.896000000000004,24.6
45900,29.896000000000004,24.6
46000,29.896000000000004,24.6
46100,29.896000000000004,24.6
46200,29.896000000000004,24.6
46300,29.896000000000004,24.6
46400,29.896000000000004,24.6
46500,29.896000000000004,24.6
46600,29.896000000000004,24.6
46700,29.896000000000004,24.6
46800,29.896000000000004,24.6
46900,29.896000000000004,24.6
47000,29.896000000000004,24.6
47100,29.896000000000004,24.6
47200,29.896000000000004,24.6
47300,29.896000000000004,24.6
47400,29.896000000000004,24.6
47500,29.896000000000004,24.6
47600,29.896000000000004,24.6
47700,29.896000000000004,24.6
47800,29.896000000000004,24.6
47900,29.896000000000004,24.6
48000,29.896000000000004,24.6
48100,29.896000000000004,24.6
48200,29.896000000000004,24.6
48300,29.896000000000004,24.6
48400,29.896000000000004,24.6
48500,29.896000000000004,24.6
48600,29.896000000000004,24.6
48700,29.896000000000004,24.6
48800,29.896000000000004,24.6
48900,29.896000000000004,24.6
49000,29.896000000000004,24.6
49100,29.896000000000004,24.6
49200,29.896000000000004,24.6
49300,29.896000000000004,24.6
49400,29.896000000000004,24.6
49500,29.896000000000004,24.6
49600,29.896000000000004,24.6
49700,29.896000000000004,24.6
49800,29.872000000000003,24.6
49900,29.872000000000003,24.6
50000,29.872000000000003,24.6
50100,29.872000000000003,24.6
50200,29.872000000000003,24.6
50300,29.872000000000003,24.6
50400,29.872000000000003,24.6
50500,29.872000000000003,24.6
50600,29.872000000000003,24.6
50700,29.872000000000003,24.6
50800,29.872000000000003,24.6
50900,29.872000000000003,24.6
51000,29.872000000000003,24.6
51100,29.872000000000003,24.6
51200,29.872000000000003,24.6
51300,29.872000000000003,24.6
51400,29.872000000000003,24.6
51500,29.872000000000003,24.6
51600,29.872000000000003,24.6
51700,29.872000000000003,24.6
51800,29.872000000000003,24.6
51900,29.872000000000003,24.6
52000,29.872000000000003,24.6
52100,29.872000000000003,24.6
52200,29.872000000000003,24.6
52300,29.872000000000003,24.6
52400,29.872000000000003,24.6
52500,29.872000000000003,24.6
52600,29.872000000000003,24.6
52700,29.872000000000003,24.6
52800,29.872000000000003,24.6
52900,29.872000000000003,24.6
53000,29.872000000000003,24.6
53100,29.872000000000003,24.6
53200,29.872000000000003,24.6
53300,29.872000000000003,24.6
53400,29.872000000000003,24.6
53500,29.872000000000003,24.6
53600,29.872000000000003,24.6
53700,29.872000000000003,24.6
53800,29.872000000000003,24.6
53900,29.872000000000003,24.6
54000,29.872000000000003,24.6
54100,29.872000000000003,24.6
54200,29.872000000000003,24.6
54300,29.872000000000003,24.6
54400,29.872000000000003,24.6
54500,29.872000000000003,24.6
54600,29.872000000000003,24.6
54700,29.872000000000003,24.6
54800,29.872000000000003,24.6
54900,29.872000000000003,24.6
55000,29.872000000000003,24.6
55100,29.872000000000003,24.6
55200,29.872000000000003,24.6
55300,29.872000000000003,24.6
55400,29.872000000000003,24.6
55500,29.872000000000003,24.6
55600,29.872000000000003,24.6
55700,29.872000000000003,24.6
55800,29.872000000000003,24.6
55900,29.872000000000003,24.6
56000,29.872000000000003,24.6
56100,29.872000000000003,24.6
56200,29.872000000000003,24.6
56300,29.872000000000003,24.6
56400,29.872000000000003,24.6
56500,29.872000000000003,24.6
56600,29.872000000000003,24.6
56700,29.872000000000003,24.6
56800,29.872000000000003,24.6
56900,29.872000000000003,24.6
57000,29.872000000000003,24.6
57100,29.688,24.6
57200,29.688,24.6
57300,29.688,24.6
57400,29.688,24.6
57500,29.688,24.6
57600,29.688,24.6
57700,29.688,24.6
57800,29.688,24.6
57900,29.688,24.6
58000,29.688,24.6
58100,29.688,24.6
58200,29.688,24.6
58300,29.688,24.6
58400,29.688,24.6
58500,29.688,24.6
58600,29.688,24.6
58700,29.688,24.6
58800,29.688,24.6
58900,29.688,24.6
59000,29.688,24.6
59100,29.688,24.6
59200,29.688,24.6
59300,29.688,24.6
59400,29.688,24.6
59500,29.688,24.6
59600,29.688,24.6
59700,29.688,24.6
59800,29.688,24.6
59900,29.688,24.6
60000,29.688,24.6
60100,29.688,24.6
60200,29.583999999999996,24.6
60300,29.583999999999996,24.6
60400,29.583999999999996,24.6
60500,29.583999999999996,24.6
60600,29.583999999999996,24.6
60700,29.583999999999996,24.6
60800,29.583999999999996,24.6
60900,29.583999999999996,24.6
61000,29.583999999999996,24.6
61100,29.583999999999996,24.6
61200,29.583999999999996,24.6
61300,29.583999999999996,24.6
61400,29.583999999999996,24.6
61500,29.583999999999996,24.6
61600,29.583999999999996,24.6
61700,29.583999999999996,24.6
61800,29.583999999999996,24.6
61900,29.583999999999996,24.6
62000,29.583999999999996,24.6
62100,29.583999999999996,24.6
62200,29.583999999999996,24.6
62300,29.583999999999996,24.6
62400,29.583999999999996,24.6
62500,29.583999999999996,24.6
62600,29.583999999999996,24.6
62700,29.583999999999996,24.6
62800,29.583999999999996,24.6
62900,29.583999999999996,24.6
63000,29.583999999999996,24.6
63100,29.583999999999996,24.6
63200,29.583999999999996,24.6
63300,29.583999999999996,24.6
63400,29.583999999999996,24.6
63500,29.583999999999996,24.6
63600,29.583999999999996,24.6
63700,29.583999999999996,24.6
63800,29.583999999999996,24.6
63900,29.583999999999996,24.6
64000,29.583999999999996,24.6
64100,29.583999999999996,24.6
64200,29.583999999999996,24.6
64300,29.583999999999996,24.6
64400,29.583999999999996,24.6
64500,29.583999999999996,24.6
64600,29.583999999999996,24.6
64700,29.583999999999996,24.6
64800,29.583999999999996,24.6
64900,29.583999999999996,24.6
65000,29.583999999999996,24.6
65100,29.583999999999996,24.6
65200,29.191999999999997,24.6
65300,29.191999999999997,24.6
65400,29.191999999999997,24.6
65500,29.191999999999997,24.6
65600,29.096000000000004,24.4
65700,29.096000000000004,24.4
65800,29.096000000000004,24.4
65900,29.096000000000004,24.4
66000,29.096000000000004,24.4
66100,29.096000000000004,24.4
66200,29.096000000000004,24.4
66300,29.096000000000004,24.4
66400,29.096000000000004,24.4
66500,28.976,24.4
66600,28.976,24.4
66700,28.976,24.4
66800,28.552,24.4
66900,28.392000000000003,24.4
67000,28.392000000000003,24.4
67100,27.863999999999997,24.6
67200,27.863999999999997,24.6
67300,27.863999999999997,24.6
67400,27.863999999999997,24.6
67500,27.863999999999997,24.6
67600,27.863999999999997,24.6
67700,27.863999999999997,24.6
67800,27.863999999999997,24.6
67900,27.863999999999997,24.6
68000,27.599999999999994,24.6
68100,27.599999999999994,24.6
68200,27.599999999999994,24.6
68300,27.599999999999994,24.6
68400,27.599999999999994,24.6
68500,27.599999999999994,24.6
68600,27.599999999999994,24.6
68700,27.599999999999994,24.6
68800,27.28,24.6
68900,27.28,24.6
69000,27.28,24.6
69100,27.071999999999996,24.6
69200,27.071999999999996,24.6
69300,27.071999999999996,24.6
69400,27.071999999999996,24.6
69500,27.071999999999996,24.6
69600,27.071999999999996,24.6
69700,27.071999999999996,24.6
69800,27.071999999999996,24.6
69900,27.071999999999996,24.6
70000,27.071999999999996,24.6
70100,27.071999999999996,24.6
70200,27.071999999999996,24.6
70300,26.52,24.4
70400,26.52,24.4
70500,26.52,24.4
70600,26.52,24.4
70700,26.52,24.4
70800,26.52,24.4
70900,26.52,24.4
71000,26.52,24.4
71100,26.52,24.4
71200,26.52,24.4
71300,26.52,24.4
71400,26.52,24.4
71500,26.52,24.4
71600,26.52,24.4
71700,26.52,24.4
71800,26.52,24.4
71900,26.52,24.4
72000,26.52,24.4
72100,26.52,24.4
72200,26.52,24.4
72300,26.52,24.4
72400,26.52,24.4
72500,26.52,24.4
72600,26.52,24.4
72700,26.52,24.4
72800,26.52,24.4
72900,26.52,24.4
73000,26.52,24.4
73100,26.52,24.4
73200,26.52,24.4
73300,26.52,24.4
73400,26.52,24.4
73500,26.52,24.4
73600,26.52,24.4
73700,26.52,24.4
73800,26.52,24.4
73900,26.52,24.4
74000,26.52,24.4
74100,26.52,24.4
74200,26.52,24.4
74300,26.52,24.4
74400,26.52,24.4
74500,26.52,24.4
74600,26.52,24.4
74700,26.52,24.4
74800,26.52,24.4
74900,26.52,24.4
75000,26.52,24.4
75100,26.52,24.4
75200,26.52,24.4
75300,26.52,24.4
75400,26.52,24.4
75500,26.52,24.4
75600,26.52,24.4
75700,26.52,24.4
75800,26.52,24.4
75900,26.52,24.4
76000,26.52,24.4
76100,26.52,24.4
76200,26.52,24.4
76300,26.52,24.4
76400,26.52,24.4
76500,26.52,24.4
76600,26.52,24.4
76700,26.52,24.4
76800,26.52,24.4
76900,26.52,24.4
77000,26.52,24.4
77100,26.52,24.4
77200,26.52,24.4
77300,26.52,24.4
77400,26.52,24.4
77500,26.52,24.4
77600,26.52,24.4
77700,26.52,24.4
77800,26.52,24.4
77900,26.52,24.4
78000,26.52,24.4
78100,26.52,24.4
78200,26.52,24.4
78300,26.52,24.4
78400,26.52,24.4
78500,26.52,24.4
78600,26.52,24.4
78700,26.52,24.4
78800,26.52,24.4
78900,26.52,24.4
79000,26.52,24.4
79100,26.52,24.4
79200,26.52,24.4
79300,26.52,24.4
79400,26.52,24.4
79500,26.504,24.4
79600,26.504,24.4
79700,26.504,24.4
79800,26.504,24.4
79900,26.504,24.4
80000,26.504,24.4
80100,26.504,24.4
80200,26.504,24.4
80300,26.504,24.4
80400,26.448,24.4
80500,26.448,24.4
80600,26.448,24.4
80700,26.448,24.4
80800,26.448,24.4
80900,26.448,24.4
81000,26.448,24.4
81100,26.448,24.4
81200,26.448,24.4
81300,26.448,24.4
81400,26.448,24.4
81500,26.448,24.4
81600,26.448,24.4
81700,26.448,24.4
81800,26.448,24.4
81900,26.448,24.4
82000,26.448,24.4
82100,26.448,24.4
82200,26.448,24.4
82300,26.448,24.4
82400,26.448,24.4
82500,26.448,24.4
82600,26.448,24.4
82700,26.448,24.4
82800,26.448,24.4
82900,26.448,24.4
83000,26.448,24.4
83100,26.448,24.4
83200,26.448,24.4
83300,26.448,24.4
83400,26.448,24.4
83500,26.448,24.4
83600,26.448,24.4
83700,26.448,24.4
83800,26.448,24.4
83900,26.448,24.4
84000,26.448,24.4
84100,26.351999999999997,24.4
84200,26.351999999999997,24.4
84300,26.351999999999997,24.4
84400,26.351999999999997,24.4
84500,26.351999999999997,24.4
84600,26.351999999999997,24.4
84700,26.351999999999997,24.4
84800,26.351999999999997,24.4
84900,26.304000000000002,24.4
85000,26.304000000000002,24.4
85100,26.304000000000002,24.4
85200,26.304000000000002,24.4
85300,26.304000000000002,24.4
85400,26.304000000000002,24.4
85500,26.304000000000002,24.4
85600,26.119999999999997,24.4
85700,26.119999999999997,24.4
85800,26.119999999999997,24.4
85900,26.119999999999997,24.4
86000,26.119999999999997,24.4
86100,25.944,24.4
86200,25.944,24.4
86300,25.944,24.4
86400,25.944,24.4
86500,25.944,24.4
86600,25.944,24.4
86700,25.944,24.4
86800,25.944,24.4
86900,25.944,24.4
87000,25.944,24.4
87100,25.944,24.4
87200,25.944,24.4
87300,25.944,24.4
87400,25.944,24.4
87500,25.944,24.4
87600,25.944,24.4
87700,25.944,24.4
87800,25.944,24.4
87900,25.944,24.4
88000,25.144,24.2
88100,25.144,24.2
88200,25.096000000000004,24.2
88300,25.096000000000004,24.2
88400,25.096000000000004,24.2
88500,25.096000000000004,24.2
88600,25.096000000000004,24.2
88700,25.096000000000004,24.2
88800,25.096000000000004,24.2
88900,25.096000000000004,24.2
89000,25.096000000000004,24.2
89100,25.096000000000004,24.2
89200,25.096000000000004,24.2
89300,25.096000000000004,24.2
89400,25.096000000000004,24.2
89500,25.096000000000004,24.2
89600,25.096000000000004,24.2
89700,25.096000000000004,24.2
89800,25.096000000000004,24.2
89900,25.096000000000004,24.2
90000,25.096000000000004,24.2
90100,25.096000000000004,24.2
90200,24.792,24.6
90300,24.392000000000003,24.6
90400,24.392000000000003,24.6
90500,24.392000000000003,24.6
90600,24.392000000000003,24.6
90700,24.392000000000003,24.6
90800,24.232,24.6
90900,24.232,24.6
91000,24.232,24.6
91100,24.232,24.6
91200,24.232,24.6
91300,24.064,24.6
91400,24.064,24.6
91500,24.064,24.6
91600,24.064,24.6
91700,24.064,24.6
91800,24.064,24.6
91900,24.064,24.6
92000,24.064,24.6
92100,24.064,24.6
92200,24.064,24.6
92300,24.064,24.6
92400,24.064,24.6
92500,24.064,24.6
92600,24.064,24.6
92700,24.064,24.6
92800,24.064,24.6
92900,24.064,24.6
93000,24.064,24.6
93100,24.064,24.6
93200,24.064,24.6
93300,24.064,24.6
93400,24.064,24.6
93500,24.064,24.6
93600,24.064,24.6
93700,24.064,24.6
93800,24.064,24.6
93900,24.064,24.6
94000,24.064,24.6
94100,24.064,24.6
94200,24.064,24.6
94300,24.064,24.6
94400,24.064,24.6
94500,24.064,24.6
94600,23.72,24.6
94700,23.72,24.6
94800,23.72,24.6
94900,23.72,24.6
95000,23.72,24.6
95100,23.72,24.6
95200,23.72,24.6
95300,23.72,24.6
95400,23.72,24.6
95500,23.72,24.6
95600,23.72,24.6
95700,23.72,24.6
95800,23.72,24.6
95900,23.72,24.6
96000,23.72,24.6
96100,23.72,24.6
96200,23.72,24.6
96300,23.72,24.6
96400,23.72,24.6
96500,23.72,24.6
96600,23.72,24.6
96700,23.72,24.6
96800,23.72,24.6
96900,23.72,24.6
97000,23.72,24.6
97100,23.72,24.6
97200,23.72,24.6
97300,23.72,24.6
97400,23.72,24.6
97500,23.72,24.6
97600,23.72,24.6
97700,23.72,24.6
97800,23.72,24.6
97900,23.72,24.6
98000,23.72,24.6
98100,23.72,24.6
98200,23.72,24.6
98300,23.72,24.6
98400,23.72,24.6
98500,23.72,24.6
98600,23.72,24.6
98700,23.72,24.6
98800,23.72,24.6
98900,23.72,24.6
99000,23.72,24.6
99100,23.184,24.4
99200,23.184,24.4
99300,23.184,24.4
99400,23.184,24.4
99500,23.184,24.4
99600,23.184,24.4
99700,23.184,24.4
99800,23.184,24.4
99900,23.184,24.4
100000,23.184,24.4
100100,23.184,24.4
100200,23.184,24.4
100300,23.184,24.4
100400,23.184,24.4
100500,23.184,24.4
100600,23.024,24.4
100700,23.024,24.4
100800,23.024,24.4
100900,23.024,24.4
101000,23.024,24.4
101100,23.024,24.4
101200,23.024,24.4
101300,23.024,24.4
101400,23.024,24.4
101500,23.024,24.4
101600,23.024,24.4
101700,23.024,24.4
101800,23.024,24.4
101900,23.024,24.4
102000,23.024,24.4
102100,23.024,24.4
102200,23.024,24.4
102300,23.024,24.4
102400,23.024,24.4
102500,23.024,24.4
102600,23.024,24.4
102700,23.024,24.4
102800,23.024,24.4
102900,23.024,24.4
103000,23.024,24.4
103100,23.024,24.4
103200,23.024,24.4
103300,23.024,24.4
103400,23.024,24.4
103500,23.024,24.4
103600,23.024,24.4
103700,23.024,24.4
103800,23.024,24.4
103900,23.024,24.4
104000,23.024,24.4
104100,23.024,24.4
104200,22.528,24.4
104300,22.528,24.4
104400,22.528,24.4
104500,22.528,24.4
104600,22.528,24.4
104700,22.528,24.4
104800,22.528,24.4
104900,22.528,24.4
105000,22.528,24.4
105100,22.528,24.4
105200,22.528,24.4
105300,22.528,24.4
105400,22.528,24.4
105500,22.528,24.4
105600,22.528,24.4
105700,22.528,24.4
105800,22.528,24.4
105900,22.528,24.4
106000,22.528,24.4
106100,22.528,24.4
106200,22.528,24.4
106300,22.528,24.4
106400,22.528,24.4
106500,22.528,24.4
106600,22.528,24.4
106700,22.528,24.4
106800,22.528,24.4
106900,22.528,24.4
107000,22.528,24.4
107100,22.528,24.4
107200,22.528,24.4
107300,22.528,24.4
107400,22.528,24.4
107500,22.528,24.4
107600,22.528,24.4
107700,22.528,24.4
107800,22.528,24.4
107900,22.528,24.4
108000,22.528,24.4
108100,22.528,24.4
108200,22.528,24.4
108300,22.528,24.4
108400,22.528,24.4
108500,22.528,24.4
108600,22.528,24.4
108700,22.528,24.4
108800,22.528,24.4
108900,22.528,24.4
109000,22.528,24.4
109100,22.528,24.4
109200,22.528,24.4
109300,22.528,24.4
109400,22.528,24.4
109500,22.528,24.4
109600,22.528,24.4
109700,22.528,24.4
109800,22.528,24.4
109900,22.528,24.4
110000,22.528,24.4
110100,22.528,24.4
110200,22.528,24.4
110300,22.528,24.4
110400,22.528,24.4
110500,22.528,24.4
110600,22.528,24.4
110700,22.528,24.4
110800,22.528,24.4
110900,22.528,24.4
111000,22.528,24.4
111100,22.528,24.4
111200,22.528,24.4
111300,22.528,24.4
111400,22.528,24.4
111500,22.528,24.4
111600,22.528,24.4
111700,22.528,24.4
111800,22.520000000000003,24.4
111900,22.407999999999998,24.2
112000,22.407999999999998,24.2
112100,22.407999999999998,24.2
112200,22.407999999999998,24.2
112300,22.407999999999998,24.2
112400,22.407999999999998,24.2
112500,22.407999999999998,24.2
112600,22.407999999999998,24.2
112700,22.407999999999998,24.2
112800,22.407999999999998,24.2
112900,22.407999999999998,24.2
113000,22.407999999999998,24.2
113100,22.407999999999998,24.2
113200,22.407999999999998,24.2
113300,22.407999999999998,24.2
113400,22.407999999999998,24.2
113500,22.407999999999998,24.2
113600,22.407999999999998,24.2
113700,22.407999999999998,24.2
113800,22.344,24.2
113900,22.344,24.2
114000,22.344,24.2
114100,22.344,24.2
114200,22.344,24.2
114300,22.344,24.2
114400,22.344,24.2
114500,22.344,24.2
114600,22.344,24.2
114700,22.344,24.2
114800,22.344,24.2
114900,22.344,24.2
115000,22.344,24.2
115100,22.344,24.2
115200,22.344,24.2
115300,21.759999999999998,24.4
115400,21.759999999999998,24.4
115500,21.759999999999998,24.4
115600,21.759999999999998,24.4
115700,21.759999999999998,24.4
115800,21.759999999999998,24.4
115900,21.759999999999998,24.4
116000,21.759999999999998,24.4
116100,21.759999999999998,24.4
116200,21.759999999999998,24.4
116300,21.704,24.2
116400,21.704,24.2
116500,21.704,24.2
116600,21.704,24.2
116700,21.704,24.2
116800,21.704,24.2
116900,21.704,24.2
117000,21.704,24.2
117100,21.704,24.2
117200,21.704,24.2
117300,21.704,24.2
117400,21.704,24.2
117500,21.704,24.2
117600,21.704,24.2
117700,21.704,24.2
117800,21.704,24.2
117900,21.704,24.2
118000,21.704,24.2
118100,21.704,24.2
118200,21.704,24.2
118300,21.704,24.2
118400,21.704,24.2
118500,21.704,24.2
118600,21.704,24.2
118700,21.704,24.2
118800,21.704,24.2
118900,21.704,24.2
119000,21.704,24.2
119100,21.704,24.2
119200,21.704,24.2
119300,21.704,24.2
119400,21.704,24.2
119500,21.704,24.2
119600,21.704,24.2
119700,21.704,24.2
119800,21.704,24.2
119900,21.704,24.2
120000,21.704,24.2
120100,21.704,24.2
120200,21.704,24.2
120300,21.704,24.2
120400,21.704,24.2
120500,21.704,24.2
120600,21.704,24.2
120700,21.704,24.2
120800,21.704,24.2
120900,21.704,24.2
121000,21.704,24.2
121100,21.704,24.2
121200,21.704,24.2
121300,21.704,24.2
121400,21.704,24.2
121500,21.704,24.2
121600,21.704,24.2
121700,21.704,24.2
121800,21.704,24.2
121900,21.704,24.2
122000,21.704,24.2
122100,21.704,24.2
122200,21.704,24.2
122300,21.704,24.2
122400,21.704,24.2
122500,21.704,24.2
122600,21.704,24.2
122700,21.704,24.2
122800,21.704,24.2
122900,21.704,24.2
123000,21.704,24.2
123100,21.704,24.2
123200,21.704,24.2
123300,21.704,24.2
123400,21.704,24.2
123500,21.288,24.2
123600,21.288,24.2
123700,21.288,24.2
123800,21.288,24.2
123900,21.288,24.2
124000,21.288,24.2
124100,21.288,24.2
124200,21.288,24.2
124300,21.288,24.2
124400,21.288,24.2
124500,21.288,24.2
124600,21.288,24.2
124700,21.288,24.2
124800,21.288,24.2
124900,21.288,24.2
125000,21.288,24.2
125100,21.288,24.2
125200,21.288,24.2
125300,21.288,24.2
125400,21.288,24.2
125500,21.288,24.2
125600,21.2,24.2
125700,21.2,24.2
125800,21.2,24.2
125900,21.2,24.2
126000,21.2,24.2
126100,21.2,24.2
126200,21.2,24.2
126300,21.2,24.2
126400,21.2,24.2
126500,21.2,24.2
126600,21.2,24.2
126700,21.2,24.2
126800,21.2,24.2
126900,21.2,24.2
127000,21.2,24.2
127100,21.2,24.2
127200,21.2,24.2
127300,21.2,24.2
127400,21.2,24.2
127500,21.2,24.2
127600,21.2,24.2
127700,21.2,24.2
127800,21.2,24.2
127900,21.2,24.2
128000,21.2,24.2
128100,21.2,24.2
128200,21.2,24.2
128300,21.2,24.2
128400,21.2,24.2
128500,21.2,24.2
128600,21.2,24.2
128700,21.2,24.2
128800,21.2,24.2
128900,21.2,24.2
129000,21.2,24.2
129100,21.2,24.2
129200,21.2,24.2
129300,21.2,24.2
129400,21.064,24.2
129500,21.064,24.2
129600,21.064,24.2
129700,21.064,24.2
129800,21.064,24.2
129900,21.064,24.2
130000,21.064,24.2
130100,21.064,24.2
130200,21.064,24.2
130300,21.064,24.2
130400,21.064,24.2
130500,21.064,24.2
130600,21.064,24.2
130700,21.064,24.2
130800,21.064,24.2
130900,21.064,24.2
131000,21.064,24.2
131100,21.064,24.2
131200,21.064,24.2
131300,21.064,24.2
131400,21.064,24.2
131500,21.064,24.2
131600,21.064,24.2
131700,21.064,24.2
131800,21.064,24.2
131900,21.064,24.2
132000,21.064,24.2
132100,21.064,24.2
132200,21.064,24.2
132300,21.064,24.2
132400,21.064,24.2
132500,21.064,24.2
132600,21.064,24.2
132700,21.064,24.2
132800,21.064,24.2
132900,21.064,24.2
133000,21.064,24.2
133100,21.064,24.2
133200,21.064,24.2
133300,20.688,24.4
133400,20.688,24.4
133500,20.688,24.4
133600,20.688,24.4
133700,20.688,24.4
133800,20.688,24.4
133900,20.688,24.4
134000,20.688,24.4
134100,20.688,24.4
134200,20.688,24.4
134300,20.688,24.4
134400,20.688,24.4
134500,20.688,24.4
134600,20.688,24.4
134700,20.688,24.4
134800,20.688,24.4
134900,20.688,24.4
135000,20.688,24.4
135100,20.688,24.4
135200,20.688,24.4
135300,20.688,24.4
135400,20.584,24.4
135500,20.584,24.4
135600,20.584,24.4
135700,20.584,24.4
135800,20.584,24.4
135900,20.584,24.4
136000,20.584,24.4
136100,20.584,24.4
136200,20.584,24.4
136300,20.584,24.4
136400,20.584,24.4
136500,20.584,24.4
136600,20.584,24.4
136700,20.584,24.4
136800,20.584,24.4
136900,20.584,24.4
137000,20.584,24.4
137100,20.584,24.4
137200,20.584,24.4
137300,20.584,24.4
137400,20.584,24.4
137500,20.464000000000002,24.4
137600,20.464000000000002,24.4
137700,20.464000000000002,24.4
137800,20.464000000000002,24.4
137900,20.464000000000002,24.4
138000,20.464000000000002,24.4
138100,20.464000000000002,24.4
138200,20.464000000000002,24.4
138300,20.464000000000002,24.4
138400,20.464000000000002,24.4
138500,20.464000000000002,24.4
138600,20.464000000000002,24.4
138700,20.464000000000002,24.4
138800,20.464000000000002,24.4
138900,20.464000000000002,24.4
139000,20.464000000000002,24.4
139100,20.464000000000002,24.4
139200,20.464000000000002,24.4
139300,20.464000000000002,24.4
139400,20.464000000000002,24.4
139500,20.464000000000002,24.4
139600,20.464000000000002,24.4
139700,20.464000000000002,24.4
139800,20.464000000000002,24.4
139900,20.464000000000002,24.4
140000,20.464000000000002,24.4
140100,20.464000000000002,24.4
140200,20.464000000000002,24.4
140300,20.464000000000002,24.4
140400,20.464000000000002,24.4
140500,20.464000000000002,24.4
140600,20.464000000000002,24.4
140700,20.464000000000002,24.4
140800,20.464000000000002,24.4
140900,20.464000000000002,24.4
141000,20.464000000000002,24.4
141100,20.464000000000002,24.4
141200,20.464000000000002,24.4
141300,20.464000000000002,24.4
141400,20.464000000000002,24.4
141500,20.464000000000002,24.4
141600,20.464000000000002,24.4
141700,20.464000000000002,24.4
141800,20.464000000000002,24.4
141900,20.464000000000002,24.4
142000,20.464000000000002,24.4
142100,20.464000000000002,24.4
142200,20.464000000000002,24.4
142300,20.464000000000002,24.4
142400,20.464000000000002,24.4
142500,20.464000000000002,24.4
142600,20.464000000000002,24.4
142700,20.464000000000002,24.4
142800,20.464000000000002,24.4
142900,20.464000000000002,24.4
143000,20.464000000000002,24.4
143100,20.464000000000002,24.4
143200,20.464000000000002,24.4
143300,20.464000000000002,24.4
143400,20.464000000000002,24.4
143500,20.464000000000002,24.4
143600,20.464000000000002,24.4
143700,20.216,24.4
143800,20.216,24.4
143900,20.216,24.4
144000,20.216,24.4
144100,20.216,24.4
144200,20.216,24.4
144300,20.216,24.4
144400,20.216,24.4
144500,20.216,24.4
144600,20.216,24.4
144700,20.216,24.4
144800,20.216,24.4
144900,20.216,24.4
145000,20.216,24.4
145100,20.216,24.4
145200,20.216,24.4
145300,20.216,24.4
145400,20.216,24.4
145500,20.216,24.4
145600,20.216,24.4
145700,20.216,24.4
145800,20.216,24.4
145900,20.2,24.4
146000,20.2,24.4
146100,20.2,24.4
146200,20.2,24.4
146300,20.2,24.4
146400,20.2,24.4
146500,20.2,24.4
146600,20.2,24.4
146700,20.2,24.4
146800,20.2,24.4
146900,20.2,24.4
147000,20.2,24.4
147100,20.2,24.4
147200,20.2,24.4
147300,20.2,24.4
147400,20.2,24.4
147500,20.2,24.4
147600,20.2,24.4
147700,20.2,24.4
147800,20.2,24.4
147900,20.2,24.4
148000,20.2,24.4
148100,20.2,24.4
148200,20.2,24.4
148300,20.2,24.4
148400,20.2,24.4
148500,20.2,24.4
148600,20.2,24.4
148700,20.2,24.4
148800,20.2,24.4
148900,20.2,24.4
149000,20.2,24.4
149100,20.2,24.4
149200,20.2,24.4
149300,20.2,24.4
149400,20.2,24.4
149500,20.2,24.4
149600,20.2,24.4
149700,20.2,24.4
149800,20.2,24.4
149900,20.2,24.4
150000,20.2,24.4
150100,20.2,24.4
150200,20.2,24.4
150300,20.2,24.4
150400,20.2,24.4
150500,20.2,24.4
150600,20.2,24.4
150700,20.2,24.4
150800,20.2,24.4
150900,20.2,24.4
151000,20.2,24.4
151100,20.2,24.4
151200,20.2,24.4
151300,20.2,24.4
151400,20.2,24.4
151500,20.2,24.4
151600,20.2,24.4
151700,20.2,24.4
151800,20.2,24.4
151900,20.2,24.4
152000,20.2,24.4
152100,20.2,24.4
152200,20.2,24.4
152300,20.2,24.4
152400,20.2,24.4
152500,20.2,24.4
152600,20.2,24.4
152700,20.2,24.4
152800,20.2,24.4
152900,20.2,24.4
153000,20.2,24.4
153100,20.2,24.4
153200,20.2,24.4
153300,20.2,24.4
153400,20.2,24.4
153500,20.04,24.6
153600,20.04,24.6
153700,20.04,24.6
153800,20.04,24.6
153900,20.04,24.6
154000,20.04,24.6
154100,20.04,24.6
154200,20.04,24.6
154300,20.04,24.6
154400,20.04,24.6
154500,20.04,24.6
154600,20.04,24.6
154700,20.04,24.6
154800,20.04,24.6
154900,20.04,24.6
155000,20.04,24.6
155100,20.04,24.6
155200,20.04,24.6
155300,20.04,24.6
155400,20.04,24.6
155500,20.04,24.6
155600,20.04,24.6
155700,20.04,24.6
155800,20.04,24.6
155900,20.04,24.6
156000,20.04,24.6
156100,20.04,24.6
156200,20.04,24.6
156300,20.04,24.6
156400,20.04,24.6
156500,20.04,24.6
156600,20.04,24.6
156700,20.04,24.6
156800,20.04,24.6
156900,20.04,24.6
157000,20.04,24.6
157100,20.04,24.6
157200,20.04,24.6
157300,20.04,24.6
157400,20.04,24.6
157500,20.04,24.6
157600,20.04,24.6
157700,20.04,24.6
157800,20.04,24.6
157900,20.04,24.6
158000,20.04,24.6
158100,20.04,24.6
158200,20.04,24.6
158300,20.04,24.6
158400,20.04,24.6
158500,20.04,24.6
158600,20.04,24.6
158700,20.04,24.6
158800,20.04,24.6
158900,20.04,24.6
159000,20.04,24.6
159100,20.04,24.6
159200,20.04,24.6
159300,20.04,24.6
159400,20.04,24.6
159500,20.04,24.6
159600,20.04,24.6
159700,20.04,24.6
159800,20.04,24.6
159900,20.04,24.6
160000,19.752,24.6
160100,19.752,24.6
160200,19.752,24.6
160300,19.752,24.6
160400,19.752,24.6
160500,19.752,24.6
160600,19.752,24.6
160700,19.752,24.6
160800,19.752,24.6
160900,19.752,24.6
161000,19.752,24.6
161100,19.752,24.6
161200,19.752,24.6
161300,19.752,24.6
161400,19.752,24.6
161500,19.752,24.6
161600,19.752,24.6
161700,19.752,24.6
161800,19.752,24.6
161900,19.752,24.6
162000,19.752,24.6
162100,19.752,24.6
162200,19.752,24.6
162300,19.752,24.6
162400,19.752,24.6
162500,19.752,24.6
162600,19.752,24.6
162700,19.752,24.6
162800,19.752,24.6
162900,19.752,24.6
163000,19.752,24.6
163100,19.752,24.6
163200,19.752,24.6
163300,19.752,24.6
163400,19.752,24.6
163500,19.752,24.6
163600,19.752,24.6
163700,19.752,24.6
163800,19.752,24.6
163900,19.752,24.6
164000,19.752,24.6
164100,19.752,24.6
164200,19.584,24.6
164300,19.584,24.6
164400,19.584,24.6
164500,19.368,24.6
164600,19.368,24.6
164700,19.368,24.6
164800,19.368,24.6
164900,19.368,24.6
165000,19.368,24.6
165100,19.368,24.6
165200,19.368,24.6
165300,19.368,24.6
165400,19.368,24.6
165500,19.368,24.6
165600,19.368,24.6
165700,19.368,24.6
165800,19.368,24.6
165900,19.368,24.6
166000,19.368,24.6
166100,19.368,24.6
166200,19.368,24.6
166300,19.368,24.6
166400,19.368,24.6
166500,19.368,24.6
166600,19.368,24.6
166700,19.368,24.6
166800,19.368,24.6
166900,19.368,24.6
167000,19.368,24.6
167100,19.368,24.6
167200,19.368,24.6
167300,19.368,24.6
167400,19.368,24.6
167500,19.368,24.6
167600,19.368,24.6
167700,19.368,24.6
167800,19.368,24.6
167900,19.368,24.6
168000,19.368,24.6
168100,19.368,24.6
168200,19.368,24.6
168300,19.368,24.6
168400,19.368,24.6
168500,19.368,24.6
168600,19.368,24.6
168700,19.368,24.6
168800,19.368,24.6
168900,19.368,24.6
169000,19.368,24.6
169100,19.368,24.6
169200,19.368,24.6
169300,19.368,24.6
169400,19.368,24.6
169500,19.368,24.6
169600,19.368,24.6
169700,19.368,24.6
169800,19.368,24.6
169900,19.368,24.6
170000,19.368,24.6
170100,19.368,24.6
170200,19.368,24.6
170300,19.368,24.6
170400,19.368,24.6
170500,19.368,24.6
170600,19.368,24.6
170700,19.368,24.6
170800,19.368,24.6
170900,19.368,24.6
171000,19.368,24.6
171100,19.368,24.6
171200,19.368,24.6
171300,19.368,24.6
171400,19.368,24.6
171500,19.368,24.6
171600,19.368,24.6
171700,19.368,24.6
171800,19.368,24.6
171900,19.368,24.6
172000,19.368,24.6
172100,19.368,24.6
172200,19.368,24.6
172300,19.368,24.6
172400,19.368,24.6
172500,19.368,24.6
172600,19.368,24.6
172700,19.368,24.6
172800,19.368,24.6
172900,19.368,24.6
173000,19.368,24.6
173100,19.368,24.6
173200,19.368,24.6
173300,19.368,24.6
173400,19.368,24.6
173500,19.368,24.6
173600,19.368,24.6
173700,19.368,24.6
173800,19.368,24.6
173900,19.368,24.6
174000,19.368,24.6
174100,19.368,24.6
174200,19.368,24.6
174300,19.344,24.4
174400,19.344,24.4
174500,19.344,24.4
174600,19.344,24.4
174700,19.344,24.4
174800,19.344,24.4
174900,19.344,24.4
175000,19.344,24.4
175100,19.344,24.4
175200,19.344,24.4
175300,19.344,24.4
175400,19.344,24.4
175500,19.344,24.4
175600,19.344,24.4
175700,19.344,24.4
175800,19.344,24.4
175900,19.344,24.4
176000,19.344,24.4
176100,19.344,24.4
176200,19.344,24.4
176300,19.344,24.4
176400,19.344,24.4
176500,19.344,24.4
176600,19.344,24.4
176700,19.344,24.4
176800,19.344,24.4
176900,19.344,24.4
177000,19.344,24.4
177100,19.344,24.4
177200,19.344,24.4
177300,19.344,24.4
177400,19.344,24.4
177500,19.344,24.4
177600,19.344,24.4
177700,19.344,24.4
177800,19.344,24.4
177900,19.344,24.4
178000,19.344,24.4
178100,19.344,24.4
178200,19.344,24.4
178300,19.344,24.4
178400,19.344,24.4
178500,19.344,24.4
178600,19.344,24.4
178700,19.344,24.4
178800,19.344,24.4
178900,19.344,24.4
179000,19.344,24.4
179100,19.344,24.4
179200,19.344,24.4
179300,19.344,24.4
179400,19.344,24.4
179500,19.344,24.4
179600,19.344,24.4
179700,19.344,24.4
179800,19.344,24.4
179900,19.344,24.4
180000,19.344,24.4
180100,19.344,24.4
180200,19.344,24.4
180300,19.344,24.4
180400,19.344,24.4
180500,19.344,24.4
180600,19.344,24.4
180700,19.344,24.4
180800,19.344,24.4
180900,19.344,24.4
181000,19.344,24.4
181100,19.344,24.4
181200,19.344,24.4
181300,19.344,24.4
181400,19.344,24.4
181500,19.344,24.4
181600,19.344,24.4
181700,19.344,24.4
181800,19.344,24.4
181900,19.344,24.4
182000,19.344,24.4
182100,19.344,24.4
182200,19.344,24.4
182300,19.344,24.4
182400,19.344,24.4
182500,19.344,24.4
182600,19.344,24.4
182700,19.344,24.4
182800,19.344,24.4
182900,19.344,24.4
183000,19.344,24.4
183100,19.344,24.4
183200,19.344,24.4
183300,19.344,24.4
183400,19.344,24.4
183500,19.344,24.4
183600,19.344,24.4
183700,19.344,24.4
183800,19.344,24.4
183900,19.344,24.4
184000,19.344,24.4
184100,19.344,24.4
184200,19.344,24.4
184300,19.344,24.4
184400,19.344,24.4
184500,19.344,24.4
184600,19.344,24.4
184700,19.344,24.4
184800,19.344,24.4
184900,19.344,24.4
185000,19.344,24.4
185100,19.344,24.4
185200,19.344,24.4
185300,19.344,24.4
185400,19.344,24.4
185500,19.344,24.4
185600,19.344,24.4
185700,19.344,24.4
185800,19.344,24.4
185900,19.344,24.4
186000,19.344,24.4
186100,19.344,24.4
186200,19.344,24.4
186300,19.344,24.4
186400,19.344,24.4
186500,19.344,24.4
186600,19.344,24.4
186700,19.344,24.4
186800,19.344,24.4
186900,19.344,24.4
187000,19.344,24.4
187100,19.344,24.4
187200,19.344,24.4
187300,19.344,24.4
187400,19.344,24.4
187500,19.344,24.4
187600,19.344,24.4
187700,19.344,24.4
187800,19.344,24.4
187900,19.344,24.4
188000,19.344,24.4
188100,19.344,24.4
188200,19.344,24.4
188300,19.344,24.4
188400,19.344,24.4
188500,19.344,24.4
188600,19.144,24.4
188700,19.144,24.4
188800,19.144,24.4
188900,19.144,24.4
189000,19.144,24.4
189100,19.144,24.4
189200,19.144,24.4
189300,19.144,24.4
189400,19.144,24.4
189500,19.144,24.4
189600,19.144,24.4
189700,19.144,24.4
189800,19.144,24.4
189900,19.144,24.4
190000,19.144,24.4
190100,19.144,24.4
190200,19.144,24.4
190300,19.144,24.4
190400,19.144,24.4
190500,19.144,24.4
190600,19.144,24.4
190700,19.144,24.4
190800,19.144,24.4
190900,19.144,24.4
191000,19.144,24.4
191100,19.144,24.4
191200,19.144,24.4
191300,19.144,24.4
191400,19.144,24.4
191500,19.144,24.4
191600,19.144,24.4
191700,19.144,24.4
191800,19.144,24.4
191900,19.144,24.4
192000,19.144,24.4
192100,19.144,24.4
192200,19.144,24.4
192300,19.144,24.4
192400,19.144,24.4
192500,19.144,24.4
192600,19.144,24.4
192700,19.144,24.4
192800,19.144,24.4
192900,19.144,24.4
193000,19.144,24.4
193100,19.144,24.4
193200,19.144,24.4
193300,19.144,24.4
193400,19.144,24.4
193500,19.144,24.4
193600,19.144,24.4
193700,19.144,24.4
193800,19.144,24.4
193900,19.144,24.4
194000,19.144,24.4
194100,19.144,24.4
194200,19.144,24.4
194300,19.144,24.4
194400,19.144,24.4
194500,19.144,24.4
194600,19.144,24.4
194700,19.144,24.4
194800,19.144,24.4
194900,19.144,24.4
195000,19.144,24.4
195100,19.144,24.4
195200,19.144,24.4
195300,19.144,24.4
195400,19.144,24.4
195500,19.144,24.4
195600,19.144,24.4
195700,19.144,24.4
195800,19.144,24.4
195900,19.144,24.4
196000,19.144,24.4
196100,19.144,24.4
196200,19.144,24.4
196300,19.144,24.4
196400,19.144,24.4
196500,19.144,24.4
196600,19.144,24.4
196700,19.144,24.4
196800,19.144,24.4
196900,19.144,24.4
197000,19.144,24.4
197100,19.144,24.4
197200,19.144,24.4
197300,19.144,24.4
197400,19.144,24.4
197500,19.144,24.4
197600,19.144,24.4
197700,19.144,24.4
197800,19.144,24.4
197900,19.144,24.4
198000,19.144,24.4
198100,19.144,24.4
198200,19.144,24.4
198300,19.144,24.4
198400,19.144,24.4
198500,19.144,24.4
198600,19.144,24.4
198700,19.144,24.4
198800,19.144,24.4
198900,19.144,24.4
199000,19.144,24.4
199100,19.144,24.4
199200,19.144,24.4
199300,18.856,24.4
199400,18.856,24.4
199500,18.856,24.4
199600,18.856,24.4
199700,18.856,24.4
199800,18.856,24.4
199900,18.856,24.4
199999,18.856,24.4

START ALGORITHM
h4: (a24) * (b41)
h6: (a33) * (-b45)
h11: (a32) * (b12)
h16: (-a11) * (b45 + b23 - b52)
h21: (-a12) * (-b34)
h24: (a22 + a43 - a14 - a34) * (b51)
h26: (a11) * (-b25)
h33: (a34 + a33 - a33 - a45 - a13) * (b13)
h34: (a43 - a51) * (b54)
h37: (a55 + a54 + a12 + a33 - a34 - a14) * (b23 - b32)
h40: (a41 + a25 + a32 + a43 + a44 - a12 - a43 - a25) * (b51 + b33 - b55)
h42: (a31) * (b21 + b45 - b32)
h49: (a51 + a31 - a33) * (b15)
h53: (a52) * (b42)
h56: (a35 + a24 + a44 - a21 - a15) * (b13)
h58: (a11 - a55) * (-b23 - b13)
h60: (a44 + a32 + a31 - a32) * (-b22)
h66: (-a52 - a53 - a23) * (b25)
h75: (a12 + a52 + a44 + a24 - a44 - a21 - a22 - a41 - a15 - a43 - a23) * (b11 - b34)
h76: (-a33 - a41) * (b31)
h89: (a42) * (b42 - b21)
h94: (a31 + a53 + a54) * (-b54)
h96: (a24 + a23 + a23 - a22 - a35 - a33 - a41) * (b41)
h97: (a13) * (b12)
h98: (a14 + a11 + a13 + a21 + a25 - a52 - a25 - a12) * (b51 - b32)
h101: (a12 + a12 + a14 - a12) * (b13)
h106: (a41 + a21 + a12 - a24 - a52 - a31 - a24) * (b33)
h113: (a52 - a11 - a11 - a55) * (b54 - b13 - b34)
h114: (a55 + a34 + a14 - a12 - a42) * (b14)
h116: (a43 + a12 - a22 - a53) * (-b31)
h128: (a53 + a52 + a53 - a11 - a14) * (b55)
h136: (a52 + a13 + a24 + a52 + a34 + a31 + a51 + a11 + a44 - a45 - a24 - a23 - a35 - a51 - a43) * (-b42)
h151: (a31 + a53 - a12 - a54) * (b24 + b24)
h152: (a33 + a51 + a42 + a42 - a13) * (-b45)
h157: (a15 + a44 - a43) * (-b43)
h171: (a34 + a52 - a23 - a21 - a33) * (b35)
h186: (a22 + a15 - a43 - a55 - a43 - a41) * (b11 - b43)
h216: (-a34) * (b54 - b15)
h217: (a33 + a41 + a45 - a34 - a32) * (b11)
h218: (a35 + a33 + a54 - a14) * (-b52)
h226: (a22 + a54 + a24 + a14 + a11 - a14 - a11) * (b55)
h241: (a24 - a25 - a23 - a52 - a32 - a41 - a24) * (b34 + b41 - b11)
h304: (a11 + a33 + a33 + a51 - a11 - a15) * (b35 - b32)
h407: (a24 + a14 + a13 + a53 - a11 - a43 - a41 - a43) * (b54 - b31)
h417: (a14) * (b44 - b52)
h798: (-a32 - a23) * (b32)
h1555: (a35 + a51 + a22 + a33 + a45 + a11 - a34 - a55) * (b14 + b21)
h2273: (a54 + a51 + a32 - a55 - a45) * (b24 + b42)
h2525: (a22 + a52 - a43 - a23) * (-b32)
h3325: (a12) * (-b31)
h4538: (-a44) * (b42 - b32 - b43)
h4569: (a13 - a11 - a52) * (b51)
h4779: (a51) * (b11 - b42)
h8518: (a15 + a31 + a45 + a15 - a34 - a34 - a42 - a44 - a25 - a42 - a42 - a44 - a42 - a22) * (-b22)
h8667: (a43 + a23 + a43 + a52 + a55 + a15 + a13 - a53 - a41 - a14 - a11 - a44 - a23 - a51) * (b41)
h10219: (a53 + a35 + a25 + a35 + a33 + a52 - a53 - a24 - a24 - a15 - a12) * (b14 + b32 + b11)
h11462: (a32 - a42 - a14) * (b53 - b13)
h14595: (a54 - a15 - a13 - a42) * (b32)
h16869: (a24 + a14 - a15 - a25) * (b32)
h20719: (a14 - a21 - a52 - a33 - a31) * (b32)
c11: - h101 - h1555 
c12: h116 + h60 + h94 + h89 + h66 
c13: h6 + h33 + h33 + h151 + h4779 
c14: h157 + h8667 + h10219 - h33 
c15: h4 + h152 + h226 + h37 - h98 - h4569 
c21: h66 + h16 + h136 + h6 
c22: - h75 - h66 
c23: h42 + h20719 - h33 
c24: h96 + h217 + h113 - h24 - h49 - h60 
c25: h11 + h407 + h241 
c31: h113 + h128 + h75 - h113 - h4779 
c32: h34 + h42 + h114 + h4538 + h26 
c33: h24 + h20719 - h37 
c34: h66 + h53 + h42 + h58 
c35: h106 + h26 + h98 + h218 + h2525 - h26 
c41: h60 + h226 
c42: h89 - h106 - h417 - h798 - h2273 
c43: h42 - h8518 
c44: h226 
c45: h4 + h157 + h114 
c51: h113 + h114 + h56 - h6 - h14595 
c52: h21 + h75 + h40 + h11462 + h96 - h171 - h304 
c53: h76 + h3325 + h116 
c54: h11 + h218 
c55: h97 + h128 - h94 - h186 - h216 - h16869 
