0,157.96800000000002,25
100,104.53599999999999,25
200,89.144,25
300,70.136,25
400,62.28000000000001,25
500,62.208000000000006,25
600,59.992,25
700,58.424,25
800,56.504,25
900,56.38399999999999,25
1000,53.032,25
1100,50.919999999999995,25
1200,46.215999999999994,25
1300,43.583999999999996,25
1400,43.344,24.8
1500,41.928,24.8
1600,41.056,25
1700,39.864,25
1800,39.824,25
1900,38.952,25
2000,38.952,25
2100,38.672,25
2200,37.184,25
2300,36.992,25
2400,36.648,25
2500,36.048,25
2600,36.048,25
2700,36.048,25
2800,36.048,25
2900,36.048,25
3000,35.967999999999996,25
3100,35.967999999999996,25
3200,35.312,24.6
3300,35.008,24.8
3400,34.784000000000006,24.8
3500,34.784000000000006,24.8
3600,34.784000000000006,24.8
3700,34.52,24.8
3800,34.048,24.8
3900,34.048,24.8
4000,33.896,24.8
4100,33.896,24.8
4200,33.896,24.8
4300,33.632,24.6
4400,33.632,24.6
4500,33.632,24.6
4600,33.512,24.6
4700,33.512,24.6
4800,33.512,24.6
4900,33.512,24.6
5000,33.512,24.6
5100,33.512,24.6
5200,33.512,24.6
5300,33.432,24.6
5400,33.432,24.6
5500,33.432,24.6
5600,33.432,24.6
5700,33.224000000000004,24.6
5800,33.224000000000004,24.6
5900,33.224000000000004,24.6
6000,33.19200000000001,24.6
6100,33.19200000000001,24.6
6200,33.19200000000001,24.6
6300,33.19200000000001,24.6
6400,33.19200000000001,24.6
6500,33.19200000000001,24.6
6600,33.168000000000006,24.6
6700,33.168000000000006,24.6
6800,33,24.6
6900,33,24.6
7000,33,24.6
7100,33,24.6
7200,32.85600000000001,24.6
7300,32.29600000000001,24.6
7400,32.29600000000001,24.6
7500,32.29600000000001,24.6
7600,32.28,24.6
7700,32.28,24.6
7800,32.28,24.6
7900,32.28,24.6
8000,31.904000000000003,24.8
8100,31.863999999999997,24.8
8200,31.863999999999997,24.8
8300,31.863999999999997,24.8
8400,31.8,24.8
8500,31.8,24.8
8600,31.8,24.8
8700,31.8,24.8
8800,31.696000000000005,24.8
8900,31.696000000000005,24.8
9000,31.688,24.8
9100,31.591999999999995,24.8
9200,31.591999999999995,24.8
9300,31.591999999999995,24.8
9400,31.591999999999995,24.8
9500,31.591999999999995,24.8
9600,31.591999999999995,24.8
9700,31.591999999999995,24.8
9800,31.591999999999995,24.8
9900,31.464,24.8
10000,31.464,24.8
10100,31.464,24.8
10200,31.464,24.8
10300,31.464,24.8
10400,31.464,24.8
10500,31.464,24.8
10600,31.464,24.8
10700,31.464,24.8
10800,31.264000000000003,24.8
10900,31.264000000000003,24.8
11000,31.264000000000003,24.8
11100,31.264000000000003,24.8
11200,31.264000000000003,24.8
11300,31.264000000000003,24.8
11400,31.264000000000003,24.8
11500,31.264000000000003,24.8
11600,31.216,24.8
11700,31.216,24.8
11800,31.216,24.8
11900,31.216,24.8
12000,31.216,24.8
12100,31.216,24.8
12200,31.216,24.8
12300,31.216,24.8
12400,31.216,24.8
12500,31.184000000000005,24.8
12600,31.184000000000005,24.8
12700,31.184000000000005,24.8
12800,31.184000000000005,24.8
12900,31.184000000000005,24.8
13000,31.184000000000005,24.8
13100,31.184000000000005,24.8
13200,31.184000000000005,24.8
13300,31.184000000000005,24.8
13400,31.184000000000005,24.8
13500,31.184000000000005,24.8
13600,31.184000000000005,24.8
13700,31.184000000000005,24.8
13800,31.184000000000005,24.8
13900,31.184000000000005,24.8
14000,31.184000000000005,24.8
14100,31.184000000000005,24.8
14200,31.184000000000005,24.8
14300,31.184000000000005,24.8
14400,31.184000000000005,24.8
14500,31.184000000000005,24.8
14600,30.887999999999998,24.8
14700,30.887999999999998,24.8
14800,30.887999999999998,24.8
14900,30.887999999999998,24.8
15000,30.887999999999998,24.8
15100,30.815999999999995,24.8
15200,30.815999999999995,24.8
15300,30.815999999999995,24.8
15400,30.815999999999995,24.8
15500,30.296,24.8
15600,30.296,24.8
15700,30.184000000000005,24.8
15800,30.184000000000005,24.8
15900,30.184000000000005,24.8
16000,30.184000000000005,24.8
16100,30.184000000000005,24.8
16200,30.088,24.6
16300,30.088,24.6
16400,30.088,24.6
16500,30.088,24.6
16600,30.088,24.6
16700,30.088,24.6
16800,30.088,24.6
16900,30.088,24.6
17000,30.088,24.6
17100,30.088,24.6
17200,30.088,24.6
17300,30.088,24.6
17400,30.088,24.6
17500,30.024,24.8
17600,30.024,24.8
17700,30.024,24.8
17800,30.024,24.8
17900,30.024,24.8
18000,30.024,24.8
18100,30.024,24.8
18200,30.024,24.8
18300,30.024,24.8
18400,30.024,24.8
18500,30.024,24.8
18600,30.024,24.8
18700,30.024,24.8
18800,30.024,24.8
18900,30.024,24.8
19000,30.024,24.8
19100,30.024,24.8
19200,30.024,24.8
19300,30.024,24.8
19400,30.024,24.8
19500,30.024,24.8
19600,30.024,24.8
19700,30.024,24.8
19800,30.024,24.8
19900,29.879999999999995,24.8
20000,29.879999999999995,24.8
20100,29.879999999999995,24.8
20200,29.879999999999995,24.8
20300,29.879999999999995,24.8
20400,29.879999999999995,24.8
20500,29.879999999999995,24.8
20600,29.879999999999995,24.8
20700,29.72,24.8
20800,29.72,24.8
20900,29.016,24.8
21000,29.008,24.8
21100,29.008,24.8
21200,29.008,24.8
21300,28.983999999999998,24.8
21400,28.983999999999998,24.8
21500,28.983999999999998,24.8
21600,28.983999999999998,24.8
21700,28.839999999999996,24.8
21800,28.736,24.8
21900,28.736,24.8
22000,28.736,24.8
22100,28.504,24.6
22200,28.504,24.6
22300,28.504,24.6
22400,28.504,24.6
22500,28.504,24.6
22600,28.504,24.6
22700,28.504,24.6
22800,28.504,24.6
22900,28.504,24.6
23000,28.504,24.6
23100,28.504,24.6
23200,28.504,24.6
23300,28.504,24.6
23400,28.504,24.6
23500,28.504,24.6
23600,28.504,24.6
23700,28.504,24.6
23800,28.504,24.6
23900,28.504,24.6
24000,28.504,24.6
24100,28.504,24.6
24200,28.504,24.6
24300,28.504,24.6
24400,28.504,24.6
24500,28.32,24.6
24600,28.288,24.4
24700,28.288,24.4
24800,28.288,24.4
24900,28.288,24.4
25000,28.288,24.4
25100,28.288,24.4
25200,28.288,24.4
25300,28.288,24.4
25400,28.288,24.4
25500,28.288,24.4
25600,28.288,24.4
25700,28.288,24.4
25800,28.119999999999997,24.4
25900,28.119999999999997,24.4
26000,28.119999999999997,24.4
26100,28.119999999999997,24.4
26200,28.119999999999997,24.4
26300,28.088,24.6
26400,28.088,24.6
26500,28.088,24.6
26600,28.088,24.6
26700,28.088,24.6
26800,28.088,24.6
26900,28.088,24.6
27000,28.04,24.4
27100,28.04,24.4
27200,28.04,24.4
27300,28.04,24.4
27400,28.04,24.4
27500,28.04,24.4
27600,28.04,24.4
27700,28.04,24.4
27800,28.04,24.4
27900,28.04,24.4
28000,28.04,24.4
28100,28.04,24.4
28200,28.04,24.4
28300,28.04,24.4
28400,28.04,24.4
28500,28.04,24.4
28600,28.04,24.4
28700,28.04,24.4
28800,28.04,24.4
28900,27.992,24.4
29000,27.992,24.4
29100,27.992,24.4
29200,27.992,24.4
29300,27.992,24.4
29400,27.992,24.4
29500,27.663999999999998,24.4
29600,27.663999999999998,24.4
29700,27.663999999999998,24.4
29800,27.663999999999998,24.4
29900,27.415999999999997,24.4
30000,27.367999999999995,24.4
30100,27.367999999999995,24.4
30200,27.367999999999995,24.4
30300,27.367999999999995,24.4
30400,27.367999999999995,24.4
30500,27.367999999999995,24.4
30600,27.367999999999995,24.4
30700,27.367999999999995,24.4
30800,27.367999999999995,24.4
30900,27.367999999999995,24.4
31000,27.367999999999995,24.4
31100,27.367999999999995,24.4
31200,27.367999999999995,24.4
31300,27.367999999999995,24.4
31400,27.367999999999995,24.4
31500,27.367999999999995,24.4
31600,27.367999999999995,24.4
31700,27.367999999999995,24.4
31800,27.367999999999995,24.4
31900,27.367999999999995,24.4
32000,27.367999999999995,24.4
32100,27.367999999999995,24.4
32200,27.367999999999995,24.4
32300,27.367999999999995,24.4
32400,27.367999999999995,24.4
32500,27.367999999999995,24.4
32600,27.119999999999997,24.4
32700,26.96,24.4
32800,26.96,24.4
32900,26.96,24.4
33000,26.96,24.4
33100,26.944,24.2
33200,26.944,24.2
33300,26.944,24.2
33400,26.944,24.2
33500,26.944,24.2
33600,26.944,24.2
33700,26.944,24.2
33800,26.944,24.2
33900,26.944,24.2
34000,26.944,24.2
34100,26.944,24.2
34200,26.944,24.2
34300,26.944,24.2
34400,26.944,24.2
34500,26.944,24.2
34600,26.944,24.2
34700,26.944,24.2
34800,26.944,24.2
34900,26.936,24.2
35000,26.936,24.2
35100,26.936,24.2
35200,26.936,24.2
35300,26.936,24.2
35400,26.936,24.2
35500,26.936,24.2
35600,26.936,24.2
35700,26.936,24.2
35800,26.936,24.2
35900,26.936,24.2
36000,26.936,24.2
36100,26.936,24.2
36200,26.936,24.2
36300,26.936,24.2
36400,26.936,24.2
36500,26.936,24.2
36600,26.936,24.2
36700,26.936,24.2
36800,26.936,24.2
36900,26.936,24.2
37000,26.936,24.2
37100,26.936,24.2
37200,26.936,24.2
37300,26.936,24.2
37400,26.936,24.2
37500,26.936,24.2
37600,26.936,24.2
37700,26.936,24.2
37800,26.936,24.2
37900,26.936,24.2
38000,26.936,24.2
38100,26.936,24.2
38200,26.936,24.2
38300,26.936,24.2
38400,26.936,24.2
38500,26.936,24.2
38600,26.936,24.2
38700,26.936,24.2
38800,26.936,24.2
38900,26.936,24.2
39000,26.936,24.2
39100,26.936,24.2
39200,26.936,24.2
39300,26.936,24.2
39400,26.936,24.2
39500,26.936,24.2
39600,26.936,24.2
39700,26.936,24.2
39800,26.936,24.2
39900,26.936,24.2
40000,26.936,24.2
40100,26.552,24.2
40200,26.552,24.2
40300,26.552,24.2
40400,26.552,24.2
40500,26.552,24.2
40600,26.552,24.2
40700,26.552,24.2
40800,26.552,24.2
40900,26.552,24.2
41000,26.552,24.2
41100,26.552,24.2
41200,26.552,24.2
41300,26.552,24.2
41400,26.552,24.2
41500,26.552,24.2
41600,26.552,24.2
41700,26.552,24.2
41800,26.552,24.2
41900,26.552,24.2
42000,26.552,24.2
42100,26.512,24.2
42200,26.512,24.2
42300,26.512,24.2
42400,26.512,24.2
42500,26.512,24.2
42600,26.512,24.2
42700,26.432,24.2
42800,26.432,24.2
42900,26.432,24.2
43000,26.432,24.2
43100,26.432,24.2
43200,26.432,24.2
43300,26.432,24.2
43400,26.432,24.2
43500,26.432,24.2
43600,26.432,24.2
43700,26.432,24.2
43800,26.432,24.2
43900,26.432,24.2
44000,26.432,24.2
44100,26.432,24.2
44200,26.368000000000002,24.2
44300,26.368000000000002,24.2
44400,26.368000000000002,24.2
44500,26.368000000000002,24.2
44600,26.368000000000002,24.2
44700,26.368000000000002,24.2
44800,26.368000000000002,24.2
44900,26.368000000000002,24.2
45000,26.368000000000002,24.2
45100,26.368000000000002,24.2
45200,26.368000000000002,24.2
45300,26.368000000000002,24.2
45400,26.368000000000002,24.2
45500,26.368000000000002,24.2
45600,26.368000000000002,24.2
45700,26.368000000000002,24.2
45800,26.368000000000002,24.2
45900,26.368000000000002,24.2
46000,26.056,24.2
46100,26.056,24.2
46200,26.056,24.2
46300,26.056,24.2
46400,26.056,24.2
46500,26.056,24.2
46600,26.056,24.2
46700,26.056,24.2
46800,26.056,24.2
46900,25.887999999999998,24.2
47000,25.887999999999998,24.2
47100,25.887999999999998,24.2
47200,25.887999999999998,24.2
47300,25.887999999999998,24.2
47400,25.736,24
47500,25.736,24
47600,25.736,24
47700,25.736,24
47800,25.736,24
47900,25.736,24
48000,25.735999999999997,24.2
48100,25.735999999999997,24.2
48200,25.735999999999997,24.2
48300,25.735999999999997,24.2
48400,25.567999999999998,24.2
48500,25.567999999999998,24.2
48600,25.567999999999998,24.2
48700,25.567999999999998,24.2
48800,25.567999999999998,24.2
48900,25.567999999999998,24.2
49000,25.567999999999998,24.2
49100,25.567999999999998,24.2
49200,25.567999999999998,24.2
49300,25.567999999999998,24.2
49400,25.384,24.4
49500,25.384,24.4
49600,25.384,24.4
49700,25.384,24.4
49800,25.384,24.4
49900,25.384,24.4
50000,25.384,24.4
50100,25.384,24.4
50200,25.384,24.4
50300,25.384,24.4
50400,25.384,24.4
50500,25.384,24.4
50600,25.384,24.4
50700,25.384,24.4
50800,25.384,24.4
50900,25.384,24.4
51000,25.384,24.4
51100,25.384,24.4
51200,25.384,24.4
51300,25.384,24.4
51400,25.384,24.4
51500,25.384,24.4
51600,25.384,24.4
51700,25.384,24.4
51800,25.384,24.4
51900,25.384,24.4
52000,25.384,24.4
52100,25.384,24.4
52200,25.384,24.4
52300,25.384,24.4
52400,25.384,24.4
52500,25.384,24.4
52600,25.384,24.4
52700,25.384,24.4
52800,25.384,24.4
52900,25.384,24.4
53000,25.384,24.4
53100,25.384,24.4
53200,25.384,24.4
53300,25.384,24.4
53400,25.384,24.4
53500,25.384,24.4
53600,25.384,24.4
53700,25.384,24.4
53800,25.384,24.4
53900,25.384,24.4
54000,25.384,24.4
54100,25.384,24.4
54200,25.384,24.4
54300,25.384,24.4
54400,25.384,24.4
54500,25.384,24.4
54600,25.384,24.4
54700,25.384,24.4
54800,25.384,24.4
54900,25.384,24.4
55000,25.384,24.4
55100,25.384,24.4
55200,25.384,24.4
55300,25.384,24.4
55400,25.384,24.4
55500,24.688,24.4
55600,24.688,24.4
55700,24.688,24.4
55800,24.688,24.4
55900,24.688,24.4
56000,24.472,24.4
56100,24.448,24.4
56200,24.448,24.4
56300,24.448,24.4
56400,24.448,24.4
56500,24.448,24.4
56600,24.448,24.4
56700,24.448,24.4
56800,24.096,24.4
56900,24.096,24.4
57000,24.096,24.4
57100,24.096,24.4
57200,24.096,24.4
57300,23.767999999999997,24.4
57400,23.767999999999997,24.4
57500,23.767999999999997,24.4
57600,23.767999999999997,24.4
57700,23.767999999999997,24.4
57800,23.767999999999997,24.4
57900,23.767999999999997,24.4
58000,23.767999999999997,24.4
58100,23.767999999999997,24.4
58200,23.767999999999997,24.4
58300,23.767999999999997,24.4
58400,23.767999999999997,24.4
58500,23.767999999999997,24.4
58600,23.767999999999997,24.4
58700,23.767999999999997,24.4
58800,23.767999999999997,24.4
58900,23.767999999999997,24.4
59000,23.767999999999997,24.4
59100,23.767999999999997,24.4
59200,23.767999999999997,24.4
59300,23.528,24.4
59400,23.528,24.4
59500,23.528,24.4
59600,23.528,24.4
59700,23.528,24.4
59800,23.528,24.4
59900,23.528,24.4
60000,23.528,24.4
60100,23.528,24.4
60200,23.528,24.4
60300,23.528,24.4
60400,23.528,24.4
60500,23.528,24.4
60600,23.528,24.4
60700,23.424,24.4
60800,23.424,24.4
60900,23.424,24.4
61000,23.424,24.4
61100,23.424,24.4
61200,23.424,24.4
61300,23.424,24.4
61400,23.424,24.4
61500,23.424,24.4
61600,23.424,24.4
61700,23.424,24.4
61800,23.424,24.4
61900,23.424,24.4
62000,23.424,24.4
62100,23.424,24.4
62200,23.424,24.4
62300,23.424,24.4
62400,23.424,24.4
62500,23.424,24.4
62600,23.424,24.4
62700,23.424,24.4
62800,23.424,24.4
62900,23.424,24.4
63000,23.136000000000003,24.4
63100,23.136000000000003,24.4
63200,23.136000000000003,24.4
63300,23.136000000000003,24.4
63400,23.136000000000003,24.4
63500,23.088,24.4
63600,23.088,24.4
63700,23.088,24.4
63800,23.088,24.4
63900,23.088,24.4
64000,23.088,24.4
64100,23.088,24.4
64200,23.088,24.4
64300,23.088,24.4
64400,23.088,24.4
64500,23.088,24.4
64600,23.088,24.4
64700,23.088,24.4
64800,23.088,24.4
64900,23.088,24.4
65000,23.088,24.4
65100,23.088,24.4
65200,23.088,24.4
65300,23.088,24.4
65400,23.088,24.4
65500,23.088,24.4
65600,23.088,24.4
65700,23.088,24.4
65800,23.088,24.4
65900,23.088,24.4
66000,23.088,24.4
66100,23.088,24.4
66200,23.088,24.4
66300,23.088,24.4
66400,23.088,24.4
66500,23.088,24.4
66600,23.088,24.4
66700,23.088,24.4
66800,23.088,24.4
66900,23.088,24.4
67000,23.088,24.4
67100,23.088,24.4
67200,23.088,24.4
67300,22.84,24.4
67400,22.84,24.4
67500,22.84,24.4
67600,22.84,24.4
67700,22.84,24.4
67800,22.84,24.4
67900,22.84,24.4
68000,22.84,24.4
68100,22.84,24.4
68200,22.84,24.4
68300,22.84,24.4
68400,22.84,24.4
68500,22.84,24.4
68600,22.84,24.4
68700,22.84,24.4
68800,22.84,24.4
68900,22.84,24.4
69000,22.84,24.4
69100,22.84,24.4
69200,22.84,24.4
69300,22.84,24.4
69400,22.84,24.4
69500,22.84,24.4
69600,22.84,24.4
69700,22.84,24.4
69800,22.84,24.4
69900,22.84,24.4
70000,22.84,24.4
70100,22.84,24.4
70200,22.84,24.4
70300,22.84,24.4
70400,22.84,24.4
70500,22.84,24.4
70600,22.84,24.4
70700,22.84,24.4
70800,22.84,24.4
70900,22.84,24.4
71000,22.84,24.4
71100,22.84,24.4
71200,22.84,24.4
71300,22.84,24.4
71400,22.84,24.4
71500,22.84,24.4
71600,22.84,24.4
71700,22.84,24.4
71800,22.84,24.4
71900,22.84,24.4
72000,22.84,24.4
72100,22.84,24.4
72200,22.84,24.4
72300,22.84,24.4
72400,22.84,24.4
72500,22.84,24.4
72600,22.832,24.4
72700,22.832,24.4
72800,22.832,24.4
72900,22.832,24.4
73000,22.832,24.4
73100,22.832,24.4
73200,22.832,24.4
73300,22.832,24.4
73400,22.832,24.4
73500,22.832,24.4
73600,22.832,24.4
73700,22.832,24.4
73800,22.832,24.4
73900,22.832,24.4
74000,22.832,24.4
74100,22.832,24.4
74200,22.832,24.4
74300,22.832,24.4
74400,22.832,24.4
74500,22.832,24.4
74600,22.832,24.4
74700,22.832,24.4
74800,22.808,24.2
74900,22.808,24.2
75000,22.808,24.2
75100,22.808,24.2
75200,22.808,24.2
75300,22.808,24.2
75400,22.808,24.2
75500,22.808,24.2
75600,22.808,24.2
75700,22.808,24.2
75800,22.808,24.2
75900,22.808,24.2
76000,22.808,24.2
76100,22.808,24.2
76200,22.808,24.2
76300,22.808,24.2
76400,22.808,24.2
76500,22.808,24.2
76600,22.808,24.2
76700,22.808,24.2
76800,22.808,24.2
76900,22.808,24.2
77000,22.808,24.2
77100,22.808,24.2
77200,22.808,24.2
77300,22.808,24.2
77400,22.808,24.2
77500,22.808,24.2
77600,22.808,24.2
77700,22.808,24.2
77800,22.808,24.2
77900,22.808,24.2
78000,22.808,24.2
78100,22.808,24.2
78200,22.808,24.2
78300,22.808,24.2
78400,22.808,24.2
78500,22.808,24.2
78600,22.808,24.2
78700,22.808,24.2
78800,22.808,24.2
78900,22.808,24.2
79000,22.808,24.2
79100,22.808,24.2
79200,22.808,24.2
79300,22.808,24.2
79400,22.808,24.2
79500,22.808,24.2
79600,22.808,24.2
79700,22.808,24.2
79800,22.808,24.2
79900,22.808,24.2
80000,22.808,24.2
80100,22.808,24.2
80200,22.808,24.2
80300,22.808,24.2
80400,22.808,24.2
80500,22.808,24.2
80600,22.808,24.2
80700,22.808,24.2
80800,22.808,24.2
80900,22.808,24.2
81000,22.808,24.2
81100,22.727999999999998,24.2
81200,22.727999999999998,24.2
81300,22.727999999999998,24.2
81400,22.727999999999998,24.2
81500,22.727999999999998,24.2
81600,22.727999999999998,24.2
81700,22.727999999999998,24.2
81800,22.727999999999998,24.2
81900,22.727999999999998,24.2
82000,22.727999999999998,24.2
82100,22.727999999999998,24.2
82200,22.727999999999998,24.2
82300,22.727999999999998,24.2
82400,22.727999999999998,24.2
82500,22.727999999999998,24.2
82600,22.727999999999998,24.2
82700,22.727999999999998,24.2
82800,22.727999999999998,24.2
82900,22.727999999999998,24.2
83000,22.727999999999998,24.2
83100,22.727999999999998,24.2
83200,22.727999999999998,24.2
83300,22.727999999999998,24.2
83400,22.727999999999998,24.2
83500,22.727999999999998,24.2
83600,22.727999999999998,24.2
83700,22.727999999999998,24.2
83800,22.727999999999998,24.2
83900,22.727999999999998,24.2
84000,22.727999999999998,24.2
84100,22.727999999999998,24.2
84200,22.727999999999998,24.2
84300,22.727999999999998,24.2
84400,22.727999999999998,24.2
84500,22.727999999999998,24.2
84600,22.727999999999998,24.2
84700,22.727999999999998,24.2
84800,22.727999999999998,24.2
84900,22.727999999999998,24.2
85000,22.727999999999998,24.2
85100,22.727999999999998,24.2
85200,22.727999999999998,24.2
85300,22.727999999999998,24.2
85400,22.727999999999998,24.2
85500,22.727999999999998,24.2
85600,22.727999999999998,24.2
85700,22.727999999999998,24.2
85800,22.727999999999998,24.2
85900,22.727999999999998,24.2
86000,22.727999999999998,24.2
86100,22.727999999999998,24.2
86200,22.727999999999998,24.2
86300,22.727999999999998,24.2
86400,22.727999999999998,24.2
86500,22.727999999999998,24.2
86600,22.727999999999998,24.2
86700,22.727999999999998,24.2
86800,22.727999999999998,24.2
86900,22.727999999999998,24.2
87000,22.727999999999998,24.2
87100,22.727999999999998,24.2
87200,22.727999999999998,24.2
87300,22.727999999999998,24.2
87400,22.727999999999998,24.2
87500,22.727999999999998,24.2
87600,22.727999999999998,24.2
87700,22.727999999999998,24.2
87800,22.727999999999998,24.2
87900,22.727999999999998,24.2
88000,22.727999999999998,24.2
88100,22.727999999999998,24.2
88200,22.727999999999998,24.2
88300,22.727999999999998,24.2
88400,22.727999999999998,24.2
88500,22.727999999999998,24.2
88600,22.727999999999998,24.2
88700,22.727999999999998,24.2
88800,22.727999999999998,24.2
88900,22.727999999999998,24.2
89000,22.631999999999998,24.2
89100,22.631999999999998,24.2
89200,22.631999999999998,24.2
89300,22.631999999999998,24.2
89400,22.631999999999998,24.2
89500,22.631999999999998,24.2
89600,22.631999999999998,24.2
89700,22.631999999999998,24.2
89800,22.631999999999998,24.2
89900,22.631999999999998,24.2
90000,22.631999999999998,24.2
90100,22.631999999999998,24.2
90200,22.631999999999998,24.2
90300,22.631999999999998,24.2
90400,22.631999999999998,24.2
90500,22.631999999999998,24.2
90600,22.631999999999998,24.2
90700,22.631999999999998,24.2
90800,22.631999999999998,24.2
90900,22.631999999999998,24.2
91000,22.631999999999998,24.2
91100,22.631999999999998,24.2
91200,22.631999999999998,24.2
91300,22.631999999999998,24.2
91400,22.631999999999998,24.2
91500,22.631999999999998,24.2
91600,22.631999999999998,24.2
91700,22.631999999999998,24.2
91800,22.631999999999998,24.2
91900,22.631999999999998,24.2
92000,22.080000000000002,24.2
92100,22.080000000000002,24.2
92200,22.080000000000002,24.2
92300,22.080000000000002,24.2
92400,22.080000000000002,24.2
92500,22.080000000000002,24.2
92600,22.080000000000002,24.2
92700,22.080000000000002,24.2
92800,22.080000000000002,24.2
92900,22.080000000000002,24.2
93000,22.080000000000002,24.2
93100,22.080000000000002,24.2
93200,22.080000000000002,24.2
93300,22.080000000000002,24.2
93400,22.080000000000002,24.2
93500,22.080000000000002,24.2
93600,22.080000000000002,24.2
93700,22.080000000000002,24.2
93800,22.080000000000002,24.2
93900,22.080000000000002,24.2
94000,22.080000000000002,24.2
94100,22.080000000000002,24.2
94200,22.080000000000002,24.2
94300,22.080000000000002,24.2
94400,22.080000000000002,24.2
94500,22.080000000000002,24.2
94600,22.080000000000002,24.2
94700,22.080000000000002,24.2
94800,22.080000000000002,24.2
94900,22.080000000000002,24.2
95000,22.080000000000002,24.2
95100,22.080000000000002,24.2
95200,22.080000000000002,24.2
95300,22.080000000000002,24.2
95400,22.080000000000002,24.2
95500,22.080000000000002,24.2
95600,22.080000000000002,24.2
95700,21.944,24.4
95800,21.944,24.4
95900,21.944,24.4
96000,21.944,24.4
96100,21.944,24.4
96200,21.944,24.4
96300,21.944,24.4
96400,21.944,24.4
96500,21.944,24.4
96600,21.944,24.4
96700,21.944,24.4
96800,21.944,24.4
96900,21.944,24.4
97000,21.944,24.4
97100,21.944,24.4
97200,21.944,24.4
97300,21.944,24.4
97400,21.944,24.4
97500,21.944,24.4
97600,21.944,24.4
97700,21.944,24.4
97800,21.944,24.4
97900,21.944,24.4
98000,21.944,24.4
98100,21.944,24.4
98200,21.944,24.4
98300,21.944,24.4
98400,21.944,24.4
98500,21.944,24.4
98600,21.944,24.4
98700,21.944,24.4
98800,21.944,24.4
98900,21.944,24.4
99000,21.944,24.4
99100,21.944,24.4
99200,21.944,24.4
99300,21.944,24.4
99400,21.944,24.4
99500,21.944,24.4
99600,21.944,24.4
99700,21.944,24.4
99800,21.944,24.4
99900,21.944,24.4
100000,21.944,24.4
100100,21.944,24.4
100200,21.944,24.4
100300,21.944,24.4
100400,21.944,24.4
100500,21.944,24.4
100600,21.944,24.4
100700,21.944,24.4
100800,21.944,24.4
100900,21.944,24.4
101000,21.944,24.4
101100,21.944,24.4
101200,21.944,24.4
101300,21.944,24.4
101400,21.944,24.4
101500,21.944,24.4
101600,21.944,24.4
101700,21.944,24.4
101800,21.944,24.4
101900,21.944,24.4
102000,21.944,24.4
102100,21.944,24.4
102200,21.944,24.4
102300,21.944,24.4
102400,21.944,24.4
102500,21.944,24.4
102600,21.944,24.4
102700,21.944,24.4
102800,21.944,24.4
102900,21.944,24.4
103000,21.944,24.4
103100,21.944,24.4
103200,21.944,24.4
103300,21.944,24.4
103400,21.944,24.4
103500,21.944,24.4
103600,21.944,24.4
103700,21.944,24.4
103800,21.944,24.4
103900,21.944,24.4
104000,21.944,24.4
104100,21.944,24.4
104200,21.944,24.4
104300,21.944,24.4
104400,21.944,24.4
104500,21.944,24.4
104600,21.944,24.4
104700,21.944,24.4
104800,21.944,24.4
104900,21.944,24.4
105000,21.944,24.4
105100,21.944,24.4
105200,21.944,24.4
105300,21.944,24.4
105400,21.944,24.4
105500,21.944,24.4
105600,21.944,24.4
105700,21.944,24.4
105800,21.944,24.4
105900,21.944,24.4
106000,21.944,24.4
106100,21.944,24.4
106200,21.944,24.4
106300,21.944,24.4
106400,21.944,24.4
106500,21.944,24.4
106600,21.944,24.4
106700,21.944,24.4
106800,21.944,24.4
106900,21.944,24.4
107000,21.944,24.4
107100,21.944,24.4
107200,21.944,24.4
107300,21.944,24.4
107400,21.944,24.4
107500,21.944,24.4
107600,21.944,24.4
107700,21.944,24.4
107800,21.944,24.4
107900,21.944,24.4
108000,21.944,24.4
108100,21.944,24.4
108200,21.944,24.4
108300,21.944,24.4
108400,21.944,24.4
108500,21.944,24.4
108600,21.944,24.4
108700,21.944,24.4
108800,21.944,24.4
108900,21.944,24.4
109000,21.944,24.4
109100,21.944,24.4
109200,21.944,24.4
109300,21.944,24.4
109400,21.944,24.4
109500,21.944,24.4
109600,21.944,24.4
109700,21.944,24.4
109800,21.944,24.4
109900,21.944,24.4
110000,21.944,24.4
110100,21.944,24.4
110200,21.944,24.4
110300,21.944,24.4
110400,21.944,24.4
110500,21.944,24.4
110600,21.944,24.4
110700,21.944,24.4
110800,21.944,24.4
110900,21.944,24.4
111000,21.944,24.4
111100,21.944,24.4
111200,21.944,24.4
111300,21.944,24.4
111400,21.944,24.4
111500,21.944,24.4
111600,21.944,24.4
111700,21.944,24.4
111800,21.944,24.4
111900,21.944,24.4
112000,21.944,24.4
112100,21.944,24.4
112200,21.944,24.4
112300,21.944,24.4
112400,21.944,24.4
112500,21.944,24.4
112600,21.944,24.4
112700,21.944,24.4
112800,21.944,24.4
112900,21.944,24.4
113000,21.944,24.4
113100,21.944,24.4
113200,21.944,24.4
113300,21.944,24.4
113400,21.944,24.4
113500,21.944,24.4
113600,21.944,24.4
113700,21.944,24.4
113800,21.944,24.4
113900,21.944,24.4
114000,21.944,24.4
114100,21.944,24.4
114200,21.944,24.4
114300,21.944,24.4
114400,21.944,24.4
114500,21.944,24.4
114600,21.944,24.4
114700,21.944,24.4
114800,21.944,24.4
114900,21.944,24.4
115000,21.944,24.4
115100,21.944,24.4
115200,21.944,24.4
115300,21.944,24.4
115400,21.944,24.4
115500,21.944,24.4
115600,21.944,24.4
115700,21.944,24.4
115800,21.944,24.4
115900,21.944,24.4
116000,21.944,24.4
116100,21.944,24.4
116200,21.944,24.4
116300,21.944,24.4
116400,21.944,24.4
116500,21.944,24.4
116600,21.944,24.4
116700,21.944,24.4
116800,21.944,24.4
116900,21.944,24.4
117000,21.944,24.4
117100,21.944,24.4
117200,21.944,24.4
117300,21.944,24.4
117400,21.944,24.4
117500,21.944,24.4
117600,21.944,24.4
117700,21.944,24.4
117800,21.944,24.4
117900,21.944,24.4
118000,21.944,24.4
118100,21.944,24.4
118200,21.944,24.4
118300,21.944,24.4
118400,21.944,24.4
118500,21.944,24.4
118600,21.944,24.4
118700,21.944,24.4
118800,21.944,24.4
118900,21.944,24.4
119000,21.944,24.4
119100,21.944,24.4
119200,21.944,24.4
119300,21.944,24.4
119400,21.944,24.4
119500,21.944,24.4
119600,21.944,24.4
119700,21.944,24.4
119800,21.944,24.4
119900,21.944,24.4
120000,21.944,24.4
120100,21.944,24.4
120200,21.944,24.4
120300,21.944,24.4
120400,21.944,24.4
120500,21.944,24.4
120600,21.944,24.4
120700,21.944,24.4
120800,21.944,24.4
120900,21.944,24.4
121000,21.944,24.4
121100,21.944,24.4
121200,21.944,24.4
121300,21.944,24.4
121400,21.944,24.4
121500,21.944,24.4
121600,21.944,24.4
121700,21.944,24.4
121800,21.944,24.4
121900,21.944,24.4
122000,21.944,24.4
122100,21.944,24.4
122200,21.944,24.4
122300,21.944,24.4
122400,21.944,24.4
122500,21.944,24.4
122600,21.944,24.4
122700,21.816000000000003,24.2
122800,21.816000000000003,24.2
122900,21.816000000000003,24.2
123000,21.816000000000003,24.2
123100,21.816000000000003,24.2
123200,21.816000000000003,24.2
123300,21.816000000000003,24.2
123400,21.816000000000003,24.2
123500,21.816000000000003,24.2
123600,21.816000000000003,24.2
123700,21.816000000000003,24.2
123800,21.816000000000003,24.2
123900,21.816000000000003,24.2
124000,21.816000000000003,24.2
124100,21.816000000000003,24.2
124200,21.816000000000003,24.2
124300,21.816000000000003,24.2
124400,21.816000000000003,24.2
124500,21.816000000000003,24.2
124600,21.816000000000003,24.2
124700,21.816000000000003,24.2
124800,21.816000000000003,24.2
124900,21.816000000000003,24.2
125000,21.816000000000003,24.2
125100,21.816000000000003,24.2
125200,21.816000000000003,24.2
125300,21.816000000000003,24.2
125400,21.816000000000003,24.2
125500,21.816000000000003,24.2
125600,21.816000000000003,24.2
125700,21.816000000000003,24.2
125800,21.816000000000003,24.2
125900,21.816000000000003,24.2
126000,21.816000000000003,24.2
126100,21.816000000000003,24.2
126200,21.816000000000003,24.2
126300,21.816000000000003,24.2
126400,21.816000000000003,24.2
126500,21.816000000000003,24.2
126600,21.816000000000003,24.2
126700,21.816000000000003,24.2
126800,21.816000000000003,24.2
126900,21.816000000000003,24.2
127000,21.816000000000003,24.2
127100,21.816000000000003,24.2
127200,21.816000000000003,24.2
127300,21.816000000000003,24.2
127400,21.816000000000003,24.2
127500,21.816000000000003,24.2
127600,21.816000000000003,24.2
127700,21.816000000000003,24.2
127800,21.816000000000003,24.2
127900,21.816000000000003,24.2
128000,21.816000000000003,24.2
128100,21.816000000000003,24.2
128200,21.816000000000003,24.2
128300,21.816000000000003,24.2
128400,21.816000000000003,24.2
128500,21.816000000000003,24.2
128600,21.728,24.2
128700,21.728,24.2
128800,21.664,24.2
128900,21.664,24.2
129000,21.664,24.2
129100,21.664,24.2
129200,21.656,24.2
129300,21.656,24.2
129400,21.656,24.2
129500,21.656,24.2
129600,21.656,24.2
129700,21.656,24.2
129800,21.656,24.2
129900,21.656,24.2
130000,21.064,24.2
130100,21.064,24.2
130200,21.064,24.2
130300,21.064,24.2
130400,20.471999999999998,24.2
130500,20.471999999999998,24.2
130600,20.471999999999998,24.2
130700,20.471999999999998,24.2
130800,20.471999999999998,24.2
130900,20.471999999999998,24.2
131000,20.471999999999998,24.2
131100,20.471999999999998,24.2
131200,20.471999999999998,24.2
131300,20.471999999999998,24.2
131400,20.471999999999998,24.2
131500,20.471999999999998,24.2
131600,20.471999999999998,24.2
131700,20.471999999999998,24.2
131800,20.471999999999998,24.2
131900,20.471999999999998,24.2
132000,20.471999999999998,24.2
132100,20.471999999999998,24.2
132200,20.471999999999998,24.2
132300,20.471999999999998,24.2
132400,20.471999999999998,24.2
132500,20.471999999999998,24.2
132600,20.471999999999998,24.2
132700,20.471999999999998,24.2
132800,20.471999999999998,24.2
132900,20.471999999999998,24.2
133000,20.471999999999998,24.2
133100,20.471999999999998,24.2
133200,20.471999999999998,24.2
133300,20.471999999999998,24.2
133400,20.024,24.2
133500,20.024,24.2
133600,20.024,24.2
133700,20.024,24.2
133800,20.024,24.2
133900,20.024,24.2
134000,19.808,24.2
134100,19.808,24.2
134200,19.808,24.2
134300,19.808,24.2
134400,19.808,24.2
134500,19.808,24.2
134600,19.808,24.2
134700,19.808,24.2
134800,19.808,24.2
134900,19.808,24.2
135000,19.808,24.2
135100,19.808,24.2
135200,19.808,24.2
135300,19.808,24.2
135400,19.808,24.2
135500,19.808,24.2
135600,19.808,24.2
135700,19.808,24.2
135800,19.808,24.2
135900,19.808,24.2
136000,19.808,24.2
136100,19.808,24.2
136200,19.808,24.2
136300,19.808,24.2
136400,19.808,24.2
136500,19.808,24.2
136600,19.808,24.2
136700,19.808,24.2
136800,19.808,24.2
136900,19.808,24.2
137000,19.808,24.2
137100,19.808,24.2
137200,19.808,24.2
137300,19.808,24.2
137400,19.808,24.2
137500,19.808,24.2
137600,19.808,24.2
137700,19.808,24.2
137800,19.76,24
137900,19.76,24
138000,19.76,24
138100,19.76,24
138200,19.76,24
138300,19.656,23.8
138400,19.656,23.8
138500,19.656,23.8
138600,19.656,23.8
138700,19.656,23.8
138800,19.656,23.8
138900,19.656,23.8
139000,19.656,23.8
139100,19.656,23.8
139200,19.656,23.8
139300,19.656,23.8
139400,19.656,23.8
139500,19.656,23.8
139600,19.656,23.8
139700,19.656,23.8
139800,19.656,23.8
139900,19.656,23.8
140000,19.656,23.8
140100,19.656,23.8
140200,19.656,23.8
140300,19.656,23.8
140400,19.656,23.8
140500,19.656,23.8
140600,19.656,23.8
140700,19.656,23.8
140800,19.656,23.8
140900,19.656,23.8
141000,19.656,23.8
141100,19.656,23.8
141200,19.656,23.8
141300,19.656,23.8
141400,19.656,23.8
141500,19.656,23.8
141600,19.656,23.8
141700,19.656,23.8
141800,19.656,23.8
141900,19.656,23.8
142000,19.656,23.8
142100,19.656,23.8
142200,19.656,23.8
142300,19.656,23.8
142400,19.656,23.8
142500,19.656,23.8
142600,19.656,23.8
142700,19.656,23.8
142800,19.656,23.8
142900,19.656,23.8
143000,19.656,23.8
143100,19.656,23.8
143200,19.656,23.8
143300,19.656,23.8
143400,19.656,23.8
143500,19.656,23.8
143600,19.656,23.8
143700,19.656,23.8
143800,19.656,23.8
143900,19.656,23.8
144000,19.656,23.8
144100,19.656,23.8
144200,19.656,23.8
144300,19.656,23.8
144400,19.656,23.8
144500,19.656,23.8
144600,19.656,23.8
144700,19.656,23.8
144800,19.656,23.8
144900,19.656,23.8
145000,19.656,23.8
145100,19.656,23.8
145200,19.656,23.8
145300,19.656,23.8
145400,19.656,23.8
145500,19.656,23.8
145600,19.656,23.8
145700,19.656,23.8
145800,19.656,23.8
145900,19.656,23.8
146000,19.656,23.8
146100,19.656,23.8
146200,19.656,23.8
146300,19.656,23.8
146400,19.656,23.8
146500,19.656,23.8
146600,19.656,23.8
146700,19.656,23.8
146800,19.656,23.8
146900,19.656,23.8
147000,19.656,23.8
147100,19.656,23.8
147200,19.656,23.8
147300,19.656,23.8
147400,19.656,23.8
147500,19.656,23.8
147600,19.656,23.8
147700,19.656,23.8
147800,19.656,23.8
147900,19.656,23.8
148000,19.656,23.8
148100,19.656,23.8
148200,19.656,23.8
148300,19.656,23.8
148400,19.656,23.8
148500,19.656,23.8
148600,19.656,23.8
148700,19.656,23.8
148800,19.656,23.8
148900,19.656,23.8
149000,19.656,23.8
149100,19.656,23.8
149200,19.656,23.8
149300,19.656,23.8
149400,19.656,23.8
149500,19.656,23.8
149600,19.656,23.8
149700,19.656,23.8
149800,19.656,23.8
149900,19.656,23.8
150000,19.656,23.8
150100,19.656,23.8
150200,19.656,23.8
150300,19.656,23.8
150400,19.656,23.8
150500,19.656,23.8
150600,19.656,23.8
150700,19.656,23.8
150800,19.656,23.8
150900,19.656,23.8
151000,19.656,23.8
151100,19.656,23.8
151200,19.656,23.8
151300,19.656,23.8
151400,19.656,23.8
151500,19.656,23.8
151600,19.656,23.8
151700,19.656,23.8
151800,19.656,23.8
151900,19.656,23.8
152000,19.656,23.8
152100,19.656,23.8
152200,19.656,23.8
152300,19.656,23.8
152400,19.656,23.8
152500,19.656,23.8
152600,19.656,23.8
152700,19.656,23.8
152800,19.656,23.8
152900,19.656,23.8
153000,19.656,23.8
153100,19.656,23.8
153200,19.656,23.8
153300,19.656,23.8
153400,19.656,23.8
153500,19.656,23.8
153600,19.656,23.8
153700,19.656,23.8
153800,19.656,23.8
153900,19.656,23.8
154000,19.656,23.8
154100,19.656,23.8
154200,19.656,23.8
154300,19.656,23.8
154400,19.656,23.8
154500,19.656,23.8
154600,19.656,23.8
154700,19.656,23.8
154800,19.656,23.8
154900,19.656,23.8
155000,19.656,23.8
155100,19.656,23.8
155200,19.656,23.8
155300,19.656,23.8
155400,19.656,23.8
155500,19.656,23.8
155600,19.656,23.8
155700,19.656,23.8
155800,19.656,23.8
155900,19.656,23.8
156000,19.656,23.8
156100,19.656,23.8
156200,19.656,23.8
156300,19.656,23.8
156400,19.656,23.8
156500,19.656,23.8
156600,19.656,23.8
156700,19.656,23.8
156800,19.656,23.8
156900,19.656,23.8
157000,19.656,23.8
157100,19.624000000000002,24
157200,19.624000000000002,24
157300,19.624000000000002,24
157400,19.624000000000002,24
157500,19.624000000000002,24
157600,19.624000000000002,24
157700,19.624000000000002,24
157800,19.624000000000002,24
157900,19.624000000000002,24
158000,19.624000000000002,24
158100,19.624000000000002,24
158200,19.624000000000002,24
158300,19.624000000000002,24
158400,19.624000000000002,24
158500,19.624000000000002,24
158600,19.624000000000002,24
158700,19.624000000000002,24
158800,19.624000000000002,24
158900,19.624000000000002,24
159000,19.624000000000002,24
159100,19.624000000000002,24
159200,19.624000000000002,24
159300,19.624000000000002,24
159400,19.624000000000002,24
159500,19.624000000000002,24
159600,19.624000000000002,24
159700,19.624000000000002,24
159800,19.624000000000002,24
159900,19.624000000000002,24
160000,19.624000000000002,24
160100,19.624000000000002,24
160200,19.624000000000002,24
160300,19.624000000000002,24
160400,19.624000000000002,24
160500,19.624000000000002,24
160600,19.624000000000002,24
160700,19.624000000000002,24
160800,19.624000000000002,24
160900,19.624000000000002,24
161000,19.624000000000002,24
161100,19.624000000000002,24
161200,19.624000000000002,24
161300,19.624000000000002,24
161400,19.624000000000002,24
161500,19.624000000000002,24
161600,19.624000000000002,24
161700,19.624000000000002,24
161800,19.624000000000002,24
161900,19.624000000000002,24
162000,19.624000000000002,24
162100,19.624000000000002,24
162200,19.624000000000002,24
162300,19.624000000000002,24
162400,19.624000000000002,24
162500,19.624000000000002,24
162600,19.624000000000002,24
162700,19.624000000000002,24
162800,19.624000000000002,24
162900,19.624000000000002,24
163000,19.624000000000002,24
163100,19.624000000000002,24
163200,19.624000000000002,24
163300,19.624000000000002,24
163400,19.624000000000002,24
163500,19.624000000000002,24
163600,19.624000000000002,24
163700,19.624000000000002,24
163800,19.624000000000002,24
163900,19.624000000000002,24
164000,19.624000000000002,24
164100,19.624000000000002,24
164200,19.624000000000002,24
164300,19.624000000000002,24
164400,19.624000000000002,24
164500,19.624000000000002,24
164600,19.624000000000002,24
164700,19.624000000000002,24
164800,19.624000000000002,24
164900,19.624000000000002,24
165000,19.624000000000002,24
165100,19.624000000000002,24
165200,19.624000000000002,24
165300,19.624000000000002,24
165400,19.624000000000002,24
165500,19.624000000000002,24
165600,19.624000000000002,24
165700,19.624000000000002,24
165800,19.624000000000002,24
165900,19.624000000000002,24
166000,19.624000000000002,24
166100,19.624000000000002,24
166200,19.624000000000002,24
166300,19.624000000000002,24
166400,19.624000000000002,24
166500,19.624000000000002,24
166600,19.624000000000002,24
166700,19.624000000000002,24
166800,19.624000000000002,24
166900,19.624000000000002,24
167000,19.624000000000002,24
167100,19.624000000000002,24
167200,19.624000000000002,24
167300,19.624000000000002,24
167400,19.624000000000002,24
167500,19.624000000000002,24
167600,19.624000000000002,24
167700,19.624000000000002,24
167800,19.624000000000002,24
167900,19.624000000000002,24
168000,19.624000000000002,24
168100,19.624000000000002,24
168200,19.624000000000002,24
168300,19.624000000000002,24
168400,19.624000000000002,24
168500,19.624000000000002,24
168600,19.624000000000002,24
168700,19.624000000000002,24
168800,19.624000000000002,24
168900,19.624000000000002,24
169000,19.624000000000002,24
169100,19.624000000000002,24
169200,19.624000000000002,24
169300,19.624000000000002,24
169400,19.624000000000002,24
169500,19.624000000000002,24
169600,19.624000000000002,24
169700,19.624000000000002,24
169800,19.624000000000002,24
169900,19.624000000000002,24
170000,19.624000000000002,24
170100,19.624000000000002,24
170200,19.624000000000002,24
170300,19.624000000000002,24
170400,19.624000000000002,24
170500,19.624000000000002,24
170600,19.624000000000002,24
170700,19.624000000000002,24
170800,19.624000000000002,24
170900,19.624000000000002,24
171000,19.624000000000002,24
171100,19.624000000000002,24
171200,19.624000000000002,24
171300,19.624000000000002,24
171400,19.624000000000002,24
171500,19.624000000000002,24
171600,19.624000000000002,24
171700,19.624000000000002,24
171800,19.624000000000002,24
171900,19.624000000000002,24
172000,19.624000000000002,24
172100,19.624000000000002,24
172200,19.624000000000002,24
172300,19.624000000000002,24
172400,19.624000000000002,24
172500,19.624000000000002,24
172600,19.624000000000002,24
172700,19.624000000000002,24
172800,19.624000000000002,24
172900,19.624000000000002,24
173000,19.624000000000002,24
173100,19.624000000000002,24
173200,19.624000000000002,24
173300,19.624000000000002,24
173400,19.624000000000002,24
173500,19.624000000000002,24
173600,19.624000000000002,24
173700,19.624000000000002,24
173800,19.624000000000002,24
173900,19.624000000000002,24
174000,19.624000000000002,24
174100,19.624000000000002,24
174200,19.624000000000002,24
174300,19.624000000000002,24
174400,19.624000000000002,24
174500,19.624000000000002,24
174600,19.624000000000002,24
174700,19.624000000000002,24
174800,19.624000000000002,24
174900,19.624000000000002,24
175000,19.624000000000002,24
175100,19.624000000000002,24
175200,19.624000000000002,24
175300,19.624000000000002,24
175400,19.624000000000002,24
175500,19.624000000000002,24
175600,19.624000000000002,24
175700,19.624000000000002,24
175800,19.624000000000002,24
175900,19.624000000000002,24
176000,19.624000000000002,24
176100,19.624000000000002,24
176200,19.624000000000002,24
176300,19.624000000000002,24
176400,19.624000000000002,24
176500,19.624000000000002,24
176600,19.624000000000002,24
176700,19.624000000000002,24
176800,19.624000000000002,24
176900,19.624000000000002,24
177000,19.624000000000002,24
177100,19.624000000000002,24
177200,19.624000000000002,24
177300,19.624000000000002,24
177400,19.624000000000002,24
177500,19.624000000000002,24
177600,19.624000000000002,24
177700,19.624000000000002,24
177800,19.624000000000002,24
177900,19.624000000000002,24
178000,19.624000000000002,24
178100,19.624000000000002,24
178200,19.624000000000002,24
178300,19.624000000000002,24
178400,19.624000000000002,24
178500,19.624000000000002,24
178600,19.624000000000002,24
178700,19.624000000000002,24
178800,19.624000000000002,24
178900,19.624000000000002,24
179000,19.624000000000002,24
179100,19.624000000000002,24
179200,19.624000000000002,24
179300,19.624000000000002,24
179400,19.624000000000002,24
179500,19.624000000000002,24
179600,19.624000000000002,24
179700,19.624000000000002,24
179800,19.624000000000002,24
179900,19.624000000000002,24
180000,19.624000000000002,24
180100,19.624000000000002,24
180200,19.624000000000002,24
180300,19.624000000000002,24
180400,19.624000000000002,24
180500,19.624000000000002,24
180600,19.624000000000002,24
180700,19.624000000000002,24
180800,19.624000000000002,24
180900,19.624000000000002,24
181000,19.624000000000002,24
181100,19.624000000000002,24
181200,19.624000000000002,24
181300,19.624000000000002,24
181400,19.624000000000002,24
181500,19.624000000000002,24
181600,19.624000000000002,24
181700,19.624000000000002,24
181800,19.624000000000002,24
181900,19.624000000000002,24
182000,19.624000000000002,24
182100,19.624000000000002,24
182200,19.624000000000002,24
182300,19.624000000000002,24
182400,19.624000000000002,24
182500,19.624000000000002,24
182600,19.624000000000002,24
182700,19.624000000000002,24
182800,19.624000000000002,24
182900,19.624000000000002,24
183000,19.624000000000002,24
183100,19.624000000000002,24
183200,19.624000000000002,24
183300,19.624000000000002,24
183400,19.624000000000002,24
183500,19.624000000000002,24
183600,19.624000000000002,24
183700,19.624000000000002,24
183800,19.624000000000002,24
183900,19.624000000000002,24
184000,19.624000000000002,24
184100,19.624000000000002,24
184200,19.624000000000002,24
184300,19.624000000000002,24
184400,19.624000000000002,24
184500,19.624000000000002,24
184600,19.624000000000002,24
184700,19.624000000000002,24
184800,19.624000000000002,24
184900,19.624000000000002,24
185000,19.624000000000002,24
185100,19.624000000000002,24
185200,19.624000000000002,24
185300,19.624000000000002,24
185400,19.624000000000002,24
185500,19.624000000000002,24
185600,19.624000000000002,24
185700,19.624000000000002,24
185800,19.624000000000002,24
185900,19.624000000000002,24
186000,19.624000000000002,24
186100,19.624000000000002,24
186200,19.624000000000002,24
186300,19.624000000000002,24
186400,19.624000000000002,24
186500,19.624000000000002,24
186600,19.624000000000002,24
186700,19.624000000000002,24
186800,19.624000000000002,24
186900,19.624000000000002,24
187000,19.624000000000002,24
187100,19.624000000000002,24
187200,19.624000000000002,24
187300,19.624000000000002,24
187400,19.624000000000002,24
187500,19.624000000000002,24
187600,19.624000000000002,24
187700,19.624000000000002,24
187800,19.624000000000002,24
187900,19.624000000000002,24
188000,19.624000000000002,24
188100,19.624000000000002,24
188200,19.624000000000002,24
188300,19.624000000000002,24
188400,19.624000000000002,24
188500,19.624000000000002,24
188600,19.624000000000002,24
188700,19.624000000000002,24
188800,19.624000000000002,24
188900,19.624000000000002,24
189000,19.624000000000002,24
189100,19.624000000000002,24
189200,19.624000000000002,24
189300,19.624000000000002,24
189400,19.624000000000002,24
189500,19.624000000000002,24
189600,19.624000000000002,24
189700,19.624000000000002,24
189800,19.624000000000002,24
189900,19.624000000000002,24
190000,19.624000000000002,24
190100,19.624000000000002,24
190200,19.624000000000002,24
190300,19.624000000000002,24
190400,19.624000000000002,24
190500,19.624000000000002,24
190600,19.624000000000002,24
190700,19.624000000000002,24
190800,19.624000000000002,24
190900,19.624000000000002,24
191000,19.624000000000002,24
191100,19.624000000000002,24
191200,19.624000000000002,24
191300,19.624000000000002,24
191400,19.624000000000002,24
191500,19.624000000000002,24
191600,19.624000000000002,24
191700,19.624000000000002,24
191800,19.624000000000002,24
191900,19.624000000000002,24
192000,19.624000000000002,24
192100,19.624000000000002,24
192200,19.624000000000002,24
192300,19.624000000000002,24
192400,19.624000000000002,24
192500,19.624000000000002,24
192600,19.624000000000002,24
192700,19.624000000000002,24
192800,19.624000000000002,24
192900,19.6,24
193000,19.6,24
193100,19.6,24
193200,19.6,24
193300,19.6,24
193400,19.6,24
193500,19.6,24
193600,19.6,24
193700,19.6,24
193800,19.6,24
193900,19.6,24
194000,19.6,24
194100,19.6,24
194200,19.6,24
194300,19.6,24
194400,19.6,24
194500,19.6,24
194600,19.6,24
194700,19.6,24
194800,19.6,24
194900,19.6,24
195000,19.6,24
195100,19.6,24
195200,19.6,24
195300,19.6,24
195400,19.6,24
195500,19.6,24
195600,19.6,24
195700,19.6,24
195800,19.6,24
195900,19.6,24
196000,19.6,24
196100,19.6,24
196200,19.6,24
196300,19.6,24
196400,19.6,24
196500,19.6,24
196600,19.6,24
196700,19.6,24
196800,19.6,24
196900,19.6,24
197000,19.6,24
197100,19.6,24
197200,19.6,24
197300,19.6,24
197400,19.6,24
197500,19.6,24
197600,19.6,24
197700,19.6,24
197800,19.6,24
197900,19.6,24
198000,19.6,24
198100,19.6,24
198200,19.6,24
198300,19.6,24
198400,19.6,24
198500,19.6,24
198600,19.6,24
198700,19.6,24
198800,19.6,24
198900,19.6,24
199000,19.6,24
199100,19.6,24
199200,19.6,24
199300,19.6,24
199400,19.6,24
199500,19.6,24
199600,19.6,24
199700,19.6,24
199800,19.6,24
199900,19.6,24
199999,19.6,24

START ALGORITHM
h1: (a22 + a51) * (b55 - b33)
h2: (a11 - a31) * (b13 + b51 - b12 - b33)
h4: (a35 - a25) * (b34 - b34)
h6: (-a45) * (b41 - b15)
h8: (-a15 - a43) * (b42 - b35 - b44)
h13: (a35 - a23 - a45) * (-b33 - b21)
h14: (a34 + a33 + a43 - a11) * (b21 + b24 + b34)
h22: (a13) * (-b53)
h26: (-a52) * (-b54)
h30: (-a22 - a32 - a41) * (-b22 - b23)
h31: (a21 - a21 - a44 - a55) * (b54 - b21 - b24)
h33: (a13) * (b33)
h36: (a22 + a42 - a34 - a22 - a33) * (-b31)
h38: (a43) * (-b42 - b32 - b31)
h43: (a15 + a22 - a22 - a33 - a25) * (b35 + b55)
h44: (-a54) * (b15 + b54 - b12 - b55 - b55)
h48: (-a45) * (-b43)
h50: (a34 + a23 - a23) * (b52 - b33)
h53: (a52 + a44) * (b34 - b42)
h54: (a15 + a31) * (b21 + b44 + b24 - b33 - b43 - b22)
h55: (a53) * (b42)
h59: (-a34) * (-b35 - b55)
h60: (a53 - a12 - a11 - a51) * (b35 + b32 + b23 - b14)
h61: (a15 - a22) * (b51 + b33 + b55 - b14 - b15 - b41)
h62: (a32 - a51) * (b45 - b25 - b11 - b44)
h63: (a53 - a33 - a44) * (b14 + b44 + b35 - b52 - b13)
h65: (-a45) * (-b44)
h66: (-a54) * (b53 + b52 - b44)
h70: (a12 - a51 - a32 - a25) * (b23 - b32 - b11)
h72: (a51 - a33 - a44 - a15) * (b23 - b13 - b53 - b41)
h74: (-a15) * (b24 + b51 - b53 - b34)
h75: (-a44) * (b13)
h76: (-a41) * (b35 - b25)
h83: (-a11) * (-b24 - b44)
h85: (-a24) * (b44 + b33 + b23 + b55 + b55 - b35 - b44)
h90: (a23 - a45) * (b14)
h91: (a33 - a52 - a41) * (-b31)
h97: (a12) * (b21 + b12)
h98: (-a32) * (b53 + b51)
h102: (a25 - a42 - a25 - a55 - a34) * (b31 - b14 - b13)
h104: (a52 - a12) * (b34 + b34 - b22 - b13 - b44)
h105: (a32 - a35 - a24) * (b32)
h108: (-a55) * (-b52 - b31 - b45)
h109: (a45 - a32) * (b54 - b22)
h113: (-a31) * (b52 + b25)
h114: (a13 - a31) * (b42)
h119: (a31 - a52) * (b25 + b53 + b43)
h131: (-a21) * (-b23 - b45)
h139: (a13 - a23) * (b12 - b43 - b22 - b54 - b11)
h144: (-a15) * (b51 - b15)
h161: (a53 - a13 - a45) * (-b15)
h162: (a23 + a15) * (b53 - b21 - b13 - b53 - b33)
h183: (a53 - a44 - a25 - a42) * (-b42)
h193: (a14 - a25) * (-b34 - b15)
h207: (a51 + a41) * (b51 + b45 - b54 - b35)
h237: (a23 + a35) * (b35 + b35 - b23 - b54)
h239: (-a11) * (b14)
h260: (a52 - a32) * (b35 + b11 + b12 - b35 - b23)
h285: (a54 - a25 - a54) * (b35 + b21 + b33 - b11 - b23)
h291: (-a35) * (b13 - b11)
h292: (a35 - a31 - a32) * (b25 - b51 - b22)
h296: (a42 - a23) * (b32 - b25)
h301: (-a15) * (b44)
h302: (-a12 - a25 - a51) * (b44 + b22 + b54)
h304: (a25) * (b32)
h328: (-a31 - a12) * (b35)
h405: (a42 + a25 - a42 - a35 - a43) * (b21 + b12)
h757: (-a34) * (b34 + b32 + b34 + b35 - b54 - b14)
h779: (a21 + a25 - a43 - a43) * (b21 - b52)
h870: (-a41) * (b21 - b52 - b15)
h907: (a51 - a45 - a45) * (b12 + b25 - b24)
h1164: (a33 + a54 - a51 - a14) * (b13)
h1225: (a45 + a13 + a31) * (b32 + b44 + b24 - b52 - b55 - b15 - b25)
h1311: (-a32) * (b24 + b13 + b51)
h2018: (a15 - a25 - a22) * (b35)
h2032: (a54 - a12) * (b55 + b53 - b31)
h2253: (a33 - a23 - a33 - a22) * (-b24)
h2742: (a14) * (b53 - b31)
h2964: (a52 - a51 - a42) * (-b51)
h3691: (a32 + a11 + a14) * (b34)
h3756: (a21 + a32 + a53) * (-b43)
h4144: (a14 - a13) * (b41 - b25)
h7681: (a44 - a35) * (b53 + b14 - b34 - b13)
h7870: (a52 - a15 - a11 - a43) * (b34 + b15 + b45)
h10076: (a25) * (b22 - b35)
h10462: (a44 + a42 - a35) * (b33)
h10589: (a24 - a15) * (b41 - b55)
h11180: (a13) * (b34 - b25 - b44)
h12398: (a43) * (-b24 - b21 - b25)
h13546: (-a43 - a44 - a21) * (-b12 - b34)
h14849: (a25 + a12) * (b22 - b23)
h15027: (a12 - a45) * (-b55)
h15097: (-a21) * (b55 + b15 - b35)
h17559: (a24 - a54 - a32 - a42) * (b43 - b25 - b42)
h22143: (a45 - a33 - a21) * (b21 + b13 + b14)
h28095: (a53 + a51 - a23) * (b23 - b13)
h28456: (a21 + a15 - a24) * (b13)
h40413: (a54 - a44) * (b22)
h44341: (a33 - a44 - a14) * (b42 - b33 - b33 - b25)
h45858: (-a41) * (b13 + b24 - b53 - b22)
h64372: (a52 - a12 - a25) * (-b52 - b34)
h66801: (a53 + a14 - a13) * (b45 + b21)
h69032: (a15 - a52) * (b13 - b51 - b42)
c11: h70 + h85 + h31 + h97 - h43 - h44 
c12: h98 + h2 + h2742 + h3691 
c13: h33 + h239 + h33 + h2742 + h757 
c14: h26 + h53 + h63 + h108 - h779 
c15: h65 + h870 + h55 + h15097 - h144 
c21: h26 + h108 + h292 - h162 
c22: h109 + h292 + h75 + h26 + h239 + h26 + h15097 + h15097 - h2032 - h10076 
c23: h98 + h59 + h328 + h7870 - h36 
c24: h13 + h76 + h8 + h74 + h22143 + h109 - h28456 
c25: h63 + h65 + h76 + h59 - h14 - h104 - h55 
c31: h292 + h91 + h3691 + h11180 - h7870 
c32: h83 + h102 + h14 + h54 + h105 
c33: h54 + h193 - h76 - h207 - h7681 - h10462 - h10589 - h12398 
c34: h102 + h48 + h50 + h83 + h260 + h291 + h85 
c35: h76 + h301 + h304 + h328 + h22 - h83 - h108 
c41: h296 + h2253 + h14849 + h15097 + h2 
c42: h139 + h6 + h131 + h260 + h1225 - h44 
c43: h2964 + h907 + h239 + h10076 + h31 + h40413 - h30 - h2253 - h3691 - h45858 
c44: h109 + h17559 + h48 + h13546 + h22 + h119 - h22143 
c45: h302 + h74 + h48 + h33 
c51: h304 + h75 - h113 - h4144 
c52: h4 + h44341 + h64372 + h292 + h109 + h83 - h66801 
c53: h2018 + h54 + h59 - h1164 - h3756 
c54: h109 + h207 + h193 + h40413 - h757 - h28095 
c55: h405 + h239 + h131 + h7681 + h239 + h2 - h161 - h15027 
