0,205.57599999999996,25
100,146.76799999999997,25
200,115.328,24.6
300,106.52000000000001,24.8
400,96.45599999999999,24.8
500,90.608,24.8
600,87.328,25
700,77.696,25
800,77.12,25
900,75.76,25
1000,73.016,25
1100,73.016,25
1200,70.67999999999999,25
1300,69.128,25
1400,68.44,25
1500,65.2,25
1600,62.36,25
1700,60.592,25
1800,60.08,25
1900,59.70399999999999,25
2000,59.70399999999999,25
2100,57.992,25
2200,56.112,25
2300,55.528,25
2400,54.464,25
2500,54.032000000000004,25
2600,53.672000000000004,25
2700,48.919999999999995,25
2800,48.568,25
2900,47.088,25
3000,47.088,25
3100,46.064,25
3200,45.63199999999999,25
3300,45.63199999999999,25
3400,45.63199999999999,25
3500,43.071999999999996,24.8
3600,42.480000000000004,25
3700,42.480000000000004,25
3800,42.152,25
3900,42.152,25
4000,42.152,25
4100,42.152,25
4200,42.152,25
4300,41.80800000000001,25
4400,41.80800000000001,25
4500,41.80800000000001,25
4600,41.80800000000001,25
4700,41.80800000000001,25
4800,41.80800000000001,25
4900,41.80800000000001,25
5000,41.80800000000001,25
5100,41.80800000000001,25
5200,41.80800000000001,25
5300,41.80800000000001,25
5400,41.80800000000001,25
5500,41.80800000000001,25
5600,41.80800000000001,25
5700,41.80800000000001,25
5800,40.888,25
5900,40.888,25
6000,40.888,25
6100,40.888,25
6200,40.888,25
6300,40.888,25
6400,40.888,25
6500,40.888,25
6600,40.888,25
6700,40.256,25
6800,38.272,25
6900,38.272,25
7000,38.272,25
7100,38.272,25
7200,38.272,25
7300,38.272,25
7400,38.272,25
7500,38.272,25
7600,38.272,25
7700,38.272,25
7800,38.272,25
7900,38.272,25
8000,38.272,25
8100,37.936,25
8200,37.936,25
8300,37.936,25
8400,37.936,25
8500,37.936,25
8600,37.936,25
8700,37.72,24.8
8800,37.72,24.8
8900,37.648,25
9000,37.624,25
9100,37.624,25
9200,37.624,25
9300,37.36,25
9400,37.336,25
9500,37.336,25
9600,37.336,25
9700,37.336,25
9800,37.064,25
9900,37.064,25
10000,37.064,25
10100,37.064,25
10200,37.064,25
10300,37.064,25
10400,37.064,25
10500,37.064,25
10600,37.064,25
10700,37.064,25
10800,37.064,25
10900,37.064,25
11000,37.064,25
11100,37.064,25
11200,37.064,25
11300,36.848,25
11400,36.848,25
11500,36.848,25
11600,36.848,25
11700,36.336,25
11800,36.336,25
11900,36.336,25
12000,36.336,25
12100,36.184,25
12200,36.184,25
12300,36.184,25
12400,36.184,25
12500,36.184,25
12600,36.184,25
12700,36.184,25
12800,36.184,25
12900,36.184,25
13000,36.184,25
13100,36.184,25
13200,36.184,25
13300,36.184,25
13400,36.184,25
13500,36.184,25
13600,36.184,25
13700,36.016,25
13800,36.016,25
13900,35.992,25
14000,35.495999999999995,25
14100,35.495999999999995,25
14200,35.495999999999995,25
14300,35.495999999999995,25
14400,35.495999999999995,25
14500,35.495999999999995,25
14600,35.495999999999995,25
14700,35.495999999999995,25
14800,35.495999999999995,25
14900,35.495999999999995,25
15000,35.495999999999995,25
15100,35.495999999999995,25
15200,35.495999999999995,25
15300,35.495999999999995,25
15400,35.495999999999995,25
15500,35.495999999999995,25
15600,35.495999999999995,25
15700,35.495999999999995,25
15800,35.495999999999995,25
15900,35.495999999999995,25
16000,35.495999999999995,25
16100,35.495999999999995,25
16200,35.495999999999995,25
16300,35.495999999999995,25
16400,35.495999999999995,25
16500,35.495999999999995,25
16600,35.495999999999995,25
16700,35.495999999999995,25
16800,35.495999999999995,25
16900,35.495999999999995,25
17000,35.495999999999995,25
17100,35.495999999999995,25
17200,35.495999999999995,25
17300,35.495999999999995,25
17400,35.495999999999995,25
17500,35.495999999999995,25
17600,35.495999999999995,25
17700,35.495999999999995,25
17800,35.495999999999995,25
17900,35.160000000000004,25
18000,35.160000000000004,25
18100,35.160000000000004,25
18200,35.160000000000004,25
18300,35.160000000000004,25
18400,35.160000000000004,25
18500,35.160000000000004,25
18600,35.160000000000004,25
18700,35.160000000000004,25
18800,35.160000000000004,25
18900,35.160000000000004,25
19000,34.65599999999999,25
19100,34.65599999999999,25
19200,34.65599999999999,25
19300,34.65599999999999,25
19400,34.65599999999999,25
19500,34.65599999999999,25
19600,34.65599999999999,25
19700,34.65599999999999,25
19800,34.65599999999999,25
19900,34.65599999999999,25
20000,34.368,25
20100,34.368,25
20200,34.368,25
20300,34.368,25
20400,34.368,25
20500,34.368,25
20600,34.368,25
20700,34.368,25
20800,34.368,25
20900,34.368,25
21000,33.70399999999999,25
21100,33.70399999999999,25
21200,33.70399999999999,25
21300,33.70399999999999,25
21400,33.70399999999999,25
21500,33.70399999999999,25
21600,33.70399999999999,25
21700,33.70399999999999,25
21800,33.70399999999999,25
21900,33.70399999999999,25
22000,33.70399999999999,25
22100,33.70399999999999,25
22200,33.70399999999999,25
22300,33.047999999999995,25
22400,33.047999999999995,25
22500,33.047999999999995,25
22600,33.047999999999995,25
22700,33.047999999999995,25
22800,33.047999999999995,25
22900,33.047999999999995,25
23000,33.047999999999995,25
23100,33.047999999999995,25
23200,33.047999999999995,25
23300,33.047999999999995,25
23400,33.047999999999995,25
23500,33.047999999999995,25
23600,33.047999999999995,25
23700,33.047999999999995,25
23800,33.047999999999995,25
23900,33.047999999999995,25
24000,33.047999999999995,25
24100,33.047999999999995,25
24200,33.047999999999995,25
24300,33.047999999999995,25
24400,33.047999999999995,25
24500,33.047999999999995,25
24600,33.047999999999995,25
24700,33.047999999999995,25
24800,33.047999999999995,25
24900,33.047999999999995,25
25000,33.047999999999995,25
25100,32.232,25
25200,32.232,25
25300,32.232,25
25400,32.232,25
25500,32.232,25
25600,32.232,25
25700,32.232,25
25800,32.232,25
25900,32.232,25
26000,32.232,25
26100,32.232,25
26200,32.232,25
26300,32.232,25
26400,32.232,25
26500,32.232,25
26600,32.232,25
26700,32.232,25
26800,32.232,25
26900,32.232,25
27000,32.232,25
27100,32.232,25
27200,32.232,25
27300,32.232,25
27400,32.232,25
27500,32.232,25
27600,32.232,25
27700,32.232,25
27800,32.232,25
27900,32.232,25
28000,32.232,25
28100,32.184,25
28200,32.135999999999996,24.8
28300,32.135999999999996,24.8
28400,32.135999999999996,24.8
28500,32.135999999999996,24.8
28600,32.135999999999996,24.8
28700,32.135999999999996,24.8
28800,32.135999999999996,24.8
28900,32.135999999999996,24.8
29000,32.135999999999996,24.8
29100,32.135999999999996,24.8
29200,32.135999999999996,24.8
29300,32.135999999999996,24.8
29400,31.744,24.8
29500,31.744,24.8
29600,31.744,24.8
29700,31.744,24.8
29800,31.744,24.8
29900,31.744,24.8
30000,31.744,24.8
30100,31.744,24.8
30200,31.744,24.8
30300,31.744,24.8
30400,31.744,24.8
30500,31.728,24.8
30600,31.728,24.8
30700,31.703999999999997,24.8
30800,31.703999999999997,24.8
30900,31.703999999999997,24.8
31000,31.703999999999997,24.8
31100,31.703999999999997,24.8
31200,31.703999999999997,24.8
31300,31.703999999999997,24.8
31400,31.608000000000004,24.6
31500,31.608000000000004,24.6
31600,31.608000000000004,24.6
31700,31.608000000000004,24.6
31800,31.608000000000004,24.6
31900,31.608000000000004,24.6
32000,31.608000000000004,24.6
32100,31.608000000000004,24.6
32200,31.608000000000004,24.6
32300,31.608000000000004,24.6
32400,31.608000000000004,24.6
32500,31.608000000000004,24.6
32600,31.608000000000004,24.6
32700,31.608000000000004,24.6
32800,31.552,24.6
32900,31.552,24.6
33000,31.552,24.6
33100,31.552,24.6
33200,31.552,24.6
33300,31.552,24.6
33400,31.552,24.6
33500,31.552,24.6
33600,31.552,24.6
33700,31.552,24.6
33800,31.552,24.6
33900,31.552,24.6
34000,31.552,24.6
34100,31.552,24.6
34200,31.552,24.6
34300,31.552,24.6
34400,31.552,24.6
34500,31.552,24.6
34600,31.552,24.6
34700,31.552,24.6
34800,31.552,24.6
34900,31.552,24.6
35000,31.552,24.6
35100,31.552,24.6
35200,31.544,24.6
35300,31.544,24.6
35400,31.544,24.6
35500,31.544,24.6
35600,31.544,24.6
35700,31.544,24.6
35800,31.544,24.6
35900,31.544,24.6
36000,31.544,24.6
36100,31.544,24.6
36200,31.544,24.6
36300,31.544,24.6
36400,31.544,24.6
36500,31.544,24.6
36600,31.544,24.6
36700,31.544,24.6
36800,31.544,24.6
36900,31.544,24.6
37000,31.544,24.6
37100,31.544,24.6
37200,31.544,24.6
37300,31.544,24.6
37400,31.544,24.6
37500,31.544,24.6
37600,31.544,24.6
37700,31.544,24.6
37800,31.544,24.6
37900,30.936,24.6
38000,30.936,24.6
38100,30.936,24.6
38200,30.936,24.6
38300,30.727999999999998,24.6
38400,30.727999999999998,24.6
38500,30.712,24.6
38600,30.712,24.6
38700,30.712,24.6
38800,30.712,24.6
38900,30.647999999999996,24.6
39000,30.647999999999996,24.6
39100,30.647999999999996,24.6
39200,30.647999999999996,24.6
39300,30.647999999999996,24.6
39400,30.647999999999996,24.6
39500,30.192,24.6
39600,30.192,24.6
39700,30.192,24.6
39800,29.863999999999997,24.6
39900,29.863999999999997,24.6
40000,29.863999999999997,24.6
40100,29.863999999999997,24.6
40200,29.863999999999997,24.6
40300,29.640000000000004,24.6
40400,29.640000000000004,24.6
40500,29.640000000000004,24.6
40600,29.640000000000004,24.6
40700,29.640000000000004,24.6
40800,29.640000000000004,24.6
40900,29.640000000000004,24.6
41000,29.640000000000004,24.6
41100,29.640000000000004,24.6
41200,28.919999999999998,24.6
41300,28.919999999999998,24.6
41400,28.919999999999998,24.6
41500,28.919999999999998,24.6
41600,28.919999999999998,24.6
41700,28.919999999999998,24.6
41800,28.919999999999998,24.6
41900,28.919999999999998,24.6
42000,28.919999999999998,24.6
42100,28.663999999999998,24.8
42200,28.663999999999998,24.8
42300,28.663999999999998,24.8
42400,28.6,24.8
42500,28.407999999999998,24.8
42600,28.407999999999998,24.8
42700,28.407999999999998,24.8
42800,28.407999999999998,24.8
42900,28.407999999999998,24.8
43000,28.407999999999998,24.8
43100,28.407999999999998,24.6
43200,28.407999999999998,24.6
43300,28.407999999999998,24.6
43400,28.407999999999998,24.6
43500,28.407999999999998,24.6
43600,27.839999999999996,24.6
43700,27.664000000000005,24.6
43800,27.664000000000005,24.6
43900,27.664000000000005,24.6
44000,27.512,24.4
44100,27.512,24.4
44200,27.512,24.4
44300,27.512,24.4
44400,27.512,24.4
44500,27.512,24.4
44600,27.512,24.4
44700,27.512,24.4
44800,27.512,24.4
44900,27.512,24.4
45000,27.512,24.4
45100,27.512,24.4
45200,27.512,24.4
45300,27.512,24.4
45400,27.512,24.4
45500,27.512,24.4
45600,27.512,24.4
45700,27.512,24.4
45800,27.512,24.4
45900,27.512,24.4
46000,27.512,24.4
46100,27.512,24.4
46200,27.512,24.4
46300,27.512,24.4
46400,27.512,24.4
46500,27.512,24.4
46600,27.512,24.4
46700,27.512,24.4
46800,27.512,24.4
46900,27.512,24.4
47000,27.512,24.4
47100,27.512,24.4
47200,27.512,24.4
47300,27.512,24.4
47400,27.512,24.4
47500,27.512,24.4
47600,27.512,24.4
47700,27.512,24.4
47800,27.512,24.4
47900,27.512,24.4
48000,27.512,24.4
48100,27.512,24.4
48200,27.512,24.4
48300,27.512,24.4
48400,27.512,24.4
48500,27.512,24.4
48600,27.512,24.4
48700,27.512,24.4
48800,27.512,24.4
48900,27.512,24.4
49000,27.512,24.4
49100,27.512,24.4
49200,27.512,24.4
49300,27.512,24.4
49400,27.512,24.4
49500,27.512,24.4
49600,27.512,24.4
49700,27.512,24.4
49800,27.512,24.4
49900,27.512,24.4
50000,27.512,24.4
50100,27.512,24.4
50200,27.512,24.4
50300,27.512,24.4
50400,27.512,24.4
50500,27.512,24.4
50600,27.512,24.4
50700,27.512,24.4
50800,27.512,24.4
50900,27.512,24.4
51000,27.512,24.4
51100,27.512,24.4
51200,27.512,24.4
51300,27.512,24.4
51400,27.512,24.4
51500,27.512,24.4
51600,27.512,24.4
51700,27.512,24.4
51800,27.512,24.4
51900,27.512,24.4
52000,27.512,24.4
52100,27.512,24.4
52200,27.512,24.4
52300,27.512,24.4
52400,27.512,24.4
52500,27.512,24.4
52600,27.512,24.4
52700,27.512,24.4
52800,27.512,24.4
52900,27.512,24.4
53000,27.512,24.4
53100,27.512,24.4
53200,27.512,24.4
53300,27.512,24.4
53400,27.512,24.4
53500,27.512,24.4
53600,27.512,24.4
53700,27.512,24.4
53800,27.512,24.4
53900,27.512,24.4
54000,27.512,24.4
54100,27.512,24.4
54200,27.512,24.4
54300,27.512,24.4
54400,27.512,24.4
54500,27.512,24.4
54600,27.512,24.4
54700,27.512,24.4
54800,27.512,24.4
54900,27.512,24.4
55000,27.512,24.4
55100,27.512,24.4
55200,27.512,24.4
55300,27.512,24.4
55400,27.512,24.4
55500,27.512,24.4
55600,27.512,24.4
55700,27.512,24.4
55800,27.512,24.4
55900,27.512,24.4
56000,27.512,24.4
56100,27.512,24.4
56200,27.040000000000003,24.2
56300,27.040000000000003,24.2
56400,27.040000000000003,24.2
56500,26.936,24
56600,26.936,24
56700,26.936,24
56800,26.936,24
56900,26.936,24
57000,26.936,24
57100,26.936,24
57200,26.936,24
57300,26.936,24
57400,26.936,24
57500,26.936,24
57600,26.936,24
57700,26.936,24
57800,26.936,24
57900,26.936,24
58000,26.936,24
58100,26.936,24
58200,26.936,24
58300,26.936,24
58400,26.936,24
58500,26.936,24
58600,26.936,24
58700,26.936,24
58800,26.936,24
58900,26.936,24
59000,26.936,24
59100,26.936,24
59200,26.936,24
59300,26.936,24
59400,26.936,24
59500,26.936,24
59600,26.936,24
59700,26.936,24
59800,26.936,24
59900,26.936,24
60000,26.936,24
60100,26.936,24
60200,26.936,24
60300,26.936,24
60400,26.936,24
60500,26.936,24
60600,26.936,24
60700,26.936,24
60800,26.936,24
60900,26.72,24.2
61000,26.72,24.2
61100,26.72,24.2
61200,26.72,24.2
61300,26.52,24.4
61400,26.52,24.4
61500,26.52,24.4
61600,26.52,24.4
61700,26.288,24.4
61800,26.264,24.4
61900,26.264,24.4
62000,26.264,24.4
62100,26.264,24.4
62200,26.264,24.4
62300,26.264,24.4
62400,26.264,24.4
62500,26.264,24.4
62600,26.264,24.4
62700,26.264,24.4
62800,26.264,24.4
62900,26.264,24.4
63000,26.264,24.4
63100,26.264,24.4
63200,26.264,24.4
63300,26.264,24.4
63400,26.264,24.4
63500,26.264,24.4
63600,26.264,24.4
63700,26.264,24.4
63800,26.264,24.4
63900,26.264,24.4
64000,26.264,24.4
64100,26.264,24.4
64200,26.264,24.4
64300,26.024,24.4
64400,26.024,24.4
64500,26.024,24.4
64600,26.024,24.4
64700,26.024,24.4
64800,26.024,24.4
64900,26.024,24.4
65000,26.024,24.4
65100,26.024,24.4
65200,26.024,24.4
65300,26.024,24.4
65400,26.024,24.4
65500,26.024,24.4
65600,26.024,24.4
65700,26.024,24.4
65800,26.024,24.4
65900,26.024,24.4
66000,26.024,24.4
66100,26.024,24.4
66200,26.024,24.4
66300,26.024,24.4
66400,26.024,24.4
66500,26.024,24.4
66600,26.024,24.4
66700,26.024,24.4
66800,25.752,24.4
66900,25.752,24.4
67000,25.752,24.4
67100,25.752,24.4
67200,25.752,24.4
67300,25.752,24.4
67400,25.752,24.4
67500,25.752,24.4
67600,25.752,24.4
67700,25.752,24.4
67800,25.752,24.4
67900,25.752,24.4
68000,25.752,24.4
68100,25.752,24.4
68200,25.752,24.4
68300,25.752,24.4
68400,25.752,24.4
68500,25.392000000000003,24.4
68600,25.392000000000003,24.4
68700,25.392000000000003,24.4
68800,25.392000000000003,24.4
68900,25.392000000000003,24.4
69000,24.968,24.4
69100,24.968,24.4
69200,24.552,24.6
69300,24.552,24.6
69400,24.552,24.6
69500,24.552,24.6
69600,24.552,24.6
69700,24.552,24.6
69800,24.552,24.6
69900,24.552,24.6
70000,24.552,24.6
70100,24.4,24.6
70200,24.4,24.6
70300,24.4,24.6
70400,24.4,24.6
70500,24.4,24.6
70600,24.4,24.6
70700,24.4,24.6
70800,24.4,24.6
70900,24.4,24.6
71000,24.4,24.6
71100,24.4,24.6
71200,24.4,24.6
71300,24.384,24.6
71400,24.384,24.6
71500,24.384,24.6
71600,24.384,24.6
71700,24.384,24.6
71800,24.384,24.6
71900,24.384,24.6
72000,24.384,24.6
72100,24.384,24.6
72200,24.384,24.6
72300,24.384,24.6
72400,24.384,24.6
72500,24.384,24.6
72600,24.384,24.6
72700,24.384,24.6
72800,24.384,24.6
72900,24.384,24.6
73000,24.384,24.6
73100,24.384,24.6
73200,24.384,24.6
73300,24.384,24.6
73400,24.216,24.6
73500,24.216,24.6
73600,24.216,24.6
73700,24.216,24.6
73800,24.216,24.6
73900,24.216,24.6
74000,24.216,24.6
74100,24.216,24.6
74200,24.216,24.6
74300,24.216,24.6
74400,24.216,24.6
74500,24.216,24.6
74600,24.216,24.6
74700,24.216,24.6
74800,24.216,24.6
74900,24.216,24.6
75000,24.216,24.6
75100,24.216,24.6
75200,24.216,24.6
75300,24.216,24.6
75400,24.216,24.6
75500,24.216,24.6
75600,24.216,24.6
75700,24.216,24.6
75800,24.216,24.6
75900,24.216,24.6
76000,24.216,24.6
76100,24.216,24.6
76200,24.216,24.6
76300,24.216,24.6
76400,24.216,24.6
76500,24.216,24.6
76600,24.216,24.6
76700,24.216,24.6
76800,23.976,24.6
76900,23.976,24.6
77000,23.976,24.6
77100,23.976,24.6
77200,23.976,24.6
77300,23.976,24.6
77400,23.976,24.6
77500,23.976,24.6
77600,23.976,24.6
77700,23.976,24.6
77800,23.976,24.6
77900,23.976,24.6
78000,23.976,24.6
78100,23.895999999999997,24.6
78200,23.895999999999997,24.6
78300,23.895999999999997,24.6
78400,23.895999999999997,24.6
78500,23.895999999999997,24.6
78600,23.895999999999997,24.6
78700,23.895999999999997,24.6
78800,23.895999999999997,24.6
78900,23.895999999999997,24.6
79000,23.895999999999997,24.6
79100,23.895999999999997,24.6
79200,23.895999999999997,24.6
79300,23.895999999999997,24.6
79400,23.895999999999997,24.6
79500,23.895999999999997,24.6
79600,23.895999999999997,24.6
79700,23.895999999999997,24.6
79800,23.895999999999997,24.6
79900,23.895999999999997,24.6
80000,23.895999999999997,24.6
80100,23.895999999999997,24.6
80200,23.895999999999997,24.6
80300,23.895999999999997,24.6
80400,23.895999999999997,24.6
80500,23.895999999999997,24.6
80600,23.895999999999997,24.6
80700,23.895999999999997,24.6
80800,23.895999999999997,24.6
80900,23.895999999999997,24.6
81000,23.895999999999997,24.6
81100,23.895999999999997,24.6
81200,23.895999999999997,24.6
81300,23.895999999999997,24.6
81400,23.895999999999997,24.6
81500,23.895999999999997,24.6
81600,23.895999999999997,24.6
81700,23.895999999999997,24.6
81800,23.895999999999997,24.6
81900,23.895999999999997,24.6
82000,23.895999999999997,24.6
82100,23.895999999999997,24.6
82200,23.895999999999997,24.6
82300,23.895999999999997,24.6
82400,23.895999999999997,24.6
82500,23.895999999999997,24.6
82600,23.895999999999997,24.6
82700,23.895999999999997,24.6
82800,23.895999999999997,24.6
82900,23.895999999999997,24.6
83000,23.895999999999997,24.6
83100,23.895999999999997,24.6
83200,23.895999999999997,24.6
83300,23.895999999999997,24.6
83400,23.895999999999997,24.6
83500,23.895999999999997,24.6
83600,23.895999999999997,24.6
83700,23.895999999999997,24.6
83800,23.895999999999997,24.6
83900,23.776000000000003,24.6
84000,23.776000000000003,24.6
84100,23.776000000000003,24.6
84200,23.776000000000003,24.6
84300,23.776000000000003,24.6
84400,23.776000000000003,24.6
84500,23.776000000000003,24.6
84600,23.776000000000003,24.6
84700,23.776000000000003,24.6
84800,23.776000000000003,24.6
84900,23.776000000000003,24.6
85000,23.776000000000003,24.6
85100,23.776000000000003,24.6
85200,23.776000000000003,24.6
85300,23.776000000000003,24.6
85400,23.776000000000003,24.6
85500,23.776000000000003,24.6
85600,23.776000000000003,24.6
85700,23.776000000000003,24.6
85800,23.776000000000003,24.6
85900,23.776000000000003,24.6
86000,23.776000000000003,24.6
86100,23.776000000000003,24.6
86200,23.776000000000003,24.6
86300,23.776000000000003,24.6
86400,23.776000000000003,24.6
86500,23.776000000000003,24.6
86600,23.776000000000003,24.6
86700,23.776000000000003,24.6
86800,23.776000000000003,24.6
86900,23.776000000000003,24.6
87000,23.776000000000003,24.6
87100,23.776000000000003,24.6
87200,23.776000000000003,24.6
87300,23.776000000000003,24.6
87400,23.776000000000003,24.6
87500,23.776000000000003,24.6
87600,23.776000000000003,24.6
87700,23.776000000000003,24.6
87800,23.776000000000003,24.6
87900,23.776000000000003,24.6
88000,23.776000000000003,24.6
88100,23.776000000000003,24.6
88200,23.776000000000003,24.6
88300,23.752,24.6
88400,23.752,24.6
88500,23.752,24.6
88600,23.752,24.6
88700,23.752,24.6
88800,23.752,24.6
88900,23.752,24.6
89000,23.752,24.6
89100,23.752,24.6
89200,23.752,24.6
89300,23.752,24.6
89400,23.752,24.6
89500,23.752,24.6
89600,23.752,24.6
89700,23.752,24.6
89800,23.752,24.6
89900,23.752,24.6
90000,23.752,24.6
90100,23.752,24.6
90200,23.752,24.6
90300,23.752,24.6
90400,23.752,24.6
90500,23.752,24.6
90600,23.752,24.6
90700,23.752,24.6
90800,23.544,24.6
90900,23.544,24.6
91000,23.544,24.6
91100,23.544,24.6
91200,23.544,24.6
91300,23.544,24.6
91400,23.544,24.6
91500,23.544,24.6
91600,23.544,24.6
91700,23.544,24.6
91800,23.544,24.6
91900,23.544,24.6
92000,23.544,24.6
92100,23.544,24.6
92200,23.544,24.6
92300,23.544,24.6
92400,23.544,24.6
92500,23.544,24.6
92600,23.544,24.6
92700,23.544,24.6
92800,23.544,24.6
92900,23.544,24.6
93000,23.544,24.6
93100,23.544,24.6
93200,23.544,24.6
93300,23.544,24.6
93400,23.544,24.6
93500,23.544,24.6
93600,23.544,24.6
93700,23.544,24.6
93800,23.544,24.6
93900,23.544,24.6
94000,23.544,24.6
94100,23.544,24.6
94200,23.544,24.6
94300,23.544,24.6
94400,23.544,24.6
94500,23.544,24.6
94600,23.544,24.6
94700,23.544,24.6
94800,23.544,24.6
94900,23.544,24.6
95000,23.544,24.6
95100,23.544,24.6
95200,23.544,24.6
95300,23.544,24.6
95400,23.536,24.6
95500,23.536,24.6
95600,23.536,24.6
95700,23.536,24.6
95800,23.536,24.6
95900,23.536,24.6
96000,23.536,24.6
96100,23.536,24.6
96200,23.536,24.6
96300,23.536,24.6
96400,23.536,24.6
96500,23.536,24.6
96600,23.536,24.6
96700,23.536,24.6
96800,23.536,24.6
96900,23.536,24.6
97000,23.536,24.6
97100,23.536,24.6
97200,23.536,24.6
97300,23.536,24.6
97400,23.536,24.6
97500,23.536,24.6
97600,23.536,24.6
97700,23.536,24.6
97800,23.536,24.6
97900,23.536,24.6
98000,23.536,24.6
98100,23.536,24.6
98200,23.536,24.6
98300,23.536,24.6
98400,23.536,24.6
98500,23.536,24.6
98600,23.536,24.6
98700,23.536,24.6
98800,23.536,24.6
98900,23.536,24.6
99000,23.536,24.6
99100,23.536,24.6
99200,23.536,24.6
99300,23.536,24.6
99400,23.536,24.6
99500,23.536,24.6
99600,23.536,24.6
99700,23.536,24.6
99800,23.536,24.6
99900,23.536,24.6
100000,23.536,24.6
100100,23.536,24.6
100200,23.536,24.6
100300,23.536,24.6
100400,23.536,24.6
100500,23.536,24.6
100600,23.536,24.6
100700,23.536,24.6
100800,23.536,24.6
100900,23.536,24.6
101000,23.536,24.6
101100,23.536,24.6
101200,23.536,24.6
101300,23.536,24.6
101400,23.536,24.6
101500,23.536,24.6
101600,23.536,24.6
101700,23.536,24.6
101800,23.536,24.6
101900,23.536,24.6
102000,23.536,24.6
102100,23.536,24.6
102200,23.128,24.6
102300,23.128,24.6
102400,23.128,24.6
102500,23.128,24.6
102600,23.128,24.6
102700,23.128,24.6
102800,23.128,24.6
102900,23.128,24.6
103000,23.128,24.6
103100,23.128,24.6
103200,23.128,24.6
103300,23.128,24.6
103400,23.128,24.6
103500,23.128,24.6
103600,23.128,24.6
103700,23.128,24.6
103800,23.128,24.6
103900,23.128,24.6
104000,23.128,24.6
104100,23.128,24.6
104200,23.128,24.6
104300,23.128,24.6
104400,23.128,24.6
104500,23.128,24.6
104600,23.128,24.6
104700,23.128,24.6
104800,23.128,24.6
104900,23.128,24.6
105000,23.128,24.6
105100,23.128,24.6
105200,23.128,24.6
105300,23.128,24.6
105400,23.128,24.6
105500,23.128,24.6
105600,23.128,24.6
105700,23.128,24.6
105800,23.128,24.6
105900,23.128,24.6
106000,23.128,24.6
106100,23.128,24.6
106200,23.128,24.6
106300,23.128,24.6
106400,23.128,24.6
106500,23.128,24.6
106600,23.128,24.6
106700,23.128,24.6
106800,23.128,24.6
106900,23.128,24.6
107000,23.128,24.6
107100,23.128,24.6
107200,23.128,24.6
107300,23.128,24.6
107400,23.128,24.6
107500,23.128,24.6
107600,23.128,24.6
107700,23.128,24.6
107800,23.128,24.6
107900,23.128,24.6
108000,23.128,24.6
108100,23.128,24.6
108200,23.128,24.6
108300,23.128,24.6
108400,23.128,24.6
108500,23.128,24.6
108600,23.128,24.6
108700,23.128,24.6
108800,23.128,24.6
108900,23.128,24.6
109000,23.128,24.6
109100,23.128,24.6
109200,23.128,24.6
109300,23.128,24.6
109400,23.128,24.6
109500,23.128,24.6
109600,23.128,24.6
109700,23.128,24.6
109800,23.128,24.6
109900,23.128,24.6
110000,23.128,24.6
110100,23.128,24.6
110200,23.128,24.6
110300,23.128,24.6
110400,23.128,24.6
110500,23.128,24.6
110600,23.128,24.6
110700,23.128,24.6
110800,23.128,24.6
110900,23.128,24.6
111000,22.496000000000002,24.6
111100,22.496000000000002,24.6
111200,22.496000000000002,24.6
111300,22.496000000000002,24.6
111400,22.496000000000002,24.6
111500,22.496000000000002,24.6
111600,22.496000000000002,24.6
111700,22.496000000000002,24.6
111800,22.496000000000002,24.6
111900,22.496000000000002,24.6
112000,22.496000000000002,24.6
112100,22.496000000000002,24.6
112200,22.496000000000002,24.6
112300,22.496000000000002,24.6
112400,22.496000000000002,24.6
112500,22.496000000000002,24.6
112600,22.496000000000002,24.6
112700,22.496000000000002,24.6
112800,22.112000000000002,24.6
112900,22.112000000000002,24.6
113000,22.112000000000002,24.6
113100,22.112000000000002,24.6
113200,22.112000000000002,24.6
113300,22.112000000000002,24.6
113400,22.112000000000002,24.6
113500,22.112000000000002,24.6
113600,22.112000000000002,24.6
113700,22.112000000000002,24.6
113800,22.112000000000002,24.6
113900,22.112000000000002,24.6
114000,22.112000000000002,24.6
114100,22.112000000000002,24.6
114200,22.112000000000002,24.6
114300,22.112000000000002,24.6
114400,22.112000000000002,24.6
114500,22.112000000000002,24.6
114600,22.112000000000002,24.6
114700,22.112000000000002,24.6
114800,22.112000000000002,24.6
114900,22.112000000000002,24.6
115000,22.112000000000002,24.6
115100,22.112000000000002,24.6
115200,22.112000000000002,24.6
115300,22.112000000000002,24.6
115400,22.112000000000002,24.6
115500,22.112000000000002,24.6
115600,22.112000000000002,24.6
115700,22.112000000000002,24.6
115800,22.112000000000002,24.6
115900,22.112000000000002,24.6
116000,22.112000000000002,24.6
116100,22.112000000000002,24.6
116200,22.112000000000002,24.6
116300,22.112000000000002,24.6
116400,22.112000000000002,24.6
116500,22.112000000000002,24.6
116600,22.112000000000002,24.6
116700,22.112000000000002,24.6
116800,22.112000000000002,24.6
116900,22.112000000000002,24.6
117000,22.112000000000002,24.6
117100,22.112000000000002,24.6
117200,22.112000000000002,24.6
117300,22.112000000000002,24.6
117400,22.112000000000002,24.6
117500,22.112000000000002,24.6
117600,22.112000000000002,24.6
117700,22.112000000000002,24.6
117800,22.112000000000002,24.6
117900,22.112000000000002,24.6
118000,22.112000000000002,24.6
118100,22.112000000000002,24.6
118200,22.112000000000002,24.6
118300,22.112000000000002,24.6
118400,22.112000000000002,24.6
118500,22.112000000000002,24.6
118600,22.112000000000002,24.6
118700,22.112000000000002,24.6
118800,22.112000000000002,24.6
118900,22.112000000000002,24.6
119000,22.112000000000002,24.6
119100,22.112000000000002,24.6
119200,22.112000000000002,24.6
119300,22.112000000000002,24.6
119400,22.112000000000002,24.6
119500,22.112000000000002,24.6
119600,22.112000000000002,24.6
119700,22.112000000000002,24.6
119800,22.112000000000002,24.6
119900,22.112000000000002,24.6
120000,22.112000000000002,24.6
120100,22.112000000000002,24.6
120200,22.112000000000002,24.6
120300,22.112000000000002,24.6
120400,22.112000000000002,24.6
120500,22.112000000000002,24.6
120600,22.112000000000002,24.6
120700,22.112000000000002,24.6
120800,22.112000000000002,24.6
120900,22.112000000000002,24.6
121000,22.112000000000002,24.6
121100,22.112000000000002,24.6
121200,22.112000000000002,24.6
121300,22.112000000000002,24.6
121400,22.112000000000002,24.6
121500,22.112000000000002,24.6
121600,22.112000000000002,24.6
121700,22.112000000000002,24.6
121800,22.112000000000002,24.6
121900,22.112000000000002,24.6
122000,22.112000000000002,24.6
122100,22.112000000000002,24.6
122200,22.112000000000002,24.6
122300,22.112000000000002,24.6
122400,22.112000000000002,24.6
122500,22.112000000000002,24.6
122600,22.112000000000002,24.6
122700,22.112000000000002,24.6
122800,22.112000000000002,24.6
122900,22.112000000000002,24.6
123000,22.112000000000002,24.6
123100,22.112000000000002,24.6
123200,22.112000000000002,24.6
123300,22.112000000000002,24.6
123400,22.112000000000002,24.6
123500,22.112000000000002,24.6
123600,22.112000000000002,24.6
123700,22.112000000000002,24.6
123800,22.112000000000002,24.6
123900,22.112000000000002,24.6
124000,22.112000000000002,24.6
124100,22.112000000000002,24.6
124200,22.112000000000002,24.6
124300,21.791999999999998,24.8
124400,21.791999999999998,24.8
124500,21.791999999999998,24.8
124600,21.791999999999998,24.8
124700,21.791999999999998,24.8
124800,21.791999999999998,24.8
124900,21.791999999999998,24.8
125000,21.791999999999998,24.8
125100,21.791999999999998,24.8
125200,21.791999999999998,24.8
125300,21.791999999999998,24.8
125400,21.791999999999998,24.8
125500,21.791999999999998,24.8
125600,21.791999999999998,24.8
125700,21.791999999999998,24.8
125800,21.791999999999998,24.8
125900,21.791999999999998,24.8
126000,21.791999999999998,24.8
126100,21.791999999999998,24.8
126200,21.791999999999998,24.8
126300,21.791999999999998,24.8
126400,21.791999999999998,24.8
126500,21.791999999999998,24.8
126600,21.791999999999998,24.8
126700,21.791999999999998,24.8
126800,21.791999999999998,24.8
126900,21.791999999999998,24.8
127000,21.791999999999998,24.8
127100,21.791999999999998,24.8
127200,21.791999999999998,24.8
127300,21.791999999999998,24.8
127400,21.791999999999998,24.8
127500,21.791999999999998,24.8
127600,21.791999999999998,24.8
127700,21.791999999999998,24.8
127800,21.791999999999998,24.8
127900,21.791999999999998,24.8
128000,21.791999999999998,24.8
128100,21.791999999999998,24.8
128200,21.791999999999998,24.8
128300,21.791999999999998,24.8
128400,21.791999999999998,24.8
128500,21.791999999999998,24.8
128600,21.791999999999998,24.8
128700,21.791999999999998,24.8
128800,21.791999999999998,24.8
128900,21.791999999999998,24.8
129000,21.791999999999998,24.8
129100,21.791999999999998,24.8
129200,21.791999999999998,24.8
129300,21.791999999999998,24.8
129400,21.791999999999998,24.8
129500,21.791999999999998,24.8
129600,21.791999999999998,24.8
129700,21.791999999999998,24.8
129800,21.791999999999998,24.8
129900,21.791999999999998,24.8
130000,21.791999999999998,24.8
130100,21.791999999999998,24.8
130200,21.791999999999998,24.8
130300,21.791999999999998,24.8
130400,21.791999999999998,24.8
130500,21.791999999999998,24.8
130600,21.791999999999998,24.8
130700,21.791999999999998,24.8
130800,21.791999999999998,24.8
130900,21.791999999999998,24.8
131000,21.791999999999998,24.8
131100,21.791999999999998,24.8
131200,21.791999999999998,24.8
131300,21.791999999999998,24.8
131400,21.791999999999998,24.8
131500,21.791999999999998,24.8
131600,21.791999999999998,24.8
131700,21.791999999999998,24.8
131800,21.791999999999998,24.8
131900,21.791999999999998,24.8
132000,21.791999999999998,24.8
132100,21.791999999999998,24.8
132200,21.791999999999998,24.8
132300,21.791999999999998,24.8
132400,21.791999999999998,24.8
132500,21.791999999999998,24.8
132600,21.791999999999998,24.8
132700,21.791999999999998,24.8
132800,21.791999999999998,24.8
132900,21.791999999999998,24.8
133000,21.791999999999998,24.8
133100,21.791999999999998,24.8
133200,21.791999999999998,24.8
133300,21.791999999999998,24.8
133400,21.791999999999998,24.8
133500,21.791999999999998,24.8
133600,21.791999999999998,24.8
133700,21.791999999999998,24.8
133800,21.791999999999998,24.8
133900,21.791999999999998,24.8
134000,21.791999999999998,24.8
134100,21.791999999999998,24.8
134200,21.791999999999998,24.8
134300,21.791999999999998,24.8
134400,21.791999999999998,24.8
134500,21.791999999999998,24.8
134600,21.791999999999998,24.8
134700,21.791999999999998,24.8
134800,21.791999999999998,24.8
134900,21.791999999999998,24.8
135000,21.791999999999998,24.8
135100,21.791999999999998,24.8
135200,21.791999999999998,24.8
135300,21.791999999999998,24.8
135400,21.791999999999998,24.8
135500,21.791999999999998,24.8
135600,21.791999999999998,24.8
135700,21.791999999999998,24.8
135800,21.791999999999998,24.8
135900,21.791999999999998,24.8
136000,21.791999999999998,24.8
136100,21.791999999999998,24.8
136200,21.791999999999998,24.8
136300,21.791999999999998,24.8
136400,21.791999999999998,24.8
136500,21.791999999999998,24.8
136600,21.791999999999998,24.8
136700,21.791999999999998,24.8
136800,21.791999999999998,24.8
136900,21.791999999999998,24.8
137000,21.791999999999998,24.8
137100,21.791999999999998,24.8
137200,21.791999999999998,24.8
137300,21.791999999999998,24.8
137400,21.791999999999998,24.8
137500,21.791999999999998,24.8
137600,21.791999999999998,24.8
137700,21.791999999999998,24.8
137800,21.791999999999998,24.8
137900,21.791999999999998,24.8
138000,21.791999999999998,24.8
138100,21.791999999999998,24.8
138200,21.791999999999998,24.8
138300,21.791999999999998,24.8
138400,21.791999999999998,24.8
138500,21.791999999999998,24.8
138600,21.791999999999998,24.8
138700,21.791999999999998,24.8
138800,21.791999999999998,24.8
138900,21.791999999999998,24.8
139000,21.791999999999998,24.8
139100,21.791999999999998,24.8
139200,21.791999999999998,24.8
139300,21.791999999999998,24.8
139400,21.791999999999998,24.8
139500,21.791999999999998,24.8
139600,21.791999999999998,24.8
139700,21.791999999999998,24.8
139800,21.791999999999998,24.8
139900,21.791999999999998,24.8
140000,21.791999999999998,24.8
140100,21.791999999999998,24.8
140200,21.791999999999998,24.8
140300,21.791999999999998,24.8
140400,21.791999999999998,24.8
140500,21.791999999999998,24.8
140600,21.791999999999998,24.8
140700,21.791999999999998,24.8
140800,21.791999999999998,24.8
140900,21.791999999999998,24.8
141000,21.791999999999998,24.8
141100,21.791999999999998,24.8
141200,21.791999999999998,24.8
141300,21.791999999999998,24.8
141400,21.791999999999998,24.8
141500,21.791999999999998,24.8
141600,21.791999999999998,24.8
141700,21.791999999999998,24.8
141800,21.791999999999998,24.8
141900,21.791999999999998,24.8
142000,21.791999999999998,24.8
142100,21.791999999999998,24.8
142200,21.791999999999998,24.8
142300,21.791999999999998,24.8
142400,21.791999999999998,24.8
142500,21.791999999999998,24.8
142600,21.791999999999998,24.8
142700,21.791999999999998,24.8
142800,21.791999999999998,24.8
142900,21.791999999999998,24.8
143000,21.791999999999998,24.8
143100,21.791999999999998,24.8
143200,21.791999999999998,24.8
143300,21.791999999999998,24.8
143400,21.791999999999998,24.8
143500,21.791999999999998,24.8
143600,21.791999999999998,24.8
143700,21.791999999999998,24.8
143800,21.791999999999998,24.8
143900,21.791999999999998,24.8
144000,21.791999999999998,24.8
144100,21.791999999999998,24.8
144200,21.791999999999998,24.8
144300,21.791999999999998,24.8
144400,21.791999999999998,24.8
144500,21.791999999999998,24.8
144600,21.791999999999998,24.8
144700,21.791999999999998,24.8
144800,21.791999999999998,24.8
144900,21.791999999999998,24.8
145000,21.791999999999998,24.8
145100,21.791999999999998,24.8
145200,21.791999999999998,24.8
145300,21.791999999999998,24.8
145400,21.791999999999998,24.8
145500,21.791999999999998,24.8
145600,21.791999999999998,24.8
145700,21.791999999999998,24.8
145800,21.791999999999998,24.8
145900,21.791999999999998,24.8
146000,21.791999999999998,24.8
146100,21.791999999999998,24.8
146200,21.791999999999998,24.8
146300,21.791999999999998,24.8
146400,21.791999999999998,24.8
146500,21.791999999999998,24.8
146600,21.791999999999998,24.8
146700,21.791999999999998,24.8
146800,21.791999999999998,24.8
146900,21.791999999999998,24.8
147000,21.791999999999998,24.8
147100,21.791999999999998,24.8
147200,21.791999999999998,24.8
147300,21.791999999999998,24.8
147400,21.791999999999998,24.8
147500,21.791999999999998,24.8
147600,21.791999999999998,24.8
147700,21.791999999999998,24.8
147800,21.791999999999998,24.8
147900,21.791999999999998,24.8
148000,21.791999999999998,24.8
148100,21.791999999999998,24.8
148200,21.791999999999998,24.8
148300,21.791999999999998,24.8
148400,21.791999999999998,24.8
148500,21.791999999999998,24.8
148600,21.791999999999998,24.8
148700,21.791999999999998,24.8
148800,21.791999999999998,24.8
148900,21.791999999999998,24.8
149000,21.791999999999998,24.8
149100,21.791999999999998,24.8
149200,21.791999999999998,24.8
149300,21.791999999999998,24.8
149400,21.791999999999998,24.8
149500,21.791999999999998,24.8
149600,21.791999999999998,24.8
149700,21.791999999999998,24.8
149800,21.791999999999998,24.8
149900,21.791999999999998,24.8
150000,21.791999999999998,24.8
150100,21.791999999999998,24.8
150200,21.791999999999998,24.8
150300,21.791999999999998,24.8
150400,21.791999999999998,24.8
150500,21.791999999999998,24.8
150600,21.791999999999998,24.8
150700,21.791999999999998,24.8
150800,21.791999999999998,24.8
150900,21.791999999999998,24.8
151000,21.791999999999998,24.8
151100,21.791999999999998,24.8
151200,21.791999999999998,24.8
151300,21.791999999999998,24.8
151400,21.791999999999998,24.8
151500,21.791999999999998,24.8
151600,21.791999999999998,24.8
151700,21.791999999999998,24.8
151800,21.791999999999998,24.8
151900,21.791999999999998,24.8
152000,21.791999999999998,24.8
152100,21.791999999999998,24.8
152200,21.791999999999998,24.8
152300,21.791999999999998,24.8
152400,21.791999999999998,24.8
152500,21.791999999999998,24.8
152600,21.791999999999998,24.8
152700,21.791999999999998,24.8
152800,21.791999999999998,24.8
152900,21.791999999999998,24.8
153000,21.791999999999998,24.8
153100,21.791999999999998,24.8
153200,21.791999999999998,24.8
153300,21.791999999999998,24.8
153400,21.791999999999998,24.8
153500,21.791999999999998,24.8
153600,21.791999999999998,24.8
153700,21.791999999999998,24.8
153800,21.791999999999998,24.8
153900,21.791999999999998,24.8
154000,21.791999999999998,24.8
154100,21.791999999999998,24.8
154200,21.791999999999998,24.8
154300,21.791999999999998,24.8
154400,21.791999999999998,24.8
154500,21.791999999999998,24.8
154600,21.791999999999998,24.8
154700,21.791999999999998,24.8
154800,21.791999999999998,24.8
154900,21.791999999999998,24.8
155000,21.791999999999998,24.8
155100,21.791999999999998,24.8
155200,21.791999999999998,24.8
155300,21.791999999999998,24.8
155400,21.791999999999998,24.8
155500,21.791999999999998,24.8
155600,21.791999999999998,24.8
155700,21.791999999999998,24.8
155800,21.791999999999998,24.8
155900,21.791999999999998,24.8
156000,21.791999999999998,24.8
156100,21.791999999999998,24.8
156200,21.791999999999998,24.8
156300,21.791999999999998,24.8
156400,21.791999999999998,24.8
156500,21.791999999999998,24.8
156600,21.791999999999998,24.8
156700,21.791999999999998,24.8
156800,21.791999999999998,24.8
156900,21.791999999999998,24.8
157000,21.791999999999998,24.8
157100,21.791999999999998,24.8
157200,21.791999999999998,24.8
157300,21.791999999999998,24.8
157400,21.791999999999998,24.8
157500,21.791999999999998,24.8
157600,21.791999999999998,24.8
157700,21.791999999999998,24.8
157800,21.791999999999998,24.8
157900,21.791999999999998,24.8
158000,21.791999999999998,24.8
158100,21.791999999999998,24.8
158200,21.791999999999998,24.8
158300,21.791999999999998,24.8
158400,21.791999999999998,24.8
158500,21.791999999999998,24.8
158600,21.791999999999998,24.8
158700,21.791999999999998,24.8
158800,21.791999999999998,24.8
158900,21.791999999999998,24.8
159000,21.791999999999998,24.8
159100,21.791999999999998,24.8
159200,21.791999999999998,24.8
159300,21.791999999999998,24.8
159400,21.791999999999998,24.8
159500,21.791999999999998,24.8
159600,21.791999999999998,24.8
159700,21.791999999999998,24.8
159800,21.791999999999998,24.8
159900,21.791999999999998,24.8
160000,21.791999999999998,24.8
160100,21.791999999999998,24.8
160200,21.392,24.8
160300,21.392,24.8
160400,21.392,24.8
160500,21.392,24.8
160600,21.392,24.8
160700,21.392,24.8
160800,21.392,24.8
160900,21.392,24.8
161000,21.392,24.8
161100,21.392,24.8
161200,21.392,24.8
161300,21.392,24.8
161400,21.392,24.8
161500,21.392,24.8
161600,21.392,24.8
161700,21.392,24.8
161800,21.392,24.8
161900,21.392,24.8
162000,21.392,24.8
162100,21.392,24.8
162200,21.392,24.8
162300,21.392,24.8
162400,21.392,24.8
162500,21.392,24.8
162600,21.392,24.8
162700,21.392,24.8
162800,21.392,24.8
162900,21.392,24.8
163000,21.392,24.8
163100,21.392,24.8
163200,21.392,24.8
163300,21.392,24.8
163400,21.392,24.8
163500,21.392,24.8
163600,21.392,24.8
163700,21.392,24.8
163800,21.392,24.8
163900,21.392,24.8
164000,21.392,24.8
164100,21.392,24.8
164200,21.392,24.8
164300,21.392,24.8
164400,21.392,24.8
164500,21.392,24.8
164600,21.392,24.8
164700,21.392,24.8
164800,21.392,24.8
164900,21.392,24.8
165000,21.392,24.8
165100,21.392,24.8
165200,21.392,24.8
165300,21.392,24.8
165400,21.392,24.8
165500,21.392,24.8
165600,21.392,24.8
165700,21.392,24.8
165800,21.392,24.8
165900,21.392,24.8
166000,21.392,24.8
166100,21.392,24.8
166200,21.392,24.8
166300,21.392,24.8
166400,21.392,24.8
166500,21.392,24.8
166600,21.392,24.8
166700,21.392,24.8
166800,21.392,24.8
166900,21.392,24.8
167000,21.392,24.8
167100,21.392,24.8
167200,21.392,24.8
167300,21.392,24.8
167400,21.392,24.8
167500,21.392,24.8
167600,21.392,24.8
167700,21.392,24.8
167800,21.392,24.8
167900,21.392,24.8
168000,21.392,24.8
168100,21.392,24.8
168200,21.392,24.8
168300,21.392,24.8
168400,21.392,24.8
168500,21.392,24.8
168600,21.392,24.8
168700,21.392,24.8
168800,21.392,24.8
168900,21.392,24.8
169000,21.392,24.8
169100,21.392,24.8
169200,21.392,24.8
169300,21.392,24.8
169400,21.392,24.8
169500,21.392,24.8
169600,21.392,24.8
169700,21.392,24.8
169800,21.392,24.8
169900,21.392,24.8
170000,21.392,24.8
170100,21.392,24.8
170200,21.392,24.8
170300,21.392,24.8
170400,21.392,24.8
170500,21.392,24.8
170600,21.392,24.8
170700,21.392,24.8
170800,21.392,24.8
170900,21.392,24.8
171000,21.392,24.8
171100,21.392,24.8
171200,21.392,24.8
171300,21.392,24.8
171400,21.392,24.8
171500,21.392,24.8
171600,21.392,24.8
171700,21.392,24.8
171800,21.392,24.8
171900,21.392,24.8
172000,21.392,24.8
172100,21.392,24.8
172200,21.392,24.8
172300,21.392,24.8
172400,21.392,24.8
172500,21.392,24.8
172600,21.392,24.8
172700,21.392,24.8
172800,21.392,24.8
172900,21.392,24.8
173000,21.392,24.8
173100,21.392,24.8
173200,21.392,24.8
173300,21.392,24.8
173400,21.392,24.8
173500,21.392,24.8
173600,21.392,24.8
173700,21.392,24.8
173800,21.392,24.8
173900,21.392,24.8
174000,21.392,24.8
174100,21.392,24.8
174200,21.368000000000002,24.8
174300,21.368000000000002,24.8
174400,21.368000000000002,24.8
174500,21.368000000000002,24.8
174600,21.368000000000002,24.8
174700,21.368000000000002,24.8
174800,21.368000000000002,24.8
174900,21.368000000000002,24.8
175000,21.368000000000002,24.8
175100,21.368000000000002,24.8
175200,21.368000000000002,24.8
175300,21.368000000000002,24.8
175400,21.368000000000002,24.8
175500,21.368000000000002,24.8
175600,21.368000000000002,24.8
175700,21.368000000000002,24.8
175800,21.368000000000002,24.8
175900,21.368000000000002,24.8
176000,21.368000000000002,24.8
176100,21.368000000000002,24.8
176200,21.368000000000002,24.8
176300,21.368000000000002,24.8
176400,21.368000000000002,24.8
176500,21.368000000000002,24.8
176600,21.368000000000002,24.8
176700,21.368000000000002,24.8
176800,21.368000000000002,24.8
176900,21.368000000000002,24.8
177000,21.368000000000002,24.8
177100,21.368000000000002,24.8
177200,21.368000000000002,24.8
177300,21.368000000000002,24.8
177400,21.368000000000002,24.8
177500,21.368000000000002,24.8
177600,21.368000000000002,24.8
177700,21.368000000000002,24.8
177800,21.368000000000002,24.8
177900,21.368000000000002,24.8
178000,21.368000000000002,24.8
178100,21.368000000000002,24.8
178200,21.368000000000002,24.8
178300,21.368000000000002,24.8
178400,21.368000000000002,24.8
178500,21.368000000000002,24.8
178600,21.368000000000002,24.8
178700,21.368000000000002,24.8
178800,21.368000000000002,24.8
178900,21.368000000000002,24.8
179000,21.368000000000002,24.8
179100,21.368000000000002,24.8
179200,21.368000000000002,24.8
179300,21.368000000000002,24.8
179400,21.368000000000002,24.8
179500,21.368000000000002,24.8
179600,21.368000000000002,24.8
179700,21.368000000000002,24.8
179800,21.368000000000002,24.8
179900,21.368000000000002,24.8
180000,21.368000000000002,24.8
180100,21.368000000000002,24.8
180200,21.368000000000002,24.8
180300,21.368000000000002,24.8
180400,21.368000000000002,24.8
180500,21.368000000000002,24.8
180600,21.368000000000002,24.8
180700,21.368000000000002,24.8
180800,21.368000000000002,24.8
180900,21.368000000000002,24.8
181000,21.368000000000002,24.8
181100,21.368000000000002,24.8
181200,21.368000000000002,24.8
181300,21.368000000000002,24.8
181400,21.368000000000002,24.8
181500,21.368000000000002,24.8
181600,21.368000000000002,24.8
181700,21.368000000000002,24.8
181800,21.368000000000002,24.8
181900,21.368000000000002,24.8
182000,21.368000000000002,24.8
182100,21.368000000000002,24.8
182200,21.368000000000002,24.8
182300,21.368000000000002,24.8
182400,21.368000000000002,24.8
182500,21.368000000000002,24.8
182600,21.368000000000002,24.8
182700,21.368000000000002,24.8
182800,21.368000000000002,24.8
182900,21.368000000000002,24.8
183000,21.368000000000002,24.8
183100,21.368000000000002,24.8
183200,21.368000000000002,24.8
183300,21.368000000000002,24.8
183400,21.368000000000002,24.8
183500,21.368000000000002,24.8
183600,21.368000000000002,24.8
183700,21.368000000000002,24.8
183800,21.368000000000002,24.8
183900,21.368000000000002,24.8
184000,21.368000000000002,24.8
184100,21.168,24.8
184200,21.168,24.8
184300,21.168,24.8
184400,21.168,24.8
184500,21.168,24.8
184600,21.168,24.8
184700,21.168,24.8
184800,21.168,24.8
184900,21.168,24.8
185000,21.168,24.8
185100,21.168,24.8
185200,21.168,24.8
185300,21.168,24.8
185400,21.168,24.8
185500,21.168,24.8
185600,21.168,24.8
185700,21.168,24.8
185800,21.168,24.8
185900,21.168,24.8
186000,21.168,24.8
186100,21.168,24.8
186200,21.168,24.8
186300,21.168,24.8
186400,21.168,24.8
186500,21.168,24.8
186600,21.168,24.8
186700,21.168,24.8
186800,21.168,24.8
186900,21.168,24.8
187000,21.168,24.8
187100,21.168,24.8
187200,21.168,24.8
187300,21.168,24.8
187400,21.168,24.8
187500,21.168,24.8
187600,21.168,24.8
187700,21.168,24.8
187800,21.168,24.8
187900,21.168,24.8
188000,21.168,24.8
188100,21.168,24.8
188200,21.168,24.8
188300,21.168,24.8
188400,21.168,24.8
188500,21.168,24.8
188600,21.168,24.8
188700,21.168,24.8
188800,21.168,24.8
188900,21.168,24.8
189000,21.168,24.8
189100,21.168,24.8
189200,21.168,24.8
189300,21.168,24.8
189400,21.168,24.8
189500,21.168,24.8
189600,21.168,24.8
189700,21.168,24.8
189800,21.168,24.8
189900,21.168,24.8
190000,21.168,24.8
190100,21.168,24.8
190200,21.168,24.8
190300,21.168,24.8
190400,21.168,24.8
190500,21.168,24.8
190600,21.168,24.8
190700,21.168,24.8
190800,21.168,24.8
190900,21.168,24.8
191000,21.168,24.8
191100,21.168,24.8
191200,21.168,24.8
191300,21.168,24.8
191400,21.168,24.8
191500,21.168,24.8
191600,21.168,24.8
191700,21.168,24.8
191800,21.168,24.8
191900,21.168,24.8
192000,21.168,24.8
192100,21.168,24.8
192200,21.168,24.8
192300,21.168,24.8
192400,21.168,24.8
192500,21.168,24.8
192600,21.168,24.8
192700,21.168,24.8
192800,21.168,24.8
192900,21.168,24.8
193000,21.168,24.8
193100,21.168,24.8
193200,21.168,24.8
193300,21.168,24.8
193400,21.168,24.8
193500,21.168,24.8
193600,21.168,24.8
193700,21.168,24.8
193800,21.168,24.8
193900,21.168,24.8
194000,21.168,24.8
194100,21.168,24.8
194200,21.168,24.8
194300,21.168,24.8
194400,21.168,24.8
194500,21.168,24.8
194600,21.168,24.8
194700,21.168,24.8
194800,21.168,24.8
194900,21.168,24.8
195000,21.168,24.8
195100,21.168,24.8
195200,21.168,24.8
195300,21.168,24.8
195400,21.168,24.8
195500,21.168,24.8
195600,21.168,24.8
195700,21.168,24.8
195800,21.168,24.8
195900,21.168,24.8
196000,21.168,24.8
196100,21.168,24.8
196200,21.168,24.8
196300,21.168,24.8
196400,21.168,24.8
196500,21.168,24.8
196600,21.168,24.8
196700,21.168,24.8
196800,21.168,24.8
196900,21.168,24.8
197000,21.168,24.8
197100,21.168,24.8
197200,21.168,24.8
197300,21.168,24.8
197400,21.168,24.8
197500,21.168,24.8
197600,21.168,24.8
197700,21.168,24.8
197800,21.168,24.8
197900,21.168,24.8
198000,21.168,24.8
198100,21.168,24.8
198200,21.168,24.8
198300,21.168,24.8
198400,21.168,24.8
198500,21.168,24.8
198600,21.168,24.8
198700,21.168,24.8
198800,21.168,24.8
198900,21.168,24.8
199000,21.168,24.8
199100,21.168,24.8
199200,21.168,24.8
199300,21.168,24.8
199400,21.168,24.8
199500,21.168,24.8
199600,21.168,24.8
199700,21.168,24.8
199800,21.168,24.8
199900,21.168,24.8
199999,21.168,24.8

START ALGORITHM
h1: (a24 - a45) * (b25 + b31 + b24 + b42 + b24 - b12)
h2: (a45 + a33 + a32 + a32 + a42 + a13 + a22 + a11 + a35 - a35 - a34 - a35 - a21) * (-b51)
h4: (-a13) * (b22 + b25 + b55 + b31 + b31 - b12 - b24 - b22)
h9: (a45 - a42 - a55) * (b43 - b44 - b53 - b45 - b34)
h20: (a14 + a42 + a23 - a51) * (b53 - b22 - b43 - b51 - b45 - b52 - b35)
h31: (a25 + a21) * (-b42 - b53 - b22 - b23 - b32)
h44: (-a14 - a15) * (b33 - b15)
h50: (a33 + a15 - a31 - a55 - a33 - a53) * (b12 - b34 - b21)
h52: (-a15 - a24) * (b15)
h59: (-a44) * (b23 + b21 + b33 + b31 + b22 + b25 + b53 - b15 - b34 - b43 - b22 - b42 - b31 - b52)
h65: (a12 + a33 + a14 + a23 + a35 - a13 - a35 - a33 - a53 - a25 - a52 - a11 - a42 - a24 - a32) * (b15 + b31 + b42 + b53 + b12 + b31 - b14 - b42 - b53 - b12 - b53 - b21 - b43 - b24)
h66: (a21 - a31 - a12) * (b24 + b22 + b43 + b21 - b35 - b22)
h75: (a22 + a25 + a34 + a12 + a41 + a44) * (b55 + b41 + b34 + b21 + b31 + b53 - b23 - b23 - b51 - b22)
h82: (a32 + a43 + a51) * (b43 + b53 + b55 + b43 + b52 + b12 + b31 + b34 + b44 + b51 - b52 - b11 - b15 - b44 - b53 - b14)
h86: (a34 + a51 + a51 - a44 - a52 - a11) * (b51 - b55 - b31 - b52)
h87: (a44 + a52 + a35) * (b44 + b53 + b55 + b24 + b34 + b41 + b32 + b33 + b32 - b31 - b53 - b15 - b11 - b32 - b43 - b23 - b24 - b33 - b55 - b42)
h88: (a54 - a13) * (b42 + b12 + b31 + b34 + b53 + b11 + b13 + b53 + b55 + b34 - b54 - b33 - b45 - b35 - b13 - b12)
h90: (a54) * (-b44)
h97: (a42 + a51 + a15 - a54 - a52) * (b43 + b54 + b54 + b53 + b23 + b51 + b55 + b12 - b42 - b11 - b14 - b13 - b15 - b15 - b53 - b22)
h101: (a23 + a55 + a55 + a25 - a14 - a22) * (b43 + b41 + b22 + b44 + b41 + b55 + b25 + b22 + b13 + b35 - b21 - b44 - b34 - b35 - b51 - b24 - b25 - b41)
h102: (a12 + a41) * (b14 + b24 - b54 - b35 - b44 - b25)
h115: (a51 + a32 - a21) * (b52 + b43 + b21 - b14 - b33 - b44 - b45)
h120: (-a32 - a45 - a54) * (b35 - b25 - b32)
h133: (a43 + a24 + a51 + a32 - a13) * (b33 + b42 + b25 + b31 + b43 + b25 + b23 + b32 - b43 - b21 - b41 - b23 - b45 - b35 - b45 - b14 - b51 - b21)
h144: (a21 + a34 + a35 - a32 - a52 - a33) * (b25 + b21 + b34 + b32 + b53 + b34 - b33)
h149: (-a54) * (b24 + b23 + b55 + b44 + b45 + b23 + b11 - b41 - b54 - b12 - b31 - b25 - b11 - b32 - b31 - b45 - b11 - b41 - b42)
h159: (a23) * (b23 + b11 + b35 + b14 - b43 - b51 - b53 - b11 - b15)
h160: (a54 - a51) * (b43 + b32 + b23 + b44 + b24 + b45 - b12 - b21)
h176: (a12 + a21 + a35 - a11) * (b23 + b33 + b32 + b31 - b54 - b32)
h189: (-a35) * (b11 + b43 + b55 + b32 + b45 + b14 + b42 + b43 - b54 - b31 - b55)
h216: (-a15) * (b21 + b45 + b24 + b42 + b23 - b15 - b31)
h224: (-a53) * (b13 + b55 + b23 - b21)
h239: (a34) * (b35 + b45 + b22 + b43 - b14 - b34 - b32 - b51 - b54 - b21 - b24 - b22)
h245: (a13 + a54 - a22) * (b25)
h270: (a41 + a51 + a11 + a21 - a15 - a54 - a45) * (b43 + b45 + b24 + b51 + b25 - b43 - b34 - b22 - b42 - b12 - b14 - b34)
h358: (a45 + a45) * (b41 + b43 - b34 - b31 - b43 - b33 - b42)
h530: (a22) * (b53 + b14 + b51 - b44 - b22 - b31 - b25)
h690: (a22) * (b35 + b52 + b33 + b33 + b42)
h912: (-a32) * (b43 + b33 + b24 + b21 - b32 - b33 - b53 - b44 - b12 - b35 - b25 - b51 - b23)
h1029: (-a42) * (b42 + b33 + b41 - b14 - b23 - b55 - b12)
h1855: (-a44 - a11) * (b24 - b34 - b42 - b11)
h7247: (-a52 - a34 - a55) * (b54 + b32 - b23)
h9666: (a51 + a33 + a42 + a25 + a21 + a35 + a51 - a22 - a54 - a52 - a54 - a24 - a31) * (b54 + b55 + b25 + b25 + b13 + b41 - b23 - b55 - b51 - b35)
h9930: (a54) * (b44)
h10151: (a12) * (b14 + b33 - b15 - b51 - b12)
h10802: (-a22) * (b23 + b54)
h11098: (a44 + a31) * (b14 + b24 + b34 + b22 + b45 - b11 - b35 - b24 - b23)
h15505: (-a55 - a42) * (b32 + b35 + b24 + b25 - b53 - b24 - b44)
h16933: (a21 + a32 - a33 - a14 - a21 - a45 - a22) * (b31 + b11 + b53 - b51 - b35 - b22 - b54)
h18600: (a23) * (b23 + b25 + b41 + b12 + b51 + b45 + b45 + b43 + b13 + b25 - b24 - b54 - b21 - b53)
h19807: (a52 - a51 - a12 - a13 - a51) * (b22 + b45 + b25 + b11 + b32 + b41 - b33 - b42 - b34 - b52 - b24 - b54 - b53)
h19808: (-a14) * (b54 + b53 - b41 - b31 - b51 - b15 - b42)
c11: h87 + h86 + h97 + h82 + h102 - h102 
c12: h133 + h65 - h133 - h1029 
c13: h31 - h65 
c14: h115 + h9 - h912 - h19807 - h19808 
c15: - h90 - h189 - h216 
c21: h176 + h97 - h31 - h7247 
c22: h4 + h159 + h9 
c23: h1855 - h245 
c24: h86 + h101 - h10802 
c25: h120 + h75 
c31: h358 + h44 
c32: h1 - h59 
c33: h9 + h120 + h59 + h90 + h224 - h4 - h270 - h10151 
c34: h133 + h15505 
c35: h82 + h86 + h20 + h690 + h7247 - h50 - h239 - h18600 
c41: h9930 - h59 - h9666 
c42: h160 + h44 - h44 
c43: h1855 - h88 
c44: h50 + h224 + h86 + h144 + h19808 + h19807 - h20 
c45: h66 + h101 + h44 + h120 + h86 + h11098 + h86 
c51: h52 + h87 
c52: h4 
c53: h31 + h144 + h160 + h9 - h59 
c54: h149 + h16933 - h2 - h159 
c55: h75 + h160 - h530 
