0,169.464,25
100,115.84,24.8
200,95.152,24.4
300,85.288,24.8
400,78.43199999999999,24.8
500,71.088,24.6
600,69.544,24.6
700,67.376,24.6
800,65.328,24.6
900,63.21600000000001,24.6
1000,62.464,24.4
1100,61.455999999999996,24.4
1200,60.815999999999995,24.6
1300,58.024,24.6
1400,57.288,24.6
1500,57.016000000000005,24.6
1600,56.448,24.8
1700,56.128,24.8
1800,56.128,24.8
1900,56.064,24.8
2000,54.552,24.8
2100,54.19200000000001,24.8
2200,53.80800000000001,25
2300,52.824,25
2400,52.736000000000004,25
2500,52.208000000000006,25
2600,51.824,25
2700,51.18399999999999,25
2800,51.18399999999999,25
2900,51.112,25
3000,49.472,25
3100,47.8,25
3200,47.8,25
3300,47.544,25
3400,47.44,25
3500,47.336,25
3600,47.336,25
3700,46.760000000000005,25
3800,46.760000000000005,25
3900,46.144000000000005,25
4000,45.376,25
4100,44.472,25
4200,44.472,25
4300,44.472,25
4400,43.904,25
4500,43.904,25
4600,43.904,25
4700,42.303999999999995,25
4800,40.856,25
4900,39.888,25
5000,39.888,25
5100,39.456,24.8
5200,39.456,24.8
5300,39,24.8
5400,37.495999999999995,24.8
5500,37.488,24.8
5600,37.488,24.8
5700,36.784,25
5800,36.784,25
5900,36.784,25
6000,36.688,25
6100,35.952,25
6200,35.952,25
6300,35.944,25
6400,35.944,25
6500,35.944,25
6600,35.624,25
6700,35.624,25
6800,35.536,25
6900,35.32,25
7000,35.32,25
7100,34.936,25
7200,34.936,25
7300,34.936,25
7400,34.936,25
7500,34.936,25
7600,33.903999999999996,25
7700,33.903999999999996,25
7800,33.903999999999996,25
7900,33.727999999999994,25
8000,33.568,25
8100,32.68,25
8200,32.68,25
8300,32.68,25
8400,32.68,25
8500,32.4,25
8600,32.4,25
8700,32.144,25
8800,32.144,25
8900,32.144,25
9000,32.144,25
9100,32.144,25
9200,32.144,25
9300,32.144,25
9400,32.144,25
9500,32.144,25
9600,32.144,25
9700,32.144,25
9800,32.144,25
9900,31.951999999999998,24.8
10000,31.951999999999998,24.8
10100,31.951999999999998,24.8
10200,31.951999999999998,24.8
10300,31.951999999999998,24.8
10400,31.951999999999998,24.8
10500,31.951999999999998,24.8
10600,31.951999999999998,24.8
10700,31.951999999999998,24.8
10800,31.951999999999998,24.8
10900,31.951999999999998,24.8
11000,31.76,24.8
11100,31.76,24.8
11200,31.728,24.8
11300,31.728,24.8
11400,31.728,24.8
11500,31.728,24.8
11600,31.728,24.8
11700,31.536,24.8
11800,31.344000000000005,24.8
11900,31.344000000000005,24.8
12000,31.344000000000005,24.8
12100,31.344000000000005,24.8
12200,31.344000000000005,24.8
12300,30.976,24.6
12400,30.976,24.6
12500,30.976,24.6
12600,30.976,24.6
12700,30.976,24.6
12800,30.976,24.6
12900,30.976,24.6
13000,30.976,24.6
13100,30.24,24.6
13200,30.24,24.6
13300,30.24,24.6
13400,30.24,24.6
13500,30.24,24.6
13600,30.24,24.6
13700,30.24,24.6
13800,30.24,24.6
13900,30.24,24.6
14000,30.24,24.6
14100,30.24,24.6
14200,30.24,24.6
14300,30.24,24.6
14400,30.24,24.6
14500,30.24,24.6
14600,30.24,24.6
14700,30.24,24.6
14800,30.24,24.6
14900,30.24,24.6
15000,30.24,24.6
15100,30.24,24.6
15200,30.24,24.6
15300,30.24,24.6
15400,30.24,24.6
15500,30.24,24.6
15600,30.151999999999997,24.6
15700,30.151999999999997,24.6
15800,30.151999999999997,24.6
15900,30.096000000000004,24.6
16000,30.096000000000004,24.6
16100,30.096000000000004,24.6
16200,29.303999999999995,24.6
16300,29.303999999999995,24.6
16400,29.112000000000002,24.6
16500,29.112000000000002,24.6
16600,29.112000000000002,24.6
16700,29.112000000000002,24.6
16800,29.112000000000002,24.6
16900,29.112000000000002,24.6
17000,29.112000000000002,24.6
17100,29.112000000000002,24.6
17200,29.112000000000002,24.6
17300,29.112000000000002,24.6
17400,29.112000000000002,24.6
17500,29.112000000000002,24.6
17600,29.008,24.8
17700,28.951999999999998,24.8
17800,28.951999999999998,24.8
17900,28.951999999999998,24.8
18000,28.951999999999998,24.8
18100,28.951999999999998,24.8
18200,28.951999999999998,24.8
18300,28.951999999999998,24.8
18400,28.951999999999998,24.8
18500,28.951999999999998,24.8
18600,28.951999999999998,24.8
18700,28.951999999999998,24.8
18800,28.951999999999998,24.8
18900,28.951999999999998,24.8
19000,28.951999999999998,24.8
19100,28.848000000000003,24.8
19200,28.848000000000003,24.8
19300,28.848000000000003,24.8
19400,28.848000000000003,24.8
19500,28.848000000000003,24.8
19600,28.848000000000003,24.8
19700,28.848000000000003,24.8
19800,28.848000000000003,24.8
19900,28.848000000000003,24.8
20000,28.848000000000003,24.8
20100,28.848000000000003,24.8
20200,28.552,24.8
20300,28.552,24.8
20400,28.552,24.8
20500,28.552,24.8
20600,28.552,24.8
20700,28.552,24.8
20800,28.552,24.8
20900,28.552,24.8
21000,28.552,24.8
21100,28.552,24.8
21200,28.552,24.8
21300,28.552,24.8
21400,28.552,24.8
21500,28.552,24.8
21600,28.552,24.8
21700,28.552,24.8
21800,28.552,24.8
21900,28.552,24.8
22000,28.552,24.8
22100,28.552,24.8
22200,28.552,24.8
22300,28.552,24.8
22400,28.552,24.8
22500,28.552,24.8
22600,28.552,24.8
22700,28.552,24.8
22800,28.552,24.8
22900,28.552,24.8
23000,28.552,24.8
23100,28.552,24.8
23200,28.552,24.8
23300,28.552,24.8
23400,28.552,24.8
23500,28.552,24.8
23600,28.552,24.8
23700,28.552,24.8
23800,28.552,24.8
23900,28.552,24.8
24000,28.552,24.8
24100,28.552,24.8
24200,28.552,24.8
24300,28.552,24.8
24400,28.552,24.8
24500,28.552,24.8
24600,28.552,24.8
24700,28.552,24.8
24800,28.552,24.8
24900,28.552,24.8
25000,28.552,24.8
25100,28.552,24.8
25200,28.552,24.8
25300,28.552,24.8
25400,28.552,24.8
25500,28.552,24.8
25600,28.552,24.8
25700,28.552,24.8
25800,28.552,24.8
25900,28.552,24.8
26000,28.552,24.8
26100,28.552,24.8
26200,28.552,24.8
26300,28.552,24.8
26400,28.552,24.8
26500,28.552,24.8
26600,28.552,24.8
26700,28.552,24.8
26800,28.552,24.8
26900,28.552,24.8
27000,28.552,24.8
27100,28.552,24.8
27200,28.552,24.8
27300,28.552,24.8
27400,28.552,24.8
27500,28.552,24.8
27600,28.552,24.8
27700,28.552,24.8
27800,28.552,24.8
27900,28.552,24.8
28000,28.552,24.8
28100,28.552,24.8
28200,28.552,24.8
28300,28.552,24.8
28400,28.552,24.8
28500,28.552,24.8
28600,28.552,24.8
28700,28.544,24.8
28800,28.544,24.8
28900,28.384000000000004,24.6
29000,28.384000000000004,24.6
29100,28.312,24.6
29200,28.312,24.6
29300,28.312,24.6
29400,28.312,24.6
29500,27.8,24.6
29600,27.72,24.6
29700,27.72,24.6
29800,27.72,24.6
29900,27.72,24.6
30000,27.72,24.6
30100,27.72,24.6
30200,27.72,24.6
30300,27.72,24.6
30400,27.72,24.6
30500,27.72,24.6
30600,27.72,24.6
30700,27.72,24.6
30800,27.72,24.6
30900,27.72,24.6
31000,27.72,24.6
31100,27.72,24.6
31200,27.72,24.6
31300,27.72,24.6
31400,27.72,24.6
31500,27.72,24.6
31600,27.72,24.6
31700,27.72,24.6
31800,27.72,24.6
31900,27.72,24.6
32000,27.608000000000004,24.6
32100,27.608000000000004,24.6
32200,27.608000000000004,24.6
32300,27.608000000000004,24.6
32400,27.608000000000004,24.6
32500,27.608000000000004,24.6
32600,27.608000000000004,24.6
32700,27.608000000000004,24.6
32800,27.608000000000004,24.6
32900,27.608000000000004,24.6
33000,27.608000000000004,24.6
33100,27.608000000000004,24.6
33200,27.360000000000003,24.6
33300,26.76,24.6
33400,26.76,24.6
33500,26.76,24.6
33600,26.76,24.6
33700,26.68,24.6
33800,26.68,24.6
33900,26.68,24.6
34000,26.68,24.6
34100,26.68,24.6
34200,26.68,24.6
34300,25.880000000000003,24.6
34400,25.880000000000003,24.6
34500,25.880000000000003,24.6
34600,25.880000000000003,24.6
34700,25.880000000000003,24.6
34800,25.880000000000003,24.6
34900,25.880000000000003,24.6
35000,25.880000000000003,24.6
35100,25.880000000000003,24.6
35200,25.880000000000003,24.6
35300,25.880000000000003,24.6
35400,25.688,24.6
35500,25.688,24.6
35600,25.688,24.6
35700,25.688,24.6
35800,25.688,24.6
35900,25.688,24.6
36000,25.688,24.6
36100,25.688,24.6
36200,25.688,24.6
36300,25.688,24.6
36400,25.688,24.6
36500,25.688,24.6
36600,25.688,24.6
36700,25.688,24.6
36800,25.688,24.6
36900,25.688,24.6
37000,25.688,24.6
37100,25.688,24.6
37200,25.688,24.6
37300,25.688,24.6
37400,25.688,24.6
37500,25.688,24.6
37600,25.688,24.6
37700,25.688,24.6
37800,25.688,24.6
37900,25.688,24.6
38000,25.583999999999996,24.6
38100,25.583999999999996,24.6
38200,25.583999999999996,24.6
38300,25.583999999999996,24.6
38400,25.583999999999996,24.6
38500,25.583999999999996,24.6
38600,25.336000000000006,24.4
38700,24.848000000000003,24.2
38800,24.848000000000003,24.2
38900,24.848000000000003,24.2
39000,24.848000000000003,24.2
39100,24.848000000000003,24.2
39200,24.848000000000003,24.2
39300,24.848000000000003,24.2
39400,24.848000000000003,24.2
39500,24.848000000000003,24.2
39600,24.848000000000003,24.2
39700,24.848000000000003,24.2
39800,24.848000000000003,24.2
39900,24.848000000000003,24.2
40000,24.848000000000003,24.2
40100,24.848000000000003,24.2
40200,24.848000000000003,24.2
40300,24.848000000000003,24.2
40400,24.848000000000003,24.2
40500,24.848000000000003,24.2
40600,24.848000000000003,24.2
40700,24.848000000000003,24.2
40800,24.848000000000003,24.2
40900,24.848000000000003,24.2
41000,24.848000000000003,24.2
41100,24.848000000000003,24.2
41200,24.848000000000003,24.2
41300,24.848000000000003,24.2
41400,24.848000000000003,24.2
41500,24.848000000000003,24.2
41600,24.848000000000003,24.2
41700,24.848000000000003,24.2
41800,24.848000000000003,24.2
41900,24.848000000000003,24.2
42000,24.848000000000003,24.2
42100,24.848000000000003,24.2
42200,24.848000000000003,24.2
42300,24.848000000000003,24.2
42400,24.848000000000003,24.2
42500,24.848000000000003,24.2
42600,24.848000000000003,24.2
42700,24.848000000000003,24.2
42800,24.848000000000003,24.2
42900,24.848000000000003,24.2
43000,24.848000000000003,24.2
43100,24.848000000000003,24.2
43200,24.848000000000003,24.2
43300,24.848000000000003,24.2
43400,24.848000000000003,24.2
43500,24.848000000000003,24.2
43600,24.848000000000003,24.2
43700,24.848000000000003,24.2
43800,24.848000000000003,24.2
43900,24.848000000000003,24.2
44000,24.848000000000003,24.2
44100,24.848000000000003,24.2
44200,24.848000000000003,24.2
44300,24.848000000000003,24.2
44400,24.848000000000003,24.2
44500,24.848000000000003,24.2
44600,24.848000000000003,24.2
44700,24.848000000000003,24.2
44800,24.848000000000003,24.2
44900,24.848000000000003,24.2
45000,24.848000000000003,24.2
45100,24.848000000000003,24.2
45200,24.848000000000003,24.2
45300,24.848000000000003,24.2
45400,24.848000000000003,24.2
45500,24.848000000000003,24.2
45600,24.848000000000003,24.2
45700,24.848000000000003,24.2
45800,24.848000000000003,24.2
45900,24.848000000000003,24.2
46000,24.848000000000003,24.2
46100,24.848000000000003,24.2
46200,24.848000000000003,24.2
46300,24.848000000000003,24.2
46400,24.848000000000003,24.2
46500,24.848000000000003,24.2
46600,24.848000000000003,24.2
46700,24.848000000000003,24.2
46800,24.848000000000003,24.2
46900,24.848000000000003,24.2
47000,24.848000000000003,24.2
47100,24.848000000000003,24.2
47200,24.848000000000003,24.2
47300,24.848000000000003,24.2
47400,24.848000000000003,24.2
47500,24.848000000000003,24.2
47600,24.848000000000003,24.2
47700,24.848000000000003,24.2
47800,24.848000000000003,24.2
47900,24.848000000000003,24.2
48000,24.848000000000003,24.2
48100,24.848000000000003,24.2
48200,24.848000000000003,24.2
48300,24.848000000000003,24.2
48400,24.848000000000003,24.2
48500,24.848000000000003,24.2
48600,24.848000000000003,24.2
48700,24.848000000000003,24.2
48800,24.848000000000003,24.2
48900,24.848000000000003,24.2
49000,24.848000000000003,24.2
49100,24.848000000000003,24.2
49200,24.848000000000003,24.2
49300,24.848000000000003,24.2
49400,24.848000000000003,24.2
49500,24.848000000000003,24.2
49600,24.848000000000003,24.2
49700,24.848000000000003,24.2
49800,24.848000000000003,24.2
49900,24.848000000000003,24.2
50000,24.848000000000003,24.2
50100,24.848000000000003,24.2
50200,24.848000000000003,24.2
50300,24.848000000000003,24.2
50400,24.848000000000003,24.2
50500,24.848000000000003,24.2
50600,24.848000000000003,24.2
50700,24.848000000000003,24.2
50800,24.848000000000003,24.2
50900,24.848000000000003,24.2
51000,24.848000000000003,24.2
51100,24.848000000000003,24.2
51200,24.848000000000003,24.2
51300,24.848000000000003,24.2
51400,24.848000000000003,24.2
51500,24.848000000000003,24.2
51600,24.848000000000003,24.2
51700,24.848000000000003,24.2
51800,24.848000000000003,24.2
51900,24.848000000000003,24.2
52000,24.848000000000003,24.2
52100,24.848000000000003,24.2
52200,24.848000000000003,24.2
52300,24.848000000000003,24.2
52400,24.848000000000003,24.2
52500,24.848000000000003,24.2
52600,24.848000000000003,24.2
52700,24.848000000000003,24.2
52800,24.848000000000003,24.2
52900,24.848000000000003,24.2
53000,24.848000000000003,24.2
53100,24.848000000000003,24.2
53200,24.848000000000003,24.2
53300,24.848000000000003,24.2
53400,24.848000000000003,24.2
53500,24.848000000000003,24.2
53600,24.848000000000003,24.2
53700,24.848000000000003,24.2
53800,24.848000000000003,24.2
53900,24.848000000000003,24.2
54000,24.848000000000003,24.2
54100,24.848000000000003,24.2
54200,24.848000000000003,24.2
54300,24.848000000000003,24.2
54400,24.848000000000003,24.2
54500,24.848000000000003,24.2
54600,24.848000000000003,24.2
54700,24.848000000000003,24.2
54800,24.848000000000003,24.2
54900,24.848000000000003,24.2
55000,24.848000000000003,24.2
55100,24.848000000000003,24.2
55200,24.848000000000003,24.2
55300,24.848000000000003,24.2
55400,24.848000000000003,24.2
55500,24.848000000000003,24.2
55600,24.848000000000003,24.2
55700,24.848000000000003,24.2
55800,24.848000000000003,24.2
55900,24.848000000000003,24.2
56000,24.848000000000003,24.2
56100,24.848000000000003,24.2
56200,24.848000000000003,24.2
56300,24.848000000000003,24.2
56400,24.848000000000003,24.2
56500,24.848000000000003,24.2
56600,24.848000000000003,24.2
56700,24.848000000000003,24.2
56800,24.848000000000003,24.2
56900,24.848000000000003,24.2
57000,24.695999999999998,24.2
57100,24.695999999999998,24.2
57200,24.695999999999998,24.2
57300,22.744,24.2
57400,22.744,24.2
57500,22.648000000000003,24.4
57600,22.648000000000003,24.4
57700,22.648000000000003,24.4
57800,22.648000000000003,24.4
57900,22.648000000000003,24.4
58000,22.648000000000003,24.4
58100,22.648000000000003,24.4
58200,22.648000000000003,24.4
58300,22.648000000000003,24.4
58400,22.4,24.4
58500,22.4,24.4
58600,22.4,24.4
58700,22.4,24.4
58800,22.368000000000002,24.6
58900,20.904000000000003,24.6
59000,20.904000000000003,24.6
59100,20.904000000000003,24.6
59200,20.904000000000003,24.6
59300,20.904000000000003,24.6
59400,20.904000000000003,24.6
59500,20.904000000000003,24.6
59600,20.808,24.6
59700,20.808,24.6
59800,20.808,24.6
59900,20.808,24.6
60000,20.808,24.6
60100,20.808,24.6
60200,20.808,24.6
60300,20.808,24.6
60400,20.808,24.6
60500,20.808,24.6
60600,20.808,24.6
60700,20.808,24.6
60800,20.808,24.6
60900,20.808,24.6
61000,20.808,24.6
61100,20.744,24.6
61200,20.744,24.6
61300,20.744,24.6
61400,20.744,24.6
61500,20.744,24.6
61600,20.744,24.6
61700,20.744,24.6
61800,20.744,24.6
61900,20.744,24.6
62000,20.744,24.6
62100,20.744,24.6
62200,20.344,24.6
62300,20.344,24.6
62400,20.344,24.6
62500,20.344,24.6
62600,20.344,24.6
62700,20.344,24.6
62800,20.344,24.6
62900,20.344,24.6
63000,20.344,24.6
63100,20.344,24.6
63200,20.344,24.6
63300,20.344,24.6
63400,20.344,24.6
63500,20.344,24.6
63600,20.344,24.6
63700,20.344,24.6
63800,20.344,24.6
63900,20.344,24.6
64000,20.344,24.6
64100,20.344,24.6
64200,20.344,24.6
64300,20.344,24.6
64400,20.344,24.6
64500,20.344,24.6
64600,20.344,24.6
64700,20.344,24.6
64800,20.344,24.6
64900,20.344,24.6
65000,20.344,24.6
65100,20.344,24.6
65200,20.344,24.6
65300,20.344,24.6
65400,20.344,24.6
65500,20.344,24.6
65600,20.344,24.6
65700,20.344,24.6
65800,20.344,24.6
65900,20.344,24.6
66000,20.344,24.6
66100,20.344,24.6
66200,20.344,24.6
66300,20.344,24.6
66400,20.344,24.6
66500,20.344,24.6
66600,20.344,24.6
66700,20.344,24.6
66800,20.344,24.6
66900,20.344,24.6
67000,20.344,24.6
67100,20.344,24.6
67200,20.344,24.6
67300,20.344,24.6
67400,20.344,24.6
67500,20.344,24.6
67600,20.344,24.6
67700,20.344,24.6
67800,20.344,24.6
67900,20.344,24.6
68000,20.344,24.6
68100,20.344,24.6
68200,20.344,24.6
68300,20.344,24.6
68400,20.344,24.6
68500,20.344,24.6
68600,20.344,24.6
68700,20.344,24.6
68800,20.344,24.6
68900,20.344,24.6
69000,20.344,24.6
69100,20.344,24.6
69200,20.344,24.6
69300,20.344,24.6
69400,20.344,24.6
69500,20.344,24.6
69600,20.344,24.6
69700,20.344,24.6
69800,20.344,24.6
69900,20.344,24.6
70000,20.344,24.6
70100,20.344,24.6
70200,20.344,24.6
70300,20.344,24.6
70400,20.344,24.6
70500,20.344,24.6
70600,20.344,24.6
70700,20.344,24.6
70800,20.344,24.6
70900,20.344,24.6
71000,20.344,24.6
71100,20.344,24.6
71200,20.344,24.6
71300,20.344,24.6
71400,20.344,24.6
71500,20.344,24.6
71600,20.344,24.6
71700,20.344,24.6
71800,20.344,24.6
71900,20.344,24.6
72000,20.344,24.6
72100,20.344,24.6
72200,20.344,24.6
72300,20.344,24.6
72400,20.344,24.6
72500,20.344,24.6
72600,20.344,24.6
72700,20.344,24.6
72800,20.344,24.6
72900,20.344,24.6
73000,20.344,24.6
73100,20.344,24.6
73200,20.344,24.6
73300,20.344,24.6
73400,20.344,24.6
73500,20.344,24.6
73600,20.344,24.6
73700,20.344,24.6
73800,20.344,24.6
73900,20.344,24.6
74000,20.344,24.6
74100,20.344,24.6
74200,20.344,24.6
74300,20.344,24.6
74400,20.344,24.6
74500,20.344,24.6
74600,20.344,24.6
74700,20.344,24.6
74800,20.344,24.6
74900,20.344,24.6
75000,20.344,24.6
75100,20.344,24.6
75200,20.344,24.6
75300,20.344,24.6
75400,20.344,24.6
75500,20.344,24.6
75600,20.344,24.6
75700,20.344,24.6
75800,20.344,24.6
75900,20.344,24.6
76000,20.344,24.6
76100,20.344,24.6
76200,20.344,24.6
76300,20.344,24.6
76400,20.344,24.6
76500,20.344,24.6
76600,20.344,24.6
76700,20.344,24.6
76800,20.344,24.6
76900,20.344,24.6
77000,20.344,24.6
77100,20.344,24.6
77200,20.344,24.6
77300,20.344,24.6
77400,20.344,24.6
77500,20.344,24.6
77600,20.344,24.6
77700,20.344,24.6
77800,20.344,24.6
77900,20.344,24.6
78000,20.344,24.6
78100,20.344,24.6
78200,20.344,24.6
78300,20.344,24.6
78400,20.344,24.6
78500,20.344,24.6
78600,20.344,24.6
78700,20.344,24.6
78800,20.344,24.6
78900,20.344,24.6
79000,20.344,24.6
79100,20.344,24.6
79200,20.344,24.6
79300,20.344,24.6
79400,20.344,24.6
79500,20.344,24.6
79600,20.344,24.6
79700,20.344,24.6
79800,20.344,24.6
79900,20.344,24.6
80000,20.344,24.6
80100,20.344,24.6
80200,20.344,24.6
80300,20.344,24.6
80400,20.344,24.6
80500,20.344,24.6
80600,20.344,24.6
80700,20.344,24.6
80800,20.344,24.6
80900,20.344,24.6
81000,20.344,24.6
81100,20.344,24.6
81200,20.344,24.6
81300,20.344,24.6
81400,20.344,24.6
81500,20.344,24.6
81600,20.344,24.6
81700,20.344,24.6
81800,20.344,24.6
81900,20.344,24.6
82000,20.344,24.6
82100,20.344,24.6
82200,20.344,24.6
82300,20.344,24.6
82400,20.344,24.6
82500,20.344,24.6
82600,20.344,24.6
82700,20.344,24.6
82800,20.344,24.6
82900,20.344,24.6
83000,20.344,24.6
83100,20.344,24.6
83200,20.344,24.6
83300,20.344,24.6
83400,20.344,24.6
83500,20.344,24.6
83600,20.344,24.6
83700,20.344,24.6
83800,20.344,24.6
83900,20.344,24.6
84000,20.344,24.6
84100,20.344,24.6
84200,20.344,24.6
84300,20.344,24.6
84400,20.344,24.6
84500,20.344,24.6
84600,20.344,24.6
84700,20.344,24.6
84800,20.344,24.6
84900,20.344,24.6
85000,20.344,24.6
85100,20.344,24.6
85200,20.344,24.6
85300,20.344,24.6
85400,20.344,24.6
85500,20.344,24.6
85600,20.344,24.6
85700,20.344,24.6
85800,20.344,24.6
85900,20.344,24.6
86000,20.344,24.6
86100,20.344,24.6
86200,20.344,24.6
86300,20.344,24.6
86400,20.344,24.6
86500,20.344,24.6
86600,20.344,24.6
86700,20.344,24.6
86800,20.344,24.6
86900,20.344,24.6
87000,20.344,24.6
87100,20.344,24.6
87200,20.344,24.6
87300,20.344,24.6
87400,20.344,24.6
87500,20.344,24.6
87600,20.344,24.6
87700,20.344,24.6
87800,20.344,24.6
87900,20.344,24.6
88000,20.344,24.6
88100,20.344,24.6
88200,20.344,24.6
88300,20.344,24.6
88400,20.344,24.6
88500,20.344,24.6
88600,20.344,24.6
88700,20.344,24.6
88800,20.344,24.6
88900,20.344,24.6
89000,20.344,24.6
89100,20.344,24.6
89200,20.344,24.6
89300,20.344,24.6
89400,20.344,24.6
89500,20.344,24.6
89600,20.344,24.6
89700,20.344,24.6
89800,20.344,24.6
89900,20.344,24.6
90000,20.344,24.6
90100,20.344,24.6
90200,20.344,24.6
90300,20.344,24.6
90400,20.344,24.6
90500,20.344,24.6
90600,20.344,24.6
90700,20.344,24.6
90800,20.344,24.6
90900,20.344,24.6
91000,20.344,24.6
91100,20.344,24.6
91200,20.344,24.6
91300,20.344,24.6
91400,20.344,24.6
91500,20.344,24.6
91600,20.344,24.6
91700,20.344,24.6
91800,20.344,24.6
91900,20.344,24.6
92000,20.344,24.6
92100,20.344,24.6
92200,20.344,24.6
92300,20.344,24.6
92400,20.344,24.6
92500,20.344,24.6
92600,20.344,24.6
92700,20.344,24.6
92800,20.344,24.6
92900,20.344,24.6
93000,20.344,24.6
93100,20.344,24.6
93200,20.344,24.6
93300,20.344,24.6
93400,20.344,24.6
93500,20.344,24.6
93600,20.344,24.6
93700,20.344,24.6
93800,20.344,24.6
93900,20.344,24.6
94000,20.344,24.6
94100,20.344,24.6
94200,20.344,24.6
94300,20.344,24.6
94400,20.344,24.6
94500,20.344,24.6
94600,20.344,24.6
94700,20.344,24.6
94800,20.344,24.6
94900,20.344,24.6
95000,20.344,24.6
95100,20.344,24.6
95200,20.344,24.6
95300,20.344,24.6
95400,20.344,24.6
95500,20.344,24.6
95600,20.344,24.6
95700,20.344,24.6
95800,20.344,24.6
95900,20.344,24.6
96000,20.344,24.6
96100,20.344,24.6
96200,20.344,24.6
96300,20.344,24.6
96400,20.344,24.6
96500,20.344,24.6
96600,20.344,24.6
96700,20.344,24.6
96800,20.344,24.6
96900,20.344,24.6
97000,20.344,24.6
97100,20.344,24.6
97200,20.344,24.6
97300,20.344,24.6
97400,20.344,24.6
97500,20.344,24.6
97600,20.344,24.6
97700,20.344,24.6
97800,20.344,24.6
97900,20.344,24.6
98000,20.344,24.6
98100,20.344,24.6
98200,20.344,24.6
98300,20.344,24.6
98400,20.344,24.6
98500,20.344,24.6
98600,20.344,24.6
98700,20.344,24.6
98800,20.344,24.6
98900,20.344,24.6
99000,20.344,24.6
99100,20.344,24.6
99200,20.344,24.6
99300,20.344,24.6
99400,20.344,24.6
99500,20.344,24.6
99600,20.344,24.6
99700,20.344,24.6
99800,20.344,24.6
99900,20.344,24.6
100000,20.344,24.6
100100,20.344,24.6
100200,20.344,24.6
100300,20.344,24.6
100400,20.344,24.6
100500,20.344,24.6
100600,20.344,24.6
100700,20.344,24.6
100800,20.344,24.6
100900,20.344,24.6
101000,20.344,24.6
101100,20.344,24.6
101200,20.344,24.6
101300,20.344,24.6
101400,20.344,24.6
101500,20.344,24.6
101600,20.344,24.6
101700,20.344,24.6
101800,20.344,24.6
101900,20.344,24.6
102000,20.344,24.6
102100,20.344,24.6
102200,20.344,24.6
102300,20.344,24.6
102400,20.344,24.6
102500,20.344,24.6
102600,20.344,24.6
102700,20.344,24.6
102800,20.344,24.6
102900,20.344,24.6
103000,20.344,24.6
103100,20.344,24.6
103200,20.344,24.6
103300,20.344,24.6
103400,20.344,24.6
103500,20.344,24.6
103600,20.344,24.6
103700,20.344,24.6
103800,20.344,24.6
103900,20.344,24.6
104000,20.344,24.6
104100,20.344,24.6
104200,20.344,24.6
104300,20.344,24.6
104400,20.344,24.6
104500,20.344,24.6
104600,20.344,24.6
104700,20.344,24.6
104800,20.344,24.6
104900,20.344,24.6
105000,20.344,24.6
105100,20.344,24.6
105200,20.344,24.6
105300,20.344,24.6
105400,20.344,24.6
105500,20.344,24.6
105600,20.344,24.6
105700,20.344,24.6
105800,20.344,24.6
105900,20.344,24.6
106000,20.344,24.6
106100,20.344,24.6
106200,20.344,24.6
106300,20.344,24.6
106400,20.344,24.6
106500,20.344,24.6
106600,20.344,24.6
106700,20.344,24.6
106800,20.344,24.6
106900,20.344,24.6
107000,20.344,24.6
107100,20.344,24.6
107200,20.344,24.6
107300,20.344,24.6
107400,20.344,24.6
107500,20.344,24.6
107600,20.344,24.6
107700,20.344,24.6
107800,20.344,24.6
107900,20.344,24.6
108000,20.344,24.6
108100,20.344,24.6
108200,20.344,24.6
108300,20.344,24.6
108400,20.344,24.6
108500,20.344,24.6
108600,20.344,24.6
108700,20.344,24.6
108800,20.344,24.6
108900,20.344,24.6
109000,20.344,24.6
109100,20.344,24.6
109200,20.344,24.6
109300,20.344,24.6
109400,20.344,24.6
109500,20.344,24.6
109600,20.344,24.6
109700,20.344,24.6
109800,20.344,24.6
109900,20.344,24.6
110000,20.344,24.6
110100,20.344,24.6
110200,20.344,24.6
110300,20.344,24.6
110400,20.344,24.6
110500,20.344,24.6
110600,20.344,24.6
110700,20.344,24.6
110800,20.344,24.6
110900,20.344,24.6
111000,20.344,24.6
111100,20.344,24.6
111200,20.344,24.6
111300,20.344,24.6
111400,20.344,24.6
111500,20.344,24.6
111600,20.344,24.6
111700,20.344,24.6
111800,20.344,24.6
111900,20.344,24.6
112000,20.344,24.6
112100,20.344,24.6
112200,20.344,24.6
112300,20.344,24.6
112400,20.344,24.6
112500,20.344,24.6
112600,20.344,24.6
112700,20.344,24.6
112800,20.344,24.6
112900,20.344,24.6
113000,20.344,24.6
113100,20.344,24.6
113200,20.344,24.6
113300,20.344,24.6
113400,20.344,24.6
113500,20.344,24.6
113600,20.344,24.6
113700,20.344,24.6
113800,20.344,24.6
113900,20.344,24.6
114000,20.344,24.6
114100,20.344,24.6
114200,20.344,24.6
114300,20.344,24.6
114400,20.344,24.6
114500,20.344,24.6
114600,20.344,24.6
114700,20.344,24.6
114800,20.344,24.6
114900,20.344,24.6
115000,20.344,24.6
115100,20.344,24.6
115200,20.344,24.6
115300,20.344,24.6
115400,20.344,24.6
115500,20.344,24.6
115600,20.344,24.6
115700,20.344,24.6
115800,20.344,24.6
115900,20.344,24.6
116000,20.344,24.6
116100,20.344,24.6
116200,20.344,24.6
116300,20.344,24.6
116400,20.344,24.6
116500,20.344,24.6
116600,20.344,24.6
116700,20.344,24.6
116800,20.344,24.6
116900,20.344,24.6
117000,20.344,24.6
117100,20.344,24.6
117200,20.344,24.6
117300,20.344,24.6
117400,20.344,24.6
117500,20.344,24.6
117600,20.344,24.6
117700,20.344,24.6
117800,20.344,24.6
117900,20.344,24.6
118000,20.344,24.6
118100,20.344,24.6
118200,20.344,24.6
118300,20.344,24.6
118400,20.344,24.6
118500,20.344,24.6
118600,20.344,24.6
118700,20.344,24.6
118800,20.344,24.6
118900,20.344,24.6
119000,20.344,24.6
119100,20.344,24.6
119200,20.344,24.6
119300,20.344,24.6
119400,20.344,24.6
119500,20.344,24.6
119600,20.344,24.6
119700,20.344,24.6
119800,20.344,24.6
119900,20.344,24.6
120000,20.344,24.6
120100,20.344,24.6
120200,20.344,24.6
120300,20.344,24.6
120400,20.344,24.6
120500,20.344,24.6
120600,20.344,24.6
120700,20.344,24.6
120800,20.344,24.6
120900,20.344,24.6
121000,20.344,24.6
121100,20.344,24.6
121200,20.344,24.6
121300,20.344,24.6
121400,20.344,24.6
121500,20.344,24.6
121600,20.344,24.6
121700,20.344,24.6
121800,20.344,24.6
121900,20.344,24.6
122000,20.344,24.6
122100,20.344,24.6
122200,20.344,24.6
122300,20.344,24.6
122400,20.344,24.6
122500,20.344,24.6
122600,20.344,24.6
122700,20.344,24.6
122800,20.344,24.6
122900,20.344,24.6
123000,20.344,24.6
123100,20.344,24.6
123200,20.344,24.6
123300,20.344,24.6
123400,20.344,24.6
123500,20.344,24.6
123600,20.344,24.6
123700,20.344,24.6
123800,20.344,24.6
123900,20.344,24.6
124000,20.344,24.6
124100,20.344,24.6
124200,20.344,24.6
124300,20.344,24.6
124400,20.344,24.6
124500,20.344,24.6
124600,20.344,24.6
124700,20.344,24.6
124800,20.344,24.6
124900,20.344,24.6
125000,20.344,24.6
125100,20.344,24.6
125200,20.344,24.6
125300,20.344,24.6
125400,20.344,24.6
125500,20.344,24.6
125600,20.344,24.6
125700,20.344,24.6
125800,20.344,24.6
125900,20.344,24.6
126000,20.344,24.6
126100,20.344,24.6
126200,20.344,24.6
126300,20.344,24.6
126400,20.344,24.6
126500,20.344,24.6
126600,20.344,24.6
126700,20.344,24.6
126800,20.344,24.6
126900,20.344,24.6
127000,20.344,24.6
127100,20.344,24.6
127200,20.344,24.6
127300,20.344,24.6
127400,20.344,24.6
127500,20.344,24.6
127600,20.344,24.6
127700,20.344,24.6
127800,20.344,24.6
127900,20.344,24.6
128000,20.344,24.6
128100,20.344,24.6
128200,20.344,24.6
128300,20.344,24.6
128400,20.344,24.6
128500,20.344,24.6
128600,20.344,24.6
128700,20.344,24.6
128800,20.344,24.6
128900,20.344,24.6
129000,20.344,24.6
129100,20.344,24.6
129200,20.344,24.6
129300,20.344,24.6
129400,20.344,24.6
129500,20.344,24.6
129600,20.344,24.6
129700,20.344,24.6
129800,20.344,24.6
129900,20.344,24.6
130000,20.344,24.6
130100,20.344,24.6
130200,20.344,24.6
130300,20.344,24.6
130400,20.344,24.6
130500,20.344,24.6
130600,20.344,24.6
130700,20.344,24.6
130800,20.344,24.6
130900,20.344,24.6
131000,20.344,24.6
131100,20.344,24.6
131200,20.344,24.6
131300,20.344,24.6
131400,20.344,24.6
131500,20.344,24.6
131600,20.344,24.6
131700,20.344,24.6
131800,20.344,24.6
131900,20.344,24.6
132000,20.344,24.6
132100,20.344,24.6
132200,20.344,24.6
132300,20.344,24.6
132400,20.344,24.6
132500,20.344,24.6
132600,20.344,24.6
132700,20.344,24.6
132800,20.344,24.6
132900,20.344,24.6
133000,20.344,24.6
133100,20.344,24.6
133200,20.344,24.6
133300,20.344,24.6
133400,20.344,24.6
133500,20.344,24.6
133600,20.344,24.6
133700,20.344,24.6
133800,20.344,24.6
133900,20.344,24.6
134000,20.344,24.6
134100,20.344,24.6
134200,20.344,24.6
134300,20.344,24.6
134400,20.344,24.6
134500,20.344,24.6
134600,20.344,24.6
134700,20.344,24.6
134800,20.344,24.6
134900,20.344,24.6
135000,20.344,24.6
135100,20.344,24.6
135200,20.344,24.6
135300,20.344,24.6
135400,20.344,24.6
135500,20.344,24.6
135600,20.344,24.6
135700,20.344,24.6
135800,20.344,24.6
135900,20.344,24.6
136000,20.344,24.6
136100,20.344,24.6
136200,20.344,24.6
136300,20.344,24.6
136400,20.344,24.6
136500,20.344,24.6
136600,20.344,24.6
136700,20.344,24.6
136800,20.344,24.6
136900,20.344,24.6
137000,20.344,24.6
137100,20.344,24.6
137200,20.344,24.6
137300,20.344,24.6
137400,20.344,24.6
137500,20.344,24.6
137600,20.344,24.6
137700,20.344,24.6
137800,20.344,24.6
137900,20.344,24.6
138000,20.344,24.6
138100,20.344,24.6
138200,20.344,24.6
138300,20.344,24.6
138400,20.344,24.6
138500,20.344,24.6
138600,20.344,24.6
138700,20.344,24.6
138800,20.344,24.6
138900,20.344,24.6
139000,20.344,24.6
139100,20.344,24.6
139200,20.344,24.6
139300,20.344,24.6
139400,20.344,24.6
139500,20.344,24.6
139600,20.344,24.6
139700,20.344,24.6
139800,20.344,24.6
139900,20.344,24.6
140000,20.344,24.6
140100,20.344,24.6
140200,20.344,24.6
140300,20.344,24.6
140400,20.344,24.6
140500,20.344,24.6
140600,20.344,24.6
140700,20.344,24.6
140800,20.344,24.6
140900,20.344,24.6
141000,20.344,24.6
141100,20.344,24.6
141200,20.344,24.6
141300,20.344,24.6
141400,20.344,24.6
141500,20.344,24.6
141600,20.344,24.6
141700,20.344,24.6
141800,20.344,24.6
141900,20.344,24.6
142000,20.344,24.6
142100,20.344,24.6
142200,20.344,24.6
142300,20.344,24.6
142400,20.344,24.6
142500,20.344,24.6
142600,20.344,24.6
142700,20.344,24.6
142800,20.344,24.6
142900,20.344,24.6
143000,20.344,24.6
143100,20.344,24.6
143200,20.344,24.6
143300,20.344,24.6
143400,20.344,24.6
143500,20.344,24.6
143600,20.344,24.6
143700,20.344,24.6
143800,20.344,24.6
143900,20.344,24.6
144000,20.344,24.6
144100,20.344,24.6
144200,20.344,24.6
144300,20.344,24.6
144400,20.344,24.6
144500,20.344,24.6
144600,20.344,24.6
144700,20.344,24.6
144800,20.344,24.6
144900,20.344,24.6
145000,20.344,24.6
145100,20.344,24.6
145200,20.344,24.6
145300,20.344,24.6
145400,20.344,24.6
145500,20.344,24.6
145600,20.344,24.6
145700,20.344,24.6
145800,20.344,24.6
145900,20.344,24.6
146000,20.344,24.6
146100,20.344,24.6
146200,20.344,24.6
146300,20.344,24.6
146400,20.344,24.6
146500,20.344,24.6
146600,20.344,24.6
146700,20.344,24.6
146800,20.344,24.6
146900,20.344,24.6
147000,20.344,24.6
147100,20.344,24.6
147200,20.272,24.6
147300,20.272,24.6
147400,20.272,24.6
147500,20.272,24.6
147600,20.272,24.6
147700,20.272,24.6
147800,20.272,24.6
147900,20.272,24.6
148000,20.272,24.6
148100,20.272,24.6
148200,20.272,24.6
148300,20.24,24.6
148400,20.24,24.6
148500,20.24,24.6
148600,20.24,24.6
148700,20.24,24.6
148800,20.24,24.6
148900,20.24,24.6
149000,20.24,24.6
149100,20.24,24.6
149200,20.24,24.6
149300,20.24,24.6
149400,20.24,24.6
149500,20.119999999999997,24.6
149600,20.119999999999997,24.6
149700,20.119999999999997,24.6
149800,20.119999999999997,24.6
149900,20.119999999999997,24.6
150000,20.119999999999997,24.6
150100,20.119999999999997,24.6
150200,20.119999999999997,24.6
150300,20.119999999999997,24.6
150400,20.119999999999997,24.6
150500,20.119999999999997,24.6
150600,20.119999999999997,24.6
150700,20.119999999999997,24.6
150800,20.080000000000002,24.6
150900,20.080000000000002,24.6
151000,20.080000000000002,24.6
151100,20.04,24.6
151200,20.04,24.6
151300,20.04,24.6
151400,20.04,24.6
151500,20.04,24.6
151600,20.04,24.6
151700,20.04,24.6
151800,20.04,24.6
151900,20.04,24.6
152000,20.04,24.6
152100,20.04,24.6
152200,20.04,24.6
152300,20.04,24.6
152400,20.04,24.6
152500,20.04,24.6
152600,20.04,24.6
152700,20.04,24.6
152800,20.04,24.6
152900,20.04,24.6
153000,20.04,24.6
153100,20.04,24.6
153200,20.04,24.6
153300,20.04,24.6
153400,20.04,24.6
153500,20.04,24.6
153600,20.04,24.6
153700,20.04,24.6
153800,19.912,24.4
153900,19.912,24.4
154000,19.912,24.4
154100,19.912,24.4
154200,19.912,24.4
154300,19.912,24.4
154400,19.912,24.4
154500,19.912,24.4
154600,19.912,24.4
154700,19.912,24.4
154800,19.912,24.4
154900,19.912,24.4
155000,19.912,24.4
155100,19.912,24.4
155200,19.912,24.4
155300,19.912,24.4
155400,19.912,24.4
155500,19.912,24.4
155600,19.912,24.4
155700,19.912,24.4
155800,19.912,24.4
155900,19.912,24.4
156000,19.912,24.4
156100,19.912,24.4
156200,19.912,24.4
156300,19.912,24.4
156400,19.912,24.4
156500,19.912,24.4
156600,19.776,24.6
156700,19.776,24.6
156800,19.776,24.6
156900,19.776,24.6
157000,19.776,24.6
157100,19.776,24.6
157200,19.776,24.6
157300,19.776,24.6
157400,19.776,24.6
157500,19.776,24.6
157600,19.776,24.6
157700,19.776,24.6
157800,19.776,24.6
157900,19.776,24.6
158000,19.776,24.6
158100,19.776,24.6
158200,19.776,24.6
158300,19.776,24.6
158400,19.776,24.6
158500,19.776,24.6
158600,19.776,24.6
158700,19.776,24.6
158800,19.776,24.6
158900,19.776,24.6
159000,19.776,24.6
159100,19.776,24.6
159200,19.776,24.6
159300,19.776,24.6
159400,19.776,24.6
159500,19.776,24.6
159600,19.776,24.6
159700,19.776,24.6
159800,19.776,24.6
159900,19.776,24.6
160000,19.776,24.6
160100,19.776,24.6
160200,19.776,24.6
160300,19.776,24.6
160400,19.776,24.6
160500,19.776,24.6
160600,19.776,24.6
160700,19.776,24.6
160800,19.776,24.6
160900,19.776,24.6
161000,19.776,24.6
161100,19.776,24.6
161200,19.776,24.6
161300,19.776,24.6
161400,19.776,24.6
161500,19.776,24.6
161600,19.776,24.6
161700,19.776,24.6
161800,19.776,24.6
161900,19.776,24.6
162000,19.776,24.6
162100,19.776,24.6
162200,19.776,24.6
162300,19.776,24.6
162400,19.776,24.6
162500,19.776,24.6
162600,19.776,24.6
162700,19.776,24.6
162800,19.776,24.6
162900,19.776,24.6
163000,19.776,24.6
163100,19.776,24.6
163200,19.776,24.6
163300,19.776,24.6
163400,19.776,24.6
163500,19.776,24.6
163600,19.776,24.6
163700,19.776,24.6
163800,19.776,24.6
163900,19.776,24.6
164000,19.776,24.6
164100,19.776,24.6
164200,19.776,24.6
164300,19.776,24.6
164400,19.776,24.6
164500,19.776,24.6
164600,19.776,24.6
164700,19.776,24.6
164800,19.776,24.6
164900,19.776,24.6
165000,19.776,24.6
165100,19.776,24.6
165200,19.776,24.6
165300,19.776,24.6
165400,19.776,24.6
165500,19.776,24.6
165600,19.776,24.6
165700,19.776,24.6
165800,19.776,24.6
165900,19.776,24.6
166000,19.776,24.6
166100,19.776,24.6
166200,19.776,24.6
166300,19.776,24.6
166400,19.776,24.6
166500,19.776,24.6
166600,19.776,24.6
166700,19.776,24.6
166800,19.776,24.6
166900,19.776,24.6
167000,19.776,24.6
167100,19.776,24.6
167200,19.776,24.6
167300,19.776,24.6
167400,19.776,24.6
167500,19.776,24.6
167600,19.776,24.6
167700,19.776,24.6
167800,19.776,24.6
167900,19.776,24.6
168000,19.776,24.6
168100,19.776,24.6
168200,19.776,24.6
168300,19.776,24.6
168400,19.776,24.6
168500,19.776,24.6
168600,19.776,24.6
168700,19.776,24.6
168800,19.776,24.6
168900,19.776,24.6
169000,19.776,24.6
169100,19.776,24.6
169200,19.776,24.6
169300,19.776,24.6
169400,19.776,24.6
169500,19.776,24.6
169600,19.776,24.6
169700,19.776,24.6
169800,19.776,24.6
169900,19.776,24.6
170000,19.776,24.6
170100,19.776,24.6
170200,19.776,24.6
170300,19.776,24.6
170400,19.776,24.6
170500,19.776,24.6
170600,19.776,24.6
170700,19.776,24.6
170800,19.776,24.6
170900,19.776,24.6
171000,19.776,24.6
171100,19.776,24.6
171200,19.776,24.6
171300,19.776,24.6
171400,19.776,24.6
171500,19.776,24.6
171600,19.776,24.6
171700,19.776,24.6
171800,19.776,24.6
171900,19.776,24.6
172000,19.776,24.6
172100,19.776,24.6
172200,19.776,24.6
172300,19.776,24.6
172400,19.776,24.6
172500,19.776,24.6
172600,19.776,24.6
172700,19.776,24.6
172800,19.776,24.6
172900,19.776,24.6
173000,19.776,24.6
173100,19.776,24.6
173200,19.776,24.6
173300,19.776,24.6
173400,19.776,24.6
173500,19.776,24.6
173600,19.776,24.6
173700,19.776,24.6
173800,19.776,24.6
173900,19.776,24.6
174000,19.776,24.6
174100,19.776,24.6
174200,19.776,24.6
174300,19.776,24.6
174400,19.776,24.6
174500,19.776,24.6
174600,19.776,24.6
174700,19.776,24.6
174800,19.776,24.6
174900,19.776,24.6
175000,19.776,24.6
175100,19.776,24.6
175200,19.776,24.6
175300,19.776,24.6
175400,19.776,24.6
175500,19.776,24.6
175600,19.776,24.6
175700,19.776,24.6
175800,19.776,24.6
175900,19.776,24.6
176000,19.776,24.6
176100,19.776,24.6
176200,19.776,24.6
176300,19.776,24.6
176400,19.776,24.6
176500,19.776,24.6
176600,19.776,24.6
176700,19.776,24.6
176800,19.776,24.6
176900,19.776,24.6
177000,19.776,24.6
177100,19.776,24.6
177200,19.776,24.6
177300,19.776,24.6
177400,19.776,24.6
177500,19.776,24.6
177600,19.776,24.6
177700,19.776,24.6
177800,19.776,24.6
177900,19.776,24.6
178000,19.776,24.6
178100,19.776,24.6
178200,19.776,24.6
178300,19.776,24.6
178400,19.776,24.6
178500,19.776,24.6
178600,19.776,24.6
178700,19.776,24.6
178800,19.776,24.6
178900,19.776,24.6
179000,19.776,24.6
179100,19.776,24.6
179200,19.776,24.6
179300,19.776,24.6
179400,19.776,24.6
179500,19.776,24.6
179600,19.776,24.6
179700,19.776,24.6
179800,19.776,24.6
179900,19.776,24.6
180000,19.776,24.6
180100,19.776,24.6
180200,19.776,24.6
180300,19.776,24.6
180400,19.776,24.6
180500,19.776,24.6
180600,19.776,24.6
180700,19.776,24.6
180800,19.776,24.6
180900,19.776,24.6
181000,19.776,24.6
181100,19.776,24.6
181200,19.776,24.6
181300,19.776,24.6
181400,19.776,24.6
181500,19.72,24.6
181600,19.72,24.6
181700,19.72,24.6
181800,19.72,24.6
181900,19.72,24.6
182000,19.72,24.6
182100,19.72,24.6
182200,19.72,24.6
182300,19.72,24.6
182400,19.72,24.6
182500,19.72,24.6
182600,19.72,24.6
182700,19.72,24.6
182800,19.72,24.6
182900,19.72,24.6
183000,19.72,24.6
183100,19.72,24.6
183200,19.72,24.6
183300,19.72,24.6
183400,19.72,24.6
183500,19.72,24.6
183600,19.72,24.6
183700,19.72,24.6
183800,19.72,24.6
183900,19.72,24.6
184000,19.72,24.6
184100,19.72,24.6
184200,19.72,24.6
184300,19.72,24.6
184400,19.72,24.6
184500,19.72,24.6
184600,19.72,24.6
184700,19.72,24.6
184800,19.72,24.6
184900,19.72,24.6
185000,19.72,24.6
185100,19.72,24.6
185200,19.72,24.6
185300,19.72,24.6
185400,19.631999999999998,24.6
185500,19.631999999999998,24.6
185600,19.631999999999998,24.6
185700,19.631999999999998,24.6
185800,19.631999999999998,24.6
185900,19.631999999999998,24.6
186000,19.631999999999998,24.6
186100,19.631999999999998,24.6
186200,19.631999999999998,24.6
186300,19.631999999999998,24.6
186400,19.631999999999998,24.6
186500,19.631999999999998,24.6
186600,19.631999999999998,24.6
186700,19.631999999999998,24.6
186800,19.631999999999998,24.6
186900,19.631999999999998,24.6
187000,19.631999999999998,24.6
187100,19.631999999999998,24.6
187200,19.631999999999998,24.6
187300,19.631999999999998,24.6
187400,19.631999999999998,24.6
187500,19.631999999999998,24.6
187600,19.631999999999998,24.6
187700,19.631999999999998,24.6
187800,19.631999999999998,24.6
187900,19.631999999999998,24.6
188000,19.631999999999998,24.6
188100,19.631999999999998,24.6
188200,19.631999999999998,24.6
188300,19.631999999999998,24.6
188400,19.631999999999998,24.6
188500,19.631999999999998,24.6
188600,19.631999999999998,24.6
188700,19.631999999999998,24.6
188800,19.631999999999998,24.6
188900,19.631999999999998,24.6
189000,19.631999999999998,24.6
189100,19.631999999999998,24.6
189200,19.631999999999998,24.6
189300,19.631999999999998,24.6
189400,19.631999999999998,24.6
189500,19.631999999999998,24.6
189600,19.631999999999998,24.6
189700,19.631999999999998,24.6
189800,19.631999999999998,24.6
189900,19.631999999999998,24.6
190000,19.631999999999998,24.6
190100,19.631999999999998,24.6
190200,19.631999999999998,24.6
190300,19.631999999999998,24.6
190400,19.631999999999998,24.6
190500,19.631999999999998,24.6
190600,19.631999999999998,24.6
190700,19.631999999999998,24.6
190800,19.631999999999998,24.6
190900,19.631999999999998,24.6
191000,19.631999999999998,24.6
191100,19.631999999999998,24.6
191200,19.631999999999998,24.6
191300,19.631999999999998,24.6
191400,19.631999999999998,24.6
191500,19.631999999999998,24.6
191600,19.631999999999998,24.6
191700,19.631999999999998,24.6
191800,19.631999999999998,24.6
191900,19.631999999999998,24.6
192000,19.631999999999998,24.6
192100,19.631999999999998,24.6
192200,19.631999999999998,24.6
192300,19.631999999999998,24.6
192400,19.631999999999998,24.6
192500,19.631999999999998,24.6
192600,19.631999999999998,24.6
192700,19.631999999999998,24.6
192800,19.631999999999998,24.6
192900,19.631999999999998,24.6
193000,19.631999999999998,24.6
193100,19.631999999999998,24.6
193200,19.631999999999998,24.6
193300,19.631999999999998,24.6
193400,19.631999999999998,24.6
193500,19.631999999999998,24.6
193600,19.631999999999998,24.6
193700,19.631999999999998,24.6
193800,19.631999999999998,24.6
193900,19.631999999999998,24.6
194000,19.631999999999998,24.6
194100,19.631999999999998,24.6
194200,19.631999999999998,24.6
194300,19.631999999999998,24.6
194400,19.631999999999998,24.6
194500,19.631999999999998,24.6
194600,19.631999999999998,24.6
194700,19.631999999999998,24.6
194800,19.631999999999998,24.6
194900,19.631999999999998,24.6
195000,19.631999999999998,24.6
195100,19.631999999999998,24.6
195200,19.631999999999998,24.6
195300,19.631999999999998,24.6
195400,19.631999999999998,24.6
195500,19.631999999999998,24.6
195600,19.631999999999998,24.6
195700,19.631999999999998,24.6
195800,19.631999999999998,24.6
195900,19.631999999999998,24.6
196000,19.631999999999998,24.6
196100,19.631999999999998,24.6
196200,19.631999999999998,24.6
196300,19.631999999999998,24.6
196400,19.631999999999998,24.6
196500,19.631999999999998,24.6
196600,19.631999999999998,24.6
196700,19.631999999999998,24.6
196800,19.631999999999998,24.6
196900,19.631999999999998,24.6
197000,19.631999999999998,24.6
197100,19.631999999999998,24.6
197200,19.631999999999998,24.6
197300,19.631999999999998,24.6
197400,19.544,24.4
197500,19.544,24.4
197600,19.544,24.4
197700,19.544,24.4
197800,19.544,24.4
197900,19.472,24.6
198000,19.472,24.6
198100,19.472,24.6
198200,19.472,24.6
198300,19.472,24.6
198400,19.472,24.6
198500,19.472,24.6
198600,19.472,24.6
198700,19.472,24.6
198800,19.472,24.6
198900,19.472,24.6
199000,19.472,24.6
199100,19.472,24.6
199200,19.472,24.6
199300,19.472,24.6
199400,19.472,24.6
199500,19.472,24.6
199600,19.472,24.6
199700,19.472,24.6
199800,19.472,24.6
199900,19.472,24.6
199999,19.472,24.6

START ALGORITHM
h1: (a34 + a25) * (b14)
h2: (a23 + a42 - a41) * (b34 - b42 - b53)
h7: (a23 + a51 - a24 - a44 - a24 - a53) * (b23)
h10: (-a15 - a23 - a43) * (b22 - b21 - b53)
h11: (a31 + a35 + a54 - a53 - a21) * (b52)
h12: (-a12) * (b33 + b15 - b41)
h13: (a43 + a44) * (b11 + b54)
h14: (a13 - a24 - a12) * (-b51)
h15: (a13 + a25 - a54) * (b12 - b24)
h16: (a31 - a51 - a22 - a14) * (b44 + b13)
h18: (-a45 - a43) * (b33 + b21 + b44 + b14 - b33 - b53)
h20: (-a35 - a24 - a21 - a51) * (b44 - b54 - b44)
h21: (a54 + a11 - a43 - a33) * (-b14)
h22: (-a14) * (b12 + b54)
h23: (a31 - a12 - a42) * (-b23)
h24: (a13 - a11 - a21) * (b31)
h25: (a15 + a43 - a23 - a14) * (b44)
h27: (-a34) * (-b24)
h29: (a15 + a22 - a54) * (b32 + b52 + b22)
h32: (-a33) * (b32 + b43 - b44 - b31 - b35)
h33: (a12 + a43 - a34 - a41 - a12 - a43) * (b43 - b34)
h35: (a22 - a55 - a25) * (b43)
h37: (a41 - a32 - a33) * (b25 + b15)
h39: (a45 + a34 - a33) * (-b34)
h44: (a55 + a41 - a13 - a32 - a45) * (b23 + b13 + b52 + b33)
h45: (-a32) * (b53 + b55 + b33 + b12 - b43 - b44)
h49: (a25 - a25 - a24) * (b44 - b51 - b45)
h50: (a43 - a41) * (b15)
h52: (a41 - a41 - a21) * (b24 + b12)
h55: (a54 + a35 - a14) * (-b54)
h59: (a31 - a11 - a43) * (b45 + b32)
h60: (a44 - a22 - a25) * (-b32 - b14 - b41)
h63: (-a32 - a55 - a22) * (b44 + b11 + b45)
h66: (a52) * (-b31 - b35)
h67: (a45 + a13 - a34) * (b52 - b42)
h69: (a12 - a52) * (-b45 - b45)
h70: (a25 - a33 - a44 - a11) * (b44)
h71: (a13 + a32) * (-b45 - b53 - b14)
h79: (a32 + a45 + a15 - a51) * (b34)
h81: (a41 - a12) * (b34 - b23 - b41 - b35)
h82: (a44 - a14) * (b11)
h85: (-a51 - a42) * (b52 - b44 - b43)
h88: (a42 - a41) * (b22 - b35 - b41 - b45)
h91: (a23) * (b13 - b14)
h94: (a53 - a11 - a52) * (b24 + b52)
h95: (a15 - a52) * (b12)
h96: (a12 - a11 - a21 - a31 - a11) * (b54 + b52 - b21)
h97: (a34 + a45 - a15) * (b51)
h100: (a32 - a33) * (b44 - b21)
h101: (a45 - a32) * (-b31 - b12)
h102: (-a43) * (b41 - b13 - b14 - b44)
h104: (a34 + a45 - a55) * (b15 + b53 + b35 + b34)
h110: (a33 + a51 + a24) * (b12 + b53 - b33 - b13)
h111: (a22 + a11 + a34 - a52 - a22) * (b21 + b53 - b43)
h113: (a25) * (-b22 - b43)
h114: (a55 - a15 - a33) * (b23 - b24)
h116: (a11) * (b53 + b51 + b43 + b14)
h117: (a54 - a32) * (b53 + b43 - b34)
h119: (a24) * (b42 + b31 - b15 - b33)
h120: (a22 - a12) * (b55 + b12 - b34 - b44)
h121: (a42) * (b21 + b41 - b42)
h122: (a55 - a53) * (b54 + b23 + b55 - b22 - b42 - b43)
h123: (a11 + a24 - a55) * (b31 + b24 - b33)
h124: (-a25 - a52 - a32) * (b34 - b35)
h135: (a13 - a44) * (b23 + b33 + b44 - b25 - b54)
h137: (a22 + a22 - a25) * (b13 + b15 + b14 - b25)
h146: (a41 + a31 - a32) * (b55 + b21 - b12 - b55)
h148: (a22 + a34 - a22 - a11) * (b45 - b25 - b52 - b12)
h155: (a55 + a23 + a25 - a35 - a42) * (-b33)
h166: (a14 + a42) * (b43 + b25 - b12)
h169: (a25 + a55 + a55 - a35) * (b31 - b31 - b14)
h187: (a13 + a41) * (b12 - b43 - b51)
h228: (a14) * (b53)
h285: (a12 + a53 + a24 - a31) * (b52)
h286: (-a55) * (-b21 - b42)
h313: (a44) * (b14 - b22 - b35)
h359: (-a55 - a43) * (b42 - b33)
h404: (a42 + a14) * (b23 - b11)
h485: (a34 - a54 - a22 - a32) * (b52 - b33)
h542: (-a34) * (b43 + b35 + b55 - b11)
h566: (a42 - a12 - a42) * (b14 - b35)
h625: (a41 - a23) * (b34)
h752: (-a54 - a51) * (b41 - b51)
h801: (a52 + a53 - a53 - a24) * (-b11)
h802: (-a53) * (b45 + b12 - b54 - b11)
h839: (a52 + a51 - a31) * (b12 - b55)
h902: (a52 + a33 - a43) * (-b24 - b35 - b32)
h1014: (a13 + a51 + a15) * (b35 - b14 - b34)
h1021: (a21 - a45 - a21) * (b23 + b34 - b21)
h1046: (-a13) * (b25)
h1122: (a32 - a15) * (b24 + b53 - b13 - b42)
h1148: (-a54 - a21 - a42) * (b25)
h1185: (a45 + a45 - a51) * (b35)
h1209: (a13 - a43 - a53) * (-b43 - b32)
h1375: (a43 - a43 - a23 - a35) * (-b45)
h1497: (a11 + a31) * (b41 - b51 - b41)
h1682: (-a31 - a13) * (b14 - b14)
h2003: (a45 + a24 - a45 - a43 - a13) * (b52 - b25)
h2027: (a25 + a22 - a34 - a13) * (-b22)
h2057: (-a53) * (b43 + b21 + b22 - b42)
h2177: (-a54) * (-b22 - b21 - b25)
h2278: (a44 + a34 - a54) * (-b13 - b13)
h2331: (a43 - a13 - a42 - a51) * (-b33 - b43)
h2664: (a22 + a52 - a54 - a35) * (b24)
h3076: (-a43) * (b15 + b41 + b45 - b51 - b23)
h3107: (a53 - a44) * (b33 + b22 + b12)
h4143: (-a25) * (b34 + b52 + b25 + b53 - b22)
h4954: (a24 - a23 - a45) * (b35 + b32 + b53)
h4955: (a21 - a21) * (b23 + b35 + b53)
h5825: (-a12 - a33 - a13 - a42) * (b51)
h5969: (a14 - a14 - a22) * (b35)
h6611: (a22 + a11 - a32) * (b53 + b44 - b13)
h7545: (a34 + a33 - a55 - a32 - a45) * (-b53)
h10853: (a25 - a41 - a52) * (-b13)
h10907: (a34) * (b44 + b34 - b21)
h10985: (a52 + a33) * (b41 - b55 - b42)
h11169: (-a34 - a24) * (-b32 - b14)
h12575: (a35 - a43) * (b32 + b22 - b11)
h12621: (a21 + a21 - a42) * (b52 - b11)
h13393: (a15 + a13) * (b55 + b11 - b55)
h21425: (-a12) * (b41 + b43 + b43 - b45)
h21600: (a11 + a12 - a43) * (b43 - b41)
h21627: (a31 - a32 - a13) * (b34 - b24 - b55)
h21905: (a13 - a52 - a13) * (b43 - b31)
h55035: (a55 + a53 - a51 - a44) * (-b52)
h67802: (a24 - a23) * (b35 - b32 - b53)
c11: h82 + h59 + h22 + h119 + h286 + h3076 + h5969 - h2177 
c12: h18 + h94 + h14 - h146 
c13: h32 + h187 + h27 + h111 + h566 - h117 
c14: h839 + h97 + h839 + h20 - h60 - h114 - h752 - h1014 
c15: h44 + h21425 + h21905 + h91 + h2027 + h2331 - h21627 
c21: h1046 + h166 - h104 - h39 - h135 - h1021 - h1209 
c22: h50 + h2331 + h97 - h2664 
c23: h25 + h2003 - h1682 
c24: h95 + h50 + h2057 + h5969 - h2003 - h5825 - h6611 
c25: h20 + h104 + h97 + h166 + h71 + h1148 + h111 - h37 - h2278 
c31: h79 + h97 + h1375 + h1375 + h1209 + h5825 + h5969 + h228 - h55035 
c32: h49 + h55 - h123 
c33: h101 + h12575 + h1021 + h13393 + h5825 + h119 + h1014 - h1 - h91 - h12621 
c34: h18 + h66 - h44 
c35: h79 + h50 + h35 + h67802 + h1046 + h286 
c41: h70 - h187 
c42: h404 + h10907 + h27 - h88 - h10853 - h11169 - h21600 
c43: h123 + h20 + h67 + h2278 - h33 - h313 - h3107 
c44: h91 + h114 + h485 + h33 + h752 + h6611 - h169 - h542 - h7545 
c45: h10 - h902 
c51: h97 + h21 + h116 + h4143 - h85 - h228 - h801 - h802 - h4954 - h4955 
c52: h67 - h120 - h104 - h96 - h137 - h155 
c53: h44 + h97 + h359 
c54: h148 + h1122 + h1185 + h146 - h20 
c55: h15 + h121 + h404 - h10985 
