0,168.496,25
100,121.648,24.8
200,102.60799999999999,25
300,96.248,25
400,81.024,24.8
500,76.64,24.8
600,70.75999999999999,24.8
700,65.38400000000001,24.6
800,64.54400000000001,24.6
900,63.18399999999999,24.6
1000,63.024,24.6
1100,62.848,24.6
1200,61.472,24.6
1300,58.879999999999995,24.6
1400,58.879999999999995,24.6
1500,56.68000000000001,24.6
1600,54.120000000000005,24.6
1700,52.864,24.6
1800,52.448,24.8
1900,52.448,24.8
2000,52.239999999999995,24.8
2100,49.928000000000004,24.8
2200,49.071999999999996,24.6
2300,47.584,24.8
2400,47.584,24.8
2500,46.632,24.8
2600,46.024,24.8
2700,45.239999999999995,24.8
2800,45.16799999999999,24.8
2900,45.16799999999999,24.8
3000,45.128,24.8
3100,44.736000000000004,24.8
3200,44.736000000000004,24.8
3300,44.664,24.8
3400,44.664,24.8
3500,44.544,24.6
3600,44.544,24.6
3700,44.544,24.6
3800,43.832,24.6
3900,42.784000000000006,24.6
4000,42.784000000000006,24.6
4100,42.784000000000006,24.6
4200,42.784000000000006,24.6
4300,42.68,24.6
4400,42.68,24.6
4500,42.68,24.6
4600,42.68,24.6
4700,42.68,24.6
4800,42.68,24.6
4900,42.519999999999996,24.6
5000,42.519999999999996,24.6
5100,42.519999999999996,24.6
5200,41.04,24.6
5300,41.04,24.6
5400,39.416,24.6
5500,39.416,24.6
5600,39.416,24.6
5700,39.416,24.6
5800,39.416,24.6
5900,39.208000000000006,24.6
6000,39.208000000000006,24.6
6100,39.208000000000006,24.6
6200,38.928000000000004,24.6
6300,38.792,24.6
6400,38.704,24.6
6500,38.704,24.6
6600,38.704,24.6
6700,38.672000000000004,24.6
6800,38.672000000000004,24.6
6900,38.672000000000004,24.6
7000,38.544000000000004,24.6
7100,38.544000000000004,24.6
7200,38.408,24.6
7300,38.408,24.6
7400,38.408,24.6
7500,38.408,24.6
7600,38.408,24.6
7700,38.408,24.6
7800,38.408,24.6
7900,38.408,24.6
8000,38.408,24.6
8100,38.408,24.6
8200,38.408,24.6
8300,38.336,24.6
8400,38.336,24.6
8500,38.336,24.6
8600,38.336,24.6
8700,38.216,24.6
8800,37.879999999999995,24.6
8900,37.879999999999995,24.6
9000,37.879999999999995,24.6
9100,37.879999999999995,24.6
9200,37.736000000000004,24.6
9300,37.4,24.6
9400,37.4,24.6
9500,37.216,24.6
9600,37.112,24.6
9700,37.112,24.6
9800,36.984,24.6
9900,36.72,24.6
10000,36.51200000000001,24.6
10100,36.51200000000001,24.6
10200,36.51200000000001,24.6
10300,36.51200000000001,24.6
10400,36.51200000000001,24.6
10500,36.51200000000001,24.6
10600,36.51200000000001,24.6
10700,36.51200000000001,24.6
10800,36.51200000000001,24.6
10900,36.184000000000005,24.6
11000,36.184000000000005,24.6
11100,36.184000000000005,24.6
11200,36.184000000000005,24.6
11300,36.184000000000005,24.6
11400,36.184000000000005,24.6
11500,36.184000000000005,24.6
11600,36.184000000000005,24.6
11700,36.184000000000005,24.6
11800,36.184000000000005,24.6
11900,36.184000000000005,24.6
12000,36.184000000000005,24.6
12100,35.376,24.6
12200,35.376,24.6
12300,35.376,24.6
12400,35.032,24.6
12500,35.032,24.6
12600,35.032,24.6
12700,35.032,24.6
12800,35.032,24.6
12900,34.983999999999995,24.6
13000,34.983999999999995,24.6
13100,34.312,24.6
13200,33.704,24.6
13300,33.704,24.6
13400,33.704,24.6
13500,33.704,24.6
13600,33.704,24.6
13700,33.704,24.6
13800,33.704,24.6
13900,33.704,24.6
14000,33.704,24.6
14100,33.704,24.6
14200,33.704,24.6
14300,33.704,24.6
14400,33.704,24.6
14500,33.568,24.6
14600,33.504,24.6
14700,33.504,24.6
14800,33.504,24.6
14900,33.504,24.6
15000,33.504,24.6
15100,33.504,24.6
15200,33.504,24.6
15300,33.504,24.6
15400,33.504,24.6
15500,33.504,24.6
15600,33.504,24.6
15700,33.504,24.6
15800,33.504,24.6
15900,33.504,24.6
16000,33.504,24.6
16100,33.504,24.6
16200,33.504,24.6
16300,33.504,24.6
16400,33.504,24.6
16500,33.504,24.6
16600,33.504,24.6
16700,33.504,24.6
16800,33.504,24.6
16900,33.504,24.6
17000,32.968,24.6
17100,32.92,24.6
17200,32.92,24.6
17300,32.92,24.6
17400,32.92,24.6
17500,32.92,24.6
17600,32.92,24.6
17700,32.92,24.6
17800,32.92,24.6
17900,32.92,24.6
18000,32.92,24.6
18100,32.92,24.6
18200,32.92,24.6
18300,32.92,24.6
18400,32.92,24.6
18500,32.92,24.6
18600,32.92,24.6
18700,32.92,24.6
18800,32.92,24.6
18900,32.92,24.6
19000,32.92,24.6
19100,32.92,24.6
19200,32.92,24.6
19300,32.92,24.6
19400,32.92,24.6
19500,32.92,24.6
19600,32.92,24.6
19700,32.92,24.6
19800,32.92,24.6
19900,32.92,24.6
20000,32.92,24.6
20100,32.92,24.6
20200,32.92,24.6
20300,32.92,24.6
20400,32.92,24.6
20500,32.92,24.6
20600,32.92,24.6
20700,32.92,24.6
20800,32.92,24.6
20900,32.92,24.6
21000,32.92,24.6
21100,32.92,24.6
21200,32.92,24.6
21300,32.92,24.6
21400,32.92,24.6
21500,32.92,24.6
21600,32.92,24.6
21700,32.92,24.6
21800,32.92,24.6
21900,32.92,24.6
22000,32.791999999999994,24.6
22100,32.352,24.6
22200,32.352,24.6
22300,32.352,24.6
22400,32.352,24.6
22500,32.352,24.6
22600,32.352,24.6
22700,32.352,24.6
22800,32.352,24.6
22900,32.352,24.6
23000,31.967999999999996,24.6
23100,31.951999999999998,24.6
23200,31.951999999999998,24.6
23300,31.951999999999998,24.6
23400,31.951999999999998,24.6
23500,31.951999999999998,24.6
23600,31.951999999999998,24.6
23700,31.776,24.6
23800,31.776,24.6
23900,31.776,24.6
24000,31.776,24.6
24100,31.776,24.6
24200,31.776,24.6
24300,31.776,24.6
24400,31.776,24.6
24500,31.776,24.6
24600,31.776,24.6
24700,31.776,24.6
24800,31.776,24.6
24900,31.776,24.6
25000,31.776,24.6
25100,31.776,24.6
25200,31.776,24.6
25300,31.776,24.6
25400,31.776,24.6
25500,31.472,24.6
25600,31.472,24.6
25700,31.296,24.6
25800,31.296,24.6
25900,31.296,24.6
26000,31.296,24.6
26100,31.296,24.6
26200,31.296,24.6
26300,31.24,24.4
26400,31.24,24.4
26500,31.24,24.4
26600,31.24,24.4
26700,31.24,24.4
26800,31.24,24.4
26900,31.24,24.4
27000,31.24,24.4
27100,31.24,24.4
27200,31.24,24.4
27300,31.24,24.4
27400,31.24,24.4
27500,31.24,24.4
27600,31.2,24.4
27700,31.2,24.4
27800,31.2,24.4
27900,31.2,24.4
28000,31.2,24.4
28100,31.2,24.4
28200,31.160000000000004,24.4
28300,31.160000000000004,24.4
28400,31.160000000000004,24.4
28500,31.160000000000004,24.4
28600,31.160000000000004,24.4
28700,31.160000000000004,24.4
28800,31.160000000000004,24.4
28900,31.160000000000004,24.4
29000,31.160000000000004,24.4
29100,31.160000000000004,24.4
29200,31.160000000000004,24.4
29300,31.160000000000004,24.4
29400,31.151999999999997,24.4
29500,31.151999999999997,24.4
29600,31.151999999999997,24.4
29700,31.151999999999997,24.4
29800,31.151999999999997,24.4
29900,31.151999999999997,24.4
30000,31.151999999999997,24.4
30100,31.151999999999997,24.4
30200,31.151999999999997,24.4
30300,31.151999999999997,24.4
30400,31.112000000000002,24.6
30500,31.112000000000002,24.6
30600,30.639999999999997,24.6
30700,30.184000000000005,24.4
30800,30.184000000000005,24.4
30900,30.184000000000005,24.4
31000,30.184000000000005,24.4
31100,30.184000000000005,24.4
31200,30.184000000000005,24.4
31300,30.184000000000005,24.4
31400,30.184000000000005,24.4
31500,30.184000000000005,24.4
31600,29.224,24.4
31700,29.168,24.4
31800,29.168,24.4
31900,29.168,24.4
32000,29.168,24.4
32100,29.168,24.4
32200,29.168,24.4
32300,29.168,24.4
32400,29.168,24.4
32500,29.168,24.4
32600,29.168,24.4
32700,29.168,24.4
32800,29.168,24.4
32900,29.168,24.4
33000,29.168,24.4
33100,29.168,24.4
33200,28.695999999999998,24.2
33300,28.695999999999998,24.2
33400,28.695999999999998,24.2
33500,28.695999999999998,24.2
33600,28.695999999999998,24.2
33700,28.695999999999998,24.2
33800,28.695999999999998,24.2
33900,28.695999999999998,24.2
34000,28.695999999999998,24.2
34100,28.695999999999998,24.2
34200,28.695999999999998,24.2
34300,28.695999999999998,24.2
34400,28.695999999999998,24.2
34500,28.695999999999998,24.2
34600,28.695999999999998,24.2
34700,28.695999999999998,24.2
34800,28.695999999999998,24.2
34900,28.695999999999998,24.2
35000,28.695999999999998,24.2
35100,28.695999999999998,24.2
35200,28.695999999999998,24.2
35300,28.695999999999998,24.2
35400,28.695999999999998,24.2
35500,28.695999999999998,24.2
35600,28.695999999999998,24.2
35700,28.695999999999998,24.2
35800,28.695999999999998,24.2
35900,28.695999999999998,24.2
36000,28.695999999999998,24.2
36100,28.695999999999998,24.2
36200,28.695999999999998,24.2
36300,28.695999999999998,24.2
36400,28.695999999999998,24.2
36500,28.496,24.4
36600,28.496,24.4
36700,28.496,24.4
36800,28.496,24.4
36900,28.496,24.4
37000,28.496,24.4
37100,28.496,24.4
37200,28.496,24.4
37300,28.496,24.4
37400,28.439999999999998,24.4
37500,28.439999999999998,24.4
37600,27.936,24.4
37700,27.936,24.4
37800,27.936,24.4
37900,27.936,24.4
38000,27.936,24.4
38100,27.936,24.4
38200,27.936,24.4
38300,27.936,24.4
38400,27.936,24.4
38500,27.936,24.4
38600,27.936,24.4
38700,27.936,24.4
38800,27.936,24.4
38900,27.936,24.4
39000,27.936,24.4
39100,27.936,24.4
39200,27.936,24.4
39300,27.936,24.4
39400,27.936,24.4
39500,27.696000000000005,24.4
39600,27.696000000000005,24.4
39700,27.52,24.4
39800,27.52,24.4
39900,27.52,24.4
40000,27.432000000000006,24.4
40100,27.432000000000006,24.4
40200,27.432000000000006,24.4
40300,27.432000000000006,24.4
40400,27.432000000000006,24.4
40500,27.432000000000006,24.4
40600,27.432000000000006,24.4
40700,27.184000000000005,24.4
40800,27.184000000000005,24.4
40900,27.184000000000005,24.4
41000,27.184000000000005,24.4
41100,27.184000000000005,24.4
41200,27.184000000000005,24.4
41300,27.184000000000005,24.4
41400,27.184000000000005,24.4
41500,27.184000000000005,24.4
41600,27.184000000000005,24.4
41700,27.184000000000005,24.4
41800,27.112000000000002,24.2
41900,27.112000000000002,24.2
42000,27.112000000000002,24.2
42100,27.112000000000002,24.2
42200,27.112000000000002,24.2
42300,27.112000000000002,24.2
42400,27.112000000000002,24.2
42500,27.112000000000002,24.2
42600,27.112000000000002,24.2
42700,27.112000000000002,24.2
42800,27.112000000000002,24.2
42900,27.112000000000002,24.2
43000,27.112000000000002,24.2
43100,27.112000000000002,24.2
43200,27.112000000000002,24.2
43300,27.112000000000002,24.2
43400,27.112000000000002,24.2
43500,27.112000000000002,24.2
43600,27.112000000000002,24.2
43700,27.112000000000002,24.2
43800,27.112000000000002,24.2
43900,27.112000000000002,24.2
44000,27.112000000000002,24.2
44100,27.112000000000002,24.2
44200,27.112000000000002,24.2
44300,27.112000000000002,24.2
44400,27.112000000000002,24.2
44500,26.927999999999997,24.2
44600,26.927999999999997,24.2
44700,26.927999999999997,24.2
44800,26.927999999999997,24.2
44900,26.927999999999997,24.2
45000,26.927999999999997,24.2
45100,26.927999999999997,24.2
45200,26.927999999999997,24.2
45300,26.927999999999997,24.2
45400,26.096000000000004,24.2
45500,26.096000000000004,24.2
45600,25.872000000000003,24.2
45700,25.872000000000003,24.2
45800,25.872000000000003,24.2
45900,25.872000000000003,24.2
46000,25.872000000000003,24.2
46100,25.872000000000003,24.2
46200,25.872000000000003,24.2
46300,25.872000000000003,24.2
46400,25.872000000000003,24.2
46500,25.872000000000003,24.2
46600,25.872000000000003,24.2
46700,25.872000000000003,24.2
46800,25.872000000000003,24.2
46900,25.872000000000003,24.2
47000,25.872000000000003,24.2
47100,25.872000000000003,24.2
47200,25.872000000000003,24.2
47300,25.872000000000003,24.2
47400,25.872000000000003,24.2
47500,25.872000000000003,24.2
47600,25.872000000000003,24.2
47700,25.848000000000003,24.2
47800,25.536,24.2
47900,25.536,24.2
48000,25.536,24.2
48100,25.536,24.2
48200,25.416,24.2
48300,25.416,24.2
48400,25.416,24.2
48500,25.216,24.2
48600,25.216,24.2
48700,25.216,24.2
48800,25.216,24.2
48900,25.032,24.2
49000,25.032,24.2
49100,25.032,24.2
49200,25.032,24.2
49300,25.032,24.2
49400,25.032,24.2
49500,25.032,24.2
49600,25.032,24.2
49700,25.032,24.2
49800,25.032,24.2
49900,25.032,24.2
50000,25.032,24.2
50100,25.032,24.2
50200,25.032,24.2
50300,25.032,24.2
50400,25.032,24.2
50500,25.032,24.2
50600,25.032,24.2
50700,25.032,24.2
50800,25.032,24.2
50900,25.032,24.2
51000,25.032,24.2
51100,25.032,24.2
51200,25.032,24.2
51300,25.032,24.2
51400,25.032,24.2
51500,25.032,24.2
51600,25.032,24.2
51700,25.032,24.2
51800,25.032,24.2
51900,25.032,24.2
52000,25.032,24.2
52100,25.032,24.2
52200,25.032,24.2
52300,25.032,24.2
52400,25.032,24.2
52500,25.032,24.2
52600,25.032,24.2
52700,25.032,24.2
52800,25.032,24.2
52900,25.032,24.2
53000,25.032,24.2
53100,25.032,24.2
53200,25.032,24.2
53300,25.032,24.2
53400,25.032,24.2
53500,25.032,24.2
53600,25.032,24.2
53700,25.032,24.2
53800,25.032,24.2
53900,25.032,24.2
54000,25.032,24.2
54100,25.032,24.2
54200,25.032,24.2
54300,25.032,24.2
54400,25.032,24.2
54500,25.032,24.2
54600,25.032,24.2
54700,25.032,24.2
54800,25.032,24.2
54900,25.032,24.2
55000,25.032,24.2
55100,25.032,24.2
55200,25.032,24.2
55300,24.815999999999995,24.2
55400,24.815999999999995,24.2
55500,24.815999999999995,24.2
55600,24.815999999999995,24.2
55700,24.815999999999995,24.2
55800,24.815999999999995,24.2
55900,24.815999999999995,24.2
56000,24.815999999999995,24.2
56100,24.815999999999995,24.2
56200,24.815999999999995,24.2
56300,24.815999999999995,24.2
56400,24.815999999999995,24.2
56500,24.815999999999995,24.2
56600,24.815999999999995,24.2
56700,24.815999999999995,24.2
56800,24.815999999999995,24.2
56900,24.815999999999995,24.2
57000,24.815999999999995,24.2
57100,24.815999999999995,24.2
57200,24.815999999999995,24.2
57300,24.815999999999995,24.2
57400,24.815999999999995,24.2
57500,24.815999999999995,24.2
57600,24.815999999999995,24.2
57700,24.6,24.2
57800,24.6,24.2
57900,24.6,24.2
58000,24.6,24.2
58100,24.6,24.2
58200,24.6,24.2
58300,24.6,24.2
58400,24.6,24.2
58500,24.6,24.2
58600,24.6,24.2
58700,24.6,24.2
58800,24.6,24.2
58900,24.6,24.2
59000,24.6,24.2
59100,24.6,24.2
59200,24.6,24.2
59300,24.6,24.2
59400,24.6,24.2
59500,24.6,24.2
59600,24.6,24.2
59700,24.6,24.2
59800,24.6,24.2
59900,24.6,24.2
60000,24.6,24.2
60100,24.6,24.2
60200,24.6,24.2
60300,24.6,24.2
60400,24.6,24.2
60500,24.6,24.2
60600,24.6,24.2
60700,24.6,24.2
60800,24.6,24.2
60900,24.6,24.2
61000,24.6,24.2
61100,24.6,24.2
61200,24.6,24.2
61300,24.6,24.2
61400,24.6,24.2
61500,24.6,24.2
61600,24.6,24.2
61700,24.6,24.2
61800,24.6,24.2
61900,24.6,24.2
62000,24.6,24.2
62100,24.6,24.2
62200,24.6,24.2
62300,24.6,24.2
62400,24.6,24.2
62500,24.6,24.2
62600,24.6,24.2
62700,24.6,24.2
62800,24.6,24.2
62900,24.6,24.2
63000,24.6,24.2
63100,24.6,24.2
63200,24.6,24.2
63300,24.6,24.2
63400,24.6,24.2
63500,24.6,24.2
63600,24.6,24.2
63700,24.6,24.2
63800,24.6,24.2
63900,24.6,24.2
64000,24.6,24.2
64100,24.6,24.2
64200,24.6,24.2
64300,24.6,24.2
64400,24.6,24.2
64500,24.6,24.2
64600,24.6,24.2
64700,24.6,24.2
64800,24.6,24.2
64900,24.6,24.2
65000,24.6,24.2
65100,24.6,24.2
65200,24.6,24.2
65300,24.6,24.2
65400,24.6,24.2
65500,24.6,24.2
65600,24.6,24.2
65700,24.6,24.2
65800,24.6,24.2
65900,24.6,24.2
66000,24.6,24.2
66100,24.6,24.2
66200,24.6,24.2
66300,24.6,24.2
66400,24.6,24.2
66500,24.6,24.2
66600,24.6,24.2
66700,24.6,24.2
66800,24.6,24.2
66900,24.6,24.2
67000,24.6,24.2
67100,24.6,24.2
67200,24.6,24.2
67300,24.6,24.2
67400,24.6,24.2
67500,24.6,24.2
67600,24.6,24.2
67700,24.6,24.2
67800,24.6,24.2
67900,24.6,24.2
68000,24.6,24.2
68100,24.6,24.2
68200,24.6,24.2
68300,24.6,24.2
68400,24.6,24.2
68500,24.6,24.2
68600,24.6,24.2
68700,24.6,24.2
68800,24.6,24.2
68900,24.6,24.2
69000,24.6,24.2
69100,24.6,24.2
69200,24.6,24.2
69300,24.6,24.2
69400,24.6,24.2
69500,24.6,24.2
69600,24.6,24.2
69700,24.6,24.2
69800,24.6,24.2
69900,24.6,24.2
70000,24.6,24.2
70100,24.6,24.2
70200,24.6,24.2
70300,24.6,24.2
70400,24.6,24.2
70500,24.6,24.2
70600,24.6,24.2
70700,24.6,24.2
70800,24.6,24.2
70900,24.6,24.2
71000,24.6,24.2
71100,24.6,24.2
71200,24.6,24.2
71300,24.6,24.2
71400,24.6,24.2
71500,24.6,24.2
71600,24.6,24.2
71700,24.6,24.2
71800,24.6,24.2
71900,24.6,24.2
72000,24.6,24.2
72100,24.6,24.2
72200,24.6,24.2
72300,24.6,24.2
72400,24.6,24.2
72500,24.6,24.2
72600,24.6,24.2
72700,24.6,24.2
72800,24.6,24.2
72900,24.6,24.2
73000,24.6,24.2
73100,24.6,24.2
73200,24.6,24.2
73300,24.6,24.2
73400,24.6,24.2
73500,24.6,24.2
73600,24.368,24.2
73700,24.368,24.2
73800,24.368,24.2
73900,24.368,24.2
74000,24.368,24.2
74100,24.368,24.2
74200,24.368,24.2
74300,24.368,24.2
74400,24.368,24.2
74500,24.368,24.2
74600,24.368,24.2
74700,24.368,24.2
74800,24.368,24.2
74900,24.368,24.2
75000,24.368,24.2
75100,24.368,24.2
75200,24.368,24.2
75300,24.368,24.2
75400,24.368,24.2
75500,24.368,24.2
75600,24.368,24.2
75700,24.368,24.2
75800,24.368,24.2
75900,24.368,24.2
76000,24.368,24.2
76100,24.368,24.2
76200,24.368,24.2
76300,24.368,24.2
76400,24.368,24.2
76500,24.368,24.2
76600,24.368,24.2
76700,24.368,24.2
76800,24.368,24.2
76900,24.368,24.2
77000,24.368,24.2
77100,24.368,24.2
77200,24.368,24.2
77300,24.368,24.2
77400,23.912,24.2
77500,23.912,24.2
77600,23.912,24.2
77700,23.912,24.2
77800,23.912,24.2
77900,23.912,24.2
78000,23.735999999999997,24.2
78100,23.735999999999997,24.2
78200,23.735999999999997,24.2
78300,23.735999999999997,24.2
78400,23.735999999999997,24.2
78500,23.735999999999997,24.2
78600,23.735999999999997,24.2
78700,23.735999999999997,24.2
78800,23.735999999999997,24.2
78900,23.735999999999997,24.2
79000,23.735999999999997,24.2
79100,23.735999999999997,24.2
79200,23.735999999999997,24.2
79300,23.735999999999997,24.2
79400,23.735999999999997,24.2
79500,23.735999999999997,24.2
79600,23.735999999999997,24.2
79700,23.735999999999997,24.2
79800,23.735999999999997,24.2
79900,23.735999999999997,24.2
80000,23.735999999999997,24.2
80100,23.735999999999997,24.2
80200,23.735999999999997,24.2
80300,23.735999999999997,24.2
80400,23.735999999999997,24.2
80500,23.735999999999997,24.2
80600,23.735999999999997,24.2
80700,23.735999999999997,24.2
80800,23.735999999999997,24.2
80900,23.735999999999997,24.2
81000,23.735999999999997,24.2
81100,23.735999999999997,24.2
81200,23.735999999999997,24.2
81300,23.735999999999997,24.2
81400,23.735999999999997,24.2
81500,23.735999999999997,24.2
81600,23.735999999999997,24.2
81700,23.72,24.2
81800,23.72,24.2
81900,23.72,24.2
82000,23.72,24.2
82100,23.72,24.2
82200,23.72,24.2
82300,23.72,24.2
82400,23.72,24.2
82500,23.72,24.2
82600,23.72,24.2
82700,23.72,24.2
82800,23.72,24.2
82900,23.72,24.2
83000,23.72,24.2
83100,23.72,24.2
83200,23.72,24.2
83300,23.72,24.2
83400,23.72,24.2
83500,23.72,24.2
83600,23.72,24.2
83700,23.72,24.2
83800,23.72,24.2
83900,23.72,24.2
84000,23.72,24.2
84100,23.72,24.2
84200,23.72,24.2
84300,23.72,24.2
84400,23.72,24.2
84500,23.72,24.2
84600,23.72,24.2
84700,23.72,24.2
84800,23.72,24.2
84900,23.72,24.2
85000,23.72,24.2
85100,23.72,24.2
85200,23.72,24.2
85300,23.72,24.2
85400,23.72,24.2
85500,23.584000000000003,24.4
85600,23.584000000000003,24.4
85700,23.584000000000003,24.4
85800,23.584000000000003,24.4
85900,23.584000000000003,24.4
86000,23.584000000000003,24.4
86100,23.584000000000003,24.4
86200,23.584000000000003,24.4
86300,23.584000000000003,24.4
86400,23.584000000000003,24.4
86500,23.584000000000003,24.4
86600,23.584000000000003,24.4
86700,23.584000000000003,24.4
86800,23.584000000000003,24.4
86900,23.584000000000003,24.4
87000,23.584000000000003,24.4
87100,23.584000000000003,24.4
87200,23.584000000000003,24.4
87300,23.584000000000003,24.4
87400,23.584000000000003,24.4
87500,23.584000000000003,24.4
87600,23.584000000000003,24.4
87700,23.584000000000003,24.4
87800,23.584000000000003,24.4
87900,23.584000000000003,24.4
88000,23.584000000000003,24.4
88100,23.584000000000003,24.4
88200,23.584000000000003,24.4
88300,23.584000000000003,24.4
88400,23.584000000000003,24.4
88500,23.584000000000003,24.4
88600,23.584000000000003,24.4
88700,23.584000000000003,24.4
88800,23.584000000000003,24.4
88900,23.584000000000003,24.4
89000,23.584000000000003,24.4
89100,23.584000000000003,24.4
89200,23.584000000000003,24.4
89300,23.584000000000003,24.4
89400,23.584000000000003,24.4
89500,23.584000000000003,24.4
89600,23.584000000000003,24.4
89700,23.584000000000003,24.4
89800,23.584000000000003,24.4
89900,23.584000000000003,24.4
90000,23.584000000000003,24.4
90100,23.584000000000003,24.4
90200,23.584000000000003,24.4
90300,23.584000000000003,24.4
90400,23.584000000000003,24.4
90500,23.584000000000003,24.4
90600,23.584000000000003,24.4
90700,23.584000000000003,24.4
90800,23.584000000000003,24.4
90900,23.584000000000003,24.4
91000,23.584000000000003,24.4
91100,23.584000000000003,24.4
91200,23.584000000000003,24.4
91300,23.584000000000003,24.4
91400,23.584000000000003,24.4
91500,23.584000000000003,24.4
91600,23.584000000000003,24.4
91700,23.584000000000003,24.4
91800,23.584000000000003,24.4
91900,23.584000000000003,24.4
92000,23.584000000000003,24.4
92100,23.455999999999996,24.4
92200,23.455999999999996,24.4
92300,23.455999999999996,24.4
92400,23.455999999999996,24.4
92500,23.455999999999996,24.4
92600,23.455999999999996,24.4
92700,23.455999999999996,24.4
92800,23.455999999999996,24.4
92900,23.455999999999996,24.4
93000,23.455999999999996,24.4
93100,23.455999999999996,24.4
93200,23.455999999999996,24.4
93300,23.455999999999996,24.4
93400,23.455999999999996,24.4
93500,23.407999999999998,24.4
93600,23.407999999999998,24.4
93700,23.407999999999998,24.4
93800,23.407999999999998,24.4
93900,23.407999999999998,24.4
94000,23.407999999999998,24.4
94100,23.407999999999998,24.4
94200,22.880000000000003,24.4
94300,22.880000000000003,24.4
94400,22.224,24
94500,22.184,24.4
94600,22.104,24.4
94700,22.104,24.4
94800,22.104,24.4
94900,22.104,24.4
95000,22.104,24.4
95100,22.096,24.4
95200,22.096,24.4
95300,22.096,24.4
95400,22.096,24.4
95500,22.096,24.4
95600,22.096,24.4
95700,22.096,24.4
95800,22.096,24.4
95900,22.096,24.4
96000,22.096,24.4
96100,22.096,24.4
96200,22.096,24.4
96300,22.096,24.4
96400,22.096,24.4
96500,22.096,24.4
96600,22.096,24.4
96700,22.096,24.4
96800,22.096,24.4
96900,22.096,24.4
97000,22.096,24.4
97100,22.096,24.4
97200,22.096,24.4
97300,22.096,24.4
97400,22.096,24.4
97500,22.096,24.4
97600,22.096,24.4
97700,22.096,24.4
97800,22.096,24.4
97900,22.096,24.4
98000,22.096,24.4
98100,22.096,24.4
98200,22.096,24.4
98300,22.096,24.4
98400,22.096,24.4
98500,22.096,24.4
98600,22.096,24.4
98700,22.096,24.4
98800,22.096,24.4
98900,22.096,24.4
99000,22.096,24.4
99100,22.096,24.4
99200,22.096,24.4
99300,22.096,24.4
99400,22.096,24.4
99500,22.096,24.4
99600,22.096,24.4
99700,22.096,24.4
99800,22.096,24.4
99900,22.096,24.4
100000,22.096,24.4
100100,22.096,24.4
100200,22.096,24.4
100300,22.096,24.4
100400,22.096,24.4
100500,22.096,24.4
100600,22.096,24.4
100700,22.096,24.4
100800,22.096,24.4
100900,22.096,24.4
101000,22.096,24.4
101100,22.096,24.4
101200,22.096,24.4
101300,22.096,24.4
101400,22.096,24.4
101500,22.096,24.4
101600,22.096,24.4
101700,22.096,24.4
101800,22.096,24.4
101900,22.096,24.4
102000,22.096,24.4
102100,22.096,24.4
102200,22.096,24.4
102300,22.096,24.4
102400,22.096,24.4
102500,22.096,24.4
102600,22.096,24.4
102700,22.096,24.4
102800,22.096,24.4
102900,22.096,24.4
103000,22.096,24.4
103100,22.096,24.4
103200,22.096,24.4
103300,22.096,24.4
103400,22.096,24.4
103500,22.096,24.4
103600,22.096,24.4
103700,22.096,24.4
103800,22.096,24.4
103900,22.096,24.4
104000,22.096,24.4
104100,22.096,24.4
104200,21.415999999999997,24.2
104300,21.415999999999997,24.2
104400,21.415999999999997,24.2
104500,21.415999999999997,24.2
104600,21.415999999999997,24.2
104700,21.328,24.2
104800,21.328,24.2
104900,21.328,24.2
105000,21.328,24.2
105100,21.328,24.2
105200,21.328,24.2
105300,21.328,24.2
105400,21.328,24.2
105500,21.328,24.2
105600,21.328,24.2
105700,21.328,24.2
105800,21.328,24.2
105900,21.328,24.2
106000,21.328,24.2
106100,21.328,24.2
106200,21.328,24.2
106300,21.328,24.2
106400,21.328,24.2
106500,21.328,24.2
106600,21.328,24.2
106700,21.328,24.2
106800,21.328,24.2
106900,21.328,24.2
107000,21.328,24.2
107100,21.328,24.2
107200,21.328,24.2
107300,21.328,24.2
107400,21.328,24.2
107500,21.328,24.2
107600,21.328,24.2
107700,21.328,24.2
107800,21.328,24.2
107900,21.328,24.2
108000,21.328,24.2
108100,21.328,24.2
108200,21.328,24.2
108300,21.328,24.2
108400,21.328,24.2
108500,21.328,24.2
108600,21.328,24.2
108700,21.328,24.2
108800,21.328,24.2
108900,21.328,24.2
109000,21.328,24.2
109100,21.328,24.2
109200,21.328,24.2
109300,21.328,24.2
109400,21.328,24.2
109500,21.328,24.2
109600,21.328,24.2
109700,21.328,24.2
109800,21.328,24.2
109900,21.328,24.2
110000,21.328,24.2
110100,21.328,24.2
110200,21.328,24.2
110300,21.328,24.2
110400,21.328,24.2
110500,21.328,24.2
110600,21.328,24.2
110700,21.328,24.2
110800,21.328,24.2
110900,21.328,24.2
111000,21.328,24.2
111100,21.328,24.2
111200,21.328,24.2
111300,21.328,24.2
111400,21.328,24.2
111500,21.328,24.2
111600,21.328,24.2
111700,21.328,24.2
111800,21.328,24.2
111900,21.328,24.2
112000,21.328,24.2
112100,21.328,24.2
112200,21.328,24.2
112300,21.328,24.2
112400,21.328,24.2
112500,21.328,24.2
112600,21.328,24.2
112700,21.328,24.2
112800,21.328,24.2
112900,21.328,24.2
113000,21.328,24.2
113100,21.328,24.2
113200,21.328,24.2
113300,21.328,24.2
113400,21.328,24.2
113500,21.328,24.2
113600,21.328,24.2
113700,21.328,24.2
113800,21.328,24.2
113900,21.328,24.2
114000,21.328,24.2
114100,21.328,24.2
114200,21.328,24.2
114300,21.328,24.2
114400,21.328,24.2
114500,21.328,24.2
114600,21.328,24.2
114700,21.328,24.2
114800,21.328,24.2
114900,21.328,24.2
115000,21.328,24.2
115100,21.328,24.2
115200,21.328,24.2
115300,21.328,24.2
115400,21.328,24.2
115500,21.328,24.2
115600,21.328,24.2
115700,21.328,24.2
115800,21.328,24.2
115900,21.328,24.2
116000,21.328,24.2
116100,21.328,24.2
116200,21.328,24.2
116300,21.328,24.2
116400,21.328,24.2
116500,21.328,24.2
116600,21.328,24.2
116700,21.328,24.2
116800,21.328,24.2
116900,21.328,24.2
117000,21.328,24.2
117100,21.328,24.2
117200,21.328,24.2
117300,21.328,24.2
117400,21.328,24.2
117500,21.328,24.2
117600,21.328,24.2
117700,21.328,24.2
117800,21.328,24.2
117900,21.328,24.2
118000,21.328,24.2
118100,21.328,24.2
118200,21.328,24.2
118300,21.328,24.2
118400,21.328,24.2
118500,21.328,24.2
118600,21.328,24.2
118700,21.328,24.2
118800,21.328,24.2
118900,21.016,24.2
119000,21.016,24.2
119100,21.016,24.2
119200,21.016,24.2
119300,21.016,24.2
119400,21.016,24.2
119500,21.016,24.2
119600,21.016,24.2
119700,21.016,24.2
119800,21.016,24.2
119900,21.016,24.2
120000,21.016,24.2
120100,21.016,24.2
120200,21.016,24.2
120300,21.016,24.2
120400,21.016,24.2
120500,21.016,24.2
120600,21.016,24.2
120700,21.016,24.2
120800,21.016,24.2
120900,21.016,24.2
121000,20.839999999999996,24.2
121100,20.839999999999996,24.2
121200,20.839999999999996,24.2
121300,20.839999999999996,24.2
121400,20.839999999999996,24.2
121500,20.839999999999996,24.2
121600,20.839999999999996,24.2
121700,20.839999999999996,24.2
121800,20.839999999999996,24.2
121900,20.839999999999996,24.2
122000,20.839999999999996,24.2
122100,20.839999999999996,24.2
122200,20.839999999999996,24.2
122300,20.839999999999996,24.2
122400,20.839999999999996,24.2
122500,20.839999999999996,24.2
122600,20.839999999999996,24.2
122700,20.839999999999996,24.2
122800,20.839999999999996,24.2
122900,20.839999999999996,24.2
123000,20.839999999999996,24.2
123100,20.839999999999996,24.2
123200,20.839999999999996,24.2
123300,20.839999999999996,24.2
123400,20.839999999999996,24.2
123500,20.839999999999996,24.2
123600,20.839999999999996,24.2
123700,20.839999999999996,24.2
123800,20.839999999999996,24.2
123900,20.839999999999996,24.2
124000,20.839999999999996,24.2
124100,20.839999999999996,24.2
124200,20.839999999999996,24.2
124300,20.712,24.2
124400,20.712,24.2
124500,20.712,24.2
124600,20.712,24.2
124700,20.712,24.2
124800,20.712,24.2
124900,20.712,24.2
125000,20.712,24.2
125100,20.712,24.2
125200,20.712,24.2
125300,20.712,24.2
125400,20.712,24.2
125500,20.712,24.2
125600,20.712,24.2
125700,20.712,24.2
125800,20.712,24.2
125900,20.712,24.2
126000,20.712,24.2
126100,20.712,24.2
126200,20.712,24.2
126300,20.712,24.2
126400,20.712,24.2
126500,20.712,24.2
126600,20.712,24.2
126700,20.712,24.2
126800,20.712,24.2
126900,20.712,24.2
127000,20.712,24.2
127100,20.712,24.2
127200,20.712,24.2
127300,20.712,24.2
127400,20.712,24.2
127500,20.712,24.2
127600,20.712,24.2
127700,20.712,24.2
127800,20.712,24.2
127900,20.712,24.2
128000,20.712,24.2
128100,20.712,24.2
128200,20.712,24.2
128300,20.712,24.2
128400,20.712,24.2
128500,20.712,24.2
128600,20.712,24.2
128700,20.712,24.2
128800,20.712,24.2
128900,20.712,24.2
129000,20.712,24.2
129100,20.712,24.2
129200,20.712,24.2
129300,20.712,24.2
129400,20.712,24.2
129500,20.712,24.2
129600,20.712,24.2
129700,20.712,24.2
129800,20.712,24.2
129900,20.712,24.2
130000,20.712,24.2
130100,20.712,24.2
130200,20.712,24.2
130300,20.712,24.2
130400,20.712,24.2
130500,20.712,24.2
130600,20.712,24.2
130700,20.712,24.2
130800,20.712,24.2
130900,20.712,24.2
131000,20.712,24.2
131100,20.712,24.2
131200,20.712,24.2
131300,20.712,24.2
131400,20.712,24.2
131500,20.712,24.2
131600,20.712,24.2
131700,20.712,24.2
131800,20.712,24.2
131900,20.712,24.2
132000,20.712,24.2
132100,20.712,24.2
132200,20.712,24.2
132300,20.712,24.2
132400,20.712,24.2
132500,20.712,24.2
132600,20.712,24.2
132700,20.712,24.2
132800,20.712,24.2
132900,20.712,24.2
133000,20.712,24.2
133100,20.712,24.2
133200,20.712,24.2
133300,20.712,24.2
133400,20.712,24.2
133500,20.712,24.2
133600,20.712,24.2
133700,20.712,24.2
133800,20.712,24.2
133900,20.712,24.2
134000,20.712,24.2
134100,20.712,24.2
134200,20.712,24.2
134300,20.712,24.2
134400,20.712,24.2
134500,20.712,24.2
134600,20.712,24.2
134700,20.712,24.2
134800,20.712,24.2
134900,20.712,24.2
135000,20.712,24.2
135100,20.712,24.2
135200,20.712,24.2
135300,20.712,24.2
135400,20.712,24.2
135500,20.712,24.2
135600,20.712,24.2
135700,20.712,24.2
135800,20.712,24.2
135900,20.712,24.2
136000,20.712,24.2
136100,20.712,24.2
136200,20.712,24.2
136300,20.712,24.2
136400,20.712,24.2
136500,20.712,24.2
136600,20.712,24.2
136700,20.712,24.2
136800,20.712,24.2
136900,20.712,24.2
137000,20.712,24.2
137100,20.712,24.2
137200,20.712,24.2
137300,20.712,24.2
137400,20.712,24.2
137500,20.712,24.2
137600,20.712,24.2
137700,20.712,24.2
137800,20.712,24.2
137900,20.712,24.2
138000,20.712,24.2
138100,20.712,24.2
138200,20.712,24.2
138300,20.712,24.2
138400,20.712,24.2
138500,20.712,24.2
138600,20.712,24.2
138700,20.712,24.2
138800,20.712,24.2
138900,20.712,24.2
139000,20.712,24.2
139100,20.712,24.2
139200,20.712,24.2
139300,20.712,24.2
139400,20.712,24.2
139500,20.712,24.2
139600,20.712,24.2
139700,20.712,24.2
139800,20.712,24.2
139900,20.712,24.2
140000,20.712,24.2
140100,20.712,24.2
140200,20.712,24.2
140300,20.712,24.2
140400,20.712,24.2
140500,20.712,24.2
140600,20.712,24.2
140700,20.712,24.2
140800,20.712,24.2
140900,20.712,24.2
141000,20.712,24.2
141100,20.68,24.2
141200,20.68,24.2
141300,20.68,24.2
141400,20.68,24.2
141500,20.68,24.2
141600,20.68,24.2
141700,20.68,24.2
141800,20.68,24.2
141900,20.68,24.2
142000,20.68,24.2
142100,20.68,24.2
142200,20.68,24.2
142300,20.68,24.2
142400,20.68,24.2
142500,20.68,24.2
142600,20.68,24.2
142700,20.68,24.2
142800,20.68,24.2
142900,20.68,24.2
143000,20.68,24.2
143100,20.68,24.2
143200,20.68,24.2
143300,20.68,24.2
143400,20.68,24.2
143500,20.68,24.2
143600,20.68,24.2
143700,20.68,24.2
143800,20.68,24.2
143900,20.208,24
144000,20.208,24
144100,20.208,24
144200,20.208,24
144300,20.208,24
144400,20.208,24
144500,20.208,24
144600,20.208,24
144700,20.208,24
144800,20.208,24
144900,20.208,24
145000,20.208,24
145100,20.208,24
145200,20.208,24
145300,20.208,24
145400,20.208,24
145500,20.208,24
145600,20.208,24
145700,20.208,24
145800,20.208,24
145900,20.208,24
146000,20.208,24
146100,20.208,24
146200,20.208,24
146300,20.208,24
146400,20.208,24
146500,20.208,24
146600,20.208,24
146700,20.208,24
146800,20.208,24
146900,20.208,24
147000,20.208,24
147100,20.208,24
147200,20.208,24
147300,20.208,24
147400,20.208,24
147500,20.208,24
147600,20.208,24
147700,20.208,24
147800,20.208,24
147900,20.208,24
148000,20.208,24
148100,20.208,24
148200,20.208,24
148300,20.208,24
148400,20.208,24
148500,20.208,24
148600,20.208,24
148700,20.208,24
148800,20.208,24
148900,20.208,24
149000,20.208,24
149100,20.208,24
149200,20.208,24
149300,20.208,24
149400,20.208,24
149500,20.208,24
149600,20.208,24
149700,20.208,24
149800,20.208,24
149900,20.208,24
150000,20.208,24
150100,20.208,24
150200,20.208,24
150300,20.208,24
150400,20.208,24
150500,20.208,24
150600,20.208,24
150700,20.208,24
150800,20.208,24
150900,20.208,24
151000,20.208,24
151100,20.208,24
151200,20.208,24
151300,20.208,24
151400,20.208,24
151500,20.208,24
151600,20.208,24
151700,20.208,24
151800,20.208,24
151900,20.208,24
152000,20.208,24
152100,20.208,24
152200,20.208,24
152300,20.208,24
152400,20.208,24
152500,20.208,24
152600,20.208,24
152700,20.208,24
152800,20.208,24
152900,20.208,24
153000,20.208,24
153100,20.208,24
153200,20.208,24
153300,20.208,24
153400,20.208,24
153500,20.208,24
153600,20.208,24
153700,20.208,24
153800,20.208,24
153900,20.208,24
154000,20.208,24
154100,20.208,24
154200,20.208,24
154300,20.208,24
154400,20.208,24
154500,20.208,24
154600,20.208,24
154700,20.208,24
154800,20.208,24
154900,20.208,24
155000,20.208,24
155100,20.208,24
155200,20.208,24
155300,20.208,24
155400,20.208,24
155500,20.208,24
155600,20.2,24
155700,20.2,24
155800,20.2,24
155900,20.2,24
156000,20.2,24
156100,20.2,24
156200,20.2,24
156300,20.2,24
156400,20.2,24
156500,20.2,24
156600,20.2,24
156700,20.2,24
156800,20.2,24
156900,20.2,24
157000,20.2,24
157100,20.2,24
157200,20.2,24
157300,20.2,24
157400,20.2,24
157500,20.2,24
157600,20.2,24
157700,20.2,24
157800,20.2,24
157900,20.2,24
158000,20.2,24
158100,20.2,24
158200,20.2,24
158300,20.2,24
158400,20.2,24
158500,20.2,24
158600,20.2,24
158700,20.2,24
158800,20.2,24
158900,20.2,24
159000,20.2,24
159100,20.2,24
159200,20.2,24
159300,20.2,24
159400,20.2,24
159500,20.2,24
159600,20.2,24
159700,20.2,24
159800,20.2,24
159900,20.2,24
160000,20.2,24
160100,20.2,24
160200,20.2,24
160300,20.2,24
160400,20.2,24
160500,20.2,24
160600,20.2,24
160700,20.2,24
160800,20.2,24
160900,20.2,24
161000,20.2,24
161100,20.2,24
161200,20.2,24
161300,20.2,24
161400,20.2,24
161500,20.2,24
161600,20.2,24
161700,20.2,24
161800,20.2,24
161900,20.2,24
162000,20.2,24
162100,20.2,24
162200,20.2,24
162300,20.2,24
162400,20.2,24
162500,20.2,24
162600,20.2,24
162700,20.2,24
162800,20.2,24
162900,20.2,24
163000,20.2,24
163100,20.2,24
163200,20.2,24
163300,20.2,24
163400,20.2,24
163500,20.2,24
163600,20.2,24
163700,20.2,24
163800,20.2,24
163900,20.2,24
164000,20.2,24
164100,20.2,24
164200,20.2,24
164300,20.2,24
164400,20.2,24
164500,20.024,24.2
164600,20.024,24.2
164700,20.024,24.2
164800,20.024,24.2
164900,20.024,24.2
165000,20.024,24.2
165100,20.024,24.2
165200,20.024,24.2
165300,20.024,24.2
165400,20.024,24.2
165500,20.024,24.2
165600,20.024,24.2
165700,20.024,24.2
165800,20.024,24.2
165900,20.024,24.2
166000,20.024,24.2
166100,20.024,24.2
166200,20.024,24.2
166300,20.024,24.2
166400,20.024,24.2
166500,20.024,24.2
166600,20.024,24.2
166700,20.024,24.2
166800,20.024,24.2
166900,19.976000000000003,24.2
167000,19.976000000000003,24.2
167100,19.976000000000003,24.2
167200,19.976000000000003,24.2
167300,19.976000000000003,24.2
167400,19.976000000000003,24.2
167500,19.976000000000003,24.2
167600,19.976000000000003,24.2
167700,19.976000000000003,24.2
167800,19.976000000000003,24.2
167900,19.976000000000003,24.2
168000,19.976000000000003,24.2
168100,19.976000000000003,24.2
168200,19.976000000000003,24.2
168300,19.976000000000003,24.2
168400,19.976000000000003,24.2
168500,19.976000000000003,24.2
168600,19.976000000000003,24.2
168700,19.976000000000003,24.2
168800,19.976000000000003,24.2
168900,19.976000000000003,24.2
169000,19.976000000000003,24.2
169100,19.976000000000003,24.2
169200,19.976000000000003,24.2
169300,19.976000000000003,24.2
169400,19.976000000000003,24.2
169500,19.976000000000003,24.2
169600,19.976000000000003,24.2
169700,19.976000000000003,24.2
169800,19.976000000000003,24.2
169900,19.976000000000003,24.2
170000,19.976000000000003,24.2
170100,19.976000000000003,24.2
170200,19.976000000000003,24.2
170300,19.976000000000003,24.2
170400,19.976000000000003,24.2
170500,19.976000000000003,24.2
170600,19.976000000000003,24.2
170700,19.976000000000003,24.2
170800,19.976000000000003,24.2
170900,19.976000000000003,24.2
171000,19.976000000000003,24.2
171100,19.976000000000003,24.2
171200,19.976000000000003,24.2
171300,19.976000000000003,24.2
171400,19.976000000000003,24.2
171500,19.976000000000003,24.2
171600,19.976000000000003,24.2
171700,19.976000000000003,24.2
171800,19.976000000000003,24.2
171900,19.976000000000003,24.2
172000,19.976000000000003,24.2
172100,19.976000000000003,24.2
172200,19.976000000000003,24.2
172300,19.976000000000003,24.2
172400,19.976000000000003,24.2
172500,19.976000000000003,24.2
172600,19.976000000000003,24.2
172700,19.976000000000003,24.2
172800,19.976000000000003,24.2
172900,19.976000000000003,24.2
173000,19.976000000000003,24.2
173100,19.976000000000003,24.2
173200,19.976000000000003,24.2
173300,19.976000000000003,24.2
173400,19.976000000000003,24.2
173500,19.976000000000003,24.2
173600,19.976000000000003,24.2
173700,19.976000000000003,24.2
173800,19.976000000000003,24.2
173900,19.976000000000003,24.2
174000,19.976000000000003,24.2
174100,19.976000000000003,24.2
174200,19.976000000000003,24.2
174300,19.976000000000003,24.2
174400,19.976000000000003,24.2
174500,19.976000000000003,24.2
174600,19.976000000000003,24.2
174700,19.976000000000003,24.2
174800,19.976000000000003,24.2
174900,19.976000000000003,24.2
175000,19.976000000000003,24.2
175100,19.976000000000003,24.2
175200,19.976000000000003,24.2
175300,19.976000000000003,24.2
175400,19.976000000000003,24.2
175500,19.976000000000003,24.2
175600,19.976000000000003,24.2
175700,19.976000000000003,24.2
175800,19.976000000000003,24.2
175900,19.976000000000003,24.2
176000,19.976000000000003,24.2
176100,19.976000000000003,24.2
176200,19.976000000000003,24.2
176300,19.976000000000003,24.2
176400,19.976000000000003,24.2
176500,19.976000000000003,24.2
176600,19.976000000000003,24.2
176700,19.976000000000003,24.2
176800,19.976000000000003,24.2
176900,19.976000000000003,24.2
177000,19.976000000000003,24.2
177100,19.976000000000003,24.2
177200,19.976000000000003,24.2
177300,19.976000000000003,24.2
177400,19.976000000000003,24.2
177500,19.976000000000003,24.2
177600,19.976000000000003,24.2
177700,19.976000000000003,24.2
177800,19.976000000000003,24.2
177900,19.976000000000003,24.2
178000,19.976000000000003,24.2
178100,19.976000000000003,24.2
178200,19.976000000000003,24.2
178300,19.976000000000003,24.2
178400,19.976000000000003,24.2
178500,19.976000000000003,24.2
178600,19.976000000000003,24.2
178700,19.976000000000003,24.2
178800,19.976000000000003,24.2
178900,19.976000000000003,24.2
179000,19.976000000000003,24.2
179100,19.976000000000003,24.2
179200,19.976000000000003,24.2
179300,19.976000000000003,24.2
179400,19.976000000000003,24.2
179500,19.976000000000003,24.2
179600,19.976000000000003,24.2
179700,19.976000000000003,24.2
179800,19.976000000000003,24.2
179900,19.976000000000003,24.2
180000,19.976000000000003,24.2
180100,19.976000000000003,24.2
180200,19.976000000000003,24.2
180300,19.976000000000003,24.2
180400,19.976000000000003,24.2
180500,19.976000000000003,24.2
180600,19.976000000000003,24.2
180700,19.976000000000003,24.2
180800,19.976000000000003,24.2
180900,19.976000000000003,24.2
181000,19.976000000000003,24.2
181100,19.976000000000003,24.2
181200,19.976000000000003,24.2
181300,19.976000000000003,24.2
181400,19.976000000000003,24.2
181500,19.976000000000003,24.2
181600,19.976000000000003,24.2
181700,19.976000000000003,24.2
181800,19.976000000000003,24.2
181900,19.976000000000003,24.2
182000,19.976000000000003,24.2
182100,19.976000000000003,24.2
182200,19.976000000000003,24.2
182300,19.976000000000003,24.2
182400,19.976000000000003,24.2
182500,19.976000000000003,24.2
182600,19.976000000000003,24.2
182700,19.976000000000003,24.2
182800,19.976000000000003,24.2
182900,19.976000000000003,24.2
183000,19.976000000000003,24.2
183100,19.976000000000003,24.2
183200,19.976000000000003,24.2
183300,19.976000000000003,24.2
183400,19.976000000000003,24.2
183500,19.976000000000003,24.2
183600,19.976000000000003,24.2
183700,19.976000000000003,24.2
183800,19.976000000000003,24.2
183900,19.976000000000003,24.2
184000,19.887999999999998,24.2
184100,19.887999999999998,24.2
184200,19.887999999999998,24.2
184300,19.887999999999998,24.2
184400,19.887999999999998,24.2
184500,19.887999999999998,24.2
184600,19.887999999999998,24.2
184700,19.887999999999998,24.2
184800,19.887999999999998,24.2
184900,19.887999999999998,24.2
185000,19.887999999999998,24.2
185100,19.887999999999998,24.2
185200,19.887999999999998,24.2
185300,19.887999999999998,24.2
185400,19.887999999999998,24.2
185500,19.887999999999998,24.2
185600,19.887999999999998,24.2
185700,19.887999999999998,24.2
185800,19.887999999999998,24.2
185900,19.887999999999998,24.2
186000,19.887999999999998,24.2
186100,19.887999999999998,24.2
186200,19.887999999999998,24.2
186300,19.887999999999998,24.2
186400,19.887999999999998,24.2
186500,19.887999999999998,24.2
186600,19.887999999999998,24.2
186700,19.887999999999998,24.2
186800,19.887999999999998,24.2
186900,19.887999999999998,24.2
187000,19.887999999999998,24.2
187100,19.887999999999998,24.2
187200,19.887999999999998,24.2
187300,19.887999999999998,24.2
187400,19.887999999999998,24.2
187500,19.887999999999998,24.2
187600,19.887999999999998,24.2
187700,19.887999999999998,24.2
187800,19.887999999999998,24.2
187900,19.887999999999998,24.2
188000,19.887999999999998,24.2
188100,19.887999999999998,24.2
188200,19.887999999999998,24.2
188300,19.887999999999998,24.2
188400,19.887999999999998,24.2
188500,19.720000000000002,24.2
188600,19.720000000000002,24.2
188700,19.720000000000002,24.2
188800,19.720000000000002,24.2
188900,19.720000000000002,24.2
189000,19.720000000000002,24.2
189100,19.720000000000002,24.2
189200,19.720000000000002,24.2
189300,19.720000000000002,24.2
189400,19.720000000000002,24.2
189500,19.720000000000002,24.2
189600,19.720000000000002,24.2
189700,19.720000000000002,24.2
189800,19.720000000000002,24.2
189900,19.720000000000002,24.2
190000,19.720000000000002,24.2
190100,19.720000000000002,24.2
190200,19.720000000000002,24.2
190300,19.720000000000002,24.2
190400,19.720000000000002,24.2
190500,19.720000000000002,24.2
190600,19.720000000000002,24.2
190700,19.720000000000002,24.2
190800,19.720000000000002,24.2
190900,19.720000000000002,24.2
191000,19.720000000000002,24.2
191100,19.720000000000002,24.2
191200,19.720000000000002,24.2
191300,19.720000000000002,24.2
191400,19.720000000000002,24.2
191500,19.720000000000002,24.2
191600,19.720000000000002,24.2
191700,19.720000000000002,24.2
191800,19.720000000000002,24.2
191900,19.720000000000002,24.2
192000,19.720000000000002,24.2
192100,19.720000000000002,24.2
192200,19.720000000000002,24.2
192300,19.720000000000002,24.2
192400,19.720000000000002,24.2
192500,19.720000000000002,24.2
192600,19.720000000000002,24.2
192700,19.720000000000002,24.2
192800,19.720000000000002,24.2
192900,19.720000000000002,24.2
193000,19.720000000000002,24.2
193100,19.720000000000002,24.2
193200,19.720000000000002,24.2
193300,19.720000000000002,24.2
193400,19.720000000000002,24.2
193500,19.720000000000002,24.2
193600,19.720000000000002,24.2
193700,19.592000000000002,24
193800,19.592000000000002,24
193900,19.592000000000002,24
194000,19.592000000000002,24
194100,19.592000000000002,24
194200,19.592000000000002,24
194300,19.592000000000002,24
194400,19.592000000000002,24
194500,19.592000000000002,24
194600,19.592000000000002,24
194700,19.592000000000002,24
194800,19.592000000000002,24
194900,19.592000000000002,24
195000,19.592000000000002,24
195100,19.592000000000002,24
195200,19.592000000000002,24
195300,19.592000000000002,24
195400,19.592000000000002,24
195500,19.592000000000002,24
195600,19.592000000000002,24
195700,19.592000000000002,24
195800,19.592000000000002,24
195900,19.592000000000002,24
196000,19.592000000000002,24
196100,19.592000000000002,24
196200,19.592000000000002,24
196300,19.592000000000002,24
196400,19.592000000000002,24
196500,19.592000000000002,24
196600,19.592000000000002,24
196700,19.592000000000002,24
196800,19.592000000000002,24
196900,19.592000000000002,24
197000,19.592000000000002,24
197100,19.592000000000002,24
197200,19.592000000000002,24
197300,19.592000000000002,24
197400,19.592000000000002,24
197500,19.592000000000002,24
197600,19.592000000000002,24
197700,19.592000000000002,24
197800,19.592000000000002,24
197900,19.592000000000002,24
198000,19.32,24
198100,19.32,24
198200,19.32,24
198300,19.32,24
198400,19.32,24
198500,19.32,24
198600,19.32,24
198700,19.32,24
198800,19.32,24
198900,19.32,24
199000,19.32,24
199100,19.32,24
199200,19.32,24
199300,19.32,24
199400,19.32,24
199500,19.32,24
199600,19.32,24
199700,19.32,24
199800,19.32,24
199900,19.32,24
199999,19.32,24

START ALGORITHM
h7: (a42 + a43 - a43 - a21) * (b53)
h12: (a54 + a12 - a25 - a24) * (b32 + b11 + b32 + b51 + b35)
h16: (-a42) * (b12)
h23: (-a15 - a52 - a32) * (b32 + b25 - b23 - b11 - b22)
h28: (-a43) * (b42 + b42 + b45)
h31: (-a45) * (-b21)
h40: (a43 + a33) * (-b54)
h45: (-a55 - a35 - a24) * (b44 + b12 + b44 - b24)
h48: (a22) * (-b44 - b13)
h49: (a24 + a43 + a44 + a33 - a53) * (b11)
h55: (a35 - a45) * (-b53)
h57: (-a55 - a35) * (-b25)
h59: (a42 + a53 + a14 + a35 + a51 + a13 - a41 - a22 - a31 - a13) * (b33 + b31 + b21 + b34 + b53 - b12 - b45 - b22 - b32 - b33 - b44)
h60: (a31 - a23) * (b35 + b34 - b11 - b34 - b21)
h72: (a24) * (b15 + b21 + b14 - b33 - b35 - b14)
h73: (-a32 - a13) * (b51 + b55 + b14 - b23 - b33)
h74: (a14) * (-b42)
h81: (-a52) * (-b33)
h83: (a52 - a51) * (b53 + b33 - b25 - b43)
h84: (a25 + a35 + a51 - a22 - a42) * (-b25)
h86: (-a22) * (-b42 - b55)
h93: (a24 - a21 - a31) * (b54)
h97: (a45 - a44) * (b15 - b13 - b24 - b42)
h98: (a25 + a13) * (b31)
h102: (a12 + a11) * (b32 - b54)
h107: (a32 + a12 - a23 - a55) * (b41 - b53 - b54)
h109: (a12) * (-b34)
h124: (a11 + a53 + a32 + a11 - a44) * (b45 + b43 - b55 - b22 - b34)
h129: (a22 - a55 - a43) * (b25 + b32 + b42 + b44 - b45 - b54 - b21)
h133: (a43 + a34 + a32 - a34 - a15 - a34 - a11 - a53) * (-b24 - b44)
h153: (a34 + a53 + a53 + a22 - a35 - a45) * (b14 + b15)
h168: (a52 - a52 - a53) * (-b13)
h207: (a53 + a11 - a35) * (-b42)
h210: (a32) * (b35)
h224: (a15 - a12) * (-b32)
h242: (a24 + a11 + a42 - a33 - a42) * (b31 + b14 - b51)
h290: (a42 + a54 - a44 - a22) * (b24 + b24 - b54 - b12)
h453: (-a25) * (-b43)
h485: (a25 + a55 + a15 + a33 + a23 + a43 - a42 - a52) * (b33 - b23)
h498: (a25) * (b35 + b11 + b11 - b14 - b15 - b12)
h528: (a43 + a14) * (b13 - b11)
h643: (-a25 - a23) * (-b23 - b55)
h1400: (a55) * (b24 + b22 + b51 - b21 - b44)
h1894: (a55 + a22 - a55 - a52 - a14 - a25 - a11) * (b41 - b53 - b33)
h2622: (a41) * (b43 + b43)
h3469: (a53) * (b51 + b24)
h3506: (-a44 - a43 - a32) * (-b15)
h5689: (a24 + a15 + a13 - a35) * (b21 + b31 - b11)
h6792: (-a15) * (b42 + b25 + b52)
h8497: (-a22) * (-b33)
h10156: (-a34) * (b12 + b55 + b52 - b43 - b53 - b52 - b34 - b22 - b35)
h11376: (a25 + a54 + a42 + a53 + a25 - a53 - a14 - a52 - a24) * (b14)
h12190: (a55 - a14 - a33) * (b52 + b13 + b35 + b33 + b22)
h12359: (-a13 - a43) * (-b31)
h18726: (-a55) * (-b22 - b23)
h19726: (a13 + a35 - a14 - a13 - a14) * (b12 + b15 - b23 - b44)
h23641: (a53 + a33 - a32 - a25) * (b41 + b11 - b33 - b15)
h24036: (a24 + a55 + a35 + a32 + a24 + a14 + a52 - a23 - a55 - a51) * (b22 - b14)
h26323: (-a33) * (b52 + b21 + b42 - b53 - b42 - b15)
h26436: (a44) * (b35 + b43 - b44)
h29936: (a44 - a45) * (b55 + b42 - b22)
h39151: (a11 - a33) * (-b44)
c11: h31 + h73 + h83 + h57 + h153 + h8497 + h8497 - h11376 
c12: h59 + h528 + h74 + h1894 
c13: h453 + h210 + h24036 - h93 - h242 - h39151 
c14: h84 + h224 + h7 + h29936 - h97 - h210 
c15: h23 
c21: h7 + h48 - h290 
c22: h49 + h133 + h168 + h109 + h26436 - h12190 
c23: h107 + h133 + h48 - h40 
c24: h210 + h168 + h12359 
c25: h290 + h8497 
c31: h40 + h528 - h98 
c32: h59 - h86 - h129 
c33: h86 
c34: h168 - h3469 
c35: h6792 + h485 - h18726 
c41: h124 + h207 + h3506 + h73 - h60 
c42: h59 + h57 - h72 
c43: h45 + h81 
c44: h643 + h49 + h26323 - h10156 
c45: h498 + h84 + h97 + h1894 - h16 - h19726 
c51: h109 + h12 + h102 
c52: h97 + h5689 + h207 
c53: h124 + h16 + h153 - h81 - h2622 
c54: h55 + h3506 + h31 - h86 - h1400 
c55: h28 + h453 + h485 + h23641 + h643 - h93 - h168 
