0,165.19199999999998,25
100,103.08800000000001,24.4
200,78.56800000000001,24.6
300,73.104,24.6
400,68.76,24.6
500,65.65599999999999,24.4
600,62.712,24.6
700,55.576,24.8
800,53.288,24.8
900,53.288,24.8
1000,53.263999999999996,24.8
1100,52.288,24.8
1200,52.120000000000005,24.8
1300,51.928,24.8
1400,51.928,24.8
1500,50.672,24.8
1600,50.544,24.8
1700,50.544,24.8
1800,50.544,24.8
1900,50.544,24.8
2000,50.544,24.8
2100,50.096000000000004,24.8
2200,50.096000000000004,24.8
2300,50.048,24.8
2400,50.048,24.8
2500,50.048,24.8
2600,50.048,24.8
2700,50.048,24.8
2800,47.584,24.8
2900,47.584,24.8
3000,47.584,24.8
3100,47.584,24.8
3200,47.584,24.8
3300,47.584,24.8
3400,47.584,24.8
3500,47.584,24.8
3600,47.16799999999999,25
3700,47.032,25
3800,46.767999999999994,25
3900,46.767999999999994,25
4000,46.767999999999994,25
4100,46.767999999999994,25
4200,46.767999999999994,25
4300,46.767999999999994,25
4400,46.767999999999994,25
4500,46.767999999999994,25
4600,46.767999999999994,25
4700,46.767999999999994,25
4800,46.544,25
4900,46.544,25
5000,46.544,25
5100,46.544,25
5200,45.872,25
5300,45.872,25
5400,45.872,25
5500,45.872,25
5600,45.872,25
5700,45.872,25
5800,45.872,25
5900,45.872,25
6000,45.872,25
6100,44.528000000000006,25
6200,44.528000000000006,25
6300,44.528000000000006,25
6400,44.288,25
6500,44.288,25
6600,44.152,25
6700,44.152,25
6800,44.152,25
6900,44.152,25
7000,42.864000000000004,25
7100,42.864000000000004,25
7200,42.552,25
7300,42.552,25
7400,42.232,25
7500,42.12,25
7600,42.12,25
7700,41.903999999999996,25
7800,41.903999999999996,25
7900,41.903999999999996,25
8000,41.903999999999996,25
8100,41.903999999999996,25
8200,41.903999999999996,25
8300,41.903999999999996,25
8400,41.903999999999996,25
8500,41.903999999999996,25
8600,41.903999999999996,25
8700,41.903999999999996,25
8800,41.88,25
8900,41.288000000000004,25
9000,41.288000000000004,25
9100,41.288000000000004,25
9200,41.288000000000004,25
9300,41.288000000000004,25
9400,41.288000000000004,25
9500,41.288000000000004,25
9600,41.007999999999996,25
9700,41.007999999999996,25
9800,41.007999999999996,25
9900,41.007999999999996,25
10000,41.007999999999996,25
10100,41.007999999999996,25
10200,41.007999999999996,25
10300,41.007999999999996,25
10400,41.007999999999996,25
10500,41.007999999999996,25
10600,41.007999999999996,25
10700,41.007999999999996,25
10800,41.007999999999996,25
10900,41.007999999999996,25
11000,41.007999999999996,25
11100,41.007999999999996,25
11200,41.007999999999996,25
11300,41.007999999999996,25
11400,41.007999999999996,25
11500,41.007999999999996,25
11600,41.007999999999996,25
11700,40.751999999999995,24.8
11800,40.751999999999995,24.8
11900,40.751999999999995,24.8
12000,40.751999999999995,24.8
12100,40.751999999999995,24.8
12200,40.751999999999995,24.8
12300,40.751999999999995,24.8
12400,40.751999999999995,24.8
12500,40.751999999999995,24.8
12600,40.751999999999995,24.8
12700,40.751999999999995,24.8
12800,40.751999999999995,24.8
12900,40.751999999999995,24.8
13000,40.751999999999995,24.8
13100,40.751999999999995,24.8
13200,40.751999999999995,24.8
13300,40.751999999999995,24.8
13400,40.751999999999995,24.8
13500,40.751999999999995,24.8
13600,39.976,24.8
13700,39.976,24.8
13800,39.976,24.8
13900,39.976,24.8
14000,39.896,24.8
14100,39.896,24.8
14200,39.896,24.8
14300,39.896,24.8
14400,39.775999999999996,24.8
14500,39.775999999999996,24.8
14600,39.775999999999996,24.8
14700,39.775999999999996,24.8
14800,39.775999999999996,24.8
14900,39.712,24.8
15000,39.712,24.8
15100,39.712,24.8
15200,39.712,24.8
15300,39.712,24.8
15400,38.352,24.8
15500,38.208000000000006,24.8
15600,38.208000000000006,24.8
15700,38.208000000000006,24.8
15800,38.208000000000006,24.8
15900,38.208000000000006,24.8
16000,38.208000000000006,24.8
16100,38.208000000000006,24.8
16200,38.208000000000006,24.8
16300,38.208000000000006,24.8
16400,38.208000000000006,24.8
16500,38.208000000000006,24.8
16600,38.208000000000006,24.8
16700,38.208000000000006,24.8
16800,38.208000000000006,24.8
16900,38.208000000000006,24.8
17000,38.208000000000006,24.8
17100,38.208000000000006,24.8
17200,38.208000000000006,24.8
17300,38.208000000000006,24.8
17400,38.208000000000006,24.8
17500,36.936,24.8
17600,36.936,24.8
17700,36.8,24.8
17800,36.168,24.8
17900,35.936,24.8
18000,35.936,24.8
18100,35.936,24.8
18200,35.936,24.8
18300,35.936,24.8
18400,35.936,24.8
18500,35.504,24.8
18600,35.504,24.8
18700,35.504,24.8
18800,35.504,24.8
18900,35.504,24.8
19000,35.504,24.8
19100,35.504,24.8
19200,35.504,24.8
19300,35.504,24.8
19400,35.504,24.8
19500,35.504,24.8
19600,35.504,24.8
19700,35.504,24.8
19800,35.504,24.8
19900,35.504,24.8
20000,35.504,24.8
20100,35.504,24.8
20200,35.504,24.8
20300,35.504,24.8
20400,35.504,24.8
20500,35.504,24.8
20600,35.504,24.8
20700,35.504,24.8
20800,35.104,24.8
20900,35.104,24.8
21000,35.104,24.8
21100,35.104,24.8
21200,35,24.8
21300,35,24.8
21400,35,24.8
21500,35,24.8
21600,35,24.8
21700,35,24.8
21800,35,24.8
21900,35,24.8
22000,35,24.8
22100,35,24.8
22200,35,24.8
22300,35,24.8
22400,35,24.8
22500,35,24.8
22600,35,24.8
22700,35,24.8
22800,35,24.8
22900,35,24.8
23000,35,24.8
23100,35,24.8
23200,34.696,25
23300,34.696,25
23400,34.696,25
23500,34.264,25
23600,34.264,25
23700,34.096000000000004,25
23800,34.096000000000004,25
23900,34.016000000000005,25
24000,34.016000000000005,25
24100,34.016000000000005,25
24200,34.016000000000005,25
24300,34.016000000000005,25
24400,34.016000000000005,25
24500,34.016000000000005,25
24600,34.016000000000005,25
24700,34.016000000000005,25
24800,34.016000000000005,25
24900,34.016000000000005,25
25000,34.016000000000005,25
25100,34.016000000000005,25
25200,34.016000000000005,25
25300,34.016000000000005,25
25400,34.016000000000005,25
25500,33.855999999999995,25
25600,33.855999999999995,25
25700,33.855999999999995,25
25800,33.416,25
25900,32.92,24.8
26000,32.92,24.8
26100,32.92,24.8
26200,32.92,24.8
26300,32.92,24.8
26400,32.92,24.8
26500,32.92,24.8
26600,32.92,24.8
26700,32.92,24.8
26800,32.92,24.8
26900,32.92,24.8
27000,32.92,24.8
27100,32.92,24.8
27200,32.92,24.8
27300,32.92,24.8
27400,32.92,24.8
27500,32.92,24.8
27600,32.92,24.8
27700,32.92,24.8
27800,32.92,24.8
27900,32.92,24.8
28000,32.92,24.8
28100,32.92,24.8
28200,32.92,24.8
28300,32.92,24.8
28400,32.92,24.8
28500,32.92,24.8
28600,32.92,24.8
28700,32.92,24.8
28800,32.92,24.8
28900,32.92,24.8
29000,32.92,24.8
29100,32.92,24.8
29200,32.92,24.8
29300,32.92,24.8
29400,32.92,24.8
29500,32.903999999999996,24.8
29600,32.903999999999996,24.8
29700,32.903999999999996,24.8
29800,32.903999999999996,24.8
29900,32.903999999999996,24.8
30000,32.903999999999996,24.8
30100,32.903999999999996,24.8
30200,32.903999999999996,24.8
30300,32.903999999999996,24.8
30400,32.903999999999996,24.8
30500,32.903999999999996,24.8
30600,32.903999999999996,24.8
30700,32.903999999999996,24.8
30800,32.903999999999996,24.8
30900,32.903999999999996,24.8
31000,32.903999999999996,24.8
31100,32.903999999999996,24.8
31200,32.903999999999996,24.8
31300,32.903999999999996,24.8
31400,32.903999999999996,24.8
31500,32.903999999999996,24.8
31600,32.903999999999996,24.8
31700,32.903999999999996,24.8
31800,32.903999999999996,24.8
31900,32.903999999999996,24.8
32000,32.903999999999996,24.8
32100,32.903999999999996,24.8
32200,32.903999999999996,24.8
32300,32.903999999999996,24.8
32400,32.903999999999996,24.8
32500,32.903999999999996,24.8
32600,32.903999999999996,24.8
32700,32.903999999999996,24.8
32800,32.903999999999996,24.8
32900,32.903999999999996,24.8
33000,32.903999999999996,24.8
33100,32.903999999999996,24.8
33200,32.903999999999996,24.8
33300,32.903999999999996,24.8
33400,32.903999999999996,24.8
33500,32.903999999999996,24.8
33600,32.903999999999996,24.8
33700,32.903999999999996,24.8
33800,32.903999999999996,24.8
33900,32.903999999999996,24.8
34000,32.903999999999996,24.8
34100,32.903999999999996,24.8
34200,32.903999999999996,24.8
34300,32.903999999999996,24.8
34400,32.903999999999996,24.8
34500,32.903999999999996,24.8
34600,32.903999999999996,24.8
34700,32.903999999999996,24.8
34800,32.903999999999996,24.8
34900,32.903999999999996,24.8
35000,32.903999999999996,24.8
35100,32.903999999999996,24.8
35200,32.903999999999996,24.8
35300,32.903999999999996,24.8
35400,32.903999999999996,24.8
35500,32.903999999999996,24.8
35600,32.903999999999996,24.8
35700,32.903999999999996,24.8
35800,32.903999999999996,24.8
35900,32.903999999999996,24.8
36000,32.903999999999996,24.8
36100,32.903999999999996,24.8
36200,32.903999999999996,24.8
36300,32.903999999999996,24.8
36400,32.903999999999996,24.8
36500,32.903999999999996,24.8
36600,32.903999999999996,24.8
36700,32.903999999999996,24.8
36800,32.903999999999996,24.8
36900,32.903999999999996,24.8
37000,32.903999999999996,24.8
37100,32.903999999999996,24.8
37200,32.903999999999996,24.8
37300,32.903999999999996,24.8
37400,32.903999999999996,24.8
37500,32.903999999999996,24.8
37600,32.903999999999996,24.8
37700,32.903999999999996,24.8
37800,32.903999999999996,24.8
37900,32.903999999999996,24.8
38000,32.903999999999996,24.8
38100,32.903999999999996,24.8
38200,32.903999999999996,24.8
38300,32.903999999999996,24.8
38400,32.903999999999996,24.8
38500,32.903999999999996,24.8
38600,32.903999999999996,24.8
38700,32.903999999999996,24.8
38800,32.903999999999996,24.8
38900,32.903999999999996,24.8
39000,32.903999999999996,24.8
39100,32.903999999999996,24.8
39200,32.903999999999996,24.8
39300,32.903999999999996,24.8
39400,32.903999999999996,24.8
39500,32.903999999999996,24.8
39600,32.903999999999996,24.8
39700,32.903999999999996,24.8
39800,32.903999999999996,24.8
39900,32.903999999999996,24.8
40000,32.903999999999996,24.8
40100,32.903999999999996,24.8
40200,32.903999999999996,24.8
40300,32.903999999999996,24.8
40400,32.903999999999996,24.8
40500,32.903999999999996,24.8
40600,32.903999999999996,24.8
40700,32.903999999999996,24.8
40800,32.903999999999996,24.8
40900,32.903999999999996,24.8
41000,32.903999999999996,24.8
41100,32.903999999999996,24.8
41200,32.903999999999996,24.8
41300,32.903999999999996,24.8
41400,32.903999999999996,24.8
41500,32.903999999999996,24.8
41600,32.903999999999996,24.8
41700,32.903999999999996,24.8
41800,32.903999999999996,24.8
41900,32.903999999999996,24.8
42000,32.903999999999996,24.8
42100,32.903999999999996,24.8
42200,32.903999999999996,24.8
42300,32.903999999999996,24.8
42400,32.903999999999996,24.8
42500,32.903999999999996,24.8
42600,32.903999999999996,24.8
42700,32.903999999999996,24.8
42800,32.903999999999996,24.8
42900,32.903999999999996,24.8
43000,32.903999999999996,24.8
43100,32.903999999999996,24.8
43200,32.903999999999996,24.8
43300,32.903999999999996,24.8
43400,32.903999999999996,24.8
43500,32.903999999999996,24.8
43600,32.903999999999996,24.8
43700,32.903999999999996,24.8
43800,32.903999999999996,24.8
43900,32.903999999999996,24.8
44000,32.903999999999996,24.8
44100,32.903999999999996,24.8
44200,32.903999999999996,24.8
44300,32.903999999999996,24.8
44400,32.903999999999996,24.8
44500,32.903999999999996,24.8
44600,32.903999999999996,24.8
44700,32.903999999999996,24.8
44800,32.903999999999996,24.8
44900,32.903999999999996,24.8
45000,32.903999999999996,24.8
45100,32.903999999999996,24.8
45200,32.903999999999996,24.8
45300,32.903999999999996,24.8
45400,32.903999999999996,24.8
45500,32.903999999999996,24.8
45600,32.903999999999996,24.8
45700,32.903999999999996,24.8
45800,32.903999999999996,24.8
45900,32.903999999999996,24.8
46000,32.903999999999996,24.8
46100,32.903999999999996,24.8
46200,32.903999999999996,24.8
46300,32.903999999999996,24.8
46400,32.903999999999996,24.8
46500,32.903999999999996,24.8
46600,32.903999999999996,24.8
46700,32.903999999999996,24.8
46800,32.903999999999996,24.8
46900,32.903999999999996,24.8
47000,32.903999999999996,24.8
47100,32.903999999999996,24.8
47200,32.903999999999996,24.8
47300,32.903999999999996,24.8
47400,32.903999999999996,24.8
47500,32.903999999999996,24.8
47600,32.903999999999996,24.8
47700,32.903999999999996,24.8
47800,32.903999999999996,24.8
47900,32.903999999999996,24.8
48000,32.903999999999996,24.8
48100,32.903999999999996,24.8
48200,32.903999999999996,24.8
48300,32.903999999999996,24.8
48400,32.903999999999996,24.8
48500,32.903999999999996,24.8
48600,32.903999999999996,24.8
48700,32.903999999999996,24.8
48800,32.903999999999996,24.8
48900,32.903999999999996,24.8
49000,32.903999999999996,24.8
49100,32.903999999999996,24.8
49200,32.903999999999996,24.8
49300,32.903999999999996,24.8
49400,32.903999999999996,24.8
49500,32.903999999999996,24.8
49600,32.903999999999996,24.8
49700,32.903999999999996,24.8
49800,32.903999999999996,24.8
49900,32.903999999999996,24.8
50000,32.903999999999996,24.8
50100,32.903999999999996,24.8
50200,32.903999999999996,24.8
50300,32.903999999999996,24.8
50400,32.903999999999996,24.8
50500,32.903999999999996,24.8
50600,32.903999999999996,24.8
50700,32.903999999999996,24.8
50800,32.903999999999996,24.8
50900,32.903999999999996,24.8
51000,32.903999999999996,24.8
51100,32.903999999999996,24.8
51200,32.903999999999996,24.8
51300,32.903999999999996,24.8
51400,32.903999999999996,24.8
51500,32.903999999999996,24.8
51600,32.903999999999996,24.8
51700,32.903999999999996,24.8
51800,32.903999999999996,24.8
51900,32.903999999999996,24.8
52000,32.903999999999996,24.8
52100,32.903999999999996,24.8
52200,32.903999999999996,24.8
52300,32.903999999999996,24.8
52400,32.903999999999996,24.8
52500,32.903999999999996,24.8
52600,32.903999999999996,24.8
52700,32.903999999999996,24.8
52800,32.903999999999996,24.8
52900,32.903999999999996,24.8
53000,32.903999999999996,24.8
53100,32.903999999999996,24.8
53200,32.903999999999996,24.8
53300,32.903999999999996,24.8
53400,32.903999999999996,24.8
53500,32.903999999999996,24.8
53600,32.903999999999996,24.8
53700,32.903999999999996,24.8
53800,32.903999999999996,24.8
53900,32.903999999999996,24.8
54000,32.903999999999996,24.8
54100,32.903999999999996,24.8
54200,32.903999999999996,24.8
54300,32.903999999999996,24.8
54400,32.903999999999996,24.8
54500,32.903999999999996,24.8
54600,32.903999999999996,24.8
54700,32.903999999999996,24.8
54800,32.903999999999996,24.8
54900,32.903999999999996,24.8
55000,32.903999999999996,24.8
55100,32.903999999999996,24.8
55200,32.903999999999996,24.8
55300,32.648,24.8
55400,32.648,24.8
55500,32.648,24.8
55600,32.648,24.8
55700,32.648,24.8
55800,32.648,24.8
55900,32.648,24.8
56000,32.648,24.8
56100,32.648,24.8
56200,32.648,24.8
56300,32.648,24.8
56400,32.648,24.8
56500,32.648,24.8
56600,32.648,24.8
56700,32.648,24.8
56800,32.648,24.8
56900,32.648,24.8
57000,32.648,24.8
57100,32.648,24.8
57200,32.648,24.8
57300,32.648,24.8
57400,32.648,24.8
57500,32.648,24.8
57600,32.648,24.8
57700,32.648,24.8
57800,32.648,24.8
57900,32.648,24.8
58000,32.648,24.8
58100,32.648,24.8
58200,32.648,24.8
58300,32.648,24.8
58400,32.648,24.8
58500,32.648,24.8
58600,32.648,24.8
58700,32.648,24.8
58800,32.648,24.8
58900,32.648,24.8
59000,32.648,24.8
59100,32.648,24.8
59200,32.648,24.8
59300,32.648,24.8
59400,32.648,24.8
59500,32.648,24.8
59600,32.648,24.8
59700,32.648,24.8
59800,32.648,24.8
59900,32.648,24.8
60000,32.648,24.8
60100,32.648,24.8
60200,32.648,24.8
60300,32.648,24.8
60400,32.648,24.8
60500,32.648,24.8
60600,32.648,24.8
60700,32.648,24.8
60800,32.648,24.8
60900,32.648,24.8
61000,32.648,24.8
61100,32.648,24.8
61200,32.648,24.8
61300,32.648,24.8
61400,32.648,24.8
61500,32.648,24.8
61600,32.648,24.8
61700,32.648,24.8
61800,32.648,24.8
61900,32.648,24.8
62000,32.648,24.8
62100,32.648,24.8
62200,32.648,24.8
62300,32.648,24.8
62400,32.648,24.8
62500,32.648,24.8
62600,32.648,24.8
62700,32.648,24.8
62800,32.648,24.8
62900,32.648,24.8
63000,32.648,24.8
63100,32.648,24.8
63200,32.648,24.8
63300,32.648,24.8
63400,32.648,24.8
63500,32.648,24.8
63600,32.648,24.8
63700,32.648,24.8
63800,32.648,24.8
63900,32.648,24.8
64000,32.648,24.8
64100,32.648,24.8
64200,32.648,24.8
64300,32.648,24.8
64400,32.648,24.8
64500,32.648,24.8
64600,32.648,24.8
64700,32.648,24.8
64800,32.648,24.8
64900,32.648,24.8
65000,32.648,24.8
65100,32.648,24.8
65200,32.648,24.8
65300,32.648,24.8
65400,32.648,24.8
65500,32.648,24.8
65600,32.648,24.8
65700,32.648,24.8
65800,32.648,24.8
65900,32.648,24.8
66000,32.648,24.8
66100,32.648,24.8
66200,32.648,24.8
66300,32.648,24.8
66400,32.648,24.8
66500,32.648,24.8
66600,32.648,24.8
66700,32.648,24.8
66800,32.648,24.8
66900,32.648,24.8
67000,32.648,24.8
67100,32.648,24.8
67200,32.648,24.8
67300,32.648,24.8
67400,32.648,24.8
67500,32.648,24.8
67600,32.648,24.8
67700,32.616,24.8
67800,32.616,24.8
67900,32.376,24.8
68000,32.376,24.8
68100,32.376,24.8
68200,32.376,24.8
68300,32.376,24.8
68400,32.376,24.8
68500,32.376,24.8
68600,32.376,24.8
68700,32.376,24.8
68800,32.376,24.8
68900,32.376,24.8
69000,32.376,24.8
69100,32.376,24.8
69200,32.376,24.8
69300,32.376,24.8
69400,32.376,24.8
69500,32.376,24.8
69600,32.376,24.8
69700,32.376,24.8
69800,32.376,24.8
69900,32.376,24.8
70000,32.376,24.8
70100,32.376,24.8
70200,32.376,24.8
70300,32.376,24.8
70400,32.376,24.8
70500,32.376,24.8
70600,32.376,24.8
70700,32.376,24.8
70800,32.376,24.8
70900,32.376,24.8
71000,32.376,24.8
71100,32.376,24.8
71200,32.376,24.8
71300,32.376,24.8
71400,32.376,24.8
71500,32.376,24.8
71600,32.376,24.8
71700,32.376,24.8
71800,32.376,24.8
71900,32.376,24.8
72000,32.376,24.8
72100,32.376,24.8
72200,32.376,24.8
72300,32.376,24.8
72400,32.376,24.8
72500,32.376,24.8
72600,32.376,24.8
72700,32.376,24.8
72800,32.376,24.8
72900,32.376,24.8
73000,32.376,24.8
73100,32.376,24.8
73200,32.376,24.8
73300,32.376,24.8
73400,32.376,24.8
73500,32.376,24.8
73600,32.376,24.8
73700,32.376,24.8
73800,32.376,24.8
73900,32.376,24.8
74000,32.376,24.8
74100,32.376,24.8
74200,32.376,24.8
74300,32.376,24.8
74400,32.376,24.8
74500,32.376,24.8
74600,32.376,24.8
74700,32.376,24.8
74800,32.376,24.8
74900,31.720000000000006,24.8
75000,31.720000000000006,24.8
75100,31.704,24.8
75200,31.704,24.8
75300,31.704,24.8
75400,31.704,24.8
75500,31.704,24.8
75600,31.704,24.8
75700,31.704,24.8
75800,31.704,24.8
75900,31.679999999999996,24.8
76000,31.679999999999996,24.8
76100,31.679999999999996,24.8
76200,31.679999999999996,24.8
76300,31.679999999999996,24.8
76400,31.679999999999996,24.8
76500,31.679999999999996,24.8
76600,31.679999999999996,24.8
76700,31.679999999999996,24.8
76800,31.679999999999996,24.8
76900,31.679999999999996,24.8
77000,31.679999999999996,24.8
77100,31.679999999999996,24.8
77200,31.679999999999996,24.8
77300,31.679999999999996,24.8
77400,31.679999999999996,24.8
77500,31.679999999999996,24.8
77600,31.679999999999996,24.8
77700,31.679999999999996,24.8
77800,31.679999999999996,24.8
77900,31.679999999999996,24.8
78000,31.679999999999996,24.8
78100,31.679999999999996,24.8
78200,31.679999999999996,24.8
78300,31.679999999999996,24.8
78400,31.679999999999996,24.8
78500,31.679999999999996,24.8
78600,31.679999999999996,24.8
78700,31.679999999999996,24.8
78800,31.679999999999996,24.8
78900,31.679999999999996,24.8
79000,31.679999999999996,24.8
79100,31.679999999999996,24.8
79200,31.679999999999996,24.8
79300,31.679999999999996,24.8
79400,31.679999999999996,24.8
79500,31.679999999999996,24.8
79600,31.679999999999996,24.8
79700,31.679999999999996,24.8
79800,31.679999999999996,24.8
79900,31.679999999999996,24.8
80000,31.679999999999996,24.8
80100,31.679999999999996,24.8
80200,31.679999999999996,24.8
80300,31.679999999999996,24.8
80400,31.679999999999996,24.8
80500,31.679999999999996,24.8
80600,31.679999999999996,24.8
80700,31.679999999999996,24.8
80800,31.679999999999996,24.8
80900,31.679999999999996,24.8
81000,31.679999999999996,24.8
81100,31.679999999999996,24.8
81200,31.679999999999996,24.8
81300,31.679999999999996,24.8
81400,31.679999999999996,24.8
81500,31.679999999999996,24.8
81600,31.679999999999996,24.8
81700,31.679999999999996,24.8
81800,31.679999999999996,24.8
81900,31.679999999999996,24.8
82000,31.679999999999996,24.8
82100,31.679999999999996,24.8
82200,31.679999999999996,24.8
82300,31.679999999999996,24.8
82400,31.679999999999996,24.8
82500,31.679999999999996,24.8
82600,31.679999999999996,24.8
82700,31.679999999999996,24.8
82800,31.679999999999996,24.8
82900,31.679999999999996,24.8
83000,31.679999999999996,24.8
83100,31.679999999999996,24.8
83200,31.679999999999996,24.8
83300,31.679999999999996,24.8
83400,31.679999999999996,24.8
83500,31.679999999999996,24.8
83600,31.679999999999996,24.8
83700,31.679999999999996,24.8
83800,31.679999999999996,24.8
83900,31.679999999999996,24.8
84000,31.679999999999996,24.8
84100,31.679999999999996,24.8
84200,31.679999999999996,24.8
84300,31.679999999999996,24.8
84400,31.679999999999996,24.8
84500,31.679999999999996,24.8
84600,31.679999999999996,24.8
84700,31.679999999999996,24.8
84800,31.679999999999996,24.8
84900,31.679999999999996,24.8
85000,31.679999999999996,24.8
85100,31.679999999999996,24.8
85200,31.679999999999996,24.8
85300,31.679999999999996,24.8
85400,31.679999999999996,24.8
85500,31.679999999999996,24.8
85600,31.6,24.8
85700,31.6,24.8
85800,31.6,24.8
85900,31.6,24.8
86000,31.6,24.8
86100,31.6,24.8
86200,31.6,24.8
86300,31.048000000000002,24.8
86400,31.048000000000002,24.8
86500,31.048000000000002,24.8
86600,31.048000000000002,24.8
86700,31.048000000000002,24.8
86800,31.048000000000002,24.8
86900,31.048000000000002,24.8
87000,31.048000000000002,24.8
87100,31.048000000000002,24.8
87200,31.048000000000002,24.8
87300,31.048000000000002,24.8
87400,31.048000000000002,24.8
87500,31.048000000000002,24.8
87600,31.048000000000002,24.8
87700,31,24.8
87800,30.264000000000003,24.8
87900,30.264000000000003,24.8
88000,30.264000000000003,24.8
88100,30.264000000000003,24.8
88200,30.264000000000003,24.8
88300,30.264000000000003,24.8
88400,30.264000000000003,24.8
88500,30.264000000000003,24.8
88600,30.264000000000003,24.8
88700,30.264000000000003,24.8
88800,30.264000000000003,24.8
88900,30.264000000000003,24.8
89000,30.264000000000003,24.8
89100,30.264000000000003,24.8
89200,30.264000000000003,24.8
89300,30.264000000000003,24.8
89400,30.264000000000003,24.8
89500,30.264000000000003,24.8
89600,30.264000000000003,24.8
89700,30.264000000000003,24.8
89800,30.264000000000003,24.8
89900,30.264000000000003,24.8
90000,30.264000000000003,24.8
90100,30.264000000000003,24.8
90200,30.264000000000003,24.8
90300,30.264000000000003,24.8
90400,30.264000000000003,24.8
90500,30.264000000000003,24.8
90600,30.264000000000003,24.8
90700,30.264000000000003,24.8
90800,30.264000000000003,24.8
90900,30.264000000000003,24.8
91000,30.264000000000003,24.8
91100,30.264000000000003,24.8
91200,30.264000000000003,24.8
91300,30.264000000000003,24.8
91400,30.264000000000003,24.8
91500,30.264000000000003,24.8
91600,30.264000000000003,24.8
91700,30.264000000000003,24.8
91800,30.104000000000003,24.8
91900,30.104000000000003,24.8
92000,30.104000000000003,24.8
92100,30.104000000000003,24.8
92200,30.104000000000003,24.8
92300,30.104000000000003,24.8
92400,30.104000000000003,24.8
92500,30.104000000000003,24.8
92600,30.104000000000003,24.8
92700,30.104000000000003,24.8
92800,30.104000000000003,24.8
92900,30.104000000000003,24.8
93000,30.104000000000003,24.8
93100,30.104000000000003,24.8
93200,30.104000000000003,24.8
93300,30.104000000000003,24.8
93400,30.104000000000003,24.8
93500,30.104000000000003,24.8
93600,30.104000000000003,24.8
93700,30.104000000000003,24.8
93800,30.104000000000003,24.8
93900,30.104000000000003,24.8
94000,30.104000000000003,24.8
94100,30.104000000000003,24.8
94200,30.104000000000003,24.8
94300,30.104000000000003,24.8
94400,30.104000000000003,24.8
94500,30.104000000000003,24.8
94600,30.104000000000003,24.8
94700,30.104000000000003,24.8
94800,30.104000000000003,24.8
94900,30.104000000000003,24.8
95000,30.104000000000003,24.8
95100,30.104000000000003,24.8
95200,30.104000000000003,24.8
95300,30.104000000000003,24.8
95400,30.104000000000003,24.8
95500,30.104000000000003,24.8
95600,30.104000000000003,24.8
95700,30.104000000000003,24.8
95800,30.104000000000003,24.8
95900,30.104000000000003,24.8
96000,30.104000000000003,24.8
96100,30.104000000000003,24.8
96200,30.104000000000003,24.8
96300,30.104000000000003,24.8
96400,30.104000000000003,24.8
96500,30.104000000000003,24.8
96600,30.104000000000003,24.8
96700,30.104000000000003,24.8
96800,30.104000000000003,24.8
96900,30.104000000000003,24.8
97000,30.104000000000003,24.8
97100,30.104000000000003,24.8
97200,30.104000000000003,24.8
97300,30.104000000000003,24.8
97400,30.104000000000003,24.8
97500,30.104000000000003,24.8
97600,30.104000000000003,24.8
97700,30.104000000000003,24.8
97800,30.104000000000003,24.8
97900,30.104000000000003,24.8
98000,30.104000000000003,24.8
98100,30.104000000000003,24.8
98200,30.104000000000003,24.8
98300,29.951999999999998,24.8
98400,29.951999999999998,24.8
98500,29.951999999999998,24.8
98600,29.951999999999998,24.8
98700,29.951999999999998,24.8
98800,29.951999999999998,24.8
98900,29.951999999999998,24.8
99000,29.951999999999998,24.8
99100,29.951999999999998,24.8
99200,29.951999999999998,24.8
99300,29.951999999999998,24.8
99400,29.951999999999998,24.8
99500,29.951999999999998,24.8
99600,29.951999999999998,24.8
99700,29.951999999999998,24.8
99800,29.951999999999998,24.8
99900,29.951999999999998,24.8
100000,29.951999999999998,24.8
100100,29.951999999999998,24.8
100200,29.951999999999998,24.8
100300,29.951999999999998,24.8
100400,29.951999999999998,24.8
100500,29.951999999999998,24.8
100600,29.951999999999998,24.8
100700,29.951999999999998,24.8
100800,29.951999999999998,24.8
100900,29.951999999999998,24.8
101000,29.951999999999998,24.8
101100,29.951999999999998,24.8
101200,29.951999999999998,24.8
101300,29.951999999999998,24.8
101400,29.951999999999998,24.8
101500,29.951999999999998,24.8
101600,29.951999999999998,24.8
101700,29.951999999999998,24.8
101800,29.951999999999998,24.8
101900,29.951999999999998,24.8
102000,29.951999999999998,24.8
102100,29.951999999999998,24.8
102200,29.951999999999998,24.8
102300,29.951999999999998,24.8
102400,29.951999999999998,24.8
102500,29.951999999999998,24.8
102600,29.951999999999998,24.8
102700,29.951999999999998,24.8
102800,29.951999999999998,24.8
102900,29.951999999999998,24.8
103000,29.951999999999998,24.8
103100,29.951999999999998,24.8
103200,29.951999999999998,24.8
103300,29.951999999999998,24.8
103400,29.951999999999998,24.8
103500,29.951999999999998,24.8
103600,29.951999999999998,24.8
103700,29.951999999999998,24.8
103800,29.951999999999998,24.8
103900,29.951999999999998,24.8
104000,29.951999999999998,24.8
104100,29.951999999999998,24.8
104200,29.951999999999998,24.8
104300,29.951999999999998,24.8
104400,29.951999999999998,24.8
104500,29.951999999999998,24.8
104600,29.951999999999998,24.8
104700,29.951999999999998,24.8
104800,29.951999999999998,24.8
104900,29.951999999999998,24.8
105000,29.951999999999998,24.8
105100,29.951999999999998,24.8
105200,29.951999999999998,24.8
105300,29.951999999999998,24.8
105400,29.951999999999998,24.8
105500,29.951999999999998,24.8
105600,29.951999999999998,24.8
105700,29.951999999999998,24.8
105800,29.951999999999998,24.8
105900,29.951999999999998,24.8
106000,29.951999999999998,24.8
106100,29.951999999999998,24.8
106200,29.951999999999998,24.8
106300,29.951999999999998,24.8
106400,29.951999999999998,24.8
106500,29.951999999999998,24.8
106600,29.951999999999998,24.8
106700,29.951999999999998,24.8
106800,29.951999999999998,24.8
106900,29.951999999999998,24.8
107000,29.951999999999998,24.8
107100,29.951999999999998,24.8
107200,29.951999999999998,24.8
107300,29.951999999999998,24.8
107400,29.951999999999998,24.8
107500,29.951999999999998,24.8
107600,29.951999999999998,24.8
107700,29.951999999999998,24.8
107800,29.951999999999998,24.8
107900,29.951999999999998,24.8
108000,29.951999999999998,24.8
108100,29.951999999999998,24.8
108200,29.951999999999998,24.8
108300,29.951999999999998,24.8
108400,29.951999999999998,24.8
108500,29.951999999999998,24.8
108600,29.951999999999998,24.8
108700,29.951999999999998,24.8
108800,29.951999999999998,24.8
108900,29.951999999999998,24.8
109000,29.951999999999998,24.8
109100,29.951999999999998,24.8
109200,29.951999999999998,24.8
109300,29.951999999999998,24.8
109400,29.951999999999998,24.8
109500,29.951999999999998,24.8
109600,29.951999999999998,24.8
109700,29.951999999999998,24.8
109800,29.951999999999998,24.8
109900,29.951999999999998,24.8
110000,29.951999999999998,24.8
110100,29.951999999999998,24.8
110200,29.951999999999998,24.8
110300,29.951999999999998,24.8
110400,29.951999999999998,24.8
110500,29.951999999999998,24.8
110600,29.951999999999998,24.8
110700,29.951999999999998,24.8
110800,29.951999999999998,24.8
110900,29.951999999999998,24.8
111000,29.951999999999998,24.8
111100,29.951999999999998,24.8
111200,29.951999999999998,24.8
111300,29.951999999999998,24.8
111400,29.951999999999998,24.8
111500,29.951999999999998,24.8
111600,29.951999999999998,24.8
111700,29.951999999999998,24.8
111800,29.951999999999998,24.8
111900,29.951999999999998,24.8
112000,29.951999999999998,24.8
112100,29.951999999999998,24.8
112200,29.951999999999998,24.8
112300,29.951999999999998,24.8
112400,29.951999999999998,24.8
112500,29.951999999999998,24.8
112600,29.951999999999998,24.8
112700,29.951999999999998,24.8
112800,29.951999999999998,24.8
112900,29.951999999999998,24.8
113000,29.951999999999998,24.8
113100,29.951999999999998,24.8
113200,29.951999999999998,24.8
113300,29.951999999999998,24.8
113400,29.76,24.8
113500,29.76,24.8
113600,29.76,24.8
113700,29.76,24.8
113800,29.76,24.8
113900,29.76,24.8
114000,29.76,24.8
114100,29.76,24.8
114200,29.76,24.8
114300,29.76,24.8
114400,29.76,24.8
114500,29.76,24.8
114600,29.76,24.8
114700,29.76,24.8
114800,29.76,24.8
114900,29.76,24.8
115000,29.76,24.8
115100,29.76,24.8
115200,29.76,24.8
115300,29.76,24.8
115400,29.76,24.8
115500,29.76,24.8
115600,29.76,24.8
115700,29.76,24.8
115800,29.76,24.8
115900,29.76,24.8
116000,29.76,24.8
116100,29.76,24.8
116200,29.76,24.8
116300,29.76,24.8
116400,29.76,24.8
116500,29.76,24.8
116600,29.76,24.8
116700,29.76,24.8
116800,29.76,24.8
116900,29.76,24.8
117000,29.76,24.8
117100,29.76,24.8
117200,29.76,24.8
117300,29.76,24.8
117400,29.76,24.8
117500,29.76,24.8
117600,29.76,24.8
117700,29.76,24.8
117800,29.76,24.8
117900,29.76,24.8
118000,29.76,24.8
118100,29.76,24.8
118200,29.76,24.8
118300,29.76,24.8
118400,29.76,24.8
118500,29.76,24.8
118600,29.76,24.8
118700,29.76,24.8
118800,29.76,24.8
118900,29.76,24.8
119000,29.76,24.8
119100,29.76,24.8
119200,29.76,24.8
119300,29.76,24.8
119400,29.76,24.8
119500,29.76,24.8
119600,29.76,24.8
119700,29.76,24.8
119800,29.76,24.8
119900,29.76,24.8
120000,29.76,24.8
120100,29.76,24.8
120200,29.76,24.8
120300,29.76,24.8
120400,29.76,24.8
120500,29.76,24.8
120600,29.76,24.8
120700,29.76,24.8
120800,29.76,24.8
120900,29.76,24.8
121000,29.76,24.8
121100,29.76,24.8
121200,29.76,24.8
121300,29.76,24.8
121400,29.76,24.8
121500,29.76,24.8
121600,29.76,24.8
121700,29.76,24.8
121800,29.76,24.8
121900,29.76,24.8
122000,29.76,24.8
122100,29.76,24.8
122200,29.76,24.8
122300,29.76,24.8
122400,29.76,24.8
122500,29.76,24.8
122600,29.76,24.8
122700,29.76,24.8
122800,29.76,24.8
122900,29.76,24.8
123000,29.76,24.8
123100,29.76,24.8
123200,29.76,24.8
123300,29.76,24.8
123400,29.496,24.6
123500,29.496,24.6
123600,29.496,24.6
123700,29.496,24.6
123800,29.496,24.6
123900,29.496,24.6
124000,29.496,24.6
124100,29.447999999999997,24.6
124200,29.447999999999997,24.6
124300,29.447999999999997,24.6
124400,29.447999999999997,24.6
124500,29.447999999999997,24.6
124600,29.447999999999997,24.6
124700,29.447999999999997,24.6
124800,29.447999999999997,24.6
124900,29.447999999999997,24.6
125000,29.447999999999997,24.6
125100,29.447999999999997,24.6
125200,29.447999999999997,24.6
125300,29.447999999999997,24.6
125400,29.447999999999997,24.6
125500,29.447999999999997,24.6
125600,29.447999999999997,24.6
125700,29.447999999999997,24.6
125800,29.447999999999997,24.6
125900,29.447999999999997,24.6
126000,29.447999999999997,24.6
126100,29.447999999999997,24.6
126200,29.447999999999997,24.6
126300,29.447999999999997,24.6
126400,29.447999999999997,24.6
126500,29.447999999999997,24.6
126600,29.447999999999997,24.6
126700,29.447999999999997,24.6
126800,29.447999999999997,24.6
126900,29.447999999999997,24.6
127000,29.447999999999997,24.6
127100,29.447999999999997,24.6
127200,29.447999999999997,24.6
127300,29.447999999999997,24.6
127400,29.447999999999997,24.6
127500,29.447999999999997,24.6
127600,29.447999999999997,24.6
127700,29.447999999999997,24.6
127800,29.447999999999997,24.6
127900,29.447999999999997,24.6
128000,29.447999999999997,24.6
128100,29.447999999999997,24.6
128200,29.447999999999997,24.6
128300,29.447999999999997,24.6
128400,29.447999999999997,24.6
128500,29.447999999999997,24.6
128600,29.447999999999997,24.6
128700,29.447999999999997,24.6
128800,29.447999999999997,24.6
128900,29.447999999999997,24.6
129000,29.447999999999997,24.6
129100,29.447999999999997,24.6
129200,29.447999999999997,24.6
129300,29.447999999999997,24.6
129400,29.447999999999997,24.6
129500,29.447999999999997,24.6
129600,29.447999999999997,24.6
129700,29.447999999999997,24.6
129800,29.447999999999997,24.6
129900,29.447999999999997,24.6
130000,29.447999999999997,24.6
130100,29.447999999999997,24.6
130200,29.447999999999997,24.6
130300,29.447999999999997,24.6
130400,29.447999999999997,24.6
130500,29.447999999999997,24.6
130600,29.447999999999997,24.6
130700,29.447999999999997,24.6
130800,29.447999999999997,24.6
130900,29.447999999999997,24.6
131000,29.447999999999997,24.6
131100,29.447999999999997,24.6
131200,29.447999999999997,24.6
131300,29.447999999999997,24.6
131400,28.752,24.6
131500,28.752,24.6
131600,28.752,24.6
131700,28.752,24.6
131800,28.752,24.6
131900,28.752,24.6
132000,28.752,24.6
132100,28.752,24.6
132200,28.752,24.6
132300,28.752,24.6
132400,28.752,24.6
132500,28.752,24.6
132600,28.752,24.6
132700,28.752,24.6
132800,28.752,24.6
132900,28.752,24.6
133000,28.752,24.6
133100,28.752,24.6
133200,28.752,24.6
133300,28.752,24.6
133400,28.752,24.6
133500,28.752,24.6
133600,28.752,24.6
133700,28.752,24.6
133800,28.752,24.6
133900,28.752,24.6
134000,28.752,24.6
134100,28.752,24.6
134200,28.752,24.6
134300,28.752,24.6
134400,28.752,24.6
134500,28.752,24.6
134600,28.752,24.6
134700,28.752,24.6
134800,28.752,24.6
134900,28.752,24.6
135000,28.752,24.6
135100,28.752,24.6
135200,28.752,24.6
135300,28.752,24.6
135400,28.752,24.6
135500,28.752,24.6
135600,28.752,24.6
135700,28.752,24.6
135800,28.752,24.6
135900,28.752,24.6
136000,28.752,24.6
136100,28.752,24.6
136200,28.752,24.6
136300,28.752,24.6
136400,28.752,24.6
136500,28.752,24.6
136600,28.752,24.6
136700,28.752,24.6
136800,28.752,24.6
136900,28.752,24.6
137000,28.752,24.6
137100,28.752,24.6
137200,28.752,24.6
137300,28.752,24.6
137400,28.752,24.6
137500,28.752,24.6
137600,28.752,24.6
137700,28.752,24.6
137800,28.752,24.6
137900,28.752,24.6
138000,28.752,24.6
138100,28.752,24.6
138200,28.752,24.6
138300,28.752,24.6
138400,28.752,24.6
138500,28.752,24.6
138600,28.752,24.6
138700,28.752,24.6
138800,28.752,24.6
138900,28.752,24.6
139000,28.752,24.6
139100,28.752,24.6
139200,28.752,24.6
139300,28.752,24.6
139400,28.752,24.6
139500,28.752,24.6
139600,28.752,24.6
139700,28.752,24.6
139800,28.752,24.6
139900,28.752,24.6
140000,28.752,24.6
140100,28.752,24.6
140200,28.752,24.6
140300,28.752,24.6
140400,28.752,24.6
140500,28.752,24.6
140600,28.752,24.6
140700,28.752,24.6
140800,28.752,24.6
140900,28.752,24.6
141000,28.752,24.6
141100,28.752,24.6
141200,28.752,24.6
141300,28.752,24.6
141400,28.752,24.6
141500,28.752,24.6
141600,28.752,24.6
141700,28.752,24.6
141800,28.752,24.6
141900,28.752,24.6
142000,28.752,24.6
142100,28.752,24.6
142200,28.752,24.6
142300,28.752,24.6
142400,28.752,24.6
142500,28.752,24.6
142600,28.752,24.6
142700,28.752,24.6
142800,28.752,24.6
142900,28.752,24.6
143000,28.752,24.6
143100,28.752,24.6
143200,28.752,24.6
143300,28.752,24.6
143400,28.752,24.6
143500,28.752,24.6
143600,28.752,24.6
143700,28.752,24.6
143800,28.752,24.6
143900,28.752,24.6
144000,28.752,24.6
144100,28.752,24.6
144200,28.752,24.6
144300,28.752,24.6
144400,28.752,24.6
144500,28.752,24.6
144600,28.752,24.6
144700,28.752,24.6
144800,28.752,24.6
144900,28.752,24.6
145000,28.752,24.6
145100,28.752,24.6
145200,28.752,24.6
145300,28.752,24.6
145400,28.752,24.6
145500,28.752,24.6
145600,28.144,24.6
145700,28.144,24.6
145800,28.144,24.6
145900,28.144,24.6
146000,28.144,24.6
146100,28.144,24.6
146200,28.144,24.6
146300,28.144,24.6
146400,28.144,24.6
146500,28.144,24.6
146600,28.144,24.6
146700,28.144,24.6
146800,28.144,24.6
146900,28.144,24.6
147000,28.144,24.6
147100,28.144,24.6
147200,28.144,24.6
147300,28.144,24.6
147400,28.144,24.6
147500,28.144,24.6
147600,28.144,24.6
147700,28.144,24.6
147800,28.144,24.6
147900,28.144,24.6
148000,28.144,24.6
148100,28.144,24.6
148200,28.144,24.6
148300,28.144,24.6
148400,28.144,24.6
148500,28.04,24.6
148600,28.04,24.6
148700,27.672000000000004,24.6
148800,27.672000000000004,24.6
148900,27.672000000000004,24.6
149000,27.672000000000004,24.6
149100,27.672000000000004,24.6
149200,27.672000000000004,24.6
149300,27.672000000000004,24.6
149400,27.672000000000004,24.6
149500,27.672000000000004,24.6
149600,27.672000000000004,24.6
149700,27.672000000000004,24.6
149800,27.672000000000004,24.6
149900,27.672000000000004,24.6
150000,27.672000000000004,24.6
150100,27.672000000000004,24.6
150200,27.672000000000004,24.6
150300,27.672000000000004,24.6
150400,27.672000000000004,24.6
150500,27.672000000000004,24.6
150600,27.672000000000004,24.6
150700,27.672000000000004,24.6
150800,27.672000000000004,24.6
150900,27.672000000000004,24.6
151000,27.672000000000004,24.6
151100,27.672000000000004,24.6
151200,27.672000000000004,24.6
151300,27.672000000000004,24.6
151400,27.456,24.6
151500,27.456,24.6
151600,27.456,24.6
151700,27.456,24.6
151800,27.456,24.6
151900,27.456,24.6
152000,27.456,24.6
152100,27.456,24.6
152200,27.456,24.6
152300,27.456,24.6
152400,27.456,24.6
152500,27.456,24.6
152600,27.456,24.6
152700,27.456,24.6
152800,27.456,24.6
152900,27.456,24.6
153000,27.456,24.6
153100,27.456,24.6
153200,27.456,24.6
153300,27.456,24.6
153400,27.456,24.6
153500,27.456,24.6
153600,27.456,24.6
153700,27.456,24.6
153800,27.456,24.6
153900,27.456,24.6
154000,27.456,24.6
154100,27.456,24.6
154200,27.456,24.6
154300,27.456,24.6
154400,27.456,24.6
154500,27.456,24.6
154600,27.456,24.6
154700,27.456,24.6
154800,27.456,24.6
154900,27.456,24.6
155000,27.456,24.6
155100,27.456,24.6
155200,27.456,24.6
155300,27.456,24.6
155400,27.456,24.6
155500,27.456,24.6
155600,27.456,24.6
155700,27.456,24.6
155800,27.456,24.6
155900,27.456,24.6
156000,27.456,24.6
156100,27.456,24.6
156200,27.456,24.6
156300,27.456,24.6
156400,27.456,24.6
156500,27.456,24.6
156600,27.456,24.6
156700,27.456,24.6
156800,27.456,24.6
156900,27.456,24.6
157000,27.456,24.6
157100,27.456,24.6
157200,27.456,24.6
157300,27.456,24.6
157400,27.456,24.6
157500,27.456,24.6
157600,27.456,24.6
157700,27.456,24.6
157800,27.456,24.6
157900,27.456,24.6
158000,27.456,24.6
158100,27.456,24.6
158200,27.456,24.6
158300,27.456,24.6
158400,27.456,24.6
158500,27.456,24.6
158600,27.456,24.6
158700,27.456,24.6
158800,27.456,24.6
158900,27.456,24.6
159000,27.456,24.6
159100,27.456,24.6
159200,27.456,24.6
159300,27.456,24.6
159400,27.456,24.6
159500,27.456,24.6
159600,27.456,24.6
159700,27.456,24.6
159800,27.456,24.6
159900,27.456,24.6
160000,27.456,24.6
160100,27.456,24.6
160200,27.456,24.6
160300,27.456,24.6
160400,27.456,24.6
160500,27.456,24.6
160600,27.456,24.6
160700,27.456,24.6
160800,27.456,24.6
160900,27.456,24.6
161000,27.456,24.6
161100,27.456,24.6
161200,27.456,24.6
161300,27.456,24.6
161400,27.456,24.6
161500,27.456,24.6
161600,27.456,24.6
161700,27.456,24.6
161800,27.456,24.6
161900,27.456,24.6
162000,27.456,24.6
162100,27.456,24.6
162200,27.456,24.6
162300,27.456,24.6
162400,27.456,24.6
162500,27.456,24.6
162600,27.456,24.6
162700,27.456,24.6
162800,27.456,24.6
162900,27.456,24.6
163000,27.456,24.6
163100,27.456,24.6
163200,27.456,24.6
163300,27.456,24.6
163400,27.456,24.6
163500,27.456,24.6
163600,27.456,24.6
163700,27.456,24.6
163800,27.456,24.6
163900,27.456,24.6
164000,27.456,24.6
164100,27.456,24.6
164200,27.456,24.6
164300,27.456,24.6
164400,27.456,24.6
164500,27.456,24.6
164600,27.456,24.6
164700,27.456,24.6
164800,27.456,24.6
164900,27.456,24.6
165000,27.456,24.6
165100,27.456,24.6
165200,27.456,24.6
165300,27.456,24.6
165400,27.456,24.6
165500,27.456,24.6
165600,27.456,24.6
165700,27.456,24.6
165800,27.456,24.6
165900,27.456,24.6
166000,27.456,24.6
166100,27.456,24.6
166200,27.456,24.6
166300,27.456,24.6
166400,27.456,24.6
166500,27.456,24.6
166600,27.456,24.6
166700,27.456,24.6
166800,27.456,24.6
166900,27.456,24.6
167000,27.456,24.6
167100,27.456,24.6
167200,27.456,24.6
167300,27.456,24.6
167400,27.456,24.6
167500,27.456,24.6
167600,27.456,24.6
167700,27.456,24.6
167800,27.456,24.6
167900,27.456,24.6
168000,27.456,24.6
168100,27.456,24.6
168200,27.456,24.6
168300,27.456,24.6
168400,27.456,24.6
168500,27.456,24.6
168600,27.456,24.6
168700,27.456,24.6
168800,27.456,24.6
168900,27.456,24.6
169000,27.456,24.6
169100,27.456,24.6
169200,27.456,24.6
169300,27.456,24.6
169400,27.456,24.6
169500,27.456,24.6
169600,27.456,24.6
169700,27.456,24.6
169800,27.456,24.6
169900,27.456,24.6
170000,27.456,24.6
170100,27.456,24.6
170200,27.456,24.6
170300,27.456,24.6
170400,27.456,24.6
170500,27.456,24.6
170600,27.456,24.6
170700,27.456,24.6
170800,27.456,24.6
170900,27.456,24.6
171000,27.456,24.6
171100,27.456,24.6
171200,27.456,24.6
171300,27.456,24.6
171400,27.456,24.6
171500,27.456,24.6
171600,27.456,24.6
171700,27.456,24.6
171800,27.456,24.6
171900,27.456,24.6
172000,27.456,24.6
172100,27.456,24.6
172200,27.456,24.6
172300,27.456,24.6
172400,27.456,24.6
172500,27.456,24.6
172600,27.456,24.6
172700,27.456,24.6
172800,27.456,24.6
172900,27.456,24.6
173000,27.456,24.6
173100,27.456,24.6
173200,27.456,24.6
173300,27.456,24.6
173400,27.456,24.6
173500,27.456,24.6
173600,27.456,24.6
173700,27.456,24.6
173800,27.456,24.6
173900,27.456,24.6
174000,27.456,24.6
174100,27.456,24.6
174200,27.456,24.6
174300,27.456,24.6
174400,27.456,24.6
174500,27.456,24.6
174600,27.456,24.6
174700,27.456,24.6
174800,27.456,24.6
174900,27.456,24.6
175000,27.456,24.6
175100,27.456,24.6
175200,27.456,24.6
175300,27.456,24.6
175400,27.456,24.6
175500,27.456,24.6
175600,27.456,24.6
175700,27.456,24.6
175800,27.456,24.6
175900,27.456,24.6
176000,27.456,24.6
176100,27.456,24.6
176200,27.456,24.6
176300,27.456,24.6
176400,27.456,24.6
176500,27.456,24.6
176600,27.456,24.6
176700,27.456,24.6
176800,27.456,24.6
176900,27.456,24.6
177000,27.456,24.6
177100,27.456,24.6
177200,27.456,24.6
177300,27.456,24.6
177400,27.456,24.6
177500,27.456,24.6
177600,27.456,24.6
177700,27.456,24.6
177800,27.456,24.6
177900,27.456,24.6
178000,27.456,24.6
178100,27.456,24.6
178200,27.456,24.6
178300,27.456,24.6
178400,27.456,24.6
178500,27.456,24.6
178600,27.456,24.6
178700,27.456,24.6
178800,27.456,24.6
178900,27.456,24.6
179000,27.456,24.6
179100,27.456,24.6
179200,27.456,24.6
179300,27.456,24.6
179400,27.456,24.6
179500,27.456,24.6
179600,27.456,24.6
179700,27.456,24.6
179800,27.456,24.6
179900,27.456,24.6
180000,27.456,24.6
180100,27.456,24.6
180200,27.456,24.6
180300,27.456,24.6
180400,27.456,24.6
180500,27.456,24.6
180600,27.456,24.6
180700,27.456,24.6
180800,27.456,24.6
180900,27.456,24.6
181000,27.456,24.6
181100,27.456,24.6
181200,27.456,24.6
181300,27.456,24.6
181400,27.456,24.6
181500,27.456,24.6
181600,27.456,24.6
181700,27.456,24.6
181800,27.120000000000005,24.6
181900,27.120000000000005,24.6
182000,27.120000000000005,24.6
182100,27.120000000000005,24.6
182200,27.120000000000005,24.6
182300,27.120000000000005,24.6
182400,27.120000000000005,24.6
182500,27.120000000000005,24.6
182600,27.120000000000005,24.6
182700,27.120000000000005,24.6
182800,27.120000000000005,24.6
182900,27.120000000000005,24.6
183000,27.120000000000005,24.6
183100,27.120000000000005,24.6
183200,27.120000000000005,24.6
183300,27.120000000000005,24.6
183400,27.120000000000005,24.6
183500,27.120000000000005,24.6
183600,27.120000000000005,24.6
183700,27.120000000000005,24.6
183800,27.120000000000005,24.6
183900,27.120000000000005,24.6
184000,27.120000000000005,24.6
184100,27.120000000000005,24.6
184200,27.120000000000005,24.6
184300,27.120000000000005,24.6
184400,27.120000000000005,24.6
184500,27.120000000000005,24.6
184600,27.120000000000005,24.6
184700,27.120000000000005,24.6
184800,27.120000000000005,24.6
184900,27.120000000000005,24.6
185000,27.120000000000005,24.6
185100,27.120000000000005,24.6
185200,27.120000000000005,24.6
185300,27.120000000000005,24.6
185400,27.120000000000005,24.6
185500,27.120000000000005,24.6
185600,27.120000000000005,24.6
185700,27.120000000000005,24.6
185800,27.120000000000005,24.6
185900,27.120000000000005,24.6
186000,27.120000000000005,24.6
186100,27.120000000000005,24.6
186200,27.120000000000005,24.6
186300,27.120000000000005,24.6
186400,27.120000000000005,24.6
186500,27.120000000000005,24.6
186600,27.120000000000005,24.6
186700,27.120000000000005,24.6
186800,27.120000000000005,24.6
186900,27.120000000000005,24.6
187000,27.120000000000005,24.6
187100,27.120000000000005,24.6
187200,27.120000000000005,24.6
187300,27.120000000000005,24.6
187400,27.120000000000005,24.6
187500,27.120000000000005,24.6
187600,27.120000000000005,24.6
187700,27.120000000000005,24.6
187800,27.120000000000005,24.6
187900,27.120000000000005,24.6
188000,27.120000000000005,24.6
188100,27.120000000000005,24.6
188200,27.120000000000005,24.6
188300,27.120000000000005,24.6
188400,27.120000000000005,24.6
188500,27.120000000000005,24.6
188600,27.120000000000005,24.6
188700,27.120000000000005,24.6
188800,27.120000000000005,24.6
188900,27.120000000000005,24.6
189000,27.120000000000005,24.6
189100,27.120000000000005,24.6
189200,27.120000000000005,24.6
189300,27.120000000000005,24.6
189400,27.120000000000005,24.6
189500,27.120000000000005,24.6
189600,27.120000000000005,24.6
189700,27.120000000000005,24.6
189800,27.120000000000005,24.6
189900,27.120000000000005,24.6
190000,27.120000000000005,24.6
190100,27.120000000000005,24.6
190200,27.120000000000005,24.6
190300,27.120000000000005,24.6
190400,27.120000000000005,24.6
190500,27.120000000000005,24.6
190600,27.120000000000005,24.6
190700,27.120000000000005,24.6
190800,27.120000000000005,24.6
190900,27.120000000000005,24.6
191000,27.120000000000005,24.6
191100,27.120000000000005,24.6
191200,27.120000000000005,24.6
191300,27.120000000000005,24.6
191400,27.120000000000005,24.6
191500,27.120000000000005,24.6
191600,27.120000000000005,24.6
191700,27.120000000000005,24.6
191800,27.120000000000005,24.6
191900,27.120000000000005,24.6
192000,27.120000000000005,24.6
192100,27.120000000000005,24.6
192200,27.120000000000005,24.6
192300,27.120000000000005,24.6
192400,27.120000000000005,24.6
192500,27.120000000000005,24.6
192600,27.120000000000005,24.6
192700,27.120000000000005,24.6
192800,27.120000000000005,24.6
192900,27.120000000000005,24.6
193000,27.120000000000005,24.6
193100,27.120000000000005,24.6
193200,27.120000000000005,24.6
193300,27.120000000000005,24.6
193400,27.120000000000005,24.6
193500,27.120000000000005,24.6
193600,27.120000000000005,24.6
193700,27.120000000000005,24.6
193800,27.120000000000005,24.6
193900,27.120000000000005,24.6
194000,27.120000000000005,24.6
194100,27.120000000000005,24.6
194200,27.120000000000005,24.6
194300,27.120000000000005,24.6
194400,27.120000000000005,24.6
194500,27.120000000000005,24.6
194600,27.120000000000005,24.6
194700,27.120000000000005,24.6
194800,27.120000000000005,24.6
194900,27.120000000000005,24.6
195000,27.120000000000005,24.6
195100,27.120000000000005,24.6
195200,27.120000000000005,24.6
195300,27.120000000000005,24.6
195400,27.120000000000005,24.6
195500,27.120000000000005,24.6
195600,27.120000000000005,24.6
195700,27.120000000000005,24.6
195800,27.120000000000005,24.6
195900,27.120000000000005,24.6
196000,27.120000000000005,24.6
196100,27.120000000000005,24.6
196200,27.120000000000005,24.6
196300,27.120000000000005,24.6
196400,27.120000000000005,24.6
196500,27.120000000000005,24.6
196600,27.120000000000005,24.6
196700,27.120000000000005,24.6
196800,27.120000000000005,24.6
196900,27.120000000000005,24.6
197000,27.120000000000005,24.6
197100,27.120000000000005,24.6
197200,27.120000000000005,24.6
197300,27.120000000000005,24.6
197400,27.120000000000005,24.6
197500,27.120000000000005,24.6
197600,27.120000000000005,24.6
197700,27.120000000000005,24.6
197800,27.120000000000005,24.6
197900,27.120000000000005,24.6
198000,27.120000000000005,24.6
198100,27.120000000000005,24.6
198200,27.120000000000005,24.6
198300,27.120000000000005,24.6
198400,27.120000000000005,24.6
198500,27.120000000000005,24.6
198600,27.120000000000005,24.6
198700,27.120000000000005,24.6
198800,27.120000000000005,24.6
198900,27.120000000000005,24.6
199000,27.120000000000005,24.6
199100,27.120000000000005,24.6
199200,26.887999999999998,24.6
199300,26.887999999999998,24.6
199400,26.887999999999998,24.6
199500,26.887999999999998,24.6
199600,26.887999999999998,24.6
199700,26.887999999999998,24.6
199800,26.887999999999998,24.6
199900,26.887999999999998,24.6
199999,26.887999999999998,24.6

START ALGORITHM
h1: (a43 + a31 - a44) * (b34 + b15 + b41 + b54 - b21)
h3: (-a12) * (b11 + b21 - b52 - b44 - b12)
h6: (a11 + a43 + a35 + a24 - a21) * (b23 + b43 - b33 - b31)
h11: (-a55 - a25 - a41) * (b41 + b42 - b11 - b15)
h15: (a25 + a24 - a55) * (b15)
h17: (a54 + a44 + a51 + a42 + a45 + a31 + a13 - a55 - a24 - a31) * (b23)
h19: (-a21) * (-b52)
h25: (a23 + a31 + a32 + a54 + a25 + a11 + a31 + a45 - a55 - a21 - a33) * (b45 + b52 - b13 - b35)
h31: (-a15 - a32) * (b23 - b43 - b54)
h33: (a23) * (b14 + b33 - b12)
h42: (a43 + a52 + a53 + a41 - a51 - a44) * (b23)
h51: (a51 - a42 - a31) * (b25 - b52)
h59: (a41 + a24 - a33 - a12 - a12) * (b52 + b23 + b25 + b21 - b54 - b52)
h60: (a44 + a24 + a33 + a54 + a33 + a11 + a32 - a12 - a52 - a21 - a24 - a44) * (-b45)
h61: (a45 + a32 + a33 + a32 + a42 + a44 - a53 - a33 - a22 - a45 - a25) * (-b53 - b31)
h63: (-a45) * (b41 - b23 - b53)
h65: (a15 + a14 + a41) * (b25 - b52)
h69: (a52) * (b31 - b55)
h78: (a24 + a32 + a55 + a43 - a45) * (-b33 - b51)
h79: (-a14 - a43) * (b15)
h81: (a13) * (b14 + b11)
h90: (a53 - a21) * (b23 + b32)
h97: (a42 + a51 - a14 - a52) * (b41 - b24)
h99: (a55 + a12 + a44 + a53 + a12 - a42 - a44 - a21 - a55 - a21 - a41 - a53 - a23) * (b34 - b53 - b51)
h102: (a43 - a42 - a51) * (-b13 - b31)
h103: (-a55) * (b44)
h107: (a53 + a32 + a43 - a53 - a11 - a14) * (b41 + b55 - b15)
h108: (a42 + a23 + a23 + a45 + a12 + a11 + a25 + a24 + a54 + a31 + a13 + a44 + a41 + a31 + a21 + a55 + a33 - a13 - a12 - a24 - a15 - a42 - a12 - a41) * (-b41 - b33)
h111: (a54 + a53 - a33) * (b15)
h115: (a53 + a15 - a52 - a44 - a35 - a42 - a31 - a31 - a42 - a15 - a13 - a25) * (b24)
h119: (a41 + a22 - a23 - a35 - a33 - a51 - a44 - a51 - a23 - a14) * (b24 - b54)
h120: (a42 + a13) * (b53)
h136: (a42 - a23 - a14 - a41) * (b25)
h146: (a53 + a34 + a21 - a53 - a54) * (-b13 - b15)
h152: (a22 + a12 + a51 - a34) * (-b13)
h153: (a22 - a33) * (b52 + b31)
h154: (a12 + a43 + a21) * (b33 + b43 - b52 - b32)
h157: (a43 - a41 - a23) * (b55)
h165: (a35 + a33 + a14 + a22 - a51) * (b11 + b45 + b34 + b23 + b31 - b12 - b23 - b23)
h168: (a24 + a21 - a11 - a24 - a51) * (-b13)
h175: (a12 + a35 + a54 + a21 + a21 - a54) * (b22 - b54)
h179: (a53 + a44 + a23 + a33 + a12 + a12 - a32 - a42 - a53) * (b22)
h182: (a41 - a24 - a42 - a53) * (-b42 - b54)
h186: (a55 + a25 - a53 - a34 - a44) * (b53 - b34)
h193: (-a22 - a21 - a11) * (-b44 - b21)
h195: (a45) * (b45 + b52 + b23 + b44 + b55 - b32 - b44 - b55 - b55)
h198: (a52 + a53 + a35 + a21 + a11) * (b35 - b11 - b53 - b32 - b33)
h199: (-a32) * (b55)
h208: (a45 - a43) * (b44 - b43 - b15)
h241: (a24) * (b13 - b51 - b21)
h250: (-a53) * (-b41 - b22)
h289: (a23 + a41 + a11) * (-b22)
h309: (a25 + a24 + a54) * (b55 - b53 - b23 - b25 - b32 - b35)
h362: (a31 + a33 + a22 - a24) * (-b41 - b43 - b33)
h391: (a45) * (-b22 - b43 - b51 - b11)
h469: (a11 + a31 + a14 + a13 + a55 + a12 + a23 - a53 - a13 - a33 - a41) * (b35 + b43 + b55)
h470: (a54 + a21 - a44 - a51) * (b34 - b41)
h522: (a44 + a13 + a34 + a13 + a54 + a35 + a23 - a35 - a32 - a33 - a41 - a11 - a43) * (b32 + b42)
h807: (a31 + a12 - a54) * (-b13)
h1132: (a23 + a32 - a55) * (b45)
h3956: (a23 + a42 + a34 + a24 - a44 - a51 - a33 - a23 - a21 - a22 - a11 - a43) * (b13 + b14)
h4986: (a44 + a34 + a33) * (b41 + b34 - b51)
h9838: (a24 + a11 + a41 + a15 + a31 + a45 - a54 - a24 - a35 - a51 - a15 - a43 - a43 - a54 - a52) * (b51 + b35 - b31 - b42 - b12)
h11425: (a13) * (b24)
h15162: (a42 + a31 + a51 + a45 + a42 - a44 - a45 - a35 - a14) * (b32)
h16116: (a32 + a42 + a21 - a43) * (-b14 - b41)
h16347: (-a45) * (-b32 - b35)
h54619: (a51 - a21) * (b35 - b53)
h92448: (a15 + a55 - a22 - a23 - a42) * (b42)
h94275: (a22) * (b11 - b35)
c11: h15 + h33 + h807 + h119 + h99 - h111 - h362 - h1132 
c12: h3 + h195 + h198 + h391 + h522 - h81 - h186 
c13: h59 + h79 - h6 - h152 - h154 
c14: h111 + h175 + h42 - h470 
c15: h97 + h807 + h16347 + h111 
c21: h78 + h90 + h63 - h115 
c22: h119 + h198 + h11 
c23: h99 + h19 + h154 
c24: h103 + h33 + h108 - h153 
c25: h65 + h102 + h157 + h193 + h99 + h94275 - h3956 
c31: h69 + h182 + h17 + h31 + h81 - h289 - h54619 
c32: h1 + h146 
c33: h182 + h15162 
c34: h63 + h199 - h309 
c35: h120 + h154 
c41: h78 + h179 + h16116 + h179 - h51 
c42: h469 - h61 
c43: h179 - h199 - h241 - h9838 
c44: h6 + h1 - h15162 
c45: h108 + h11 - h17 - h136 
c51: h90 + h115 
c52: h391 
c53: h60 + h168 - h107 - h97 - h146 
c54: h108 + h107 + h11425 + h92448 - h469 - h4986 
c55: h165 - h25 - h250 
