0,145.728,24.8
100,106.04,24.8
200,90.16,24.8
300,82.2,24.8
400,76.048,24.8
500,67.91999999999999,24.8
600,63.67999999999999,24.8
700,60.048,24.6
800,54.504,24.8
900,51.215999999999994,24.8
1000,48.8,24.6
1100,48.8,24.6
1200,47.36,24.8
1300,46.928,24.8
1400,46.928,24.8
1500,46.928,24.8
1600,46.616,24.8
1700,45.488,24.8
1800,44.856,24.8
1900,44.856,24.8
2000,44.856,24.8
2100,44.672,24.8
2200,44.672,24.8
2300,44.672,24.8
2400,44.608,24.8
2500,44.608,24.8
2600,44.16799999999999,24.6
2700,43.992000000000004,24.6
2800,43.992000000000004,24.6
2900,43.992000000000004,24.6
3000,43.992000000000004,24.6
3100,43.992000000000004,24.6
3200,43.992000000000004,24.6
3300,43.992000000000004,24.6
3400,43.888,24.6
3500,43.888,24.6
3600,43.888,24.6
3700,43.888,24.6
3800,43.888,24.6
3900,43.776,24.4
4000,43.776,24.4
4100,43.696000000000005,24.4
4200,43.696000000000005,24.4
4300,43.696000000000005,24.4
4400,43.696000000000005,24.4
4500,43.696000000000005,24.4
4600,43.696000000000005,24.4
4700,43.67999999999999,24.4
4800,43.67999999999999,24.4
4900,43.67999999999999,24.4
5000,43.67999999999999,24.4
5100,43.67999999999999,24.4
5200,43.67999999999999,24.4
5300,43.67999999999999,24.4
5400,43.67999999999999,24.4
5500,43.67999999999999,24.4
5600,43.67999999999999,24.4
5700,43.592,24.6
5800,43.592,24.6
5900,43.592,24.6
6000,43.592,24.6
6100,43.592,24.6
6200,43.592,24.6
6300,43.592,24.6
6400,43.592,24.6
6500,43.592,24.6
6600,43.552,24.6
6700,43.552,24.6
6800,43.552,24.6
6900,43.016000000000005,24.6
7000,43.016000000000005,24.6
7100,42.751999999999995,24.8
7200,42.751999999999995,24.8
7300,42.751999999999995,24.8
7400,42.751999999999995,24.8
7500,42.64,24.8
7600,42.64,24.8
7700,42.64,24.8
7800,42.64,24.8
7900,42.64,24.8
8000,42.64,24.8
8100,42.496,24.8
8200,42.496,24.8
8300,42.496,24.8
8400,42.496,24.8
8500,42.496,24.8
8600,42.496,24.8
8700,42.496,24.8
8800,42.496,24.8
8900,42.496,24.8
9000,42.496,24.8
9100,42.496,24.8
9200,42.496,24.8
9300,42.496,24.8
9400,42.472,24.8
9500,42.472,24.8
9600,42.472,24.8
9700,41.784000000000006,24.8
9800,41.784000000000006,24.8
9900,41.784000000000006,24.8
10000,41.784000000000006,24.8
10100,41.784000000000006,24.8
10200,41.784000000000006,24.8
10300,41.784000000000006,24.8
10400,41.664,24.4
10500,41.664,24.4
10600,41.664,24.4
10700,41.664,24.4
10800,41.664,24.4
10900,41.664,24.4
11000,41.664,24.4
11100,41.664,24.4
11200,41.512,24.4
11300,41.032000000000004,24.6
11400,41.032000000000004,24.6
11500,41.032000000000004,24.6
11600,41.032000000000004,24.6
11700,41.032000000000004,24.6
11800,41.032000000000004,24.6
11900,40.68,24.6
12000,40.44799999999999,24.6
12100,40.44799999999999,24.6
12200,40.376,24.6
12300,40.376,24.6
12400,40.215999999999994,24.6
12500,40.215999999999994,24.6
12600,39.984,24.6
12700,39.984,24.6
12800,39.984,24.6
12900,39.984,24.6
13000,39.984,24.6
13100,39.984,24.6
13200,39.984,24.6
13300,39.856,24.6
13400,39.752,24.6
13500,39.752,24.6
13600,39.752,24.6
13700,39.752,24.6
13800,39.752,24.6
13900,39.752,24.6
14000,39.303999999999995,24.6
14100,39.303999999999995,24.6
14200,39.303999999999995,24.6
14300,39.303999999999995,24.6
14400,39.303999999999995,24.6
14500,39.303999999999995,24.6
14600,39.303999999999995,24.6
14700,39.303999999999995,24.6
14800,39.303999999999995,24.6
14900,39.28000000000001,24.6
15000,38.784,24.6
15100,38.784,24.6
15200,38.784,24.6
15300,38.784,24.6
15400,38.784,24.6
15500,38.784,24.6
15600,38.784,24.6
15700,38.784,24.6
15800,38.784,24.6
15900,38.784,24.6
16000,38.784,24.6
16100,38.784,24.6
16200,38.784,24.6
16300,38.65599999999999,24.6
16400,38.65599999999999,24.6
16500,38.65599999999999,24.6
16600,38.65599999999999,24.6
16700,38.65599999999999,24.6
16800,38.65599999999999,24.6
16900,38.65599999999999,24.6
17000,38.65599999999999,24.6
17100,38.65599999999999,24.6
17200,38.65599999999999,24.6
17300,38.65599999999999,24.6
17400,38.65599999999999,24.6
17500,38.576,24.6
17600,38.576,24.6
17700,38.576,24.6
17800,37.440000000000005,24.6
17900,37.440000000000005,24.6
18000,37.440000000000005,24.6
18100,37.440000000000005,24.6
18200,37.440000000000005,24.6
18300,37.440000000000005,24.6
18400,37.440000000000005,24.6
18500,37.440000000000005,24.6
18600,37.440000000000005,24.6
18700,37.440000000000005,24.6
18800,37.440000000000005,24.6
18900,37.440000000000005,24.6
19000,37.440000000000005,24.6
19100,37.440000000000005,24.6
19200,37.440000000000005,24.6
19300,37.440000000000005,24.6
19400,37.440000000000005,24.6
19500,37.303999999999995,24.6
19600,37.303999999999995,24.6
19700,37.303999999999995,24.6
19800,37.303999999999995,24.6
19900,37.303999999999995,24.6
20000,37.303999999999995,24.6
20100,37.303999999999995,24.6
20200,37.303999999999995,24.6
20300,37.303999999999995,24.6
20400,37.303999999999995,24.6
20500,37.303999999999995,24.6
20600,37.303999999999995,24.6
20700,37.064,24.6
20800,36.088,24.6
20900,36.088,24.6
21000,36.088,24.6
21100,36.088,24.6
21200,36.088,24.6
21300,36.088,24.6
21400,36.088,24.6
21500,36.088,24.6
21600,36.088,24.6
21700,36.088,24.6
21800,35.688,24.6
21900,35.495999999999995,24.6
22000,35.495999999999995,24.6
22100,35.495999999999995,24.6
22200,35.495999999999995,24.6
22300,35.495999999999995,24.6
22400,35.495999999999995,24.6
22500,35.495999999999995,24.6
22600,35.495999999999995,24.6
22700,35.495999999999995,24.6
22800,35.495999999999995,24.6
22900,35.495999999999995,24.6
23000,35.495999999999995,24.6
23100,35.495999999999995,24.6
23200,35.495999999999995,24.6
23300,35.4,24.8
23400,34.664,24.8
23500,34.664,24.8
23600,34.664,24.8
23700,34.664,24.8
23800,34.664,24.8
23900,34.664,24.8
24000,34.664,24.8
24100,34.664,24.8
24200,34.39999999999999,24.8
24300,34.39999999999999,24.8
24400,34.39999999999999,24.8
24500,34.39999999999999,24.8
24600,34.39999999999999,24.8
24700,34.376,24.8
24800,33.832,24.8
24900,33.832,24.8
25000,33.776,24.8
25100,33.776,24.8
25200,33.776,24.8
25300,33.776,24.8
25400,33.776,24.8
25500,33.776,24.8
25600,33.68,24.8
25700,33.68,24.8
25800,33.68,24.8
25900,33.68,24.8
26000,33.68,24.8
26100,33.68,24.8
26200,33.68,24.8
26300,33.68,24.8
26400,33.68,24.8
26500,33.68,24.8
26600,33.68,24.8
26700,33.68,24.8
26800,33.68,24.8
26900,33.68,24.8
27000,33.68,24.8
27100,33.68,24.8
27200,33.68,24.8
27300,33.68,24.8
27400,33.68,24.8
27500,33.68,24.8
27600,33.68,24.8
27700,33.68,24.8
27800,33.68,24.8
27900,33.68,24.8
28000,33.68,24.8
28100,33.68,24.8
28200,33.68,24.8
28300,33.471999999999994,24.8
28400,33.44,24.8
28500,33.44,24.8
28600,33.44,24.8
28700,33.44,24.8
28800,33.44,24.8
28900,33.44,24.8
29000,33.44,24.8
29100,33.44,24.8
29200,33.44,24.8
29300,33.44,24.8
29400,33.44,24.8
29500,33.44,24.8
29600,33.44,24.8
29700,33.44,24.8
29800,33.44,24.8
29900,33.44,24.8
30000,33.44,24.8
30100,33.44,24.8
30200,33.44,24.8
30300,33.44,24.8
30400,33.272000000000006,24.8
30500,33.272000000000006,24.8
30600,33.272000000000006,24.8
30700,33.272000000000006,24.8
30800,33.272000000000006,24.8
30900,33.272000000000006,24.8
31000,33.272000000000006,24.8
31100,33.272000000000006,24.8
31200,33.272000000000006,24.8
31300,33.272000000000006,24.8
31400,33.272000000000006,24.8
31500,33.272000000000006,24.8
31600,33.272000000000006,24.8
31700,33.272000000000006,24.8
31800,33.272000000000006,24.8
31900,33.272000000000006,24.8
32000,33.152,24.8
32100,33.152,24.8
32200,33.152,24.8
32300,33.152,24.8
32400,33.152,24.8
32500,33.152,24.8
32600,33.152,24.8
32700,33.152,24.8
32800,33.152,24.8
32900,33.152,24.8
33000,33.152,24.8
33100,33.152,24.8
33200,33.152,24.8
33300,33.152,24.8
33400,33.152,24.8
33500,33.152,24.8
33600,33.152,24.8
33700,33.152,24.8
33800,33.152,24.8
33900,33.152,24.8
34000,33.152,24.8
34100,33.152,24.8
34200,33.152,24.8
34300,33.152,24.8
34400,33.152,24.8
34500,33.152,24.8
34600,33.152,24.8
34700,33.152,24.8
34800,33.152,24.8
34900,33.152,24.8
35000,33,25
35100,32.944,25
35200,32.936,25
35300,32.936,25
35400,32.936,25
35500,32.936,25
35600,32.936,25
35700,32.936,25
35800,32.936,25
35900,32.936,25
36000,32.936,25
36100,32.936,25
36200,32.936,25
36300,32.936,25
36400,32.936,25
36500,32.936,25
36600,32.936,25
36700,32.936,25
36800,32.936,25
36900,32.936,25
37000,32.936,25
37100,32.936,25
37200,32.936,25
37300,32.936,25
37400,32.936,25
37500,32.936,25
37600,32.936,25
37700,32.936,25
37800,32.936,25
37900,32.936,25
38000,32.936,25
38100,32.936,25
38200,32.936,25
38300,32.936,25
38400,32.936,25
38500,32.936,25
38600,32.936,25
38700,32.936,25
38800,32.936,25
38900,32.936,25
39000,32.936,25
39100,32.936,25
39200,32.936,25
39300,32.936,25
39400,32.936,25
39500,32.936,25
39600,32.936,25
39700,32.936,25
39800,32.936,25
39900,32.936,25
40000,32.936,25
40100,32.936,25
40200,32.936,25
40300,32.936,25
40400,32.936,25
40500,32.936,25
40600,32.936,25
40700,32.936,25
40800,32.936,25
40900,32.936,25
41000,32.936,25
41100,32.936,25
41200,32.936,25
41300,32.936,25
41400,32.848,25
41500,32.848,25
41600,32.848,25
41700,32.848,25
41800,32.848,25
41900,32.848,25
42000,32.848,25
42100,32.848,25
42200,32.848,25
42300,32.848,25
42400,32.848,25
42500,32.848,25
42600,32.848,25
42700,32.848,25
42800,32.848,25
42900,32.848,25
43000,32.848,25
43100,32.848,25
43200,32.848,25
43300,32.848,25
43400,32.848,25
43500,32.848,25
43600,32.848,25
43700,32.848,25
43800,32.848,25
43900,32.848,25
44000,32.848,25
44100,32.848,25
44200,32.848,25
44300,32.848,25
44400,32.848,25
44500,32.848,25
44600,32.848,25
44700,32.848,25
44800,32.632,25
44900,32.632,25
45000,32.632,25
45100,32.632,25
45200,32.632,25
45300,32.632,25
45400,32.632,25
45500,32.632,25
45600,32.632,25
45700,32.632,25
45800,32.544,25
45900,32.544,25
46000,32.544,25
46100,32.544,25
46200,32.544,25
46300,32.544,25
46400,32.544,25
46500,32.544,25
46600,32.544,25
46700,32.544,25
46800,32.512,25
46900,32.512,25
47000,32.512,25
47100,32.512,25
47200,32.512,25
47300,32.512,25
47400,32.512,25
47500,32.512,25
47600,32.279999999999994,25
47700,32.279999999999994,25
47800,32.279999999999994,25
47900,32.279999999999994,25
48000,32.279999999999994,25
48100,32.279999999999994,25
48200,32.279999999999994,25
48300,32.279999999999994,25
48400,32.279999999999994,25
48500,32.279999999999994,25
48600,32.279999999999994,25
48700,32.279999999999994,25
48800,32.279999999999994,25
48900,32.279999999999994,25
49000,32.279999999999994,25
49100,32.279999999999994,25
49200,32.279999999999994,25
49300,32.279999999999994,25
49400,32.279999999999994,25
49500,32.279999999999994,25
49600,32.279999999999994,25
49700,32.279999999999994,25
49800,32.112,25
49900,31.736,25
50000,31.736,25
50100,31.736,25
50200,31.736,25
50300,31.736,25
50400,31.736,25
50500,31.736,25
50600,31.736,25
50700,31.736,25
50800,31.736,25
50900,31.736,25
51000,31.736,25
51100,31.736,25
51200,31.736,25
51300,31.736,25
51400,31.736,25
51500,31.736,25
51600,31.736,25
51700,31.736,25
51800,31.736,25
51900,31.736,25
52000,31.736,25
52100,31.736,25
52200,31.736,25
52300,31.736,25
52400,31.736,25
52500,31.736,25
52600,31.736,25
52700,31.736,25
52800,31.736,25
52900,31.736,25
53000,31.736,25
53100,31.736,25
53200,31.736,25
53300,31.736,25
53400,31.736,25
53500,31.736,25
53600,31.736,25
53700,31.736,25
53800,31.736,25
53900,31.736,25
54000,31.736,25
54100,31.712,25
54200,31.416000000000007,25
54300,31.416000000000007,25
54400,31.416000000000007,25
54500,31.416000000000007,25
54600,31.416000000000007,25
54700,31.416000000000007,25
54800,31.416000000000007,25
54900,31.416000000000007,25
55000,31.416000000000007,25
55100,31.416000000000007,25
55200,31.416000000000007,25
55300,31.416000000000007,25
55400,31.416000000000007,25
55500,31.416000000000007,25
55600,31.416000000000007,25
55700,31.416000000000007,25
55800,31.416000000000007,25
55900,31.416000000000007,25
56000,31.416000000000007,25
56100,31.416000000000007,25
56200,31.416000000000007,25
56300,31.416000000000007,25
56400,31.416000000000007,25
56500,31.416000000000007,25
56600,31.416000000000007,25
56700,31.416000000000007,25
56800,31.416000000000007,25
56900,31.416000000000007,25
57000,31.416000000000007,25
57100,31.416000000000007,25
57200,31.416000000000007,25
57300,31.416000000000007,25
57400,31.328000000000003,25
57500,31.328000000000003,25
57600,31.328000000000003,25
57700,31.328000000000003,25
57800,31.328000000000003,25
57900,31.328000000000003,25
58000,31.328000000000003,25
58100,31.328000000000003,25
58200,31.328000000000003,25
58300,31.328000000000003,25
58400,31.328000000000003,25
58500,31.328000000000003,25
58600,31.328000000000003,25
58700,31.328000000000003,25
58800,31.328000000000003,25
58900,31.328000000000003,25
59000,31.328000000000003,25
59100,31.328000000000003,25
59200,31.328000000000003,25
59300,31.328000000000003,25
59400,31.328000000000003,25
59500,31.328000000000003,25
59600,31.328000000000003,25
59700,31.328000000000003,25
59800,31.328000000000003,25
59900,31.328000000000003,25
60000,31.328000000000003,25
60100,31.328000000000003,25
60200,31.328000000000003,25
60300,31.328000000000003,25
60400,31.328000000000003,25
60500,31.328000000000003,25
60600,31.328000000000003,25
60700,31.328000000000003,25
60800,31.328000000000003,25
60900,31.328000000000003,25
61000,31.328000000000003,25
61100,31.328000000000003,25
61200,31.328000000000003,25
61300,31.328000000000003,25
61400,31.328000000000003,25
61500,31.328000000000003,25
61600,31.328000000000003,25
61700,31.328000000000003,25
61800,31.328000000000003,25
61900,31.328000000000003,25
62000,31.328000000000003,25
62100,31.328000000000003,25
62200,31.328000000000003,25
62300,31.328000000000003,25
62400,31.328000000000003,25
62500,31.328000000000003,25
62600,31.328000000000003,25
62700,31.328000000000003,25
62800,31.328000000000003,25
62900,31.328000000000003,25
63000,31.328000000000003,25
63100,31.328000000000003,25
63200,31.328000000000003,25
63300,31.328000000000003,25
63400,31.328000000000003,25
63500,31.328000000000003,25
63600,31.328000000000003,25
63700,31.328000000000003,25
63800,31.328000000000003,25
63900,31.328000000000003,25
64000,31.328000000000003,25
64100,31.328000000000003,25
64200,31.328000000000003,25
64300,31.328000000000003,25
64400,31.328000000000003,25
64500,31.328000000000003,25
64600,31.328000000000003,25
64700,31.328000000000003,25
64800,31.328000000000003,25
64900,31.328000000000003,25
65000,31.328000000000003,25
65100,31.328000000000003,25
65200,31.328000000000003,25
65300,31.328000000000003,25
65400,31.328000000000003,25
65500,31.328000000000003,25
65600,31.328000000000003,25
65700,31.328000000000003,25
65800,31.328000000000003,25
65900,31.328000000000003,25
66000,31.328000000000003,25
66100,31.328000000000003,25
66200,31.328000000000003,25
66300,31.328000000000003,25
66400,31.328000000000003,25
66500,31.328000000000003,25
66600,31.328000000000003,25
66700,31.328000000000003,25
66800,31.328000000000003,25
66900,31.328000000000003,25
67000,31.328000000000003,25
67100,31.328000000000003,25
67200,31.328000000000003,25
67300,31.328000000000003,25
67400,31.328000000000003,25
67500,31.328000000000003,25
67600,31.328000000000003,25
67700,31.328000000000003,25
67800,31.328000000000003,25
67900,31.328000000000003,25
68000,31.328000000000003,25
68100,31.328000000000003,25
68200,31.328000000000003,25
68300,31.328000000000003,25
68400,31.328000000000003,25
68500,31.328000000000003,25
68600,31.328000000000003,25
68700,31.328000000000003,25
68800,31.328000000000003,25
68900,31.328000000000003,25
69000,31.328000000000003,25
69100,31.328000000000003,25
69200,31.328000000000003,25
69300,31.328000000000003,25
69400,31.328000000000003,25
69500,31.328000000000003,25
69600,31.328000000000003,25
69700,31.328000000000003,25
69800,31.328000000000003,25
69900,31.328000000000003,25
70000,31.328000000000003,25
70100,31.328000000000003,25
70200,31.328000000000003,25
70300,31.328000000000003,25
70400,31.328000000000003,25
70500,31.328000000000003,25
70600,31.328000000000003,25
70700,31.328000000000003,25
70800,31.328000000000003,25
70900,31.328000000000003,25
71000,31.328000000000003,25
71100,31.328000000000003,25
71200,31.328000000000003,25
71300,31.328000000000003,25
71400,31.328000000000003,25
71500,31.328000000000003,25
71600,31.328000000000003,25
71700,31.328000000000003,25
71800,31.328000000000003,25
71900,31.328000000000003,25
72000,31.328000000000003,25
72100,31.328000000000003,25
72200,31.328000000000003,25
72300,31.328000000000003,25
72400,31.328000000000003,25
72500,31.328000000000003,25
72600,31.328000000000003,25
72700,31.328000000000003,25
72800,31.328000000000003,25
72900,31.328000000000003,25
73000,31.328000000000003,25
73100,31.328000000000003,25
73200,31.328000000000003,25
73300,31.328000000000003,25
73400,31.328000000000003,25
73500,30.648000000000003,25
73600,30.648000000000003,25
73700,30.648000000000003,25
73800,30.648000000000003,25
73900,30.648000000000003,25
74000,30.648000000000003,25
74100,30.648000000000003,25
74200,30.648000000000003,25
74300,30.648000000000003,25
74400,30.648000000000003,25
74500,30.648000000000003,25
74600,30.648000000000003,25
74700,30.648000000000003,25
74800,30.648000000000003,25
74900,30.648000000000003,25
75000,30.648000000000003,25
75100,30.648000000000003,25
75200,30.648000000000003,25
75300,30.648000000000003,25
75400,30.648000000000003,25
75500,30.648000000000003,25
75600,30.648000000000003,25
75700,30.648000000000003,25
75800,30.648000000000003,25
75900,30.52,25
76000,30.52,25
76100,30.52,25
76200,30.52,25
76300,30.52,25
76400,30.52,25
76500,30.52,25
76600,30.52,25
76700,30.496,25
76800,30.496,25
76900,30.496,25
77000,30.056,25
77100,30.056,25
77200,30.056,25
77300,30.056,25
77400,30.056,25
77500,30.056,25
77600,30.056,25
77700,30.056,25
77800,30.056,25
77900,30.056,25
78000,30.056,25
78100,30.056,25
78200,30.056,25
78300,30.056,25
78400,30.056,25
78500,30.056,25
78600,30.056,25
78700,30.056,25
78800,30.056,25
78900,30.056,25
79000,30.056,25
79100,30.056,25
79200,30.056,25
79300,30.032,25
79400,30.032,25
79500,30.032,25
79600,30.032,25
79700,30.032,25
79800,30.032,25
79900,30.032,25
80000,30.032,25
80100,30.032,25
80200,30.032,25
80300,30.032,25
80400,30.032,25
80500,30.032,25
80600,30.032,25
80700,30.032,25
80800,30.032,25
80900,30.032,25
81000,30.032,25
81100,30.032,25
81200,30.032,25
81300,30.032,25
81400,30.032,25
81500,30.032,25
81600,30.032,25
81700,30.032,25
81800,30.032,25
81900,30.032,25
82000,30.032,25
82100,30.032,25
82200,30.032,25
82300,30.032,25
82400,30.032,25
82500,30.032,25
82600,30.032,25
82700,30.032,25
82800,30.032,25
82900,30.032,25
83000,30.032,25
83100,29.512,25
83200,29.512,25
83300,29.512,25
83400,29.512,25
83500,29.512,25
83600,29.512,25
83700,29.512,25
83800,29.512,25
83900,29.512,25
84000,29.512,25
84100,29.512,25
84200,29.512,25
84300,29.512,25
84400,29.104000000000003,25
84500,29.104000000000003,25
84600,29.104000000000003,25
84700,29.104000000000003,25
84800,29.104000000000003,25
84900,29.104000000000003,25
85000,29.104000000000003,25
85100,29.104000000000003,25
85200,29.104000000000003,25
85300,29.104000000000003,25
85400,29.104000000000003,25
85500,29.104000000000003,25
85600,29.104000000000003,25
85700,29.104000000000003,25
85800,29.104000000000003,25
85900,29.104000000000003,25
86000,29.104000000000003,25
86100,29.104000000000003,25
86200,29.104000000000003,25
86300,29.104000000000003,25
86400,29.104000000000003,25
86500,29.104000000000003,25
86600,29.104000000000003,25
86700,29.104000000000003,25
86800,29.104000000000003,25
86900,29.104000000000003,25
87000,28.96,25
87100,28.96,25
87200,28.96,25
87300,28.96,25
87400,28.96,25
87500,28.96,25
87600,28.96,25
87700,28.96,25
87800,28.96,25
87900,28.96,25
88000,28.96,25
88100,28.96,25
88200,28.96,25
88300,28.96,25
88400,28.96,25
88500,28.96,25
88600,28.96,25
88700,28.96,25
88800,28.96,25
88900,28.96,25
89000,28.96,25
89100,28.96,25
89200,28.96,25
89300,28.96,25
89400,28.96,25
89500,28.96,25
89600,28.96,25
89700,28.96,25
89800,28.96,25
89900,28.96,25
90000,28.96,25
90100,28.96,25
90200,28.96,25
90300,28.96,25
90400,28.96,25
90500,28.96,25
90600,28.96,25
90700,28.96,25
90800,28.96,25
90900,28.96,25
91000,28.96,25
91100,28.96,25
91200,28.96,25
91300,28.96,25
91400,28.96,25
91500,28.96,25
91600,28.96,25
91700,28.96,25
91800,28.96,25
91900,28.96,25
92000,28.96,25
92100,28.615999999999996,25
92200,28.615999999999996,25
92300,28.615999999999996,25
92400,28.615999999999996,25
92500,28.615999999999996,25
92600,28.615999999999996,25
92700,28.615999999999996,25
92800,28.615999999999996,25
92900,28.615999999999996,25
93000,28.615999999999996,25
93100,28.615999999999996,25
93200,28.615999999999996,25
93300,28.615999999999996,25
93400,28.615999999999996,25
93500,28.615999999999996,25
93600,28.615999999999996,25
93700,28.615999999999996,25
93800,28.615999999999996,25
93900,28.615999999999996,25
94000,28.615999999999996,25
94100,28.615999999999996,25
94200,28.615999999999996,25
94300,28.615999999999996,25
94400,28.615999999999996,25
94500,28.615999999999996,25
94600,28.615999999999996,25
94700,28.615999999999996,25
94800,28.615999999999996,25
94900,28.615999999999996,25
95000,28.615999999999996,25
95100,28.615999999999996,25
95200,28.615999999999996,25
95300,28.615999999999996,25
95400,28.615999999999996,25
95500,28.552,25
95600,28.552,25
95700,28.552,25
95800,28.552,25
95900,28.552,25
96000,28.552,25
96100,28.552,25
96200,28.552,25
96300,28.552,25
96400,28.552,25
96500,28.552,25
96600,28.552,25
96700,28.552,25
96800,28.552,25
96900,28.552,25
97000,28.552,25
97100,28.552,25
97200,28.552,25
97300,28.552,25
97400,28.552,25
97500,28.552,25
97600,28.552,25
97700,28.552,25
97800,28.552,25
97900,28.552,25
98000,28.552,25
98100,28.552,25
98200,28.552,25
98300,28.552,25
98400,28.552,25
98500,28.552,25
98600,28.552,25
98700,28.552,25
98800,28.552,25
98900,28.184000000000005,25
99000,28.184000000000005,25
99100,28.184000000000005,25
99200,28.184000000000005,25
99300,28.184000000000005,25
99400,28.184000000000005,25
99500,28.184000000000005,25
99600,28.184000000000005,25
99700,28.184000000000005,25
99800,28.184000000000005,25
99900,28.184000000000005,25
100000,28.184000000000005,25
100100,28.184000000000005,25
100200,28.184000000000005,25
100300,28.184000000000005,25
100400,28.184000000000005,25
100500,28.184000000000005,25
100600,28.184000000000005,25
100700,28.184000000000005,25
100800,28.184000000000005,25
100900,28.184000000000005,25
101000,28.184000000000005,25
101100,28.184000000000005,25
101200,28.184000000000005,25
101300,28.184000000000005,25
101400,28.184000000000005,25
101500,28.184000000000005,25
101600,28.184000000000005,25
101700,28.184000000000005,25
101800,27.968,25
101900,27.968,25
102000,27.968,25
102100,27.968,25
102200,27.968,25
102300,27.968,25
102400,27.968,25
102500,27.968,25
102600,27.968,25
102700,27.968,25
102800,27.968,25
102900,27.968,25
103000,27.968,25
103100,27.968,25
103200,27.968,25
103300,27.968,25
103400,27.968,25
103500,27.968,25
103600,27.968,25
103700,27.968,25
103800,27.968,25
103900,27.968,25
104000,27.968,25
104100,27.968,25
104200,27.968,25
104300,27.968,25
104400,27.968,25
104500,27.968,25
104600,27.968,25
104700,27.968,25
104800,27.968,25
104900,27.968,25
105000,27.968,25
105100,27.968,25
105200,27.968,25
105300,27.968,25
105400,27.968,25
105500,27.968,25
105600,27.968,25
105700,27.968,25
105800,27.968,25
105900,27.968,25
106000,27.968,25
106100,27.968,25
106200,27.968,25
106300,27.968,25
106400,27.968,25
106500,27.968,25
106600,27.968,25
106700,27.968,25
106800,27.968,25
106900,27.968,25
107000,27.968,25
107100,27.968,25
107200,27.968,25
107300,27.968,25
107400,27.968,25
107500,27.968,25
107600,27.968,25
107700,27.968,25
107800,27.968,25
107900,27.968,25
108000,27.968,25
108100,27.968,25
108200,27.968,25
108300,27.968,25
108400,27.968,25
108500,27.968,25
108600,27.968,25
108700,27.968,25
108800,27.968,25
108900,27.968,25
109000,27.968,25
109100,27.968,25
109200,27.968,25
109300,27.968,25
109400,27.968,25
109500,27.968,25
109600,27.968,25
109700,27.968,25
109800,27.968,25
109900,27.968,25
110000,27.968,25
110100,27.968,25
110200,27.968,25
110300,27.968,25
110400,27.968,25
110500,27.968,25
110600,27.968,25
110700,27.968,25
110800,27.968,25
110900,27.968,25
111000,27.968,25
111100,27.968,25
111200,27.968,25
111300,27.968,25
111400,27.968,25
111500,27.968,25
111600,27.968,25
111700,27.968,25
111800,27.968,25
111900,27.968,25
112000,27.968,25
112100,27.968,25
112200,27.968,25
112300,27.968,25
112400,27.968,25
112500,27.968,25
112600,27.968,25
112700,27.968,25
112800,27.968,25
112900,27.968,25
113000,27.968,25
113100,27.968,25
113200,27.968,25
113300,27.968,25
113400,27.968,25
113500,27.968,25
113600,27.968,25
113700,27.968,25
113800,27.968,25
113900,27.968,25
114000,27.968,25
114100,27.968,25
114200,27.968,25
114300,27.968,25
114400,27.968,25
114500,27.968,25
114600,27.968,25
114700,27.968,25
114800,27.968,25
114900,27.968,25
115000,27.968,25
115100,27.968,25
115200,27.968,25
115300,27.968,25
115400,27.968,25
115500,27.968,25
115600,27.968,25
115700,27.968,25
115800,27.968,25
115900,27.968,25
116000,27.968,25
116100,27.968,25
116200,27.968,25
116300,27.968,25
116400,27.968,25
116500,27.968,25
116600,27.968,25
116700,27.968,25
116800,27.968,25
116900,27.968,25
117000,27.968,25
117100,27.968,25
117200,27.968,25
117300,27.968,25
117400,27.968,25
117500,27.968,25
117600,27.968,25
117700,27.968,25
117800,27.968,25
117900,27.968,25
118000,27.968,25
118100,27.968,25
118200,27.968,25
118300,27.968,25
118400,27.968,25
118500,27.968,25
118600,27.968,25
118700,27.968,25
118800,27.968,25
118900,27.968,25
119000,27.968,25
119100,27.968,25
119200,27.968,25
119300,27.968,25
119400,27.968,25
119500,27.968,25
119600,27.968,25
119700,27.968,25
119800,27.968,25
119900,27.968,25
120000,27.968,25
120100,27.968,25
120200,27.968,25
120300,27.968,25
120400,27.968,25
120500,27.968,25
120600,27.968,25
120700,27.968,25
120800,27.968,25
120900,27.968,25
121000,27.968,25
121100,27.968,25
121200,27.968,25
121300,27.968,25
121400,27.968,25
121500,27.968,25
121600,27.968,25
121700,27.968,25
121800,27.968,25
121900,27.968,25
122000,27.968,25
122100,27.968,25
122200,27.968,25
122300,27.968,25
122400,27.968,25
122500,27.968,25
122600,27.968,25
122700,27.968,25
122800,27.968,25
122900,27.968,25
123000,27.968,25
123100,27.968,25
123200,27.968,25
123300,27.968,25
123400,27.968,25
123500,27.968,25
123600,27.968,25
123700,27.968,25
123800,27.968,25
123900,27.968,25
124000,27.968,25
124100,27.968,25
124200,27.968,25
124300,27.968,25
124400,27.968,25
124500,27.968,25
124600,27.968,25
124700,27.663999999999998,25
124800,27.663999999999998,25
124900,27.663999999999998,25
125000,27.663999999999998,25
125100,27.663999999999998,25
125200,27.663999999999998,25
125300,27.663999999999998,25
125400,27.663999999999998,25
125500,27.663999999999998,25
125600,27.663999999999998,25
125700,27.663999999999998,25
125800,27.663999999999998,25
125900,27.663999999999998,25
126000,27.663999999999998,25
126100,27.663999999999998,25
126200,27.663999999999998,25
126300,27.663999999999998,25
126400,27.663999999999998,25
126500,27.663999999999998,25
126600,27.663999999999998,25
126700,27.663999999999998,25
126800,27.663999999999998,25
126900,27.663999999999998,25
127000,27.663999999999998,25
127100,27.663999999999998,25
127200,27.663999999999998,25
127300,27.663999999999998,25
127400,27.663999999999998,25
127500,27.663999999999998,25
127600,27.663999999999998,25
127700,27.663999999999998,25
127800,27.663999999999998,25
127900,27.663999999999998,25
128000,27.663999999999998,25
128100,27.663999999999998,25
128200,27.663999999999998,25
128300,27.663999999999998,25
128400,27.663999999999998,25
128500,27.663999999999998,25
128600,27.663999999999998,25
128700,27.663999999999998,25
128800,27.312,25
128900,27.312,25
129000,27.312,25
129100,27.312,25
129200,27.312,25
129300,27.312,25
129400,27.312,25
129500,27.312,25
129600,27.312,25
129700,27.312,25
129800,27.312,25
129900,27.312,25
130000,27.312,25
130100,27.312,25
130200,27.312,25
130300,27.312,25
130400,27.312,25
130500,27.312,25
130600,27.312,25
130700,27.312,25
130800,27.312,25
130900,27.312,25
131000,27.312,25
131100,27.312,25
131200,27.312,25
131300,27.312,25
131400,27.312,25
131500,27.312,25
131600,27.312,25
131700,27.312,25
131800,27.312,25
131900,27.312,25
132000,27.312,25
132100,27.312,25
132200,27.312,25
132300,27.312,25
132400,27.312,25
132500,27.312,25
132600,27.312,25
132700,27.312,25
132800,27.312,25
132900,27.312,25
133000,27.312,25
133100,27.312,25
133200,27.312,25
133300,27.312,25
133400,27.312,25
133500,27.312,25
133600,27.312,25
133700,27.312,25
133800,27.312,25
133900,27.312,25
134000,27.312,25
134100,27.312,25
134200,27.312,25
134300,27.312,25
134400,27.312,25
134500,27.312,25
134600,27.312,25
134700,27.312,25
134800,27.312,25
134900,27.312,25
135000,27.312,25
135100,27.312,25
135200,27.312,25
135300,27.312,25
135400,27.312,25
135500,27.312,25
135600,27.312,25
135700,27.312,25
135800,27.312,25
135900,27.312,25
136000,27.312,25
136100,27.312,25
136200,27.312,25
136300,27.312,25
136400,27.312,25
136500,27.312,25
136600,27.312,25
136700,27.312,25
136800,27.312,25
136900,27.312,25
137000,27.312,25
137100,27.312,25
137200,27.312,25
137300,27.312,25
137400,27.312,25
137500,27.312,25
137600,27.312,25
137700,27.312,25
137800,27.312,25
137900,27.312,25
138000,27.312,25
138100,27.312,25
138200,27.312,25
138300,27.312,25
138400,27.312,25
138500,27.312,25
138600,27.312,25
138700,27.312,25
138800,27.312,25
138900,27.304000000000002,25
139000,27.304000000000002,25
139100,27.304000000000002,25
139200,27.304000000000002,25
139300,27.304000000000002,25
139400,27.304000000000002,25
139500,27.304000000000002,25
139600,27.304000000000002,25
139700,27.304000000000002,25
139800,27.304000000000002,25
139900,27.304000000000002,25
140000,27.304000000000002,25
140100,27.304000000000002,25
140200,27.144,25
140300,27.144,25
140400,27.144,25
140500,27.144,25
140600,27.144,25
140700,27.144,25
140800,27.144,25
140900,27.144,25
141000,27.144,25
141100,27.144,25
141200,27.144,25
141300,27.144,25
141400,27.144,25
141500,27.144,25
141600,27.144,25
141700,27.144,25
141800,27.144,25
141900,27.144,25
142000,27.144,25
142100,27.144,25
142200,27.144,25
142300,27.144,25
142400,27.144,25
142500,27.144,25
142600,27.144,25
142700,27.144,25
142800,27.144,25
142900,27.144,25
143000,27.144,25
143100,27.144,25
143200,27.144,25
143300,27.144,25
143400,27.144,25
143500,27.144,25
143600,27.144,25
143700,27.144,25
143800,27.144,25
143900,27.144,25
144000,27.144,25
144100,27.144,25
144200,27.144,25
144300,27.144,25
144400,27.144,25
144500,27.144,25
144600,27.144,25
144700,27.144,25
144800,27.144,25
144900,27.144,25
145000,27.144,25
145100,27.144,25
145200,27.144,25
145300,27.144,25
145400,27.144,25
145500,27.144,25
145600,27.144,25
145700,27.144,25
145800,27.144,25
145900,27.144,25
146000,27.144,25
146100,27.144,25
146200,27.144,25
146300,27.144,25
146400,27.144,25
146500,27.144,25
146600,27.144,25
146700,27.144,25
146800,27.144,25
146900,27.144,25
147000,27.144,25
147100,27.144,25
147200,27.144,25
147300,27.144,25
147400,27.144,25
147500,27.144,25
147600,27.144,25
147700,27.144,25
147800,27.144,25
147900,27.144,25
148000,27.144,25
148100,27.144,25
148200,27.144,25
148300,27.144,25
148400,27.144,25
148500,27.144,25
148600,27.144,25
148700,27.144,25
148800,27.144,25
148900,27.144,25
149000,27.144,25
149100,27.144,25
149200,27.144,25
149300,27.144,25
149400,27.144,25
149500,27.144,25
149600,27.144,25
149700,27.144,25
149800,27.144,25
149900,27.144,25
150000,27.144,25
150100,27.144,25
150200,27.144,25
150300,27.144,25
150400,27.144,25
150500,27.144,25
150600,27.144,25
150700,27.144,25
150800,27.144,25
150900,27.144,25
151000,27.144,25
151100,27.144,25
151200,27.144,25
151300,27.144,25
151400,27.144,25
151500,27.144,25
151600,27.144,25
151700,27.144,25
151800,27.144,25
151900,27.144,25
152000,27.144,25
152100,27.144,25
152200,27.144,25
152300,27.144,25
152400,27.144,25
152500,27.144,25
152600,27.144,25
152700,27.144,25
152800,27.144,25
152900,27.144,25
153000,27.144,25
153100,27.144,25
153200,27.144,25
153300,27.144,25
153400,27.144,25
153500,27.144,25
153600,27.144,25
153700,27.144,25
153800,27.144,25
153900,27.144,25
154000,27.144,25
154100,27.144,25
154200,27.144,25
154300,27.144,25
154400,27.144,25
154500,27.144,25
154600,27.144,25
154700,27.144,25
154800,27.144,25
154900,27.144,25
155000,27.144,25
155100,27.144,25
155200,27.144,25
155300,27.144,25
155400,27.144,25
155500,27.144,25
155600,27.144,25
155700,27.144,25
155800,27.144,25
155900,27.144,25
156000,27.144,25
156100,27.144,25
156200,26.839999999999996,25
156300,26.839999999999996,25
156400,26.839999999999996,25
156500,26.839999999999996,25
156600,26.839999999999996,25
156700,26.839999999999996,25
156800,26.839999999999996,25
156900,26.839999999999996,25
157000,26.839999999999996,25
157100,26.839999999999996,25
157200,26.839999999999996,25
157300,26.839999999999996,25
157400,26.839999999999996,25
157500,26.839999999999996,25
157600,26.839999999999996,25
157700,26.839999999999996,25
157800,26.839999999999996,25
157900,26.839999999999996,25
158000,26.839999999999996,25
158100,26.839999999999996,25
158200,26.839999999999996,25
158300,26.839999999999996,25
158400,26.839999999999996,25
158500,26.839999999999996,25
158600,26.839999999999996,25
158700,26.839999999999996,25
158800,26.839999999999996,25
158900,26.839999999999996,25
159000,26.839999999999996,25
159100,26.839999999999996,25
159200,26.839999999999996,25
159300,26.839999999999996,25
159400,26.839999999999996,25
159500,26.839999999999996,25
159600,26.839999999999996,25
159700,26.839999999999996,25
159800,26.839999999999996,25
159900,26.839999999999996,25
160000,26.839999999999996,25
160100,26.839999999999996,25
160200,26.839999999999996,25
160300,26.839999999999996,25
160400,26.839999999999996,25
160500,26.839999999999996,25
160600,26.839999999999996,25
160700,26.839999999999996,25
160800,26.839999999999996,25
160900,26.839999999999996,25
161000,26.839999999999996,25
161100,26.839999999999996,25
161200,26.839999999999996,25
161300,26.839999999999996,25
161400,26.839999999999996,25
161500,26.839999999999996,25
161600,26.839999999999996,25
161700,26.839999999999996,25
161800,26.839999999999996,25
161900,26.839999999999996,25
162000,26.839999999999996,25
162100,26.839999999999996,25
162200,26.839999999999996,25
162300,26.839999999999996,25
162400,26.839999999999996,25
162500,26.839999999999996,25
162600,26.839999999999996,25
162700,26.839999999999996,25
162800,26.839999999999996,25
162900,26.839999999999996,25
163000,26.839999999999996,25
163100,26.839999999999996,25
163200,26.839999999999996,25
163300,26.839999999999996,25
163400,26.839999999999996,25
163500,26.839999999999996,25
163600,26.839999999999996,25
163700,26.839999999999996,25
163800,26.839999999999996,25
163900,26.839999999999996,25
164000,26.839999999999996,25
164100,26.839999999999996,25
164200,26.839999999999996,25
164300,26.839999999999996,25
164400,26.839999999999996,25
164500,26.839999999999996,25
164600,26.839999999999996,25
164700,26.839999999999996,25
164800,26.839999999999996,25
164900,26.024,25
165000,26.024,25
165100,26.024,25
165200,26.024,25
165300,26.024,25
165400,26.024,25
165500,26.024,25
165600,26.024,25
165700,26.024,25
165800,26.024,25
165900,26.024,25
166000,26.024,25
166100,26.024,25
166200,26.024,25
166300,26.024,25
166400,26.024,25
166500,26.024,25
166600,26.024,25
166700,26.024,25
166800,26.024,25
166900,26.024,25
167000,26.024,25
167100,26.024,25
167200,26.024,25
167300,26.024,25
167400,26.024,25
167500,26.024,25
167600,26.024,25
167700,26.024,25
167800,26.024,25
167900,26.024,25
168000,26.024,25
168100,26.024,25
168200,26.024,25
168300,26.024,25
168400,26.024,25
168500,25.936,25
168600,25.936,25
168700,25.936,25
168800,25.936,25
168900,25.936,25
169000,25.936,25
169100,25.936,25
169200,25.936,25
169300,25.936,25
169400,25.936,25
169500,25.936,25
169600,25.936,25
169700,25.936,25
169800,25.936,25
169900,25.936,25
170000,25.936,25
170100,25.936,25
170200,25.936,25
170300,25.936,25
170400,25.936,25
170500,25.936,25
170600,25.936,25
170700,25.936,25
170800,25.936,25
170900,25.936,25
171000,25.936,25
171100,25.68,25
171200,25.68,25
171300,25.68,25
171400,25.544,25
171500,25.544,25
171600,25.544,25
171700,25.544,25
171800,25.544,25
171900,25.544,25
172000,25.544,25
172100,25.544,25
172200,25.544,25
172300,25.544,25
172400,25.544,25
172500,25.544,25
172600,25.544,25
172700,25.544,25
172800,25.544,25
172900,25.544,25
173000,25.544,25
173100,25.544,25
173200,25.544,25
173300,25.544,25
173400,25.544,25
173500,25.544,25
173600,25.544,25
173700,25.544,25
173800,25.544,25
173900,25.544,25
174000,25.544,25
174100,25.544,25
174200,25.544,25
174300,25.544,25
174400,25.544,25
174500,25.544,25
174600,25.544,25
174700,25.544,25
174800,25.544,25
174900,25.544,25
175000,25.544,25
175100,25.544,25
175200,25.544,25
175300,25.544,25
175400,25.544,25
175500,25.544,25
175600,25.544,25
175700,25.544,25
175800,25,25
175900,25,25
176000,25,25
176100,25,25
176200,25,25
176300,25,25
176400,25,25
176500,25,25
176600,25,25
176700,25,25
176800,25,25
176900,25,25
177000,25,25
177100,25,25
177200,25,25
177300,25,25
177400,25,25
177500,25,25
177600,25,25
177700,25,25
177800,25,25
177900,25,25
178000,25,25
178100,25,25
178200,25,25
178300,25,25
178400,25,25
178500,25,25
178600,25,25
178700,25,25
178800,25,25
178900,25,25
179000,25,25
179100,25,25
179200,25,25
179300,25,25
179400,25,25
179500,25,25
179600,25,25
179700,25,25
179800,25,25
179900,25,25
180000,25,25
180100,25,25
180200,25,25
180300,25,25
180400,25,25
180500,25,25
180600,25,25
180700,25,25
180800,25,25
180900,25,25
181000,25,25
181100,25,25
181200,25,25
181300,25,25
181400,25,25
181500,25,25
181600,25,25
181700,25,25
181800,25,25
181900,25,25
182000,25,25
182100,25,25
182200,25,25
182300,25,25
182400,25,25
182500,25,25
182600,25,25
182700,25,25
182800,25,25
182900,25,25
183000,25,25
183100,25,25
183200,25,25
183300,25,25
183400,25,25
183500,25,25
183600,25,25
183700,25,25
183800,25,25
183900,25,25
184000,25,25
184100,25,25
184200,25,25
184300,25,25
184400,25,25
184500,25,25
184600,25,25
184700,25,25
184800,24.759999999999998,25
184900,24.759999999999998,25
185000,24.759999999999998,25
185100,24.759999999999998,25
185200,24.759999999999998,25
185300,24.759999999999998,25
185400,24.759999999999998,25
185500,24.759999999999998,25
185600,24.759999999999998,25
185700,24.759999999999998,25
185800,24.759999999999998,25
185900,24.759999999999998,25
186000,24.759999999999998,25
186100,24.759999999999998,25
186200,24.759999999999998,25
186300,24.759999999999998,25
186400,24.759999999999998,25
186500,24.759999999999998,25
186600,24.759999999999998,25
186700,24.759999999999998,25
186800,24.759999999999998,25
186900,24.759999999999998,25
187000,24.759999999999998,25
187100,24.759999999999998,25
187200,24.759999999999998,25
187300,24.759999999999998,25
187400,24.759999999999998,25
187500,24.759999999999998,25
187600,24.759999999999998,25
187700,24.759999999999998,25
187800,24.759999999999998,25
187900,24.759999999999998,25
188000,24.759999999999998,25
188100,24.759999999999998,25
188200,24.759999999999998,25
188300,24.759999999999998,25
188400,24.759999999999998,25
188500,24.759999999999998,25
188600,24.759999999999998,25
188700,24.759999999999998,25
188800,24.759999999999998,25
188900,24.759999999999998,25
189000,24.759999999999998,25
189100,24.759999999999998,25
189200,24.759999999999998,25
189300,24.759999999999998,25
189400,24.759999999999998,25
189500,24.759999999999998,25
189600,24.759999999999998,25
189700,24.759999999999998,25
189800,24.759999999999998,25
189900,24.759999999999998,25
190000,24.759999999999998,25
190100,24.759999999999998,25
190200,24.759999999999998,25
190300,24.759999999999998,25
190400,24.759999999999998,25
190500,24.759999999999998,25
190600,24.759999999999998,25
190700,24.759999999999998,25
190800,24.759999999999998,25
190900,24.759999999999998,25
191000,24.759999999999998,25
191100,24.759999999999998,25
191200,24.759999999999998,25
191300,24.759999999999998,25
191400,24.759999999999998,25
191500,24.759999999999998,25
191600,24.759999999999998,25
191700,24.759999999999998,25
191800,24.759999999999998,25
191900,24.759999999999998,25
192000,24.759999999999998,25
192100,24.759999999999998,25
192200,24.759999999999998,25
192300,24.759999999999998,25
192400,24.759999999999998,25
192500,24.759999999999998,25
192600,24.759999999999998,25
192700,24.759999999999998,25
192800,24.759999999999998,25
192900,24.759999999999998,25
193000,24.759999999999998,25
193100,24.759999999999998,25
193200,24.759999999999998,25
193300,24.759999999999998,25
193400,24.759999999999998,25
193500,24.759999999999998,25
193600,24.759999999999998,25
193700,24.759999999999998,25
193800,24.759999999999998,25
193900,24.759999999999998,25
194000,24.759999999999998,25
194100,24.759999999999998,25
194200,24.759999999999998,25
194300,24.759999999999998,25
194400,24.759999999999998,25
194500,24.759999999999998,25
194600,24.759999999999998,25
194700,24.759999999999998,25
194800,24.759999999999998,25
194900,24.759999999999998,25
195000,24.759999999999998,25
195100,24.759999999999998,25
195200,24.759999999999998,25
195300,24.759999999999998,25
195400,24.759999999999998,25
195500,24.759999999999998,25
195600,24.759999999999998,25
195700,24.759999999999998,25
195800,24.759999999999998,25
195900,24.759999999999998,25
196000,24.759999999999998,25
196100,24.759999999999998,25
196200,24.759999999999998,25
196300,24.759999999999998,25
196400,24.759999999999998,25
196500,24.759999999999998,25
196600,24.759999999999998,25
196700,24.759999999999998,25
196800,24.759999999999998,25
196900,24.759999999999998,25
197000,24.759999999999998,25
197100,24.759999999999998,25
197200,24.759999999999998,25
197300,24.759999999999998,25
197400,24.759999999999998,25
197500,24.759999999999998,25
197600,24.759999999999998,25
197700,24.759999999999998,25
197800,24.759999999999998,25
197900,24.759999999999998,25
198000,24.759999999999998,25
198100,24.759999999999998,25
198200,24.759999999999998,25
198300,24.759999999999998,25
198400,24.759999999999998,25
198500,24.759999999999998,25
198600,24.759999999999998,25
198700,24.759999999999998,25
198800,24.759999999999998,25
198900,24.759999999999998,25
199000,24.759999999999998,25
199100,24.759999999999998,25
199200,24.759999999999998,25
199300,24.759999999999998,25
199400,24.759999999999998,25
199500,24.759999999999998,25
199600,24.759999999999998,25
199700,24.759999999999998,25
199800,24.759999999999998,25
199900,24.759999999999998,25
199999,24.759999999999998,25

START ALGORITHM
h2: (a32 - a13) * (b22 - b14)
h11: (a43) * (-b44)
h21: (a35 + a32) * (-b54)
h23: (a15 + a44 - a51) * (b21 - b12)
h25: (-a22) * (b45)
h27: (a11 + a23) * (-b54)
h35: (-a35) * (b22 - b24)
h46: (a22) * (b14)
h68: (-a55) * (b54)
h74: (a14) * (-b45)
h82: (a22 + a34 + a21) * (b24)
h115: (a43 + a41 - a35 - a33 - a45 - a55) * (b41)
h128: (a21 - a22 - a32) * (b34 + b44)
h153: (a21 + a55 - a54 - a35) * (b34 - b32)
h180: (a45 - a33 - a33) * (b54)
h189: (a35 + a41 - a33 - a14) * (b41)
h281: (a15) * (b54)
h345: (-a32) * (b52 + b42 + b43 - b12)
h404: (-a54 - a43) * (-b34)
h496: (a23) * (b54 + b43)
h531: (a54 + a34 - a54) * (b21 - b32)
h1739: (a41 + a52 - a11) * (b33)
h7603: (a55 + a32 - a42 - a25) * (b13)
h8555: (a21 + a31 - a42) * (b12)
h10388: (-a45) * (-b42)
h12355: (a25 + a11 + a41 + a11 + a51 + a13 + a35 + a43 + a22 + a54 + a13 - a22 - a35 - a53 - a35 - a41 - a35 - a33) * (-b43 - b52)
h16160: (a52) * (b32)
h19160: (a53 - a14) * (b43 + b41)
h22167: (a42 + a13 - a31 - a32 - a31 - a21) * (b54 - b55)
h29400: (a52 - a15) * (b44 + b54 - b31)
h31365: (a13 + a52 + a21 + a11 + a55 - a21 - a55) * (b13 - b31)
h36142: (a41 + a55 + a51 - a45 - a41 - a25 - a51 - a31) * (-b54)
h46218: (a45 + a13 + a54 + a44 + a21 - a21 - a25 - a13) * (b23)
h47756: (a31 - a11) * (-b55)
h103683: (a24 - a33 - a42) * (b14 + b15 - b15)
c11: h7603 + h189 + h29400 
c12: h115 + h2 + h35 + h12355 
c13: h404 
c14: h68 + h115 - h22167 
c15: h25 - h153 
c21: h46 + h36142 
c22: - h531 
c23: h115 + h189 + h115 - h103683 
c24: h115 + h36142 - h27 
c25: h25 + h281 
c31: h21 - h27 - h1739 
c32: h11 - h23 
c33: h281 + h531 
c34: h68 + h47756 - h10388 
c35: h74 + h82 
c41: h496 + h12355 
c42: h153 - h16160 
c43: h153 + h16160 - h180 
c44: h345 + h404 + h2 
c45: h47756 - h74 
c51: h153 + h345 + h12355 
c52: h35 + h31365 
c53: h68 + h153 
c54: h128 + h2 - h19160 
c55: h8555 + h46218 
