0,163.03199999999998,24.8
100,108.86399999999999,24.8
200,88.648,24.8
300,80.896,24.8
400,73.432,24.8
500,66.43199999999999,24.8
600,64.32000000000001,24.8
700,58.55999999999999,24.8
800,58.08,24.8
900,57.544000000000004,24.8
1000,56.056000000000004,24.8
1100,55.208000000000006,24.8
1200,53.736000000000004,24.8
1300,52.279999999999994,24.8
1400,50.791999999999994,24.6
1500,50.535999999999994,24.6
1600,50.312,24.6
1700,49.864,24.8
1800,48.616,24.8
1900,48.2,24.8
2000,48.047999999999995,24.8
2100,47.70399999999999,24.8
2200,47.70399999999999,24.8
2300,47.488,24.8
2400,47.128,24.8
2500,47.128,24.8
2600,47.128,24.8
2700,47.128,24.8
2800,45.68,24.8
2900,45.432,24.8
3000,45.352,24.8
3100,45.352,24.8
3200,45.352,24.8
3300,45.327999999999996,24.8
3400,45.29600000000001,24.8
3500,45.29600000000001,24.8
3600,45.152,24.8
3700,43.944,24.8
3800,43.944,24.8
3900,43.944,24.8
4000,43.711999999999996,24.8
4100,43.711999999999996,24.8
4200,43.711999999999996,24.8
4300,43.711999999999996,24.8
4400,43.711999999999996,24.8
4500,43.656,24.8
4600,43.656,24.8
4700,43.656,24.8
4800,43.656,24.8
4900,43.656,24.8
5000,43.656,24.8
5100,43.192,24.8
5200,43.192,24.8
5300,43.192,24.8
5400,43.176,24.8
5500,43.176,24.8
5600,43.176,24.8
5700,43.176,24.8
5800,43.136,25
5900,43.136,25
6000,43.136,25
6100,43.136,25
6200,43.136,25
6300,43.136,25
6400,43.136,25
6500,43.136,25
6600,43.136,25
6700,41.464,25
6800,41.464,25
6900,41.464,25
7000,41.392,25
7100,41.016,25
7200,40.384,25
7300,40.384,25
7400,40.263999999999996,25
7500,39.99999999999999,25
7600,39.99999999999999,25
7700,38.64,25
7800,38.64,25
7900,38.535999999999994,25
8000,38.535999999999994,25
8100,38.535999999999994,25
8200,38.535999999999994,25
8300,38.344,25
8400,37.96,25
8500,37.96,25
8600,37.760000000000005,25
8700,37.760000000000005,25
8800,37.760000000000005,25
8900,37.760000000000005,25
9000,37.760000000000005,25
9100,37.760000000000005,25
9200,37.623999999999995,25
9300,37.112,25
9400,37.088,25
9500,36.608000000000004,25
9600,36.608000000000004,25
9700,36.608000000000004,25
9800,36.608000000000004,25
9900,36.608000000000004,25
10000,36.608000000000004,25
10100,36.608000000000004,25
10200,36.608000000000004,25
10300,36.608000000000004,25
10400,36.608000000000004,25
10500,36.272000000000006,25
10600,35.904,25
10700,35.784000000000006,25
10800,35.784000000000006,25
10900,35.168,25
11000,35.168,25
11100,34.048,25
11200,34.048,25
11300,34.048,25
11400,34.048,25
11500,34.048,25
11600,33.952,25
11700,33.952,25
11800,33.488,25
11900,33.192,24.8
12000,33.192,24.8
12100,33.192,24.8
12200,33.192,24.8
12300,33.192,24.8
12400,33.192,24.8
12500,33.192,24.8
12600,33.192,24.8
12700,33.16,24.8
12800,33.16,24.8
12900,33.16,24.8
13000,33.16,24.8
13100,33.024,24.6
13200,33.024,24.6
13300,33,24.8
13400,33,24.8
13500,33,24.8
13600,33,24.8
13700,33,24.8
13800,33,24.8
13900,33,24.8
14000,33,24.8
14100,33,24.8
14200,33,24.8
14300,33,24.8
14400,33,24.8
14500,33,24.8
14600,33,24.8
14700,33,24.8
14800,33,24.8
14900,33,24.8
15000,33,24.8
15100,33,24.8
15200,32.432,24.8
15300,32.432,24.8
15400,32.432,24.8
15500,32.432,24.8
15600,32.432,24.8
15700,32.432,24.8
15800,32.432,24.8
15900,31.648000000000003,24.8
16000,31.648000000000003,24.8
16100,31.648000000000003,24.8
16200,31.648000000000003,24.8
16300,31.296,24.8
16400,31.296,24.8
16500,31.296,24.8
16600,31.296,24.8
16700,31.296,24.8
16800,31.296,24.8
16900,31.296,24.8
17000,31.296,24.8
17100,31.296,24.8
17200,31.296,24.8
17300,31.296,24.8
17400,31.296,24.8
17500,31.296,24.8
17600,31.296,24.8
17700,31.296,24.8
17800,31.296,24.8
17900,31.008000000000003,24.8
18000,31.008000000000003,24.8
18100,31.008000000000003,24.8
18200,30.648000000000003,24.8
18300,30.471999999999998,24.8
18400,30.471999999999998,24.8
18500,30.471999999999998,24.8
18600,30.471999999999998,24.8
18700,30.471999999999998,24.8
18800,30.471999999999998,24.8
18900,30.471999999999998,24.8
19000,30.471999999999998,24.8
19100,30.471999999999998,24.8
19200,30.471999999999998,24.8
19300,30.471999999999998,24.8
19400,30.471999999999998,24.8
19500,30.471999999999998,24.8
19600,30.471999999999998,24.8
19700,30.471999999999998,24.8
19800,30.144,24.8
19900,30.144,24.8
20000,30.144,24.8
20100,30.144,24.8
20200,30.144,24.8
20300,30.144,24.8
20400,30.144,24.8
20500,30.144,24.8
20600,30.144,24.8
20700,30.144,24.8
20800,30.144,24.8
20900,30.144,24.8
21000,29.528,24.8
21100,29.528,24.8
21200,29.528,24.8
21300,29.528,24.8
21400,29.528,24.8
21500,29.327999999999996,24.8
21600,29.288,24.8
21700,29.288,24.8
21800,29.288,24.8
21900,29.288,24.8
22000,29.288,24.8
22100,29.288,24.8
22200,29.288,24.8
22300,29.288,24.8
22400,29.288,24.8
22500,29.288,24.8
22600,29.144,24.8
22700,29.144,24.8
22800,29.144,24.8
22900,29.144,24.8
23000,29.144,24.8
23100,29.144,24.8
23200,29.144,24.8
23300,29.144,24.8
23400,29.144,24.8
23500,29.144,24.8
23600,29.144,24.8
23700,29.144,24.8
23800,29.144,24.8
23900,29.144,24.8
24000,29.144,24.8
24100,28.248,24.8
24200,28.248,24.8
24300,28.248,24.8
24400,28.248,24.8
24500,28.248,24.8
24600,28.248,24.8
24700,28.248,24.8
24800,28.248,24.8
24900,27.936,24.8
25000,27.936,24.8
25100,27.936,24.8
25200,27.936,24.8
25300,27.936,24.8
25400,27.936,24.8
25500,27.936,24.8
25600,27.936,24.8
25700,27.727999999999998,24.8
25800,27.727999999999998,24.8
25900,27.727999999999998,24.8
26000,27.727999999999998,24.8
26100,27.727999999999998,24.8
26200,27.648000000000003,24.8
26300,27.648000000000003,24.8
26400,27.648000000000003,24.8
26500,27.536,24.8
26600,27.536,24.8
26700,27.536,24.8
26800,27.536,24.8
26900,27.536,24.8
27000,27.536,24.8
27100,27.536,24.8
27200,27.536,24.8
27300,27.536,24.8
27400,27.536,24.8
27500,27.536,24.8
27600,27.536,24.8
27700,27.536,24.8
27800,27.536,24.8
27900,27.536,24.8
28000,27.536,24.8
28100,27.312,24.8
28200,27.312,24.8
28300,27.312,24.8
28400,27.312,24.8
28500,27.312,24.8
28600,27.312,24.8
28700,27.312,24.8
28800,27.312,24.8
28900,27.312,24.8
29000,27.312,24.8
29100,27.312,24.8
29200,27.312,24.8
29300,27.312,24.8
29400,27.312,24.8
29500,26.695999999999998,24.8
29600,26.695999999999998,24.8
29700,26.695999999999998,24.8
29800,26.695999999999998,24.8
29900,26.695999999999998,24.8
30000,26.695999999999998,24.8
30100,26.695999999999998,24.8
30200,26.695999999999998,24.8
30300,26.695999999999998,24.8
30400,26.695999999999998,24.8
30500,26.695999999999998,24.8
30600,26.695999999999998,24.8
30700,26.695999999999998,24.8
30800,26.695999999999998,24.8
30900,26.695999999999998,24.8
31000,26.695999999999998,24.8
31100,26.695999999999998,24.8
31200,26.695999999999998,24.8
31300,26.695999999999998,24.8
31400,26.695999999999998,24.8
31500,26.695999999999998,24.8
31600,26.695999999999998,24.8
31700,26.695999999999998,24.8
31800,26.695999999999998,24.8
31900,26.695999999999998,24.8
32000,26.695999999999998,24.8
32100,26.695999999999998,24.8
32200,26.695999999999998,24.8
32300,26.695999999999998,24.8
32400,26.695999999999998,24.8
32500,26.695999999999998,24.8
32600,26.695999999999998,24.8
32700,26.695999999999998,24.8
32800,26.695999999999998,24.8
32900,26.695999999999998,24.8
33000,26.695999999999998,24.8
33100,26.695999999999998,24.8
33200,26.695999999999998,24.8
33300,26.695999999999998,24.8
33400,26.695999999999998,24.8
33500,26.695999999999998,24.8
33600,26.695999999999998,24.8
33700,26.695999999999998,24.8
33800,26.695999999999998,24.8
33900,26.695999999999998,24.8
34000,26.695999999999998,24.8
34100,26.695999999999998,24.8
34200,26.456,24.8
34300,26.456,24.8
34400,26.456,24.8
34500,26.456,24.8
34600,26.456,24.8
34700,26.456,24.8
34800,26.456,24.8
34900,26.359999999999996,24.8
35000,26.359999999999996,24.8
35100,26.359999999999996,24.8
35200,26.359999999999996,24.8
35300,26.359999999999996,24.8
35400,26.359999999999996,24.8
35500,26.359999999999996,24.8
35600,26.359999999999996,24.8
35700,26.359999999999996,24.8
35800,26.359999999999996,24.8
35900,26.359999999999996,24.8
36000,26.359999999999996,24.8
36100,26.359999999999996,24.8
36200,26.359999999999996,24.8
36300,26.359999999999996,24.8
36400,26.047999999999995,24.8
36500,26.047999999999995,24.8
36600,26.047999999999995,24.8
36700,26.047999999999995,24.8
36800,26.047999999999995,24.8
36900,26.047999999999995,24.8
37000,26.047999999999995,24.8
37100,26.047999999999995,24.8
37200,26.047999999999995,24.8
37300,26.047999999999995,24.8
37400,26.047999999999995,24.8
37500,26.047999999999995,24.8
37600,26.047999999999995,24.8
37700,26.047999999999995,24.8
37800,26.047999999999995,24.8
37900,26.047999999999995,24.8
38000,26.047999999999995,24.8
38100,26.047999999999995,24.8
38200,26.047999999999995,24.8
38300,26.047999999999995,24.8
38400,26.047999999999995,24.8
38500,26.047999999999995,24.8
38600,26.047999999999995,24.8
38700,26.047999999999995,24.8
38800,26.047999999999995,24.8
38900,26.047999999999995,24.8
39000,26.047999999999995,24.8
39100,26.047999999999995,24.8
39200,26.047999999999995,24.8
39300,26.047999999999995,24.8
39400,26.047999999999995,24.8
39500,26.047999999999995,24.8
39600,26.047999999999995,24.8
39700,26.047999999999995,24.8
39800,26.047999999999995,24.8
39900,26.047999999999995,24.8
40000,26.047999999999995,24.8
40100,26.047999999999995,24.8
40200,26.047999999999995,24.8
40300,26.047999999999995,24.8
40400,26.047999999999995,24.8
40500,26.047999999999995,24.8
40600,26.047999999999995,24.8
40700,26.047999999999995,24.8
40800,26.047999999999995,24.8
40900,26.047999999999995,24.8
41000,26.047999999999995,24.8
41100,26.047999999999995,24.8
41200,26.047999999999995,24.8
41300,26.047999999999995,24.8
41400,26.047999999999995,24.8
41500,26.047999999999995,24.8
41600,26.047999999999995,24.8
41700,26.047999999999995,24.8
41800,26.047999999999995,24.8
41900,26.047999999999995,24.8
42000,26.047999999999995,24.8
42100,26.047999999999995,24.8
42200,26.047999999999995,24.8
42300,26.047999999999995,24.8
42400,26.047999999999995,24.8
42500,26.047999999999995,24.8
42600,26.047999999999995,24.8
42700,26.047999999999995,24.8
42800,26.047999999999995,24.8
42900,26.047999999999995,24.8
43000,26.047999999999995,24.8
43100,26.047999999999995,24.8
43200,26.047999999999995,24.8
43300,26.047999999999995,24.8
43400,26.047999999999995,24.8
43500,26.047999999999995,24.8
43600,26.047999999999995,24.8
43700,26.047999999999995,24.8
43800,26.047999999999995,24.8
43900,26.047999999999995,24.8
44000,26.047999999999995,24.8
44100,26.047999999999995,24.8
44200,26.047999999999995,24.8
44300,26.047999999999995,24.8
44400,26.047999999999995,24.8
44500,26.047999999999995,24.8
44600,26.047999999999995,24.8
44700,26.047999999999995,24.8
44800,26.047999999999995,24.8
44900,26.047999999999995,24.8
45000,26.047999999999995,24.8
45100,26.047999999999995,24.8
45200,26.047999999999995,24.8
45300,26.047999999999995,24.8
45400,26.047999999999995,24.8
45500,26.047999999999995,24.8
45600,26.047999999999995,24.8
45700,26.047999999999995,24.8
45800,26.047999999999995,24.8
45900,26.047999999999995,24.8
46000,26.047999999999995,24.8
46100,26.047999999999995,24.8
46200,26.047999999999995,24.8
46300,26.047999999999995,24.8
46400,26.047999999999995,24.8
46500,26.047999999999995,24.8
46600,26.047999999999995,24.8
46700,26.047999999999995,24.8
46800,26.047999999999995,24.8
46900,26.047999999999995,24.8
47000,26.047999999999995,24.8
47100,26.047999999999995,24.8
47200,26.047999999999995,24.8
47300,26.047999999999995,24.8
47400,26.047999999999995,24.8
47500,26.047999999999995,24.8
47600,26.047999999999995,24.8
47700,26.047999999999995,24.8
47800,26.047999999999995,24.8
47900,26.047999999999995,24.8
48000,26.047999999999995,24.8
48100,26.047999999999995,24.8
48200,26.047999999999995,24.8
48300,26.047999999999995,24.8
48400,26.047999999999995,24.8
48500,26.047999999999995,24.8
48600,26.047999999999995,24.8
48700,26.047999999999995,24.8
48800,26.047999999999995,24.8
48900,26.047999999999995,24.8
49000,26.047999999999995,24.8
49100,26.047999999999995,24.8
49200,26.047999999999995,24.8
49300,26.047999999999995,24.8
49400,26.047999999999995,24.8
49500,26.047999999999995,24.8
49600,26.047999999999995,24.8
49700,26.047999999999995,24.8
49800,26.047999999999995,24.8
49900,26.047999999999995,24.8
50000,26.047999999999995,24.8
50100,26.047999999999995,24.8
50200,26.047999999999995,24.8
50300,26.047999999999995,24.8
50400,26.047999999999995,24.8
50500,26.047999999999995,24.8
50600,26.047999999999995,24.8
50700,26.047999999999995,24.8
50800,26.047999999999995,24.8
50900,26.047999999999995,24.8
51000,26.047999999999995,24.8
51100,26.047999999999995,24.8
51200,25.968,24.8
51300,25.968,24.8
51400,25.968,24.8
51500,25.968,24.8
51600,25.968,24.8
51700,25.968,24.8
51800,25.968,24.8
51900,25.968,24.8
52000,25.968,24.8
52100,25.968,24.8
52200,25.968,24.8
52300,25.968,24.8
52400,25.968,24.8
52500,25.968,24.8
52600,25.968,24.8
52700,25.968,24.8
52800,25.968,24.8
52900,25.968,24.8
53000,25.968,24.8
53100,25.968,24.8
53200,25.968,24.8
53300,25.968,24.8
53400,25.968,24.8
53500,25.968,24.8
53600,25.968,24.8
53700,25.968,24.8
53800,25.968,24.8
53900,25.968,24.8
54000,25.968,24.8
54100,25.968,24.8
54200,25.968,24.8
54300,25.968,24.8
54400,25.919999999999998,24.8
54500,25.919999999999998,24.8
54600,25.919999999999998,24.8
54700,25.919999999999998,24.8
54800,25.919999999999998,24.8
54900,25.919999999999998,24.8
55000,25.919999999999998,24.8
55100,25.919999999999998,24.8
55200,25.919999999999998,24.8
55300,25.919999999999998,24.8
55400,25.919999999999998,24.8
55500,25.919999999999998,24.8
55600,25.919999999999998,24.8
55700,25.919999999999998,24.8
55800,25.919999999999998,24.8
55900,25.919999999999998,24.8
56000,25.919999999999998,24.8
56100,25.919999999999998,24.8
56200,25.919999999999998,24.8
56300,25.919999999999998,24.8
56400,25.919999999999998,24.8
56500,25.919999999999998,24.8
56600,25.919999999999998,24.8
56700,25.919999999999998,24.8
56800,25.919999999999998,24.8
56900,25.919999999999998,24.8
57000,25.919999999999998,24.8
57100,25.919999999999998,24.8
57200,25.792,24.8
57300,25.704,24.8
57400,25.704,24.8
57500,25.704,24.8
57600,25.704,24.8
57700,25.704,24.8
57800,25.704,24.8
57900,25.704,24.8
58000,25.704,24.8
58100,25.704,24.8
58200,25.704,24.8
58300,25.704,24.8
58400,25.704,24.8
58500,25.704,24.8
58600,25.704,24.8
58700,25.704,24.8
58800,25.704,24.8
58900,25.704,24.8
59000,25.704,24.8
59100,25.704,24.8
59200,25.704,24.8
59300,25.704,24.8
59400,25.704,24.8
59500,25.704,24.8
59600,25.704,24.8
59700,25.704,24.8
59800,25.704,24.8
59900,25.704,24.8
60000,25.704,24.8
60100,25.704,24.8
60200,25.704,24.8
60300,25.704,24.8
60400,25.376,24.8
60500,25.376,24.8
60600,25.376,24.8
60700,25.376,24.8
60800,25.376,24.8
60900,25.376,24.8
61000,25.376,24.8
61100,25.376,24.8
61200,25.376,24.8
61300,25.376,24.8
61400,25.376,24.8
61500,25.376,24.8
61600,25.376,24.8
61700,25.376,24.8
61800,25.376,24.8
61900,25.376,24.8
62000,25.376,24.8
62100,25.376,24.8
62200,25.376,24.8
62300,25.376,24.8
62400,25.376,24.8
62500,25.376,24.8
62600,25.376,24.8
62700,25.376,24.8
62800,25.376,24.8
62900,25.376,24.8
63000,25.376,24.8
63100,25.376,24.8
63200,25.376,24.8
63300,25.376,24.8
63400,25.376,24.8
63500,25.376,24.8
63600,25.376,24.8
63700,25.376,24.8
63800,25.376,24.8
63900,25.376,24.8
64000,25.376,24.8
64100,25.376,24.8
64200,25.376,24.8
64300,25.376,24.8
64400,25.376,24.8
64500,25.376,24.8
64600,25.376,24.8
64700,25.376,24.8
64800,25.376,24.8
64900,25.376,24.8
65000,25.376,24.8
65100,25.376,24.8
65200,25.376,24.8
65300,25.376,24.8
65400,25.376,24.8
65500,25.376,24.8
65600,25.376,24.8
65700,25.376,24.8
65800,25.376,24.8
65900,25.376,24.8
66000,25.376,24.8
66100,25.376,24.8
66200,25.376,24.8
66300,25.376,24.8
66400,25.376,24.8
66500,25.376,24.8
66600,25.360000000000003,24.6
66700,25.360000000000003,24.6
66800,25.360000000000003,24.6
66900,25.360000000000003,24.6
67000,25.360000000000003,24.6
67100,25.360000000000003,24.6
67200,25.360000000000003,24.6
67300,25.360000000000003,24.6
67400,25.360000000000003,24.6
67500,25.360000000000003,24.6
67600,25.360000000000003,24.6
67700,25.360000000000003,24.6
67800,25.360000000000003,24.6
67900,25.360000000000003,24.6
68000,25.360000000000003,24.6
68100,25.360000000000003,24.6
68200,25.360000000000003,24.6
68300,25.360000000000003,24.6
68400,25.360000000000003,24.6
68500,25.360000000000003,24.6
68600,25.360000000000003,24.6
68700,25.360000000000003,24.6
68800,25.360000000000003,24.6
68900,25.360000000000003,24.6
69000,25.360000000000003,24.6
69100,25.360000000000003,24.6
69200,25.360000000000003,24.6
69300,25.360000000000003,24.6
69400,24.663999999999998,24.6
69500,24.663999999999998,24.6
69600,24.663999999999998,24.6
69700,24.663999999999998,24.6
69800,24.663999999999998,24.6
69900,24.663999999999998,24.6
70000,24.663999999999998,24.6
70100,24.663999999999998,24.6
70200,24.663999999999998,24.6
70300,24.663999999999998,24.6
70400,24.663999999999998,24.6
70500,24.663999999999998,24.6
70600,24.663999999999998,24.6
70700,24.663999999999998,24.6
70800,24.663999999999998,24.6
70900,24.663999999999998,24.6
71000,24.663999999999998,24.6
71100,24.663999999999998,24.6
71200,24.663999999999998,24.6
71300,24.663999999999998,24.6
71400,24.663999999999998,24.6
71500,24.663999999999998,24.6
71600,24.663999999999998,24.6
71700,24.663999999999998,24.6
71800,24.663999999999998,24.6
71900,24.663999999999998,24.6
72000,24.663999999999998,24.6
72100,24.663999999999998,24.6
72200,24.663999999999998,24.6
72300,24.663999999999998,24.6
72400,24.663999999999998,24.6
72500,24.663999999999998,24.6
72600,24.663999999999998,24.6
72700,24.663999999999998,24.6
72800,24.663999999999998,24.6
72900,24.663999999999998,24.6
73000,24.663999999999998,24.6
73100,24.663999999999998,24.6
73200,24.663999999999998,24.6
73300,24.663999999999998,24.6
73400,24.663999999999998,24.6
73500,24.663999999999998,24.6
73600,24.663999999999998,24.6
73700,24.663999999999998,24.6
73800,24.663999999999998,24.6
73900,24.663999999999998,24.6
74000,24.663999999999998,24.6
74100,24.663999999999998,24.6
74200,24.663999999999998,24.6
74300,24.663999999999998,24.6
74400,24.663999999999998,24.6
74500,24.663999999999998,24.6
74600,24.663999999999998,24.6
74700,24.663999999999998,24.6
74800,24.663999999999998,24.6
74900,24.663999999999998,24.6
75000,24.663999999999998,24.6
75100,24.663999999999998,24.6
75200,24.663999999999998,24.6
75300,24.663999999999998,24.6
75400,24.663999999999998,24.6
75500,24.663999999999998,24.6
75600,24.663999999999998,24.6
75700,24.663999999999998,24.6
75800,24.663999999999998,24.6
75900,24.663999999999998,24.6
76000,24.663999999999998,24.6
76100,24.663999999999998,24.6
76200,24.663999999999998,24.6
76300,24.663999999999998,24.6
76400,24.663999999999998,24.6
76500,24.663999999999998,24.6
76600,24.663999999999998,24.6
76700,24.663999999999998,24.6
76800,24.663999999999998,24.6
76900,24.663999999999998,24.6
77000,24.663999999999998,24.6
77100,24.663999999999998,24.6
77200,24.663999999999998,24.6
77300,24.663999999999998,24.6
77400,24.663999999999998,24.6
77500,24.663999999999998,24.6
77600,24.663999999999998,24.6
77700,24.663999999999998,24.6
77800,24.663999999999998,24.6
77900,24.663999999999998,24.6
78000,24.663999999999998,24.6
78100,24.663999999999998,24.6
78200,24.663999999999998,24.6
78300,24.663999999999998,24.6
78400,24.663999999999998,24.6
78500,24.663999999999998,24.6
78600,24.607999999999997,24.4
78700,24.607999999999997,24.4
78800,24.607999999999997,24.4
78900,24.607999999999997,24.4
79000,24.607999999999997,24.4
79100,24.607999999999997,24.4
79200,24.607999999999997,24.4
79300,24.512,24.4
79400,24.512,24.4
79500,24.512,24.4
79600,24.512,24.4
79700,24.512,24.4
79800,24.512,24.4
79900,24.512,24.4
80000,24.512,24.4
80100,24.512,24.4
80200,24.512,24.4
80300,24.512,24.4
80400,24.512,24.4
80500,24.512,24.4
80600,24.512,24.4
80700,24.512,24.4
80800,24.512,24.4
80900,24.512,24.4
81000,24.512,24.4
81100,24.512,24.4
81200,24.512,24.4
81300,24.512,24.4
81400,24.512,24.4
81500,24.512,24.4
81600,24.512,24.4
81700,24.512,24.4
81800,24.512,24.4
81900,24.512,24.4
82000,24.512,24.4
82100,24.512,24.4
82200,24.512,24.4
82300,24.512,24.4
82400,24.512,24.4
82500,24.512,24.4
82600,24.512,24.4
82700,24.512,24.4
82800,24.512,24.4
82900,24.512,24.4
83000,24.512,24.4
83100,24.512,24.4
83200,24.512,24.4
83300,24.512,24.4
83400,24.512,24.4
83500,24.512,24.4
83600,24.512,24.4
83700,24.512,24.4
83800,24.512,24.4
83900,24.512,24.4
84000,24.512,24.4
84100,24.512,24.4
84200,24.512,24.4
84300,24.512,24.4
84400,24.512,24.4
84500,24.512,24.4
84600,24.512,24.4
84700,24.512,24.4
84800,24.512,24.4
84900,24.512,24.4
85000,24.512,24.4
85100,24.512,24.4
85200,24.512,24.4
85300,24.512,24.4
85400,24.512,24.4
85500,24.512,24.4
85600,24.512,24.4
85700,24.512,24.4
85800,24.456,24.4
85900,24.456,24.4
86000,24.456,24.4
86100,24.456,24.4
86200,24.456,24.4
86300,24.456,24.4
86400,24.456,24.4
86500,24.456,24.4
86600,24.456,24.4
86700,24.456,24.4
86800,24.456,24.4
86900,24.456,24.4
87000,24.456,24.4
87100,24.456,24.4
87200,24.456,24.4
87300,24.456,24.4
87400,24.456,24.4
87500,24.456,24.4
87600,24.456,24.4
87700,24.456,24.4
87800,24.456,24.4
87900,24.456,24.4
88000,24.456,24.4
88100,24.456,24.4
88200,24.456,24.4
88300,24.456,24.4
88400,24.456,24.4
88500,24.456,24.4
88600,24.456,24.4
88700,24.456,24.4
88800,24.456,24.4
88900,24.456,24.4
89000,24.456,24.4
89100,24.456,24.4
89200,24.456,24.4
89300,24.456,24.4
89400,24.456,24.4
89500,24.456,24.4
89600,24.456,24.4
89700,24.456,24.4
89800,24.456,24.4
89900,24.456,24.4
90000,24.456,24.4
90100,24.456,24.4
90200,24.456,24.4
90300,24.456,24.4
90400,24.456,24.4
90500,24.456,24.4
90600,24.456,24.4
90700,24.456,24.4
90800,24.456,24.4
90900,24.456,24.4
91000,24.456,24.4
91100,24.456,24.4
91200,24.456,24.4
91300,24.456,24.4
91400,24.456,24.4
91500,24.456,24.4
91600,24.456,24.4
91700,24.456,24.4
91800,24.456,24.4
91900,24.456,24.4
92000,24.456,24.4
92100,24.456,24.4
92200,24.456,24.4
92300,24.456,24.4
92400,24.456,24.4
92500,24.456,24.4
92600,24.456,24.4
92700,24.456,24.4
92800,24.456,24.4
92900,24.456,24.4
93000,24.456,24.4
93100,24.456,24.4
93200,24.456,24.4
93300,24.456,24.4
93400,24.456,24.4
93500,24.456,24.4
93600,24.456,24.4
93700,24.456,24.4
93800,24.456,24.4
93900,24.456,24.4
94000,24.456,24.4
94100,24.456,24.4
94200,24.456,24.4
94300,24.456,24.4
94400,24.456,24.4
94500,24.456,24.4
94600,24.456,24.4
94700,24.456,24.4
94800,24.456,24.4
94900,24.456,24.4
95000,24.456,24.4
95100,24.456,24.4
95200,24.456,24.4
95300,24.456,24.4
95400,24.456,24.4
95500,24.456,24.4
95600,24.456,24.4
95700,24.456,24.4
95800,24.456,24.4
95900,24.456,24.4
96000,24.456,24.4
96100,24.456,24.4
96200,24.456,24.4
96300,24.456,24.4
96400,24.456,24.4
96500,24.456,24.4
96600,24.456,24.4
96700,24.456,24.4
96800,24.456,24.4
96900,24.456,24.4
97000,24.456,24.4
97100,24.456,24.4
97200,24.456,24.4
97300,24.456,24.4
97400,24.456,24.4
97500,24.456,24.4
97600,24.456,24.4
97700,24.456,24.4
97800,24.456,24.4
97900,24.456,24.4
98000,24.456,24.4
98100,24.456,24.4
98200,24.456,24.4
98300,24.456,24.4
98400,24.456,24.4
98500,24.456,24.4
98600,24.456,24.4
98700,24.456,24.4
98800,24.456,24.4
98900,24.456,24.4
99000,24.456,24.4
99100,24.456,24.4
99200,24.456,24.4
99300,24.456,24.4
99400,24.456,24.4
99500,24.456,24.4
99600,24.456,24.4
99700,24.456,24.4
99800,24.456,24.4
99900,24.456,24.4
100000,24.456,24.4
100100,24.456,24.4
100200,24.456,24.4
100300,24.456,24.4
100400,24.456,24.4
100500,24.456,24.4
100600,24.456,24.4
100700,24.456,24.4
100800,24.456,24.4
100900,24.456,24.4
101000,24.456,24.4
101100,24.456,24.4
101200,24.456,24.4
101300,24.456,24.4
101400,24.456,24.4
101500,24.456,24.4
101600,24.456,24.4
101700,24.456,24.4
101800,24.456,24.4
101900,24.456,24.4
102000,24.456,24.4
102100,24.456,24.4
102200,24.456,24.4
102300,24.456,24.4
102400,24.456,24.4
102500,24.456,24.4
102600,24.456,24.4
102700,24.456,24.4
102800,24.456,24.4
102900,24.456,24.4
103000,24.456,24.4
103100,24.456,24.4
103200,24.456,24.4
103300,24.456,24.4
103400,24.456,24.4
103500,24.456,24.4
103600,24.456,24.4
103700,24.456,24.4
103800,24.456,24.4
103900,24.456,24.4
104000,24.456,24.4
104100,24.456,24.4
104200,24.456,24.4
104300,24.456,24.4
104400,24.456,24.4
104500,24.456,24.4
104600,24.456,24.4
104700,24.456,24.4
104800,24.456,24.4
104900,24.456,24.4
105000,24.456,24.4
105100,24.456,24.4
105200,24.456,24.4
105300,24.456,24.4
105400,24.456,24.4
105500,24.456,24.4
105600,24.456,24.4
105700,24.456,24.4
105800,24.456,24.4
105900,24.456,24.4
106000,24.456,24.4
106100,24.456,24.4
106200,24.456,24.4
106300,24.456,24.4
106400,24.456,24.4
106500,24.456,24.4
106600,24.456,24.4
106700,24.456,24.4
106800,24.456,24.4
106900,24.456,24.4
107000,24.456,24.4
107100,24.456,24.4
107200,24.456,24.4
107300,24.456,24.4
107400,24.456,24.4
107500,24.456,24.4
107600,24.456,24.4
107700,24.456,24.4
107800,24.456,24.4
107900,24.456,24.4
108000,24.456,24.4
108100,24.456,24.4
108200,24.456,24.4
108300,24.456,24.4
108400,24.456,24.4
108500,24.456,24.4
108600,24.456,24.4
108700,24.456,24.4
108800,24.456,24.4
108900,24.456,24.4
109000,24.456,24.4
109100,24.456,24.4
109200,24.456,24.4
109300,24.456,24.4
109400,24.456,24.4
109500,24.456,24.4
109600,24.456,24.4
109700,24.456,24.4
109800,24.456,24.4
109900,24.456,24.4
110000,24.456,24.4
110100,24.456,24.4
110200,24.456,24.4
110300,24.456,24.4
110400,24.456,24.4
110500,24.456,24.4
110600,24.456,24.4
110700,24.456,24.4
110800,24.456,24.4
110900,24.456,24.4
111000,24.456,24.4
111100,24.456,24.4
111200,24.456,24.4
111300,24.456,24.4
111400,24.456,24.4
111500,24.456,24.4
111600,24.456,24.4
111700,24.456,24.4
111800,24.456,24.4
111900,24.456,24.4
112000,24.456,24.4
112100,24.456,24.4
112200,24.456,24.4
112300,24.456,24.4
112400,24.456,24.4
112500,24.456,24.4
112600,24.456,24.4
112700,24.456,24.4
112800,24.456,24.4
112900,24.456,24.4
113000,24.456,24.4
113100,24.456,24.4
113200,24.456,24.4
113300,24.456,24.4
113400,24.456,24.4
113500,24.456,24.4
113600,24.456,24.4
113700,24.456,24.4
113800,24.456,24.4
113900,24.456,24.4
114000,24.456,24.4
114100,24.456,24.4
114200,24.456,24.4
114300,24.456,24.4
114400,24.456,24.4
114500,24.456,24.4
114600,24.456,24.4
114700,24.456,24.4
114800,24.456,24.4
114900,24.456,24.4
115000,24.456,24.4
115100,24.456,24.4
115200,24.456,24.4
115300,24.456,24.4
115400,24.456,24.4
115500,24.456,24.4
115600,24.456,24.4
115700,24.456,24.4
115800,24.456,24.4
115900,24.456,24.4
116000,24.456,24.4
116100,24.456,24.4
116200,24.456,24.4
116300,24.456,24.4
116400,24.456,24.4
116500,24.456,24.4
116600,24.456,24.4
116700,24.456,24.4
116800,24.456,24.4
116900,24.456,24.4
117000,24.456,24.4
117100,24.456,24.4
117200,24.456,24.4
117300,24.456,24.4
117400,24.456,24.4
117500,24.456,24.4
117600,24.456,24.4
117700,24.456,24.4
117800,24.456,24.4
117900,24.456,24.4
118000,24.456,24.4
118100,24.456,24.4
118200,24.456,24.4
118300,24.456,24.4
118400,24.456,24.4
118500,24.456,24.4
118600,24.456,24.4
118700,24.456,24.4
118800,24.456,24.4
118900,24.456,24.4
119000,24.456,24.4
119100,24.456,24.4
119200,24.456,24.4
119300,24.456,24.4
119400,24.456,24.4
119500,24.456,24.4
119600,24.456,24.4
119700,24.456,24.4
119800,24.456,24.4
119900,24.456,24.4
120000,24.456,24.4
120100,24.456,24.4
120200,24.456,24.4
120300,24.456,24.4
120400,24.456,24.4
120500,24.456,24.4
120600,24.456,24.4
120700,24.456,24.4
120800,24.456,24.4
120900,24.456,24.4
121000,24.456,24.4
121100,24.456,24.4
121200,24.456,24.4
121300,24.456,24.4
121400,24.456,24.4
121500,24.456,24.4
121600,24.456,24.4
121700,24.456,24.4
121800,24.456,24.4
121900,24.456,24.4
122000,24.456,24.4
122100,24.456,24.4
122200,24.456,24.4
122300,24.456,24.4
122400,24.456,24.4
122500,24.456,24.4
122600,24.456,24.4
122700,24.456,24.4
122800,24.456,24.4
122900,24.456,24.4
123000,24.456,24.4
123100,24.456,24.4
123200,24.456,24.4
123300,24.456,24.4
123400,24.456,24.4
123500,24.456,24.4
123600,24.456,24.4
123700,24.456,24.4
123800,24.456,24.4
123900,24.456,24.4
124000,24.456,24.4
124100,24.456,24.4
124200,24.456,24.4
124300,24.456,24.4
124400,24.456,24.4
124500,24.456,24.4
124600,24.456,24.4
124700,24.456,24.4
124800,24.456,24.4
124900,24.456,24.4
125000,24.456,24.4
125100,24.456,24.4
125200,24.456,24.4
125300,24.456,24.4
125400,24.456,24.4
125500,24.456,24.4
125600,24.456,24.4
125700,24.456,24.4
125800,24.456,24.4
125900,24.456,24.4
126000,24.456,24.4
126100,24.456,24.4
126200,24.456,24.4
126300,24.456,24.4
126400,24.456,24.4
126500,24.456,24.4
126600,24.456,24.4
126700,24.456,24.4
126800,24.456,24.4
126900,24.456,24.4
127000,24.456,24.4
127100,24.456,24.4
127200,24.456,24.4
127300,24.456,24.4
127400,24.456,24.4
127500,24.456,24.4
127600,24.456,24.4
127700,24.456,24.4
127800,24.456,24.4
127900,24.456,24.4
128000,24.456,24.4
128100,24.456,24.4
128200,24.456,24.4
128300,24.456,24.4
128400,24.456,24.4
128500,24.456,24.4
128600,24.456,24.4
128700,24.456,24.4
128800,24.456,24.4
128900,24.456,24.4
129000,24.456,24.4
129100,24.456,24.4
129200,24.456,24.4
129300,24.456,24.4
129400,24.456,24.4
129500,24.456,24.4
129600,24.456,24.4
129700,24.456,24.4
129800,24.456,24.4
129900,24.456,24.4
130000,24.456,24.4
130100,24.456,24.4
130200,24.456,24.4
130300,24.456,24.4
130400,24.456,24.4
130500,24.456,24.4
130600,24.456,24.4
130700,24.456,24.4
130800,24.456,24.4
130900,24.456,24.4
131000,24.456,24.4
131100,24.456,24.4
131200,24.456,24.4
131300,24.456,24.4
131400,24.456,24.4
131500,24.456,24.4
131600,24.456,24.4
131700,24.456,24.4
131800,24.456,24.4
131900,24.456,24.4
132000,24.456,24.4
132100,24.456,24.4
132200,24.456,24.4
132300,24.456,24.4
132400,24.456,24.4
132500,24.456,24.4
132600,24.456,24.4
132700,24.456,24.4
132800,24.456,24.4
132900,24.456,24.4
133000,24.456,24.4
133100,24.456,24.4
133200,24.456,24.4
133300,24.456,24.4
133400,24.456,24.4
133500,24.456,24.4
133600,24.456,24.4
133700,24.456,24.4
133800,24.456,24.4
133900,24.456,24.4
134000,24.456,24.4
134100,24.456,24.4
134200,24.456,24.4
134300,24.456,24.4
134400,24.456,24.4
134500,24.456,24.4
134600,24.456,24.4
134700,24.456,24.4
134800,24.456,24.4
134900,24.456,24.4
135000,24.456,24.4
135100,24.456,24.4
135200,24.456,24.4
135300,24.456,24.4
135400,24.456,24.4
135500,24.456,24.4
135600,24.456,24.4
135700,24.360000000000003,24.4
135800,24.360000000000003,24.4
135900,24.360000000000003,24.4
136000,24.360000000000003,24.4
136100,24.360000000000003,24.4
136200,24.360000000000003,24.4
136300,24.360000000000003,24.4
136400,24.360000000000003,24.4
136500,24.360000000000003,24.4
136600,24.360000000000003,24.4
136700,24.360000000000003,24.4
136800,24.360000000000003,24.4
136900,24.360000000000003,24.4
137000,24.360000000000003,24.4
137100,24.360000000000003,24.4
137200,24.360000000000003,24.4
137300,24.360000000000003,24.4
137400,24.360000000000003,24.4
137500,24.360000000000003,24.4
137600,24.360000000000003,24.4
137700,24.360000000000003,24.4
137800,24.360000000000003,24.4
137900,24.360000000000003,24.4
138000,24.360000000000003,24.4
138100,24.360000000000003,24.4
138200,24.360000000000003,24.4
138300,24.360000000000003,24.4
138400,24.360000000000003,24.4
138500,24.360000000000003,24.4
138600,24.360000000000003,24.4
138700,24.360000000000003,24.4
138800,24.360000000000003,24.4
138900,24.360000000000003,24.4
139000,24.360000000000003,24.4
139100,24.360000000000003,24.4
139200,24.360000000000003,24.4
139300,24.360000000000003,24.4
139400,24.360000000000003,24.4
139500,24.360000000000003,24.4
139600,24.360000000000003,24.4
139700,24.360000000000003,24.4
139800,24.360000000000003,24.4
139900,24.360000000000003,24.4
140000,24.360000000000003,24.4
140100,24.360000000000003,24.4
140200,24.360000000000003,24.4
140300,24.360000000000003,24.4
140400,24.360000000000003,24.4
140500,24.360000000000003,24.4
140600,24.360000000000003,24.4
140700,24.360000000000003,24.4
140800,24.360000000000003,24.4
140900,24.360000000000003,24.4
141000,24.360000000000003,24.4
141100,24.360000000000003,24.4
141200,24.360000000000003,24.4
141300,24.360000000000003,24.4
141400,24.360000000000003,24.4
141500,24.360000000000003,24.4
141600,24.360000000000003,24.4
141700,24.360000000000003,24.4
141800,24.360000000000003,24.4
141900,24.360000000000003,24.4
142000,24.360000000000003,24.4
142100,24.360000000000003,24.4
142200,24.360000000000003,24.4
142300,24.360000000000003,24.4
142400,24.360000000000003,24.4
142500,24.360000000000003,24.4
142600,24.360000000000003,24.4
142700,24.360000000000003,24.4
142800,24.360000000000003,24.4
142900,24.360000000000003,24.4
143000,24.360000000000003,24.4
143100,24.360000000000003,24.4
143200,24.360000000000003,24.4
143300,24.360000000000003,24.4
143400,24.360000000000003,24.4
143500,24.360000000000003,24.4
143600,24.360000000000003,24.4
143700,24.360000000000003,24.4
143800,24.360000000000003,24.4
143900,24.360000000000003,24.4
144000,24.360000000000003,24.4
144100,24.360000000000003,24.4
144200,24.360000000000003,24.4
144300,24.360000000000003,24.4
144400,24.360000000000003,24.4
144500,24.360000000000003,24.4
144600,24.360000000000003,24.4
144700,24.360000000000003,24.4
144800,24.344,24.4
144900,24.344,24.4
145000,24.344,24.4
145100,24.344,24.4
145200,24.344,24.4
145300,24.344,24.4
145400,24.344,24.4
145500,24.344,24.4
145600,24.344,24.4
145700,24.344,24.4
145800,24.344,24.4
145900,24.344,24.4
146000,24.344,24.4
146100,24.344,24.4
146200,24.344,24.4
146300,24.344,24.4
146400,24.344,24.4
146500,24.344,24.4
146600,24.344,24.4
146700,24.344,24.4
146800,24.344,24.4
146900,24.344,24.4
147000,24.344,24.4
147100,24.344,24.4
147200,24.344,24.4
147300,24.344,24.4
147400,24.344,24.4
147500,24.344,24.4
147600,24.344,24.4
147700,24.344,24.4
147800,24.344,24.4
147900,24.344,24.4
148000,24.344,24.4
148100,24.344,24.4
148200,24.344,24.4
148300,24.344,24.4
148400,24.344,24.4
148500,24.344,24.4
148600,24.344,24.4
148700,24.344,24.4
148800,24.344,24.4
148900,24.344,24.4
149000,24.344,24.4
149100,24.344,24.4
149200,24.344,24.4
149300,24.344,24.4
149400,24.344,24.4
149500,24.344,24.4
149600,24.344,24.4
149700,24.344,24.4
149800,24.344,24.4
149900,24.344,24.4
150000,24.344,24.4
150100,24.344,24.4
150200,24.344,24.4
150300,24.344,24.4
150400,24.344,24.4
150500,24.344,24.4
150600,24.344,24.4
150700,24.344,24.4
150800,24.344,24.4
150900,24.344,24.4
151000,24.344,24.4
151100,24.344,24.4
151200,24.344,24.4
151300,24.344,24.4
151400,24.344,24.4
151500,24.344,24.4
151600,24.344,24.4
151700,24.344,24.4
151800,24.344,24.4
151900,24.344,24.4
152000,24.344,24.4
152100,24.344,24.4
152200,24.344,24.4
152300,24.344,24.4
152400,24.344,24.4
152500,24.344,24.4
152600,24.344,24.4
152700,24.344,24.4
152800,24.344,24.4
152900,24.344,24.4
153000,24.344,24.4
153100,24.344,24.4
153200,24.344,24.4
153300,24.344,24.4
153400,24.344,24.4
153500,24.344,24.4
153600,24.344,24.4
153700,24.344,24.4
153800,24.344,24.4
153900,24.344,24.4
154000,24.344,24.4
154100,24.344,24.4
154200,24.344,24.4
154300,24.344,24.4
154400,24.344,24.4
154500,24.344,24.4
154600,24.344,24.4
154700,24.344,24.4
154800,24.344,24.4
154900,24.344,24.4
155000,24.344,24.4
155100,24.344,24.4
155200,24.344,24.4
155300,23.863999999999997,24.4
155400,23.863999999999997,24.4
155500,23.863999999999997,24.4
155600,23.863999999999997,24.4
155700,23.863999999999997,24.4
155800,23.863999999999997,24.4
155900,23.863999999999997,24.4
156000,23.863999999999997,24.4
156100,23.863999999999997,24.4
156200,23.863999999999997,24.4
156300,23.863999999999997,24.4
156400,23.863999999999997,24.4
156500,23.688,24.4
156600,23.688,24.4
156700,23.688,24.4
156800,23.688,24.4
156900,23.688,24.4
157000,23.688,24.4
157100,23.688,24.4
157200,23.688,24.4
157300,23.688,24.4
157400,23.688,24.4
157500,23.688,24.4
157600,23.688,24.4
157700,23.688,24.4
157800,23.688,24.4
157900,23.688,24.4
158000,23.528,24.4
158100,23.528,24.4
158200,23.528,24.4
158300,23.528,24.4
158400,23.528,24.4
158500,23.528,24.4
158600,23.528,24.4
158700,23.528,24.4
158800,23.528,24.4
158900,23.528,24.4
159000,23.528,24.4
159100,23.528,24.4
159200,23.528,24.4
159300,23.528,24.4
159400,23.528,24.4
159500,23.528,24.4
159600,23.528,24.4
159700,23.528,24.4
159800,23.528,24.4
159900,23.528,24.4
160000,23.528,24.4
160100,23.528,24.4
160200,23.528,24.4
160300,23.528,24.4
160400,23.528,24.4
160500,23.528,24.4
160600,23.528,24.4
160700,23.528,24.4
160800,23.528,24.4
160900,23.528,24.4
161000,23.528,24.4
161100,23.528,24.4
161200,23.528,24.4
161300,23.528,24.4
161400,23.528,24.4
161500,23.528,24.4
161600,23.528,24.4
161700,23.528,24.4
161800,23.528,24.4
161900,23.528,24.4
162000,23.528,24.4
162100,23.528,24.4
162200,23.528,24.4
162300,23.52,24.4
162400,23.52,24.4
162500,23.52,24.4
162600,23.52,24.4
162700,23.52,24.4
162800,23.52,24.4
162900,23.52,24.4
163000,23.52,24.4
163100,23.52,24.4
163200,23.52,24.4
163300,23.52,24.4
163400,23.52,24.4
163500,23.52,24.4
163600,23.52,24.4
163700,23.52,24.4
163800,23.52,24.4
163900,23.52,24.4
164000,23.52,24.4
164100,23.52,24.4
164200,23.52,24.4
164300,23.52,24.4
164400,23.52,24.4
164500,23.52,24.4
164600,23.52,24.4
164700,23.52,24.4
164800,23.52,24.4
164900,23.52,24.4
165000,23.52,24.4
165100,23.52,24.4
165200,23.52,24.4
165300,23.52,24.4
165400,23.52,24.4
165500,23.52,24.4
165600,23.52,24.4
165700,23.52,24.4
165800,23.52,24.4
165900,23.52,24.4
166000,23.52,24.4
166100,23.52,24.4
166200,23.52,24.4
166300,23.52,24.4
166400,23.52,24.4
166500,23.52,24.4
166600,23.52,24.4
166700,23.52,24.4
166800,23.52,24.4
166900,23.52,24.4
167000,23.52,24.4
167100,23.52,24.4
167200,23.52,24.4
167300,23.52,24.4
167400,23.52,24.4
167500,23.52,24.4
167600,23.52,24.4
167700,23.52,24.4
167800,23.52,24.4
167900,23.52,24.4
168000,23.52,24.4
168100,23.52,24.4
168200,23.52,24.4
168300,23.52,24.4
168400,23.52,24.4
168500,23.52,24.4
168600,23.52,24.4
168700,23.52,24.4
168800,23.52,24.4
168900,23.52,24.4
169000,23.52,24.4
169100,23.52,24.4
169200,23.52,24.4
169300,23.52,24.4
169400,23.52,24.4
169500,23.52,24.4
169600,23.52,24.4
169700,23.52,24.4
169800,23.52,24.4
169900,23.52,24.4
170000,23.52,24.4
170100,23.52,24.4
170200,23.52,24.4
170300,23.52,24.4
170400,23.52,24.4
170500,23.52,24.4
170600,23.52,24.4
170700,23.52,24.4
170800,23.52,24.4
170900,23.52,24.4
171000,23.52,24.4
171100,23.52,24.4
171200,23.52,24.4
171300,23.52,24.4
171400,23.52,24.4
171500,23.52,24.4
171600,23.52,24.4
171700,23.52,24.4
171800,23.52,24.4
171900,23.52,24.4
172000,23.52,24.4
172100,23.52,24.4
172200,23.52,24.4
172300,23.52,24.4
172400,23.52,24.4
172500,23.52,24.4
172600,23.52,24.4
172700,23.52,24.4
172800,23.52,24.4
172900,23.52,24.4
173000,23.52,24.4
173100,23.52,24.4
173200,23.52,24.4
173300,23.52,24.4
173400,23.52,24.4
173500,23.52,24.4
173600,23.52,24.4
173700,23.52,24.4
173800,23.52,24.4
173900,23.52,24.4
174000,23.52,24.4
174100,23.52,24.4
174200,23.52,24.4
174300,23.52,24.4
174400,23.52,24.4
174500,23.52,24.4
174600,23.52,24.4
174700,23.52,24.4
174800,23.52,24.4
174900,23.52,24.4
175000,23.52,24.4
175100,23.52,24.4
175200,23.52,24.4
175300,23.52,24.4
175400,23.52,24.4
175500,23.52,24.4
175600,23.52,24.4
175700,23.52,24.4
175800,23.52,24.4
175900,23.52,24.4
176000,23.52,24.4
176100,23.52,24.4
176200,23.52,24.4
176300,23.52,24.4
176400,23.52,24.4
176500,23.52,24.4
176600,23.52,24.4
176700,23.52,24.4
176800,23.52,24.4
176900,23.52,24.4
177000,23.52,24.4
177100,23.52,24.4
177200,23.52,24.4
177300,23.52,24.4
177400,23.52,24.4
177500,23.52,24.4
177600,23.52,24.4
177700,23.52,24.4
177800,23.52,24.4
177900,23.52,24.4
178000,23.52,24.4
178100,23.52,24.4
178200,23.52,24.4
178300,23.52,24.4
178400,23.52,24.4
178500,23.52,24.4
178600,23.52,24.4
178700,23.52,24.4
178800,23.52,24.4
178900,23.52,24.4
179000,23.52,24.4
179100,23.52,24.4
179200,23.52,24.4
179300,23.52,24.4
179400,23.52,24.4
179500,23.52,24.4
179600,23.52,24.4
179700,23.52,24.4
179800,23.52,24.4
179900,23.52,24.4
180000,23.52,24.4
180100,23.52,24.4
180200,23.52,24.4
180300,23.52,24.4
180400,23.52,24.4
180500,23.52,24.4
180600,23.52,24.4
180700,23.52,24.4
180800,23.52,24.4
180900,23.52,24.4
181000,23.52,24.4
181100,23.52,24.4
181200,23.52,24.4
181300,23.52,24.4
181400,23.52,24.4
181500,23.52,24.4
181600,23.52,24.4
181700,23.52,24.4
181800,23.52,24.4
181900,23.52,24.4
182000,23.52,24.4
182100,23.52,24.4
182200,23.52,24.4
182300,23.52,24.4
182400,23.52,24.4
182500,23.52,24.4
182600,23.52,24.4
182700,23.52,24.4
182800,23.52,24.4
182900,23.52,24.4
183000,23.52,24.4
183100,23.52,24.4
183200,23.52,24.4
183300,23.52,24.4
183400,23.52,24.4
183500,23.52,24.4
183600,23.52,24.4
183700,23.52,24.4
183800,23.52,24.4
183900,23.52,24.4
184000,23.52,24.4
184100,23.52,24.4
184200,23.52,24.4
184300,23.52,24.4
184400,23.52,24.4
184500,23.52,24.4
184600,23.52,24.4
184700,23.52,24.4
184800,23.52,24.4
184900,23.52,24.4
185000,23.52,24.4
185100,23.52,24.4
185200,23.52,24.4
185300,23.52,24.4
185400,23.52,24.4
185500,23.52,24.4
185600,23.52,24.4
185700,23.52,24.4
185800,23.52,24.4
185900,23.52,24.4
186000,23.52,24.4
186100,23.52,24.4
186200,23.52,24.4
186300,23.52,24.4
186400,23.52,24.4
186500,23.52,24.4
186600,23.52,24.4
186700,23.52,24.4
186800,23.52,24.4
186900,23.52,24.4
187000,23.52,24.4
187100,23.52,24.4
187200,23.52,24.4
187300,23.52,24.4
187400,23.52,24.4
187500,23.52,24.4
187600,23.52,24.4
187700,23.52,24.4
187800,23.52,24.4
187900,23.52,24.4
188000,23.52,24.4
188100,23.52,24.4
188200,23.52,24.4
188300,23.52,24.4
188400,23.52,24.4
188500,23.52,24.4
188600,23.52,24.4
188700,23.52,24.4
188800,23.52,24.4
188900,23.52,24.4
189000,23.52,24.4
189100,23.52,24.4
189200,23.52,24.4
189300,23.52,24.4
189400,23.52,24.4
189500,23.52,24.4
189600,23.52,24.4
189700,23.52,24.4
189800,23.52,24.4
189900,23.52,24.4
190000,23.52,24.4
190100,23.52,24.4
190200,23.52,24.4
190300,23.52,24.4
190400,23.52,24.4
190500,23.52,24.4
190600,23.52,24.4
190700,23.52,24.4
190800,23.52,24.4
190900,23.52,24.4
191000,23.52,24.4
191100,23.52,24.4
191200,23.52,24.4
191300,23.52,24.4
191400,23.52,24.4
191500,23.52,24.4
191600,23.52,24.4
191700,23.52,24.4
191800,23.52,24.4
191900,23.52,24.4
192000,23.52,24.4
192100,23.52,24.4
192200,23.52,24.4
192300,23.52,24.4
192400,23.52,24.4
192500,23.52,24.4
192600,23.52,24.4
192700,23.52,24.4
192800,23.52,24.4
192900,23.52,24.4
193000,23.52,24.4
193100,23.52,24.4
193200,23.52,24.4
193300,23.52,24.4
193400,23.52,24.4
193500,23.52,24.4
193600,23.52,24.4
193700,23.52,24.4
193800,23.52,24.4
193900,23.52,24.4
194000,23.256,24.4
194100,23.256,24.4
194200,23.256,24.4
194300,23.256,24.4
194400,23.256,24.4
194500,23.256,24.4
194600,23.256,24.4
194700,23.256,24.4
194800,23.256,24.4
194900,23.256,24.4
195000,23.256,24.4
195100,23.256,24.4
195200,23.256,24.4
195300,23.256,24.4
195400,23.256,24.4
195500,23.256,24.4
195600,23.256,24.4
195700,23.256,24.4
195800,23.256,24.4
195900,23.256,24.4
196000,23.256,24.4
196100,23.256,24.4
196200,23.256,24.4
196300,23.256,24.4
196400,23.256,24.4
196500,23.256,24.4
196600,23.256,24.4
196700,23.256,24.4
196800,23.256,24.4
196900,23.256,24.4
197000,23.256,24.4
197100,23.256,24.4
197200,23.256,24.4
197300,23.256,24.4
197400,23.256,24.4
197500,23.256,24.4
197600,23.256,24.4
197700,23.256,24.4
197800,23.256,24.4
197900,23.256,24.4
198000,23.256,24.4
198100,23.256,24.4
198200,23.256,24.4
198300,23.256,24.4
198400,23.256,24.4
198500,23.256,24.4
198600,23.256,24.4
198700,23.256,24.4
198800,23.256,24.4
198900,23.256,24.4
199000,23.256,24.4
199100,23.256,24.4
199200,23.256,24.4
199300,23.256,24.4
199400,23.256,24.4
199500,23.256,24.4
199600,23.256,24.4
199700,23.256,24.4
199800,23.256,24.4
199900,23.256,24.4
199999,23.256,24.4

START ALGORITHM
h4: (a41 + a54 + a31 + a41 + a52 + a35 - a13 - a12 - a22 - a12 - a13) * (-b45)
h7: (a24 - a11 - a45) * (-b13 - b23)
h9: (a43 + a31 + a12 + a51 + a54 - a33 - a52 - a42 - a22 - a44 - a35) * (b15 + b45 + b23 + b51 - b31)
h17: (a13 + a21 - a51) * (b14)
h23: (a53 + a45) * (-b41)
h44: (a33 + a52 + a13 + a54 + a51 - a51 - a12) * (b31)
h51: (-a24 - a11) * (b53)
h54: (a55 + a41 + a24 + a33 + a44 - a21 - a33 - a23 - a25 - a51) * (b31 + b34)
h57: (a24 + a22 - a35) * (-b45 - b21)
h59: (a33 - a22) * (b55 + b35 + b34 - b21 - b23)
h60: (a12 + a23 + a25 + a25 - a31 - a24 - a45 - a11) * (b52)
h66: (a32 + a31 + a31 - a53 - a21 - a32) * (-b53 - b52)
h68: (a52 - a32 - a43) * (b55 + b34)
h71: (a45 + a42 + a35 + a23 + a13 + a44 + a55 - a34) * (b35)
h72: (a22 - a11 - a32) * (b33 - b53 - b45 - b31)
h86: (a55 + a31 + a25 + a41 + a44 + a23 + a52 - a21 - a51 - a23 - a11 - a22 - a52 - a42 - a54 - a35 - a22 - a44 - a43 - a13 - a33) * (-b55)
h92: (a32) * (-b13)
h95: (a53 + a13 + a34 - a23 - a44 - a33 - a51 - a25) * (b22 - b51)
h99: (a54 + a34 + a21 - a21) * (b35 + b23)
h108: (a41 + a24 + a42 + a31 - a25 - a35 - a53 - a11 - a34 - a45 - a44) * (b14)
h111: (a12 + a55 + a33 + a41 - a45 - a33 - a54) * (-b54 - b44)
h112: (a15 - a51 - a53 - a15) * (-b24)
h116: (a44 + a25 + a52 + a25 - a11 - a55 - a43) * (-b53 - b35)
h120: (a42 + a34 + a31 + a24 - a31 - a54 - a43 - a32 - a53) * (b33 + b51 - b43)
h124: (a12 + a31 - a33 - a35) * (b45 - b22)
h151: (a52 + a54 + a31 + a42 - a45 - a24 - a13) * (b42 + b52 + b34 - b31)
h179: (a53 - a54 - a12 - a41 - a22) * (b41 - b25)
h181: (a33 - a41) * (-b25)
h185: (-a42 - a23 - a25) * (b23 + b34 + b35 - b44)
h208: (a24 - a34 - a25 - a13 - a52 - a55) * (b15 - b13)
h212: (a24 + a42 - a52 - a32) * (b15 + b31 + b15 + b14 + b23 - b22 - b53 - b35 - b31)
h218: (a23 + a55 + a11 + a31 + a33 - a34 - a52 - a13) * (b45 + b43)
h226: (a41 + a52 - a54 - a34 - a23) * (b44 + b23)
h231: (a14 - a53 - a44) * (b31 + b33 + b35 - b13)
h238: (a43 - a44 - a43 - a15) * (b14 + b23 + b45 - b23 - b33 - b11 - b31 - b42 - b41)
h323: (a52 - a55) * (b12 + b42 + b31 + b11 - b25)
h374: (a22 + a34 + a45 - a12) * (b24 + b33)
h398: (a24 + a35 + a32 + a24 - a45 - a35 - a33 - a24 - a21 - a35) * (-b22 - b14)
h401: (a12 + a25 + a55 + a44 - a43) * (b51 - b15 - b15)
h427: (a43 + a35 + a44 - a22 - a12 - a41 - a33 - a23 - a52 - a12 - a52 - a51 - a23 - a35 - a14 - a11 - a21 - a24 - a43) * (b52 - b13)
h452: (a15 + a32 + a32 - a13) * (-b45)
h1912: (a14 + a41 + a34 + a12 + a45 + a53 + a15 - a41 - a54 - a25 - a12 - a11 - a34 - a53) * (b25 + b44 - b24 - b54 - b33)
h2497: (a44 + a22 + a21 - a24 - a42 - a51) * (b53 - b14)
h2912: (a52 + a25 + a24 + a22 + a42 + a42 - a51 - a52) * (-b32 - b12 - b32)
h4634: (a33 - a42) * (b21)
h6037: (a22 + a24 + a54 + a42 + a55 + a51 + a34 + a25 - a33 - a11 - a33 - a21 - a13 - a11) * (b35)
h6242: (a31 + a42 - a54 - a54) * (-b21)
h6594: (a34 + a24 + a23 - a25 - a54) * (-b12)
h7375: (a13 + a15 + a53 + a55 + a13 - a12 - a14) * (-b32)
h14352: (a35 - a23) * (b54 + b15 - b33)
h19698: (a42 + a35 + a23 + a25 + a25 - a22 - a31 - a45) * (b44 + b44 + b33 + b52)
h39052: (a22 + a34 + a34 + a44 + a52 - a45 - a25) * (b54 - b52 - b42)
c11: h401 - h54 
c12: h23 + h39052 - h7 
c13: h108 - h51 
c14: h92 - h398 - h2497 
c15: h179 + h2912 
c21: h17 + h66 + h72 - h99 - h238 
c22: h23 - h120 - h212 
c23: h116 + h51 + h19698 
c24: h92 - h6594 
c25: h95 + h86 + h4634 - h71 
c31: h99 
c32: h66 + h116 + h218 
c33: h112 + h68 + h116 + h111 + h208 
c34: h7 + h1912 - h108 - h116 - h6242 
c35: h108 + h179 + h7 
c41: h14352 - h44 
c42: h226 - h179 
c43: h66 
c44: h60 + h427 - h7375 
c45: h9 + h120 + h185 - h181 
c51: h120 + h6037 
c52: h112 + h59 + h231 - h9 
c53: h116 - h452 
c54: h4 + h124 + h151 + h7 - h323 
c55: h57 - h374 
