0,161.98399999999998,25
100,142.56,24.8
200,114.296,24.8
300,100.68799999999999,24.8
400,89.11200000000001,24.8
500,86.912,24.8
600,75.792,25
700,70.584,25
800,67.856,25
900,65.808,25
1000,62.25599999999999,24.8
1100,58.616,24.8
1200,57.16799999999999,24.6
1300,54.872,24.6
1400,52.848,24.6
1500,48.72,24.4
1600,46.968,24.4
1700,45.752,24.4
1800,42.912000000000006,24.4
1900,41.464,24.4
2000,39.712,24.4
2100,39.36,24.4
2200,36.888,24.4
2300,35.744,24.4
2400,34.544,24.4
2500,34.384,24.4
2600,33.952,24.4
2700,32.24,24.4
2800,31.736,24.4
2900,31.544,24.4
3000,30.8,24.2
3100,30.216,24.2
3200,30.144,24.2
3300,29.784,24.2
3400,28.272,24.2
3500,27.088,24.2
3600,26.352000000000004,24.2
3700,26.2,24.2
3800,25.944,24
3900,25.944,24
4000,24.743999999999996,24
4100,24.743999999999996,24
4200,24.311999999999998,24.2
4300,24.296,24.2
4400,24.096000000000004,24.2
4500,24.064,24.2
4600,24.000000000000004,24.2
4700,23.424,24.4
4800,23.016000000000002,24.6
4900,22.928,24.6
5000,22.327999999999996,24.6
5100,21.880000000000003,24.6
5200,21.768,24.6
5300,21.624000000000002,24.6
5400,21.504,24.6
5500,21.504,24.6
5600,21.504,24.6
5700,21.504,24.6
5800,21.151999999999997,24.6
5900,20.736,24.6
6000,20.144,24.6
6100,19.872000000000003,24.6
6200,19.872000000000003,24.6
6300,19.528,24.6
6400,19.528,24.6
6500,19.432,24.6
6600,19.432,24.6
6700,19.344,24.4
6800,19.103999999999996,24.2
6900,19.103999999999996,24.2
7000,19.103999999999996,24.2
7100,19.103999999999996,24.2
7200,18.48,24.2
7300,18.344,24.2
7400,18.152,24.2
7500,18.152,24.2
7600,18.04,24.2
7700,17.992,24.2
7800,17.992,24.2
7900,17.767999999999997,24.2
8000,17.767999999999997,24.2
8100,17.767999999999997,24.2
8200,17.767999999999997,24.2
8300,17.767999999999997,24.2
8400,17.767999999999997,24.2
8500,17.648000000000003,24.2
8600,17.088,24.4
8700,17.056,24.4
8800,17.056,24.4
8900,16.855999999999998,24.4
9000,16.855999999999998,24.4
9100,16.855999999999998,24.4
9200,16.855999999999998,24.4
9300,16.68,24.4
9400,16.68,24.4
9500,16.616,24.4
9600,16.448,24.6
9700,16.448,24.6
9800,16.448,24.6
9900,16.424,24.6
10000,16.424,24.6
10100,16.184,24.6
10200,16.056,24.6
10300,16.056,24.6
10400,16.056,24.6
10500,16.056,24.6
10600,15.888000000000002,24.6
10700,15.888000000000002,24.6
10800,15.464000000000002,24.6
10900,15.440000000000001,24.6
11000,15.351999999999999,24.6
11100,15.351999999999999,24.6
11200,15.351999999999999,24.6
11300,15.175999999999998,24.4
11400,14.776,24.2
11500,14.776,24.2
11600,14.776,24.2
11700,14.776,24.2
11800,14.752,24.2
11900,14.752,24.2
12000,14.696000000000002,24.2
12100,14.696000000000002,24.2
12200,14.696000000000002,24.2
12300,14.696000000000002,24.2
12400,14.696000000000002,24.2
12500,14.696000000000002,24.2
12600,14.696000000000002,24.2
12700,14.344,24.2
12800,14.319999999999999,24.4
12900,14.319999999999999,24.4
13000,14.304000000000002,24.4
13100,14.144,24.4
13200,14.144,24.4
13300,13.984,24.4
13400,13.984,24.4
13500,13.368,24.4
13600,13.344,24.4
13700,13.344,24.4
13800,13.128,24.4
13900,12.968,24.2
14000,12.951999999999998,24.2
14100,12.951999999999998,24.2
14200,12.951999999999998,24.2
14300,12.943999999999999,24.2
14400,12.943999999999999,24.2
14500,12.943999999999999,24.2
14600,12.943999999999999,24.2
14700,12.919999999999998,24.2
14800,12.919999999999998,24.2
14900,12.919999999999998,24.2
15000,12.919999999999998,24.2
15100,12.88,24.2
15200,12.88,24.2
15300,12.88,24.2
15400,12.88,24.2
15500,12.88,24.2
15600,12.88,24.2
15700,12.88,24.2
15800,12.88,24.2
15900,12.76,24.2
16000,12.76,24.2
16100,12.76,24.2
16200,12.76,24.2
16300,12.76,24.2
16400,12.76,24.2
16500,12.592,24
16600,12.592,24
16700,12.511999999999999,23.8
16800,12.511999999999999,23.8
16900,12.511999999999999,23.8
17000,12.511999999999999,23.8
17100,12.511999999999999,23.8
17200,12.511999999999999,23.8
17300,12.511999999999999,23.8
17400,12.511999999999999,23.8
17500,12.511999999999999,23.8
17600,12.511999999999999,23.8
17700,12.511999999999999,23.8
17800,12.511999999999999,23.8
17900,12.511999999999999,23.8
18000,12.424000000000001,23.8
18100,12.408000000000001,23.8
18200,12.408000000000001,23.8
18300,12.248000000000001,23.8
18400,12.176,23.8
18500,12.175999999999998,23.8
18600,12.175999999999998,23.8
18700,12.175999999999998,23.8
18800,11.952000000000002,23.8
18900,11.952000000000002,23.8
19000,11.952000000000002,23.8
19100,11.927999999999999,23.8
19200,11.927999999999999,23.8
19300,11.927999999999999,23.8
19400,11.912,23.8
19500,11.912,23.8
19600,11.912,23.8
19700,11.912,23.8
19800,11.912,23.8
19900,11.912,23.8
20000,11.912,23.8
20100,11.872,23.8
20200,11.872,23.8
20300,11.872,23.8
20400,11.872,23.8
20500,11.808000000000002,23.8
20600,11.808000000000002,23.8
20700,11.808000000000002,23.8
20800,11.808000000000002,23.8
20900,11.808000000000002,23.8
21000,11.808000000000002,23.8
21100,11.808000000000002,23.8
21200,11.808000000000002,23.8
21300,11.76,23.8
21400,11.76,23.8
21500,11.76,23.8
21600,11.76,23.8
21700,11.76,23.8
21800,11.76,23.8
21900,11.607999999999999,23.8
22000,11.607999999999999,23.8
22100,11.607999999999999,23.8
22200,11.559999999999999,23.8
22300,11.512,23.8
22400,11.512,23.8
22500,11.512,23.8
22600,11.512,23.8
22700,11.511999999999999,23.8
22800,11.511999999999999,23.8
22900,11.496,24
23000,11.496,24
23100,11.496,24
23200,11.496,24
23300,11.496,24
23400,11.496,24
23500,11.312000000000001,24
23600,11.312000000000001,24
23700,11.312000000000001,24
23800,11.312000000000001,24
23900,11.312000000000001,24
24000,11.312000000000001,24
24100,11.312000000000001,24
24200,11.312000000000001,24
24300,11.312000000000001,24
24400,11.312000000000001,24
24500,11.312000000000001,24
24600,11.312000000000001,24
24700,11.312000000000001,24
24800,11.312000000000001,24
24900,11.312000000000001,24
25000,10.959999999999999,24
25100,10.832000000000003,24
25200,10.832000000000003,24
25300,10.832000000000003,24
25400,10.832000000000003,24
25500,10.832000000000003,24
25600,10.832000000000003,24
25700,10.832000000000003,24
25800,10.76,24
25900,10.76,24
26000,10.76,24
26100,10.76,24
26200,10.76,24
26300,10.584,23.8
26400,10.584,23.8
26500,10.536,23.8
26600,10.536,23.8
26700,10.504,23.8
26800,10.344,23.6
26900,10.064,23.4
27000,10.064,23.4
27100,9.919999999999998,23.4
27200,9.919999999999998,23.4
27300,9.832,23.4
27400,9.680000000000001,23.4
27500,9.672,23.4
27600,9.672,23.4
27700,9.672,23.4
27800,9.632,23.4
27900,9.447999999999999,23.4
28000,9.447999999999999,23.4
28100,9.447999999999999,23.4
28200,9.352,23.4
28300,9.352,23.4
28400,9.352,23.4
28500,9.248,23.4
28600,9.248,23.4
28700,9.223999999999998,23.4
28800,9.223999999999998,23.4
28900,9.223999999999998,23.4
29000,9.223999999999998,23.4
29100,9.223999999999998,23.4
29200,9.088,23.4
29300,9.088,23.4
29400,9.088,23.4
29500,9.088,23.4
29600,9.088,23.4
29700,9.088,23.4
29800,9.088,23.4
29900,8.975999999999999,23.4
30000,8.975999999999999,23.4
30100,8.879999999999999,23.4
30200,8.832,23.4
30300,8.832,23.4
30400,8.832,23.4
30500,8.832,23.4
30600,8.751999999999999,23.4
30700,8.751999999999999,23.4
30800,8.639999999999999,23.4
30900,8.639999999999999,23.4
31000,8.632,23.4
31100,8.632,23.4
31200,8.632,23.4
31300,8.6,23.4
31400,8.6,23.4
31500,8.6,23.4
31600,8.576,23.4
31700,8.576,23.4
31800,8.576,23.4
31900,8.576,23.4
32000,8.576,23.4
32100,8.576,23.4
32200,8.576,23.4
32300,8.576,23.4
32400,8.576,23.4
32500,8.576,23.4
32600,8.576,23.4
32700,8.576,23.4
32800,8.544,23.4
32900,8.544,23.4
33000,8.544,23.4
33100,8.544,23.4
33200,8.544,23.4
33300,8.544,23.4
33400,8.544,23.4
33500,8.544,23.4
33600,8.544,23.4
33700,8.544,23.4
33800,8.544,23.4
33900,8.544,23.4
34000,8.544,23.4
34100,8.392,23.4
34200,8.392,23.4
34300,8.312000000000001,23.6
34400,8.312000000000001,23.6
34500,8.312000000000001,23.6
34600,8.312000000000001,23.6
34700,8.312000000000001,23.6
34800,8.312000000000001,23.6
34900,8.312000000000001,23.6
35000,8.223999999999998,23.6
35100,8.223999999999998,23.6
35200,8.223999999999998,23.6
35300,8.223999999999998,23.6
35400,8.223999999999998,23.6
35500,8.208,23.6
35600,8.208,23.6
35700,8.208,23.6
35800,8.208,23.6
35900,8.208,23.6
36000,8.208,23.6
36100,8.184,23.6
36200,8.184,23.6
36300,8.184,23.6
36400,8.184,23.6
36500,8.184,23.6
36600,8.184,23.6
36700,8.184,23.6
36800,8.184,23.6
36900,8.184,23.6
37000,8.184,23.6
37100,8.184,23.6
37200,8.184,23.6
37300,8.184,23.6
37400,8.184,23.6
37500,8.184,23.6
37600,8.184,23.6
37700,8.184,23.6
37800,8.184,23.6
37900,8.184,23.6
38000,8.184,23.6
38100,8.184,23.6
38200,8.120000000000001,23.6
38300,8.120000000000001,23.6
38400,8.120000000000001,23.6
38500,8.120000000000001,23.6
38600,8.120000000000001,23.6
38700,8.120000000000001,23.6
38800,8.120000000000001,23.6
38900,8.120000000000001,23.6
39000,8.120000000000001,23.6
39100,8.120000000000001,23.6
39200,8.120000000000001,23.6
39300,8.096,23.6
39400,8.096,23.6
39500,8.096,23.6
39600,8.096,23.6
39700,8.096,23.6
39800,8.096,23.6
39900,8.024,23.4
40000,8.024,23.4
40100,8.024,23.4
40200,8.024,23.4
40300,8.024,23.4
40400,7.975999999999999,23.4
40500,7.975999999999999,23.4
40600,7.975999999999999,23.4
40700,7.975999999999999,23.4
40800,7.975999999999999,23.4
40900,7.975999999999999,23.4
41000,7.975999999999999,23.4
41100,7.975999999999999,23.4
41200,7.975999999999999,23.4
41300,7.824,23.4
41400,7.824,23.4
41500,7.824,23.4
41600,7.824,23.4
41700,7.544,23
41800,7.544,23
41900,7.544,23
42000,7.544,23
42100,7.544,23
42200,7.544,23
42300,7.544,23
42400,7.5280000000000005,23
42500,7.5280000000000005,23
42600,7.5280000000000005,23
42700,7.5280000000000005,23
42800,7.5280000000000005,23
42900,7.5280000000000005,23
43000,7.5280000000000005,23
43100,7.5280000000000005,23
43200,7.5280000000000005,23
43300,7.504,23
43400,7.4319999999999995,23
43500,7.4319999999999995,23
43600,7.4319999999999995,23
43700,7.4319999999999995,23
43800,7.4319999999999995,23
43900,7.4319999999999995,23
44000,7.4319999999999995,23
44100,7.392,23.4
44200,7.392,23.4
44300,7.392,23.4
44400,7.392,23.4
44500,7.392,23.4
44600,7.392,23.4
44700,7.392,23.4
44800,7.392,23.4
44900,7.392,23.4
45000,7.392,23.4
45100,7.392,23.4
45200,7.392,23.4
45300,7.392,23.4
45400,7.392,23.4
45500,7.392,23.4
45600,7.392,23.4
45700,7.392,23.4
45800,7.392,23.4
45900,7.392,23.4
46000,7.392,23.4
46100,7.32,23.4
46200,7.32,23.4
46300,7.32,23.4
46400,7.32,23.4
46500,7.304,23.4
46600,7.304,23.4
46700,7.304,23.4
46800,7.272,23.4
46900,7.208,23.2
47000,7.208,23.2
47100,7.208,23.2
47200,7.208,23.2
47300,7.208,23.2
47400,7.208,23.2
47500,7.192,23
47600,7.192,23
47700,7.192,23
47800,7.087999999999999,23
47900,7.087999999999999,23
48000,7.087999999999999,23
48100,7.087999999999999,23
48200,7.072,23
48300,7.072,23
48400,7.072,23
48500,7.072,23
48600,7.072,23
48700,6.984,23
48800,6.960000000000001,23
48900,6.960000000000001,23
49000,6.960000000000001,23
49100,6.960000000000001,23
49200,6.960000000000001,23
49300,6.960000000000001,23
49400,6.960000000000001,23
49500,6.960000000000001,23
49600,6.960000000000001,23
49700,6.960000000000001,23
49800,6.960000000000001,23
49900,6.960000000000001,23
50000,6.960000000000001,23
50100,6.960000000000001,23
50200,6.960000000000001,23
50300,6.960000000000001,23
50400,6.960000000000001,23
50500,6.960000000000001,23
50600,6.952,23
50700,6.952,23
50800,6.944,23
50900,6.944,23
51000,6.944,23
51100,6.944,23
51200,6.944,23
51300,6.944,23
51400,6.944,23
51500,6.944,23
51600,6.944,23
51700,6.944,23
51800,6.944,23
51900,6.944,23
52000,6.760000000000001,23
52100,6.760000000000001,23
52200,6.760000000000001,23
52300,6.760000000000001,23
52400,6.760000000000001,23
52500,6.760000000000001,23
52600,6.760000000000001,23
52700,6.760000000000001,23
52800,6.760000000000001,23
52900,6.760000000000001,23
53000,6.760000000000001,23
53100,6.760000000000001,23
53200,6.736,23
53300,6.736,23
53400,6.736,23
53500,6.736,23
53600,6.712000000000001,22.8
53700,6.712000000000001,22.8
53800,6.664,22.8
53900,6.664,22.8
54000,6.664,22.8
54100,6.664,22.8
54200,6.664,22.8
54300,6.664,22.8
54400,6.664,22.8
54500,6.664,22.8
54600,6.664,22.8
54700,6.664,22.8
54800,6.664,22.8
54900,6.664,22.8
55000,6.664,22.8
55100,6.664,22.8
55200,6.664,22.8
55300,6.664,22.8
55400,6.664,22.8
55500,6.664,22.8
55600,6.664,22.8
55700,6.664,22.8
55800,6.664,22.8
55900,6.664,22.8
56000,6.4719999999999995,22.8
56100,6.4719999999999995,22.8
56200,6.296000000000001,22.8
56300,6.296000000000001,22.8
56400,6.296000000000001,22.8
56500,6.296000000000001,22.8
56600,6.296000000000001,22.8
56700,6.296000000000001,22.8
56800,6.296000000000001,22.8
56900,6.296000000000001,22.8
57000,6.296000000000001,22.8
57100,6.296000000000001,22.8
57200,6.296000000000001,22.8
57300,6.296000000000001,22.8
57400,6.296000000000001,22.8
57500,6.296000000000001,22.8
57600,6.296000000000001,22.8
57700,6.208,22.8
57800,6.208,22.8
57900,6.208,22.8
58000,6.176,22.8
58100,6.176,22.8
58200,6.176,22.8
58300,6.151999999999999,22.8
58400,6.151999999999999,22.8
58500,6.151999999999999,22.8
58600,6.151999999999999,22.8
58700,6.151999999999999,22.8
58800,6.151999999999999,22.8
58900,6.151999999999999,22.8
59000,6.151999999999999,22.8
59100,6.087999999999999,23
59200,6.087999999999999,23
59300,6.087999999999999,23
59400,6.087999999999999,23
59500,6.087999999999999,23
59600,6.08,23
59700,6.08,23
59800,6.08,23
59900,6.08,23
60000,6.08,23
60100,6.08,23
60200,6.08,23
60300,6.08,23
60400,6.08,23
60500,6.08,23
60600,6.08,23
60700,6.08,23
60800,6.08,23
60900,6.08,23
61000,6.08,23
61100,6.08,23
61200,6.08,23
61300,6.08,23
61400,6.08,23
61500,6.08,23
61600,6.08,23
61700,6.048,23
61800,6.048,23
61900,6.048,23
62000,6.048,23
62100,6.048,23
62200,6.048,23
62300,6.048,23
62400,6.048,23
62500,6.048,23
62600,6.048,23
62700,6.048,23
62800,6.048,23
62900,6.048,23
63000,6.048,23
63100,6.024,23
63200,6.024,23
63300,6.024,23
63400,6.024,23
63500,6.024,23
63600,6.024,23
63700,5.999999999999999,23
63800,5.999999999999999,23
63900,5.999999999999999,23
64000,5.999999999999999,23
64100,5.999999999999999,23
64200,5.999999999999999,23
64300,5.999999999999999,23
64400,5.999999999999999,23
64500,5.999999999999999,23
64600,5.999999999999999,23
64700,5.999999999999999,23
64800,5.999999999999999,23
64900,5.999999999999999,23
65000,5.999999999999999,23
65100,5.999999999999999,23
65200,5.999999999999999,23
65300,5.999999999999999,23
65400,5.999999999999999,23
65500,5.999999999999999,23
65600,5.999999999999999,23
65700,5.999999999999999,23
65800,5.999999999999999,23
65900,5.999999999999999,23
66000,5.999999999999999,23
66100,5.999999999999999,23
66200,5.999999999999999,23
66300,5.999999999999999,23
66400,5.999999999999999,23
66500,5.999999999999999,23
66600,5.999999999999999,23
66700,5.999999999999999,23
66800,5.912000000000001,23
66900,5.912000000000001,23
67000,5.912000000000001,23
67100,5.912000000000001,23
67200,5.912000000000001,23
67300,5.912000000000001,23
67400,5.912000000000001,23
67500,5.912000000000001,23
67600,5.912000000000001,23
67700,5.912000000000001,23
67800,5.912000000000001,23
67900,5.912000000000001,23
68000,5.912000000000001,23
68100,5.912000000000001,23
68200,5.912000000000001,23
68300,5.912000000000001,23
68400,5.912000000000001,23
68500,5.912000000000001,23
68600,5.912000000000001,23
68700,5.904,23
68800,5.904,23
68900,5.904,23
69000,5.904,23
69100,5.904,23
69200,5.904,23
69300,5.904,23
69400,5.904,23
69500,5.816,23
69600,5.816,23
69700,5.816,23
69800,5.816,23
69900,5.816,23
70000,5.816,23
70100,5.816,23
70200,5.816,23
70300,5.816,23
70400,5.816,23
70500,5.816,23
70600,5.816,23
70700,5.816,23
70800,5.816,23
70900,5.816,23
71000,5.816,23
71100,5.704,23.2
71200,5.704,23.2
71300,5.696,23
71400,5.696,23
71500,5.696,23
71600,5.696,23
71700,5.696,23
71800,5.696,23
71900,5.696,23
72000,5.696,23
72100,5.696,23
72200,5.696,23
72300,5.696,23
72400,5.696,23
72500,5.696,23
72600,5.696,23
72700,5.696,23
72800,5.696,23
72900,5.696,23
73000,5.696,23
73100,5.696,23
73200,5.696,23
73300,5.696,23
73400,5.696,23
73500,5.696,23
73600,5.696,23
73700,5.696,23
73800,5.696,23
73900,5.696,23
74000,5.696,23
74100,5.696,23
74200,5.696,23
74300,5.696,23
74400,5.696,23
74500,5.696,23
74600,5.696,23
74700,5.696,23
74800,5.696,23
74900,5.696,23
75000,5.696,23
75100,5.696,23
75200,5.696,23
75300,5.656000000000001,23
75400,5.656000000000001,23
75500,5.584,23
75600,5.584,23
75700,5.584,23
75800,5.584,23
75900,5.584,23
76000,5.584,23
76100,5.584,23
76200,5.584,23
76300,5.584,23
76400,5.584,23
76500,5.584,23
76600,5.584,23
76700,5.584,23
76800,5.584,23
76900,5.584,23
77000,5.584,23
77100,5.584,23
77200,5.584,23
77300,5.584,23
77400,5.5600000000000005,23
77500,5.5600000000000005,23
77600,5.5600000000000005,23
77700,5.5600000000000005,23
77800,5.5600000000000005,23
77900,5.5600000000000005,23
78000,5.5600000000000005,23
78100,5.5600000000000005,23
78200,5.5600000000000005,23
78300,5.5600000000000005,23
78400,5.5600000000000005,23
78500,5.5600000000000005,23
78600,5.5600000000000005,23
78700,5.5600000000000005,23
78800,5.5600000000000005,23
78900,5.5600000000000005,23
79000,5.5600000000000005,23
79100,5.4319999999999995,22.8
79200,5.4319999999999995,22.8
79300,5.4319999999999995,22.8
79400,5.4319999999999995,22.8
79500,5.4319999999999995,22.8
79600,5.4319999999999995,22.8
79700,5.4319999999999995,22.8
79800,5.4319999999999995,22.8
79900,5.4319999999999995,22.8
80000,5.4319999999999995,22.8
80100,5.4319999999999995,22.8
80200,5.368,23
80300,5.368,23
80400,5.368,23
80500,5.359999999999999,23.2
80600,5.359999999999999,23.2
80700,5.359999999999999,23.2
80800,5.359999999999999,23.2
80900,5.247999999999999,23
81000,5.247999999999999,23
81100,5.247999999999999,23
81200,5.247999999999999,23
81300,5.216,23
81400,5.216,23
81500,5.216,23
81600,5.216,23
81700,5.216,23
81800,5.216,23
81900,5.216,23
82000,5.216,23
82100,5.216,23
82200,5.216,23
82300,5.216,23
82400,5.216,23
82500,5.216,23
82600,5.216,23
82700,5.216,23
82800,5.216,23
82900,5.216,23
83000,5.216,23
83100,5.216,23
83200,5.216,23
83300,4.984,23
83400,4.984,23
83500,4.984,23
83600,4.984,23
83700,4.984,23
83800,4.984,23
83900,4.984,23
84000,4.984,23
84100,4.984,23
84200,4.984,23
84300,4.984,23
84400,4.984,23
84500,4.984,23
84600,4.984,23
84700,4.984,23
84800,4.984,23
84900,4.984,23
85000,4.984,23
85100,4.984,23
85200,4.944,23
85300,4.944,23
85400,4.944,23
85500,4.944,23
85600,4.944,23
85700,4.912,23
85800,4.912,23
85900,4.912,23
86000,4.912,23
86100,4.912,23
86200,4.912,23
86300,4.912,23
86400,4.912,23
86500,4.912,23
86600,4.912,23
86700,4.912,23
86800,4.912,23
86900,4.912,23
87000,4.912,23
87100,4.912,23
87200,4.912,23
87300,4.912,23
87400,4.912,23
87500,4.912,23
87600,4.912,23
87700,4.912,23
87800,4.912,23
87900,4.912,23
88000,4.912,23
88100,4.912,23
88200,4.912,23
88300,4.912,23
88400,4.912,23
88500,4.912,23
88600,4.912,23
88700,4.912,23
88800,4.912,23
88900,4.912,23
89000,4.912,23
89100,4.912,23
89200,4.912,23
89300,4.912,23
89400,4.912,23
89500,4.912,23
89600,4.912,23
89700,4.912,23
89800,4.912,23
89900,4.912,23
90000,4.736,23
90100,4.736,23
90200,4.736,23
90300,4.736,23
90400,4.736,23
90500,4.736,23
90600,4.736,23
90700,4.736,23
90800,4.736,23
90900,4.736,23
91000,4.736,23
91100,4.736,23
91200,4.736,23
91300,4.736,23
91400,4.736,23
91500,4.736,23
91600,4.736,23
91700,4.736,23
91800,4.736,23
91900,4.736,23
92000,4.736,23
92100,4.736,23
92200,4.736,23
92300,4.736,23
92400,4.736,23
92500,4.736,23
92600,4.736,23
92700,4.736,23
92800,4.728,22.8
92900,4.728,22.8
93000,4.704,22.8
93100,4.704,22.8
93200,4.704,22.8
93300,4.704,22.8
93400,4.704,22.8
93500,4.704,22.8
93600,4.704,22.8
93700,4.704,22.8
93800,4.704,22.8
93900,4.704,22.8
94000,4.704,22.8
94100,4.704,22.8
94200,4.704,22.8
94300,4.696,22.8
94400,4.696,22.8
94500,4.696,22.8
94600,4.696,22.8
94700,4.696,22.8
94800,4.696,22.8
94900,4.696,22.8
95000,4.696,22.8
95100,4.696,22.8
95200,4.696,22.8
95300,4.696,22.8
95400,4.696,22.8
95500,4.696,22.8
95600,4.696,22.8
95700,4.696,22.8
95800,4.696,22.8
95900,4.696,22.8
96000,4.696,22.8
96100,4.696,22.8
96200,4.696,22.8
96300,4.696,22.8
96400,4.696,22.8
96500,4.696,22.8
96600,4.696,22.8
96700,4.696,22.8
96800,4.696,22.8
96900,4.696,22.8
97000,4.696,22.8
97100,4.664,22.8
97200,4.664,22.8
97300,4.664,22.8
97400,4.664,22.8
97500,4.664,22.8
97600,4.664,22.8
97700,4.664,22.8
97800,4.664,22.8
97900,4.664,22.8
98000,4.664,22.8
98100,4.664,22.8
98200,4.664,22.8
98300,4.664,22.8
98400,4.664,22.8
98500,4.664,22.8
98600,4.640000000000001,22.8
98700,4.640000000000001,22.8
98800,4.640000000000001,22.8
98900,4.640000000000001,22.8
99000,4.640000000000001,22.8
99100,4.640000000000001,22.8
99200,4.640000000000001,22.8
99300,4.640000000000001,22.8
99400,4.640000000000001,22.8
99500,4.640000000000001,22.8
99600,4.640000000000001,22.8
99700,4.640000000000001,22.8
99800,4.640000000000001,22.8
99900,4.640000000000001,22.8
100000,4.640000000000001,22.8
100100,4.640000000000001,22.8
100200,4.640000000000001,22.8
100300,4.640000000000001,22.8
100400,4.640000000000001,22.8
100500,4.640000000000001,22.8
100600,4.640000000000001,22.8
100700,4.640000000000001,22.8
100800,4.640000000000001,22.8
100900,4.640000000000001,22.8
101000,4.624,22.8
101100,4.624,22.8
101200,4.624,22.8
101300,4.624,22.8
101400,4.624,22.8
101500,4.624,22.8
101600,4.624,22.8
101700,4.624,22.8
101800,4.624,22.8
101900,4.624,22.8
102000,4.624,22.8
102100,4.624,22.8
102200,4.624,22.8
102300,4.576,22.6
102400,4.576,22.6
102500,4.576,22.6
102600,4.552,22.4
102700,4.552,22.4
102800,4.552,22.4
102900,4.552,22.4
103000,4.552,22.4
103100,4.552,22.4
103200,4.536,22.4
103300,4.536,22.4
103400,4.536,22.4
103500,4.536,22.4
103600,4.536,22.4
103700,4.536,22.4
103800,4.536,22.4
103900,4.536,22.4
104000,4.536,22.4
104100,4.536,22.4
104200,4.536,22.4
104300,4.536,22.4
104400,4.536,22.4
104500,4.536,22.4
104600,4.536,22.4
104700,4.536,22.4
104800,4.536,22.4
104900,4.536,22.4
105000,4.536,22.4
105100,4.536,22.4
105200,4.5120000000000005,22.4
105300,4.5120000000000005,22.4
105400,4.5120000000000005,22.4
105500,4.5120000000000005,22.4
105600,4.5120000000000005,22.4
105700,4.5120000000000005,22.4
105800,4.5120000000000005,22.4
105900,4.5120000000000005,22.4
106000,4.5120000000000005,22.4
106100,4.5120000000000005,22.4
106200,4.5120000000000005,22.4
106300,4.5120000000000005,22.4
106400,4.5120000000000005,22.4
106500,4.5120000000000005,22.4
106600,4.5120000000000005,22.4
106700,4.5120000000000005,22.4
106800,4.5120000000000005,22.4
106900,4.5120000000000005,22.4
107000,4.5120000000000005,22.4
107100,4.5120000000000005,22.4
107200,4.5120000000000005,22.4
107300,4.5120000000000005,22.4
107400,4.5120000000000005,22.4
107500,4.5120000000000005,22.4
107600,4.5120000000000005,22.4
107700,4.5120000000000005,22.4
107800,4.5120000000000005,22.4
107900,4.5120000000000005,22.4
108000,4.5120000000000005,22.4
108100,4.5120000000000005,22.4
108200,4.5120000000000005,22.4
108300,4.5120000000000005,22.4
108400,4.5120000000000005,22.4
108500,4.5120000000000005,22.4
108600,4.5120000000000005,22.4
108700,4.5120000000000005,22.4
108800,4.5120000000000005,22.4
108900,4.5120000000000005,22.4
109000,4.5120000000000005,22.4
109100,4.496,22.6
109200,4.496,22.6
109300,4.496,22.6
109400,4.496,22.6
109500,4.496,22.6
109600,4.496,22.6
109700,4.496,22.6
109800,4.496,22.6
109900,4.496,22.6
110000,4.496,22.6
110100,4.496,22.6
110200,4.496,22.6
110300,4.496,22.6
110400,4.496,22.6
110500,4.496,22.6
110600,4.496,22.6
110700,4.496,22.6
110800,4.496,22.6
110900,4.496,22.6
111000,4.496,22.6
111100,4.496,22.6
111200,4.496,22.6
111300,4.496,22.6
111400,4.496,22.6
111500,4.496,22.6
111600,4.496,22.6
111700,4.496,22.6
111800,4.496,22.6
111900,4.496,22.6
112000,4.496,22.6
112100,4.496,22.6
112200,4.496,22.6
112300,4.496,22.6
112400,4.496,22.6
112500,4.496,22.6
112600,4.496,22.6
112700,4.4479999999999995,22.6
112800,4.4479999999999995,22.6
112900,4.4479999999999995,22.6
113000,4.4479999999999995,22.6
113100,4.4479999999999995,22.6
113200,4.4479999999999995,22.6
113300,4.4479999999999995,22.6
113400,4.4479999999999995,22.6
113500,4.4479999999999995,22.6
113600,4.4479999999999995,22.6
113700,4.4479999999999995,22.6
113800,4.4479999999999995,22.6
113900,4.4479999999999995,22.6
114000,4.4479999999999995,22.6
114100,4.4479999999999995,22.6
114200,4.4479999999999995,22.6
114300,4.4479999999999995,22.6
114400,4.4479999999999995,22.6
114500,4.32,22.6
114600,4.32,22.6
114700,4.32,22.6
114800,4.32,22.6
114900,4.296,22.6
115000,4.296,22.6
115100,4.296,22.6
115200,4.287999999999999,22.6
115300,4.287999999999999,22.6
115400,4.287999999999999,22.6
115500,4.287999999999999,22.6
115600,4.287999999999999,22.6
115700,4.287999999999999,22.6
115800,4.287999999999999,22.6
115900,4.287999999999999,22.6
116000,4.287999999999999,22.6
116100,4.287999999999999,22.6
116200,4.287999999999999,22.6
116300,4.287999999999999,22.6
116400,4.287999999999999,22.6
116500,4.287999999999999,22.6
116600,4.287999999999999,22.6
116700,4.287999999999999,22.6
116800,4.287999999999999,22.6
116900,4.287999999999999,22.6
117000,4.287999999999999,22.6
117100,4.287999999999999,22.6
117200,4.272,22.6
117300,4.272,22.6
117400,4.272,22.6
117500,4.272,22.6
117600,4.272,22.6
117700,4.272,22.6
117800,4.24,22.6
117900,4.24,22.6
118000,4.24,22.6
118100,4.24,22.6
118200,4.24,22.6
118300,4.24,22.6
118400,4.24,22.6
118500,4.208,22.4
118600,4.208,22.4
118700,4.208,22.4
118800,4.208,22.4
118900,4.208,22.4
119000,4.208,22.4
119100,4.208,22.4
119200,4.208,22.4
119300,4.208,22.4
119400,4.208,22.4
119500,4.191999999999999,22.4
119600,4.191999999999999,22.4
119700,4.191999999999999,22.4
119800,4.191999999999999,22.4
119900,4.191999999999999,22.4
120000,4.191999999999999,22.4
120100,4.191999999999999,22.4
120200,4.191999999999999,22.4
120300,4.191999999999999,22.4
120400,4.191999999999999,22.4
120500,4.191999999999999,22.4
120600,4.191999999999999,22.4
120700,4.191999999999999,22.4
120800,4.191999999999999,22.4
120900,4.191999999999999,22.4
121000,4.191999999999999,22.4
121100,4.191999999999999,22.4
121200,4.175999999999999,22.4
121300,4.175999999999999,22.4
121400,4.175999999999999,22.4
121500,4.175999999999999,22.4
121600,4.175999999999999,22.4
121700,4.175999999999999,22.4
121800,4.175999999999999,22.4
121900,4.175999999999999,22.4
122000,4.159999999999999,22.6
122100,4.159999999999999,22.6
122200,4.159999999999999,22.6
122300,4.144,22.6
122400,4.144,22.6
122500,4.144,22.6
122600,4.144,22.6
122700,4.144,22.6
122800,4.144,22.6
122900,4.128,22.6
123000,4.128,22.6
123100,4.128,22.6
123200,4.128,22.6
123300,4.128,22.6
123400,4.08,22.6
123500,4.08,22.6
123600,4.08,22.6
123700,4.08,22.6
123800,4.08,22.6
123900,4.08,22.6
124000,4.08,22.6
124100,4.08,22.6
124200,4.08,22.6
124300,4.08,22.6
124400,4.08,22.6
124500,4.08,22.6
124600,4.08,22.6
124700,4.08,22.6
124800,4.08,22.6
124900,4.08,22.6
125000,4.08,22.6
125100,4.08,22.6
125200,4.08,22.6
125300,4.08,22.6
125400,4.08,22.6
125500,4.08,22.6
125600,4.08,22.6
125700,4.08,22.6
125800,4.08,22.6
125900,4.08,22.6
126000,4.08,22.6
126100,4.08,22.6
126200,4.08,22.6
126300,4.08,22.6
126400,4.08,22.6
126500,4.08,22.6
126600,4.08,22.6
126700,4.08,22.6
126800,4.08,22.6
126900,4.08,22.6
127000,4.08,22.6
127100,4.08,22.6
127200,4.08,22.6
127300,4.08,22.6
127400,4.08,22.6
127500,4.08,22.6
127600,4.08,22.6
127700,4.08,22.6
127800,4.08,22.6
127900,4.08,22.6
128000,4.064,22.6
128100,4.064,22.6
128200,4.064,22.6
128300,4.064,22.6
128400,4.064,22.6
128500,4.064,22.6
128600,4.064,22.6
128700,4.064,22.6
128800,4.064,22.6
128900,4.064,22.6
129000,4.064,22.6
129100,4.064,22.6
129200,4.064,22.6
129300,4.064,22.6
129400,4.064,22.6
129500,4.064,22.6
129600,4.064,22.6
129700,4.064,22.6
129800,4.064,22.6
129900,4.064,22.6
130000,4.064,22.6
130100,4.064,22.6
130200,4.064,22.6
130300,4.064,22.6
130400,4.064,22.6
130500,4.064,22.6
130600,4.064,22.6
130700,4.064,22.6
130800,4.064,22.6
130900,4.064,22.6
131000,4.064,22.6
131100,4.064,22.6
131200,4.016,22.4
131300,4.016,22.4
131400,4.016,22.4
131500,4.016,22.4
131600,4.016,22.4
131700,4.016,22.4
131800,4.016,22.4
131900,4.016,22.4
132000,4.016,22.4
132100,4.016,22.4
132200,4.016,22.4
132300,4.016,22.4
132400,4.016,22.4
132500,4.016,22.4
132600,4.016,22.4
132700,4.016,22.4
132800,4.016,22.4
132900,4.016,22.4
133000,4.016,22.4
133100,4.016,22.4
133200,4.016,22.4
133300,4.016,22.4
133400,4.016,22.4
133500,4.016,22.4
133600,4.016,22.4
133700,4.016,22.4
133800,3.9840000000000004,22.4
133900,3.9840000000000004,22.4
134000,3.9840000000000004,22.4
134100,3.9840000000000004,22.4
134200,3.9840000000000004,22.4
134300,3.9840000000000004,22.4
134400,3.968,22.4
134500,3.968,22.4
134600,3.968,22.4
134700,3.968,22.4
134800,3.968,22.4
134900,3.968,22.4
135000,3.968,22.4
135100,3.968,22.4
135200,3.968,22.4
135300,3.968,22.4
135400,3.968,22.4
135500,3.968,22.4
135600,3.968,22.4
135700,3.968,22.4
135800,3.968,22.4
135900,3.968,22.4
136000,3.968,22.4
136100,3.904000000000001,22.2
136200,3.904000000000001,22.2
136300,3.904000000000001,22.2
136400,3.904000000000001,22.2
136500,3.904000000000001,22.2
136600,3.904000000000001,22.2
136700,3.904000000000001,22.2
136800,3.904000000000001,22.2
136900,3.904000000000001,22.2
137000,3.904000000000001,22.2
137100,3.904000000000001,22.2
137200,3.904000000000001,22.2
137300,3.904000000000001,22.2
137400,3.904000000000001,22.2
137500,3.904000000000001,22.2
137600,3.904000000000001,22.2
137700,3.904000000000001,22.2
137800,3.904000000000001,22.2
137900,3.904000000000001,22.2
138000,3.904000000000001,22.2
138100,3.904000000000001,22.2
138200,3.904000000000001,22.2
138300,3.904000000000001,22.2
138400,3.904000000000001,22.2
138500,3.904000000000001,22.2
138600,3.904000000000001,22.2
138700,3.904000000000001,22.2
138800,3.904000000000001,22.2
138900,3.904000000000001,22.2
139000,3.904000000000001,22.2
139100,3.904000000000001,22.2
139200,3.904000000000001,22.2
139300,3.904000000000001,22.2
139400,3.904000000000001,22.2
139500,3.904000000000001,22.2
139600,3.904000000000001,22.2
139700,3.904000000000001,22.2
139800,3.904000000000001,22.2
139900,3.904000000000001,22.2
140000,3.904000000000001,22.2
140100,3.904000000000001,22.2
140200,3.904000000000001,22.2
140300,3.904000000000001,22.2
140400,3.904000000000001,22.2
140500,3.904000000000001,22.2
140600,3.904000000000001,22.2
140700,3.904000000000001,22.2
140800,3.904000000000001,22.2
140900,3.904000000000001,22.2
141000,3.904000000000001,22.2
141100,3.904000000000001,22.2
141200,3.904000000000001,22.2
141300,3.904000000000001,22.2
141400,3.904000000000001,22.2
141500,3.904000000000001,22.2
141600,3.904000000000001,22.2
141700,3.904000000000001,22.2
141800,3.904000000000001,22.2
141900,3.904000000000001,22.2
142000,3.904000000000001,22.2
142100,3.872,22.2
142200,3.872,22.2
142300,3.872,22.2
142400,3.872,22.2
142500,3.8400000000000007,22.2
142600,3.8400000000000007,22.2
142700,3.8400000000000007,22.2
142800,3.8400000000000007,22.2
142900,3.8400000000000007,22.2
143000,3.8400000000000007,22.2
143100,3.8400000000000007,22.2
143200,3.8400000000000007,22.2
143300,3.8400000000000007,22.2
143400,3.8400000000000007,22.2
143500,3.8400000000000007,22.2
143600,3.8400000000000007,22.2
143700,3.8400000000000007,22.2
143800,3.8400000000000007,22.2
143900,3.8400000000000007,22.2
144000,3.8400000000000007,22.2
144100,3.8400000000000007,22.2
144200,3.8400000000000007,22.2
144300,3.8400000000000007,22.2
144400,3.8400000000000007,22.2
144500,3.8400000000000007,22.2
144600,3.8400000000000007,22.2
144700,3.816,22.4
144800,3.816,22.4
144900,3.816,22.4
145000,3.816,22.4
145100,3.816,22.4
145200,3.816,22.4
145300,3.816,22.4
145400,3.816,22.4
145500,3.784,22.4
145600,3.784,22.4
145700,3.7439999999999998,22.4
145800,3.7439999999999998,22.4
145900,3.7439999999999998,22.4
146000,3.7439999999999998,22.4
146100,3.7439999999999998,22.4
146200,3.7439999999999998,22.4
146300,3.7439999999999998,22.4
146400,3.7439999999999998,22.4
146500,3.7439999999999998,22.4
146600,3.7439999999999998,22.4
146700,3.7439999999999998,22.4
146800,3.7439999999999998,22.4
146900,3.7439999999999998,22.4
147000,3.7439999999999998,22.4
147100,3.7439999999999998,22.4
147200,3.7439999999999998,22.4
147300,3.7439999999999998,22.4
147400,3.7439999999999998,22.4
147500,3.7439999999999998,22.4
147600,3.7439999999999998,22.4
147700,3.7439999999999998,22.4
147800,3.7439999999999998,22.4
147900,3.7439999999999998,22.4
148000,3.7439999999999998,22.4
148100,3.7439999999999998,22.4
148200,3.7439999999999998,22.4
148300,3.7439999999999998,22.4
148400,3.7439999999999998,22.4
148500,3.7439999999999998,22.4
148600,3.7439999999999998,22.4
148700,3.7439999999999998,22.4
148800,3.7439999999999998,22.4
148900,3.7439999999999998,22.4
149000,3.7439999999999998,22.4
149100,3.7439999999999998,22.4
149200,3.7439999999999998,22.4
149300,3.7439999999999998,22.4
149400,3.7439999999999998,22.4
149500,3.7439999999999998,22.4
149600,3.7439999999999998,22.4
149700,3.7439999999999998,22.4
149800,3.7439999999999998,22.4
149900,3.7439999999999998,22.4
150000,3.7439999999999998,22.4
150100,3.7439999999999998,22.4
150200,3.7439999999999998,22.4
150300,3.7439999999999998,22.4
150400,3.7439999999999998,22.4
150500,3.7439999999999998,22.4
150600,3.7439999999999998,22.4
150700,3.7439999999999998,22.4
150800,3.7439999999999998,22.4
150900,3.7439999999999998,22.4
151000,3.7439999999999998,22.4
151100,3.7439999999999998,22.4
151200,3.7439999999999998,22.4
151300,3.7439999999999998,22.4
151400,3.7439999999999998,22.4
151500,3.7439999999999998,22.4
151600,3.7439999999999998,22.4
151700,3.7439999999999998,22.4
151800,3.7439999999999998,22.4
151900,3.7439999999999998,22.4
152000,3.7439999999999998,22.4
152100,3.7439999999999998,22.4
152200,3.7439999999999998,22.4
152300,3.7439999999999998,22.4
152400,3.7439999999999998,22.4
152500,3.7439999999999998,22.4
152600,3.7439999999999998,22.4
152700,3.7439999999999998,22.4
152800,3.7439999999999998,22.4
152900,3.7439999999999998,22.4
153000,3.7439999999999998,22.4
153100,3.7439999999999998,22.4
153200,3.7439999999999998,22.4
153300,3.7439999999999998,22.4
153400,3.7439999999999998,22.4
153500,3.7439999999999998,22.4
153600,3.7439999999999998,22.4
153700,3.7439999999999998,22.4
153800,3.7439999999999998,22.4
153900,3.7439999999999998,22.4
154000,3.7439999999999998,22.4
154100,3.72,22.4
154200,3.72,22.4
154300,3.72,22.4
154400,3.72,22.4
154500,3.72,22.4
154600,3.72,22.4
154700,3.72,22.4
154800,3.72,22.4
154900,3.72,22.4
155000,3.72,22.4
155100,3.72,22.4
155200,3.72,22.4
155300,3.72,22.4
155400,3.72,22.4
155500,3.72,22.4
155600,3.72,22.4
155700,3.72,22.4
155800,3.72,22.4
155900,3.6719999999999997,22.4
156000,3.6719999999999997,22.4
156100,3.6719999999999997,22.4
156200,3.6719999999999997,22.4
156300,3.6719999999999997,22.4
156400,3.6719999999999997,22.4
156500,3.6719999999999997,22.4
156600,3.6719999999999997,22.4
156700,3.6719999999999997,22.4
156800,3.6719999999999997,22.4
156900,3.6719999999999997,22.4
157000,3.6719999999999997,22.4
157100,3.6719999999999997,22.4
157200,3.6719999999999997,22.4
157300,3.6719999999999997,22.4
157400,3.6719999999999997,22.4
157500,3.6719999999999997,22.4
157600,3.6719999999999997,22.4
157700,3.6719999999999997,22.4
157800,3.6719999999999997,22.4
157900,3.6719999999999997,22.4
158000,3.6719999999999997,22.4
158100,3.6719999999999997,22.4
158200,3.6719999999999997,22.4
158300,3.6719999999999997,22.4
158400,3.6719999999999997,22.4
158500,3.6719999999999997,22.4
158600,3.6719999999999997,22.4
158700,3.6719999999999997,22.4
158800,3.6719999999999997,22.4
158900,3.6719999999999997,22.4
159000,3.6719999999999997,22.4
159100,3.6719999999999997,22.4
159200,3.656,22.4
159300,3.656,22.4
159400,3.656,22.4
159500,3.656,22.4
159600,3.656,22.4
159700,3.656,22.4
159800,3.656,22.4
159900,3.656,22.4
160000,3.656,22.4
160100,3.656,22.4
160200,3.656,22.4
160300,3.656,22.4
160400,3.656,22.4
160500,3.656,22.4
160600,3.656,22.4
160700,3.656,22.4
160800,3.656,22.4
160900,3.656,22.4
161000,3.656,22.4
161100,3.656,22.4
161200,3.656,22.4
161300,3.656,22.4
161400,3.656,22.4
161500,3.656,22.4
161600,3.656,22.4
161700,3.656,22.4
161800,3.656,22.4
161900,3.656,22.4
162000,3.656,22.4
162100,3.656,22.4
162200,3.656,22.4
162300,3.656,22.4
162400,3.656,22.4
162500,3.656,22.4
162600,3.656,22.4
162700,3.656,22.4
162800,3.656,22.4
162900,3.656,22.4
163000,3.656,22.4
163100,3.656,22.4
163200,3.656,22.4
163300,3.656,22.4
163400,3.656,22.4
163500,3.656,22.4
163600,3.656,22.4
163700,3.656,22.4
163800,3.656,22.4
163900,3.656,22.4
164000,3.656,22.4
164100,3.656,22.4
164200,3.656,22.4
164300,3.656,22.4
164400,3.656,22.4
164500,3.656,22.4
164600,3.656,22.4
164700,3.656,22.4
164800,3.656,22.4
164900,3.656,22.4
165000,3.656,22.4
165100,3.656,22.4
165200,3.656,22.4
165300,3.656,22.4
165400,3.656,22.4
165500,3.656,22.4
165600,3.656,22.4
165700,3.656,22.4
165800,3.656,22.4
165900,3.656,22.4
166000,3.656,22.4
166100,3.656,22.4
166200,3.656,22.4
166300,3.656,22.4
166400,3.656,22.4
166500,3.656,22.4
166600,3.656,22.4
166700,3.656,22.4
166800,3.656,22.4
166900,3.656,22.4
167000,3.656,22.4
167100,3.656,22.4
167200,3.656,22.4
167300,3.656,22.4
167400,3.656,22.4
167500,3.656,22.4
167600,3.656,22.4
167700,3.656,22.4
167800,3.656,22.4
167900,3.656,22.4
168000,3.656,22.4
168100,3.656,22.4
168200,3.656,22.4
168300,3.656,22.4
168400,3.656,22.4
168500,3.656,22.4
168600,3.656,22.4
168700,3.656,22.4
168800,3.656,22.4
168900,3.656,22.4
169000,3.656,22.4
169100,3.656,22.4
169200,3.656,22.4
169300,3.656,22.4
169400,3.656,22.4
169500,3.656,22.4
169600,3.656,22.4
169700,3.656,22.4
169800,3.656,22.4
169900,3.656,22.4
170000,3.656,22.4
170100,3.656,22.4
170200,3.656,22.4
170300,3.656,22.4
170400,3.656,22.4
170500,3.656,22.4
170600,3.656,22.4
170700,3.656,22.4
170800,3.656,22.4
170900,3.656,22.4
171000,3.656,22.4
171100,3.656,22.4
171200,3.656,22.4
171300,3.656,22.4
171400,3.656,22.4
171500,3.656,22.4
171600,3.656,22.4
171700,3.656,22.4
171800,3.656,22.4
171900,3.656,22.4
172000,3.656,22.4
172100,3.656,22.4
172200,3.656,22.4
172300,3.656,22.4
172400,3.656,22.4
172500,3.656,22.4
172600,3.656,22.4
172700,3.656,22.4
172800,3.656,22.4
172900,3.656,22.4
173000,3.656,22.4
173100,3.656,22.4
173200,3.656,22.4
173300,3.656,22.4
173400,3.656,22.4
173500,3.656,22.4
173600,3.656,22.4
173700,3.656,22.4
173800,3.656,22.4
173900,3.656,22.4
174000,3.656,22.4
174100,3.656,22.4
174200,3.656,22.4
174300,3.656,22.4
174400,3.656,22.4
174500,3.656,22.4
174600,3.656,22.4
174700,3.656,22.4
174800,3.656,22.4
174900,3.656,22.4
175000,3.656,22.4
175100,3.656,22.4
175200,3.656,22.4
175300,3.656,22.4
175400,3.656,22.4
175500,3.656,22.4
175600,3.656,22.4
175700,3.656,22.4
175800,3.656,22.4
175900,3.656,22.4
176000,3.656,22.4
176100,3.656,22.4
176200,3.656,22.4
176300,3.656,22.4
176400,3.656,22.4
176500,3.656,22.4
176600,3.656,22.4
176700,3.656,22.4
176800,3.656,22.4
176900,3.656,22.4
177000,3.656,22.4
177100,3.656,22.4
177200,3.656,22.4
177300,3.656,22.4
177400,3.656,22.4
177500,3.656,22.4
177600,3.656,22.4
177700,3.656,22.4
177800,3.656,22.4
177900,3.656,22.4
178000,3.656,22.4
178100,3.5760000000000005,22.4
178200,3.5760000000000005,22.4
178300,3.5760000000000005,22.4
178400,3.5760000000000005,22.4
178500,3.5760000000000005,22.4
178600,3.5760000000000005,22.4
178700,3.5760000000000005,22.4
178800,3.5760000000000005,22.4
178900,3.5760000000000005,22.4
179000,3.5760000000000005,22.4
179100,3.5760000000000005,22.4
179200,3.5760000000000005,22.4
179300,3.5760000000000005,22.4
179400,3.5760000000000005,22.4
179500,3.5760000000000005,22.4
179600,3.5760000000000005,22.4
179700,3.5760000000000005,22.4
179800,3.5760000000000005,22.4
179900,3.5760000000000005,22.4
180000,3.5760000000000005,22.4
180100,3.5760000000000005,22.4
180200,3.5760000000000005,22.4
180300,3.5760000000000005,22.4
180400,3.5760000000000005,22.4
180500,3.5760000000000005,22.4
180600,3.5760000000000005,22.4
180700,3.5760000000000005,22.4
180800,3.5760000000000005,22.4
180900,3.5760000000000005,22.4
181000,3.5760000000000005,22.4
181100,3.5760000000000005,22.4
181200,3.5760000000000005,22.4
181300,3.5760000000000005,22.4
181400,3.5760000000000005,22.4
181500,3.5760000000000005,22.4
181600,3.5760000000000005,22.4
181700,3.5760000000000005,22.4
181800,3.5760000000000005,22.4
181900,3.5760000000000005,22.4
182000,3.5760000000000005,22.4
182100,3.5760000000000005,22.4
182200,3.5760000000000005,22.4
182300,3.5760000000000005,22.4
182400,3.5760000000000005,22.4
182500,3.5760000000000005,22.4
182600,3.5760000000000005,22.4
182700,3.5760000000000005,22.4
182800,3.5760000000000005,22.4
182900,3.568,22.4
183000,3.568,22.4
183100,3.568,22.4
183200,3.568,22.4
183300,3.568,22.4
183400,3.568,22.4
183500,3.568,22.4
183600,3.568,22.4
183700,3.568,22.4
183800,3.5199999999999996,22.2
183900,3.5199999999999996,22.2
184000,3.5199999999999996,22.2
184100,3.5199999999999996,22.2
184200,3.5199999999999996,22.2
184300,3.5199999999999996,22.2
184400,3.5199999999999996,22.2
184500,3.5199999999999996,22.2
184600,3.5199999999999996,22.2
184700,3.5199999999999996,22.2
184800,3.5199999999999996,22.2
184900,3.5199999999999996,22.2
185000,3.5199999999999996,22.2
185100,3.5199999999999996,22.2
185200,3.5199999999999996,22.2
185300,3.472,22.2
185400,3.472,22.2
185500,3.472,22.2
185600,3.472,22.2
185700,3.472,22.2
185800,3.472,22.2
185900,3.472,22.2
186000,3.432,22.2
186100,3.432,22.2
186200,3.432,22.2
186300,3.432,22.2
186400,3.432,22.2
186500,3.432,22.2
186600,3.432,22.2
186700,3.432,22.2
186800,3.432,22.2
186900,3.432,22.2
187000,3.432,22.2
187100,3.432,22.2
187200,3.432,22.2
187300,3.432,22.2
187400,3.432,22.2
187500,3.432,22.2
187600,3.432,22.2
187700,3.432,22.2
187800,3.432,22.2
187900,3.432,22.2
188000,3.432,22.2
188100,3.432,22.2
188200,3.432,22.2
188300,3.432,22.2
188400,3.432,22.2
188500,3.432,22.2
188600,3.432,22.2
188700,3.432,22.2
188800,3.432,22.2
188900,3.432,22.2
189000,3.432,22.2
189100,3.432,22.2
189200,3.432,22.2
189300,3.432,22.2
189400,3.432,22.2
189500,3.432,22.2
189600,3.432,22.2
189700,3.432,22.2
189800,3.432,22.2
189900,3.432,22.2
190000,3.432,22.2
190100,3.432,22.2
190200,3.432,22.2
190300,3.432,22.2
190400,3.432,22.2
190500,3.432,22.2
190600,3.432,22.2
190700,3.432,22.2
190800,3.432,22.2
190900,3.432,22.2
191000,3.432,22.2
191100,3.432,22.2
191200,3.432,22.2
191300,3.432,22.2
191400,3.432,22.2
191500,3.432,22.2
191600,3.432,22.2
191700,3.432,22.2
191800,3.432,22.2
191900,3.432,22.2
192000,3.432,22.2
192100,3.432,22.2
192200,3.432,22.2
192300,3.432,22.2
192400,3.432,22.2
192500,3.432,22.2
192600,3.432,22.2
192700,3.432,22.2
192800,3.4160000000000004,22.6
192900,3.4160000000000004,22.6
193000,3.4160000000000004,22.6
193100,3.4160000000000004,22.6
193200,3.4160000000000004,22.6
193300,3.4160000000000004,22.6
193400,3.4160000000000004,22.6
193500,3.4160000000000004,22.6
193600,3.4160000000000004,22.6
193700,3.4160000000000004,22.6
193800,3.4160000000000004,22.6
193900,3.4160000000000004,22.6
194000,3.4160000000000004,22.6
194100,3.4160000000000004,22.6
194200,3.4160000000000004,22.6
194300,3.4160000000000004,22.6
194400,3.4160000000000004,22.6
194500,3.4160000000000004,22.6
194600,3.4160000000000004,22.6
194700,3.4160000000000004,22.6
194800,3.4160000000000004,22.6
194900,3.4160000000000004,22.6
195000,3.4160000000000004,22.6
195100,3.4160000000000004,22.6
195200,3.4160000000000004,22.6
195300,3.4160000000000004,22.6
195400,3.4160000000000004,22.6
195500,3.4160000000000004,22.6
195600,3.4160000000000004,22.6
195700,3.4160000000000004,22.6
195800,3.4160000000000004,22.6
195900,3.4160000000000004,22.6
196000,3.4160000000000004,22.6
196100,3.4160000000000004,22.6
196200,3.4160000000000004,22.6
196300,3.4160000000000004,22.6
196400,3.4160000000000004,22.6
196500,3.4160000000000004,22.6
196600,3.4160000000000004,22.6
196700,3.4160000000000004,22.6
196800,3.4160000000000004,22.6
196900,3.4160000000000004,22.6
197000,3.4160000000000004,22.6
197100,3.4160000000000004,22.6
197200,3.4160000000000004,22.6
197300,3.4160000000000004,22.6
197400,3.4160000000000004,22.6
197500,3.4160000000000004,22.6
197600,3.4160000000000004,22.6
197700,3.4160000000000004,22.6
197800,3.4160000000000004,22.6
197900,3.4160000000000004,22.6
198000,3.4160000000000004,22.6
198100,3.4160000000000004,22.6
198200,3.4160000000000004,22.6
198300,3.4160000000000004,22.6
198400,3.4160000000000004,22.6
198500,3.4160000000000004,22.6
198600,3.4160000000000004,22.6
198700,3.4160000000000004,22.6
198800,3.4160000000000004,22.6
198900,3.4160000000000004,22.6
199000,3.4160000000000004,22.6
199100,3.4160000000000004,22.6
199200,3.4160000000000004,22.6
199300,3.4160000000000004,22.6
199400,3.4160000000000004,22.6
199500,3.4160000000000004,22.6
199600,3.4160000000000004,22.6
199700,3.4160000000000004,22.6
199800,3.4160000000000004,22.6
199900,3.4160000000000004,22.6
199999,3.4160000000000004,22.6

START ALGORITHM
h1: (a42 - a55 - a54 - a23) * (b32)
h2: (a42 + a52) * (b54 + b41 - b23)
h3: (-a55 - a55 - a52) * (b33 - b43)
h4: (a21 - a51 - a12) * (b21 + b22)
h5: (a45 - a22 - a31) * (-b44 - b42)
h6: (a34 - a21) * (b32 + b53 + b22)
h8: (a45 + a23 + a53 - a55) * (b34)
h9: (a12) * (b13 + b44 + b14 - b45)
h10: (a15 + a32 - a15) * (-b24 - b53)
h11: (a33 + a25 - a32) * (-b33 - b41)
h12: (-a33) * (b24 + b23 + b35 - b51)
h13: (a33) * (b41 + b14 + b51 - b54)
h14: (a33 + a24 - a43 - a41) * (b23)
h16: (-a51 - a45) * (b24 + b21 - b33)
h17: (a54) * (b31 + b55 + b33 - b51)
h18: (a45 + a53 - a41) * (b44 - b24)
h20: (a53) * (b41 + b55 + b25 - b23)
h21: (a54 - a52) * (b51 + b15 - b52)
h22: (a51) * (b12 - b52 - b34 - b25)
h23: (a33) * (b14 - b15 - b53 - b13)
h24: (a32 - a51) * (b52 - b52 - b35)
h25: (-a55 - a54) * (b32 - b22 - b22)
h26: (-a23 - a25) * (b53 + b54 - b32)
h27: (a43 + a43 - a45) * (b22 + b45)
h28: (a11 - a31) * (b24 + b24 - b53)
h29: (a34 - a25) * (b44 + b12 - b54)
h31: (a41 - a51) * (b15 + b33 + b34)
h32: (-a25 - a25) * (b42 - b13 - b21)
h34: (a45 + a44 - a31) * (b41 - b25)
h35: (a22 - a11 - a55) * (b32 - b33)
h36: (a44 + a11 + a35) * (b11 - b12)
h42: (a35 + a31 - a12 - a21) * (b12)
h43: (a51 + a41 - a32) * (-b54 - b21)
h44: (a14 - a14 - a15 - a21) * (-b42)
h46: (-a24 - a13) * (b41 + b32 - b33)
h47: (-a24 - a32 - a24 - a24) * (-b14)
h49: (a13 - a44) * (-b13 - b54 - b25)
h50: (-a54 - a15) * (b21 + b43 - b44)
h54: (a52 - a52) * (b15 - b55 - b14)
h55: (-a35 - a43) * (b25 + b54 - b54)
h56: (-a21 - a44 - a11) * (b52 - b15)
h57: (a54 + a24 + a33 + a31) * (-b31)
h58: (-a34) * (b51 + b35 - b12 - b54)
h61: (a31 + a33 + a51 - a45) * (b32)
h62: (-a32 - a34 - a23) * (-b41 - b41)
h64: (a35 + a23 + a34) * (b55 - b55)
h65: (a11 + a22) * (-b32 - b53 - b53)
h68: (a32 - a15 - a14) * (-b33 - b51)
h69: (-a43) * (b25 + b34 + b32 + b34)
h70: (a44 - a23) * (b55 + b11 + b11)
h71: (-a14 - a52) * (b44 + b31 - b35)
h72: (a55 + a35) * (b22 + b22 - b41)
h73: (a55 + a54) * (-b11 - b24 - b32)
h74: (a12 + a33 - a12) * (b22 - b41)
h75: (a11 - a13 - a52) * (b43 - b25)
h77: (a15 + a35 - a41) * (b53 - b14)
h78: (a24 + a52 - a22) * (b25 + b45)
h79: (a52 - a44) * (b21 + b45 - b13)
h80: (a32 - a45 - a55) * (b35 + b15)
h81: (a35 - a43 - a21 - a25) * (-b14)
h83: (a53 - a11 - a54) * (b31 - b25)
h84: (a31 - a45) * (b13 + b32 - b22)
h85: (a33) * (b22 + b54 + b21 - b51)
h86: (-a42 - a45 - a15) * (b22 + b53)
h88: (-a42) * (b33 + b15 - b23 - b52)
h89: (a52) * (b11 - b31 - b15 - b31)
h91: (a52 - a15 - a14) * (b32 - b33)
h92: (a13 + a13 - a52) * (b44 - b31)
h93: (-a31) * (b31 - b55 - b55 - b31)
h94: (a31 + a41 - a55) * (b44 - b55)
h95: (a23 + a13) * (b34 + b21 - b14)
h96: (a44 - a13) * (b32 - b52 - b33)
h97: (a24 + a41 + a15) * (-b15 - b45)
h98: (a23 - a45 - a45 - a33) * (b22)
h99: (-a12 - a44) * (b42 + b53 - b12)
h101: (a32) * (b51 - b54 - b41 - b22)
h102: (-a41) * (b51 - b55 - b31 - b55)
h103: (a13 - a11) * (b42 - b54 - b41)
h105: (a42 + a35 - a21) * (b21 - b31)
h106: (a32 + a11 - a33) * (b45 - b15)
h108: (a43 + a22 - a41) * (b15 - b21)
h109: (-a15 - a51 - a44) * (b14 - b34)
h110: (a51 + a11 - a14) * (b34 + b53)
h111: (a21) * (b14 - b15 - b41 - b45)
h112: (a52) * (b45 - b14 - b43 - b55)
h114: (a45 + a24 - a11) * (b44 - b51)
h115: (a41) * (b24 + b14 - b14 - b52)
h116: (a32 + a44 - a24) * (b51 + b22)
h117: (a32 - a22 - a41) * (b25 - b51)
h119: (a12 - a32 - a32) * (b33 + b15)
h121: (a51 + a44) * (b25 - b31 - b35)
h122: (-a54) * (b34 + b31 - b54 - b12)
h123: (a54 + a43 + a55 - a31) * (-b25)
h125: (a34 + a31 + a53 - a43) * (b43)
h128: (a24 - a13 - a32) * (b12 + b44)
h129: (a53 + a23 - a12 - a21) * (b33)
h131: (a15 + a51 + a51 - a25) * (b34)
h134: (a24) * (b53 + b54 + b42 - b14)
h137: (-a42 - a31) * (b41 + b22 - b24)
h139: (a14 + a21 - a33 - a23) * (b12)
h145: (a43 + a22) * (b33 - b33 - b24)
h155: (-a41 - a12) * (b21 + b25 - b41)
h157: (a35 - a55) * (b55 + b51 - b44)
h158: (a35 + a41 - a54 - a34) * (b53)
h161: (a32) * (b41 + b41 - b21 - b24)
h171: (-a53 - a11) * (b32 + b31 - b41)
h174: (a14 - a13) * (b11 + b41 - b53)
h175: (a54 - a42) * (b34 + b24 + b32)
h180: (a22) * (b13 + b42 + b45 - b25)
h182: (a14 + a15 + a54) * (-b12 - b51)
h192: (a25 + a44) * (b43 + b21 - b32)
h198: (a42 + a41 - a31) * (b24 - b41)
h201: (a32) * (b13 + b25 - b53 - b13)
h223: (a14 - a44 - a24) * (-b41 - b52)
h230: (a15 - a23 - a34) * (-b12 - b11)
h234: (-a22 - a52) * (b22 + b55 - b24)
h262: (a41 + a42) * (-b23 - b14 - b45)
h272: (a25 + a33) * (b35 - b52 - b51)
h286: (a13 + a15) * (b44 + b23 - b25)
h293: (a23 - a51 - a24) * (b33 - b51)
h294: (-a24) * (b33 + b23 - b42 - b53)
h296: (a23 - a51 - a54 - a32) * (b41)
h306: (a15 + a11 - a35 - a24) * (-b12)
h321: (-a52 - a43 - a14 - a54) * (b43)
h325: (a15 + a31) * (b22 + b52 - b52)
h327: (a31 - a51 - a25) * (b42 + b13)
h334: (a41 + a43 - a44) * (b31 + b15)
h342: (-a45 - a33) * (b34 + b12 - b45)
h344: (a15 - a53) * (b45 + b24 - b34)
h346: (a11) * (b32 + b13 - b54 - b24)
h360: (a51 - a35) * (b13 + b55 + b11)
h361: (-a53) * (-b12 - b52 - b31 - b21)
h374: (-a13) * (b15 + b33 + b43 - b32)
h414: (a24 + a55 - a44 - a31) * (-b34)
h417: (-a35 - a12 - a25) * (-b51 - b55)
h440: (a33) * (-b21 - b45 - b13 - b42)
h451: (a25 + a32 + a55) * (-b54 - b11)
h463: (-a31) * (b41 + b32 - b11 - b45)
h502: (a23 - a42 - a53 - a44) * (b52)
h507: (a25 + a31 - a32 - a51) * (-b45)
h514: (a34 - a12 - a51) * (b12 + b45)
h535: (a22 - a25 - a22) * (-b13 - b41)
h561: (a22 - a21 - a44) * (b25 + b24)
h566: (a31 + a41 - a22 - a41) * (b55)
h584: (a21 - a33 - a41) * (b24 - b12)
h627: (a53 + a22) * (b44 - b45 - b13)
h688: (a13 - a44 - a41) * (b11 - b52)
h702: (a51 + a14 - a54) * (b31 - b11)
h703: (-a42 - a24 - a55 - a11) * (b44)
h710: (a11 + a42 - a51 - a14) * (b44)
h718: (a24 - a51) * (b32 - b32 - b24)
h739: (a52 - a43 - a23 - a34) * (-b24)
h749: (a22 - a43 - a22) * (b15 + b11)
h773: (-a11 - a44) * (b24 + b12 - b24)
h787: (a53) * (b11 + b42 + b55 - b55)
h793: (a32 - a43 - a34) * (b14 + b42)
h857: (a31 + a11 + a42) * (b42 - b23)
h875: (a41 - a43) * (b54 + b43 - b54)
h887: (a23 + a11) * (b14 + b25 + b23)
h971: (a23 + a42) * (b43 + b23 - b45)
h1059: (a42 - a31) * (b32 + b53 - b33)
h1067: (a24 - a35 - a12 - a45) * (b33)
h1111: (a34 + a22) * (b22 - b13 - b24)
h1186: (a41 + a54 - a21) * (b24 - b23)
h1339: (a42 - a22) * (b54 + b25 - b54)
h1376: (a32) * (b14 + b12 + b45 - b13)
h1404: (-a51) * (b12 + b14 - b51 - b22)
h1408: (a43 - a33 - a51 - a55) * (b12)
h1491: (-a55) * (b25 + b14 - b15 - b51)
h1545: (a55 + a44 - a12) * (b31 - b32)
h1637: (-a23 - a42 - a31) * (-b31 - b13)
h1761: (-a33 - a52 - a54 - a14) * (-b33)
h1764: (a23) * (-b45 - b14 - b12 - b13)
h2021: (a21 - a31 - a24) * (b15 - b35)
h2252: (-a21 - a44) * (b55 - b15 - b44)
h2400: (a32) * (b55 - b51 - b32 - b21)
h2438: (a55 + a12 - a12) * (b43 - b42)
h2560: (a25 - a25 - a35) * (b32 - b43)
h3280: (a34 + a53 - a54) * (b14 - b13)
h3429: (a21 - a21 - a33) * (b52 + b32)
h3496: (a24 - a53 - a22) * (b44 + b42)
h3509: (a25 + a45 + a12) * (b31 + b13)
h3633: (a25 - a12 - a11 - a44) * (-b32)
h3858: (a14 - a11 - a12) * (b45 - b32)
h3897: (a43 - a33 - a24) * (-b55 - b34)
h3937: (a41) * (b33 - b35 - b32 - b44)
h3961: (a52 + a41 - a33 - a32) * (b13)
h4053: (a54 - a12 - a31 - a22) * (b12)
h4204: (a35 + a11 - a25) * (b31 + b54)
h5085: (a23 - a23 - a54) * (b25 + b12)
h5243: (a52 - a54 - a32) * (b12 + b34)
h5289: (a31 - a11 - a15) * (b15 + b43)
h5487: (-a22 - a43 - a31) * (b31 - b45)
h5829: (a25 - a11) * (b13 - b55 - b52)
h5921: (a54 - a51) * (b42 + b54 + b41)
h6000: (-a45) * (b32 + b45 + b12 + b52)
h6161: (a54 + a33 - a22) * (b43 - b32)
h7030: (-a55) * (b42 + b42 + b52 - b25)
h7413: (a13 - a21 - a55 - a23) * (-b23)
h10022: (a25 + a22 + a33) * (b13 + b43)
h10051: (a54 - a24 - a31) * (b31 - b45)
h11784: (a53 - a23) * (-b43 - b25 - b44)
h12151: (a41 - a14 - a33) * (b25 + b12)
h12837: (a53 - a23) * (b41 - b24 - b43)
h14341: (a55 - a25 - a54 - a44) * (-b33)
h22970: (-a22 - a25 - a32) * (b45 + b13)
c11: h125 + h57 + h1067 + h1067 + h793 + h3633 + h2560 + h12151 - h294 - h2252 
c12: h293 + h374 + h55 + h584 + h327 + h1376 + h1545 + h1637 + h14 + h10022 + h5289 + h14341 + h1067 + h2560 + h3897 + h12151 - h325 - h417 - h507 - h3897 
c13: h360 + h77 + h451 + h561 + h342 + h739 + h12151 + h3897 + h14341 + h3897 + h5085 - h131 - h5829 
c14: h230 + h414 + h561 + h561 + h14 + h3429 + h5289 + h2560 + h5829 - h155 - h1404 
c15: h68 + h180 + h3 + h28 + h129 + h306 + h116 + h1111 + h584 + h1067 + h3429 - h69 
c21: h8 + h4 + h89 + h72 + h451 + h374 + h440 + h1637 + h7413 + h5085 - h122 - h3280 - h3937 - h5085 
c22: h79 + h65 + h9 + h73 + h306 + h70 + h93 + h31 + h1376 + h3633 + h5829 + h10022 + h1067 + h7413 - h16 - h129 - h198 - h584 - h6000 
c23: h112 + h688 + h875 + h1067 + h1545 + h463 + h3897 + h1067 + h22970 - h83 - h11 - h201 
c24: h98 + h95 + h1 + h5 + h145 + h294 + h1491 + h739 + h1491 + h11784 + h887 + h3897 - h1111 - h4204 - h12837 
c25: h81 + h1 + h272 + h535 + h584 + h294 + h1067 + h10022 + h294 + h6161 + h2560 - h108 - h296 - h12151 
c31: h102 + h175 + h262 + h28 + h718 + h793 + h887 + h1637 + h3897 - h230 - h3961 
c32: h116 + h155 + h502 + h739 + h3509 + h294 + h5085 + h5085 + h12151 + h3897 + h22970 - h70 - h145 - h702 - h787 - h1408 - h5289 
c33: h106 + h115 + h158 + h139 + h718 + h2438 + h12151 - h47 - h137 - h361 
c34: h180 + h70 + h272 + h440 + h793 + h294 + h5921 + h1637 + h5085 + h5085 + h12151 + h3897 - h5 - h174 - h223 
c35: h9 + h2 + h56 + h35 + h344 + h346 + h145 + h703 + h773 + h718 + h1764 + h2438 + h1491 + h5487 + h294 + h793 - h17 - h2400 
c41: h11 + h86 + h182 + h321 + h23 + h145 + h1545 + h887 + h3937 + h5085 - h31 - h108 - h69 - h463 - h1059 
c42: h122 + h56 + h72 + h155 + h327 + h56 + h1764 - h971 
c43: h793 + h1067 + h463 + h7030 - h192 - h286 - h1186 
c44: h84 + h25 + h627 + h145 + h2560 - h91 - h10051 
c45: h145 + h46 + h334 + h139 + h81 + h887 + h561 + h4053 + h88 + h1067 + h10022 + h3897 - h112 - h47 - h134 - h161 
c51: h112 + h62 + h55 + h57 + h17 + h75 + h68 + h749 + h262 + h773 + h2438 + h3280 + h5243 + h2560 + h5085 + h1067 + h3937 + h5085 - h109 - h1761 - h3496 - h3858 
c52: h114 + h566 + h463 + h887 + h739 + h514 + h6161 + h7413 + h793 + h3897 - h110 - h157 - h857 
c53: h102 + h61 + h158 + h56 + h342 + h514 + h561 + h2438 + h11784 + h3937 + h3897 + h3897 + h294 - h29 - h73 - h440 
c54: h54 + h28 + h234 + h293 + h710 + h294 + h739 + h129 + h2560 + h10022 - h128 
c55: h106 + h112 + h155 + h2400 + h793 + h10051 + h5487 - h1376 
