0,170.648,25
100,112.35999999999999,25
200,91.256,25
300,82.568,25
400,71.52000000000001,25
500,65.624,25
600,62.903999999999996,25
700,62.04,25
800,61.952,25
900,59.488,25
1000,56.8,25
1100,55.431999999999995,25
1200,55.431999999999995,25
1300,53.448,25
1400,51.864,25
1500,51.048,24.8
1600,49.895999999999994,24.8
1700,49.895999999999994,24.8
1800,49.895999999999994,24.8
1900,49.895999999999994,24.8
2000,49.895999999999994,24.8
2100,49.072,24.8
2200,49.072,24.8
2300,49.072,24.8
2400,47.672000000000004,24.8
2500,47.672000000000004,24.8
2600,47.672000000000004,24.8
2700,47.672000000000004,24.8
2800,47.672000000000004,24.8
2900,47.672000000000004,24.8
3000,47.672000000000004,24.8
3100,47.672000000000004,24.8
3200,47.672000000000004,24.8
3300,47.672000000000004,24.8
3400,47.672000000000004,24.8
3500,47.32,24.8
3600,46.792,24.8
3700,46.792,24.8
3800,46.792,24.8
3900,46.36,24.8
4000,46.36,24.8
4100,46.36,24.8
4200,46.36,24.8
4300,46.36,24.8
4400,46.184,24.8
4500,45.800000000000004,24.8
4600,45.800000000000004,24.8
4700,45.800000000000004,24.8
4800,45.424,24.8
4900,45.424,24.8
5000,45.424,24.8
5100,45.424,24.8
5200,44.592,24.8
5300,44.592,24.8
5400,44.592,24.8
5500,44.592,24.8
5600,43.984,24.8
5700,43.816,24.8
5800,43.816,24.8
5900,43.25599999999999,24.8
6000,43.25599999999999,24.8
6100,43.25599999999999,24.8
6200,43.25599999999999,24.8
6300,42.608,24.8
6400,42.608,24.8
6500,42.608,24.8
6600,42.608,24.8
6700,42.608,24.8
6800,42.608,24.8
6900,42.608,24.8
7000,42.608,24.8
7100,42.608,24.8
7200,42.016,24.8
7300,42.016,24.8
7400,40.751999999999995,24.8
7500,40.751999999999995,24.8
7600,40.751999999999995,24.8
7700,40.751999999999995,24.8
7800,40.751999999999995,24.8
7900,40.751999999999995,24.8
8000,40.751999999999995,24.8
8100,40.751999999999995,24.8
8200,40.751999999999995,24.8
8300,40.751999999999995,24.8
8400,40.751999999999995,24.8
8500,40.751999999999995,24.8
8600,40.751999999999995,24.8
8700,40.687999999999995,24.8
8800,40.687999999999995,24.8
8900,40.687999999999995,24.8
9000,40.687999999999995,24.8
9100,40.687999999999995,24.8
9200,40.687999999999995,24.8
9300,40.687999999999995,24.8
9400,40.687999999999995,24.8
9500,40.687999999999995,24.8
9600,40.687999999999995,24.8
9700,40.687999999999995,24.8
9800,40.687999999999995,24.8
9900,40.687999999999995,24.8
10000,40.56,24.8
10100,40.56,24.8
10200,40.56,24.8
10300,40.56,24.8
10400,40.56,24.8
10500,40.56,24.8
10600,40.56,24.8
10700,40.56,24.8
10800,40.56,24.8
10900,40.56,24.8
11000,40.56,24.8
11100,39.839999999999996,24.8
11200,39.839999999999996,24.8
11300,39.839999999999996,24.8
11400,39.839999999999996,24.8
11500,39.839999999999996,24.8
11600,38.624,24.8
11700,38.624,24.8
11800,37.976,24.8
11900,37.976,24.8
12000,37.616,24.8
12100,36.64,24.8
12200,36.64,24.8
12300,36.64,24.8
12400,36.64,24.8
12500,36.64,24.8
12600,36.64,24.8
12700,36.64,24.8
12800,36.64,24.8
12900,36.64,24.8
13000,36.64,24.8
13100,36.64,24.8
13200,35.727999999999994,24.8
13300,35.727999999999994,24.8
13400,35.727999999999994,24.8
13500,35.727999999999994,24.8
13600,35.727999999999994,24.8
13700,35.727999999999994,24.8
13800,35.368,24.8
13900,34.080000000000005,24.8
14000,34.080000000000005,24.8
14100,33.42399999999999,24.8
14200,33.42399999999999,24.8
14300,33.42399999999999,24.8
14400,33.42399999999999,24.8
14500,33.42399999999999,24.8
14600,33.42399999999999,24.8
14700,33.42399999999999,24.8
14800,33.42399999999999,24.8
14900,33.42399999999999,24.8
15000,33.42399999999999,24.8
15100,33.42399999999999,24.8
15200,33.42399999999999,24.8
15300,33.42399999999999,24.8
15400,33.42399999999999,24.8
15500,33.42399999999999,24.8
15600,33.42399999999999,24.8
15700,33.42399999999999,24.8
15800,33.42399999999999,24.8
15900,33.42399999999999,24.8
16000,33.42399999999999,24.8
16100,33.42399999999999,24.8
16200,33.42399999999999,24.8
16300,33.42399999999999,24.8
16400,33.42399999999999,24.8
16500,33.42399999999999,24.8
16600,33.42399999999999,24.8
16700,33.42399999999999,24.8
16800,33.42399999999999,24.8
16900,33.42399999999999,24.8
17000,33.42399999999999,24.8
17100,33.42399999999999,24.8
17200,33.42399999999999,24.8
17300,33.42399999999999,24.8
17400,33.42399999999999,24.8
17500,33.42399999999999,24.8
17600,33.42399999999999,24.8
17700,33.42399999999999,24.8
17800,33.42399999999999,24.8
17900,33.42399999999999,24.8
18000,33.42399999999999,24.8
18100,33.42399999999999,24.8
18200,33.42399999999999,24.8
18300,33.42399999999999,24.8
18400,33.42399999999999,24.8
18500,33.42399999999999,24.8
18600,33.42399999999999,24.8
18700,33.42399999999999,24.8
18800,33.42399999999999,24.8
18900,33.42399999999999,24.8
19000,32.976000000000006,24.8
19100,32.976000000000006,24.8
19200,32.976000000000006,24.8
19300,32.976000000000006,24.8
19400,32.976000000000006,24.8
19500,32.976000000000006,24.8
19600,32.976000000000006,24.8
19700,32.976000000000006,24.8
19800,32.976000000000006,24.8
19900,32.976000000000006,24.8
20000,32.976000000000006,24.8
20100,32.976000000000006,24.8
20200,32.432,24.8
20300,32.432,24.8
20400,32.432,24.8
20500,32.352000000000004,24.8
20600,32.352000000000004,24.8
20700,32.352000000000004,24.8
20800,32.352000000000004,24.8
20900,32.352000000000004,24.8
21000,32.352000000000004,24.8
21100,32.352000000000004,24.8
21200,32.352000000000004,24.8
21300,32.352000000000004,24.8
21400,32.352000000000004,24.8
21500,32.352000000000004,24.8
21600,32.352000000000004,24.8
21700,32.352000000000004,24.8
21800,32.352000000000004,24.8
21900,32.352000000000004,24.8
22000,32.352000000000004,24.8
22100,32.352000000000004,24.8
22200,32.352000000000004,24.8
22300,32.352000000000004,24.8
22400,32.352000000000004,24.8
22500,32.352000000000004,24.8
22600,32.352000000000004,24.8
22700,32.352000000000004,24.8
22800,32.352000000000004,24.8
22900,32.352000000000004,24.8
23000,32.352000000000004,24.8
23100,32.352000000000004,24.8
23200,32.352000000000004,24.8
23300,32.352000000000004,24.8
23400,32.352000000000004,24.8
23500,32.352000000000004,24.8
23600,32.352000000000004,24.8
23700,32.352000000000004,24.8
23800,32.352000000000004,24.8
23900,32.352000000000004,24.8
24000,32.352000000000004,24.8
24100,32.352000000000004,24.8
24200,32.352000000000004,24.8
24300,32.352000000000004,24.8
24400,32.352000000000004,24.8
24500,32.352000000000004,24.8
24600,32.352000000000004,24.8
24700,32.352000000000004,24.8
24800,32.352000000000004,24.8
24900,32.352000000000004,24.8
25000,32.352000000000004,24.8
25100,32.352000000000004,24.8
25200,32.352000000000004,24.8
25300,32.352000000000004,24.8
25400,32.352000000000004,24.8
25500,32.352000000000004,24.8
25600,32.352000000000004,24.8
25700,32.352000000000004,24.8
25800,32.352000000000004,24.8
25900,32.352000000000004,24.8
26000,32.352000000000004,24.8
26100,32.352000000000004,24.8
26200,32.352000000000004,24.8
26300,32.352000000000004,24.8
26400,32.352000000000004,24.8
26500,32.352000000000004,24.8
26600,32.352000000000004,24.8
26700,32.352000000000004,24.8
26800,32.352000000000004,24.8
26900,32.352000000000004,24.8
27000,32.352000000000004,24.8
27100,32.2,24.8
27200,32.2,24.8
27300,32.2,24.8
27400,32.2,24.8
27500,32.2,24.8
27600,32.2,24.8
27700,32.2,24.8
27800,32.2,24.8
27900,32.2,24.8
28000,32.2,24.8
28100,31.912,24.8
28200,31.663999999999998,24.8
28300,31.663999999999998,24.8
28400,31.663999999999998,24.8
28500,31.663999999999998,24.8
28600,31.663999999999998,24.8
28700,31.663999999999998,24.8
28800,31.663999999999998,24.8
28900,31.663999999999998,24.8
29000,31.663999999999998,24.8
29100,31.663999999999998,24.8
29200,31.663999999999998,24.8
29300,31.663999999999998,24.8
29400,31.663999999999998,24.8
29500,31.663999999999998,24.8
29600,31.663999999999998,24.8
29700,31.663999999999998,24.8
29800,31.663999999999998,24.8
29900,31.663999999999998,24.8
30000,31.663999999999998,24.8
30100,31.663999999999998,24.8
30200,31.663999999999998,24.8
30300,31.663999999999998,24.8
30400,31.663999999999998,24.8
30500,31.663999999999998,24.8
30600,30.952000000000005,24.8
30700,30.952000000000005,24.8
30800,30.952000000000005,24.8
30900,30.952000000000005,24.8
31000,30.952000000000005,24.8
31100,30.952000000000005,24.8
31200,30.952000000000005,24.8
31300,30.952000000000005,24.8
31400,30.952000000000005,24.8
31500,30.952000000000005,24.8
31600,30.952000000000005,24.8
31700,30.952000000000005,24.8
31800,30.952000000000005,24.8
31900,30.952000000000005,24.8
32000,30.952000000000005,24.8
32100,30.952000000000005,24.8
32200,30.952000000000005,24.8
32300,30.952000000000005,24.8
32400,30.952000000000005,24.8
32500,30.952000000000005,24.8
32600,30.863999999999997,24.8
32700,30.863999999999997,24.8
32800,30.863999999999997,24.8
32900,30.863999999999997,24.8
33000,30.863999999999997,24.8
33100,30.439999999999998,24.6
33200,30.439999999999998,24.6
33300,30.439999999999998,24.6
33400,30.439999999999998,24.6
33500,30.439999999999998,24.6
33600,30.439999999999998,24.6
33700,30.439999999999998,24.6
33800,30.439999999999998,24.6
33900,30.439999999999998,24.6
34000,30.439999999999998,24.6
34100,30.439999999999998,24.6
34200,30.439999999999998,24.6
34300,30.439999999999998,24.6
34400,30.439999999999998,24.6
34500,30.439999999999998,24.6
34600,30.439999999999998,24.6
34700,30.439999999999998,24.6
34800,30.439999999999998,24.6
34900,30.439999999999998,24.6
35000,30.439999999999998,24.6
35100,30.439999999999998,24.6
35200,30.264,24.6
35300,30.264,24.6
35400,30.264,24.6
35500,30.264,24.6
35600,30.264,24.6
35700,30.264,24.6
35800,30.264,24.6
35900,30.264,24.6
36000,30.264,24.6
36100,30.264,24.6
36200,30.264,24.6
36300,30.264,24.6
36400,30.264,24.6
36500,30.264,24.6
36600,30.264,24.6
36700,30.264,24.6
36800,30.264,24.6
36900,30.264,24.6
37000,30.264,24.6
37100,30.264,24.6
37200,30.264,24.6
37300,30.264,24.6
37400,30.264,24.6
37500,30.264,24.6
37600,30.264,24.6
37700,30.264,24.6
37800,30.264,24.6
37900,30.264,24.6
38000,30.264,24.6
38100,30.264,24.6
38200,30.264,24.6
38300,30.264,24.6
38400,30.264,24.6
38500,30.264,24.6
38600,30.264,24.6
38700,30.264,24.6
38800,30.264,24.6
38900,30.264,24.6
39000,30.264,24.6
39100,30.264,24.6
39200,30.264,24.6
39300,30.264,24.6
39400,30.264,24.6
39500,30.264,24.6
39600,30.264,24.6
39700,30.264,24.6
39800,30.264,24.6
39900,30.264,24.6
40000,30.264,24.6
40100,30.264,24.6
40200,30.264,24.6
40300,30.264,24.6
40400,30.264,24.6
40500,30.264,24.6
40600,30.264,24.6
40700,30.264,24.6
40800,30.264,24.6
40900,30.264,24.6
41000,30.264,24.6
41100,30.264,24.6
41200,30.264,24.6
41300,30.264,24.6
41400,30.264,24.6
41500,30.264,24.6
41600,30.264,24.6
41700,30.264,24.6
41800,30.264,24.6
41900,30.264,24.6
42000,30.264,24.6
42100,30.264,24.6
42200,30.264,24.6
42300,30.264,24.6
42400,30.264,24.6
42500,30.264,24.6
42600,30.264,24.6
42700,30.264,24.6
42800,30.264,24.6
42900,30.264,24.6
43000,30.264,24.6
43100,30.264,24.6
43200,30.264,24.6
43300,30.264,24.6
43400,30,24.6
43500,30,24.6
43600,30,24.6
43700,30,24.6
43800,30,24.6
43900,30,24.6
44000,29.776,24.6
44100,29.776,24.6
44200,29.776,24.6
44300,28.912,24.6
44400,28.912,24.6
44500,28.912,24.6
44600,28.912,24.6
44700,28.912,24.6
44800,28.912,24.6
44900,28.912,24.6
45000,28.912,24.6
45100,28.912,24.6
45200,28.912,24.6
45300,28.912,24.6
45400,28.912,24.6
45500,28.912,24.6
45600,28.912,24.6
45700,28.912,24.6
45800,28.912,24.6
45900,28.296,24.6
46000,28.296,24.6
46100,28.296,24.6
46200,28.296,24.6
46300,28.296,24.6
46400,28.296,24.6
46500,28.296,24.6
46600,28.296,24.6
46700,28.296,24.6
46800,28.296,24.6
46900,28.296,24.6
47000,28.296,24.6
47100,28.296,24.6
47200,28.296,24.6
47300,28.296,24.6
47400,28.296,24.6
47500,28.296,24.6
47600,28.296,24.6
47700,28.296,24.6
47800,28.296,24.6
47900,28.296,24.6
48000,28.296,24.6
48100,28.296,24.6
48200,28.296,24.6
48300,28.296,24.6
48400,28.296,24.6
48500,28.144,24.6
48600,28.144,24.6
48700,28.144,24.6
48800,28.144,24.6
48900,28.144,24.6
49000,28.144,24.6
49100,28.144,24.6
49200,28.144,24.6
49300,28.144,24.6
49400,28.144,24.6
49500,28.144,24.6
49600,28.144,24.6
49700,28.144,24.6
49800,28.144,24.6
49900,28.144,24.6
50000,28.144,24.6
50100,28.144,24.6
50200,28.144,24.6
50300,28.144,24.6
50400,28.144,24.6
50500,28.144,24.6
50600,28.144,24.6
50700,28.144,24.6
50800,28.144,24.6
50900,28.144,24.6
51000,28.144,24.6
51100,28.144,24.6
51200,28.144,24.6
51300,28.144,24.6
51400,28.144,24.6
51500,28.144,24.6
51600,28.144,24.6
51700,28.144,24.6
51800,28.144,24.6
51900,28.144,24.6
52000,28.144,24.6
52100,28.144,24.6
52200,28.144,24.6
52300,28.144,24.6
52400,28.144,24.6
52500,28.144,24.6
52600,28.144,24.6
52700,28.144,24.6
52800,28.144,24.6
52900,28.144,24.6
53000,28.144,24.6
53100,28.144,24.6
53200,28.144,24.6
53300,28.144,24.6
53400,28.144,24.6
53500,28.144,24.6
53600,28.144,24.6
53700,28.144,24.6
53800,28.144,24.6
53900,28.144,24.6
54000,28.144,24.6
54100,28.144,24.6
54200,28.144,24.6
54300,28.144,24.6
54400,28.144,24.6
54500,28.144,24.6
54600,28.144,24.6
54700,28.144,24.6
54800,28.144,24.6
54900,28.144,24.6
55000,28.144,24.6
55100,28.144,24.6
55200,28.144,24.6
55300,28.144,24.6
55400,28.144,24.6
55500,28.144,24.6
55600,28.136000000000003,24.6
55700,28.136000000000003,24.6
55800,28,24.6
55900,28,24.6
56000,27.815999999999995,24.6
56100,27.815999999999995,24.6
56200,27.815999999999995,24.6
56300,27.815999999999995,24.6
56400,27.815999999999995,24.6
56500,27.815999999999995,24.6
56600,27.815999999999995,24.6
56700,27.815999999999995,24.6
56800,27.815999999999995,24.6
56900,27.815999999999995,24.6
57000,27.815999999999995,24.6
57100,27.815999999999995,24.6
57200,27.815999999999995,24.6
57300,27.815999999999995,24.6
57400,27.815999999999995,24.6
57500,27.815999999999995,24.6
57600,27.815999999999995,24.6
57700,27.815999999999995,24.6
57800,27.815999999999995,24.6
57900,27.815999999999995,24.6
58000,27.815999999999995,24.6
58100,27.815999999999995,24.6
58200,27.815999999999995,24.6
58300,27.815999999999995,24.6
58400,27.815999999999995,24.6
58500,27.815999999999995,24.6
58600,27.815999999999995,24.6
58700,27.815999999999995,24.6
58800,27.815999999999995,24.6
58900,27.815999999999995,24.6
59000,27.815999999999995,24.6
59100,27.815999999999995,24.6
59200,27.815999999999995,24.6
59300,27.736,24.6
59400,27.736,24.6
59500,27.736,24.6
59600,27.264,24.6
59700,27.264,24.6
59800,27.264,24.6
59900,27.264,24.6
60000,27.264,24.6
60100,27.264,24.6
60200,27.264,24.6
60300,27.264,24.6
60400,27.264,24.6
60500,27.264,24.6
60600,27.264,24.6
60700,27.264,24.6
60800,27.264,24.6
60900,27.264,24.6
61000,27.264,24.6
61100,27.264,24.6
61200,27.264,24.6
61300,27.264,24.6
61400,27.264,24.6
61500,27.264,24.6
61600,27.264,24.6
61700,27.264,24.6
61800,27.264,24.6
61900,27.264,24.6
62000,27.264,24.6
62100,27.264,24.6
62200,27.264,24.6
62300,27.264,24.6
62400,27.264,24.6
62500,27.264,24.6
62600,27.264,24.6
62700,27.264,24.6
62800,27.264,24.6
62900,27.264,24.6
63000,27.264,24.6
63100,27.264,24.6
63200,27.264,24.6
63300,27.264,24.6
63400,27.264,24.6
63500,27.264,24.6
63600,27.264,24.6
63700,27.264,24.6
63800,27.264,24.6
63900,27.264,24.6
64000,27.264,24.6
64100,27.264,24.6
64200,27.264,24.6
64300,27.264,24.6
64400,27.264,24.6
64500,27.264,24.6
64600,27.264,24.6
64700,27.264,24.6
64800,27.264,24.6
64900,27.264,24.6
65000,27.264,24.6
65100,27.264,24.6
65200,27.264,24.6
65300,27.264,24.6
65400,27.264,24.6
65500,27.264,24.6
65600,27.264,24.6
65700,27.264,24.6
65800,27.264,24.6
65900,27.264,24.6
66000,27.264,24.6
66100,27.264,24.6
66200,27.264,24.6
66300,27.264,24.6
66400,27.264,24.6
66500,27.264,24.6
66600,27.183999999999997,24.6
66700,27.183999999999997,24.6
66800,26.895999999999997,24.6
66900,26.895999999999997,24.6
67000,26.895999999999997,24.6
67100,26.895999999999997,24.6
67200,26.895999999999997,24.6
67300,26.895999999999997,24.6
67400,26.895999999999997,24.6
67500,26.895999999999997,24.6
67600,26.895999999999997,24.6
67700,26.895999999999997,24.6
67800,26.895999999999997,24.6
67900,26.895999999999997,24.6
68000,26.895999999999997,24.6
68100,26.895999999999997,24.6
68200,26.895999999999997,24.6
68300,26.895999999999997,24.6
68400,26.895999999999997,24.6
68500,26.895999999999997,24.6
68600,26.895999999999997,24.6
68700,26.895999999999997,24.6
68800,26.895999999999997,24.6
68900,26.895999999999997,24.6
69000,26.895999999999997,24.6
69100,26.895999999999997,24.6
69200,26.895999999999997,24.6
69300,26.895999999999997,24.6
69400,26.895999999999997,24.6
69500,26.895999999999997,24.6
69600,26.895999999999997,24.6
69700,26.895999999999997,24.6
69800,26.895999999999997,24.6
69900,26.895999999999997,24.6
70000,26.8,24.6
70100,26.8,24.6
70200,26.8,24.6
70300,26.72,24.8
70400,26.72,24.8
70500,26.72,24.8
70600,26.72,24.8
70700,26.72,24.8
70800,26.72,24.8
70900,26.72,24.8
71000,26.72,24.8
71100,26.72,24.8
71200,26.72,24.8
71300,26.72,24.8
71400,26.72,24.8
71500,26.72,24.8
71600,26.72,24.8
71700,26.72,24.8
71800,26.72,24.8
71900,26.72,24.8
72000,26.72,24.8
72100,26.72,24.8
72200,26.72,24.8
72300,26.72,24.8
72400,26.72,24.8
72500,26.703999999999997,24.8
72600,26.703999999999997,24.8
72700,26.703999999999997,24.8
72800,26.703999999999997,24.8
72900,26.703999999999997,24.8
73000,26.703999999999997,24.8
73100,26.703999999999997,24.8
73200,26.703999999999997,24.8
73300,26.703999999999997,24.8
73400,26.703999999999997,24.8
73500,26.703999999999997,24.8
73600,26.703999999999997,24.8
73700,26.703999999999997,24.8
73800,26.703999999999997,24.8
73900,26.703999999999997,24.8
74000,26.703999999999997,24.8
74100,26.703999999999997,24.8
74200,26.703999999999997,24.8
74300,26.703999999999997,24.8
74400,26.703999999999997,24.8
74500,26.703999999999997,24.8
74600,26.703999999999997,24.8
74700,26.703999999999997,24.8
74800,26.703999999999997,24.8
74900,26.703999999999997,24.8
75000,26.703999999999997,24.8
75100,26.703999999999997,24.8
75200,26.703999999999997,24.8
75300,26.656,24.8
75400,26.656,24.8
75500,26.656,24.8
75600,26.656,24.8
75700,26.656,24.8
75800,26.656,24.8
75900,26.656,24.8
76000,26.560000000000002,24.8
76100,25.76,24.8
76200,25.76,24.8
76300,25.76,24.8
76400,25.76,24.8
76500,25.76,24.8
76600,25.76,24.8
76700,25.76,24.8
76800,25.76,24.8
76900,25.76,24.8
77000,25.76,24.8
77100,25.76,24.8
77200,25.76,24.8
77300,25.76,24.8
77400,25.76,24.8
77500,25.76,24.8
77600,25.76,24.8
77700,25.76,24.8
77800,25.76,24.8
77900,25.76,24.8
78000,25.76,24.8
78100,25.76,24.8
78200,25.76,24.8
78300,25.76,24.8
78400,25.76,24.8
78500,25.76,24.8
78600,25.76,24.8
78700,25.76,24.8
78800,25.76,24.8
78900,25.76,24.8
79000,25.76,24.8
79100,25.76,24.8
79200,25.76,24.8
79300,25.76,24.8
79400,25.76,24.8
79500,25.76,24.8
79600,25.76,24.8
79700,25.76,24.8
79800,25.76,24.8
79900,25.76,24.8
80000,25.76,24.8
80100,25.76,24.8
80200,25.76,24.8
80300,25.76,24.8
80400,25.76,24.8
80500,25.76,24.8
80600,25.76,24.8
80700,25.76,24.8
80800,25.76,24.8
80900,25.76,24.8
81000,25.76,24.8
81100,25.76,24.8
81200,25.76,24.8
81300,25.76,24.8
81400,25.76,24.8
81500,25.76,24.8
81600,25.76,24.8
81700,25.76,24.8
81800,25.76,24.8
81900,25.76,24.8
82000,25.76,24.8
82100,25.76,24.8
82200,25.76,24.8
82300,25.76,24.8
82400,25.76,24.8
82500,25.76,24.8
82600,25.76,24.8
82700,25.76,24.8
82800,25.76,24.8
82900,25.584,24.8
83000,25.584,24.8
83100,25.584,24.8
83200,25.584,24.8
83300,25.584,24.8
83400,25.584,24.8
83500,25.584,24.8
83600,25.584,24.8
83700,25.584,24.8
83800,25.584,24.8
83900,25.584,24.8
84000,25.584,24.8
84100,25.584,24.8
84200,25.584,24.8
84300,25.584,24.8
84400,25.584,24.8
84500,25.584,24.8
84600,25.584,24.8
84700,25.584,24.8
84800,25.584,24.8
84900,25.584,24.8
85000,25.584,24.8
85100,25.584,24.8
85200,25.584,24.8
85300,25.584,24.8
85400,25.584,24.8
85500,25.584,24.8
85600,24.880000000000003,24.8
85700,24.880000000000003,24.8
85800,24.880000000000003,24.8
85900,24.68,24.8
86000,24.68,24.8
86100,24.68,24.8
86200,24.68,24.8
86300,24.68,24.8
86400,24.68,24.8
86500,24.68,24.8
86600,24.68,24.8
86700,24.68,24.8
86800,24.68,24.8
86900,24.68,24.8
87000,24.68,24.8
87100,24.68,24.8
87200,24.68,24.8
87300,24.68,24.8
87400,24.68,24.8
87500,24.68,24.8
87600,24.68,24.8
87700,24.68,24.8
87800,24.68,24.8
87900,24.68,24.8
88000,24.68,24.8
88100,24.68,24.8
88200,24.68,24.8
88300,24.68,24.8
88400,24.68,24.8
88500,24.68,24.8
88600,24.68,24.8
88700,24.68,24.8
88800,24.68,24.8
88900,24.68,24.8
89000,24.68,24.8
89100,24.68,24.8
89200,24.68,24.8
89300,24.68,24.8
89400,24.68,24.8
89500,24.68,24.8
89600,24.68,24.8
89700,24.68,24.8
89800,24.68,24.8
89900,24.68,24.8
90000,24.68,24.8
90100,24.68,24.8
90200,24.68,24.8
90300,24.68,24.8
90400,24.68,24.8
90500,24.68,24.8
90600,24.68,24.8
90700,24.552,24.8
90800,24.552,24.8
90900,24.552,24.8
91000,24.552,24.8
91100,24.552,24.8
91200,24.552,24.8
91300,24.552,24.8
91400,24.552,24.8
91500,24.552,24.8
91600,24.552,24.8
91700,24.552,24.8
91800,24.552,24.8
91900,24.552,24.8
92000,24.552,24.8
92100,24.552,24.8
92200,24.552,24.8
92300,24.552,24.8
92400,24.552,24.8
92500,24.552,24.8
92600,24.552,24.8
92700,24.552,24.8
92800,24.552,24.8
92900,24.552,24.8
93000,24.552,24.8
93100,24.552,24.8
93200,24.552,24.8
93300,24.552,24.8
93400,24.552,24.8
93500,24.552,24.8
93600,24.44,24.8
93700,24.44,24.8
93800,24.44,24.8
93900,24.44,24.8
94000,24.44,24.8
94100,24.44,24.8
94200,24.44,24.8
94300,24.44,24.8
94400,24.44,24.8
94500,24.44,24.8
94600,24.44,24.8
94700,24.44,24.8
94800,24.44,24.8
94900,24.44,24.8
95000,24.44,24.8
95100,24.44,24.8
95200,24.44,24.8
95300,24.168,24.8
95400,24.168,24.8
95500,24.168,24.8
95600,24.168,24.8
95700,24.168,24.8
95800,24.168,24.8
95900,24.168,24.8
96000,24.168,24.8
96100,24.168,24.8
96200,24.168,24.8
96300,24.168,24.8
96400,24.168,24.8
96500,24.168,24.8
96600,24.168,24.8
96700,24.168,24.8
96800,24.168,24.8
96900,24.168,24.8
97000,24,24.8
97100,24,24.8
97200,23.344,24.8
97300,23.344,24.8
97400,23.344,24.8
97500,23.344,24.8
97600,23.344,24.8
97700,23.344,24.8
97800,23.344,24.8
97900,23.344,24.8
98000,23.344,24.8
98100,23.344,24.8
98200,23.344,24.8
98300,23.344,24.8
98400,23.344,24.8
98500,23.344,24.8
98600,23.344,24.8
98700,23.344,24.8
98800,23.344,24.8
98900,23.344,24.8
99000,23.344,24.8
99100,23.344,24.8
99200,23.344,24.8
99300,23.344,24.8
99400,23.344,24.8
99500,23.344,24.8
99600,23.344,24.8
99700,23.344,24.8
99800,23.344,24.8
99900,23.344,24.8
100000,23.344,24.8
100100,23.344,24.8
100200,23.344,24.8
100300,23.344,24.8
100400,23.344,24.8
100500,23.344,24.8
100600,23.168,24.8
100700,23.168,24.8
100800,23.168,24.8
100900,23.168,24.8
101000,23.168,24.8
101100,23.168,24.8
101200,23.168,24.8
101300,23.168,24.8
101400,23.168,24.8
101500,23.168,24.8
101600,23.168,24.8
101700,23.168,24.8
101800,23.168,24.8
101900,23.168,24.8
102000,23.168,24.8
102100,23.168,24.8
102200,23.168,24.8
102300,23.168,24.8
102400,23.168,24.8
102500,23.168,24.8
102600,23.168,24.8
102700,23.168,24.8
102800,23.168,24.8
102900,23.168,24.8
103000,23.168,24.8
103100,23.168,24.8
103200,23.168,24.8
103300,23.168,24.8
103400,23.168,24.8
103500,23.168,24.8
103600,23.168,24.8
103700,23.168,24.8
103800,23.168,24.8
103900,23.168,24.8
104000,23.168,24.8
104100,23.168,24.8
104200,23.168,24.8
104300,23.168,24.8
104400,23.168,24.8
104500,23.168,24.8
104600,23.168,24.8
104700,23.168,24.8
104800,23.168,24.8
104900,23.168,24.8
105000,23.168,24.8
105100,23.168,24.8
105200,23.168,24.8
105300,23.168,24.8
105400,23.168,24.8
105500,23.168,24.8
105600,23.168,24.8
105700,23.168,24.8
105800,23.168,24.8
105900,23.168,24.8
106000,23.168,24.8
106100,23.168,24.8
106200,23.168,24.8
106300,23.168,24.8
106400,23.168,24.8
106500,23.168,24.8
106600,23.168,24.8
106700,23.168,24.8
106800,23.168,24.8
106900,23.168,24.8
107000,23.168,24.8
107100,23.168,24.8
107200,23.168,24.8
107300,23.168,24.8
107400,23.168,24.8
107500,23.168,24.8
107600,23.168,24.8
107700,23.168,24.8
107800,23.168,24.8
107900,23.168,24.8
108000,23.168,24.8
108100,23.168,24.8
108200,23.168,24.8
108300,23.168,24.8
108400,23.168,24.8
108500,23.168,24.8
108600,23.168,24.8
108700,23.168,24.8
108800,23.168,24.8
108900,23.168,24.8
109000,23.168,24.8
109100,23.168,24.8
109200,23.128,24.8
109300,23.128,24.8
109400,23.128,24.8
109500,23.128,24.8
109600,23.128,24.8
109700,23.128,24.8
109800,23.128,24.8
109900,23.128,24.8
110000,23.128,24.8
110100,23.128,24.8
110200,23.128,24.8
110300,23.128,24.8
110400,23.128,24.8
110500,23.128,24.8
110600,23.128,24.8
110700,23.128,24.8
110800,23.128,24.8
110900,23.128,24.8
111000,23.128,24.8
111100,23.128,24.8
111200,23.128,24.8
111300,22.576,24.8
111400,22.576,24.8
111500,22.576,24.8
111600,22.576,24.8
111700,22.576,24.8
111800,22.576,24.8
111900,22.576,24.8
112000,22.576,24.8
112100,22.576,24.8
112200,22.576,24.8
112300,22.576,24.8
112400,22.576,24.8
112500,22.576,24.8
112600,22.576,24.8
112700,22.576,24.8
112800,22.576,24.8
112900,22.576,24.8
113000,22.576,24.8
113100,22.576,24.8
113200,22.576,24.8
113300,22.576,24.8
113400,22.576,24.8
113500,22.576,24.8
113600,22.576,24.8
113700,22.576,24.8
113800,22.576,24.8
113900,22.576,24.8
114000,22.576,24.8
114100,22.576,24.8
114200,22.576,24.8
114300,22.576,24.8
114400,22.576,24.8
114500,22.576,24.8
114600,22.576,24.8
114700,22.576,24.8
114800,22.576,24.8
114900,22.576,24.8
115000,22.576,24.8
115100,22.576,24.8
115200,22.576,24.8
115300,22.576,24.8
115400,22.576,24.8
115500,22.576,24.8
115600,22.576,24.8
115700,22.576,24.8
115800,22.576,24.8
115900,22.576,24.8
116000,22.576,24.8
116100,22.576,24.8
116200,22.576,24.8
116300,22.576,24.8
116400,22.576,24.8
116500,22.576,24.8
116600,22.576,24.8
116700,22.576,24.8
116800,22.576,24.8
116900,22.576,24.8
117000,22.576,24.8
117100,22.576,24.8
117200,22.576,24.8
117300,22.576,24.8
117400,22.576,24.8
117500,22.576,24.8
117600,22.576,24.8
117700,22.576,24.8
117800,22.576,24.8
117900,22.576,24.8
118000,22.576,24.8
118100,22.576,24.8
118200,22.576,24.8
118300,22.576,24.8
118400,22.576,24.8
118500,22.576,24.8
118600,22.576,24.8
118700,22.576,24.8
118800,22.576,24.8
118900,22.576,24.8
119000,22.576,24.8
119100,22.576,24.8
119200,22.576,24.8
119300,22.576,24.8
119400,22.576,24.8
119500,22.576,24.8
119600,22.576,24.8
119700,22.576,24.8
119800,22.576,24.8
119900,22.576,24.8
120000,22.576,24.8
120100,22.576,24.8
120200,22.576,24.8
120300,22.576,24.8
120400,22.576,24.8
120500,22.576,24.8
120600,22.576,24.8
120700,22.576,24.8
120800,22.576,24.8
120900,22.576,24.8
121000,22.576,24.8
121100,22.576,24.8
121200,22.576,24.8
121300,22.576,24.8
121400,22.576,24.8
121500,22.576,24.8
121600,22.576,24.8
121700,22.576,24.8
121800,22.576,24.8
121900,22.576,24.8
122000,22.576,24.8
122100,22.576,24.8
122200,22.576,24.8
122300,22.576,24.8
122400,22.576,24.8
122500,22.576,24.8
122600,22.576,24.8
122700,22.576,24.8
122800,22.576,24.8
122900,22.576,24.8
123000,22.576,24.8
123100,22.576,24.8
123200,22.576,24.8
123300,22.576,24.8
123400,22.576,24.8
123500,22.576,24.8
123600,22.576,24.8
123700,22.576,24.8
123800,22.576,24.8
123900,22.576,24.8
124000,22.576,24.8
124100,22.576,24.8
124200,22.576,24.8
124300,22.576,24.8
124400,22.576,24.8
124500,22.576,24.8
124600,22.576,24.8
124700,22.576,24.8
124800,22.576,24.8
124900,22.576,24.8
125000,22.576,24.8
125100,22.576,24.8
125200,22.576,24.8
125300,22.576,24.8
125400,22.576,24.8
125500,22.576,24.8
125600,22.576,24.8
125700,22.576,24.8
125800,22.576,24.8
125900,22.576,24.8
126000,22.568,24.6
126100,22.568,24.6
126200,22.568,24.6
126300,22.568,24.6
126400,22.568,24.6
126500,22.568,24.6
126600,22.568,24.6
126700,22.568,24.6
126800,22.568,24.6
126900,22.568,24.6
127000,22.568,24.6
127100,22.568,24.6
127200,22.568,24.6
127300,22.568,24.6
127400,22.568,24.6
127500,22.568,24.6
127600,22.568,24.6
127700,22.568,24.6
127800,22.568,24.6
127900,22.568,24.6
128000,22.568,24.6
128100,22.568,24.6
128200,22.568,24.6
128300,22.568,24.6
128400,22.568,24.6
128500,22.568,24.6
128600,22.536,24.6
128700,22.536,24.6
128800,22.536,24.6
128900,22.536,24.6
129000,22.536,24.6
129100,22.536,24.6
129200,22.536,24.6
129300,22.536,24.6
129400,22.536,24.6
129500,22.536,24.6
129600,22.536,24.6
129700,22.536,24.6
129800,22.536,24.6
129900,22.536,24.6
130000,22.536,24.6
130100,22.536,24.6
130200,22.536,24.6
130300,22.536,24.6
130400,22.536,24.6
130500,22.536,24.6
130600,22.536,24.6
130700,22.536,24.6
130800,22.536,24.6
130900,22.536,24.6
131000,22.536,24.6
131100,22.536,24.6
131200,22.536,24.6
131300,22.536,24.6
131400,22.536,24.6
131500,22.536,24.6
131600,22.536,24.6
131700,22.536,24.6
131800,22.536,24.6
131900,22.536,24.6
132000,22.536,24.6
132100,22.536,24.6
132200,22.536,24.6
132300,22.536,24.6
132400,22.536,24.6
132500,22.536,24.6
132600,22.536,24.6
132700,22.536,24.6
132800,22.536,24.6
132900,22.536,24.6
133000,22.536,24.6
133100,22.536,24.6
133200,22.536,24.6
133300,22.536,24.6
133400,22.536,24.6
133500,22.536,24.6
133600,22.536,24.6
133700,22.536,24.6
133800,22.536,24.6
133900,22.536,24.6
134000,22.536,24.6
134100,22.536,24.6
134200,22.536,24.6
134300,22.536,24.6
134400,22.536,24.6
134500,22.536,24.6
134600,22.536,24.6
134700,22.536,24.6
134800,22.536,24.6
134900,22.536,24.6
135000,22.536,24.6
135100,22.536,24.6
135200,22.536,24.6
135300,22.536,24.6
135400,22.536,24.6
135500,22.536,24.6
135600,22.536,24.6
135700,22.536,24.6
135800,22.536,24.6
135900,22.360000000000003,24.6
136000,22.360000000000003,24.6
136100,22.360000000000003,24.6
136200,22.360000000000003,24.6
136300,22.360000000000003,24.6
136400,22.360000000000003,24.6
136500,22.360000000000003,24.6
136600,22.360000000000003,24.6
136700,22.360000000000003,24.6
136800,22.360000000000003,24.6
136900,22.360000000000003,24.6
137000,22.360000000000003,24.6
137100,22.360000000000003,24.6
137200,22.360000000000003,24.6
137300,22.360000000000003,24.6
137400,22.360000000000003,24.6
137500,22.360000000000003,24.6
137600,22.360000000000003,24.6
137700,22.360000000000003,24.6
137800,22.360000000000003,24.6
137900,22.360000000000003,24.6
138000,22.360000000000003,24.6
138100,22.360000000000003,24.6
138200,22.360000000000003,24.6
138300,22.360000000000003,24.6
138400,22.360000000000003,24.6
138500,22.360000000000003,24.6
138600,22.360000000000003,24.6
138700,22.360000000000003,24.6
138800,22.360000000000003,24.6
138900,22.360000000000003,24.6
139000,22.360000000000003,24.6
139100,22.360000000000003,24.6
139200,22.360000000000003,24.6
139300,22.360000000000003,24.6
139400,22.360000000000003,24.6
139500,22.360000000000003,24.6
139600,22.360000000000003,24.6
139700,22.360000000000003,24.6
139800,22.360000000000003,24.6
139900,22.360000000000003,24.6
140000,22.360000000000003,24.6
140100,22.360000000000003,24.6
140200,22.360000000000003,24.6
140300,22.360000000000003,24.6
140400,22.360000000000003,24.6
140500,22.360000000000003,24.6
140600,22.360000000000003,24.6
140700,22.360000000000003,24.6
140800,22.360000000000003,24.6
140900,22.360000000000003,24.6
141000,22.360000000000003,24.6
141100,22.360000000000003,24.6
141200,22.360000000000003,24.6
141300,22.360000000000003,24.6
141400,22.360000000000003,24.6
141500,22.360000000000003,24.6
141600,22.360000000000003,24.6
141700,22.360000000000003,24.6
141800,22.360000000000003,24.6
141900,22.360000000000003,24.6
142000,22.360000000000003,24.6
142100,22.360000000000003,24.6
142200,22.360000000000003,24.6
142300,22.360000000000003,24.6
142400,22.360000000000003,24.6
142500,22.360000000000003,24.6
142600,22.360000000000003,24.6
142700,22.360000000000003,24.6
142800,22.360000000000003,24.6
142900,22.360000000000003,24.6
143000,22.360000000000003,24.6
143100,22.360000000000003,24.6
143200,22.360000000000003,24.6
143300,22.360000000000003,24.6
143400,22.360000000000003,24.6
143500,22.360000000000003,24.6
143600,22.360000000000003,24.6
143700,22.360000000000003,24.6
143800,22.360000000000003,24.6
143900,22.360000000000003,24.6
144000,22.360000000000003,24.6
144100,22.360000000000003,24.6
144200,22.360000000000003,24.6
144300,22.360000000000003,24.6
144400,22.360000000000003,24.6
144500,22.360000000000003,24.6
144600,22.360000000000003,24.6
144700,22.360000000000003,24.6
144800,22.360000000000003,24.6
144900,22.360000000000003,24.6
145000,22.360000000000003,24.6
145100,22.360000000000003,24.6
145200,22.360000000000003,24.6
145300,22.360000000000003,24.6
145400,22.360000000000003,24.6
145500,22.360000000000003,24.6
145600,22.360000000000003,24.6
145700,22.360000000000003,24.6
145800,22.360000000000003,24.6
145900,22.360000000000003,24.6
146000,22.360000000000003,24.6
146100,22.360000000000003,24.6
146200,22.360000000000003,24.6
146300,22.360000000000003,24.6
146400,22.360000000000003,24.6
146500,22.360000000000003,24.6
146600,22.360000000000003,24.6
146700,22.360000000000003,24.6
146800,22.360000000000003,24.6
146900,22.360000000000003,24.6
147000,22.360000000000003,24.6
147100,22.360000000000003,24.6
147200,22.360000000000003,24.6
147300,22.360000000000003,24.6
147400,22.360000000000003,24.6
147500,22.360000000000003,24.6
147600,22.360000000000003,24.6
147700,22.360000000000003,24.6
147800,22.360000000000003,24.6
147900,22.360000000000003,24.6
148000,22.360000000000003,24.6
148100,22.360000000000003,24.6
148200,22.360000000000003,24.6
148300,22.360000000000003,24.6
148400,22.360000000000003,24.6
148500,22.360000000000003,24.6
148600,22.360000000000003,24.6
148700,22.360000000000003,24.6
148800,22.360000000000003,24.6
148900,22.360000000000003,24.6
149000,22.360000000000003,24.6
149100,22.360000000000003,24.6
149200,22.360000000000003,24.6
149300,22.360000000000003,24.6
149400,22.360000000000003,24.6
149500,22.360000000000003,24.6
149600,22.360000000000003,24.6
149700,22.360000000000003,24.6
149800,22.360000000000003,24.6
149900,22.360000000000003,24.6
150000,22.360000000000003,24.6
150100,22.360000000000003,24.6
150200,22.360000000000003,24.6
150300,22.360000000000003,24.6
150400,22.360000000000003,24.6
150500,22.360000000000003,24.6
150600,22.360000000000003,24.6
150700,22.360000000000003,24.6
150800,22.360000000000003,24.6
150900,22.360000000000003,24.6
151000,22.360000000000003,24.6
151100,22.360000000000003,24.6
151200,22.360000000000003,24.6
151300,22.360000000000003,24.6
151400,22.360000000000003,24.6
151500,22.360000000000003,24.6
151600,22.360000000000003,24.6
151700,22.360000000000003,24.6
151800,22.360000000000003,24.6
151900,22.360000000000003,24.6
152000,22.360000000000003,24.6
152100,22.360000000000003,24.6
152200,22.360000000000003,24.6
152300,22.360000000000003,24.6
152400,22.360000000000003,24.6
152500,22.360000000000003,24.6
152600,22.360000000000003,24.6
152700,22.360000000000003,24.6
152800,22.360000000000003,24.6
152900,22.360000000000003,24.6
153000,22.360000000000003,24.6
153100,22.360000000000003,24.6
153200,22.360000000000003,24.6
153300,22.360000000000003,24.6
153400,22.360000000000003,24.6
153500,22.360000000000003,24.6
153600,22.360000000000003,24.6
153700,22.360000000000003,24.6
153800,22.360000000000003,24.6
153900,22.360000000000003,24.6
154000,22.360000000000003,24.6
154100,22.360000000000003,24.6
154200,22.360000000000003,24.6
154300,22.360000000000003,24.6
154400,22.360000000000003,24.6
154500,22.360000000000003,24.6
154600,22.360000000000003,24.6
154700,22.360000000000003,24.6
154800,22.360000000000003,24.6
154900,22.360000000000003,24.6
155000,22.360000000000003,24.6
155100,22.360000000000003,24.6
155200,22.360000000000003,24.6
155300,22.360000000000003,24.6
155400,22.360000000000003,24.6
155500,22.360000000000003,24.6
155600,22.360000000000003,24.6
155700,22.360000000000003,24.6
155800,22.360000000000003,24.6
155900,22.360000000000003,24.6
156000,22.360000000000003,24.6
156100,22.360000000000003,24.6
156200,22.360000000000003,24.6
156300,22.360000000000003,24.6
156400,22.360000000000003,24.6
156500,22.360000000000003,24.6
156600,22.360000000000003,24.6
156700,22.360000000000003,24.6
156800,22.360000000000003,24.6
156900,22.360000000000003,24.6
157000,22.360000000000003,24.6
157100,22.360000000000003,24.6
157200,22.360000000000003,24.6
157300,22.360000000000003,24.6
157400,22.360000000000003,24.6
157500,22.360000000000003,24.6
157600,22.360000000000003,24.6
157700,22.360000000000003,24.6
157800,22.360000000000003,24.6
157900,22.360000000000003,24.6
158000,22.360000000000003,24.6
158100,22.360000000000003,24.6
158200,22.360000000000003,24.6
158300,22.360000000000003,24.6
158400,22.360000000000003,24.6
158500,22.360000000000003,24.6
158600,22.360000000000003,24.6
158700,22.360000000000003,24.6
158800,22.360000000000003,24.6
158900,22.360000000000003,24.6
159000,22.360000000000003,24.6
159100,22.360000000000003,24.6
159200,22.360000000000003,24.6
159300,22.360000000000003,24.6
159400,21.855999999999998,24.6
159500,21.855999999999998,24.6
159600,21.855999999999998,24.6
159700,21.855999999999998,24.6
159800,21.855999999999998,24.6
159900,21.855999999999998,24.6
160000,21.855999999999998,24.6
160100,21.855999999999998,24.6
160200,21.855999999999998,24.6
160300,21.855999999999998,24.6
160400,21.855999999999998,24.6
160500,21.855999999999998,24.6
160600,21.855999999999998,24.6
160700,21.855999999999998,24.6
160800,21.855999999999998,24.6
160900,21.855999999999998,24.6
161000,21.855999999999998,24.6
161100,21.855999999999998,24.6
161200,21.855999999999998,24.6
161300,21.855999999999998,24.6
161400,21.855999999999998,24.6
161500,21.855999999999998,24.6
161600,21.855999999999998,24.6
161700,21.855999999999998,24.6
161800,21.855999999999998,24.6
161900,21.855999999999998,24.6
162000,21.855999999999998,24.6
162100,21.855999999999998,24.6
162200,21.855999999999998,24.6
162300,21.855999999999998,24.6
162400,21.855999999999998,24.6
162500,21.855999999999998,24.6
162600,21.855999999999998,24.6
162700,21.855999999999998,24.6
162800,21.855999999999998,24.6
162900,21.855999999999998,24.6
163000,21.855999999999998,24.6
163100,21.855999999999998,24.6
163200,21.855999999999998,24.6
163300,21.855999999999998,24.6
163400,21.855999999999998,24.6
163500,21.855999999999998,24.6
163600,21.855999999999998,24.6
163700,21.855999999999998,24.6
163800,21.855999999999998,24.6
163900,21.855999999999998,24.6
164000,21.855999999999998,24.6
164100,21.855999999999998,24.6
164200,21.855999999999998,24.6
164300,21.855999999999998,24.6
164400,21.855999999999998,24.6
164500,21.855999999999998,24.6
164600,21.855999999999998,24.6
164700,21.855999999999998,24.6
164800,21.855999999999998,24.6
164900,21.855999999999998,24.6
165000,21.855999999999998,24.6
165100,21.855999999999998,24.6
165200,21.855999999999998,24.6
165300,21.855999999999998,24.6
165400,21.855999999999998,24.6
165500,21.855999999999998,24.6
165600,21.855999999999998,24.6
165700,21.855999999999998,24.6
165800,21.855999999999998,24.6
165900,21.855999999999998,24.6
166000,21.855999999999998,24.6
166100,21.855999999999998,24.6
166200,21.855999999999998,24.6
166300,21.855999999999998,24.6
166400,21.832,24.6
166500,21.832,24.6
166600,21.832,24.6
166700,21.832,24.6
166800,21.832,24.6
166900,21.832,24.6
167000,21.832,24.6
167100,21.832,24.6
167200,21.832,24.6
167300,21.832,24.6
167400,21.832,24.6
167500,21.832,24.6
167600,21.832,24.6
167700,21.832,24.6
167800,21.832,24.6
167900,21.832,24.6
168000,21.832,24.6
168100,21.832,24.6
168200,21.832,24.6
168300,21.832,24.6
168400,21.832,24.6
168500,21.832,24.6
168600,21.832,24.6
168700,21.832,24.6
168800,21.832,24.6
168900,21.832,24.6
169000,21.832,24.6
169100,21.832,24.6
169200,21.832,24.6
169300,21.832,24.6
169400,21.832,24.6
169500,21.832,24.6
169600,21.832,24.6
169700,21.832,24.6
169800,21.832,24.6
169900,21.832,24.6
170000,21.832,24.6
170100,21.832,24.6
170200,21.832,24.6
170300,21.832,24.6
170400,21.832,24.6
170500,21.832,24.6
170600,21.832,24.6
170700,21.832,24.6
170800,21.832,24.6
170900,21.832,24.6
171000,21.832,24.6
171100,21.832,24.6
171200,21.832,24.6
171300,21.832,24.6
171400,21.832,24.6
171500,21.832,24.6
171600,21.832,24.6
171700,21.832,24.6
171800,21.832,24.6
171900,21.832,24.6
172000,21.832,24.6
172100,21.832,24.6
172200,21.832,24.6
172300,21.832,24.6
172400,21.832,24.6
172500,21.832,24.6
172600,21.832,24.6
172700,21.832,24.6
172800,21.832,24.6
172900,21.832,24.6
173000,21.832,24.6
173100,21.832,24.6
173200,21.832,24.6
173300,21.832,24.6
173400,21.832,24.6
173500,21.832,24.6
173600,21.832,24.6
173700,21.832,24.6
173800,21.832,24.6
173900,21.832,24.6
174000,21.832,24.6
174100,21.832,24.6
174200,21.832,24.6
174300,21.832,24.6
174400,21.832,24.6
174500,21.832,24.6
174600,21.832,24.6
174700,21.832,24.6
174800,21.832,24.6
174900,21.832,24.6
175000,21.832,24.6
175100,21.832,24.6
175200,21.832,24.6
175300,21.832,24.6
175400,21.832,24.6
175500,21.832,24.6
175600,21.832,24.6
175700,21.832,24.6
175800,21.832,24.6
175900,21.832,24.6
176000,21.832,24.6
176100,21.832,24.6
176200,21.832,24.6
176300,21.832,24.6
176400,21.832,24.6
176500,21.832,24.6
176600,21.832,24.6
176700,21.832,24.6
176800,21.832,24.6
176900,21.832,24.6
177000,21.832,24.6
177100,21.832,24.6
177200,21.832,24.6
177300,21.832,24.6
177400,21.832,24.6
177500,21.832,24.6
177600,21.832,24.6
177700,21.832,24.6
177800,21.832,24.6
177900,21.832,24.6
178000,21.832,24.6
178100,21.832,24.6
178200,21.832,24.6
178300,21.832,24.6
178400,21.832,24.6
178500,21.832,24.6
178600,21.832,24.6
178700,21.832,24.6
178800,21.832,24.6
178900,21.832,24.6
179000,21.832,24.6
179100,21.832,24.6
179200,21.832,24.6
179300,21.832,24.6
179400,21.832,24.6
179500,21.832,24.6
179600,21.832,24.6
179700,21.832,24.6
179800,21.832,24.6
179900,21.832,24.6
180000,21.832,24.6
180100,21.832,24.6
180200,21.832,24.6
180300,21.832,24.6
180400,21.832,24.6
180500,21.832,24.6
180600,21.832,24.6
180700,21.832,24.6
180800,21.832,24.6
180900,21.832,24.6
181000,21.832,24.6
181100,21.832,24.6
181200,21.832,24.6
181300,21.832,24.6
181400,21.832,24.6
181500,21.832,24.6
181600,21.832,24.6
181700,21.832,24.6
181800,21.832,24.6
181900,21.832,24.6
182000,21.832,24.6
182100,21.832,24.6
182200,21.832,24.6
182300,21.832,24.6
182400,21.832,24.6
182500,21.832,24.6
182600,21.832,24.6
182700,21.832,24.6
182800,21.832,24.6
182900,21.832,24.6
183000,21.832,24.6
183100,21.832,24.6
183200,21.832,24.6
183300,21.832,24.6
183400,21.832,24.6
183500,21.832,24.6
183600,21.832,24.6
183700,21.832,24.6
183800,21.832,24.6
183900,21.832,24.6
184000,21.832,24.6
184100,21.832,24.6
184200,21.832,24.6
184300,21.832,24.6
184400,21.832,24.6
184500,21.832,24.6
184600,21.832,24.6
184700,21.832,24.6
184800,21.832,24.6
184900,21.832,24.6
185000,21.832,24.6
185100,21.832,24.6
185200,21.832,24.6
185300,21.832,24.6
185400,21.832,24.6
185500,21.832,24.6
185600,21.832,24.6
185700,21.832,24.6
185800,21.832,24.6
185900,21.832,24.6
186000,21.832,24.6
186100,21.832,24.6
186200,21.832,24.6
186300,21.832,24.6
186400,21.832,24.6
186500,21.832,24.6
186600,21.832,24.6
186700,21.832,24.6
186800,21.832,24.6
186900,21.832,24.6
187000,21.832,24.6
187100,21.832,24.6
187200,21.832,24.6
187300,21.832,24.6
187400,21.832,24.6
187500,21.832,24.6
187600,21.832,24.6
187700,21.832,24.6
187800,21.832,24.6
187900,21.832,24.6
188000,21.832,24.6
188100,21.832,24.6
188200,21.832,24.6
188300,21.832,24.6
188400,21.832,24.6
188500,21.832,24.6
188600,21.832,24.6
188700,21.832,24.6
188800,21.832,24.6
188900,21.832,24.6
189000,21.832,24.6
189100,21.832,24.6
189200,21.832,24.6
189300,21.832,24.6
189400,21.832,24.6
189500,21.832,24.6
189600,21.832,24.6
189700,21.832,24.6
189800,21.832,24.6
189900,21.832,24.6
190000,21.832,24.6
190100,21.832,24.6
190200,21.832,24.6
190300,21.832,24.6
190400,21.832,24.6
190500,21.832,24.6
190600,21.832,24.6
190700,21.832,24.6
190800,21.832,24.6
190900,21.832,24.6
191000,21.832,24.6
191100,21.832,24.6
191200,21.832,24.6
191300,21.832,24.6
191400,21.832,24.6
191500,21.832,24.6
191600,21.832,24.6
191700,21.832,24.6
191800,21.832,24.6
191900,21.832,24.6
192000,21.832,24.6
192100,21.832,24.6
192200,21.832,24.6
192300,21.832,24.6
192400,21.832,24.6
192500,21.832,24.6
192600,21.832,24.6
192700,21.832,24.6
192800,21.832,24.6
192900,21.832,24.6
193000,21.832,24.6
193100,21.832,24.6
193200,21.832,24.6
193300,21.832,24.6
193400,21.832,24.6
193500,21.832,24.6
193600,21.832,24.6
193700,21.832,24.6
193800,21.832,24.6
193900,21.832,24.6
194000,21.832,24.6
194100,21.832,24.6
194200,21.832,24.6
194300,21.832,24.6
194400,21.832,24.6
194500,21.832,24.6
194600,21.832,24.6
194700,21.832,24.6
194800,21.832,24.6
194900,21.832,24.6
195000,21.832,24.6
195100,21.832,24.6
195200,21.832,24.6
195300,21.832,24.6
195400,21.832,24.6
195500,21.832,24.6
195600,21.832,24.6
195700,21.832,24.6
195800,21.832,24.6
195900,21.832,24.6
196000,21.832,24.6
196100,21.832,24.6
196200,21.832,24.6
196300,21.832,24.6
196400,21.832,24.6
196500,21.832,24.6
196600,21.832,24.6
196700,21.832,24.6
196800,21.832,24.6
196900,21.832,24.6
197000,21.832,24.6
197100,21.832,24.6
197200,21.832,24.6
197300,21.832,24.6
197400,21.832,24.6
197500,21.832,24.6
197600,21.832,24.6
197700,21.832,24.6
197800,21.832,24.6
197900,21.832,24.6
198000,21.832,24.6
198100,21.832,24.6
198200,21.832,24.6
198300,21.832,24.6
198400,21.832,24.6
198500,21.832,24.6
198600,21.832,24.6
198700,21.832,24.6
198800,21.832,24.6
198900,21.832,24.6
199000,21.832,24.6
199100,21.832,24.6
199200,21.832,24.6
199300,21.832,24.6
199400,21.832,24.6
199500,21.832,24.6
199600,21.832,24.6
199700,21.832,24.6
199800,21.832,24.6
199900,21.832,24.6
199999,21.832,24.6

START ALGORITHM
h1: (a22) * (b53 + b54 + b41 - b35 - b52)
h5: (-a53) * (b35)
h10: (a51 - a41 - a11 - a31) * (b14 + b43 + b13 + b32 + b25 - b51 - b52)
h15: (a25) * (b42 + b21 + b45)
h18: (-a41 - a55) * (b44 + b54)
h26: (a34 + a23 + a22 + a34 + a31 + a25 - a35 - a11 - a21 - a43 - a51 - a54 - a35 - a23 - a42 - a23) * (-b32 - b54)
h41: (a53) * (-b24 - b53)
h42: (a24 - a34) * (b13 + b52 + b21 + b11 + b35 + b23 + b12 - b33 - b11 - b23 - b25 - b54)
h48: (a44 + a33 + a25 - a25) * (b35 + b22)
h53: (a23 + a54 + a44 - a22 - a54) * (-b53)
h59: (a22 + a41 - a33 - a53 - a25) * (b33 + b52 - b14 - b35 - b55 - b33)
h73: (-a55) * (b52 - b33 - b23)
h76: (a32 - a14) * (-b55 - b12 - b43 - b14)
h89: (a33 + a32 + a55 + a14 - a12 - a54 - a32) * (b54 - b13)
h96: (a23 - a14 - a52) * (b11 - b53 - b44)
h97: (a15 - a43 - a15) * (b23 + b43 + b53 + b11 - b52)
h105: (a44 + a11 + a15 - a51 - a33 - a41 - a23 - a32) * (b33 + b15 + b35 + b44 + b53 - b15 - b33 - b24 - b22 - b53)
h109: (a13 + a25 - a14 - a22 - a53 - a34 - a32) * (b13 - b54)
h115: (-a41) * (b53 + b42 + b51 + b15 + b42 - b33)
h121: (a21 + a34 + a31 - a12 - a21 - a21 - a54 - a13) * (b41 + b44 + b31 + b41 + b35 + b32 + b55 + b43 + b52 - b32 - b54 - b22 - b31 - b43 - b25 - b24 - b53 - b52)
h125: (a51 + a31 - a11) * (b52 + b15 + b25 + b12 + b24 + b54 - b24 - b31 - b11 - b45 - b25 - b24 - b23 - b54 - b52)
h131: (a21) * (b51 + b35 + b14 - b55 - b32 - b22 - b55)
h137: (a32 + a55 + a51 + a41 + a11 + a33 + a13 - a42 - a11 - a21 - a21 - a52 - a35) * (b14 + b54 + b54 - b43 - b35 - b35 - b45)
h139: (a11 + a24 + a12 + a55 - a12 - a52 - a43 - a42) * (b25 + b43 + b32 + b41)
h140: (a14 + a21) * (b43 + b21 + b22 - b42 - b35)
h142: (-a15) * (b33 + b52 + b34 + b23 - b12)
h144: (-a13 - a12) * (b44 - b55 - b44)
h170: (a31 + a11 - a54 - a41 - a44 - a11) * (b41 + b45 + b25 + b31 - b15 - b24 - b32 - b25)
h211: (a11 + a25 - a41) * (b15 + b14 + b43 + b55 + b32 + b11 - b13)
h212: (a35 + a55 + a43 - a42 - a32 - a42) * (-b52 - b14)
h236: (-a41) * (b41 + b54 + b31 - b54 - b11)
h359: (a11 - a35 - a45 - a42 - a13) * (-b52)
h652: (-a34) * (b21 + b25 - b52)
h665: (a12) * (b44 - b31)
h748: (a44 - a51) * (-b24)
h1432: (-a25 - a52 - a53) * (b42 + b21 - b41 - b12)
h6303: (a52 - a23 - a33) * (b13 + b42 + b25 - b31 - b31)
h7019: (-a43 - a21) * (b51 + b44 + b43)
h7299: (a12 + a33 - a51 - a53) * (b33 + b44 - b32)
h7603: (a12 + a34) * (-b33)
h7604: (a31 + a51) * (b55 - b23 - b22 - b43)
h20858: (a53 - a45 - a22 - a52) * (-b35)
h47951: (a24 - a12) * (-b22)
h59020: (a34) * (b44 + b21 + b32 - b11)
h80874: (-a12) * (b15 - b53 - b55)
c11: h7604 - h359 
c12: h15 + h144 + h7019 - h115 
c13: h89 + h1432 
c14: h137 + h6303 
c15: h105 + h42 
c21: h41 - h131 - h139 - h236 
c22: h53 + h1 
c23: h42 
c24: h140 + h59 + h140 + h748 
c25: - h665 - h748 
c31: h26 + h170 - h10 - h47951 
c32: h1 + h121 + h48 + h7299 - h5 - h170 
c33: - h18 
c34: h73 - h20858 
c35: - h125 
c41: h142 - h76 - h26 - h109 
c42: h15 + h76 + h212 - h105 
c43: h125 + h170 + h59 + h48 
c44: h137 + h6303 
c45: h5 - h96 
c51: h76 + h131 - h125 
c52: h211 + h97 + h80874 
c53: h59 + h212 + h59020 
c54: h359 - h7603 - h7604 
c55: h359 - h652 
