0,152.64000000000004,24.8
100,99.03999999999999,24.6
200,89.44800000000001,24.6
300,76.65599999999999,24.8
400,69.624,24.8
500,64.008,24.8
600,61.208000000000006,24.8
700,60.136,24.8
800,58.048,24.8
900,55.16799999999999,24.8
1000,54.79200000000001,24.8
1100,54.616,24.8
1200,54.616,24.8
1300,52.784000000000006,24.8
1400,52.184000000000005,24.8
1500,51.984,24.8
1600,51.984,24.8
1700,51.128,24.8
1800,51.128,24.8
1900,51.128,24.8
2000,51.088,24.8
2100,51.008,24.8
2200,51.008,24.8
2300,51.008,24.8
2400,51.008,24.8
2500,50.391999999999996,24.6
2600,50.391999999999996,24.6
2700,50.391999999999996,24.6
2800,50.391999999999996,24.6
2900,50.391999999999996,24.6
3000,50.128,24.6
3100,49.096000000000004,24.6
3200,49.096000000000004,24.6
3300,48.559999999999995,24.6
3400,48.559999999999995,24.6
3500,48.559999999999995,24.6
3600,48.12,24.4
3700,47.760000000000005,24.4
3800,47.751999999999995,24.4
3900,47.751999999999995,24.4
4000,46.903999999999996,24.2
4100,46.903999999999996,24.2
4200,46.903999999999996,24.2
4300,46.903999999999996,24.2
4400,46.903999999999996,24.2
4500,46.688,24.2
4600,46.688,24.2
4700,46.688,24.2
4800,46.688,24.2
4900,46.688,24.2
5000,46.688,24.2
5100,46.688,24.2
5200,46.688,24.2
5300,46.688,24.2
5400,46.688,24.2
5500,44.952,24.2
5600,44.952,24.2
5700,44.495999999999995,24.2
5800,44.495999999999995,24.2
5900,44.016000000000005,24.2
6000,43.928000000000004,24.2
6100,41.720000000000006,24.2
6200,41.720000000000006,24.2
6300,41.720000000000006,24.2
6400,41.720000000000006,24.2
6500,41.720000000000006,24.2
6600,41.720000000000006,24.2
6700,41.160000000000004,24.2
6800,40.96,24.2
6900,40.96,24.2
7000,40.96,24.2
7100,40.96,24.2
7200,40.96,24.2
7300,40.96,24.2
7400,40.96,24.2
7500,39.88,24.2
7600,39.88,24.2
7700,39.544,24.2
7800,39.544,24.2
7900,39.544,24.2
8000,39.544,24.2
8100,39.544,24.2
8200,39.544,24.2
8300,39.544,24.2
8400,39.544,24.2
8500,39.544,24.2
8600,39.544,24.2
8700,39.544,24.2
8800,39.544,24.2
8900,38.656000000000006,24.2
9000,38.656000000000006,24.2
9100,38.656000000000006,24.2
9200,38.656000000000006,24.2
9300,38.656000000000006,24.2
9400,38.656000000000006,24.2
9500,38.656000000000006,24.2
9600,38.352000000000004,24.2
9700,38.352000000000004,24.2
9800,38.352000000000004,24.2
9900,38.352000000000004,24.2
10000,37.92,24.2
10100,37.784000000000006,24.2
10200,37.784000000000006,24.2
10300,37.784000000000006,24.2
10400,37.784000000000006,24.2
10500,37.784000000000006,24.2
10600,37.784000000000006,24.2
10700,37.784000000000006,24.2
10800,37.784000000000006,24.2
10900,37.784000000000006,24.2
11000,37.784000000000006,24.2
11100,37.784000000000006,24.2
11200,37.784000000000006,24.2
11300,37.784000000000006,24.2
11400,37.784000000000006,24.2
11500,37.784000000000006,24.2
11600,37.784000000000006,24.2
11700,37.784000000000006,24.2
11800,37.784000000000006,24.2
11900,37.784000000000006,24.2
12000,37.784000000000006,24.2
12100,37.784000000000006,24.2
12200,37.784000000000006,24.2
12300,37.784000000000006,24.2
12400,37.784000000000006,24.2
12500,37.784000000000006,24.2
12600,37.784000000000006,24.2
12700,37.784000000000006,24.2
12800,37.784000000000006,24.2
12900,37.784000000000006,24.2
13000,37.784000000000006,24.2
13100,37.784000000000006,24.2
13200,37.784000000000006,24.2
13300,37.784000000000006,24.2
13400,37.784000000000006,24.2
13500,37.784000000000006,24.2
13600,37.64,24.2
13700,37.64,24.2
13800,37.64,24.2
13900,37.64,24.2
14000,37.64,24.2
14100,37.536,24.2
14200,37.536,24.2
14300,37.536,24.2
14400,37.536,24.2
14500,37.536,24.2
14600,37.536,24.2
14700,37.536,24.2
14800,37.016,24.2
14900,36.288,24.2
15000,36.288,24.2
15100,36.288,24.2
15200,36.288,24.2
15300,36.288,24.2
15400,36.288,24.2
15500,36.288,24.2
15600,36.288,24.2
15700,36.176,24.2
15800,36.176,24.2
15900,36.176,24.2
16000,36.176,24.2
16100,36.176,24.2
16200,36.176,24.2
16300,36.176,24.2
16400,36.176,24.2
16500,36.176,24.2
16600,36.176,24.2
16700,36.176,24.2
16800,36.176,24.2
16900,36.176,24.2
17000,35.632,24.2
17100,35.632,24.2
17200,35.263999999999996,24.2
17300,35,24.2
17400,35,24.2
17500,35,24.2
17600,35,24.2
17700,35,24.2
17800,35,24.2
17900,35,24.2
18000,35,24.2
18100,35,24.2
18200,35,24.2
18300,35,24.2
18400,35,24.2
18500,35,24.2
18600,35,24.2
18700,35,24.2
18800,35,24.2
18900,35,24.2
19000,34.879999999999995,24.2
19100,34.879999999999995,24.2
19200,34.879999999999995,24.2
19300,34.879999999999995,24.2
19400,34.879999999999995,24.2
19500,34.879999999999995,24.2
19600,34.879999999999995,24.2
19700,34.879999999999995,24.2
19800,34.744,24.2
19900,34.744,24.2
20000,34.744,24.2
20100,34.744,24.2
20200,34.744,24.2
20300,34.744,24.2
20400,34.744,24.2
20500,34.744,24.2
20600,34.744,24.2
20700,34.744,24.2
20800,34.744,24.2
20900,34.744,24.2
21000,34.744,24.2
21100,34.744,24.2
21200,34.744,24.2
21300,34.744,24.2
21400,34.744,24.2
21500,34.744,24.2
21600,34.744,24.2
21700,34.744,24.2
21800,34.744,24.2
21900,34.744,24.2
22000,34.744,24.2
22100,34.744,24.2
22200,34.744,24.2
22300,34.744,24.2
22400,34.744,24.2
22500,34.568,24.2
22600,34.568,24.2
22700,34.568,24.2
22800,34.568,24.2
22900,34.568,24.2
23000,34.568,24.2
23100,34.568,24.2
23200,33.087999999999994,24.2
23300,33.087999999999994,24.2
23400,33.087999999999994,24.2
23500,33.087999999999994,24.2
23600,33.087999999999994,24.2
23700,33.087999999999994,24.2
23800,33.087999999999994,24.2
23900,33.087999999999994,24.2
24000,33.087999999999994,24.2
24100,32.552,24.2
24200,32.552,24.2
24300,32.552,24.2
24400,32.552,24.2
24500,32.552,24.2
24600,32.552,24.2
24700,32.552,24.2
24800,32.552,24.2
24900,32.552,24.2
25000,32.552,24.2
25100,32.552,24.2
25200,32.552,24.2
25300,32.552,24.2
25400,32.552,24.2
25500,32.552,24.2
25600,32.552,24.2
25700,32.552,24.2
25800,32.552,24.2
25900,32.552,24.2
26000,32.552,24.2
26100,32.488,24.2
26200,32.488,24.2
26300,32.488,24.2
26400,32.488,24.2
26500,32.328,24.2
26600,32.328,24.2
26700,32.328,24.2
26800,32.328,24.2
26900,32.328,24.2
27000,32.328,24.2
27100,32.328,24.2
27200,32.328,24.2
27300,32.136,24.2
27400,32.136,24.2
27500,32.032,24.2
27600,32.032,24.2
27700,32.032,24.2
27800,32.032,24.2
27900,32.032,24.2
28000,32.032,24.2
28100,32.032,24.2
28200,32.032,24.2
28300,32.032,24.2
28400,32.032,24.2
28500,32.032,24.2
28600,32.032,24.2
28700,32.032,24.2
28800,32.032,24.2
28900,32.032,24.2
29000,32.032,24.2
29100,32.032,24.2
29200,32.032,24.2
29300,32.032,24.2
29400,32.032,24.2
29500,32.032,24.2
29600,32.032,24.2
29700,32.032,24.2
29800,32.032,24.2
29900,32.032,24.2
30000,32.032,24.2
30100,32.032,24.2
30200,32.032,24.2
30300,32.032,24.2
30400,32.032,24.2
30500,32.032,24.2
30600,32.032,24.2
30700,32.032,24.2
30800,32.032,24.2
30900,32.032,24.2
31000,32.032,24.2
31100,32.032,24.2
31200,32.032,24.2
31300,32.032,24.2
31400,32.032,24.2
31500,32.032,24.2
31600,32.032,24.2
31700,32.032,24.2
31800,32.032,24.2
31900,32.032,24.2
32000,32.032,24.2
32100,32.032,24.2
32200,32.032,24.2
32300,31.983999999999998,24.2
32400,31.983999999999998,24.2
32500,31.983999999999998,24.2
32600,31.983999999999998,24.2
32700,31.983999999999998,24.2
32800,31.983999999999998,24.2
32900,31.983999999999998,24.2
33000,31.983999999999998,24.2
33100,31.983999999999998,24.2
33200,31.983999999999998,24.2
33300,31.983999999999998,24.2
33400,31.983999999999998,24.2
33500,31.983999999999998,24.2
33600,31.983999999999998,24.2
33700,31.983999999999998,24.2
33800,31.983999999999998,24.2
33900,31.983999999999998,24.2
34000,31.983999999999998,24.2
34100,31.983999999999998,24.2
34200,31.983999999999998,24.2
34300,31.983999999999998,24.2
34400,31.983999999999998,24.2
34500,31.983999999999998,24.2
34600,31.983999999999998,24.2
34700,31.983999999999998,24.2
34800,31.983999999999998,24.2
34900,31.983999999999998,24.2
35000,31.983999999999998,24.2
35100,31.983999999999998,24.2
35200,31.983999999999998,24.2
35300,31.983999999999998,24.2
35400,31.983999999999998,24.2
35500,31.983999999999998,24.2
35600,31.983999999999998,24.2
35700,31.983999999999998,24.2
35800,31.983999999999998,24.2
35900,31.983999999999998,24.2
36000,31.983999999999998,24.2
36100,31.983999999999998,24.2
36200,31.983999999999998,24.2
36300,31.983999999999998,24.2
36400,31.983999999999998,24.2
36500,31.983999999999998,24.2
36600,31.983999999999998,24.2
36700,31.983999999999998,24.2
36800,31.983999999999998,24.2
36900,31.808,24.2
37000,31.735999999999997,24.2
37100,31.735999999999997,24.2
37200,31.735999999999997,24.2
37300,31.735999999999997,24.2
37400,31.735999999999997,24.2
37500,31.735999999999997,24.2
37600,31.327999999999996,24.2
37700,31.327999999999996,24.2
37800,31.327999999999996,24.2
37900,31.327999999999996,24.2
38000,31.327999999999996,24.2
38100,31.327999999999996,24.2
38200,31.327999999999996,24.2
38300,31.327999999999996,24.2
38400,31.327999999999996,24.2
38500,31.327999999999996,24.2
38600,31.327999999999996,24.2
38700,31.256,24.2
38800,31.256,24.2
38900,31.256,24.2
39000,31.256,24.2
39100,30.663999999999998,24.2
39200,30.663999999999998,24.2
39300,30.663999999999998,24.2
39400,30.663999999999998,24.2
39500,30.663999999999998,24.2
39600,30.663999999999998,24.2
39700,30.663999999999998,24.2
39800,30.663999999999998,24.2
39900,30.663999999999998,24.2
40000,30.663999999999998,24.2
40100,30.663999999999998,24.2
40200,30.663999999999998,24.2
40300,30.663999999999998,24.2
40400,30.663999999999998,24.2
40500,30.663999999999998,24.2
40600,30.391999999999996,24.4
40700,29.744,24.6
40800,29.744,24.6
40900,29.744,24.6
41000,29.744,24.6
41100,29.744,24.6
41200,29.744,24.6
41300,29.744,24.6
41400,29.744,24.6
41500,29.744,24.6
41600,29.744,24.6
41700,29.744,24.6
41800,29.639999999999997,24.6
41900,29.472,24.6
42000,29.472,24.6
42100,29.472,24.6
42200,29.472,24.6
42300,29.472,24.6
42400,29.472,24.6
42500,29.472,24.6
42600,29.472,24.6
42700,29.472,24.6
42800,29.472,24.6
42900,29.472,24.6
43000,29.472,24.6
43100,29.472,24.6
43200,29.472,24.6
43300,29.472,24.6
43400,29.472,24.6
43500,29.472,24.6
43600,29.472,24.6
43700,29.472,24.6
43800,29.472,24.6
43900,29.472,24.6
44000,29.472,24.6
44100,29.472,24.6
44200,29.472,24.6
44300,29.472,24.6
44400,29.472,24.6
44500,29.472,24.6
44600,29.472,24.6
44700,29.472,24.6
44800,29.472,24.6
44900,29.472,24.6
45000,29.472,24.6
45100,29.472,24.6
45200,29.472,24.6
45300,29.472,24.6
45400,29.472,24.6
45500,29.472,24.6
45600,29.472,24.6
45700,29.472,24.6
45800,29.472,24.6
45900,29.472,24.6
46000,29.472,24.6
46100,29.472,24.6
46200,29.472,24.6
46300,29.472,24.6
46400,29.472,24.6
46500,29.472,24.6
46600,29.472,24.6
46700,29.472,24.6
46800,29.472,24.6
46900,29.472,24.6
47000,29.472,24.6
47100,29.472,24.6
47200,29.472,24.6
47300,29.472,24.6
47400,29.472,24.6
47500,29.472,24.6
47600,29.472,24.6
47700,29.472,24.6
47800,29.472,24.6
47900,29.472,24.6
48000,29.472,24.6
48100,29.472,24.6
48200,29.472,24.6
48300,29.472,24.6
48400,29.472,24.6
48500,29.472,24.6
48600,29.392000000000003,24.6
48700,29.392000000000003,24.6
48800,29.392000000000003,24.6
48900,29.392000000000003,24.6
49000,29.392000000000003,24.6
49100,29.392000000000003,24.6
49200,29.392000000000003,24.6
49300,29.392000000000003,24.6
49400,29.256,24.6
49500,29.256,24.6
49600,29.232,24.6
49700,29.232,24.6
49800,29.232,24.6
49900,29.232,24.6
50000,29.232,24.6
50100,29.232,24.6
50200,29.232,24.6
50300,29.232,24.6
50400,29.232,24.6
50500,29.232,24.6
50600,29.232,24.6
50700,29.232,24.6
50800,29.232,24.6
50900,29.232,24.6
51000,29.232,24.6
51100,29.232,24.6
51200,29.232,24.6
51300,29.232,24.6
51400,29.232,24.6
51500,29.232,24.6
51600,29.232,24.6
51700,29.232,24.6
51800,29.232,24.6
51900,29.232,24.6
52000,29.232,24.6
52100,29.232,24.6
52200,29.232,24.6
52300,29.232,24.6
52400,29.232,24.6
52500,29.232,24.6
52600,29.232,24.6
52700,29.232,24.6
52800,29.232,24.6
52900,29.232,24.6
53000,29.232,24.6
53100,29.232,24.6
53200,29.232,24.6
53300,29.232,24.6
53400,29.232,24.6
53500,29.232,24.6
53600,29.232,24.6
53700,29.232,24.6
53800,29.232,24.6
53900,29.232,24.6
54000,29.232,24.6
54100,29.232,24.6
54200,29.232,24.6
54300,29.232,24.6
54400,29.232,24.6
54500,29.232,24.6
54600,29.232,24.6
54700,29.232,24.6
54800,29.232,24.6
54900,29.232,24.6
55000,29.232,24.6
55100,29.232,24.6
55200,29.232,24.6
55300,29.232,24.6
55400,29.232,24.6
55500,29.232,24.6
55600,29.232,24.6
55700,29.232,24.6
55800,29.232,24.6
55900,29.232,24.6
56000,29.232,24.6
56100,29.232,24.6
56200,29.232,24.6
56300,29.232,24.6
56400,29.232,24.6
56500,29.232,24.6
56600,29.232,24.6
56700,29.232,24.6
56800,29.232,24.6
56900,29.232,24.6
57000,29.232,24.6
57100,29.232,24.6
57200,29.232,24.6
57300,29.071999999999996,24.6
57400,29.071999999999996,24.6
57500,29.071999999999996,24.6
57600,29.071999999999996,24.6
57700,29.071999999999996,24.6
57800,29.071999999999996,24.6
57900,29.071999999999996,24.6
58000,29.071999999999996,24.6
58100,29.071999999999996,24.6
58200,29.071999999999996,24.6
58300,29.071999999999996,24.6
58400,29.071999999999996,24.6
58500,29.071999999999996,24.6
58600,29.071999999999996,24.6
58700,29.071999999999996,24.6
58800,29.071999999999996,24.6
58900,29.071999999999996,24.6
59000,29.071999999999996,24.6
59100,29.071999999999996,24.6
59200,29.071999999999996,24.6
59300,29.071999999999996,24.6
59400,29.071999999999996,24.6
59500,29.071999999999996,24.6
59600,29.071999999999996,24.6
59700,29.071999999999996,24.6
59800,29.071999999999996,24.6
59900,29.071999999999996,24.6
60000,29.071999999999996,24.6
60100,29.071999999999996,24.6
60200,29.071999999999996,24.6
60300,29.071999999999996,24.6
60400,29.071999999999996,24.6
60500,29.071999999999996,24.6
60600,29.071999999999996,24.6
60700,29.071999999999996,24.6
60800,29.071999999999996,24.6
60900,29.071999999999996,24.6
61000,29.071999999999996,24.6
61100,29.071999999999996,24.6
61200,29.071999999999996,24.6
61300,29.071999999999996,24.6
61400,29.071999999999996,24.6
61500,29.071999999999996,24.6
61600,29.071999999999996,24.6
61700,29.071999999999996,24.6
61800,29.071999999999996,24.6
61900,29.071999999999996,24.6
62000,29.071999999999996,24.6
62100,29.071999999999996,24.6
62200,29.071999999999996,24.6
62300,29.071999999999996,24.6
62400,29.071999999999996,24.6
62500,29.071999999999996,24.6
62600,29.071999999999996,24.6
62700,29.071999999999996,24.6
62800,29.071999999999996,24.6
62900,29.071999999999996,24.6
63000,29.071999999999996,24.6
63100,29.071999999999996,24.6
63200,29.071999999999996,24.6
63300,29.071999999999996,24.6
63400,29.071999999999996,24.6
63500,29.071999999999996,24.6
63600,29.071999999999996,24.6
63700,29.071999999999996,24.6
63800,29.071999999999996,24.6
63900,29.071999999999996,24.6
64000,29.071999999999996,24.6
64100,29.071999999999996,24.6
64200,29.071999999999996,24.6
64300,29.071999999999996,24.6
64400,29.071999999999996,24.6
64500,29.071999999999996,24.6
64600,29.071999999999996,24.6
64700,29.071999999999996,24.6
64800,29.071999999999996,24.6
64900,29.071999999999996,24.6
65000,29.071999999999996,24.6
65100,29.071999999999996,24.6
65200,29.071999999999996,24.6
65300,29.071999999999996,24.6
65400,29.071999999999996,24.6
65500,29.071999999999996,24.6
65600,29.071999999999996,24.6
65700,29.071999999999996,24.6
65800,29.071999999999996,24.6
65900,29.071999999999996,24.6
66000,29.071999999999996,24.6
66100,29.071999999999996,24.6
66200,29.071999999999996,24.6
66300,29.071999999999996,24.6
66400,29.071999999999996,24.6
66500,29.071999999999996,24.6
66600,29.071999999999996,24.6
66700,29.071999999999996,24.6
66800,29.071999999999996,24.6
66900,29.071999999999996,24.6
67000,29.071999999999996,24.6
67100,29.071999999999996,24.6
67200,29.071999999999996,24.6
67300,29.071999999999996,24.6
67400,29.016,24.6
67500,29.016,24.6
67600,29.016,24.6
67700,29.016,24.6
67800,29.016,24.6
67900,29.016,24.6
68000,29.016,24.6
68100,29.016,24.6
68200,29.016,24.6
68300,29.016,24.6
68400,28.951999999999998,24.6
68500,28.951999999999998,24.6
68600,28.951999999999998,24.6
68700,28.951999999999998,24.6
68800,28.951999999999998,24.6
68900,28.951999999999998,24.6
69000,28.951999999999998,24.6
69100,28.951999999999998,24.6
69200,28.951999999999998,24.6
69300,28.951999999999998,24.6
69400,28.951999999999998,24.6
69500,28.951999999999998,24.6
69600,28.951999999999998,24.6
69700,28.951999999999998,24.6
69800,28.951999999999998,24.6
69900,28.951999999999998,24.6
70000,28.951999999999998,24.6
70100,28.951999999999998,24.6
70200,28.951999999999998,24.6
70300,28.951999999999998,24.6
70400,28.951999999999998,24.6
70500,28.951999999999998,24.6
70600,28.951999999999998,24.6
70700,28.951999999999998,24.6
70800,28.951999999999998,24.6
70900,28.951999999999998,24.6
71000,28.951999999999998,24.6
71100,28.951999999999998,24.6
71200,28.951999999999998,24.6
71300,28.951999999999998,24.6
71400,28.951999999999998,24.6
71500,28.951999999999998,24.6
71600,28.951999999999998,24.6
71700,28.951999999999998,24.6
71800,28.951999999999998,24.6
71900,28.951999999999998,24.6
72000,28.951999999999998,24.6
72100,28.951999999999998,24.6
72200,28.951999999999998,24.6
72300,28.951999999999998,24.6
72400,28.951999999999998,24.6
72500,28.951999999999998,24.6
72600,28.951999999999998,24.6
72700,28.951999999999998,24.6
72800,28.951999999999998,24.6
72900,28.951999999999998,24.6
73000,28.951999999999998,24.6
73100,28.951999999999998,24.6
73200,28.951999999999998,24.6
73300,28.951999999999998,24.6
73400,28.951999999999998,24.6
73500,28.951999999999998,24.6
73600,28.951999999999998,24.6
73700,28.951999999999998,24.6
73800,28.951999999999998,24.6
73900,28.951999999999998,24.6
74000,28.951999999999998,24.6
74100,28.951999999999998,24.6
74200,28.951999999999998,24.6
74300,28.951999999999998,24.6
74400,28.951999999999998,24.6
74500,28.951999999999998,24.6
74600,28.951999999999998,24.6
74700,28.951999999999998,24.6
74800,28.951999999999998,24.6
74900,28.951999999999998,24.6
75000,28.624000000000002,24.6
75100,28.624000000000002,24.6
75200,28.624000000000002,24.6
75300,28.624000000000002,24.6
75400,28.624000000000002,24.6
75500,28.624000000000002,24.6
75600,28.624000000000002,24.6
75700,28.624000000000002,24.6
75800,28.624000000000002,24.6
75900,28.624000000000002,24.6
76000,28.624000000000002,24.6
76100,28.624000000000002,24.6
76200,28.536,24.6
76300,28.536,24.6
76400,28.536,24.6
76500,28.536,24.6
76600,28.536,24.6
76700,28.536,24.6
76800,28.536,24.6
76900,28.536,24.6
77000,28.536,24.6
77100,27.887999999999998,24.2
77200,27.887999999999998,24.2
77300,27.887999999999998,24.2
77400,27.887999999999998,24.2
77500,27.887999999999998,24.2
77600,27.887999999999998,24.2
77700,27.887999999999998,24.2
77800,27.887999999999998,24.2
77900,27.8,24.4
78000,27.8,24.4
78100,27.8,24.4
78200,27.8,24.4
78300,27.8,24.4
78400,27.8,24.4
78500,27.8,24.4
78600,27.8,24.4
78700,27.8,24.4
78800,27.8,24.4
78900,27.8,24.4
79000,27.8,24.4
79100,27.8,24.4
79200,27.8,24.4
79300,27.8,24.4
79400,27.8,24.4
79500,27.8,24.4
79600,27.8,24.4
79700,27.8,24.4
79800,27.8,24.4
79900,27.8,24.4
80000,27.8,24.4
80100,27.8,24.4
80200,27.8,24.4
80300,27.8,24.4
80400,27.8,24.4
80500,27.8,24.4
80600,27.8,24.4
80700,27.8,24.4
80800,27.8,24.4
80900,27.8,24.4
81000,27.8,24.4
81100,27.8,24.4
81200,27.8,24.4
81300,27.8,24.4
81400,27.8,24.4
81500,27.8,24.4
81600,27.8,24.4
81700,27.8,24.4
81800,27.8,24.4
81900,27.8,24.4
82000,27.8,24.4
82100,27.8,24.4
82200,27.8,24.4
82300,27.8,24.4
82400,27.8,24.4
82500,27.8,24.4
82600,27.8,24.4
82700,27.8,24.4
82800,27.8,24.4
82900,27.8,24.4
83000,27.8,24.4
83100,27.8,24.4
83200,27.8,24.4
83300,27.8,24.4
83400,27.560000000000002,24.4
83500,27.560000000000002,24.4
83600,27.560000000000002,24.4
83700,27.560000000000002,24.4
83800,27.560000000000002,24.4
83900,27.560000000000002,24.4
84000,27.560000000000002,24.4
84100,27.560000000000002,24.4
84200,27.560000000000002,24.4
84300,27.560000000000002,24.4
84400,27.560000000000002,24.4
84500,27.560000000000002,24.4
84600,27.560000000000002,24.4
84700,27.560000000000002,24.4
84800,27.560000000000002,24.4
84900,27.560000000000002,24.4
85000,27.560000000000002,24.4
85100,27.560000000000002,24.4
85200,27.560000000000002,24.4
85300,27.560000000000002,24.4
85400,27.560000000000002,24.4
85500,27.560000000000002,24.4
85600,27.560000000000002,24.4
85700,27.560000000000002,24.4
85800,27.560000000000002,24.4
85900,27.560000000000002,24.4
86000,27.560000000000002,24.4
86100,27.560000000000002,24.4
86200,27.560000000000002,24.4
86300,27.560000000000002,24.4
86400,27.560000000000002,24.4
86500,27.560000000000002,24.4
86600,27.560000000000002,24.4
86700,27.560000000000002,24.4
86800,27.560000000000002,24.4
86900,27.560000000000002,24.4
87000,27.560000000000002,24.4
87100,27.560000000000002,24.4
87200,27.560000000000002,24.4
87300,27.560000000000002,24.4
87400,27.560000000000002,24.4
87500,27.52,24.4
87600,27.52,24.4
87700,27.52,24.4
87800,27.52,24.4
87900,27.52,24.4
88000,27.52,24.4
88100,27.52,24.4
88200,27.52,24.4
88300,27.52,24.4
88400,27.52,24.4
88500,27.52,24.4
88600,27.52,24.4
88700,27.52,24.4
88800,27.52,24.4
88900,27.52,24.4
89000,27.52,24.4
89100,27.52,24.4
89200,27.52,24.4
89300,27.52,24.4
89400,27.52,24.4
89500,27.52,24.4
89600,27.52,24.4
89700,27.52,24.4
89800,27.52,24.4
89900,27.52,24.4
90000,27.52,24.4
90100,27.52,24.4
90200,27.52,24.4
90300,27.52,24.4
90400,27.52,24.4
90500,27.52,24.4
90600,27.52,24.4
90700,27.52,24.4
90800,27.52,24.4
90900,27.52,24.4
91000,27.52,24.4
91100,27.52,24.4
91200,27.52,24.4
91300,27.52,24.4
91400,27.52,24.4
91500,27.52,24.4
91600,27.52,24.4
91700,27.52,24.4
91800,27.4,24.4
91900,27.4,24.4
92000,27.4,24.4
92100,27.4,24.4
92200,27.4,24.4
92300,27.4,24.4
92400,27.4,24.4
92500,27.4,24.4
92600,27.4,24.4
92700,27.4,24.4
92800,27.4,24.4
92900,27.4,24.4
93000,27.4,24.4
93100,27.4,24.4
93200,27.4,24.4
93300,27.4,24.4
93400,27.4,24.4
93500,27.4,24.4
93600,27.4,24.4
93700,27.4,24.4
93800,27.4,24.4
93900,27.4,24.4
94000,27.4,24.4
94100,27.4,24.4
94200,27.4,24.4
94300,27.4,24.4
94400,27.4,24.4
94500,27.4,24.4
94600,27.4,24.4
94700,27.4,24.4
94800,27.4,24.4
94900,27.4,24.4
95000,27.4,24.4
95100,27.4,24.4
95200,27.4,24.4
95300,27.4,24.4
95400,27.4,24.4
95500,27.4,24.4
95600,27.4,24.4
95700,27.4,24.4
95800,27.4,24.4
95900,27.4,24.4
96000,27.4,24.4
96100,27.4,24.4
96200,27.4,24.4
96300,27.4,24.4
96400,27.4,24.4
96500,27.4,24.4
96600,27.4,24.4
96700,27.4,24.4
96800,27.368000000000002,24.4
96900,27.368000000000002,24.4
97000,27.368000000000002,24.4
97100,27.368000000000002,24.4
97200,27.368000000000002,24.4
97300,27.368000000000002,24.4
97400,27.368000000000002,24.4
97500,27.368000000000002,24.4
97600,27.368000000000002,24.4
97700,27.368000000000002,24.4
97800,27.368000000000002,24.4
97900,27.368000000000002,24.4
98000,27.368000000000002,24.4
98100,27.368000000000002,24.4
98200,27.368000000000002,24.4
98300,27.368000000000002,24.4
98400,27.368000000000002,24.4
98500,27.368000000000002,24.4
98600,27.368000000000002,24.4
98700,27.368000000000002,24.4
98800,27.368000000000002,24.4
98900,27.368000000000002,24.4
99000,27.368000000000002,24.4
99100,27.368000000000002,24.4
99200,27.368000000000002,24.4
99300,27.368000000000002,24.4
99400,27.368000000000002,24.4
99500,27.368000000000002,24.4
99600,27.368000000000002,24.4
99700,27.368000000000002,24.4
99800,27.368000000000002,24.4
99900,27.368000000000002,24.4
100000,27.368000000000002,24.4
100100,27.368000000000002,24.4
100200,27.368000000000002,24.4
100300,27.368000000000002,24.4
100400,27.368000000000002,24.4
100500,27.368000000000002,24.4
100600,27.368000000000002,24.4
100700,27.368000000000002,24.4
100800,27.368000000000002,24.4
100900,27.368000000000002,24.4
101000,27.368000000000002,24.4
101100,27.368000000000002,24.4
101200,27.368000000000002,24.4
101300,27.368000000000002,24.4
101400,27.368000000000002,24.4
101500,27.368000000000002,24.4
101600,27.368000000000002,24.4
101700,27.368000000000002,24.4
101800,27.368000000000002,24.4
101900,27.368000000000002,24.4
102000,27.368000000000002,24.4
102100,27.368000000000002,24.4
102200,27.368000000000002,24.4
102300,27.368000000000002,24.4
102400,27.368000000000002,24.4
102500,27.368000000000002,24.4
102600,27.368000000000002,24.4
102700,27.368000000000002,24.4
102800,27.368000000000002,24.4
102900,27.368000000000002,24.4
103000,27.368000000000002,24.4
103100,27.368000000000002,24.4
103200,27.368000000000002,24.4
103300,27.368000000000002,24.4
103400,27.368000000000002,24.4
103500,27.368000000000002,24.4
103600,27.368000000000002,24.4
103700,27.368000000000002,24.4
103800,27.368000000000002,24.4
103900,27.368000000000002,24.4
104000,27.368000000000002,24.4
104100,27.368000000000002,24.4
104200,27.368000000000002,24.4
104300,27.368000000000002,24.4
104400,27.368000000000002,24.4
104500,27.368000000000002,24.4
104600,27.368000000000002,24.4
104700,27.368000000000002,24.4
104800,27.368000000000002,24.4
104900,27.368000000000002,24.4
105000,27.368000000000002,24.4
105100,27.368000000000002,24.4
105200,27.28,24.4
105300,27.28,24.4
105400,27.28,24.4
105500,27.28,24.4
105600,27.28,24.4
105700,27.28,24.4
105800,27.28,24.4
105900,27.28,24.4
106000,27.28,24.4
106100,27.28,24.4
106200,27.28,24.4
106300,27.28,24.4
106400,27.072000000000003,24.4
106500,27.072000000000003,24.4
106600,27.072000000000003,24.4
106700,27.072000000000003,24.4
106800,27.072000000000003,24.4
106900,27.072000000000003,24.4
107000,27.072000000000003,24.4
107100,27.072000000000003,24.4
107200,27.072000000000003,24.4
107300,27.072000000000003,24.4
107400,27.072000000000003,24.4
107500,27.072000000000003,24.4
107600,27.072000000000003,24.4
107700,27.072000000000003,24.4
107800,27.072000000000003,24.4
107900,27.072000000000003,24.4
108000,27.072000000000003,24.4
108100,27.072000000000003,24.4
108200,27.072000000000003,24.4
108300,27.072000000000003,24.4
108400,27.072000000000003,24.4
108500,27.072000000000003,24.4
108600,27.072000000000003,24.4
108700,27.072000000000003,24.4
108800,27.072000000000003,24.4
108900,27.072000000000003,24.4
109000,27.072000000000003,24.4
109100,27.072000000000003,24.4
109200,27.072000000000003,24.4
109300,27.072000000000003,24.4
109400,27.072000000000003,24.4
109500,27.072000000000003,24.4
109600,27.072000000000003,24.4
109700,27.072000000000003,24.4
109800,26.903999999999996,24.4
109900,26.903999999999996,24.4
110000,26.903999999999996,24.4
110100,26.903999999999996,24.4
110200,26.903999999999996,24.4
110300,26.903999999999996,24.4
110400,26.903999999999996,24.4
110500,26.903999999999996,24.4
110600,26.903999999999996,24.4
110700,26.903999999999996,24.4
110800,26.903999999999996,24.4
110900,26.903999999999996,24.4
111000,26.903999999999996,24.4
111100,26.903999999999996,24.4
111200,26.903999999999996,24.4
111300,26.903999999999996,24.4
111400,26.903999999999996,24.4
111500,26.903999999999996,24.4
111600,26.903999999999996,24.4
111700,26.903999999999996,24.4
111800,26.903999999999996,24.4
111900,26.903999999999996,24.4
112000,26.903999999999996,24.4
112100,26.903999999999996,24.4
112200,26.903999999999996,24.4
112300,26.903999999999996,24.4
112400,26.903999999999996,24.4
112500,26.903999999999996,24.4
112600,26.903999999999996,24.4
112700,26.903999999999996,24.4
112800,26.903999999999996,24.4
112900,26.903999999999996,24.4
113000,26.903999999999996,24.4
113100,26.903999999999996,24.4
113200,26.903999999999996,24.4
113300,26.903999999999996,24.4
113400,26.903999999999996,24.4
113500,26.903999999999996,24.4
113600,26.903999999999996,24.4
113700,26.903999999999996,24.4
113800,26.903999999999996,24.4
113900,26.903999999999996,24.4
114000,26.903999999999996,24.4
114100,26.903999999999996,24.4
114200,26.903999999999996,24.4
114300,26.903999999999996,24.4
114400,26.903999999999996,24.4
114500,26.903999999999996,24.4
114600,26.903999999999996,24.4
114700,26.903999999999996,24.4
114800,26.903999999999996,24.4
114900,26.903999999999996,24.4
115000,26.903999999999996,24.4
115100,26.903999999999996,24.4
115200,26.903999999999996,24.4
115300,26.903999999999996,24.4
115400,26.903999999999996,24.4
115500,26.903999999999996,24.4
115600,26.903999999999996,24.4
115700,26.863999999999997,24.4
115800,26.863999999999997,24.4
115900,26.863999999999997,24.4
116000,26.863999999999997,24.4
116100,26.863999999999997,24.4
116200,26.863999999999997,24.4
116300,26.863999999999997,24.4
116400,26.863999999999997,24.4
116500,26.863999999999997,24.4
116600,26.863999999999997,24.4
116700,26.863999999999997,24.4
116800,26.863999999999997,24.4
116900,26.863999999999997,24.4
117000,26.863999999999997,24.4
117100,26.863999999999997,24.4
117200,26.863999999999997,24.4
117300,26.863999999999997,24.4
117400,26.863999999999997,24.4
117500,26.863999999999997,24.4
117600,26.863999999999997,24.4
117700,26.863999999999997,24.4
117800,26.863999999999997,24.4
117900,26.863999999999997,24.4
118000,26.863999999999997,24.4
118100,26.863999999999997,24.4
118200,26.863999999999997,24.4
118300,26.863999999999997,24.4
118400,26.863999999999997,24.4
118500,26.863999999999997,24.4
118600,26.863999999999997,24.4
118700,26.863999999999997,24.4
118800,26.863999999999997,24.4
118900,26.863999999999997,24.4
119000,26.863999999999997,24.4
119100,26.863999999999997,24.4
119200,26.863999999999997,24.4
119300,26.863999999999997,24.4
119400,26.863999999999997,24.4
119500,26.863999999999997,24.4
119600,26.863999999999997,24.4
119700,26.863999999999997,24.4
119800,26.863999999999997,24.4
119900,26.863999999999997,24.4
120000,26.863999999999997,24.4
120100,26.863999999999997,24.4
120200,26.863999999999997,24.4
120300,26.863999999999997,24.4
120400,26.863999999999997,24.4
120500,26.863999999999997,24.4
120600,26.863999999999997,24.4
120700,26.863999999999997,24.4
120800,26.863999999999997,24.4
120900,26.863999999999997,24.4
121000,26.863999999999997,24.4
121100,26.863999999999997,24.4
121200,26.863999999999997,24.4
121300,26.863999999999997,24.4
121400,26.863999999999997,24.4
121500,26.863999999999997,24.4
121600,26.863999999999997,24.4
121700,26.863999999999997,24.4
121800,26.863999999999997,24.4
121900,26.863999999999997,24.4
122000,26.863999999999997,24.4
122100,26.863999999999997,24.4
122200,26.863999999999997,24.4
122300,26.863999999999997,24.4
122400,26.863999999999997,24.4
122500,26.863999999999997,24.4
122600,26.863999999999997,24.4
122700,26.863999999999997,24.4
122800,26.863999999999997,24.4
122900,26.863999999999997,24.4
123000,26.863999999999997,24.4
123100,26.863999999999997,24.4
123200,26.863999999999997,24.4
123300,26.863999999999997,24.4
123400,26.863999999999997,24.4
123500,26.863999999999997,24.4
123600,26.863999999999997,24.4
123700,26.863999999999997,24.4
123800,26.863999999999997,24.4
123900,26.863999999999997,24.4
124000,26.863999999999997,24.4
124100,26.863999999999997,24.4
124200,26.863999999999997,24.4
124300,26.863999999999997,24.4
124400,26.863999999999997,24.4
124500,26.863999999999997,24.4
124600,26.863999999999997,24.4
124700,26.863999999999997,24.4
124800,26.863999999999997,24.4
124900,26.863999999999997,24.4
125000,26.863999999999997,24.4
125100,26.863999999999997,24.4
125200,26.863999999999997,24.4
125300,26.863999999999997,24.4
125400,26.863999999999997,24.4
125500,26.863999999999997,24.4
125600,26.863999999999997,24.4
125700,26.863999999999997,24.4
125800,26.863999999999997,24.4
125900,26.863999999999997,24.4
126000,26.863999999999997,24.4
126100,26.863999999999997,24.4
126200,26.863999999999997,24.4
126300,26.863999999999997,24.4
126400,26.863999999999997,24.4
126500,26.863999999999997,24.4
126600,26.863999999999997,24.4
126700,26.863999999999997,24.4
126800,26.863999999999997,24.4
126900,26.863999999999997,24.4
127000,26.863999999999997,24.4
127100,26.863999999999997,24.4
127200,26.863999999999997,24.4
127300,26.863999999999997,24.4
127400,26.863999999999997,24.4
127500,26.863999999999997,24.4
127600,26.863999999999997,24.4
127700,26.863999999999997,24.4
127800,26.863999999999997,24.4
127900,26.863999999999997,24.4
128000,26.863999999999997,24.4
128100,26.863999999999997,24.4
128200,26.863999999999997,24.4
128300,26.863999999999997,24.4
128400,26.863999999999997,24.4
128500,26.863999999999997,24.4
128600,26.863999999999997,24.4
128700,26.863999999999997,24.4
128800,26.863999999999997,24.4
128900,26.863999999999997,24.4
129000,26.863999999999997,24.4
129100,26.863999999999997,24.4
129200,26.863999999999997,24.4
129300,26.863999999999997,24.4
129400,26.863999999999997,24.4
129500,26.863999999999997,24.4
129600,26.863999999999997,24.4
129700,26.863999999999997,24.4
129800,26.863999999999997,24.4
129900,26.863999999999997,24.4
130000,26.863999999999997,24.4
130100,26.863999999999997,24.4
130200,26.863999999999997,24.4
130300,26.863999999999997,24.4
130400,26.863999999999997,24.4
130500,26.863999999999997,24.4
130600,26.863999999999997,24.4
130700,26.863999999999997,24.4
130800,26.863999999999997,24.4
130900,26.863999999999997,24.4
131000,26.863999999999997,24.4
131100,26.863999999999997,24.4
131200,26.863999999999997,24.4
131300,26.863999999999997,24.4
131400,26.863999999999997,24.4
131500,26.863999999999997,24.4
131600,26.863999999999997,24.4
131700,26.863999999999997,24.4
131800,26.863999999999997,24.4
131900,26.863999999999997,24.4
132000,26.863999999999997,24.4
132100,26.863999999999997,24.4
132200,26.863999999999997,24.4
132300,26.863999999999997,24.4
132400,26.863999999999997,24.4
132500,26.863999999999997,24.4
132600,26.863999999999997,24.4
132700,26.863999999999997,24.4
132800,26.863999999999997,24.4
132900,26.863999999999997,24.4
133000,26.863999999999997,24.4
133100,26.863999999999997,24.4
133200,26.863999999999997,24.4
133300,26.863999999999997,24.4
133400,26.863999999999997,24.4
133500,26.863999999999997,24.4
133600,26.863999999999997,24.4
133700,26.863999999999997,24.4
133800,26.863999999999997,24.4
133900,26.863999999999997,24.4
134000,26.863999999999997,24.4
134100,26.863999999999997,24.4
134200,26.863999999999997,24.4
134300,26.863999999999997,24.4
134400,26.863999999999997,24.4
134500,26.863999999999997,24.4
134600,26.863999999999997,24.4
134700,26.863999999999997,24.4
134800,26.863999999999997,24.4
134900,26.863999999999997,24.4
135000,26.863999999999997,24.4
135100,26.863999999999997,24.4
135200,26.863999999999997,24.4
135300,26.863999999999997,24.4
135400,26.863999999999997,24.4
135500,26.863999999999997,24.4
135600,26.863999999999997,24.4
135700,26.863999999999997,24.4
135800,26.863999999999997,24.4
135900,26.863999999999997,24.4
136000,26.863999999999997,24.4
136100,26.863999999999997,24.4
136200,26.863999999999997,24.4
136300,26.863999999999997,24.4
136400,26.863999999999997,24.4
136500,26.863999999999997,24.4
136600,26.863999999999997,24.4
136700,26.863999999999997,24.4
136800,26.863999999999997,24.4
136900,26.863999999999997,24.4
137000,26.863999999999997,24.4
137100,26.863999999999997,24.4
137200,26.863999999999997,24.4
137300,26.863999999999997,24.4
137400,26.863999999999997,24.4
137500,26.863999999999997,24.4
137600,26.863999999999997,24.4
137700,26.863999999999997,24.4
137800,26.863999999999997,24.4
137900,26.863999999999997,24.4
138000,26.863999999999997,24.4
138100,26.863999999999997,24.4
138200,26.863999999999997,24.4
138300,26.863999999999997,24.4
138400,26.863999999999997,24.4
138500,26.863999999999997,24.4
138600,26.863999999999997,24.4
138700,26.863999999999997,24.4
138800,26.863999999999997,24.4
138900,26.863999999999997,24.4
139000,26.863999999999997,24.4
139100,26.863999999999997,24.4
139200,26.768,24.4
139300,26.768,24.4
139400,26.768,24.4
139500,26.768,24.4
139600,26.768,24.4
139700,26.768,24.4
139800,26.768,24.4
139900,26.768,24.4
140000,26.768,24.4
140100,26.768,24.4
140200,26.768,24.4
140300,26.768,24.4
140400,26.768,24.4
140500,26.768,24.4
140600,26.768,24.4
140700,26.704,24.4
140800,26.704,24.4
140900,26.704,24.4
141000,26.704,24.4
141100,26.704,24.4
141200,26.704,24.4
141300,26.704,24.4
141400,26.704,24.4
141500,26.704,24.4
141600,26.704,24.4
141700,26.704,24.4
141800,26.704,24.4
141900,26.704,24.4
142000,26.704,24.4
142100,26.704,24.4
142200,26.704,24.4
142300,26.704,24.4
142400,26.704,24.4
142500,26.704,24.4
142600,26.704,24.4
142700,26.704,24.4
142800,26.704,24.4
142900,26.704,24.4
143000,26.704,24.4
143100,26.704,24.4
143200,26.704,24.4
143300,26.704,24.4
143400,26.704,24.4
143500,26.704,24.4
143600,26.704,24.4
143700,26.704,24.4
143800,26.704,24.4
143900,26.704,24.4
144000,26.704,24.4
144100,26.704,24.4
144200,26.704,24.4
144300,26.704,24.4
144400,26.704,24.4
144500,26.704,24.4
144600,26.704,24.4
144700,26.704,24.4
144800,26.704,24.4
144900,26.704,24.4
145000,26.704,24.4
145100,26.704,24.4
145200,26.704,24.4
145300,26.704,24.4
145400,26.704,24.4
145500,26.704,24.4
145600,26.704,24.4
145700,26.704,24.4
145800,26.704,24.4
145900,26.704,24.4
146000,26.704,24.4
146100,26.704,24.4
146200,26.704,24.4
146300,26.704,24.4
146400,26.704,24.4
146500,26.704,24.4
146600,26.704,24.4
146700,26.704,24.4
146800,26.704,24.4
146900,26.704,24.4
147000,26.704,24.4
147100,26.704,24.4
147200,26.704,24.4
147300,26.704,24.4
147400,26.704,24.4
147500,26.704,24.4
147600,26.704,24.4
147700,26.704,24.4
147800,26.704,24.4
147900,26.704,24.4
148000,26.704,24.4
148100,26.704,24.4
148200,26.704,24.4
148300,26.704,24.4
148400,26.704,24.4
148500,26.704,24.4
148600,26.704,24.4
148700,26.704,24.4
148800,26.704,24.4
148900,26.704,24.4
149000,26.704,24.4
149100,26.704,24.4
149200,26.704,24.4
149300,26.704,24.4
149400,26.704,24.4
149500,26.704,24.4
149600,26.704,24.4
149700,26.704,24.4
149800,26.704,24.4
149900,26.704,24.4
150000,26.704,24.4
150100,26.704,24.4
150200,26.704,24.4
150300,26.704,24.4
150400,26.704,24.4
150500,26.704,24.4
150600,26.704,24.4
150700,26.704,24.4
150800,26.704,24.4
150900,26.704,24.4
151000,26.704,24.4
151100,26.704,24.4
151200,26.704,24.4
151300,26.704,24.4
151400,26.704,24.4
151500,26.704,24.4
151600,26.704,24.4
151700,26.704,24.4
151800,26.704,24.4
151900,26.704,24.4
152000,26.704,24.4
152100,26.704,24.4
152200,26.704,24.4
152300,26.704,24.4
152400,26.704,24.4
152500,26.704,24.4
152600,26.704,24.4
152700,26.704,24.4
152800,26.704,24.4
152900,26.704,24.4
153000,26.704,24.4
153100,26.704,24.4
153200,26.704,24.4
153300,26.704,24.4
153400,26.704,24.4
153500,26.704,24.4
153600,26.704,24.4
153700,26.704,24.4
153800,26.704,24.4
153900,26.608000000000004,24.4
154000,26.608000000000004,24.4
154100,26.608000000000004,24.4
154200,26.608000000000004,24.4
154300,26.608000000000004,24.4
154400,26.608000000000004,24.4
154500,26.608000000000004,24.4
154600,26.608000000000004,24.4
154700,26.608000000000004,24.4
154800,26.608000000000004,24.4
154900,26.608000000000004,24.4
155000,26.608000000000004,24.4
155100,26.608000000000004,24.4
155200,26.608000000000004,24.4
155300,26.608000000000004,24.4
155400,26.608000000000004,24.4
155500,26.608000000000004,24.4
155600,26.608000000000004,24.4
155700,26.608000000000004,24.4
155800,26.608000000000004,24.4
155900,26.608000000000004,24.4
156000,26.608000000000004,24.4
156100,26.608000000000004,24.4
156200,26.608000000000004,24.4
156300,26.608000000000004,24.4
156400,26.608000000000004,24.4
156500,26.608000000000004,24.4
156600,26.608000000000004,24.4
156700,26.608000000000004,24.4
156800,26.608000000000004,24.4
156900,26.608000000000004,24.4
157000,26.608000000000004,24.4
157100,26.608000000000004,24.4
157200,26.608000000000004,24.4
157300,26.608000000000004,24.4
157400,26.608000000000004,24.4
157500,26.608000000000004,24.4
157600,26.608000000000004,24.4
157700,26.608000000000004,24.4
157800,26.608000000000004,24.4
157900,26.608000000000004,24.4
158000,26.608000000000004,24.4
158100,26.608000000000004,24.4
158200,26.608000000000004,24.4
158300,26.608000000000004,24.4
158400,26.608000000000004,24.4
158500,26.608000000000004,24.4
158600,26.608000000000004,24.4
158700,26.608000000000004,24.4
158800,26.608000000000004,24.4
158900,26.608000000000004,24.4
159000,26.608000000000004,24.4
159100,26.488,24.4
159200,26.488,24.4
159300,26.488,24.4
159400,26.488,24.4
159500,26.488,24.4
159600,26.488,24.4
159700,26.488,24.4
159800,26.488,24.4
159900,26.488,24.4
160000,26.488,24.4
160100,26.488,24.4
160200,26.488,24.4
160300,26.488,24.4
160400,26.488,24.4
160500,26.488,24.4
160600,26.488,24.4
160700,26.488,24.4
160800,26.488,24.4
160900,26.488,24.4
161000,26.488,24.4
161100,26.488,24.4
161200,26.488,24.4
161300,26.488,24.4
161400,26.488,24.4
161500,26.488,24.4
161600,26.488,24.4
161700,26.488,24.4
161800,26.488,24.4
161900,26.488,24.4
162000,26.488,24.4
162100,26.488,24.4
162200,26.488,24.4
162300,26.488,24.4
162400,26.488,24.4
162500,26.488,24.4
162600,26.488,24.4
162700,26.488,24.4
162800,26.488,24.4
162900,26.488,24.4
163000,26.488,24.4
163100,26.488,24.4
163200,26.488,24.4
163300,26.488,24.4
163400,26.488,24.4
163500,26.488,24.4
163600,26.488,24.4
163700,26.488,24.4
163800,26.488,24.4
163900,26.488,24.4
164000,26.488,24.4
164100,26.488,24.4
164200,26.488,24.4
164300,26.488,24.4
164400,26.488,24.4
164500,26.488,24.4
164600,26.488,24.4
164700,26.488,24.4
164800,26.488,24.4
164900,26.488,24.4
165000,26.488,24.4
165100,26.488,24.4
165200,26.488,24.4
165300,26.488,24.4
165400,26.488,24.4
165500,26.488,24.4
165600,26.488,24.4
165700,26.488,24.4
165800,26.488,24.4
165900,26.488,24.4
166000,26.488,24.4
166100,26.488,24.4
166200,26.488,24.4
166300,26.488,24.4
166400,26.488,24.4
166500,26.488,24.4
166600,26.488,24.4
166700,26.384000000000004,24.4
166800,26.384000000000004,24.4
166900,26.384000000000004,24.4
167000,26.384000000000004,24.4
167100,26.384000000000004,24.4
167200,26.384000000000004,24.4
167300,26.384000000000004,24.4
167400,26.384000000000004,24.4
167500,26.384000000000004,24.4
167600,26.384000000000004,24.4
167700,26.384000000000004,24.4
167800,26.384000000000004,24.4
167900,26.384000000000004,24.4
168000,26.384000000000004,24.4
168100,26.384000000000004,24.4
168200,26.384000000000004,24.4
168300,26.384000000000004,24.4
168400,26.384000000000004,24.4
168500,26.384000000000004,24.4
168600,26.384000000000004,24.4
168700,26.384000000000004,24.4
168800,26.384000000000004,24.4
168900,26.248,24.4
169000,26.248,24.4
169100,26.248,24.4
169200,26.248,24.4
169300,26.248,24.4
169400,26.24,24.4
169500,26.24,24.4
169600,25.728,24.4
169700,25.4,24.4
169800,25.4,24.4
169900,25.4,24.4
170000,25.4,24.4
170100,25.4,24.4
170200,25.4,24.4
170300,25.4,24.4
170400,25.4,24.4
170500,25.4,24.4
170600,25.4,24.4
170700,25.4,24.4
170800,25.04,24.6
170900,25.04,24.6
171000,25.04,24.6
171100,25.04,24.6
171200,25.04,24.6
171300,25.04,24.6
171400,25.04,24.6
171500,25.04,24.6
171600,25.04,24.6
171700,25.04,24.6
171800,25.04,24.6
171900,25.04,24.6
172000,25.04,24.6
172100,25.04,24.6
172200,25.04,24.6
172300,25.04,24.6
172400,25.04,24.6
172500,25.04,24.6
172600,25.04,24.6
172700,25.04,24.6
172800,25.04,24.6
172900,25.04,24.6
173000,25.04,24.6
173100,25.04,24.6
173200,25.04,24.6
173300,25.04,24.6
173400,25.04,24.6
173500,25.04,24.6
173600,25.04,24.6
173700,25.04,24.6
173800,25.04,24.6
173900,25.04,24.6
174000,24.432,24.4
174100,24.432,24.4
174200,24.432,24.4
174300,24.432,24.4
174400,24.432,24.4
174500,24.432,24.4
174600,24.432,24.4
174700,24.432,24.4
174800,24.432,24.4
174900,24.432,24.4
175000,24.432,24.4
175100,24.432,24.4
175200,24.2,24.4
175300,24.2,24.4
175400,24.2,24.4
175500,24.2,24.4
175600,24.2,24.4
175700,24.2,24.4
175800,24.2,24.4
175900,24.2,24.4
176000,24.2,24.4
176100,24.2,24.4
176200,24.2,24.4
176300,24.2,24.4
176400,24.2,24.4
176500,24.2,24.4
176600,24.2,24.4
176700,24.2,24.4
176800,24.2,24.4
176900,24.2,24.4
177000,24.2,24.4
177100,24.2,24.4
177200,24.2,24.4
177300,24.2,24.4
177400,24.2,24.4
177500,24.2,24.4
177600,24.2,24.4
177700,24.2,24.4
177800,24.2,24.4
177900,24.2,24.4
178000,24.2,24.4
178100,24.2,24.4
178200,24.2,24.4
178300,24.2,24.4
178400,24.2,24.4
178500,24.2,24.4
178600,24.2,24.4
178700,24.2,24.4
178800,24.2,24.4
178900,24.2,24.4
179000,24.2,24.4
179100,24.2,24.4
179200,24.2,24.4
179300,24.2,24.4
179400,24.2,24.4
179500,24.2,24.4
179600,24.2,24.4
179700,24.2,24.4
179800,23.576,24.4
179900,23.576,24.4
180000,23.576,24.4
180100,23.576,24.4
180200,23.576,24.4
180300,23.576,24.4
180400,23.576,24.4
180500,23.576,24.4
180600,23.576,24.4
180700,23.576,24.4
180800,23.576,24.4
180900,23.576,24.4
181000,23.576,24.4
181100,23.576,24.4
181200,23.576,24.4
181300,23.576,24.4
181400,23.576,24.4
181500,23.576,24.4
181600,23.576,24.4
181700,23.576,24.4
181800,23.576,24.4
181900,23.576,24.4
182000,23.576,24.4
182100,23.576,24.4
182200,23.432,24.4
182300,23.432,24.4
182400,23.432,24.4
182500,23.432,24.4
182600,23.432,24.4
182700,23.432,24.4
182800,23.432,24.4
182900,23.432,24.4
183000,23.432,24.4
183100,23.432,24.4
183200,23.432,24.4
183300,23.432,24.4
183400,23.432,24.4
183500,23.432,24.4
183600,23.432,24.4
183700,23.432,24.4
183800,23.432,24.4
183900,23.432,24.4
184000,23.432,24.4
184100,23.432,24.4
184200,23.432,24.4
184300,23.432,24.4
184400,23.432,24.4
184500,23.432,24.4
184600,23.432,24.4
184700,23.432,24.4
184800,23.432,24.4
184900,23.432,24.4
185000,23.432,24.4
185100,23.432,24.4
185200,23.432,24.4
185300,23.432,24.4
185400,23.432,24.4
185500,23.432,24.4
185600,23.432,24.4
185700,23.432,24.4
185800,23.432,24.4
185900,23.432,24.4
186000,23.432,24.4
186100,23.432,24.4
186200,23.432,24.4
186300,23.432,24.4
186400,23.432,24.4
186500,23.432,24.4
186600,23.432,24.4
186700,23.432,24.4
186800,23.432,24.4
186900,23.432,24.4
187000,23.432,24.4
187100,23.432,24.4
187200,23.432,24.4
187300,23.432,24.4
187400,23.432,24.4
187500,23.432,24.4
187600,23.432,24.4
187700,23.432,24.4
187800,23.432,24.4
187900,23.351999999999997,24.4
188000,23.351999999999997,24.4
188100,23.351999999999997,24.4
188200,23.351999999999997,24.4
188300,23.351999999999997,24.4
188400,23.351999999999997,24.4
188500,23.351999999999997,24.4
188600,23.351999999999997,24.4
188700,23.351999999999997,24.4
188800,23.351999999999997,24.4
188900,23.216,24.4
189000,23.216,24.4
189100,23.216,24.4
189200,23.216,24.4
189300,23.216,24.4
189400,23.216,24.4
189500,23.216,24.4
189600,23.216,24.4
189700,23.216,24.4
189800,23.216,24.4
189900,23.216,24.4
190000,23.216,24.4
190100,23.216,24.4
190200,23.216,24.4
190300,23.216,24.4
190400,23.216,24.4
190500,23.216,24.4
190600,23.216,24.4
190700,23.216,24.4
190800,23.216,24.4
190900,23.216,24.4
191000,23.216,24.4
191100,23.216,24.4
191200,23.216,24.4
191300,23.216,24.4
191400,23.216,24.4
191500,23.216,24.4
191600,23.216,24.4
191700,23.216,24.4
191800,23.216,24.4
191900,23.216,24.4
192000,23.216,24.4
192100,23.216,24.4
192200,23.216,24.4
192300,23.216,24.4
192400,23.216,24.4
192500,23.216,24.4
192600,23.216,24.4
192700,23.216,24.4
192800,23.216,24.4
192900,23.216,24.4
193000,23.216,24.4
193100,23.216,24.4
193200,23.216,24.4
193300,23.216,24.4
193400,23.216,24.4
193500,23.216,24.4
193600,23.216,24.4
193700,23.216,24.4
193800,23.216,24.4
193900,23.216,24.4
194000,23.216,24.4
194100,23.216,24.4
194200,23.216,24.4
194300,23.216,24.4
194400,23.216,24.4
194500,23.216,24.4
194600,23.216,24.4
194700,23.216,24.4
194800,23.216,24.4
194900,23.216,24.4
195000,23.216,24.4
195100,23.216,24.4
195200,23.216,24.4
195300,23.216,24.4
195400,23.216,24.4
195500,23.216,24.4
195600,23.216,24.4
195700,23.216,24.4
195800,23.216,24.4
195900,23.216,24.4
196000,23.216,24.4
196100,23.216,24.4
196200,23.216,24.4
196300,23.216,24.4
196400,23.216,24.4
196500,23.216,24.4
196600,23.216,24.4
196700,23.216,24.4
196800,23.216,24.4
196900,23.216,24.4
197000,23.216,24.4
197100,22.6,24.4
197200,22.6,24.4
197300,22.6,24.4
197400,22.6,24.4
197500,22.6,24.4
197600,22.6,24.4
197700,22.6,24.4
197800,22.6,24.4
197900,22.6,24.4
198000,22.6,24.4
198100,22.6,24.4
198200,22.6,24.4
198300,22.6,24.4
198400,22.6,24.4
198500,22.6,24.4
198600,22.6,24.4
198700,22.6,24.4
198800,22.6,24.4
198900,22.6,24.4
199000,22.6,24.4
199100,22.6,24.4
199200,22.6,24.4
199300,22.6,24.4
199400,22.6,24.4
199500,22.6,24.4
199600,22.6,24.4
199700,22.6,24.4
199800,22.6,24.4
199900,22.6,24.4
199999,22.6,24.4

START ALGORITHM
h3: (a22 - a32 - a42) * (-b13)
h4: (a13 - a42 - a35) * (-b32)
h10: (-a53) * (b55 - b11)
h14: (a24) * (b32)
h15: (-a44 - a33) * (b14 + b43 + b55 + b22 - b21 - b53)
h20: (-a45) * (b51 - b54)
h25: (-a23) * (-b33)
h26: (a11 - a31 - a35) * (b21 - b25 - b51)
h34: (a41 - a12 - a41) * (b25 - b23 - b21)
h40: (-a21) * (b35 + b51 - b34)
h51: (a22 - a11) * (b53 - b34)
h60: (a32 + a15 - a11) * (-b31)
h69: (a54 - a52) * (-b24)
h74: (a55 + a11 + a34 - a23 - a12 - a25) * (b34)
h78: (-a45) * (-b32)
h85: (a41 + a22 - a55) * (b31 + b42)
h87: (a24) * (-b52)
h89: (a54 + a25) * (b13 + b22 + b11 + b33 - b32 - b55 - b44 - b31)
h92: (a11) * (-b41 - b22)
h96: (-a21 - a23 - a52 - a23 - a51) * (-b41)
h97: (a34 - a34 - a15) * (b54 + b31)
h111: (a12 + a34) * (-b43)
h113: (-a24) * (-b45)
h115: (a44) * (b13 + b22 - b13 - b23 - b31)
h117: (a34) * (b55)
h119: (a44 - a33) * (-b33)
h121: (-a11) * (b23 + b52)
h127: (a13) * (b55 - b23)
h131: (a22 - a43) * (b12 + b44 - b33)
h133: (a12) * (-b35)
h134: (a14 - a33 - a23 - a41 - a53 - a13) * (b52 - b13)
h138: (-a43) * (-b35 - b21 - b52)
h142: (-a42 - a54 - a32) * (b11 - b32 - b32)
h240: (a35 - a43 - a31 - a33) * (b22)
h306: (a53 - a12 - a51 - a23) * (-b13)
h323: (a51 - a25) * (b55 + b54)
h388: (-a21 - a35 - a12) * (b55 + b45 + b52 + b15 - b12 - b23 - b52)
h406: (a22) * (b25)
h413: (a23 - a22 - a33 - a13) * (b41 - b35 - b13)
h439: (a42 + a41) * (-b43 - b31 - b51)
h800: (a13) * (b11 - b44)
h1570: (-a45) * (b45 - b52 - b54)
h1942: (-a15) * (-b43)
h2847: (-a41) * (-b11)
h2967: (-a12) * (b23 - b12)
h3341: (a24 + a23 - a55 - a42 - a51) * (b31 + b22 + b22 - b55 - b24)
h3710: (a44) * (-b32)
h4727: (a31 + a31 - a21) * (-b14)
h4953: (a44) * (b51)
h4993: (a53) * (b13 + b25 + b11)
h6926: (a43 - a51) * (b15 - b53)
h8359: (a25 + a44 + a33) * (b35 - b15)
h11901: (-a55) * (b13)
h13054: (a11 - a51) * (b34 - b35 - b23)
h13514: (-a55 - a44) * (b41 + b14)
h18191: (a11) * (-b32 - b25 - b12)
h19098: (a22 + a42 - a22 - a45) * (b43 + b53 - b33 - b13)
h20038: (a22 - a43 - a53) * (b15 - b13 - b32)
h20061: (a15 - a15 - a15 - a25 - a15) * (b11 + b45 + b41 - b52 - b35)
h24010: (a24 + a55 - a42) * (b31 + b11 - b11 - b15)
h28323: (a15) * (b42 - b55)
h70057: (a25) * (b13 - b53 - b32)
h76630: (-a32 - a31) * (b23)
c11: h96 + h800 + h14 + h131 - h119 - h87 - h96 
c12: h439 + h388 + h96 + h6926 - h13054 
c13: h96 + h111 + h85 - h92 
c14: h15 - h24010 
c15: h306 - h413 
c21: h4 + h74 + h51 + h138 + h15 + h119 
c22: h117 + h74 - h3710 
c23: h119 - h115 - h69 - h8359 
c24: h69 - h78 - h89 - h6926 
c25: h2847 + h20061 - h306 - h3341 
c31: h111 + h4993 + h113 
c32: h25 + h26 + h127 + h142 
c33: h119 + h69 + h111 + h34 - h10 - h113 - h240 
c34: h34 + h142 + h134 + h13514 + h18191 - h34 - h76630 
c35: h3710 + h11901 + h13054 - h20 
c41: - h142 
c42: h4 - h40 
c43: h439 - h117 - h1570 - h1942 - h20038 
c44: h26 + h119 - h60 - h40 - h134 
c45: h97 - h78 
c51: h11901 + h133 + h138 - h70057 
c52: h40 + h323 + h19098 
c53: h87 + h388 + h20 + h4953 + h28323 - h4727 
c54: h3 + h406 - h121 - h127 
c55: h2967 - h131 
