0,160.11999999999998,25
100,124.352,25
200,99.28800000000001,25
300,88.056,25
400,79.944,24.8
500,76.47999999999999,24.8
600,74.232,24.8
700,69.376,24.8
800,67.4,24.8
900,65.224,25
1000,63.912,25
1100,61.592000000000006,24.8
1200,60.775999999999996,24.6
1300,59.552,24.6
1400,57.448,24.6
1500,55.128,24.6
1600,54.576,24.4
1700,54.088,24.4
1800,53.160000000000004,24.4
1900,52.96,24.4
2000,50.76800000000001,24.4
2100,49.959999999999994,24.4
2200,48.248000000000005,24.4
2300,46.81600000000001,24.4
2400,45.92,24.4
2500,45.312,24.4
2600,44.592000000000006,24.4
2700,44.592000000000006,24.4
2800,43.688,24.4
2900,43.424,24.4
3000,43.336,24.4
3100,41.552,24.4
3200,41.552,24.4
3300,41.392,24.4
3400,41.056,24.4
3500,41.056,24.4
3600,40.736,24.4
3700,40.736,24.4
3800,40.736,24.4
3900,40.248000000000005,24.4
4000,40.248000000000005,24.4
4100,40.248000000000005,24.4
4200,40.248000000000005,24.4
4300,40.248000000000005,24.4
4400,40.152,24.4
4500,40.144,24.6
4600,40.056,24.6
4700,39.952,24.6
4800,39.111999999999995,24.4
4900,39.111999999999995,24.4
5000,39.111999999999995,24.4
5100,39.111999999999995,24.4
5200,39.111999999999995,24.4
5300,38.471999999999994,24.4
5400,38.471999999999994,24.4
5500,38.424,24.4
5600,37.263999999999996,24.4
5700,37.263999999999996,24.4
5800,37.263999999999996,24.4
5900,35.496,24.4
6000,34.592,24.2
6100,33.96,24.4
6200,33.232,24.4
6300,33.072,24.4
6400,32.272000000000006,24.4
6500,31.256,24.4
6600,31.256,24.4
6700,31.256,24.4
6800,30.952000000000005,24.4
6900,30.952000000000005,24.4
7000,30.903999999999996,24.4
7100,30.895999999999997,24.4
7200,30.895999999999997,24.4
7300,30.544,24.4
7400,30.544,24.4
7500,30.544,24.4
7600,30.544,24.4
7700,30.544,24.4
7800,30.415999999999997,24.4
7900,30.415999999999997,24.4
8000,30.415999999999997,24.4
8100,30.415999999999997,24.4
8200,30.120000000000005,24.4
8300,30.120000000000005,24.4
8400,30.120000000000005,24.4
8500,30.112000000000002,24.4
8600,30.112000000000002,24.4
8700,30.112000000000002,24.4
8800,30.112000000000002,24.4
8900,30.112000000000002,24.4
9000,30.112000000000002,24.4
9100,30.112000000000002,24.4
9200,29.68,24.4
9300,29.68,24.4
9400,29.68,24.4
9500,29.68,24.4
9600,29.68,24.4
9700,29.68,24.4
9800,29.68,24.4
9900,29.68,24.4
10000,29.320000000000004,24.4
10100,29.320000000000004,24.4
10200,29.320000000000004,24.4
10300,29.320000000000004,24.4
10400,29.320000000000004,24.4
10500,29.320000000000004,24.4
10600,29.320000000000004,24.4
10700,29.320000000000004,24.4
10800,29.224,24.4
10900,28.936,24.4
11000,28.936,24.4
11100,28.936,24.4
11200,28.936,24.4
11300,28.415999999999997,24.4
11400,28.415999999999997,24.4
11500,28.415999999999997,24.4
11600,28.415999999999997,24.4
11700,28.088,24.4
11800,28.064,24.4
11900,27.232,24.4
12000,27.232,24.4
12100,27.232,24.4
12200,27.232,24.4
12300,27.168,24.4
12400,27.168,24.4
12500,27.168,24.4
12600,27.168,24.4
12700,27.168,24.4
12800,27.168,24.4
12900,27.168,24.4
13000,26.968,24.4
13100,26.968,24.4
13200,26.968,24.4
13300,26.872000000000003,24.4
13400,26.872000000000003,24.4
13500,25.976,24.4
13600,25.976,24.4
13700,25.976,24.4
13800,25.976,24.4
13900,25.976,24.4
14000,25.976,24.4
14100,25.639999999999997,24.4
14200,25.552,24.4
14300,25.552,24.4
14400,25.552,24.4
14500,25.552,24.4
14600,25.216,24.4
14700,25.216,24.4
14800,25.12,24.4
14900,25.12,24.4
15000,25.104,24.4
15100,25.104,24.4
15200,25.104,24.4
15300,25.104,24.4
15400,25.104,24.4
15500,25.104,24.4
15600,25.096,24.4
15700,25.096,24.4
15800,25.096,24.4
15900,25.096,24.4
16000,25.096,24.4
16100,25.096,24.4
16200,24.456,24.4
16300,24.456,24.4
16400,24.456,24.4
16500,24.456,24.4
16600,24.456,24.4
16700,24.456,24.4
16800,24.456,24.4
16900,24.112000000000002,24.4
17000,24.088,24.2
17100,24.088,24.2
17200,24.088,24.2
17300,24.088,24.2
17400,24.088,24.2
17500,24.088,24.2
17600,24.088,24.2
17700,24.088,24.2
17800,23.912,24.2
17900,23.728,24.2
18000,23.728,24.2
18100,23.248,24.2
18200,23.248,24.2
18300,22.672,24.2
18400,22.672,24.2
18500,22.672,24.2
18600,22.672,24.2
18700,22.488000000000003,24.2
18800,22.488000000000003,24.2
18900,22.488000000000003,24.2
19000,22.488000000000003,24.2
19100,22.488000000000003,24.2
19200,22.455999999999996,24.2
19300,22.455999999999996,24.2
19400,22.455999999999996,24.2
19500,22.455999999999996,24.2
19600,22.455999999999996,24.2
19700,22.455999999999996,24.2
19800,22.455999999999996,24.2
19900,22.455999999999996,24.2
20000,21.712,24.2
20100,21.712,24.2
20200,21.712,24.2
20300,21.712,24.2
20400,21.568,24.2
20500,21.568,24.2
20600,21.568,24.2
20700,21.568,24.2
20800,21.568,24.2
20900,21.568,24.2
21000,21.568,24.2
21100,21.568,24.2
21200,21.568,24.2
21300,21.568,24.2
21400,21.568,24.2
21500,21.568,24.2
21600,21.568,24.2
21700,21.568,24.2
21800,21.568,24.2
21900,21.568,24.2
22000,21.56,24.2
22100,21.56,24.2
22200,21.56,24.2
22300,21.56,24.2
22400,21.56,24.2
22500,21.56,24.2
22600,21.56,24.2
22700,21.56,24.2
22800,21.56,24.2
22900,21.56,24.2
23000,21.56,24.2
23100,21.56,24.2
23200,21.56,24.2
23300,21.56,24.2
23400,21.56,24.2
23500,21.240000000000002,24.2
23600,21.240000000000002,24.2
23700,21.240000000000002,24.2
23800,21.240000000000002,24.2
23900,21.240000000000002,24.2
24000,21.240000000000002,24.2
24100,21.240000000000002,24.2
24200,21.240000000000002,24.2
24300,21.240000000000002,24.2
24400,21.240000000000002,24.2
24500,21.240000000000002,24.2
24600,21.240000000000002,24.2
24700,21.240000000000002,24.2
24800,21.240000000000002,24.2
24900,21.240000000000002,24.2
25000,21.240000000000002,24.2
25100,21.240000000000002,24.2
25200,21.240000000000002,24.2
25300,21.240000000000002,24.2
25400,21.240000000000002,24.2
25500,21.240000000000002,24.2
25600,21.240000000000002,24.2
25700,21.240000000000002,24.2
25800,21.240000000000002,24.2
25900,21.240000000000002,24.2
26000,21.240000000000002,24.2
26100,21.240000000000002,24.2
26200,21.240000000000002,24.2
26300,21.240000000000002,24.2
26400,21.240000000000002,24.2
26500,21.240000000000002,24.2
26600,21.240000000000002,24.2
26700,21.240000000000002,24.2
26800,21.240000000000002,24.2
26900,21.240000000000002,24.2
27000,21.240000000000002,24.2
27100,21.240000000000002,24.2
27200,21.240000000000002,24.2
27300,21.240000000000002,24.2
27400,21.240000000000002,24.2
27500,21.240000000000002,24.2
27600,21.240000000000002,24.2
27700,21.240000000000002,24.2
27800,21.240000000000002,24.2
27900,21.240000000000002,24.2
28000,21.184,24.2
28100,21.184,24.2
28200,21.184,24.2
28300,21.184,24.2
28400,21.184,24.2
28500,21.184,24.2
28600,21.184,24.2
28700,21.184,24.2
28800,21.184,24.2
28900,21.184,24.2
29000,21.184,24.2
29100,21.184,24.2
29200,21.184,24.2
29300,21.184,24.2
29400,21.184,24.2
29500,21.184,24.2
29600,21.184,24.2
29700,21.184,24.2
29800,21.184,24.2
29900,21.184,24.2
30000,21.184,24.2
30100,21.184,24.2
30200,21.184,24.2
30300,21.184,24.2
30400,21.184,24.2
30500,21.184,24.2
30600,21.184,24.2
30700,21.184,24.2
30800,21.184,24.2
30900,21.184,24.2
31000,21.184,24.2
31100,21.184,24.2
31200,21.184,24.2
31300,21.184,24.2
31400,21.184,24.2
31500,21.184,24.2
31600,21.184,24.2
31700,21.184,24.2
31800,21.184,24.2
31900,21.184,24.2
32000,21.184,24.2
32100,21.184,24.2
32200,21.184,24.2
32300,21.184,24.2
32400,21.184,24.2
32500,21.184,24.2
32600,21.184,24.2
32700,21.184,24.2
32800,21.184,24.2
32900,21.184,24.2
33000,21.184,24.2
33100,21.184,24.2
33200,21.184,24.2
33300,21.184,24.2
33400,21.184,24.2
33500,21.184,24.2
33600,21.184,24.2
33700,21.184,24.2
33800,21.184,24.2
33900,21.184,24.2
34000,21.184,24.2
34100,21.184,24.2
34200,21.088,24.2
34300,21.088,24.2
34400,21.088,24.2
34500,21.088,24.2
34600,21.088,24.2
34700,21.088,24.2
34800,21.088,24.2
34900,21.088,24.2
35000,21.088,24.2
35100,21.088,24.2
35200,21.088,24.2
35300,21.088,24.2
35400,21.088,24.2
35500,21.088,24.2
35600,21.088,24.2
35700,21.088,24.2
35800,21.088,24.2
35900,21.088,24.2
36000,21.088,24.2
36100,21.088,24.2
36200,21.088,24.2
36300,21.088,24.2
36400,21.088,24.2
36500,21.088,24.2
36600,21.088,24.2
36700,20.784000000000002,24.2
36800,20.784000000000002,24.2
36900,20.784000000000002,24.2
37000,20.784000000000002,24.2
37100,20.784000000000002,24.2
37200,20.784000000000002,24.2
37300,20.784000000000002,24.2
37400,20.784000000000002,24.2
37500,20.784000000000002,24.2
37600,20.784000000000002,24.2
37700,20.784000000000002,24.2
37800,20.784000000000002,24.2
37900,20.784000000000002,24.2
38000,20.784000000000002,24.2
38100,20.784000000000002,24.2
38200,20.784000000000002,24.2
38300,20.784000000000002,24.2
38400,20.784000000000002,24.2
38500,20.784000000000002,24.2
38600,20.784000000000002,24.2
38700,20.784000000000002,24.2
38800,20.784000000000002,24.2
38900,20.776,24.2
39000,20.776,24.2
39100,20.776,24.2
39200,20.776,24.2
39300,20.776,24.2
39400,20.776,24.2
39500,20.776,24.2
39600,20.776,24.2
39700,20.776,24.2
39800,20.776,24.2
39900,20.776,24.2
40000,20.776,24.2
40100,20.776,24.2
40200,20.776,24.2
40300,20.776,24.2
40400,20.776,24.2
40500,20.776,24.2
40600,20.776,24.2
40700,20.776,24.2
40800,20.776,24.2
40900,20.776,24.2
41000,20.712,24.4
41100,20.712,24.4
41200,20.712,24.4
41300,20.712,24.4
41400,20.712,24.4
41500,20.712,24.4
41600,20.68,24.4
41700,20.68,24.4
41800,20.68,24.4
41900,20.68,24.4
42000,20.68,24.4
42100,20.68,24.4
42200,20.68,24.4
42300,20.68,24.4
42400,20.68,24.4
42500,20.68,24.4
42600,20.68,24.4
42700,20.68,24.4
42800,20.68,24.4
42900,20.68,24.4
43000,20.68,24.4
43100,20.68,24.4
43200,20.68,24.4
43300,20.68,24.4
43400,20.607999999999997,24.4
43500,20.607999999999997,24.4
43600,20.607999999999997,24.4
43700,20.607999999999997,24.4
43800,20.607999999999997,24.4
43900,20.607999999999997,24.4
44000,20.607999999999997,24.4
44100,20.607999999999997,24.4
44200,20.607999999999997,24.4
44300,20.607999999999997,24.4
44400,20.607999999999997,24.4
44500,20.607999999999997,24.4
44600,20.607999999999997,24.4
44700,20.607999999999997,24.4
44800,20.607999999999997,24.4
44900,20.607999999999997,24.4
45000,20.607999999999997,24.4
45100,20.607999999999997,24.4
45200,20.607999999999997,24.4
45300,20.607999999999997,24.4
45400,20.607999999999997,24.4
45500,20.607999999999997,24.4
45600,20.607999999999997,24.4
45700,20.607999999999997,24.4
45800,20.607999999999997,24.4
45900,20.607999999999997,24.4
46000,20.607999999999997,24.4
46100,20.607999999999997,24.4
46200,20.607999999999997,24.4
46300,20.607999999999997,24.4
46400,20.607999999999997,24.4
46500,20.607999999999997,24.4
46600,20.607999999999997,24.4
46700,20.607999999999997,24.4
46800,20.607999999999997,24.4
46900,20.607999999999997,24.4
47000,20.607999999999997,24.4
47100,20.607999999999997,24.4
47200,20.607999999999997,24.4
47300,20.607999999999997,24.4
47400,20.607999999999997,24.4
47500,20.607999999999997,24.4
47600,20.607999999999997,24.4
47700,20.607999999999997,24.4
47800,20.607999999999997,24.4
47900,20.607999999999997,24.4
48000,20.607999999999997,24.4
48100,20.607999999999997,24.4
48200,20.607999999999997,24.4
48300,20.607999999999997,24.4
48400,20.607999999999997,24.4
48500,20.607999999999997,24.4
48600,20.607999999999997,24.4
48700,20.607999999999997,24.4
48800,20.607999999999997,24.4
48900,20.607999999999997,24.4
49000,20.607999999999997,24.4
49100,20.607999999999997,24.4
49200,20.607999999999997,24.4
49300,20.607999999999997,24.4
49400,20.607999999999997,24.4
49500,20.607999999999997,24.4
49600,20.607999999999997,24.4
49700,20.607999999999997,24.4
49800,20.607999999999997,24.4
49900,20.607999999999997,24.4
50000,20.607999999999997,24.4
50100,20.496000000000002,24.4
50200,20.4,24.2
50300,20.4,24.2
50400,20.4,24.2
50500,20.4,24.2
50600,20.391999999999996,24
50700,20.391999999999996,24
50800,20.391999999999996,24
50900,20.391999999999996,24
51000,20.391999999999996,24
51100,20.391999999999996,24
51200,20.391999999999996,24
51300,20.391999999999996,24
51400,20.296,24.2
51500,20.296,24.2
51600,20.296,24.2
51700,20.296,24.2
51800,20.296,24.2
51900,20.296,24.2
52000,20.296,24.2
52100,20.296,24.2
52200,20.296,24.2
52300,20.296,24.2
52400,20.296,24.2
52500,20.296,24.2
52600,20.296,24.2
52700,20.296,24.2
52800,20.296,24.2
52900,20.296,24.2
53000,20.296,24.2
53100,20.296,24.2
53200,20.296,24.2
53300,20.296,24.2
53400,20.296,24.2
53500,20.296,24.2
53600,20.296,24.2
53700,20.296,24.2
53800,20.296,24.2
53900,20.296,24.2
54000,20.296,24.2
54100,20.296,24.2
54200,20.296,24.2
54300,20.296,24.2
54400,20.296,24.2
54500,20.296,24.2
54600,20.296,24.2
54700,20.296,24.2
54800,20.296,24.2
54900,20.296,24.2
55000,20.296,24.2
55100,20.296,24.2
55200,20.296,24.2
55300,20.296,24.2
55400,20.296,24.2
55500,20.296,24.2
55600,20.296,24.2
55700,20.296,24.2
55800,20.296,24.2
55900,20.296,24.2
56000,20.296,24.2
56100,20.296,24.2
56200,20.296,24.2
56300,20.296,24.2
56400,20.296,24.2
56500,20.296,24.2
56600,20.296,24.2
56700,20.296,24.2
56800,20.296,24.2
56900,20.296,24.2
57000,20.296,24.2
57100,20.136,24.4
57200,20.136,24.4
57300,20.136,24.4
57400,20.136,24.4
57500,19.976,24.2
57600,19.976,24.2
57700,19.976,24.2
57800,19.976,24.2
57900,19.976,24.2
58000,19.976,24.2
58100,19.976,24.2
58200,19.976,24.2
58300,19.976,24.2
58400,19.976,24.2
58500,19.976,24.2
58600,19.976,24.2
58700,19.976,24.2
58800,19.976,24.2
58900,19.976,24.2
59000,19.976,24.2
59100,19.976,24.2
59200,19.976,24.2
59300,19.976,24.2
59400,19.976,24.2
59500,19.976,24.2
59600,19.976,24.2
59700,19.976,24.2
59800,19.976,24.2
59900,19.976,24.2
60000,19.976,24.2
60100,19.976,24.2
60200,19.976,24.2
60300,19.976,24.2
60400,19.976,24.2
60500,19.976,24.2
60600,19.976,24.2
60700,19.976,24.2
60800,19.976,24.2
60900,19.976,24.2
61000,19.976,24.2
61100,19.976,24.2
61200,19.976,24.2
61300,19.976,24.2
61400,19.976,24.2
61500,19.976,24.2
61600,19.976,24.2
61700,19.976,24.2
61800,19.976,24.2
61900,19.976,24.2
62000,19.976,24.2
62100,19.976,24.2
62200,19.976,24.2
62300,19.976,24.2
62400,19.976,24.2
62500,19.976,24.2
62600,19.976,24.2
62700,19.976,24.2
62800,19.976,24.2
62900,19.976,24.2
63000,19.976,24.2
63100,19.976,24.2
63200,19.976,24.2
63300,19.976,24.2
63400,19.976,24.2
63500,19.976,24.2
63600,19.976,24.2
63700,19.976,24.2
63800,19.976,24.2
63900,19.976,24.2
64000,19.976,24.2
64100,19.68,24.2
64200,19.68,24.2
64300,19.68,24.2
64400,19.68,24.2
64500,19.68,24.2
64600,19.68,24.2
64700,19.68,24.2
64800,19.68,24.2
64900,19.68,24.2
65000,19.68,24.2
65100,19.68,24.2
65200,19.68,24.2
65300,19.68,24.2
65400,19.68,24.2
65500,19.68,24.2
65600,19.68,24.2
65700,19.68,24.2
65800,19.68,24.2
65900,19.68,24.2
66000,19.68,24.2
66100,19.68,24.2
66200,19.68,24.2
66300,19.68,24.2
66400,19.68,24.2
66500,19.68,24.2
66600,19.68,24.2
66700,19.68,24.2
66800,19.68,24.2
66900,19.68,24.2
67000,19.68,24.2
67100,19.68,24.2
67200,19.68,24.2
67300,19.68,24.2
67400,19.68,24.2
67500,19.68,24.2
67600,19.68,24.2
67700,19.68,24.2
67800,19.68,24.2
67900,19.68,24.2
68000,19.68,24.2
68100,19.68,24.2
68200,19.68,24.2
68300,19.68,24.2
68400,19.68,24.2
68500,19.68,24.2
68600,19.68,24.2
68700,19.68,24.2
68800,19.68,24.2
68900,19.68,24.2
69000,19.68,24.2
69100,19.68,24.2
69200,19.68,24.2
69300,19.68,24.2
69400,19.68,24.2
69500,19.68,24.2
69600,19.68,24.2
69700,19.68,24.2
69800,19.68,24.2
69900,19.68,24.2
70000,19.68,24.2
70100,19.68,24.2
70200,19.68,24.2
70300,19.68,24.2
70400,19.68,24.2
70500,19.68,24.2
70600,19.68,24.2
70700,19.68,24.2
70800,19.68,24.2
70900,19.68,24.2
71000,19.68,24.2
71100,19.68,24.2
71200,19.68,24.2
71300,19.68,24.2
71400,19.68,24.2
71500,19.68,24.2
71600,19.68,24.2
71700,19.68,24.2
71800,19.68,24.2
71900,19.68,24.2
72000,19.68,24.2
72100,19.68,24.2
72200,19.68,24.2
72300,19.68,24.2
72400,19.68,24.2
72500,19.68,24.2
72600,19.68,24.2
72700,19.68,24.2
72800,19.68,24.2
72900,19.68,24.2
73000,19.68,24.2
73100,19.68,24.2
73200,19.68,24.2
73300,19.68,24.2
73400,19.68,24.2
73500,19.68,24.2
73600,19.68,24.2
73700,19.68,24.2
73800,19.68,24.2
73900,19.68,24.2
74000,19.68,24.2
74100,19.68,24.2
74200,19.68,24.2
74300,19.68,24.2
74400,19.68,24.2
74500,19.68,24.2
74600,19.68,24.2
74700,19.68,24.2
74800,19.68,24.2
74900,19.68,24.2
75000,19.68,24.2
75100,19.68,24.2
75200,19.68,24.2
75300,19.68,24.2
75400,19.68,24.2
75500,19.68,24.2
75600,19.68,24.2
75700,19.68,24.2
75800,19.68,24.2
75900,19.68,24.2
76000,19.68,24.2
76100,19.68,24.2
76200,19.68,24.2
76300,19.68,24.2
76400,19.68,24.2
76500,19.68,24.2
76600,19.68,24.2
76700,19.68,24.2
76800,19.68,24.2
76900,19.68,24.2
77000,19.68,24.2
77100,19.68,24.2
77200,19.68,24.2
77300,19.68,24.2
77400,19.68,24.2
77500,19.68,24.2
77600,19.68,24.2
77700,19.68,24.2
77800,19.68,24.2
77900,19.68,24.2
78000,19.68,24.2
78100,19.68,24.2
78200,19.68,24.2
78300,19.68,24.2
78400,19.68,24.2
78500,19.68,24.2
78600,19.68,24.2
78700,19.68,24.2
78800,19.68,24.2
78900,19.68,24.2
79000,19.68,24.2
79100,19.68,24.2
79200,19.68,24.2
79300,19.68,24.2
79400,19.68,24.2
79500,19.68,24.2
79600,19.68,24.2
79700,19.68,24.2
79800,19.68,24.2
79900,19.68,24.2
80000,19.68,24.2
80100,19.68,24.2
80200,19.68,24.2
80300,19.68,24.2
80400,19.68,24.2
80500,19.68,24.2
80600,19.68,24.2
80700,19.68,24.2
80800,19.68,24.2
80900,19.68,24.2
81000,19.68,24.2
81100,19.68,24.2
81200,19.68,24.2
81300,19.68,24.2
81400,19.68,24.2
81500,19.672,24
81600,19.672,24
81700,19.672,24
81800,19.672,24
81900,19.672,24
82000,19.672,24
82100,19.672,24
82200,19.672,24
82300,19.6,23.8
82400,19.6,23.8
82500,19.544,23.6
82600,19.544,23.6
82700,19.544,23.6
82800,19.544,23.6
82900,19.544,23.6
83000,19.544,23.6
83100,19.544,23.6
83200,19.544,23.6
83300,19.544,23.6
83400,19.544,23.6
83500,19.544,23.6
83600,19.544,23.6
83700,19.544,23.6
83800,19.544,23.6
83900,19.544,23.6
84000,19.544,23.6
84100,19.544,23.6
84200,19.544,23.6
84300,19.544,23.6
84400,19.544,23.6
84500,19.544,23.6
84600,19.544,23.6
84700,19.544,23.6
84800,19.544,23.6
84900,19.544,23.6
85000,19.544,23.6
85100,19.544,23.6
85200,19.544,23.6
85300,19.544,23.6
85400,19.544,23.6
85500,19.544,23.6
85600,19.544,23.6
85700,19.544,23.6
85800,19.544,23.6
85900,19.544,23.6
86000,19.544,23.6
86100,19.544,23.6
86200,19.544,23.6
86300,19.544,23.6
86400,19.544,23.6
86500,19.544,23.6
86600,19.544,23.6
86700,19.544,23.6
86800,19.544,23.6
86900,19.544,23.6
87000,19.544,23.6
87100,19.544,23.6
87200,19.544,23.6
87300,19.544,23.6
87400,19.544,23.6
87500,19.544,23.6
87600,19.544,23.6
87700,19.544,23.6
87800,19.544,23.6
87900,19.544,23.6
88000,19.544,23.6
88100,19.544,23.6
88200,19.544,23.6
88300,19.544,23.6
88400,19.544,23.6
88500,19.544,23.6
88600,19.544,23.6
88700,19.544,23.6
88800,19.544,23.6
88900,19.544,23.6
89000,19.544,23.6
89100,19.544,23.6
89200,19.544,23.6
89300,19.544,23.6
89400,19.544,23.6
89500,19.544,23.6
89600,19.544,23.6
89700,19.544,23.6
89800,19.544,23.6
89900,19.544,23.6
90000,19.544,23.6
90100,19.544,23.6
90200,19.544,23.6
90300,19.544,23.6
90400,19.544,23.6
90500,19.544,23.6
90600,19.544,23.6
90700,19.544,23.6
90800,19.544,23.6
90900,19.544,23.6
91000,19.544,23.6
91100,19.544,23.6
91200,19.544,23.6
91300,19.544,23.6
91400,19.544,23.6
91500,19.544,23.6
91600,19.544,23.6
91700,19.544,23.6
91800,19.544,23.6
91900,19.544,23.6
92000,19.544,23.6
92100,19.544,23.6
92200,19.544,23.6
92300,19.544,23.6
92400,19.544,23.6
92500,19.544,23.6
92600,19.544,23.6
92700,19.544,23.6
92800,19.544,23.6
92900,19.544,23.6
93000,19.544,23.6
93100,19.544,23.6
93200,19.544,23.6
93300,19.544,23.6
93400,19.544,23.6
93500,19.544,23.6
93600,19.544,23.6
93700,19.544,23.6
93800,19.544,23.6
93900,19.544,23.6
94000,19.544,23.6
94100,19.544,23.6
94200,19.544,23.6
94300,19.544,23.6
94400,19.544,23.6
94500,19.544,23.6
94600,19.544,23.6
94700,19.544,23.6
94800,19.544,23.6
94900,19.544,23.6
95000,19.544,23.6
95100,19.544,23.6
95200,19.544,23.6
95300,19.544,23.6
95400,19.544,23.6
95500,19.544,23.6
95600,19.544,23.6
95700,19.544,23.6
95800,19.544,23.6
95900,19.544,23.6
96000,19.544,23.6
96100,19.544,23.6
96200,19.544,23.6
96300,19.544,23.6
96400,19.544,23.6
96500,19.544,23.6
96600,19.544,23.6
96700,19.544,23.6
96800,19.544,23.6
96900,19.544,23.6
97000,19.544,23.6
97100,19.544,23.6
97200,19.544,23.6
97300,19.544,23.6
97400,19.544,23.6
97500,19.544,23.6
97600,19.544,23.6
97700,19.544,23.6
97800,19.544,23.6
97900,19.544,23.6
98000,19.544,23.6
98100,19.544,23.6
98200,19.544,23.6
98300,19.544,23.6
98400,19.544,23.6
98500,19.544,23.6
98600,19.544,23.6
98700,19.439999999999998,23.4
98800,19.439999999999998,23.4
98900,19.439999999999998,23.4
99000,19.439999999999998,23.4
99100,19.439999999999998,23.4
99200,19.439999999999998,23.4
99300,19.439999999999998,23.4
99400,19.439999999999998,23.4
99500,19.439999999999998,23.4
99600,19.439999999999998,23.4
99700,19.439999999999998,23.4
99800,19.439999999999998,23.4
99900,19.439999999999998,23.4
100000,19.439999999999998,23.4
100100,19.439999999999998,23.4
100200,19.439999999999998,23.4
100300,19.439999999999998,23.4
100400,19.439999999999998,23.4
100500,19.439999999999998,23.4
100600,19.439999999999998,23.4
100700,19.439999999999998,23.4
100800,19.439999999999998,23.4
100900,19.439999999999998,23.4
101000,19.439999999999998,23.4
101100,19.439999999999998,23.4
101200,19.439999999999998,23.4
101300,19.439999999999998,23.4
101400,19.439999999999998,23.4
101500,19.439999999999998,23.4
101600,19.439999999999998,23.4
101700,19.439999999999998,23.4
101800,19.439999999999998,23.4
101900,19.439999999999998,23.4
102000,19.439999999999998,23.4
102100,19.439999999999998,23.4
102200,19.439999999999998,23.4
102300,19.439999999999998,23.4
102400,19.439999999999998,23.4
102500,19.439999999999998,23.4
102600,19.439999999999998,23.4
102700,19.439999999999998,23.4
102800,19.439999999999998,23.4
102900,19.439999999999998,23.4
103000,19.439999999999998,23.4
103100,19.439999999999998,23.4
103200,19.439999999999998,23.4
103300,19.439999999999998,23.4
103400,19.439999999999998,23.4
103500,19.439999999999998,23.4
103600,19.439999999999998,23.4
103700,19.439999999999998,23.4
103800,19.439999999999998,23.4
103900,19.439999999999998,23.4
104000,19.439999999999998,23.4
104100,19.439999999999998,23.4
104200,19.439999999999998,23.4
104300,19.439999999999998,23.4
104400,19.439999999999998,23.4
104500,19.439999999999998,23.4
104600,19.439999999999998,23.4
104700,19.439999999999998,23.4
104800,19.439999999999998,23.4
104900,19.439999999999998,23.4
105000,19.439999999999998,23.4
105100,19.439999999999998,23.4
105200,19.439999999999998,23.4
105300,19.439999999999998,23.4
105400,19.439999999999998,23.4
105500,19.439999999999998,23.4
105600,19.439999999999998,23.4
105700,19.439999999999998,23.4
105800,19.439999999999998,23.4
105900,19.439999999999998,23.4
106000,19.439999999999998,23.4
106100,19.439999999999998,23.4
106200,19.439999999999998,23.4
106300,19.439999999999998,23.4
106400,19.439999999999998,23.4
106500,19.439999999999998,23.4
106600,19.439999999999998,23.4
106700,19.439999999999998,23.4
106800,19.439999999999998,23.4
106900,19.439999999999998,23.4
107000,19.439999999999998,23.4
107100,19.439999999999998,23.4
107200,19.439999999999998,23.4
107300,19.439999999999998,23.4
107400,19.439999999999998,23.4
107500,19.439999999999998,23.4
107600,19.439999999999998,23.4
107700,19.439999999999998,23.4
107800,19.439999999999998,23.4
107900,19.439999999999998,23.4
108000,19.439999999999998,23.4
108100,19.439999999999998,23.4
108200,19.439999999999998,23.4
108300,19.439999999999998,23.4
108400,19.439999999999998,23.4
108500,19.439999999999998,23.4
108600,19.439999999999998,23.4
108700,19.439999999999998,23.4
108800,19.439999999999998,23.4
108900,19.439999999999998,23.4
109000,19.439999999999998,23.4
109100,19.439999999999998,23.4
109200,19.439999999999998,23.4
109300,19.439999999999998,23.4
109400,19.439999999999998,23.4
109500,19.439999999999998,23.4
109600,19.439999999999998,23.4
109700,19.439999999999998,23.4
109800,19.439999999999998,23.4
109900,19.439999999999998,23.4
110000,19.439999999999998,23.4
110100,19.439999999999998,23.4
110200,19.439999999999998,23.4
110300,19.439999999999998,23.4
110400,19.439999999999998,23.4
110500,19.439999999999998,23.4
110600,19.439999999999998,23.4
110700,19.439999999999998,23.4
110800,19.439999999999998,23.4
110900,19.408,23.6
111000,19.408,23.6
111100,19.408,23.6
111200,19.408,23.6
111300,19.408,23.6
111400,19.408,23.6
111500,19.408,23.6
111600,19.408,23.6
111700,19.408,23.6
111800,19.408,23.6
111900,19.408,23.6
112000,19.408,23.6
112100,19.408,23.6
112200,19.408,23.6
112300,19.408,23.6
112400,19.408,23.6
112500,19.408,23.6
112600,19.408,23.6
112700,19.408,23.6
112800,19.408,23.6
112900,19.408,23.6
113000,19.408,23.6
113100,19.408,23.6
113200,19.408,23.6
113300,19.408,23.6
113400,19.408,23.6
113500,19.408,23.6
113600,19.408,23.6
113700,19.408,23.6
113800,19.408,23.6
113900,19.408,23.6
114000,19.408,23.6
114100,19.408,23.6
114200,19.408,23.6
114300,19.408,23.6
114400,19.408,23.6
114500,19.408,23.6
114600,19.144000000000002,23.8
114700,19.144000000000002,23.8
114800,19.144000000000002,23.8
114900,19.144000000000002,23.8
115000,19.144000000000002,23.8
115100,19.144000000000002,23.8
115200,19.144000000000002,23.8
115300,19.144000000000002,23.8
115400,19.144000000000002,23.8
115500,19.144000000000002,23.8
115600,19.144000000000002,23.8
115700,19.144000000000002,23.8
115800,19.144000000000002,23.8
115900,19.144000000000002,23.8
116000,19.144000000000002,23.8
116100,19.144000000000002,23.8
116200,19.144000000000002,23.8
116300,19.144000000000002,23.8
116400,19.144000000000002,23.8
116500,19.144000000000002,23.8
116600,19.144000000000002,23.8
116700,19.144000000000002,23.8
116800,19.144000000000002,23.8
116900,19.144000000000002,23.8
117000,19.144000000000002,23.8
117100,19.144000000000002,23.8
117200,19.144000000000002,23.8
117300,19.144000000000002,23.8
117400,19.144000000000002,23.8
117500,19.144000000000002,23.8
117600,19.144000000000002,23.8
117700,19.144000000000002,23.8
117800,19.144000000000002,23.8
117900,19.144000000000002,23.8
118000,19.144000000000002,23.8
118100,19.144000000000002,23.8
118200,19.144000000000002,23.8
118300,19.144000000000002,23.8
118400,19.144000000000002,23.8
118500,19.144000000000002,23.8
118600,19.144000000000002,23.8
118700,19.144000000000002,23.8
118800,19.144000000000002,23.8
118900,19.144000000000002,23.8
119000,19.144000000000002,23.8
119100,19.144000000000002,23.8
119200,19.144000000000002,23.8
119300,19.144000000000002,23.8
119400,19.144000000000002,23.8
119500,19.144000000000002,23.8
119600,19.144000000000002,23.8
119700,19.144000000000002,23.8
119800,19.144000000000002,23.8
119900,19.144000000000002,23.8
120000,19.144000000000002,23.8
120100,19.144000000000002,23.8
120200,19.144000000000002,23.8
120300,19.144000000000002,23.8
120400,19.144000000000002,23.8
120500,19.144000000000002,23.8
120600,19.144000000000002,23.8
120700,19.144000000000002,23.8
120800,19.144000000000002,23.8
120900,19.144000000000002,23.8
121000,19.144000000000002,23.8
121100,19.144000000000002,23.8
121200,19.144000000000002,23.8
121300,19.144000000000002,23.8
121400,19.144000000000002,23.8
121500,19.144000000000002,23.8
121600,19.144000000000002,23.8
121700,19.144000000000002,23.8
121800,19.144000000000002,23.8
121900,19.144000000000002,23.8
122000,19.144000000000002,23.8
122100,19.144000000000002,23.8
122200,19.144000000000002,23.8
122300,19.144000000000002,23.8
122400,19.144000000000002,23.8
122500,19.144000000000002,23.8
122600,19.144000000000002,23.8
122700,19.144000000000002,23.8
122800,19.144000000000002,23.8
122900,19.144000000000002,23.8
123000,19.144000000000002,23.8
123100,19.144000000000002,23.8
123200,19.144000000000002,23.8
123300,19.144000000000002,23.8
123400,19.144000000000002,23.8
123500,19.144000000000002,23.8
123600,19.144000000000002,23.8
123700,19.144000000000002,23.8
123800,19.144000000000002,23.8
123900,19.144000000000002,23.8
124000,19.144000000000002,23.8
124100,19.144000000000002,23.8
124200,19.144000000000002,23.8
124300,19.144000000000002,23.8
124400,19.144000000000002,23.8
124500,19.144000000000002,23.8
124600,19.144000000000002,23.8
124700,19.144000000000002,23.8
124800,19.144000000000002,23.8
124900,19.144000000000002,23.8
125000,19.144000000000002,23.8
125100,19.144000000000002,23.8
125200,19.144000000000002,23.8
125300,19.144000000000002,23.8
125400,19.144000000000002,23.8
125500,19.144000000000002,23.8
125600,19.144000000000002,23.8
125700,19.144000000000002,23.8
125800,19.144000000000002,23.8
125900,19.144000000000002,23.8
126000,19.144000000000002,23.8
126100,19.144000000000002,23.8
126200,19.144000000000002,23.8
126300,19.144000000000002,23.8
126400,19.144000000000002,23.8
126500,19.144000000000002,23.8
126600,19.144000000000002,23.8
126700,19.144000000000002,23.8
126800,19.144000000000002,23.8
126900,19.144000000000002,23.8
127000,19.144000000000002,23.8
127100,19.144000000000002,23.8
127200,19.144000000000002,23.8
127300,19.144000000000002,23.8
127400,19.144000000000002,23.8
127500,19.144000000000002,23.8
127600,19.144000000000002,23.8
127700,19.144000000000002,23.8
127800,19.144000000000002,23.8
127900,19.144000000000002,23.8
128000,19.144000000000002,23.8
128100,18.735999999999997,23.8
128200,18.735999999999997,23.8
128300,18.735999999999997,23.8
128400,17.656,23.8
128500,17.656,23.8
128600,17.656,23.8
128700,17.656,23.8
128800,17.656,23.8
128900,17.656,23.8
129000,17.656,23.8
129100,17.656,23.8
129200,17.656,23.8
129300,17.656,23.8
129400,17.656,23.8
129500,17.656,23.8
129600,17.656,23.8
129700,17.656,23.8
129800,17.656,23.8
129900,17.656,23.8
130000,17.656,23.8
130100,17.656,23.8
130200,17.656,23.8
130300,17.656,23.8
130400,17.656,23.8
130500,17.656,23.8
130600,17.656,23.8
130700,17.656,23.8
130800,17.656,23.8
130900,17.656,23.8
131000,17.656,23.8
131100,17.656,23.8
131200,17.656,23.8
131300,17.656,23.8
131400,17.656,23.8
131500,17.656,23.8
131600,17.656,23.8
131700,17.656,23.8
131800,17.656,23.8
131900,17.656,23.8
132000,17.656,23.8
132100,17.656,23.8
132200,17.656,23.8
132300,17.656,23.8
132400,17.656,23.8
132500,17.656,23.8
132600,17.656,23.8
132700,17.656,23.8
132800,17.656,23.8
132900,17.656,23.8
133000,17.656,23.8
133100,17.656,23.8
133200,17.576,23.8
133300,17.576,23.8
133400,17.576,23.8
133500,17.576,23.8
133600,17.576,23.8
133700,17.576,23.8
133800,17.576,23.8
133900,17.576,23.8
134000,17.576,23.8
134100,17.576,23.8
134200,17.576,23.8
134300,17.576,23.8
134400,17.576,23.8
134500,17.576,23.8
134600,17.503999999999998,23.6
134700,17.503999999999998,23.6
134800,17.503999999999998,23.6
134900,17.503999999999998,23.6
135000,17.503999999999998,23.6
135100,17.503999999999998,23.6
135200,17.503999999999998,23.6
135300,17.503999999999998,23.6
135400,17.503999999999998,23.6
135500,17.407999999999998,23.4
135600,17.407999999999998,23.4
135700,17.407999999999998,23.4
135800,17.407999999999998,23.4
135900,17.407999999999998,23.4
136000,17.407999999999998,23.4
136100,17.407999999999998,23.4
136200,17.407999999999998,23.4
136300,17.407999999999998,23.4
136400,17.407999999999998,23.4
136500,17.407999999999998,23.4
136600,17.407999999999998,23.4
136700,17.407999999999998,23.4
136800,17.407999999999998,23.4
136900,17.407999999999998,23.4
137000,17.407999999999998,23.4
137100,17.407999999999998,23.4
137200,17.407999999999998,23.4
137300,17.407999999999998,23.4
137400,17.407999999999998,23.4
137500,17.407999999999998,23.4
137600,17.407999999999998,23.4
137700,17.407999999999998,23.4
137800,17.407999999999998,23.4
137900,17.407999999999998,23.4
138000,17.407999999999998,23.4
138100,17.407999999999998,23.4
138200,17.407999999999998,23.4
138300,17.407999999999998,23.4
138400,17.407999999999998,23.4
138500,17.407999999999998,23.4
138600,17.407999999999998,23.4
138700,17.407999999999998,23.4
138800,17.407999999999998,23.4
138900,17.407999999999998,23.4
139000,17.407999999999998,23.4
139100,17.407999999999998,23.4
139200,17.407999999999998,23.4
139300,17.407999999999998,23.4
139400,17.407999999999998,23.4
139500,17.407999999999998,23.4
139600,17.407999999999998,23.4
139700,17.407999999999998,23.4
139800,17.407999999999998,23.4
139900,17.407999999999998,23.4
140000,17.407999999999998,23.4
140100,17.407999999999998,23.4
140200,17.407999999999998,23.4
140300,17.407999999999998,23.4
140400,17.407999999999998,23.4
140500,17.407999999999998,23.4
140600,17.407999999999998,23.4
140700,17.407999999999998,23.4
140800,17.407999999999998,23.4
140900,17.407999999999998,23.4
141000,17.407999999999998,23.4
141100,17.407999999999998,23.4
141200,17.407999999999998,23.4
141300,17.407999999999998,23.4
141400,17.407999999999998,23.4
141500,17.407999999999998,23.4
141600,17.407999999999998,23.4
141700,17.407999999999998,23.4
141800,17.407999999999998,23.4
141900,17.407999999999998,23.4
142000,17.407999999999998,23.4
142100,17.407999999999998,23.4
142200,17.407999999999998,23.4
142300,17.407999999999998,23.4
142400,17.407999999999998,23.4
142500,17.407999999999998,23.4
142600,17.407999999999998,23.4
142700,17.407999999999998,23.4
142800,17.407999999999998,23.4
142900,17.407999999999998,23.4
143000,17.407999999999998,23.4
143100,17.407999999999998,23.4
143200,17.407999999999998,23.4
143300,17.407999999999998,23.4
143400,17.407999999999998,23.4
143500,17.407999999999998,23.4
143600,17.407999999999998,23.4
143700,17.407999999999998,23.4
143800,17.407999999999998,23.4
143900,17.407999999999998,23.4
144000,17.407999999999998,23.4
144100,17.407999999999998,23.4
144200,17.407999999999998,23.4
144300,17.407999999999998,23.4
144400,17.407999999999998,23.4
144500,17.407999999999998,23.4
144600,17.407999999999998,23.4
144700,17.407999999999998,23.4
144800,17.407999999999998,23.4
144900,17.407999999999998,23.4
145000,17.407999999999998,23.4
145100,17.407999999999998,23.4
145200,17.407999999999998,23.4
145300,17.407999999999998,23.4
145400,17.407999999999998,23.4
145500,17.407999999999998,23.4
145600,17.407999999999998,23.4
145700,17.407999999999998,23.4
145800,17.407999999999998,23.4
145900,17.407999999999998,23.4
146000,17.407999999999998,23.4
146100,17.407999999999998,23.4
146200,17.407999999999998,23.4
146300,17.407999999999998,23.4
146400,17.407999999999998,23.4
146500,17.407999999999998,23.4
146600,17.407999999999998,23.4
146700,17.407999999999998,23.4
146800,17.407999999999998,23.4
146900,17.407999999999998,23.4
147000,17.407999999999998,23.4
147100,17.407999999999998,23.4
147200,17.407999999999998,23.4
147300,17.407999999999998,23.4
147400,17.407999999999998,23.4
147500,17.407999999999998,23.4
147600,17.407999999999998,23.4
147700,17.407999999999998,23.4
147800,17.407999999999998,23.4
147900,17.407999999999998,23.4
148000,17.407999999999998,23.4
148100,17.407999999999998,23.4
148200,17.407999999999998,23.4
148300,17.407999999999998,23.4
148400,17.407999999999998,23.4
148500,17.407999999999998,23.4
148600,17.407999999999998,23.4
148700,17.407999999999998,23.4
148800,17.407999999999998,23.4
148900,17.407999999999998,23.4
149000,17.407999999999998,23.4
149100,17.407999999999998,23.4
149200,17.407999999999998,23.4
149300,17.407999999999998,23.4
149400,17.407999999999998,23.4
149500,17.407999999999998,23.4
149600,17.407999999999998,23.4
149700,17.407999999999998,23.4
149800,17.336000000000002,23.4
149900,17.336000000000002,23.4
150000,17.336000000000002,23.4
150100,17.336000000000002,23.4
150200,17.336000000000002,23.4
150300,17.336000000000002,23.4
150400,17.336000000000002,23.4
150500,17.336000000000002,23.4
150600,17.336000000000002,23.4
150700,17.336000000000002,23.4
150800,17.224,23.4
150900,17.224,23.4
151000,17.224,23.4
151100,17.224,23.4
151200,17.224,23.4
151300,17.224,23.4
151400,17.224,23.4
151500,17.224,23.4
151600,17.224,23.4
151700,17.224,23.4
151800,17.224,23.4
151900,17.224,23.4
152000,17.224,23.4
152100,17.224,23.4
152200,17.224,23.4
152300,17.224,23.4
152400,17.224,23.4
152500,17.224,23.4
152600,17.224,23.4
152700,17.224,23.4
152800,17.224,23.4
152900,17.224,23.4
153000,17.224,23.4
153100,17.224,23.4
153200,17.224,23.4
153300,17.224,23.4
153400,17.224,23.4
153500,17.224,23.4
153600,17.224,23.4
153700,17.224,23.4
153800,17.224,23.4
153900,17.224,23.4
154000,17.224,23.4
154100,17.224,23.4
154200,17.224,23.4
154300,17.224,23.4
154400,17.224,23.4
154500,17.224,23.4
154600,17.080000000000002,23.4
154700,17.080000000000002,23.4
154800,17.080000000000002,23.4
154900,17.080000000000002,23.4
155000,17.080000000000002,23.4
155100,17.080000000000002,23.4
155200,17.080000000000002,23.4
155300,17.080000000000002,23.4
155400,17.080000000000002,23.4
155500,17.080000000000002,23.4
155600,17.080000000000002,23.4
155700,17.080000000000002,23.4
155800,17.080000000000002,23.4
155900,17.080000000000002,23.4
156000,17.080000000000002,23.4
156100,17.080000000000002,23.4
156200,17.080000000000002,23.4
156300,17.080000000000002,23.4
156400,16.928,23.4
156500,16.928,23.4
156600,16.928,23.4
156700,16.928,23.4
156800,16.928,23.4
156900,16.928,23.4
157000,16.928,23.4
157100,16.928,23.4
157200,16.928,23.4
157300,16.928,23.4
157400,16.752000000000002,23.2
157500,16.752000000000002,23.2
157600,16.752000000000002,23.2
157700,16.752000000000002,23.2
157800,16.752000000000002,23.2
157900,16.752000000000002,23.2
158000,16.752000000000002,23.2
158100,16.752000000000002,23.2
158200,16.752000000000002,23.2
158300,16.752000000000002,23.2
158400,16.752000000000002,23.2
158500,16.752000000000002,23.2
158600,16.752000000000002,23.2
158700,16.752000000000002,23.2
158800,16.752000000000002,23.2
158900,16.752000000000002,23.2
159000,16.752000000000002,23.2
159100,16.752000000000002,23.2
159200,16.752000000000002,23.2
159300,16.752000000000002,23.2
159400,16.752000000000002,23.2
159500,16.752000000000002,23.2
159600,16.752000000000002,23.2
159700,16.752000000000002,23.2
159800,16.752000000000002,23.2
159900,16.752000000000002,23.2
160000,16.752000000000002,23.2
160100,16.752000000000002,23.2
160200,16.752000000000002,23.2
160300,16.752000000000002,23.2
160400,16.752000000000002,23.2
160500,16.752000000000002,23.2
160600,16.752000000000002,23.2
160700,16.752000000000002,23.2
160800,16.752000000000002,23.2
160900,16.752000000000002,23.2
161000,16.752000000000002,23.2
161100,16.752000000000002,23.2
161200,16.752000000000002,23.2
161300,16.752000000000002,23.2
161400,16.752000000000002,23.2
161500,16.752000000000002,23.2
161600,16.752000000000002,23.2
161700,16.752000000000002,23.2
161800,16.752000000000002,23.2
161900,16.752000000000002,23.2
162000,16.752000000000002,23.2
162100,16.752000000000002,23.2
162200,16.752000000000002,23.2
162300,16.752000000000002,23.2
162400,16.752000000000002,23.2
162500,16.752000000000002,23.2
162600,16.752000000000002,23.2
162700,16.752000000000002,23.2
162800,16.752000000000002,23.2
162900,16.752000000000002,23.2
163000,16.752000000000002,23.2
163100,16.752000000000002,23.2
163200,16.752000000000002,23.2
163300,16.752,23.4
163400,16.752,23.4
163500,16.752,23.4
163600,16.752,23.4
163700,16.752,23.4
163800,16.752,23.4
163900,16.752,23.4
164000,16.752,23.4
164100,16.752,23.4
164200,16.752,23.4
164300,16.752,23.4
164400,16.752,23.4
164500,16.752,23.4
164600,16.752,23.4
164700,16.752,23.4
164800,16.752,23.4
164900,16.752,23.4
165000,16.752,23.4
165100,16.752,23.4
165200,16.752,23.4
165300,16.752,23.4
165400,16.752,23.4
165500,16.752,23.4
165600,16.752,23.4
165700,16.752,23.4
165800,16.752,23.4
165900,16.752,23.4
166000,16.752,23.4
166100,16.696,23.4
166200,16.696,23.4
166300,16.696,23.4
166400,16.696,23.4
166500,16.696,23.4
166600,16.696,23.4
166700,16.696,23.4
166800,16.696,23.4
166900,16.696,23.4
167000,16.696,23.4
167100,16.696,23.4
167200,16.696,23.4
167300,16.696,23.4
167400,16.696,23.4
167500,16.544,23.4
167600,16.544,23.4
167700,16.544,23.4
167800,16.544,23.4
167900,16.544,23.4
168000,16.544,23.4
168100,16.544,23.4
168200,16.544,23.4
168300,16.504,23.6
168400,16.504,23.6
168500,16.504,23.6
168600,16.504,23.6
168700,16.504,23.6
168800,16.504,23.6
168900,16.504,23.6
169000,16.504,23.6
169100,16.504,23.6
169200,16.504,23.6
169300,16.504,23.6
169400,16.504,23.6
169500,16.504,23.6
169600,16.504,23.6
169700,16.504,23.6
169800,16.504,23.6
169900,16.504,23.6
170000,16.504,23.6
170100,16.504,23.6
170200,16.504,23.6
170300,16.504,23.6
170400,16.504,23.6
170500,16.504,23.6
170600,16.504,23.6
170700,16.152,23.6
170800,16.152,23.6
170900,16.152,23.6
171000,16.152,23.6
171100,16.152,23.6
171200,16.152,23.6
171300,16.152,23.6
171400,16.152,23.6
171500,16.152,23.6
171600,16.152,23.6
171700,16.152,23.6
171800,16.152,23.6
171900,16.152,23.6
172000,15.943999999999999,23.6
172100,15.943999999999999,23.6
172200,15.943999999999999,23.6
172300,15.943999999999999,23.6
172400,15.943999999999999,23.6
172500,15.943999999999999,23.6
172600,15.943999999999999,23.6
172700,15.943999999999999,23.6
172800,15.943999999999999,23.6
172900,15.943999999999999,23.6
173000,15.943999999999999,23.6
173100,15.943999999999999,23.6
173200,15.943999999999999,23.6
173300,15.943999999999999,23.6
173400,15.943999999999999,23.6
173500,15.943999999999999,23.6
173600,15.943999999999999,23.6
173700,15.943999999999999,23.6
173800,15.943999999999999,23.6
173900,15.943999999999999,23.6
174000,15.943999999999999,23.6
174100,15.943999999999999,23.6
174200,15.943999999999999,23.6
174300,15.943999999999999,23.6
174400,15.943999999999999,23.6
174500,15.943999999999999,23.6
174600,15.943999999999999,23.6
174700,15.943999999999999,23.6
174800,15.943999999999999,23.6
174900,15.943999999999999,23.6
175000,15.48,23.4
175100,15.48,23.4
175200,15.48,23.4
175300,15.48,23.4
175400,15.48,23.4
175500,15.48,23.4
175600,15.4,23.4
175700,15.4,23.4
175800,15.4,23.4
175900,15.4,23.4
176000,15.4,23.4
176100,15.4,23.4
176200,15.4,23.4
176300,15.4,23.4
176400,15.232,23.6
176500,15.232,23.6
176600,14.943999999999999,23.6
176700,14.943999999999999,23.6
176800,14.943999999999999,23.6
176900,14.943999999999999,23.6
177000,14.495999999999999,23.6
177100,14.495999999999999,23.6
177200,14.495999999999999,23.6
177300,14.495999999999999,23.6
177400,14.495999999999999,23.6
177500,14.495999999999999,23.6
177600,14.495999999999999,23.6
177700,14.495999999999999,23.6
177800,14.495999999999999,23.6
177900,14.495999999999999,23.6
178000,14.495999999999999,23.6
178100,14.495999999999999,23.6
178200,14.447999999999999,23.6
178300,14.447999999999999,23.6
178400,14.447999999999999,23.6
178500,14.447999999999999,23.6
178600,14.447999999999999,23.6
178700,14.447999999999999,23.6
178800,14.447999999999999,23.6
178900,14.344,23.6
179000,14.344,23.6
179100,14.344,23.6
179200,14.344,23.6
179300,14.344,23.6
179400,14.344,23.6
179500,14.344,23.6
179600,14.344,23.6
179700,14.184000000000001,23.6
179800,14.184000000000001,23.6
179900,14.184000000000001,23.6
180000,14.184000000000001,23.6
180100,14.184000000000001,23.6
180200,14.184000000000001,23.6
180300,14.184000000000001,23.6
180400,14.184000000000001,23.6
180500,14.184000000000001,23.6
180600,14.184000000000001,23.6
180700,14.184000000000001,23.6
180800,14.184000000000001,23.6
180900,14.104,23.6
181000,14.104,23.6
181100,14.104,23.6
181200,14.104,23.6
181300,14.104,23.6
181400,14.104,23.6
181500,14.104,23.6
181600,14.104,23.6
181700,14.104,23.6
181800,14.104,23.6
181900,14.104,23.6
182000,14.104,23.6
182100,14.104,23.6
182200,14.104,23.6
182300,14.104,23.6
182400,14.104,23.6
182500,14.104,23.6
182600,14.104,23.6
182700,14.104,23.6
182800,14.104,23.6
182900,14.104,23.6
183000,14.104,23.6
183100,14.104,23.6
183200,14.104,23.6
183300,14.104,23.6
183400,14.104,23.6
183500,14.104,23.6
183600,14.104,23.6
183700,14.104,23.6
183800,14.104,23.6
183900,14.104,23.6
184000,14.104,23.6
184100,13.872,23.6
184200,13.807999999999998,23.6
184300,13.807999999999998,23.6
184400,13.807999999999998,23.6
184500,13.807999999999998,23.6
184600,13.807999999999998,23.6
184700,13.807999999999998,23.6
184800,13.807999999999998,23.6
184900,13.807999999999998,23.6
185000,13.807999999999998,23.6
185100,13.807999999999998,23.6
185200,13.807999999999998,23.6
185300,13.807999999999998,23.6
185400,13.807999999999998,23.6
185500,13.807999999999998,23.6
185600,13.807999999999998,23.6
185700,13.807999999999998,23.6
185800,13.807999999999998,23.6
185900,13.807999999999998,23.6
186000,13.807999999999998,23.6
186100,13.807999999999998,23.6
186200,13.807999999999998,23.6
186300,13.807999999999998,23.6
186400,13.807999999999998,23.6
186500,13.807999999999998,23.6
186600,13.807999999999998,23.6
186700,13.807999999999998,23.6
186800,13.807999999999998,23.6
186900,13.807999999999998,23.6
187000,13.807999999999998,23.6
187100,13.807999999999998,23.6
187200,13.807999999999998,23.6
187300,13.807999999999998,23.6
187400,13.807999999999998,23.6
187500,13.791999999999998,23.4
187600,13.791999999999998,23.4
187700,13.791999999999998,23.4
187800,13.791999999999998,23.4
187900,13.791999999999998,23.4
188000,13.791999999999998,23.4
188100,13.791999999999998,23.4
188200,13.791999999999998,23.4
188300,13.791999999999998,23.4
188400,13.791999999999998,23.4
188500,13.791999999999998,23.4
188600,13.791999999999998,23.4
188700,13.791999999999998,23.4
188800,13.791999999999998,23.4
188900,13.791999999999998,23.4
189000,13.791999999999998,23.4
189100,13.791999999999998,23.4
189200,13.791999999999998,23.4
189300,13.791999999999998,23.4
189400,13.791999999999998,23.4
189500,13.791999999999998,23.4
189600,13.791999999999998,23.4
189700,13.791999999999998,23.4
189800,13.791999999999998,23.4
189900,13.791999999999998,23.4
190000,13.791999999999998,23.4
190100,13.791999999999998,23.4
190200,13.735999999999999,23.4
190300,13.735999999999999,23.4
190400,13.735999999999999,23.4
190500,13.735999999999999,23.4
190600,13.735999999999999,23.4
190700,13.735999999999999,23.4
190800,13.735999999999999,23.4
190900,13.735999999999999,23.4
191000,13.735999999999999,23.4
191100,13.735999999999999,23.4
191200,13.735999999999999,23.4
191300,13.735999999999999,23.4
191400,13.735999999999999,23.4
191500,13.735999999999999,23.4
191600,13.735999999999999,23.4
191700,13.735999999999999,23.4
191800,13.735999999999999,23.4
191900,13.735999999999999,23.4
192000,13.735999999999999,23.4
192100,13.735999999999999,23.4
192200,13.735999999999999,23.4
192300,13.735999999999999,23.4
192400,13.735999999999999,23.4
192500,13.735999999999999,23.4
192600,13.735999999999999,23.4
192700,13.735999999999999,23.4
192800,13.735999999999999,23.4
192900,13.735999999999999,23.4
193000,13.735999999999999,23.4
193100,13.735999999999999,23.4
193200,13.735999999999999,23.4
193300,13.735999999999999,23.4
193400,13.735999999999999,23.4
193500,13.735999999999999,23.4
193600,13.735999999999999,23.4
193700,13.735999999999999,23.4
193800,13.735999999999999,23.4
193900,13.735999999999999,23.4
194000,13.735999999999999,23.4
194100,13.735999999999999,23.4
194200,13.735999999999999,23.4
194300,13.735999999999999,23.4
194400,13.735999999999999,23.4
194500,13.735999999999999,23.4
194600,13.735999999999999,23.4
194700,13.735999999999999,23.4
194800,13.735999999999999,23.4
194900,13.735999999999999,23.4
195000,13.735999999999999,23.4
195100,13.735999999999999,23.4
195200,13.735999999999999,23.4
195300,13.735999999999999,23.4
195400,13.735999999999999,23.4
195500,13.735999999999999,23.4
195600,13.735999999999999,23.4
195700,13.735999999999999,23.4
195800,13.735999999999999,23.4
195900,13.735999999999999,23.4
196000,13.735999999999999,23.4
196100,13.735999999999999,23.4
196200,13.735999999999999,23.4
196300,13.735999999999999,23.4
196400,13.735999999999999,23.4
196500,13.735999999999999,23.4
196600,13.383999999999997,23.4
196700,13.383999999999997,23.4
196800,13.383999999999997,23.4
196900,13.328,23.4
197000,13.328,23.4
197100,13.328,23.4
197200,13.328,23.4
197300,13.328,23.4
197400,13.328,23.4
197500,13.328,23.4
197600,13.328,23.4
197700,13.328,23.4
197800,13.328,23.4
197900,13.328,23.4
198000,13.328,23.4
198100,13.328,23.4
198200,13.328,23.4
198300,13.328,23.4
198400,13.328,23.4
198500,13.328,23.4
198600,13.328,23.4
198700,13.328,23.4
198800,13.328,23.4
198900,13.328,23.4
199000,13.328,23.4
199100,13.328,23.4
199200,13.328,23.4
199300,13.328,23.4
199400,13.328,23.4
199500,13.328,23.4
199600,13.328,23.4
199700,13.328,23.4
199800,13.328,23.4
199900,13.328,23.4
199999,13.328,23.4

START ALGORITHM
h2: (a24 - a43) * (b52 + b55 - b15)
h4: (a25 - a52 - a53) * (b23 - b35)
h5: (a22 + a24 + a41) * (-b33 - b43 - b35)
h6: (a14 + a31) * (b54 - b14)
h7: (a22) * (b31 + b31 + b33 + b53 + b24 - b32)
h8: (a13 + a45 - a54 - a32 - a44) * (b55)
h9: (a31 + a15 - a55 - a21) * (b33 - b52 - b51 - b14)
h10: (a32 + a13 - a33 - a53) * (-b11)
h11: (a25 - a31) * (b51 + b31 - b21)
h12: (-a54) * (-b52 - b44 - b22)
h13: (-a24 - a54 - a44) * (b42 - b15)
h14: (a33 - a14 - a21) * (b22 + b43 - b41)
h16: (-a54 - a14) * (b34 + b11 - b54)
h17: (a34) * (b31 - b24 - b31 - b33)
h18: (a51) * (b21 - b43)
h20: (a14 + a51 - a35) * (-b25 - b44)
h21: (a31 + a51 - a34) * (b53 + b43 - b24 - b44)
h22: (a33 + a31 + a22 - a55) * (-b23)
h23: (a35 + a52 - a23 - a31) * (-b34)
h25: (-a12 - a13) * (b55 + b32 - b44 - b41)
h26: (a24 - a41) * (b25 - b23 - b15)
h27: (a21 - a34 - a12 - a52) * (b12)
h28: (-a14) * (b34 + b55 - b54)
h29: (-a43) * (b33 + b51)
h30: (-a55) * (b43 - b23)
h32: (a43) * (b44 + b42 - b45 - b32)
h34: (a53 + a52 + a22 - a21) * (b55)
h35: (a54) * (b44 + b22 + b52 - b53)
h36: (-a34 - a21) * (b53 - b45 - b21)
h37: (a32 + a13 - a53 - a34 - a13) * (b34)
h38: (a13 - a23) * (b41 + b14 + b33 - b43 - b11)
h40: (a21 - a31) * (b15 + b33 - b34)
h42: (a54) * (-b24 - b44)
h43: (-a44 - a34) * (b51 - b55)
h45: (a52 + a41 + a44 - a12 - a24) * (b32 + b41 + b35)
h47: (a44 + a32 + a25 + a11) * (b22 + b25 + b25)
h48: (a53 + a43 + a23 - a33) * (b13)
h50: (a21 - a25) * (b35 - b55 - b15)
h51: (a54 + a33) * (b25 - b11)
h52: (-a44 - a33 - a22) * (b23 - b51 - b25)
h54: (a12 + a22) * (b22 + b42 - b24 - b34)
h56: (a15 + a35 - a15) * (b43)
h57: (a22 + a43 - a23) * (b33 - b54 - b41)
h58: (a15 + a21 + a35 - a25) * (b11 - b34 - b22)
h59: (a25 - a41 - a11) * (b53 + b41 - b42)
h60: (a52 + a11 - a31 - a34 - a51 - a53) * (b32 - b21)
h62: (a12 + a14 + a24 + a51) * (b41 + b35)
h64: (-a14 - a15) * (b15 + b31 - b23 - b54 - b44)
h66: (a35 - a14 - a54) * (b54 + b44 - b54)
h69: (a41 + a23 + a24) * (b42 + b51)
h70: (a42 + a34 - a32) * (b15 + b25 + b14 + b31)
h71: (a11 + a33 + a12 - a53) * (b35)
h74: (a24 + a11) * (-b11 - b11 - b14)
h75: (-a55 - a55 - a14 - a41 - a22) * (b22)
h76: (a24 - a11) * (b35 - b23 - b24)
h77: (-a23) * (b55 + b35 - b44 - b41)
h79: (a24 + a31 - a33) * (-b14)
h81: (a24 + a51 - a11 - a51 - a23) * (b15)
h82: (a21 + a33 + a12 - a35) * (b35 + b33 - b35)
h83: (a52 + a32 + a13 - a12) * (b42)
h89: (a52 + a24 - a13) * (b13 - b43)
h90: (a34) * (b14 + b52 - b45 - b42)
h91: (a52 + a55 + a42 - a32 - a53) * (-b13)
h92: (-a31) * (b34 + b45 + b51 - b43 - b35)
h93: (a25 + a55 - a11) * (b54 - b45 - b33 - b12)
h94: (a15 + a14 - a45) * (b31)
h95: (a31 - a23 - a21 - a14 - a41) * (-b31)
h97: (a25 - a24 - a24) * (b54 + b25 + b53)
h99: (a14 + a24 - a31) * (b32 - b55)
h100: (a54 + a23 - a22) * (b13 - b53)
h101: (a31 + a55 - a13 - a25 - a53) * (b31 - b32 - b43 - b23)
h103: (-a44) * (b54 + b11 - b12 - b33 - b11)
h104: (a35 - a23 - a53) * (b15)
h105: (-a52 - a21) * (b32 + b54)
h106: (a51 - a25 - a54 - a52) * (-b23 - b45)
h107: (a24 - a42) * (b45 - b21)
h108: (-a13 - a41) * (-b45 - b41)
h109: (a33 - a34 - a14 - a53) * (-b14)
h110: (a52 - a34) * (b14 + b34 + b15)
h111: (a21 + a42 + a52 - a21 - a14) * (-b23)
h112: (a34) * (-b12)
h113: (a53 - a11) * (b11 + b14 - b21)
h114: (a51) * (b53 + b44)
h115: (a55) * (b51 + b31 - b24)
h117: (a12 - a32 - a31 - a22) * (-b41)
h118: (a43 - a35) * (b11 + b31 + b43 - b43)
h119: (a43 + a11 - a42) * (b21 - b13)
h120: (a14 + a11 - a13 - a44) * (b22 - b24 - b43)
h122: (-a35) * (-b34 - b23)
h123: (a41 + a15 + a23) * (b35 - b11)
h124: (a32 - a43 - a25) * (b41 - b43)
h126: (a43) * (b32)
h128: (a14 + a54 - a25 - a13) * (b55 + b34 - b35)
h136: (a33 + a43 - a25) * (b43 - b25 - b52 - b23)
h138: (a22 + a25 + a23 - a53) * (b42)
h145: (a25 - a53 - a53) * (b35 + b31)
h155: (-a31) * (b43 - b32 - b43)
h163: (-a22 - a54 - a45) * (b44 + b23)
h166: (a53 + a33) * (b53 - b33 - b14)
h167: (a43) * (b31 - b44 - b34)
h179: (a31 - a44 - a44) * (-b45 - b25)
h195: (a53) * (b53 + b45 + b55 - b14)
h222: (a54 + a15 - a53) * (b53 + b55)
h226: (a14 - a34 - a52) * (b15 - b43)
h237: (a45) * (b32 - b22 - b21 - b45 - b32)
h252: (a43 - a31) * (b43 - b34 - b45)
h262: (a32 - a54 - a14 - a21 - a13) * (b14)
h272: (a34 + a14 - a23 - a53) * (b45 + b32 - b44)
h288: (a24 + a51 + a42 - a33) * (b33 - b22)
h294: (a21 - a42 - a15 - a55) * (b53 - b41)
h306: (a33) * (b42 + b13 - b32 - b24)
h357: (a15 - a52 - a34) * (b14)
h359: (-a33 - a51) * (b23 + b31 - b22 - b13)
h373: (a21 - a24) * (b22 + b44 - b12)
h433: (-a41 - a25) * (b52 - b41 - b44)
h490: (a41 - a21) * (b11 - b33)
h494: (a35 + a52 - a31) * (-b31 - b53)
h503: (a33 + a52 - a35) * (b53)
h614: (a31 + a44 - a42) * (b32 - b31)
h688: (-a53) * (b21 - b53)
h717: (a53 + a14 - a55 - a42) * (b45 + b24)
h809: (a32 + a13 - a54 - a22 - a53) * (-b55)
h829: (a42 + a12 + a54 - a33) * (b44)
h998: (a31 - a12 - a35) * (b22 + b42 - b31)
h1234: (a24) * (b21 + b54 - b11 - b43)
h1333: (a24) * (b45 + b41 - b13 - b25)
h1464: (-a13) * (b53 - b12 - b31)
h1478: (a12 + a25 + a31 + a34 - a34) * (-b55)
h1555: (a54 + a24 + a15 - a35) * (b35 - b32)
h1613: (a32 + a52 + a52) * (b24 - b42)
h1624: (a25 - a34) * (b32 - b24 - b31)
h1764: (a41 + a42 - a32 - a41) * (b44)
h1794: (a35) * (b25 + b25 - b13 - b22)
h1874: (a13 + a51) * (-b21 - b41)
h2194: (a35 + a23 + a32 - a55) * (b52)
h2858: (a31 + a14) * (b54 - b34 - b35)
h2976: (a43 - a44) * (b44 - b41)
h3074: (a54 + a53) * (b54 - b45)
h3076: (-a34 - a24) * (b24 + b21 + b32)
h3130: (a33 - a53 - a43) * (-b33 - b43)
h3456: (-a35) * (b23 - b32 - b15 - b33)
h3693: (a12) * (b23 + b25 - b32 - b23)
h3781: (a12 + a11 - a33) * (-b32 - b11)
h4213: (a13 + a15) * (b14 + b24 - b51)
h4375: (a44 + a32 + a22 - a55) * (-b22)
h4639: (a32) * (b55 + b52 - b31 - b41)
h4684: (a22 - a53 - a11) * (b15 + b32 - b41)
h6019: (a53 + a24 - a34) * (b41 - b45)
h10407: (a51 + a44 - a21 - a23) * (b12)
h14371: (a55 - a25 - a42) * (b14 - b41)
h16109: (a12 + a54 - a44) * (b45 - b14)
h20416: (-a31 - a41) * (b45 + b33 - b53)
h20655: (a45 + a22 - a55 - a31) * (b24)
h32249: (-a42 - a31) * (b23 + b51 - b55)
h34093: (a14 - a55 - a43 - a33) * (b24)
h37697: (a44 + a45 - a15 - a33) * (b24)
h38847: (a12 + a23 - a44) * (b52 - b45)
h39304: (a13 + a44 - a44 - a43) * (b33)
h41747: (-a21 - a43 - a54) * (b24 + b15)
h42918: (a24 - a22) * (b32 - b31 - b24)
h43217: (a31 + a14 - a43) * (b55 - b12)
h45165: (a43) * (b15 + b15 - b12 - b24)
c11: h95 + h62 + h37 + h59 + h34 + h688 + h79 + h3074 + h71 - h4 
c12: h14 + h2194 + h91 + h42918 + h69 - h95 - h43217 
c13: h118 + h262 + h40 + h1764 + h1874 + h2858 - h262 - h4213 
c14: h38 + h57 + h97 + h54 + h163 + h145 - h111 - h237 
c15: h357 + h359 + h262 + h76 + h112 - h83 - h106 
c21: h11 + h10 + h83 + h128 + h27 + h34 + h433 - h92 - h166 - h288 
c22: h90 + h11 + h21 + h3076 + h237 + h3076 + h10407 + h167 + h14371 - h122 - h105 
c23: h10 + h58 + h107 + h288 + h4375 + h41747 - h69 - h117 - h47 - h6019 
c24: h56 + h494 + h503 + h717 - h614 - h1555 
c25: h108 + h10 + h14 + h58 + h998 + h39304 + h71 + h43217 - h37697 
c31: h90 + h163 + h1333 - h40 - h1234 
c32: h59 + h79 + h89 + h17 + h3693 - h28 - h373 - h3456 
c33: h71 + h306 - h100 - h56 - h45165 
c34: h91 + h1794 + h75 - h30 - h829 
c35: h829 + h222 + h1333 + h52 + h118 + h71 
c41: h100 + h179 + h34093 - h14371 
c42: h124 + h138 + h145 + h32249 + h14371 + h2 + h13 + h20655 + h16109 + h43217 + h14371 - h66 - h12 - h9 
c43: h115 + h119 + h101 + h28 - h42 
c44: h126 + h30 + h82 - h3781 
c45: h136 + h1464 + h494 + h56 + h717 - h23 - h1624 - h3130 
c51: h272 + h2976 + h5 + h1555 + h52 + h20655 - h79 - h16109 
c52: h74 + h60 + h30 + h34 + h167 + h81 + h95 + h4375 - h490 
c53: h35 + h226 + h179 + h155 + h3074 + h76 + h71 - h47 - h20416 
c54: h58 + h114 + h18 + h52 + h145 - h294 - h809 
c55: h105 + h21 + h126 + h4639 + h4684 + h3456 + h306 - h91 
