0,147.048,25
100,100.4,25
200,79.08,25
300,65.864,24.4
400,59.576,24.4
500,57.29600000000001,24.4
600,54.74399999999999,24.4
700,54.504000000000005,24.4
800,49.544,24.6
900,49.544,24.6
1000,48.25600000000001,24.6
1100,47.04,24.8
1200,47.032,24.8
1300,45.64,24.8
1400,45.12,24.8
1500,43.784000000000006,24.2
1600,43.215999999999994,24.4
1700,41.775999999999996,24.4
1800,41.775999999999996,24.4
1900,41.616,24.4
2000,41.304,24.4
2100,41.136,24.4
2200,41.12,24.4
2300,40.936,24.4
2400,40.936,24.4
2500,40.68,24.4
2600,40.68,24.4
2700,40.68,24.4
2800,38.784,24.4
2900,38.784,24.4
3000,38.784,24.4
3100,38.784,24.4
3200,37.903999999999996,24.4
3300,37.536,24.2
3400,37.416,24.2
3500,37.416,24.2
3600,37.376,24.2
3700,36.4,24.2
3800,35.815999999999995,24.2
3900,35.768,24.2
4000,35.768,24.2
4100,35.192,24.2
4200,35.192,24.2
4300,34.808,24.2
4400,34.128,24.2
4500,34.128,24.2
4600,34.128,24.2
4700,34.128,24.2
4800,34.128,24.2
4900,33.896,24.2
5000,33.896,24.2
5100,33.896,24.2
5200,33.896,24.2
5300,33.896,24.2
5400,33.896,24.2
5500,33.896,24.2
5600,33.504000000000005,24.2
5700,33.176,24.2
5800,33.176,24.2
5900,33.176,24.2
6000,33.176,24.2
6100,33.168,24.2
6200,33.168,24.2
6300,33.168,24.2
6400,33.168,24.2
6500,31.871999999999996,24.2
6600,31.871999999999996,24.2
6700,31.871999999999996,24.2
6800,31.871999999999996,24.2
6900,31.871999999999996,24.2
7000,31.871999999999996,24.2
7100,31.112000000000002,24.2
7200,31.112000000000002,24.2
7300,31.112000000000002,24.2
7400,31.112000000000002,24.2
7500,31.112000000000002,24.2
7600,31.112000000000002,24.2
7700,31.112000000000002,24.2
7800,31.112000000000002,24.2
7900,31.112000000000002,24.2
8000,30.895999999999997,24.2
8100,30.791999999999994,24.2
8200,30.791999999999994,24.2
8300,30.791999999999994,24.2
8400,30.791999999999994,24.2
8500,30.791999999999994,24.2
8600,30.791999999999994,24.2
8700,30.791999999999994,24.2
8800,30.663999999999998,24.2
8900,30.616000000000003,24.2
9000,30.112000000000002,24.2
9100,30.112000000000002,24.2
9200,30.112000000000002,24.2
9300,30.112000000000002,24.2
9400,30.112000000000002,24.2
9500,30.112000000000002,24.2
9600,30.112000000000002,24.2
9700,29.752,24.2
9800,29.752,24.2
9900,29.752,24.2
10000,29.752,24.2
10100,29.752,24.2
10200,29.752,24.2
10300,29.752,24.2
10400,29.752,24.2
10500,29.752,24.2
10600,29.655999999999995,24
10700,29.655999999999995,24
10800,29.655999999999995,24
10900,29.655999999999995,24
11000,29.648000000000003,24.2
11100,29.648000000000003,24.2
11200,29.648000000000003,24.2
11300,29.648000000000003,24.2
11400,29.648000000000003,24.2
11500,29.648000000000003,24.2
11600,29.648000000000003,24.2
11700,29.648000000000003,24.2
11800,29.648000000000003,24.2
11900,29.648000000000003,24.2
12000,29.648000000000003,24.2
12100,29.648000000000003,24.2
12200,29.560000000000002,24.2
12300,29.032,24.2
12400,29.032,24.2
12500,29.032,24.2
12600,29.032,24.2
12700,29.032,24.2
12800,29.032,24.2
12900,29.032,24.2
13000,29.032,24.2
13100,29.032,24.2
13200,29.032,24.2
13300,29.032,24.2
13400,29.032,24.2
13500,29.032,24.2
13600,29.032,24.2
13700,29.032,24.2
13800,29.032,24.2
13900,29.032,24.2
14000,29.032,24.2
14100,29.032,24.2
14200,28.392000000000003,24.2
14300,28.392000000000003,24.2
14400,28.392000000000003,24.2
14500,28.392000000000003,24.2
14600,28.392000000000003,24.2
14700,28.392000000000003,24.2
14800,28.392000000000003,24.2
14900,28.392000000000003,24.2
15000,28.208,24.4
15100,28.208,24.4
15200,28.208,24.4
15300,28.208,24.4
15400,28.208,24.4
15500,28.208,24.4
15600,28.208,24.4
15700,27.416000000000004,24.6
15800,27.224,24.6
15900,27.224,24.6
16000,27.224,24.6
16100,27.224,24.6
16200,27.224,24.6
16300,27.224,24.6
16400,27.224,24.6
16500,27.224,24.6
16600,27.224,24.6
16700,27.224,24.6
16800,27.224,24.6
16900,27.224,24.6
17000,27.224,24.6
17100,26.671999999999997,24.4
17200,26.671999999999997,24.4
17300,26.671999999999997,24.4
17400,26.671999999999997,24.4
17500,26.671999999999997,24.4
17600,26.591999999999995,24.4
17700,26.591999999999995,24.4
17800,26.591999999999995,24.4
17900,26.591999999999995,24.4
18000,26.591999999999995,24.4
18100,26.591999999999995,24.4
18200,26.591999999999995,24.4
18300,26.576000000000004,24.4
18400,26.576000000000004,24.4
18500,26.576000000000004,24.4
18600,26.576000000000004,24.4
18700,26.576000000000004,24.4
18800,26.336000000000002,24.2
18900,25.632000000000005,24.2
19000,25.632000000000005,24.2
19100,25.632000000000005,24.2
19200,25.632000000000005,24.2
19300,25.6,24.2
19400,25.6,24.2
19500,25.6,24.2
19600,25.6,24.2
19700,25.272000000000002,24.2
19800,25.272000000000002,24.2
19900,25.272000000000002,24.2
20000,25.272000000000002,24.2
20100,25.064,24.2
20200,25.064,24.2
20300,25.064,24.2
20400,25.064,24.2
20500,25.064,24.2
20600,25.064,24.2
20700,25.064,24.2
20800,25.064,24.2
20900,24.872,24.2
21000,24.872,24.2
21100,24.872,24.2
21200,24.872,24.2
21300,24.872,24.2
21400,24.872,24.2
21500,24.872,24.2
21600,24.872,24.2
21700,24.744,24.2
21800,24.744,24.2
21900,24.744,24.2
22000,24.744,24.2
22100,24.744,24.2
22200,24.744,24.2
22300,24.744,24.2
22400,24.744,24.2
22500,24.744,24.2
22600,24.744,24.2
22700,24.744,24.2
22800,24.744,24.2
22900,24.744,24.2
23000,24.744,24.2
23100,24.744,24.2
23200,24.744,24.2
23300,24.744,24.2
23400,24.744,24.2
23500,24.744,24.2
23600,24.744,24.2
23700,24.744,24.2
23800,24.744,24.2
23900,24.744,24.2
24000,24.744,24.2
24100,24.744,24.2
24200,24.744,24.2
24300,24.744,24.2
24400,24.744,24.2
24500,24.744,24.2
24600,24.744,24.2
24700,24.744,24.2
24800,24.744,24.2
24900,24.744,24.2
25000,24.744,24.2
25100,24.744,24.2
25200,24.744,24.2
25300,24.744,24.2
25400,24.744,24.2
25500,24.744,24.2
25600,24.744,24.2
25700,24.744,24.2
25800,24.744,24.2
25900,24.744,24.2
26000,24.744,24.2
26100,24.744,24.2
26200,24.744,24.2
26300,24.744,24.2
26400,24.744,24.2
26500,24.744,24.2
26600,24.744,24.2
26700,24.744,24.2
26800,24.744,24.2
26900,24.744,24.2
27000,24.744,24.2
27100,24.744,24.2
27200,24.744,24.2
27300,24.744,24.2
27400,24.744,24.2
27500,24.744,24.2
27600,24.744,24.2
27700,24.744,24.2
27800,24.744,24.2
27900,24.744,24.2
28000,24.744,24.2
28100,24.744,24.2
28200,24.744,24.2
28300,24.744,24.2
28400,24.744,24.2
28500,24.744,24.2
28600,24.744,24.2
28700,24.744,24.2
28800,24.744,24.2
28900,24.744,24.2
29000,24.744,24.2
29100,24.744,24.2
29200,24.744,24.2
29300,24.744,24.2
29400,24.744,24.2
29500,24.744,24.2
29600,24.744,24.2
29700,24.744,24.2
29800,24.744,24.2
29900,24.744,24.2
30000,24.744,24.2
30100,24.744,24.2
30200,24.744,24.2
30300,24.744,24.2
30400,24.744,24.2
30500,24.744,24.2
30600,24.744,24.2
30700,24.744,24.2
30800,24.744,24.2
30900,24.744,24.2
31000,24.744,24.2
31100,24.744,24.2
31200,24.744,24.2
31300,24.744,24.2
31400,24.744,24.2
31500,24.744,24.2
31600,24.744,24.2
31700,24.416,24.2
31800,24.416,24.2
31900,24.416,24.2
32000,24.416,24.2
32100,24.416,24.2
32200,24.416,24.2
32300,24.416,24.2
32400,24.416,24.2
32500,24.416,24.2
32600,24.416,24.2
32700,24.416,24.2
32800,24.416,24.2
32900,24.416,24.2
33000,24.416,24.2
33100,24.416,24.2
33200,24.416,24.2
33300,24.416,24.2
33400,24.416,24.2
33500,24.416,24.2
33600,24.416,24.2
33700,24.416,24.2
33800,24.416,24.2
33900,24.416,24.2
34000,24.016,24.2
34100,24.016,24.2
34200,24.016,24.2
34300,24.016,24.2
34400,24.016,24.2
34500,24,24.2
34600,24,24.2
34700,24,24.2
34800,24,24.2
34900,24,24.2
35000,24,24.2
35100,24,24.2
35200,24,24.2
35300,24,24.2
35400,23.88,24.2
35500,23.88,24.2
35600,23.88,24.2
35700,23.88,24.2
35800,23.88,24.2
35900,23.88,24.2
36000,23.88,24.2
36100,23.88,24.2
36200,23.88,24.2
36300,23.88,24.2
36400,23.52,24.2
36500,23.52,24.2
36600,23.52,24.2
36700,23.52,24.2
36800,23.52,24.2
36900,23.52,24.2
37000,23.52,24.2
37100,23.52,24.2
37200,23.52,24.2
37300,23.52,24.2
37400,23.52,24.2
37500,23.335999999999995,24.2
37600,23.335999999999995,24.2
37700,23.335999999999995,24.2
37800,23.335999999999995,24.2
37900,23.335999999999995,24.2
38000,23.335999999999995,24.2
38100,23.335999999999995,24.2
38200,23.335999999999995,24.2
38300,23.335999999999995,24.2
38400,23.335999999999995,24.2
38500,23.335999999999995,24.2
38600,23.335999999999995,24.2
38700,23.335999999999995,24.2
38800,23.335999999999995,24.2
38900,23.335999999999995,24.2
39000,23.335999999999995,24.2
39100,23.335999999999995,24.2
39200,23.335999999999995,24.2
39300,23.335999999999995,24.2
39400,23.335999999999995,24.2
39500,23.335999999999995,24.2
39600,23.312,24.2
39700,23.312,24.2
39800,23.312,24.2
39900,23.312,24.2
40000,23.312,24.2
40100,23.312,24.2
40200,23.312,24.2
40300,23.312,24.2
40400,23.312,24.2
40500,23.312,24.2
40600,23.312,24.2
40700,23.312,24.2
40800,23.312,24.2
40900,23.312,24.2
41000,23.312,24.2
41100,23.312,24.2
41200,23.312,24.2
41300,23.312,24.2
41400,23.312,24.2
41500,23.312,24.2
41600,23.312,24.2
41700,23.312,24.2
41800,23.312,24.2
41900,23.312,24.2
42000,23.312,24.2
42100,23.312,24.2
42200,23.312,24.2
42300,23.312,24.2
42400,23.312,24.2
42500,23.312,24.2
42600,23.312,24.2
42700,23.312,24.2
42800,23.312,24.2
42900,23.312,24.2
43000,23.312,24.2
43100,23.312,24.2
43200,23.312,24.2
43300,23.312,24.2
43400,23.312,24.2
43500,23.312,24.2
43600,23.312,24.2
43700,23.312,24.2
43800,23.312,24.2
43900,23.312,24.2
44000,23.312,24.2
44100,23.312,24.2
44200,23.312,24.2
44300,23.312,24.2
44400,23.312,24.2
44500,23.312,24.2
44600,23.312,24.2
44700,23.312,24.2
44800,23.312,24.2
44900,23.312,24.2
45000,23.312,24.2
45100,23.312,24.2
45200,23.312,24.2
45300,23.312,24.2
45400,23.312,24.2
45500,23.312,24.2
45600,23.312,24.2
45700,23.312,24.2
45800,23.312,24.2
45900,23.312,24.2
46000,23.312,24.2
46100,23.312,24.2
46200,23.312,24.2
46300,23.312,24.2
46400,23.247999999999998,24.2
46500,23.247999999999998,24.2
46600,23.247999999999998,24.2
46700,23.247999999999998,24.2
46800,23.247999999999998,24.2
46900,23.247999999999998,24.2
47000,23.247999999999998,24.2
47100,23.247999999999998,24.2
47200,23.247999999999998,24.2
47300,23.247999999999998,24.2
47400,23.247999999999998,24.2
47500,23.247999999999998,24.2
47600,23.247999999999998,24.2
47700,23.247999999999998,24.2
47800,23.247999999999998,24.2
47900,23.247999999999998,24.2
48000,23.247999999999998,24.2
48100,23.247999999999998,24.2
48200,23.247999999999998,24.2
48300,23.247999999999998,24.2
48400,23.247999999999998,24.2
48500,23.247999999999998,24.2
48600,23.247999999999998,24.2
48700,23.247999999999998,24.2
48800,23.247999999999998,24.2
48900,23.247999999999998,24.2
49000,23.247999999999998,24.2
49100,23.247999999999998,24.2
49200,23.247999999999998,24.2
49300,23.247999999999998,24.2
49400,23.247999999999998,24.2
49500,23.247999999999998,24.2
49600,23.247999999999998,24.2
49700,23.247999999999998,24.2
49800,23.247999999999998,24.2
49900,23.247999999999998,24.2
50000,23.247999999999998,24.2
50100,23.247999999999998,24.2
50200,23.247999999999998,24.2
50300,23.247999999999998,24.2
50400,23.247999999999998,24.2
50500,23.247999999999998,24.2
50600,23.247999999999998,24.2
50700,23.247999999999998,24.2
50800,23.247999999999998,24.2
50900,23.247999999999998,24.2
51000,23.247999999999998,24.2
51100,23.247999999999998,24.2
51200,23.247999999999998,24.2
51300,23.247999999999998,24.2
51400,23.247999999999998,24.2
51500,23.247999999999998,24.2
51600,23.247999999999998,24.2
51700,23.247999999999998,24.2
51800,23.247999999999998,24.2
51900,23.247999999999998,24.2
52000,23.247999999999998,24.2
52100,23.247999999999998,24.2
52200,23.247999999999998,24.2
52300,23.247999999999998,24.2
52400,23.247999999999998,24.2
52500,23.247999999999998,24.2
52600,23.247999999999998,24.2
52700,23.247999999999998,24.2
52800,23.247999999999998,24.2
52900,23.247999999999998,24.2
53000,23.247999999999998,24.2
53100,23.247999999999998,24.2
53200,23.247999999999998,24.2
53300,23.247999999999998,24.2
53400,23.247999999999998,24.2
53500,23.247999999999998,24.2
53600,23.247999999999998,24.2
53700,23.247999999999998,24.2
53800,23.247999999999998,24.2
53900,23.247999999999998,24.2
54000,23.247999999999998,24.2
54100,23.247999999999998,24.2
54200,23.247999999999998,24.2
54300,23.247999999999998,24.2
54400,23.247999999999998,24.2
54500,23.247999999999998,24.2
54600,23.247999999999998,24.2
54700,23.247999999999998,24.2
54800,23.247999999999998,24.2
54900,23.247999999999998,24.2
55000,23.247999999999998,24.2
55100,23.247999999999998,24.2
55200,23.247999999999998,24.2
55300,23.247999999999998,24.2
55400,23.247999999999998,24.2
55500,23.247999999999998,24.2
55600,23.247999999999998,24.2
55700,23.247999999999998,24.2
55800,23.247999999999998,24.2
55900,23.247999999999998,24.2
56000,23.247999999999998,24.2
56100,23.247999999999998,24.2
56200,23.247999999999998,24.2
56300,23.247999999999998,24.2
56400,23.247999999999998,24.2
56500,23.247999999999998,24.2
56600,23.247999999999998,24.2
56700,23.247999999999998,24.2
56800,23.247999999999998,24.2
56900,23.247999999999998,24.2
57000,23.247999999999998,24.2
57100,23.247999999999998,24.2
57200,23.247999999999998,24.2
57300,23.247999999999998,24.2
57400,23.247999999999998,24.2
57500,23.247999999999998,24.2
57600,23.247999999999998,24.2
57700,23.247999999999998,24.2
57800,23.247999999999998,24.2
57900,23.247999999999998,24.2
58000,23.247999999999998,24.2
58100,23.247999999999998,24.2
58200,23.247999999999998,24.2
58300,23.247999999999998,24.2
58400,23.247999999999998,24.2
58500,23.247999999999998,24.2
58600,23.247999999999998,24.2
58700,23.247999999999998,24.2
58800,23.247999999999998,24.2
58900,23.247999999999998,24.2
59000,23.247999999999998,24.2
59100,23.247999999999998,24.2
59200,23.247999999999998,24.2
59300,23.247999999999998,24.2
59400,23.247999999999998,24.2
59500,23.247999999999998,24.2
59600,23.247999999999998,24.2
59700,23.247999999999998,24.2
59800,23.247999999999998,24.2
59900,23.247999999999998,24.2
60000,23.247999999999998,24.2
60100,23.247999999999998,24.2
60200,23.247999999999998,24.2
60300,23.247999999999998,24.2
60400,23.247999999999998,24.2
60500,23.247999999999998,24.2
60600,23.247999999999998,24.2
60700,23.247999999999998,24.2
60800,23.247999999999998,24.2
60900,23.247999999999998,24.2
61000,23.247999999999998,24.2
61100,23.247999999999998,24.2
61200,23.247999999999998,24.2
61300,23.247999999999998,24.2
61400,23.247999999999998,24.2
61500,23.247999999999998,24.2
61600,23.247999999999998,24.2
61700,23.247999999999998,24.2
61800,23.247999999999998,24.2
61900,23.247999999999998,24.2
62000,23.247999999999998,24.2
62100,23.247999999999998,24.2
62200,23.247999999999998,24.2
62300,23.247999999999998,24.2
62400,23.247999999999998,24.2
62500,23.247999999999998,24.2
62600,23.247999999999998,24.2
62700,23.247999999999998,24.2
62800,23.247999999999998,24.2
62900,22.8,24.2
63000,22.8,24.2
63100,22.8,24.2
63200,22.8,24.2
63300,22.8,24.2
63400,22.8,24.2
63500,22.8,24.2
63600,22.8,24.2
63700,22.8,24.2
63800,22.8,24.2
63900,22.8,24.2
64000,22.8,24.2
64100,22.8,24.2
64200,22.8,24.2
64300,22.8,24.2
64400,22.8,24.2
64500,22.8,24.2
64600,22.8,24.2
64700,22.72,24
64800,22.72,24
64900,22.672,24
65000,22.672,24
65100,22.672,24
65200,22.672,24
65300,22.672,24
65400,22.672,24
65500,22.672,24
65600,22.52,24
65700,22.52,24
65800,22.52,24
65900,22.52,24
66000,22.52,24
66100,22.52,24
66200,22.52,24
66300,22.52,24
66400,22.52,24
66500,22.52,24
66600,22.52,24
66700,22.52,24
66800,22.52,24
66900,22.52,24
67000,22.52,24
67100,22.52,24
67200,22.52,24
67300,22.52,24
67400,22.52,24
67500,22.52,24
67600,22.52,24
67700,22.52,24
67800,22.52,24
67900,22.52,24
68000,22.52,24
68100,22.52,24
68200,22.52,24
68300,22.288,24
68400,22.288,24
68500,22.288,24
68600,22.288,24
68700,22.288,24
68800,22.288,24
68900,22.288,24
69000,22.288,24
69100,22.288,24
69200,22.288,24
69300,22.288,24
69400,22.288,24
69500,22.288,24
69600,22.288,24
69700,22.288,24
69800,22.288,24
69900,22.288,24
70000,22.288,24
70100,22.288,24
70200,22.288,24
70300,22.288,24
70400,22.288,24
70500,22.288,24
70600,22.288,24
70700,22.288,24
70800,22.288,24
70900,22.024,24
71000,22.024,24
71100,22.024,24
71200,22.024,24
71300,22.024,24
71400,22.024,24
71500,22.024,24
71600,22.024,24
71700,22.024,24
71800,22.024,24
71900,22.024,24
72000,22.024,24
72100,22.024,24
72200,22.024,24
72300,22.024,24
72400,22.024,24
72500,22.024,24
72600,22.024,24
72700,22.024,24
72800,22.024,24
72900,22.024,24
73000,22.024,24
73100,22.024,24
73200,22.024,24
73300,22.024,24
73400,22.024,24
73500,22.024,24
73600,22.024,24
73700,22.024,24
73800,22.024,24
73900,22.024,24
74000,22.024,24
74100,22.024,24
74200,22.024,24
74300,22.024,24
74400,22.024,24
74500,22.024,24
74600,22.024,24
74700,22.024,24
74800,22.024,24
74900,22.024,24
75000,22.024,24
75100,22.024,24
75200,22.024,24
75300,22.024,24
75400,22.024,24
75500,22.024,24
75600,22.024,24
75700,22.024,24
75800,22.024,24
75900,22.024,24
76000,22.024,24
76100,22.024,24
76200,22.024,24
76300,22.024,24
76400,22.024,24
76500,22.024,24
76600,22.024,24
76700,21.984,23.8
76800,21.984,23.8
76900,21.984,23.8
77000,21.984,23.8
77100,21.984,23.8
77200,21.984,23.8
77300,21.984,23.8
77400,21.984,23.8
77500,21.984,23.8
77600,21.984,23.8
77700,21.984,23.8
77800,21.984,23.8
77900,21.984,23.8
78000,21.984,23.8
78100,21.984,23.8
78200,21.632,23.8
78300,21.632,23.8
78400,21.632,23.8
78500,21.632,23.8
78600,21.632,23.8
78700,21.632,23.8
78800,21.472,23.8
78900,21.472,23.8
79000,21.472,23.8
79100,21.472,23.8
79200,21.472,23.8
79300,21.472,23.8
79400,21.472,23.8
79500,21.472,23.8
79600,21.472,23.8
79700,21.472,23.8
79800,21.472,23.8
79900,21.472,23.8
80000,21.472,23.8
80100,21.472,23.8
80200,21.472,23.8
80300,21.472,23.8
80400,21.472,23.8
80500,21.472,23.8
80600,21.472,23.8
80700,21.472,23.8
80800,21.472,23.8
80900,21.472,23.8
81000,21.472,23.8
81100,21.472,23.8
81200,21.472,23.8
81300,21.472,23.8
81400,21.472,23.8
81500,21.472,23.8
81600,21.472,23.8
81700,21.472,23.8
81800,21.472,23.8
81900,21.472,23.8
82000,21.472,23.8
82100,21.472,23.8
82200,21.472,23.8
82300,21.472,23.8
82400,21.472,23.8
82500,21.472,23.8
82600,21.472,23.8
82700,21.472,23.8
82800,21.472,23.8
82900,21.472,23.8
83000,21.472,23.8
83100,21.472,23.8
83200,21.472,23.8
83300,21.472,23.8
83400,21.472,23.8
83500,21.472,23.8
83600,21.472,23.8
83700,21.456,24
83800,21.456,24
83900,21.456,24
84000,21.456,24
84100,21.456,24
84200,21.456,24
84300,21.456,24
84400,21.456,24
84500,21.456,24
84600,21.456,24
84700,21.456,24
84800,21.456,24
84900,21.456,24
85000,21.288,24
85100,21.288,24
85200,21.288,24
85300,21.288,24
85400,21.288,24
85500,21.288,24
85600,21.288,24
85700,21.288,24
85800,21.288,24
85900,21.288,24
86000,21.288,24
86100,21.288,24
86200,21.288,24
86300,21.288,24
86400,21.288,24
86500,21.288,24
86600,21.288,24
86700,21.288,24
86800,21.288,24
86900,21.288,24
87000,21.288,24
87100,21.288,24
87200,21.288,24
87300,21.288,24
87400,21.288,24
87500,21.288,24
87600,21.288,24
87700,21.288,24
87800,21.216,24
87900,21.216,24
88000,21.216,24
88100,21.216,24
88200,21.216,24
88300,21.216,24
88400,21.216,24
88500,21.216,24
88600,21.216,24
88700,21.216,24
88800,21.216,24
88900,21.216,24
89000,21.216,24
89100,21.216,24
89200,21.216,24
89300,21.216,24
89400,21.216,24
89500,21.216,24
89600,21.216,24
89700,21.048,23.8
89800,21.048,23.8
89900,21.048,23.8
90000,21.048,23.8
90100,21.048,23.8
90200,21.048,23.8
90300,21.048,23.8
90400,21.048,23.8
90500,21.048,23.8
90600,21.048,23.8
90700,21.048,23.8
90800,21.048,23.8
90900,21.048,23.8
91000,21.048,23.8
91100,21.048,23.8
91200,21.048,23.8
91300,21.048,23.8
91400,21.048,23.8
91500,21.048,23.8
91600,21.048,23.8
91700,21.048,23.8
91800,21.048,23.8
91900,21.048,23.8
92000,21.048,23.8
92100,21.048,23.8
92200,21.048,23.8
92300,21.048,23.8
92400,21.048,23.8
92500,21.048,23.8
92600,21.048,23.8
92700,21.048,23.8
92800,21.048,23.8
92900,21.048,23.8
93000,21.048,23.8
93100,21.048,23.8
93200,21.048,23.8
93300,21.048,23.8
93400,21.048,23.8
93500,21.048,23.8
93600,21.048,23.8
93700,21.048,23.8
93800,21.048,23.8
93900,21.048,23.8
94000,21.048,23.8
94100,21.048,23.8
94200,21.048,23.8
94300,21.048,23.8
94400,21.048,23.8
94500,21.048,23.8
94600,21.048,23.8
94700,21.048,23.8
94800,21.048,23.8
94900,21.048,23.8
95000,21.048,23.8
95100,21.048,23.8
95200,21.048,23.8
95300,21.048,23.8
95400,21.048,23.8
95500,21.048,23.8
95600,21.048,23.8
95700,21.048,23.8
95800,21.048,23.8
95900,21.048,23.8
96000,21.048,23.8
96100,21.048,23.8
96200,21.048,23.8
96300,21.048,23.8
96400,21.048,23.8
96500,21.048,23.8
96600,21.048,23.8
96700,21.048,23.8
96800,21.048,23.8
96900,21.048,23.8
97000,21.048,23.8
97100,21.048,23.8
97200,21.048,23.8
97300,21.048,23.8
97400,21.048,23.8
97500,21.048,23.8
97600,21.048,23.8
97700,21.048,23.8
97800,21.048,23.8
97900,21.048,23.8
98000,21.048,23.8
98100,21.048,23.8
98200,21.048,23.8
98300,21.048,23.8
98400,21.048,23.8
98500,21.048,23.8
98600,21.048,23.8
98700,21.048,23.8
98800,21.048,23.8
98900,21.008,23.8
99000,20.823999999999998,23.8
99100,20.823999999999998,23.8
99200,20.823999999999998,23.8
99300,20.823999999999998,23.8
99400,20.823999999999998,23.8
99500,20.823999999999998,23.8
99600,20.823999999999998,23.8
99700,20.823999999999998,23.8
99800,20.823999999999998,23.8
99900,20.823999999999998,23.8
100000,20.823999999999998,23.8
100100,20.823999999999998,23.8
100200,20.823999999999998,23.8
100300,20.823999999999998,23.8
100400,20.823999999999998,23.8
100500,20.823999999999998,23.8
100600,20.823999999999998,23.8
100700,20.823999999999998,23.8
100800,20.823999999999998,23.8
100900,20.823999999999998,23.8
101000,20.823999999999998,23.8
101100,20.823999999999998,23.8
101200,20.823999999999998,23.8
101300,20.823999999999998,23.8
101400,20.823999999999998,23.8
101500,20.823999999999998,23.8
101600,20.823999999999998,23.8
101700,20.823999999999998,23.8
101800,20.823999999999998,23.8
101900,20.823999999999998,23.8
102000,20.823999999999998,23.8
102100,20.823999999999998,23.8
102200,20.823999999999998,23.8
102300,20.823999999999998,23.8
102400,20.823999999999998,23.8
102500,20.823999999999998,23.8
102600,20.823999999999998,23.8
102700,20.823999999999998,23.8
102800,20.823999999999998,23.8
102900,20.823999999999998,23.8
103000,20.823999999999998,23.8
103100,20.823999999999998,23.8
103200,20.823999999999998,23.8
103300,20.823999999999998,23.8
103400,20.823999999999998,23.8
103500,20.823999999999998,23.8
103600,20.823999999999998,23.8
103700,20.823999999999998,23.8
103800,20.823999999999998,23.8
103900,20.823999999999998,23.8
104000,20.823999999999998,23.8
104100,20.823999999999998,23.8
104200,20.823999999999998,23.8
104300,20.823999999999998,23.8
104400,20.823999999999998,23.8
104500,20.823999999999998,23.8
104600,20.823999999999998,23.8
104700,20.823999999999998,23.8
104800,20.823999999999998,23.8
104900,20.823999999999998,23.8
105000,20.823999999999998,23.8
105100,20.823999999999998,23.8
105200,20.823999999999998,23.8
105300,20.823999999999998,23.8
105400,20.823999999999998,23.8
105500,20.823999999999998,23.8
105600,20.823999999999998,23.8
105700,20.823999999999998,23.8
105800,20.823999999999998,23.8
105900,20.823999999999998,23.8
106000,20.823999999999998,23.8
106100,20.823999999999998,23.8
106200,20.823999999999998,23.8
106300,20.823999999999998,23.8
106400,20.823999999999998,23.8
106500,20.823999999999998,23.8
106600,20.823999999999998,23.8
106700,20.823999999999998,23.8
106800,20.823999999999998,23.8
106900,20.823999999999998,23.8
107000,20.823999999999998,23.8
107100,20.823999999999998,23.8
107200,20.823999999999998,23.8
107300,20.823999999999998,23.8
107400,20.823999999999998,23.8
107500,20.823999999999998,23.8
107600,20.823999999999998,23.8
107700,20.823999999999998,23.8
107800,20.823999999999998,23.8
107900,20.823999999999998,23.8
108000,20.823999999999998,23.8
108100,20.823999999999998,23.8
108200,20.823999999999998,23.8
108300,20.823999999999998,23.8
108400,20.823999999999998,23.8
108500,20.823999999999998,23.8
108600,20.823999999999998,23.8
108700,20.823999999999998,23.8
108800,20.823999999999998,23.8
108900,20.823999999999998,23.8
109000,20.823999999999998,23.8
109100,20.823999999999998,23.8
109200,20.823999999999998,23.8
109300,20.823999999999998,23.8
109400,20.823999999999998,23.8
109500,20.823999999999998,23.8
109600,20.823999999999998,23.8
109700,20.823999999999998,23.8
109800,20.823999999999998,23.8
109900,20.823999999999998,23.8
110000,20.823999999999998,23.8
110100,20.823999999999998,23.8
110200,20.823999999999998,23.8
110300,20.823999999999998,23.8
110400,20.823999999999998,23.8
110500,20.823999999999998,23.8
110600,20.823999999999998,23.8
110700,20.823999999999998,23.8
110800,20.823999999999998,23.8
110900,20.823999999999998,23.8
111000,20.823999999999998,23.8
111100,20.823999999999998,23.8
111200,20.823999999999998,23.8
111300,20.823999999999998,23.8
111400,20.823999999999998,23.8
111500,20.823999999999998,23.8
111600,20.823999999999998,23.8
111700,20.823999999999998,23.8
111800,20.823999999999998,23.8
111900,20.823999999999998,23.8
112000,20.823999999999998,23.8
112100,20.823999999999998,23.8
112200,20.823999999999998,23.8
112300,20.823999999999998,23.8
112400,20.823999999999998,23.8
112500,20.823999999999998,23.8
112600,20.823999999999998,23.8
112700,20.823999999999998,23.8
112800,20.823999999999998,23.8
112900,20.823999999999998,23.8
113000,20.823999999999998,23.8
113100,20.823999999999998,23.8
113200,20.823999999999998,23.8
113300,20.823999999999998,23.8
113400,20.823999999999998,23.8
113500,20.823999999999998,23.8
113600,20.823999999999998,23.8
113700,20.823999999999998,23.8
113800,20.823999999999998,23.8
113900,20.823999999999998,23.8
114000,20.823999999999998,23.8
114100,20.823999999999998,23.8
114200,20.823999999999998,23.8
114300,20.823999999999998,23.8
114400,20.823999999999998,23.8
114500,20.823999999999998,23.8
114600,20.823999999999998,23.8
114700,20.823999999999998,23.8
114800,20.823999999999998,23.8
114900,20.823999999999998,23.8
115000,20.823999999999998,23.8
115100,20.823999999999998,23.8
115200,20.823999999999998,23.8
115300,20.823999999999998,23.8
115400,20.823999999999998,23.8
115500,20.823999999999998,23.8
115600,20.823999999999998,23.8
115700,20.823999999999998,23.8
115800,20.823999999999998,23.8
115900,20.823999999999998,23.8
116000,20.823999999999998,23.8
116100,20.823999999999998,23.8
116200,20.823999999999998,23.8
116300,20.823999999999998,23.8
116400,20.823999999999998,23.8
116500,20.823999999999998,23.8
116600,20.823999999999998,23.8
116700,20.823999999999998,23.8
116800,20.823999999999998,23.8
116900,20.823999999999998,23.8
117000,20.823999999999998,23.8
117100,20.823999999999998,23.8
117200,20.823999999999998,23.8
117300,20.823999999999998,23.8
117400,20.823999999999998,23.8
117500,20.823999999999998,23.8
117600,20.823999999999998,23.8
117700,20.823999999999998,23.8
117800,20.823999999999998,23.8
117900,20.823999999999998,23.8
118000,20.823999999999998,23.8
118100,20.823999999999998,23.8
118200,20.823999999999998,23.8
118300,20.823999999999998,23.8
118400,20.823999999999998,23.8
118500,20.823999999999998,23.8
118600,20.823999999999998,23.8
118700,20.823999999999998,23.8
118800,20.823999999999998,23.8
118900,20.823999999999998,23.8
119000,20.823999999999998,23.8
119100,20.823999999999998,23.8
119200,20.823999999999998,23.8
119300,20.823999999999998,23.8
119400,20.823999999999998,23.8
119500,20.823999999999998,23.8
119600,20.823999999999998,23.8
119700,20.823999999999998,23.8
119800,20.823999999999998,23.8
119900,20.823999999999998,23.8
120000,20.823999999999998,23.8
120100,20.823999999999998,23.8
120200,20.823999999999998,23.8
120300,20.823999999999998,23.8
120400,20.823999999999998,23.8
120500,20.823999999999998,23.8
120600,20.823999999999998,23.8
120700,20.823999999999998,23.8
120800,20.823999999999998,23.8
120900,20.823999999999998,23.8
121000,20.823999999999998,23.8
121100,20.823999999999998,23.8
121200,20.823999999999998,23.8
121300,20.823999999999998,23.8
121400,20.823999999999998,23.8
121500,20.823999999999998,23.8
121600,20.823999999999998,23.8
121700,20.823999999999998,23.8
121800,20.823999999999998,23.8
121900,20.823999999999998,23.8
122000,20.823999999999998,23.8
122100,20.823999999999998,23.8
122200,20.823999999999998,23.8
122300,20.823999999999998,23.8
122400,20.823999999999998,23.8
122500,20.823999999999998,23.8
122600,20.823999999999998,23.8
122700,20.823999999999998,23.8
122800,20.823999999999998,23.8
122900,20.823999999999998,23.8
123000,20.823999999999998,23.8
123100,20.823999999999998,23.8
123200,20.823999999999998,23.8
123300,20.823999999999998,23.8
123400,20.823999999999998,23.8
123500,20.823999999999998,23.8
123600,20.823999999999998,23.8
123700,20.823999999999998,23.8
123800,20.823999999999998,23.8
123900,20.823999999999998,23.8
124000,20.823999999999998,23.8
124100,20.823999999999998,23.8
124200,20.823999999999998,23.8
124300,20.823999999999998,23.8
124400,20.823999999999998,23.8
124500,20.823999999999998,23.8
124600,20.823999999999998,23.8
124700,20.823999999999998,23.8
124800,20.823999999999998,23.8
124900,20.823999999999998,23.8
125000,20.823999999999998,23.8
125100,20.823999999999998,23.8
125200,20.823999999999998,23.8
125300,20.823999999999998,23.8
125400,20.823999999999998,23.8
125500,20.823999999999998,23.8
125600,20.823999999999998,23.8
125700,20.823999999999998,23.8
125800,20.823999999999998,23.8
125900,20.823999999999998,23.8
126000,20.823999999999998,23.8
126100,20.823999999999998,23.8
126200,20.823999999999998,23.8
126300,20.823999999999998,23.8
126400,20.823999999999998,23.8
126500,20.823999999999998,23.8
126600,20.823999999999998,23.8
126700,20.823999999999998,23.8
126800,20.823999999999998,23.8
126900,20.823999999999998,23.8
127000,20.823999999999998,23.8
127100,20.823999999999998,23.8
127200,20.823999999999998,23.8
127300,20.823999999999998,23.8
127400,20.823999999999998,23.8
127500,20.823999999999998,23.8
127600,20.823999999999998,23.8
127700,20.823999999999998,23.8
127800,20.823999999999998,23.8
127900,20.823999999999998,23.8
128000,20.823999999999998,23.8
128100,20.823999999999998,23.8
128200,20.823999999999998,23.8
128300,20.823999999999998,23.8
128400,20.823999999999998,23.8
128500,20.823999999999998,23.8
128600,20.823999999999998,23.8
128700,20.823999999999998,23.8
128800,20.823999999999998,23.8
128900,20.823999999999998,23.8
129000,20.823999999999998,23.8
129100,20.728,23.8
129200,20.728,23.8
129300,20.728,23.8
129400,20.728,23.8
129500,20.728,23.8
129600,20.728,23.8
129700,20.728,23.8
129800,20.728,23.8
129900,20.728,23.8
130000,20.728,23.8
130100,20.728,23.8
130200,20.728,23.8
130300,20.728,23.8
130400,20.728,23.8
130500,20.728,23.8
130600,20.728,23.8
130700,20.728,23.8
130800,20.728,23.8
130900,20.728,23.8
131000,20.728,23.8
131100,20.728,23.8
131200,20.728,23.8
131300,20.728,23.8
131400,20.728,23.8
131500,20.728,23.8
131600,20.728,23.8
131700,20.728,23.8
131800,20.728,23.8
131900,20.728,23.8
132000,20.728,23.8
132100,20.728,23.8
132200,20.176000000000002,23.8
132300,20.176000000000002,23.8
132400,20.176000000000002,23.8
132500,20.176000000000002,23.8
132600,20.176000000000002,23.8
132700,20.176000000000002,23.8
132800,20.176000000000002,23.8
132900,20.176000000000002,23.8
133000,20.176000000000002,23.8
133100,20.176000000000002,23.8
133200,20.176000000000002,23.8
133300,20.176000000000002,23.8
133400,20.176000000000002,23.8
133500,20.176000000000002,23.8
133600,20.176000000000002,23.8
133700,20.176000000000002,23.8
133800,20.176000000000002,23.8
133900,20.176000000000002,23.8
134000,20.176000000000002,23.8
134100,20.176000000000002,23.8
134200,20.176000000000002,23.8
134300,20.176000000000002,23.8
134400,20.176000000000002,23.8
134500,20.176000000000002,23.8
134600,20.176000000000002,23.8
134700,20.176000000000002,23.8
134800,20.176000000000002,23.8
134900,20.176000000000002,23.8
135000,20.176000000000002,23.8
135100,20.176000000000002,23.8
135200,20.176000000000002,23.8
135300,20.176000000000002,23.8
135400,20.176000000000002,23.8
135500,20.176000000000002,23.8
135600,20.176000000000002,23.8
135700,20.176000000000002,23.8
135800,20.176000000000002,23.8
135900,20.176000000000002,23.8
136000,20.176000000000002,23.8
136100,20.176000000000002,23.8
136200,20.176000000000002,23.8
136300,20.176000000000002,23.8
136400,20.176000000000002,23.8
136500,20.176000000000002,23.8
136600,20.176000000000002,23.8
136700,20.176000000000002,23.8
136800,20.176000000000002,23.8
136900,20.176000000000002,23.8
137000,20.176000000000002,23.8
137100,20.176000000000002,23.8
137200,20.176000000000002,23.8
137300,20.176000000000002,23.8
137400,20.176000000000002,23.8
137500,20.176000000000002,23.8
137600,20.176000000000002,23.8
137700,20.176000000000002,23.8
137800,20.176000000000002,23.8
137900,20.176000000000002,23.8
138000,20.176000000000002,23.8
138100,20.176000000000002,23.8
138200,20.176000000000002,23.8
138300,20.176000000000002,23.8
138400,20.176000000000002,23.8
138500,20.176000000000002,23.8
138600,20.176000000000002,23.8
138700,20.176000000000002,23.8
138800,20.176000000000002,23.8
138900,20.176000000000002,23.8
139000,20.176000000000002,23.8
139100,20.176000000000002,23.8
139200,20.176000000000002,23.8
139300,20.176000000000002,23.8
139400,20.176000000000002,23.8
139500,20.176000000000002,23.8
139600,20.176000000000002,23.8
139700,20.176000000000002,23.8
139800,20.176000000000002,23.8
139900,20.176000000000002,23.8
140000,20.176000000000002,23.8
140100,20.176000000000002,23.8
140200,20.176000000000002,23.8
140300,20.176000000000002,23.8
140400,20.176000000000002,23.8
140500,20.176000000000002,23.8
140600,20.176000000000002,23.8
140700,20.176000000000002,23.8
140800,20.176000000000002,23.8
140900,20.176000000000002,23.8
141000,20.176000000000002,23.8
141100,20.176000000000002,23.8
141200,20.176000000000002,23.8
141300,20.176000000000002,23.8
141400,20.176000000000002,23.8
141500,20.176000000000002,23.8
141600,20.176000000000002,23.8
141700,20.176000000000002,23.8
141800,20.176000000000002,23.8
141900,20.176000000000002,23.8
142000,20.176000000000002,23.8
142100,20.176000000000002,23.8
142200,20.176000000000002,23.8
142300,20.176000000000002,23.8
142400,20.176000000000002,23.8
142500,20.176000000000002,23.8
142600,20.176000000000002,23.8
142700,20.176000000000002,23.8
142800,20.176000000000002,23.8
142900,20.176000000000002,23.8
143000,20.176000000000002,23.8
143100,20.176000000000002,23.8
143200,20.176000000000002,23.8
143300,20.176000000000002,23.8
143400,20.176000000000002,23.8
143500,20.176000000000002,23.8
143600,20.176000000000002,23.8
143700,20.176000000000002,23.8
143800,20.176000000000002,23.8
143900,20.176000000000002,23.8
144000,20.176000000000002,23.8
144100,20.176000000000002,23.8
144200,20.176000000000002,23.8
144300,20.176000000000002,23.8
144400,20.176000000000002,23.8
144500,20.176000000000002,23.8
144600,20.176000000000002,23.8
144700,20.176000000000002,23.8
144800,20.176000000000002,23.8
144900,20.176000000000002,23.8
145000,20.176000000000002,23.8
145100,20.176000000000002,23.8
145200,20.176000000000002,23.8
145300,20.176000000000002,23.8
145400,20.176000000000002,23.8
145500,20.176000000000002,23.8
145600,20.176000000000002,23.8
145700,20.176000000000002,23.8
145800,20.176000000000002,23.8
145900,20.176000000000002,23.8
146000,20.176000000000002,23.8
146100,20.176000000000002,23.8
146200,20.176000000000002,23.8
146300,20.176000000000002,23.8
146400,20.176000000000002,23.8
146500,20.176000000000002,23.8
146600,20.176000000000002,23.8
146700,20.176000000000002,23.8
146800,20.176000000000002,23.8
146900,20.176000000000002,23.8
147000,20.176000000000002,23.8
147100,20.176000000000002,23.8
147200,20.176000000000002,23.8
147300,20.176000000000002,23.8
147400,20.176000000000002,23.8
147500,20.176000000000002,23.8
147600,20.176000000000002,23.8
147700,20.176000000000002,23.8
147800,20.176000000000002,23.8
147900,20.176000000000002,23.8
148000,20.176000000000002,23.8
148100,20.176000000000002,23.8
148200,20.176000000000002,23.8
148300,20.176000000000002,23.8
148400,20.088,23.6
148500,20.088,23.6
148600,20.088,23.6
148700,20.088,23.6
148800,20.088,23.6
148900,20.088,23.6
149000,20.088,23.6
149100,20.088,23.6
149200,20.088,23.6
149300,20.088,23.6
149400,20.088,23.6
149500,20.088,23.6
149600,20.088,23.6
149700,20.088,23.6
149800,20.088,23.6
149900,20.088,23.6
150000,20.088,23.6
150100,20.088,23.6
150200,20.088,23.6
150300,20.088,23.6
150400,20.088,23.6
150500,20.088,23.6
150600,20.088,23.6
150700,20.088,23.6
150800,20.088,23.6
150900,20.088,23.6
151000,20.088,23.6
151100,20.088,23.6
151200,20.088,23.6
151300,20.088,23.6
151400,20.088,23.6
151500,20.088,23.6
151600,20.088,23.6
151700,19.808,24
151800,19.808,24
151900,19.808,24
152000,19.808,24
152100,19.808,24
152200,19.808,24
152300,19.808,24
152400,19.808,24
152500,19.808,24
152600,19.808,24
152700,19.808,24
152800,19.808,24
152900,19.808,24
153000,19.808,24
153100,19.808,24
153200,19.808,24
153300,19.808,24
153400,19.808,24
153500,19.808,24
153600,19.808,24
153700,19.808,24
153800,19.808,24
153900,19.808,24
154000,19.808,24
154100,19.808,24
154200,19.808,24
154300,19.808,24
154400,19.808,24
154500,19.808,24
154600,19.808,24
154700,19.808,24
154800,19.808,24
154900,19.808,24
155000,19.808,24
155100,19.808,24
155200,19.808,24
155300,19.808,24
155400,19.808,24
155500,19.808,24
155600,19.808,24
155700,19.808,24
155800,19.808,24
155900,19.808,24
156000,19.808,24
156100,19.808,24
156200,19.808,24
156300,19.808,24
156400,19.808,24
156500,19.808,24
156600,19.808,24
156700,19.808,24
156800,19.808,24
156900,19.808,24
157000,19.808,24
157100,19.808,24
157200,19.808,24
157300,19.808,24
157400,19.808,24
157500,19.808,24
157600,19.808,24
157700,19.808,24
157800,19.808,24
157900,19.808,24
158000,19.808,24
158100,19.808,24
158200,19.808,24
158300,19.808,24
158400,19.808,24
158500,19.808,24
158600,19.808,24
158700,19.808,24
158800,19.808,24
158900,19.808,24
159000,19.808,24
159100,19.808,24
159200,19.808,24
159300,19.808,24
159400,19.808,24
159500,19.808,24
159600,19.808,24
159700,19.808,24
159800,19.808,24
159900,19.808,24
160000,19.808,24
160100,19.808,24
160200,19.808,24
160300,19.808,24
160400,19.808,24
160500,19.808,24
160600,19.808,24
160700,19.808,24
160800,19.808,24
160900,19.808,24
161000,19.808,24
161100,19.808,24
161200,19.808,24
161300,19.808,24
161400,19.808,24
161500,19.808,24
161600,19.808,24
161700,19.808,24
161800,19.808,24
161900,19.808,24
162000,19.808,24
162100,19.808,24
162200,19.808,24
162300,19.808,24
162400,19.808,24
162500,19.808,24
162600,19.808,24
162700,19.808,24
162800,19.808,24
162900,19.808,24
163000,19.808,24
163100,19.808,24
163200,19.808,24
163300,19.808,24
163400,19.808,24
163500,19.808,24
163600,19.808,24
163700,19.808,24
163800,19.808,24
163900,19.808,24
164000,19.808,24
164100,19.808,24
164200,19.808,24
164300,19.808,24
164400,19.808,24
164500,19.808,24
164600,19.808,24
164700,19.808,24
164800,19.808,24
164900,19.808,24
165000,19.808,24
165100,19.808,24
165200,19.808,24
165300,19.808,24
165400,19.808,24
165500,19.808,24
165600,19.808,24
165700,19.808,24
165800,19.808,24
165900,19.808,24
166000,19.808,24
166100,19.808,24
166200,19.808,24
166300,19.808,24
166400,19.808,24
166500,19.808,24
166600,19.808,24
166700,19.808,24
166800,19.808,24
166900,19.808,24
167000,19.808,24
167100,19.808,24
167200,19.808,24
167300,19.808,24
167400,19.808,24
167500,19.808,24
167600,19.808,24
167700,19.808,24
167800,19.808,24
167900,19.808,24
168000,19.808,24
168100,19.808,24
168200,19.808,24
168300,19.808,24
168400,19.808,24
168500,19.808,24
168600,19.808,24
168700,19.808,24
168800,19.808,24
168900,19.808,24
169000,19.808,24
169100,19.808,24
169200,19.808,24
169300,19.808,24
169400,19.808,24
169500,19.808,24
169600,19.808,24
169700,19.808,24
169800,19.808,24
169900,19.799999999999997,24
170000,19.799999999999997,24
170100,19.799999999999997,24
170200,19.799999999999997,24
170300,19.799999999999997,24
170400,19.799999999999997,24
170500,19.799999999999997,24
170600,19.799999999999997,24
170700,19.799999999999997,24
170800,19.799999999999997,24
170900,19.799999999999997,24
171000,19.799999999999997,24
171100,19.799999999999997,24
171200,19.799999999999997,24
171300,19.799999999999997,24
171400,19.799999999999997,24
171500,19.799999999999997,24
171600,19.799999999999997,24
171700,19.799999999999997,24
171800,19.799999999999997,24
171900,19.799999999999997,24
172000,19.799999999999997,24
172100,19.799999999999997,24
172200,19.799999999999997,24
172300,19.799999999999997,24
172400,19.799999999999997,24
172500,19.799999999999997,24
172600,19.799999999999997,24
172700,19.799999999999997,24
172800,19.799999999999997,24
172900,19.799999999999997,24
173000,19.799999999999997,24
173100,19.799999999999997,24
173200,19.799999999999997,24
173300,19.799999999999997,24
173400,19.799999999999997,24
173500,19.799999999999997,24
173600,19.799999999999997,24
173700,19.799999999999997,24
173800,19.799999999999997,24
173900,19.799999999999997,24
174000,19.799999999999997,24
174100,19.799999999999997,24
174200,19.799999999999997,24
174300,19.799999999999997,24
174400,19.799999999999997,24
174500,19.799999999999997,24
174600,19.799999999999997,24
174700,19.799999999999997,24
174800,19.799999999999997,24
174900,19.799999999999997,24
175000,19.799999999999997,24
175100,19.799999999999997,24
175200,19.799999999999997,24
175300,19.799999999999997,24
175400,19.799999999999997,24
175500,19.799999999999997,24
175600,19.799999999999997,24
175700,19.799999999999997,24
175800,19.799999999999997,24
175900,19.799999999999997,24
176000,19.799999999999997,24
176100,19.799999999999997,24
176200,19.799999999999997,24
176300,19.799999999999997,24
176400,19.799999999999997,24
176500,19.799999999999997,24
176600,19.799999999999997,24
176700,19.799999999999997,24
176800,19.799999999999997,24
176900,19.799999999999997,24
177000,19.799999999999997,24
177100,19.799999999999997,24
177200,19.799999999999997,24
177300,19.799999999999997,24
177400,19.799999999999997,24
177500,19.799999999999997,24
177600,19.799999999999997,24
177700,19.799999999999997,24
177800,19.799999999999997,24
177900,19.799999999999997,24
178000,19.799999999999997,24
178100,19.799999999999997,24
178200,19.799999999999997,24
178300,19.799999999999997,24
178400,19.799999999999997,24
178500,19.799999999999997,24
178600,19.799999999999997,24
178700,19.799999999999997,24
178800,19.799999999999997,24
178900,19.799999999999997,24
179000,19.799999999999997,24
179100,19.799999999999997,24
179200,19.799999999999997,24
179300,19.799999999999997,24
179400,19.799999999999997,24
179500,19.799999999999997,24
179600,19.799999999999997,24
179700,19.799999999999997,24
179800,19.799999999999997,24
179900,19.799999999999997,24
180000,19.799999999999997,24
180100,19.799999999999997,24
180200,19.799999999999997,24
180300,19.799999999999997,24
180400,19.799999999999997,24
180500,19.799999999999997,24
180600,19.799999999999997,24
180700,19.799999999999997,24
180800,19.799999999999997,24
180900,19.799999999999997,24
181000,19.799999999999997,24
181100,19.799999999999997,24
181200,19.799999999999997,24
181300,19.799999999999997,24
181400,19.799999999999997,24
181500,19.799999999999997,24
181600,19.799999999999997,24
181700,19.799999999999997,24
181800,19.799999999999997,24
181900,19.799999999999997,24
182000,19.799999999999997,24
182100,19.799999999999997,24
182200,19.799999999999997,24
182300,19.799999999999997,24
182400,19.799999999999997,24
182500,19.799999999999997,24
182600,19.799999999999997,24
182700,19.799999999999997,24
182800,19.799999999999997,24
182900,19.799999999999997,24
183000,19.799999999999997,24
183100,19.799999999999997,24
183200,19.799999999999997,24
183300,19.799999999999997,24
183400,19.799999999999997,24
183500,19.799999999999997,24
183600,19.799999999999997,24
183700,19.799999999999997,24
183800,19.799999999999997,24
183900,19.799999999999997,24
184000,19.799999999999997,24
184100,19.799999999999997,24
184200,19.799999999999997,24
184300,19.799999999999997,24
184400,19.799999999999997,24
184500,19.799999999999997,24
184600,19.799999999999997,24
184700,19.799999999999997,24
184800,19.799999999999997,24
184900,19.799999999999997,24
185000,19.799999999999997,24
185100,19.799999999999997,24
185200,19.799999999999997,24
185300,19.799999999999997,24
185400,19.799999999999997,24
185500,19.799999999999997,24
185600,19.799999999999997,24
185700,19.799999999999997,24
185800,19.799999999999997,24
185900,19.799999999999997,24
186000,19.799999999999997,24
186100,19.799999999999997,24
186200,19.799999999999997,24
186300,19.799999999999997,24
186400,19.799999999999997,24
186500,19.799999999999997,24
186600,19.799999999999997,24
186700,19.799999999999997,24
186800,19.799999999999997,24
186900,19.799999999999997,24
187000,19.799999999999997,24
187100,19.799999999999997,24
187200,19.799999999999997,24
187300,19.799999999999997,24
187400,19.799999999999997,24
187500,19.799999999999997,24
187600,19.799999999999997,24
187700,19.799999999999997,24
187800,19.799999999999997,24
187900,19.799999999999997,24
188000,19.799999999999997,24
188100,19.799999999999997,24
188200,19.799999999999997,24
188300,19.799999999999997,24
188400,19.799999999999997,24
188500,19.799999999999997,24
188600,19.799999999999997,24
188700,19.799999999999997,24
188800,19.799999999999997,24
188900,19.799999999999997,24
189000,19.799999999999997,24
189100,19.799999999999997,24
189200,19.799999999999997,24
189300,19.799999999999997,24
189400,19.799999999999997,24
189500,19.799999999999997,24
189600,19.799999999999997,24
189700,19.799999999999997,24
189800,19.799999999999997,24
189900,19.799999999999997,24
190000,19.799999999999997,24
190100,19.799999999999997,24
190200,19.799999999999997,24
190300,19.799999999999997,24
190400,19.799999999999997,24
190500,19.799999999999997,24
190600,19.799999999999997,24
190700,19.799999999999997,24
190800,19.799999999999997,24
190900,19.799999999999997,24
191000,19.799999999999997,24
191100,19.799999999999997,24
191200,19.799999999999997,24
191300,19.799999999999997,24
191400,19.799999999999997,24
191500,19.799999999999997,24
191600,19.799999999999997,24
191700,19.799999999999997,24
191800,19.799999999999997,24
191900,19.799999999999997,24
192000,19.799999999999997,24
192100,19.799999999999997,24
192200,19.799999999999997,24
192300,19.799999999999997,24
192400,19.799999999999997,24
192500,19.799999999999997,24
192600,19.799999999999997,24
192700,19.799999999999997,24
192800,19.799999999999997,24
192900,19.799999999999997,24
193000,19.799999999999997,24
193100,19.799999999999997,24
193200,19.799999999999997,24
193300,19.799999999999997,24
193400,19.799999999999997,24
193500,19.799999999999997,24
193600,19.799999999999997,24
193700,19.799999999999997,24
193800,19.799999999999997,24
193900,19.799999999999997,24
194000,19.799999999999997,24
194100,19.799999999999997,24
194200,19.799999999999997,24
194300,19.799999999999997,24
194400,19.799999999999997,24
194500,19.799999999999997,24
194600,19.799999999999997,24
194700,19.799999999999997,24
194800,19.799999999999997,24
194900,19.799999999999997,24
195000,19.799999999999997,24
195100,19.799999999999997,24
195200,19.799999999999997,24
195300,19.799999999999997,24
195400,19.799999999999997,24
195500,19.799999999999997,24
195600,19.799999999999997,24
195700,19.799999999999997,24
195800,19.799999999999997,24
195900,19.799999999999997,24
196000,19.799999999999997,24
196100,19.799999999999997,24
196200,19.799999999999997,24
196300,19.799999999999997,24
196400,19.799999999999997,24
196500,19.799999999999997,24
196600,19.799999999999997,24
196700,19.799999999999997,24
196800,19.799999999999997,24
196900,19.799999999999997,24
197000,19.799999999999997,24
197100,19.799999999999997,24
197200,19.799999999999997,24
197300,19.799999999999997,24
197400,19.799999999999997,24
197500,19.799999999999997,24
197600,19.799999999999997,24
197700,19.799999999999997,24
197800,19.799999999999997,24
197900,19.799999999999997,24
198000,19.799999999999997,24
198100,19.799999999999997,24
198200,19.799999999999997,24
198300,19.799999999999997,24
198400,19.799999999999997,24
198500,19.799999999999997,24
198600,19.799999999999997,24
198700,19.799999999999997,24
198800,19.799999999999997,24
198900,19.799999999999997,24
199000,19.799999999999997,24
199100,19.799999999999997,24
199200,19.799999999999997,24
199300,19.799999999999997,24
199400,19.799999999999997,24
199500,19.799999999999997,24
199600,19.799999999999997,24
199700,19.799999999999997,24
199800,19.799999999999997,24
199900,19.799999999999997,24
199999,19.799999999999997,24

START ALGORITHM
h6: (a21 + a25 + a31 + a14 + a33 - a45 - a15 - a14 - a32 - a35) * (b14)
h8: (a53 + a45 + a53 + a12 + a12 + a13 + a13 + a14 + a43 + a34 + a42 + a44 - a12 - a53 - a13 - a22 - a34 - a51 - a11 - a12) * (b43 - b21)
h9: (a25 + a52 - a45 - a55) * (b55 + b51 + b32 - b44 - b44 - b14 - b43)
h10: (a54 + a43 + a24 + a43 + a24 + a44 + a43 + a21 + a22 + a54 + a43 - a23 - a42 - a21 - a53 - a33 - a25 - a34) * (b25 + b23 + b52 + b23 + b21 + b25 - b35 - b55 - b35)
h24: (-a42) * (b45 - b43)
h25: (a41 - a25) * (b53 + b25 + b44 + b24 + b35 + b22 + b53 + b12 + b13 + b34 - b12 - b24 - b33 - b55 - b55 - b12)
h29: (a15 + a52 + a42) * (b53 + b44 + b24 - b12 - b35 - b13 - b33 - b32)
h34: (a22 - a34 - a25) * (b25 + b22 + b55 + b24 + b13 + b34 + b23 + b41 + b42 + b22 + b21 + b13 - b55 - b25 - b13 - b22 - b23)
h74: (a51 - a54 - a55 - a15) * (b24 + b11 + b45 + b41 + b43 + b31 + b33 - b21 - b53 - b22 - b44 - b24)
h83: (a45 + a42) * (b52 + b22 + b13 + b24 + b32 + b25 + b33 + b43 + b23 + b55 - b41 - b22 - b11 - b34 - b22)
h92: (a12 - a13 - a42) * (b42 + b22 + b13 + b24 + b25 - b53 - b53 - b15 - b12 - b24 - b52 - b33 - b21 - b44 - b21 - b34 - b52)
h94: (a43 - a32) * (b11 + b25 - b44 - b43 - b24 - b35 - b21)
h101: (a44) * (b13 + b51 + b24 + b54 + b55 + b55 + b12 + b22 + b43 + b41 + b33 + b41 + b43 + b12 + b33 + b12 + b14 + b55 + b13 + b13 + b21 + b51 + b33 - b34 - b23 - b52 - b42 - b12 - b55 - b41 - b31 - b12 - b11 - b43 - b41 - b25 - b32 - b21 - b22)
h105: (a45 + a12 + a52 + a43 + a31 + a34 + a23 + a34 + a25 - a13 - a33 - a42 - a54 - a44 - a53 - a23) * (b13 + b23 + b24 - b33 - b35)
h108: (a25 + a44 + a42 - a45 - a25) * (b52 + b41 + b12 - b45 - b12 - b24 - b42 - b14 - b41 - b25)
h113: (a23 + a43 + a15 + a53 - a55 - a41 - a31 - a55 - a12 - a42) * (b42 + b54 + b22 + b23 + b55 - b43 - b31 - b51 - b25 - b41 - b15 - b15)
h119: (a44 + a15 + a14 + a34 - a14 - a33 - a14 - a55) * (b15 + b35 + b54 + b13 + b24 + b13 + b41 + b43 + b35 + b31 + b55 + b43 + b24 - b34 - b55 - b44 - b53 - b44 - b14 - b32 - b21 - b33 - b13 - b44 - b21 - b22 - b55 - b11)
h120: (a52) * (b34 + b42 + b22 + b41 + b11 + b35 - b21 - b54 - b11)
h124: (a11 + a44 + a13 - a35) * (b11 + b41 + b43 + b35 + b34 + b41 + b44 + b45 + b35 + b11 + b15 + b12 + b25 + b13 + b25 + b23 - b41 - b52 - b52 - b15 - b31 - b12 - b51 - b24 - b35)
h139: (a53 + a54 + a52 + a44 + a11 + a42 + a35 + a21 + a24 + a32 + a13 + a13 + a24 + a21 + a43 + a31 + a21 - a24 - a52 - a31 - a24 - a21 - a24 - a15 - a22 - a55 - a41 - a14 - a14) * (-b53)
h145: (a21 - a52 - a23) * (-b43 - b52)
h377: (a21 + a45) * (b35 + b33 - b45 - b24 - b33)
h520: (a43 + a43 + a31 - a21 - a34) * (b43)
h2535: (a25 + a21 + a22 - a11 - a52) * (b32 + b55 + b25 + b55 - b35 - b55 - b42 - b51 - b23 - b51 - b24 - b25 - b34 - b14 - b24)
h3718: (-a32 - a13) * (b32 + b25 + b13)
h4698: (a55 + a22 + a32 + a41 + a44 + a34 - a32 - a43 - a51) * (b11 + b35 + b44 + b15 + b33 + b55 - b45 - b34 - b52 - b25)
h7144: (a21 + a13 + a35 + a21 - a52) * (b53 + b53 - b15)
h24966: (a41 + a43 - a53) * (b15 + b44 + b25 + b22 + b11 + b43 + b45 + b45 + b34 + b53 - b42 - b25 - b14 - b35 - b21)
h29665: (a22 + a32 + a24 - a35 - a52 - a11) * (b51 - b31 - b21 - b14 - b23 - b44 - b12)
h29923: (a24 + a31 + a15 + a21 - a43 - a23) * (b43 + b43 + b12 + b21 + b22 + b34 + b21 + b51 + b13 - b41 - b11 - b34 - b22)
h34052: (-a43) * (-b45)
h56352: (a15 + a53 + a11 + a15 + a23 + a45 - a13) * (b55 + b43 - b53 - b41 - b13)
c11: h25 
c12: h6 + h520 
c13: h377 
c14: h105 + h10 
c15: h74 
c21: h34 + h2535 - h3718 
c22: h29665 - h113 
c23: - h124 - h2535 
c24: h83 + h139 - h34052 
c25: h105 + h25 
c31: - h119 - h25 
c32: h124 + h92 + h29 - h108 - h101 - h24966 
c33: h10 + h139 + h10 
c34: - h520 
c35: h10 - h94 
c41: h113 
c42: - h24 - h34 
c43: h24 
c44: h9 
c45: h124 - h29 
c51: h6 + h108 
c52: h4698 + h3718 
c53: h120 + h29923 - h145 
c54: h92 + h7144 - h7144 
c55: - h8 - h56352 
