0,167.496,25
100,151.68,25
200,132.552,24.8
300,121.16799999999998,24.8
400,114.6,24.8
500,101.888,25
600,88.80799999999999,25
700,81.46400000000001,25
800,76.288,24.8
900,71.904,24.8
1000,68.45599999999999,24.8
1100,60.504,24.8
1200,55.29600000000001,24.6
1300,52.855999999999995,24.8
1400,49.968,24.8
1500,48.976,24.8
1600,48.728,24.8
1700,45.8,24.8
1800,43.408,24.8
1900,41.184000000000005,24.8
2000,39.70399999999999,24.8
2100,39.368,24.8
2200,38.096000000000004,24.6
2300,37.624,24.6
2400,37.464000000000006,24.6
2500,36.007999999999996,24.6
2600,34.519999999999996,24.4
2700,34.160000000000004,24.4
2800,33.672000000000004,24.4
2900,32.664,24.4
3000,32.664,24.4
3100,31.768,24.2
3200,31.591999999999995,24.2
3300,30.8,24.2
3400,30.503999999999998,24.2
3500,29.887999999999998,24.2
3600,29.887999999999998,24.2
3700,29.887999999999998,24.2
3800,28.76,24.4
3900,28.623999999999995,24.4
4000,28.359999999999996,24.4
4100,27.576,24.4
4200,27.375999999999998,24.6
4300,27.192,24.6
4400,27.192,24.6
4500,27.127999999999997,24.6
4600,26.2,24.6
4700,25.624000000000002,24.6
4800,25.448,24.6
4900,25.448,24.6
5000,24.744,24.6
5100,24.544,24.6
5200,24.544,24.6
5300,24.304000000000002,24.6
5400,24.304000000000002,24.6
5500,24,24.6
5600,23.912,24.6
5700,23.448,24.6
5800,23.448,24.6
5900,23.080000000000002,24.6
6000,23.080000000000002,24.6
6100,22.44,24.6
6200,22.208000000000002,24.6
6300,22.183999999999997,24.6
6400,22.183999999999997,24.6
6500,22.183999999999997,24.6
6600,21.791999999999994,24.6
6700,20.136,24.6
6800,19.752,24.6
6900,19.752,24.6
7000,19.56,24.6
7100,19.368000000000002,24.6
7200,19.296,24.6
7300,18.944,24.6
7400,18.944,24.6
7500,18.944,24.6
7600,18.912,24.6
7700,18.912,24.6
7800,18.744,24.4
7900,18.744,24.4
8000,18.744,24.4
8100,18.744,24.4
8200,18.576,24.4
8300,18.408,24.6
8400,18.408,24.6
8500,18.392000000000003,24.6
8600,18.383999999999997,24.6
8700,18.383999999999997,24.6
8800,17.887999999999998,24.4
8900,17.616,24.4
9000,17.616,24.4
9100,17.616,24.4
9200,17.616,24.4
9300,17.616,24.4
9400,17.616,24.4
9500,17.616,24.4
9600,17.448,24.4
9700,17.432,24.4
9800,17.12,24.4
9900,17.055999999999997,24.4
10000,17.055999999999997,24.4
10100,16.832,24.6
10200,16.503999999999998,24.6
10300,16.408,24.8
10400,16.408,24.8
10500,16.408,24.8
10600,16.4,24.8
10700,16.336000000000002,24.8
10800,16.336000000000002,24.8
10900,16.336000000000002,24.8
11000,16.168,24.6
11100,16,24.6
11200,15.280000000000001,24.6
11300,15.280000000000001,24.6
11400,15.264000000000005,24.6
11500,15.215999999999998,24.6
11600,15,24.6
11700,15,24.6
11800,14.983999999999998,24.6
11900,14.807999999999998,24.4
12000,14.680000000000001,24.4
12100,14.680000000000001,24.4
12200,14.680000000000001,24.4
12300,14.680000000000001,24.4
12400,14.680000000000001,24.4
12500,14.680000000000001,24.4
12600,14.680000000000001,24.4
12700,14.528,24.4
12800,14.528,24.4
12900,14.528,24.4
13000,14.528,24.4
13100,14.528,24.4
13200,14.376000000000001,24.4
13300,14.376000000000001,24.4
13400,14.376000000000001,24.4
13500,14.144,24.4
13600,14.144,24.4
13700,14.144,24.4
13800,14.144,24.4
13900,14.144,24.4
14000,14.144,24.4
14100,13.984,24.2
14200,13.968,24.2
14300,13.856,24.2
14400,13.296000000000001,24
14500,13.256,24
14600,13.024000000000001,24
14700,12.984,24
14800,12.912,24
14900,12.712,24
15000,12.712,24
15100,12.712,24
15200,12.64,24
15300,12.64,24
15400,12.64,24
15500,12.624,24
15600,12.536000000000001,23.6
15700,12.536000000000001,23.6
15800,12.536000000000001,23.6
15900,12.536000000000001,23.6
16000,12.536000000000001,23.6
16100,12.536000000000001,23.6
16200,12.424000000000001,23.6
16300,12.424000000000001,23.6
16400,12.392,23.6
16500,12.392,23.6
16600,12.392,23.6
16700,12.392,23.6
16800,12.392,23.6
16900,12.392,23.6
17000,12.392,23.6
17100,12.392,23.6
17200,12.304,23.6
17300,12.304,23.6
17400,12.304,23.6
17500,12.056000000000001,23.6
17600,12.056000000000001,23.6
17700,12.056000000000001,23.6
17800,12.056000000000001,23.6
17900,12.056000000000001,23.6
18000,12.056000000000001,23.6
18100,12.056000000000001,23.6
18200,12.056000000000001,23.6
18300,12.048000000000002,23.8
18400,12.048000000000002,23.8
18500,12.048000000000002,23.8
18600,11.968,23.8
18700,11.968,23.8
18800,11.968,23.8
18900,11.968,23.8
19000,11.968,23.8
19100,11.96,23.6
19200,11.96,23.6
19300,11.96,23.6
19400,11.911999999999999,23.6
19500,11.911999999999999,23.6
19600,11.911999999999999,23.6
19700,11.911999999999999,23.6
19800,11.896,23.6
19900,11.896,23.6
20000,11.896,23.6
20100,11.896,23.6
20200,11.783999999999999,23.6
20300,11.783999999999999,23.6
20400,11.783999999999999,23.6
20500,11.704,23.6
20600,11.704,23.6
20700,11.704,23.6
20800,11.704,23.6
20900,11.704,23.6
21000,11.559999999999999,23.6
21100,11.559999999999999,23.6
21200,11.559999999999999,23.6
21300,11.488,23.6
21400,11.488,23.6
21500,11.488,23.6
21600,11.392,23.6
21700,11.216,23.4
21800,11.216,23.4
21900,11.216,23.4
22000,11.104,23.6
22100,11.080000000000002,23.4
22200,11.080000000000002,23.4
22300,11.080000000000002,23.4
22400,10.96,23.4
22500,10.919999999999998,23.4
22600,10.919999999999998,23.4
22700,10.919999999999998,23.4
22800,10.919999999999998,23.4
22900,10.856,23.4
23000,10.6,23.4
23100,10.6,23.4
23200,10.6,23.4
23300,10.6,23.4
23400,10.6,23.4
23500,10.6,23.4
23600,10.6,23.4
23700,10.6,23.4
23800,10.6,23.4
23900,10.6,23.4
24000,10.456,23.4
24100,10.408000000000001,23.4
24200,10.28,23.4
24300,10.040000000000001,23.4
24400,10.040000000000001,23.4
24500,10.040000000000001,23.4
24600,10.040000000000001,23.4
24700,9.943999999999999,23.6
24800,9.943999999999999,23.6
24900,9.8,23.6
25000,9.8,23.6
25100,9.792,23.8
25200,9.792,23.8
25300,9.792,23.8
25400,9.751999999999999,23.8
25500,9.751999999999999,23.8
25600,9.751999999999999,23.8
25700,9.751999999999999,23.8
25800,9.751999999999999,23.8
25900,9.751999999999999,23.8
26000,9.616,23.8
26100,9.616,23.8
26200,9.616,23.8
26300,9.616,23.8
26400,9.616,23.8
26500,9.616,23.8
26600,9.616,23.8
26700,9.52,23.8
26800,9.472,23.8
26900,9.472,23.8
27000,9.408,23.8
27100,9.408,23.8
27200,9.408,23.8
27300,9.408,23.8
27400,9.408,23.8
27500,9.344,23.8
27600,9.344,23.8
27700,9.344,23.8
27800,9.344,23.8
27900,9.344,23.8
28000,9.344,23.8
28100,9.280000000000001,23.8
28200,9.280000000000001,23.8
28300,9.264,23.8
28400,9.264,23.8
28500,9.264,23.8
28600,9.264,23.8
28700,9.208,23.6
28800,9.208,23.6
28900,9.208,23.6
29000,9.208,23.6
29100,9.208,23.6
29200,9.208,23.6
29300,9.208,23.6
29400,9.175999999999998,23.4
29500,9.175999999999998,23.4
29600,9.175999999999998,23.4
29700,9.175999999999998,23.4
29800,9.175999999999998,23.4
29900,9.16,23.2
30000,9.16,23.2
30100,9.16,23.2
30200,9.16,23.2
30300,9.16,23.2
30400,9.16,23.2
30500,9.16,23.2
30600,9.16,23.2
30700,9.16,23.2
30800,9.16,23.2
30900,8.991999999999999,23.4
31000,8.991999999999999,23.4
31100,8.991999999999999,23.4
31200,8.976,23.4
31300,8.976,23.4
31400,8.976,23.4
31500,8.808,23.2
31600,8.808,23.2
31700,8.808,23.2
31800,8.808,23.2
31900,8.808,23.2
32000,8.808,23.2
32100,8.808,23.2
32200,8.808,23.2
32300,8.808,23.2
32400,8.808,23.2
32500,8.808,23.2
32600,8.808,23.2
32700,8.808,23.2
32800,8.808,23.2
32900,8.808,23.2
33000,8.664,23.2
33100,8.664,23.2
33200,8.632000000000001,23.2
33300,8.632000000000001,23.2
33400,8.632000000000001,23.2
33500,8.632000000000001,23.2
33600,8.632000000000001,23.2
33700,8.632000000000001,23.2
33800,8.632000000000001,23.2
33900,8.632000000000001,23.2
34000,8.48,23.2
34100,8.48,23.2
34200,8.48,23.2
34300,8.48,23.2
34400,8.48,23.2
34500,8.48,23.2
34600,8.424,23.2
34700,8.424,23.2
34800,8.424,23.2
34900,8.312000000000001,23.4
35000,8.312000000000001,23.4
35100,8.312000000000001,23.4
35200,8.312000000000001,23.4
35300,8.312000000000001,23.4
35400,8.312000000000001,23.4
35500,8.312000000000001,23.4
35600,8.312000000000001,23.4
35700,8.312000000000001,23.4
35800,8.312000000000001,23.4
35900,8.312000000000001,23.4
36000,8.312000000000001,23.4
36100,8.312000000000001,23.4
36200,8.312000000000001,23.4
36300,8.312000000000001,23.4
36400,8.312000000000001,23.4
36500,8.312000000000001,23.4
36600,8.256,23.4
36700,8.256,23.4
36800,8.256,23.4
36900,8.256,23.4
37000,8.184000000000001,23.4
37100,8.184000000000001,23.4
37200,8.184000000000001,23.4
37300,8.184000000000001,23.4
37400,8.184000000000001,23.4
37500,8.184000000000001,23.4
37600,8.063999999999998,23.6
37700,8.063999999999998,23.6
37800,8.063999999999998,23.6
37900,8.032,23.6
38000,8.032,23.6
38100,8.032,23.6
38200,8.032,23.6
38300,8.032,23.6
38400,8.032,23.6
38500,8.032,23.6
38600,8.032,23.6
38700,8.032,23.6
38800,8.032,23.6
38900,8.032,23.6
39000,8.032,23.6
39100,8.032,23.6
39200,8.032,23.6
39300,8.032,23.6
39400,7.831999999999999,23.6
39500,7.831999999999999,23.6
39600,7.831999999999999,23.6
39700,7.831999999999999,23.6
39800,7.767999999999999,23.6
39900,7.728,23.8
40000,7.728,23.8
40100,7.728,23.8
40200,7.728,23.8
40300,7.728,23.8
40400,7.728,23.8
40500,7.728,23.8
40600,7.728,23.8
40700,7.639999999999999,23.8
40800,7.5680000000000005,23.8
40900,7.5280000000000005,23.8
41000,7.5280000000000005,23.8
41100,7.5280000000000005,23.8
41200,7.5280000000000005,23.8
41300,7.5280000000000005,23.8
41400,7.5280000000000005,23.8
41500,7.5280000000000005,23.8
41600,7.5280000000000005,23.8
41700,7.4319999999999995,23.8
41800,7.4319999999999995,23.8
41900,7.4319999999999995,23.8
42000,7.4319999999999995,23.8
42100,7.4319999999999995,23.8
42200,7.4319999999999995,23.8
42300,7.4319999999999995,23.8
42400,7.4319999999999995,23.8
42500,7.4319999999999995,23.8
42600,7.4319999999999995,23.8
42700,7.4319999999999995,23.8
42800,7.4319999999999995,23.8
42900,7.4319999999999995,23.8
43000,7.4319999999999995,23.8
43100,7.4319999999999995,23.8
43200,7.4319999999999995,23.8
43300,7.4319999999999995,23.8
43400,7.4319999999999995,23.8
43500,7.4319999999999995,23.8
43600,7.4319999999999995,23.8
43700,7.4319999999999995,23.8
43800,7.4319999999999995,23.8
43900,7.4319999999999995,23.8
44000,7.4319999999999995,23.8
44100,7.408000000000001,23.8
44200,7.408000000000001,23.8
44300,7.408000000000001,23.8
44400,7.4,23.8
44500,7.4,23.8
44600,7.2,23.8
44700,7.2,23.8
44800,7.2,23.8
44900,7.2,23.8
45000,7.2,23.8
45100,7.2,23.8
45200,7.2,23.8
45300,7.2,23.8
45400,7.2,23.8
45500,7.2,23.8
45600,7.2,23.8
45700,7.184,23.8
45800,7.184,23.8
45900,7.184,23.8
46000,7.184,23.8
46100,7.175999999999999,23.8
46200,7.175999999999999,23.8
46300,7.175999999999999,23.8
46400,7.088000000000001,23.8
46500,7.088000000000001,23.8
46600,7.088000000000001,23.8
46700,7.088000000000001,23.8
46800,7.088000000000001,23.8
46900,7.087999999999999,23.8
47000,7.087999999999999,23.8
47100,7.087999999999999,23.8
47200,7.008,23.8
47300,7.008,23.8
47400,7.008,23.8
47500,7.008,23.8
47600,7.008,23.8
47700,7.008,23.8
47800,7.008,23.8
47900,7.008,23.8
48000,7.008,23.8
48100,7.008,23.8
48200,7.008,23.8
48300,7.008,23.8
48400,7.008,23.8
48500,7.008,23.8
48600,7.008,23.8
48700,7.008,23.8
48800,7.008,23.8
48900,7.008,23.8
49000,7.008,23.8
49100,7.008,23.8
49200,7.008,23.8
49300,7.008,23.8
49400,7.008,23.8
49500,7.008,23.8
49600,7.008,23.8
49700,7.008,23.8
49800,7.008,23.8
49900,7.008,23.8
50000,7.008,23.8
50100,7.008,23.8
50200,7,23.8
50300,7,23.8
50400,7,23.8
50500,7,23.8
50600,7,23.8
50700,7,23.8
50800,7,23.8
50900,7,23.8
51000,7,23.8
51100,7,23.8
51200,7,23.8
51300,7,23.8
51400,7,23.8
51500,7,23.8
51600,6.975999999999999,23.8
51700,6.975999999999999,23.8
51800,6.975999999999999,23.8
51900,6.975999999999999,23.8
52000,6.975999999999999,23.8
52100,6.736,23.8
52200,6.736,23.8
52300,6.736,23.8
52400,6.736,23.8
52500,6.736,23.8
52600,6.736,23.8
52700,6.736,23.8
52800,6.736,23.8
52900,6.736,23.8
53000,6.736,23.8
53100,6.736,23.8
53200,6.736,23.8
53300,6.736,23.8
53400,6.736,23.8
53500,6.736,23.8
53600,6.728,23.8
53700,6.728,23.8
53800,6.728,23.8
53900,6.728,23.8
54000,6.728,23.8
54100,6.728,23.8
54200,6.728,23.8
54300,6.728,23.8
54400,6.728,23.8
54500,6.728,23.8
54600,6.728,23.8
54700,6.728,23.8
54800,6.728,23.8
54900,6.728,23.8
55000,6.728,23.8
55100,6.664,23.8
55200,6.664,23.8
55300,6.664,23.8
55400,6.664,23.8
55500,6.664,23.8
55600,6.664,23.8
55700,6.664,23.8
55800,6.664,23.8
55900,6.664,23.8
56000,6.664,23.8
56100,6.664,23.8
56200,6.664,23.8
56300,6.664,23.8
56400,6.664,23.8
56500,6.664,23.8
56600,6.664,23.8
56700,6.664,23.8
56800,6.664,23.8
56900,6.664,23.8
57000,6.664,23.8
57100,6.664,23.8
57200,6.664,23.8
57300,6.664,23.8
57400,6.664,23.8
57500,6.664,23.8
57600,6.664,23.8
57700,6.664,23.8
57800,6.664,23.8
57900,6.664,23.8
58000,6.5680000000000005,23.8
58100,6.5680000000000005,23.8
58200,6.5680000000000005,23.8
58300,6.5680000000000005,23.8
58400,6.5680000000000005,23.8
58500,6.5680000000000005,23.8
58600,6.5680000000000005,23.8
58700,6.5680000000000005,23.8
58800,6.5680000000000005,23.8
58900,6.5680000000000005,23.8
59000,6.5680000000000005,23.8
59100,6.5680000000000005,23.8
59200,6.5680000000000005,23.8
59300,6.5680000000000005,23.8
59400,6.5680000000000005,23.8
59500,6.5680000000000005,23.8
59600,6.5680000000000005,23.8
59700,6.536,23.8
59800,6.4719999999999995,23.8
59900,6.4719999999999995,23.8
60000,6.4719999999999995,23.8
60100,6.4719999999999995,23.8
60200,6.4719999999999995,23.8
60300,6.448,23.8
60400,6.448,23.8
60500,6.448,23.8
60600,6.264,23.8
60700,6.264,23.8
60800,6.264,23.8
60900,6.264,23.8
61000,6.264,23.8
61100,6.248,23.8
61200,6.248,23.8
61300,6.248,23.8
61400,6.248,23.8
61500,6.248,23.8
61600,6.248,23.8
61700,6.248,23.8
61800,6.248,23.8
61900,6.248,23.8
62000,6.248,23.8
62100,6.248,23.8
62200,6.248,23.8
62300,6.248,23.8
62400,6.184,23.8
62500,6.184,23.8
62600,6.184,23.8
62700,6.184,23.8
62800,6.184,23.8
62900,6.184,23.8
63000,6.184,23.8
63100,6.184,23.8
63200,6.184,23.8
63300,6.184,23.8
63400,6.184,23.8
63500,6.184,23.8
63600,6.144,23.6
63700,6.144,23.6
63800,6.144,23.6
63900,6.127999999999999,23.6
64000,6.127999999999999,23.6
64100,6.127999999999999,23.6
64200,6.127999999999999,23.6
64300,6.127999999999999,23.6
64400,6.127999999999999,23.6
64500,6.127999999999999,23.6
64600,6.127999999999999,23.6
64700,6.127999999999999,23.6
64800,6.127999999999999,23.6
64900,6.127999999999999,23.6
65000,6.127999999999999,23.6
65100,6.127999999999999,23.6
65200,6.127999999999999,23.6
65300,6.127999999999999,23.6
65400,6.127999999999999,23.6
65500,6.127999999999999,23.6
65600,6.127999999999999,23.6
65700,6.127999999999999,23.6
65800,6.127999999999999,23.6
65900,6.127999999999999,23.6
66000,6.127999999999999,23.6
66100,6.127999999999999,23.6
66200,6.127999999999999,23.6
66300,6.127999999999999,23.6
66400,6.127999999999999,23.6
66500,6.127999999999999,23.6
66600,6.127999999999999,23.6
66700,6.127999999999999,23.6
66800,6.024000000000001,23.6
66900,6.024000000000001,23.6
67000,6.024000000000001,23.6
67100,6.024000000000001,23.6
67200,6.024000000000001,23.6
67300,6.023999999999999,23.6
67400,6.023999999999999,23.6
67500,6.023999999999999,23.6
67600,6.023999999999999,23.6
67700,6.023999999999999,23.6
67800,6.023999999999999,23.6
67900,6.023999999999999,23.6
68000,6.023999999999999,23.6
68100,6.023999999999999,23.6
68200,6.023999999999999,23.6
68300,6.023999999999999,23.6
68400,6.023999999999999,23.6
68500,6.023999999999999,23.6
68600,6.023999999999999,23.6
68700,6.023999999999999,23.6
68800,5.944000000000001,23.6
68900,5.944000000000001,23.6
69000,5.944000000000001,23.6
69100,5.944000000000001,23.6
69200,5.944000000000001,23.6
69300,5.944000000000001,23.6
69400,5.944,23.8
69500,5.944,23.8
69600,5.944,23.8
69700,5.944,23.8
69800,5.944,23.8
69900,5.944,23.8
70000,5.944,23.8
70100,5.944,23.8
70200,5.944,23.8
70300,5.944,23.8
70400,5.944,23.8
70500,5.944,23.8
70600,5.944,23.8
70700,5.944,23.8
70800,5.944,23.8
70900,5.944,23.8
71000,5.944,23.8
71100,5.944,23.8
71200,5.944,23.8
71300,5.944,23.8
71400,5.944,23.8
71500,5.944,23.8
71600,5.944,23.8
71700,5.944,23.8
71800,5.944,23.8
71900,5.944,23.8
72000,5.944,23.8
72100,5.944,23.8
72200,5.944,23.8
72300,5.944,23.8
72400,5.944,23.8
72500,5.912000000000001,23.8
72600,5.912000000000001,23.8
72700,5.912000000000001,23.8
72800,5.912000000000001,23.8
72900,5.912000000000001,23.8
73000,5.912000000000001,23.8
73100,5.912000000000001,23.8
73200,5.912000000000001,23.8
73300,5.912000000000001,23.8
73400,5.912000000000001,23.8
73500,5.912000000000001,23.8
73600,5.912000000000001,23.8
73700,5.912000000000001,23.8
73800,5.912000000000001,23.8
73900,5.912000000000001,23.8
74000,5.912000000000001,23.8
74100,5.912000000000001,23.8
74200,5.912000000000001,23.8
74300,5.912000000000001,23.8
74400,5.912000000000001,23.8
74500,5.912000000000001,23.8
74600,5.912000000000001,23.8
74700,5.912000000000001,23.8
74800,5.912000000000001,23.8
74900,5.896,23.8
75000,5.896,23.8
75100,5.896,23.8
75200,5.896,23.8
75300,5.896,23.8
75400,5.896,23.8
75500,5.896,23.8
75600,5.896,23.8
75700,5.896,23.8
75800,5.896,23.8
75900,5.896,23.8
76000,5.896,23.8
76100,5.896,23.8
76200,5.864000000000001,23.8
76300,5.856,23.8
76400,5.856,23.8
76500,5.856,23.8
76600,5.72,23.6
76700,5.72,23.6
76800,5.672,23.6
76900,5.672,23.6
77000,5.672,23.6
77100,5.576,23.6
77200,5.576,23.6
77300,5.576,23.6
77400,5.576,23.6
77500,5.576,23.6
77600,5.576,23.6
77700,5.576,23.6
77800,5.576,23.6
77900,5.576,23.6
78000,5.576,23.6
78100,5.576,23.6
78200,5.576,23.6
78300,5.576,23.6
78400,5.576,23.6
78500,5.576,23.6
78600,5.576,23.6
78700,5.576,23.6
78800,5.576,23.6
78900,5.576,23.6
79000,5.576,23.6
79100,5.576,23.6
79200,5.576,23.6
79300,5.576,23.6
79400,5.576,23.6
79500,5.576,23.6
79600,5.576,23.6
79700,5.512,23.6
79800,5.512,23.6
79900,5.512,23.6
80000,5.512,23.6
80100,5.512,23.6
80200,5.512,23.6
80300,5.512,23.6
80400,5.512,23.6
80500,5.512,23.6
80600,5.512,23.6
80700,5.512,23.6
80800,5.512,23.6
80900,5.512,23.6
81000,5.512,23.6
81100,5.512,23.6
81200,5.512,23.6
81300,5.512,23.6
81400,5.512,23.6
81500,5.512,23.6
81600,5.512,23.6
81700,5.512,23.6
81800,5.512,23.6
81900,5.512,23.6
82000,5.512,23.6
82100,5.512,23.6
82200,5.512,23.6
82300,5.512,23.6
82400,5.512,23.6
82500,5.512,23.6
82600,5.512,23.6
82700,5.512,23.6
82800,5.512,23.6
82900,5.464,23.6
83000,5.464,23.6
83100,5.464,23.6
83200,5.464,23.6
83300,5.464,23.6
83400,5.287999999999999,23.6
83500,5.287999999999999,23.6
83600,5.287999999999999,23.6
83700,5.287999999999999,23.6
83800,5.287999999999999,23.6
83900,5.287999999999999,23.6
84000,5.287999999999999,23.6
84100,5.287999999999999,23.6
84200,5.287999999999999,23.6
84300,5.287999999999999,23.6
84400,5.287999999999999,23.6
84500,5.287999999999999,23.6
84600,5.287999999999999,23.6
84700,5.287999999999999,23.6
84800,5.287999999999999,23.6
84900,5.287999999999999,23.6
85000,5.287999999999999,23.6
85100,5.287999999999999,23.6
85200,5.287999999999999,23.6
85300,5.287999999999999,23.6
85400,5.287999999999999,23.6
85500,5.287999999999999,23.6
85600,5.287999999999999,23.6
85700,5.287999999999999,23.6
85800,5.287999999999999,23.6
85900,5.224000000000001,23.4
86000,5.224000000000001,23.4
86100,5.224000000000001,23.4
86200,5.224000000000001,23.4
86300,5.224000000000001,23.4
86400,5.224000000000001,23.4
86500,5.224000000000001,23.4
86600,5.224000000000001,23.4
86700,5.224,23.4
86800,5.112,23.4
86900,5.112,23.4
87000,5.112,23.4
87100,5.112,23.4
87200,5.112,23.4
87300,5.112,23.4
87400,5.112,23.4
87500,5.112,23.4
87600,5.112,23.4
87700,5.112,23.4
87800,5.112,23.4
87900,5.112,23.4
88000,5.112,23.4
88100,5.112,23.4
88200,5.112,23.4
88300,5.112,23.4
88400,5.112,23.4
88500,5.112,23.4
88600,5.112,23.4
88700,5.112,23.4
88800,5.112,23.4
88900,5.112,23.4
89000,5.112,23.4
89100,5.112,23.4
89200,5.112,23.4
89300,5.112,23.4
89400,5.112,23.4
89500,5.112,23.4
89600,5.112,23.4
89700,5.112,23.4
89800,5.112,23.4
89900,5.112,23.4
90000,5.112,23.4
90100,5.112,23.4
90200,5.112,23.4
90300,5.112,23.4
90400,5.112,23.4
90500,5.112,23.4
90600,5.112,23.4
90700,5.112,23.4
90800,5.112,23.4
90900,5.112,23.4
91000,5.112,23.4
91100,5.112,23.4
91200,5.112,23.4
91300,5.112,23.4
91400,5.112,23.4
91500,5.112,23.4
91600,5.112,23.4
91700,5.112,23.4
91800,5.112,23.4
91900,5.112,23.4
92000,5.112,23.4
92100,5.112,23.4
92200,5.112,23.4
92300,5.112,23.4
92400,5.112,23.4
92500,5.112,23.4
92600,5.112,23.4
92700,5.112,23.4
92800,5.112,23.4
92900,5.112,23.4
93000,5.112,23.4
93100,5.112,23.4
93200,5.112,23.4
93300,5.112,23.4
93400,5.112,23.4
93500,5.112,23.4
93600,5.112,23.4
93700,5.112,23.4
93800,5.112,23.4
93900,5.112,23.4
94000,5.112,23.4
94100,5.112,23.4
94200,5.112,23.4
94300,5.112,23.4
94400,5.112,23.4
94500,5.112,23.4
94600,5.112,23.4
94700,5.112,23.4
94800,5.112,23.4
94900,5.112,23.4
95000,5.112,23.4
95100,5.112,23.4
95200,5.112,23.4
95300,5.112,23.4
95400,5.112,23.4
95500,5.112,23.4
95600,5.112,23.4
95700,5.112,23.4
95800,5.112,23.4
95900,5.112,23.4
96000,5.112,23.4
96100,5.112,23.4
96200,5.112,23.4
96300,5.112,23.4
96400,5.112,23.4
96500,5.112,23.4
96600,5.096000000000001,23.4
96700,5.096000000000001,23.4
96800,5.096000000000001,23.4
96900,5.096000000000001,23.4
97000,5.096000000000001,23.4
97100,5.096000000000001,23.4
97200,5.096000000000001,23.4
97300,5.096000000000001,23.4
97400,5.096000000000001,23.4
97500,5.096000000000001,23.4
97600,5.096000000000001,23.4
97700,5.096000000000001,23.4
97800,5.096000000000001,23.4
97900,5.096000000000001,23.4
98000,5.096000000000001,23.4
98100,5.096000000000001,23.4
98200,5.096000000000001,23.4
98300,5.096000000000001,23.4
98400,5.096000000000001,23.4
98500,5.096000000000001,23.4
98600,5.096000000000001,23.4
98700,5.096000000000001,23.4
98800,5.096000000000001,23.4
98900,5.096000000000001,23.4
99000,5.096000000000001,23.4
99100,5.096000000000001,23.4
99200,5.096000000000001,23.4
99300,5.096000000000001,23.4
99400,5.096000000000001,23.4
99500,5.096000000000001,23.4
99600,5.096000000000001,23.4
99700,5.096000000000001,23.4
99800,5.095999999999999,23.4
99900,5.095999999999999,23.4
100000,5.095999999999999,23.4
100100,5.095999999999999,23.4
100200,5.08,23.4
100300,5.08,23.4
100400,5.08,23.4
100500,5.08,23.4
100600,5.08,23.4
100700,5.08,23.4
100800,5.08,23.4
100900,5.08,23.4
101000,5.08,23.4
101100,5.08,23.4
101200,5.08,23.4
101300,5.08,23.4
101400,5.08,23.4
101500,5.08,23.4
101600,5.08,23.4
101700,5.08,23.4
101800,5.08,23.4
101900,5.08,23.4
102000,5.08,23.4
102100,5.08,23.4
102200,5.08,23.4
102300,5.08,23.4
102400,5.08,23.4
102500,5.016,23.4
102600,5.016,23.4
102700,5.016,23.4
102800,5.016,23.4
102900,5.016,23.4
103000,5.016,23.4
103100,5.016,23.4
103200,5.016,23.4
103300,5.016,23.4
103400,5.016,23.4
103500,5.016,23.4
103600,5.016,23.4
103700,5.016,23.4
103800,5.016,23.4
103900,5.016,23.4
104000,5.016,23.4
104100,5.016,23.4
104200,5.016,23.4
104300,5.016,23.4
104400,5.016,23.4
104500,5.016,23.4
104600,5.016,23.4
104700,5.016,23.4
104800,5.016,23.4
104900,5.016,23.4
105000,5.016,23.4
105100,5.016,23.4
105200,5.016,23.4
105300,5.016,23.4
105400,5.016,23.4
105500,5.016,23.4
105600,5.016,23.4
105700,5.016,23.4
105800,5.016,23.4
105900,5.016,23.4
106000,5.016,23.4
106100,5.016,23.4
106200,5.016,23.4
106300,5.016,23.4
106400,5.016,23.4
106500,5.016,23.4
106600,5.016,23.4
106700,5.016,23.4
106800,5.016,23.4
106900,5.016,23.4
107000,5.016,23.4
107100,5.016,23.4
107200,5.016,23.4
107300,5.016,23.4
107400,5.016,23.4
107500,5.016,23.4
107600,5.016,23.4
107700,5.016,23.4
107800,5.016,23.4
107900,5.016,23.4
108000,5.016,23.4
108100,5.016,23.4
108200,5.016,23.4
108300,5.016,23.4
108400,5.016,23.4
108500,5.016,23.4
108600,5.016,23.4
108700,5.016,23.4
108800,5.016,23.4
108900,5.016,23.4
109000,5.016,23.4
109100,5.016,23.4
109200,5.016,23.4
109300,5.016,23.4
109400,5.016,23.4
109500,5.016,23.4
109600,4.976000000000001,23
109700,4.976000000000001,23
109800,4.976000000000001,23
109900,4.976000000000001,23
110000,4.976000000000001,23
110100,4.976000000000001,23
110200,4.976000000000001,23
110300,4.976000000000001,23
110400,4.976000000000001,23
110500,4.928,23
110600,4.928,23
110700,4.928,23
110800,4.928,23
110900,4.928,23
111000,4.928,23
111100,4.928,23
111200,4.928,23
111300,4.928,23
111400,4.928,23
111500,4.928,23
111600,4.928,23
111700,4.928,23
111800,4.928,23
111900,4.928,23
112000,4.912000000000001,23
112100,4.912000000000001,23
112200,4.912000000000001,23
112300,4.896000000000001,23
112400,4.896000000000001,23
112500,4.896000000000001,23
112600,4.888,22.8
112700,4.872,22.8
112800,4.872,22.8
112900,4.872,22.8
113000,4.872,22.8
113100,4.872,22.8
113200,4.872,22.8
113300,4.872,22.8
113400,4.872,22.8
113500,4.872,22.8
113600,4.872,22.8
113700,4.872,22.8
113800,4.872,22.8
113900,4.872,22.8
114000,4.872,22.8
114100,4.872,22.8
114200,4.872,22.8
114300,4.872,22.8
114400,4.872,22.8
114500,4.872,22.8
114600,4.872,22.8
114700,4.872,22.8
114800,4.872,22.8
114900,4.872,22.8
115000,4.872,22.8
115100,4.872,22.8
115200,4.872,22.8
115300,4.872,22.8
115400,4.872,22.8
115500,4.872,22.8
115600,4.872,22.8
115700,4.872,22.8
115800,4.872,22.8
115900,4.872,22.8
116000,4.808,22.6
116100,4.808,22.6
116200,4.808,22.6
116300,4.808,22.6
116400,4.808,22.6
116500,4.808,22.6
116600,4.808,22.6
116700,4.808,22.6
116800,4.808,22.6
116900,4.808,22.6
117000,4.808,22.6
117100,4.808,22.6
117200,4.808,22.6
117300,4.808,22.6
117400,4.808,22.6
117500,4.808,22.6
117600,4.808,22.6
117700,4.808,22.6
117800,4.808,22.6
117900,4.808,22.6
118000,4.808,22.6
118100,4.808,22.6
118200,4.808,22.6
118300,4.808,22.6
118400,4.808,22.6
118500,4.808,22.6
118600,4.808,22.6
118700,4.808,22.6
118800,4.808,22.6
118900,4.808,22.6
119000,4.808,22.6
119100,4.808,22.6
119200,4.808,22.6
119300,4.808,22.6
119400,4.808,22.6
119500,4.808,22.6
119600,4.808,22.6
119700,4.808,22.6
119800,4.808,22.6
119900,4.808,22.6
120000,4.808,22.6
120100,4.808,22.6
120200,4.808,22.6
120300,4.808,22.6
120400,4.808,22.6
120500,4.808,22.6
120600,4.808,22.6
120700,4.808,22.6
120800,4.808,22.6
120900,4.808,22.6
121000,4.808,22.6
121100,4.808,22.6
121200,4.808,22.6
121300,4.808,22.6
121400,4.808,22.6
121500,4.808,22.6
121600,4.792,22.6
121700,4.792,22.6
121800,4.792,22.6
121900,4.792,22.6
122000,4.792,22.6
122100,4.792,22.6
122200,4.792,22.6
122300,4.792,22.6
122400,4.792,22.6
122500,4.792,22.6
122600,4.792,22.6
122700,4.792,22.6
122800,4.792,22.6
122900,4.792,22.6
123000,4.792,22.6
123100,4.792,22.6
123200,4.792,22.6
123300,4.792,22.6
123400,4.792,22.6
123500,4.792,22.6
123600,4.792,22.6
123700,4.792,22.6
123800,4.792,22.6
123900,4.792,22.6
124000,4.792,22.6
124100,4.792,22.6
124200,4.792,22.6
124300,4.792,22.6
124400,4.792,22.6
124500,4.792,22.6
124600,4.792,22.6
124700,4.792,22.6
124800,4.792,22.6
124900,4.792,22.6
125000,4.792,22.6
125100,4.792,22.6
125200,4.792,22.6
125300,4.792,22.6
125400,4.792,22.6
125500,4.792,22.6
125600,4.792,22.6
125700,4.792,22.6
125800,4.792,22.6
125900,4.792,22.6
126000,4.792,22.6
126100,4.792,22.6
126200,4.792,22.6
126300,4.792,22.6
126400,4.792,22.6
126500,4.792,22.6
126600,4.792,22.6
126700,4.792,22.6
126800,4.792,22.6
126900,4.792,22.6
127000,4.792,22.6
127100,4.792,22.6
127200,4.792,22.6
127300,4.792,22.6
127400,4.792,22.6
127500,4.792,22.6
127600,4.792,22.6
127700,4.792,22.6
127800,4.792,22.6
127900,4.792,22.6
128000,4.792,22.6
128100,4.792,22.6
128200,4.792,22.6
128300,4.792,22.6
128400,4.792,22.6
128500,4.792,22.6
128600,4.792,22.6
128700,4.792,22.6
128800,4.792,22.6
128900,4.792,22.6
129000,4.792,22.6
129100,4.792,22.6
129200,4.792,22.6
129300,4.792,22.6
129400,4.792,22.6
129500,4.792,22.6
129600,4.792,22.6
129700,4.792,22.6
129800,4.792,22.6
129900,4.792,22.6
130000,4.792,22.6
130100,4.792,22.6
130200,4.792,22.6
130300,4.792,22.6
130400,4.792,22.6
130500,4.792,22.6
130600,4.792,22.6
130700,4.792,22.6
130800,4.792,22.6
130900,4.792,22.6
131000,4.792,22.6
131100,4.792,22.6
131200,4.792,22.6
131300,4.792,22.6
131400,4.792,22.6
131500,4.792,22.6
131600,4.792,22.6
131700,4.792,22.6
131800,4.792,22.6
131900,4.792,22.6
132000,4.792,22.6
132100,4.792,22.6
132200,4.792,22.6
132300,4.792,22.6
132400,4.792,22.6
132500,4.792,22.6
132600,4.792,22.6
132700,4.792,22.6
132800,4.792,22.6
132900,4.792,22.6
133000,4.792,22.6
133100,4.792,22.6
133200,4.792,22.6
133300,4.792,22.6
133400,4.792,22.6
133500,4.792,22.6
133600,4.792,22.6
133700,4.696,22.6
133800,4.696,22.6
133900,4.696,22.6
134000,4.696,22.6
134100,4.696,22.6
134200,4.696,22.6
134300,4.696,22.6
134400,4.696,22.6
134500,4.696,22.6
134600,4.696,22.6
134700,4.696,22.6
134800,4.696,22.6
134900,4.696,22.6
135000,4.696,22.6
135100,4.696,22.6
135200,4.696,22.6
135300,4.696,22.6
135400,4.696,22.6
135500,4.696,22.6
135600,4.696,22.6
135700,4.696,22.6
135800,4.696,22.6
135900,4.696,22.6
136000,4.696,22.6
136100,4.696,22.6
136200,4.696,22.6
136300,4.696,22.6
136400,4.680000000000001,22.6
136500,4.680000000000001,22.6
136600,4.680000000000001,22.6
136700,4.680000000000001,22.6
136800,4.680000000000001,22.6
136900,4.680000000000001,22.6
137000,4.680000000000001,22.6
137100,4.680000000000001,22.6
137200,4.680000000000001,22.6
137300,4.680000000000001,22.6
137400,4.680000000000001,22.6
137500,4.680000000000001,22.6
137600,4.680000000000001,22.6
137700,4.680000000000001,22.6
137800,4.680000000000001,22.6
137900,4.680000000000001,22.6
138000,4.680000000000001,22.6
138100,4.680000000000001,22.6
138200,4.680000000000001,22.6
138300,4.680000000000001,22.6
138400,4.680000000000001,22.6
138500,4.680000000000001,22.6
138600,4.680000000000001,22.6
138700,4.680000000000001,22.6
138800,4.680000000000001,22.6
138900,4.680000000000001,22.6
139000,4.680000000000001,22.6
139100,4.680000000000001,22.6
139200,4.680000000000001,22.6
139300,4.680000000000001,22.6
139400,4.680000000000001,22.6
139500,4.680000000000001,22.6
139600,4.680000000000001,22.6
139700,4.680000000000001,22.6
139800,4.680000000000001,22.6
139900,4.680000000000001,22.6
140000,4.680000000000001,22.6
140100,4.680000000000001,22.6
140200,4.680000000000001,22.6
140300,4.680000000000001,22.6
140400,4.680000000000001,22.6
140500,4.680000000000001,22.6
140600,4.680000000000001,22.6
140700,4.680000000000001,22.6
140800,4.680000000000001,22.6
140900,4.680000000000001,22.6
141000,4.680000000000001,22.6
141100,4.680000000000001,22.6
141200,4.680000000000001,22.6
141300,4.680000000000001,22.6
141400,4.680000000000001,22.6
141500,4.680000000000001,22.6
141600,4.680000000000001,22.6
141700,4.680000000000001,22.6
141800,4.680000000000001,22.6
141900,4.680000000000001,22.6
142000,4.680000000000001,22.6
142100,4.680000000000001,22.6
142200,4.680000000000001,22.6
142300,4.680000000000001,22.6
142400,4.680000000000001,22.6
142500,4.680000000000001,22.6
142600,4.680000000000001,22.6
142700,4.680000000000001,22.6
142800,4.680000000000001,22.6
142900,4.680000000000001,22.6
143000,4.680000000000001,22.6
143100,4.680000000000001,22.6
143200,4.680000000000001,22.6
143300,4.680000000000001,22.6
143400,4.680000000000001,22.6
143500,4.680000000000001,22.6
143600,4.680000000000001,22.6
143700,4.680000000000001,22.6
143800,4.680000000000001,22.6
143900,4.680000000000001,22.6
144000,4.680000000000001,22.6
144100,4.680000000000001,22.6
144200,4.680000000000001,22.6
144300,4.680000000000001,22.6
144400,4.680000000000001,22.6
144500,4.680000000000001,22.6
144600,4.680000000000001,22.6
144700,4.680000000000001,22.6
144800,4.680000000000001,22.6
144900,4.680000000000001,22.6
145000,4.680000000000001,22.6
145100,4.680000000000001,22.6
145200,4.680000000000001,22.6
145300,4.680000000000001,22.6
145400,4.680000000000001,22.6
145500,4.680000000000001,22.6
145600,4.680000000000001,22.6
145700,4.680000000000001,22.6
145800,4.680000000000001,22.6
145900,4.680000000000001,22.6
146000,4.680000000000001,22.6
146100,4.680000000000001,22.6
146200,4.680000000000001,22.6
146300,4.680000000000001,22.6
146400,4.680000000000001,22.6
146500,4.680000000000001,22.6
146600,4.680000000000001,22.6
146700,4.680000000000001,22.6
146800,4.680000000000001,22.6
146900,4.680000000000001,22.6
147000,4.680000000000001,22.6
147100,4.680000000000001,22.6
147200,4.680000000000001,22.6
147300,4.680000000000001,22.6
147400,4.680000000000001,22.6
147500,4.680000000000001,22.6
147600,4.680000000000001,22.6
147700,4.680000000000001,22.6
147800,4.680000000000001,22.6
147900,4.680000000000001,22.6
148000,4.680000000000001,22.6
148100,4.680000000000001,22.6
148200,4.680000000000001,22.6
148300,4.680000000000001,22.6
148400,4.680000000000001,22.6
148500,4.680000000000001,22.6
148600,4.680000000000001,22.6
148700,4.680000000000001,22.6
148800,4.680000000000001,22.6
148900,4.680000000000001,22.6
149000,4.680000000000001,22.6
149100,4.680000000000001,22.6
149200,4.680000000000001,22.6
149300,4.680000000000001,22.6
149400,4.680000000000001,22.6
149500,4.680000000000001,22.6
149600,4.632,22.6
149700,4.632,22.6
149800,4.632,22.6
149900,4.632,22.6
150000,4.632,22.6
150100,4.632,22.6
150200,4.632,22.6
150300,4.632,22.6
150400,4.632,22.6
150500,4.632,22.6
150600,4.632,22.6
150700,4.632,22.6
150800,4.632,22.6
150900,4.632,22.6
151000,4.632,22.6
151100,4.632,22.6
151200,4.632,22.6
151300,4.632,22.6
151400,4.632,22.6
151500,4.632,22.6
151600,4.632,22.6
151700,4.632,22.6
151800,4.632,22.6
151900,4.632,22.6
152000,4.632,22.6
152100,4.632,22.6
152200,4.632,22.6
152300,4.632,22.6
152400,4.632,22.6
152500,4.632,22.6
152600,4.632,22.6
152700,4.632,22.6
152800,4.632,22.6
152900,4.632,22.6
153000,4.632,22.6
153100,4.632,22.6
153200,4.632,22.6
153300,4.632,22.6
153400,4.632,22.6
153500,4.632,22.6
153600,4.632,22.6
153700,4.632,22.6
153800,4.632,22.6
153900,4.5840000000000005,22.6
154000,4.5840000000000005,22.6
154100,4.5840000000000005,22.6
154200,4.5840000000000005,22.6
154300,4.5840000000000005,22.6
154400,4.5840000000000005,22.6
154500,4.5840000000000005,22.6
154600,4.5840000000000005,22.6
154700,4.5840000000000005,22.6
154800,4.5840000000000005,22.6
154900,4.5840000000000005,22.6
155000,4.5840000000000005,22.6
155100,4.5840000000000005,22.6
155200,4.5840000000000005,22.6
155300,4.5840000000000005,22.6
155400,4.5840000000000005,22.6
155500,4.5840000000000005,22.6
155600,4.5840000000000005,22.6
155700,4.5840000000000005,22.6
155800,4.5840000000000005,22.6
155900,4.5840000000000005,22.6
156000,4.5840000000000005,22.6
156100,4.5840000000000005,22.6
156200,4.5840000000000005,22.6
156300,4.5840000000000005,22.6
156400,4.5840000000000005,22.6
156500,4.568,22.6
156600,4.568,22.6
156700,4.568,22.6
156800,4.568,22.6
156900,4.568,22.6
157000,4.568,22.6
157100,4.568,22.6
157200,4.568,22.6
157300,4.568,22.6
157400,4.568,22.6
157500,4.568,22.6
157600,4.568,22.6
157700,4.568,22.6
157800,4.568,22.6
157900,4.568,22.6
158000,4.568,22.6
158100,4.568,22.6
158200,4.568,22.6
158300,4.568,22.6
158400,4.568,22.6
158500,4.568,22.6
158600,4.568,22.6
158700,4.568,22.6
158800,4.568,22.6
158900,4.568,22.6
159000,4.568,22.6
159100,4.568,22.6
159200,4.568,22.6
159300,4.568,22.6
159400,4.568,22.6
159500,4.568,22.6
159600,4.568,22.6
159700,4.568,22.6
159800,4.568,22.6
159900,4.568,22.6
160000,4.568,22.6
160100,4.568,22.6
160200,4.568,22.6
160300,4.568,22.6
160400,4.568,22.6
160500,4.568,22.6
160600,4.568,22.6
160700,4.568,22.6
160800,4.568,22.6
160900,4.568,22.6
161000,4.568,22.6
161100,4.568,22.6
161200,4.568,22.6
161300,4.568,22.6
161400,4.568,22.6
161500,4.568,22.6
161600,4.568,22.6
161700,4.568,22.6
161800,4.568,22.6
161900,4.568,22.6
162000,4.568,22.6
162100,4.568,22.6
162200,4.568,22.6
162300,4.568,22.6
162400,4.568,22.6
162500,4.568,22.6
162600,4.568,22.6
162700,4.568,22.6
162800,4.568,22.6
162900,4.568,22.6
163000,4.568,22.6
163100,4.568,22.6
163200,4.568,22.6
163300,4.568,22.6
163400,4.568,22.6
163500,4.568,22.6
163600,4.568,22.6
163700,4.568,22.6
163800,4.568,22.6
163900,4.568,22.6
164000,4.568,22.6
164100,4.568,22.6
164200,4.568,22.6
164300,4.568,22.6
164400,4.568,22.6
164500,4.568,22.6
164600,4.568,22.6
164700,4.568,22.6
164800,4.568,22.6
164900,4.568,22.6
165000,4.568,22.6
165100,4.568,22.6
165200,4.568,22.6
165300,4.568,22.6
165400,4.568,22.6
165500,4.568,22.6
165600,4.568,22.6
165700,4.568,22.6
165800,4.568,22.6
165900,4.568,22.6
166000,4.568,22.6
166100,4.568,22.6
166200,4.568,22.6
166300,4.568,22.6
166400,4.568,22.6
166500,4.568,22.6
166600,4.568,22.6
166700,4.568,22.6
166800,4.568,22.6
166900,4.568,22.6
167000,4.568,22.6
167100,4.568,22.6
167200,4.568,22.6
167300,4.568,22.6
167400,4.568,22.6
167500,4.568,22.6
167600,4.5520000000000005,22.6
167700,4.5520000000000005,22.6
167800,4.5520000000000005,22.6
167900,4.5440000000000005,22.6
168000,4.5440000000000005,22.6
168100,4.5440000000000005,22.6
168200,4.5440000000000005,22.6
168300,4.5440000000000005,22.6
168400,4.5440000000000005,22.6
168500,4.5440000000000005,22.6
168600,4.5440000000000005,22.6
168700,4.5440000000000005,22.6
168800,4.5440000000000005,22.6
168900,4.5440000000000005,22.6
169000,4.5440000000000005,22.6
169100,4.5440000000000005,22.6
169200,4.5440000000000005,22.6
169300,4.5440000000000005,22.6
169400,4.5440000000000005,22.6
169500,4.5440000000000005,22.6
169600,4.5280000000000005,22.6
169700,4.5280000000000005,22.6
169800,4.5280000000000005,22.6
169900,4.5280000000000005,22.6
170000,4.5280000000000005,22.6
170100,4.5280000000000005,22.6
170200,4.5280000000000005,22.6
170300,4.5280000000000005,22.6
170400,4.5280000000000005,22.6
170500,4.5280000000000005,22.6
170600,4.5280000000000005,22.6
170700,4.5280000000000005,22.6
170800,4.5280000000000005,22.6
170900,4.5280000000000005,22.6
171000,4.5280000000000005,22.6
171100,4.5280000000000005,22.6
171200,4.5280000000000005,22.6
171300,4.5280000000000005,22.6
171400,4.5280000000000005,22.6
171500,4.5280000000000005,22.6
171600,4.5280000000000005,22.6
171700,4.5280000000000005,22.6
171800,4.5280000000000005,22.6
171900,4.5280000000000005,22.6
172000,4.5280000000000005,22.6
172100,4.5280000000000005,22.6
172200,4.5280000000000005,22.6
172300,4.5280000000000005,22.6
172400,4.5280000000000005,22.6
172500,4.5280000000000005,22.6
172600,4.5280000000000005,22.6
172700,4.5280000000000005,22.6
172800,4.5280000000000005,22.6
172900,4.5280000000000005,22.6
173000,4.5280000000000005,22.6
173100,4.5280000000000005,22.6
173200,4.5280000000000005,22.6
173300,4.5280000000000005,22.6
173400,4.5280000000000005,22.6
173500,4.5280000000000005,22.6
173600,4.464,22.6
173700,4.464,22.6
173800,4.464,22.6
173900,4.464,22.6
174000,4.464,22.6
174100,4.464,22.6
174200,4.464,22.6
174300,4.464,22.6
174400,4.464,22.6
174500,4.464,22.6
174600,4.464,22.6
174700,4.464,22.6
174800,4.464,22.6
174900,4.464,22.6
175000,4.464,22.6
175100,4.464,22.6
175200,4.464,22.6
175300,4.464,22.6
175400,4.464,22.6
175500,4.464,22.6
175600,4.464,22.6
175700,4.464,22.6
175800,4.464,22.6
175900,4.464,22.6
176000,4.464,22.6
176100,4.464,22.6
176200,4.464,22.6
176300,4.464,22.6
176400,4.464,22.6
176500,4.464,22.6
176600,4.464,22.6
176700,4.464,22.6
176800,4.464,22.6
176900,4.464,22.6
177000,4.464,22.6
177100,4.464,22.6
177200,4.464,22.6
177300,4.464,22.6
177400,4.464,22.6
177500,4.464,22.6
177600,4.464,22.6
177700,4.464,22.6
177800,4.448,22.4
177900,4.448,22.4
178000,4.448,22.4
178100,4.448,22.4
178200,4.448,22.4
178300,4.448,22.4
178400,4.448,22.4
178500,4.448,22.4
178600,4.448,22.4
178700,4.448,22.4
178800,4.448,22.4
178900,4.448,22.4
179000,4.4079999999999995,22.2
179100,4.392,22
179200,4.392,22
179300,4.392,22
179400,4.392,22
179500,4.392,22
179600,4.392,22
179700,4.392,22
179800,4.392,22
179900,4.392,22
180000,4.392,22
180100,4.392,22
180200,4.392,22
180300,4.392,22
180400,4.392,22
180500,4.392,22
180600,4.392,22
180700,4.392,22
180800,4.392,22
180900,4.392,22
181000,4.392,22
181100,4.392,22
181200,4.392,22
181300,4.392,22
181400,4.392,22
181500,4.392,22
181600,4.392,22
181700,4.392,22
181800,4.392,22
181900,4.392,22
182000,4.392,22
182100,4.392,22
182200,4.392,22
182300,4.392,22
182400,4.392,22
182500,4.392,22
182600,4.392,22
182700,4.392,22
182800,4.392,22
182900,4.392,22
183000,4.392,22
183100,4.392,22
183200,4.392,22
183300,4.392,22
183400,4.392,22
183500,4.392,22
183600,4.392,22
183700,4.392,22
183800,4.392,22
183900,4.392,22
184000,4.392,22
184100,4.392,22
184200,4.392,22
184300,4.392,22
184400,4.392,22
184500,4.392,22
184600,4.392,22
184700,4.392,22
184800,4.392,22
184900,4.392,22
185000,4.392,22
185100,4.392,22
185200,4.392,22
185300,4.392,22
185400,4.392,22
185500,4.392,22
185600,4.392,22
185700,4.392,22
185800,4.392,22
185900,4.392,22
186000,4.392,22
186100,4.392,22
186200,4.392,22
186300,4.392,22
186400,4.392,22
186500,4.392,22
186600,4.392,22
186700,4.392,22
186800,4.392,22
186900,4.392,22
187000,4.392,22
187100,4.392,22
187200,4.392,22
187300,4.392,22
187400,4.392,22
187500,4.392,22
187600,4.392,22
187700,4.392,22
187800,4.392,22
187900,4.392,22
188000,4.392,22
188100,4.392,22
188200,4.392,22
188300,4.392,22
188400,4.392,22
188500,4.392,22
188600,4.392,22
188700,4.392,22
188800,4.392,22
188900,4.392,22
189000,4.3919999999999995,21.8
189100,4.3919999999999995,21.8
189200,4.3919999999999995,21.8
189300,4.3919999999999995,21.8
189400,4.3919999999999995,21.8
189500,4.3919999999999995,21.8
189600,4.3919999999999995,21.8
189700,4.3919999999999995,21.8
189800,4.3919999999999995,21.8
189900,4.3919999999999995,21.8
190000,4.3919999999999995,21.8
190100,4.3919999999999995,21.8
190200,4.3919999999999995,21.8
190300,4.3919999999999995,21.8
190400,4.3919999999999995,21.8
190500,4.3919999999999995,21.8
190600,4.3919999999999995,21.8
190700,4.343999999999999,21.8
190800,4.343999999999999,21.8
190900,4.343999999999999,21.8
191000,4.343999999999999,21.8
191100,4.343999999999999,21.8
191200,4.343999999999999,21.8
191300,4.343999999999999,21.8
191400,4.343999999999999,21.8
191500,4.343999999999999,21.8
191600,4.343999999999999,21.8
191700,4.343999999999999,21.8
191800,4.343999999999999,21.8
191900,4.343999999999999,21.8
192000,4.343999999999999,21.8
192100,4.343999999999999,21.8
192200,4.343999999999999,21.8
192300,4.343999999999999,21.8
192400,4.343999999999999,21.8
192500,4.343999999999999,21.8
192600,4.343999999999999,21.8
192700,4.343999999999999,21.8
192800,4.343999999999999,21.8
192900,4.343999999999999,21.8
193000,4.343999999999999,21.8
193100,4.343999999999999,21.8
193200,4.343999999999999,21.8
193300,4.343999999999999,21.8
193400,4.343999999999999,21.8
193500,4.343999999999999,21.8
193600,4.343999999999999,21.8
193700,4.343999999999999,21.8
193800,4.343999999999999,21.8
193900,4.343999999999999,21.8
194000,4.343999999999999,21.8
194100,4.343999999999999,21.8
194200,4.343999999999999,21.8
194300,4.343999999999999,21.8
194400,4.343999999999999,21.8
194500,4.343999999999999,21.8
194600,4.343999999999999,21.8
194700,4.343999999999999,21.8
194800,4.343999999999999,21.8
194900,4.343999999999999,21.8
195000,4.343999999999999,21.8
195100,4.343999999999999,21.8
195200,4.343999999999999,21.8
195300,4.343999999999999,21.8
195400,4.343999999999999,21.8
195500,4.343999999999999,21.8
195600,4.343999999999999,21.8
195700,4.343999999999999,21.8
195800,4.343999999999999,21.8
195900,4.343999999999999,21.8
196000,4.343999999999999,21.8
196100,4.343999999999999,21.8
196200,4.343999999999999,21.8
196300,4.343999999999999,21.8
196400,4.343999999999999,21.8
196500,4.343999999999999,21.8
196600,4.343999999999999,21.8
196700,4.343999999999999,21.8
196800,4.343999999999999,21.8
196900,4.343999999999999,21.8
197000,4.343999999999999,21.8
197100,4.343999999999999,21.8
197200,4.343999999999999,21.8
197300,4.343999999999999,21.8
197400,4.343999999999999,21.8
197500,4.343999999999999,21.8
197600,4.343999999999999,21.8
197700,4.343999999999999,21.8
197800,4.343999999999999,21.8
197900,4.343999999999999,21.8
198000,4.343999999999999,21.8
198100,4.343999999999999,21.8
198200,4.343999999999999,21.8
198300,4.343999999999999,21.8
198400,4.343999999999999,21.8
198500,4.343999999999999,21.8
198600,4.343999999999999,21.8
198700,4.343999999999999,21.8
198800,4.343999999999999,21.8
198900,4.343999999999999,21.8
199000,4.343999999999999,21.8
199100,4.343999999999999,21.8
199200,4.343999999999999,21.8
199300,4.343999999999999,21.8
199400,4.343999999999999,21.8
199500,4.343999999999999,21.8
199600,4.343999999999999,21.8
199700,4.343999999999999,21.8
199800,4.343999999999999,21.8
199900,4.343999999999999,21.8
199999,4.343999999999999,21.8

START ALGORITHM
h2: (a21 + a15) * (b51 - b11 - b15)
h3: (a24 - a13) * (b15 + b25 + b53)
h4: (a12 + a23 - a13 - a22) * (-b32)
h5: (a54) * (b43 - b12 - b11 - b41)
h6: (a52 + a33) * (b14 - b13 - b45)
h7: (a43 - a25) * (b42 - b22 - b32)
h8: (a11 + a54 + a11 - a34) * (b44)
h9: (a52 + a32 - a15) * (b51 + b22)
h10: (a32 - a11) * (b35 + b21 - b35)
h11: (a22 - a43 - a43) * (-b41 - b12)
h12: (a14 + a55 - a31) * (-b43 - b12)
h13: (a55 - a14 - a42) * (b22 - b21)
h14: (a23 + a31 - a12) * (b41 + b11)
h16: (-a33) * (b45 - b21 - b12 - b12)
h17: (a53 - a24 - a15 - a35) * (-b34)
h18: (a41 + a32) * (b24 + b53 + b11)
h21: (a53 + a44 - a55) * (b24 - b31)
h23: (-a41 - a32) * (b55 + b41 - b52)
h25: (-a35 - a25) * (-b33 - b25 - b24)
h26: (a41 - a25) * (b22 - b14 - b21)
h27: (a43 - a14) * (b42 - b11 - b55)
h28: (a43) * (b54 - b44 - b33 - b31)
h29: (-a51 - a14) * (-b53 - b35 - b35)
h31: (a52 + a11) * (-b15 - b45 - b53)
h33: (a55 - a21) * (b15 + b22 - b22)
h34: (a41 - a24 - a22) * (b52 - b45)
h36: (a52 + a11 + a11 - a41) * (-b31)
h37: (a31 + a14 + a22 - a41) * (b41)
h38: (a22 - a13 - a54) * (b24 - b32)
h39: (a22 + a41 - a33) * (b33 - b53)
h41: (a14 + a51 - a33) * (b24 - b21)
h42: (a21 + a12 - a55) * (b35 + b23)
h43: (a35 + a33) * (b42 - b23 - b32)
h44: (a52 + a14 + a22 - a11) * (-b22)
h47: (-a25 - a44 - a24) * (b32 - b34)
h48: (a31 - a55 - a51 - a32) * (b55)
h49: (a53 - a43) * (b34 + b21 + b33)
h50: (a23 + a41 + a42 - a34) * (-b33)
h51: (a32 - a44 - a13 - a34) * (-b22)
h53: (a44) * (b32 + b41 - b15 - b22)
h54: (-a32) * (b21 + b55 - b54 - b52)
h55: (a52 + a12 - a43) * (-b42 - b52)
h56: (-a31) * (b24 - b51 - b21 - b12)
h57: (a33 + a32 - a55 - a34) * (-b23)
h59: (a53) * (b51 - b45 - b55 - b13)
h60: (a34 - a23 - a15 - a12) * (b23)
h61: (-a25 - a32) * (b54 + b23 - b22)
h65: (a45 - a32 - a14) * (b32 + b11)
h66: (a52 - a55) * (b45 + b51 + b45)
h67: (a12) * (b52 + b14 - b45 - b44)
h68: (a15 - a43) * (-b14 - b42 - b52)
h70: (a15) * (b21 + b24 - b42 - b45)
h71: (a44 - a34) * (-b52 - b45 - b25)
h72: (-a34 - a35) * (b35 + b54 - b24)
h73: (a32 + a21) * (b24 - b52 - b25)
h74: (a41 + a31 - a25 - a55) * (-b15)
h75: (a32 - a33 - a33 - a35) * (-b15)
h76: (a51 + a54 - a22 - a23) * (-b34)
h77: (a51 + a31 - a44) * (b45 + b51)
h78: (a45 - a15) * (b42 - b45 - b43)
h79: (-a22 - a23) * (b23 + b53 + b11)
h80: (a34 + a34 - a55) * (b53 - b14)
h81: (-a12 - a42) * (b55 - b33 - b13)
h82: (-a12 - a51) * (b13 - b22 - b51)
h84: (-a55 - a34 - a42) * (b53 + b42)
h85: (-a52) * (b24 + b45 - b51 - b31)
h87: (a22 + a42 - a11 - a11) * (b51)
h89: (a23 + a13 - a53 - a53) * (-b45)
h90: (a53 + a51 - a22 - a45) * (-b44)
h91: (a55 + a53) * (b33 - b32 - b35)
h92: (a15 - a43 - a42) * (b12 - b51)
h93: (-a43 - a42 - a45) * (b25 - b35)
h94: (a41 - a14) * (b13 - b53 - b35)
h95: (a44 - a32 - a42) * (b31 - b41)
h96: (a25 - a23) * (-b32 - b51 - b32)
h97: (a45 - a32 - a54 - a23) * (b14)
h100: (a15 - a41) * (b31 + b11 + b34)
h101: (-a35 - a21) * (b34 + b55 - b14)
h104: (a34 - a33) * (-b22 - b33 - b42)
h105: (a22 - a52 - a52 - a53) * (b15)
h106: (a51 + a31 + a55) * (b34 + b45)
h108: (a12 - a53 - a55) * (b22 - b22)
h110: (a25 + a45 + a54 - a31) * (-b32)
h111: (a41 - a11 - a33) * (b11 + b24)
h112: (a55 - a41) * (-b15 - b15 - b54)
h113: (a13 - a13 - a43) * (b43 - b51)
h115: (a24) * (b24 + b45 - b15 - b22)
h116: (a14) * (b23 - b33 - b15 - b41)
h118: (a14) * (b22 + b14 + b42 - b44)
h119: (a51) * (b25 + b42 + b14 + b34)
h120: (-a21) * (b12 - b55 - b33 - b33)
h121: (a31 + a42 + a12 + a51) * (b53)
h122: (a11 - a52) * (b35 - b22 - b15)
h123: (a55 - a54) * (b21 + b32 - b13)
h124: (-a14 - a52) * (b43 + b44 + b51)
h125: (a53 + a55) * (b33 + b51 - b51)
h126: (a31 - a54) * (b15 - b15 - b11)
h133: (a23) * (b41 + b31 - b52 - b33)
h137: (a13) * (b54 + b53 + b25 + b51)
h138: (a23 - a44) * (b53 + b24 - b24)
h140: (a24 + a13 - a25 - a53) * (-b31)
h148: (a53 - a14 - a41 - a22) * (-b11)
h177: (a23 - a12 - a52) * (-b43 - b54)
h181: (-a31 - a45 - a12) * (-b23 - b12)
h184: (-a41 - a13) * (b45 - b15 - b44)
h190: (a32 + a41 - a22) * (-b43 - b25)
h191: (-a52) * (b33 - b25 - b32 - b32)
h213: (a54 - a12) * (b25 + b44 - b32)
h229: (a11 - a55) * (-b34 - b42 - b15)
h230: (a11 - a31 - a11 - a11) * (-b54)
h246: (-a14) * (b21 + b22 + b41 - b41)
h249: (a42 + a23 - a53 - a24) * (b43)
h255: (a41 + a15 - a55) * (b25 - b35)
h260: (a55 + a31) * (b51 + b11 - b44)
h267: (a54 + a51) * (b43 + b54 - b21)
h268: (a22 + a25) * (b51 + b43 - b43)
h271: (-a11) * (b22 - b45 - b51 - b15)
h272: (a51 - a55) * (b14 + b31 - b21)
h276: (a13 + a14 - a11 - a31) * (b35)
h277: (a14) * (b31 + b45 + b14 - b31)
h281: (a32 - a34 - a52) * (b52 - b41)
h287: (a31 - a42 - a34 - a51) * (b53)
h292: (-a23 - a34) * (b55 + b15 - b32)
h302: (-a43 - a25 - a34 - a45) * (b12)
h327: (a23 - a52) * (b14 + b32 - b11)
h338: (a12 + a53 + a52 - a23) * (b32)
h369: (a41 + a12 + a55) * (b15 - b23)
h383: (a14) * (b12 + b55 - b12 - b14)
h387: (a42) * (b43 + b34 - b41 - b12)
h389: (-a45) * (b55 + b11 + b25 - b11)
h395: (a41 + a11 + a25 - a22) * (b12)
h407: (a53 - a53 - a55) * (b51 - b53)
h419: (a15 + a41 - a33) * (b54 - b45)
h440: (a43 - a23) * (b53 + b14 - b23)
h442: (a32 - a14) * (b55 - b15 - b22)
h447: (a42 + a11 + a52) * (-b13 - b54)
h462: (a53 + a31 - a43) * (b33 + b34)
h465: (a33 - a13 - a21) * (b33 + b51)
h490: (a53 - a42 - a53) * (-b51 - b54)
h518: (a15 + a33 + a15 - a45) * (b55)
h522: (-a44) * (-b15 - b35 - b42 - b13)
h541: (-a13 - a14) * (b13 + b13 - b52)
h547: (a33 - a12 - a33 - a21) * (b21)
h562: (a15) * (-b23 - b25 - b44 - b22)
h601: (-a51 - a22 - a24) * (b12 - b25)
h623: (a11 - a45 - a21) * (-b22 - b42)
h633: (a44 - a42 - a23 - a24) * (-b13)
h658: (a23 - a53) * (b54 - b21 - b11)
h691: (a44 + a34 - a21) * (b25 - b32)
h717: (a55 + a21 + a52 - a53) * (b43)
h720: (a34 + a51 + a24 - a12) * (-b12)
h732: (a43 - a34 - a32 - a43) * (-b11)
h814: (a55 - a52 - a53) * (b51 - b33)
h821: (a21 - a25) * (b55 - b55 - b43)
h843: (a51 - a12 - a13) * (-b45 - b12)
h898: (a22 - a33 - a11) * (-b33 - b24)
h900: (a41 - a25 - a22) * (b35 + b13)
h912: (a12 - a35) * (-b13 - b21 - b32)
h981: (a43) * (b34 + b54 - b23 - b54)
h1117: (a42 + a23 - a55 - a52) * (b51)
h1169: (a25 + a15 + a14) * (b15 - b31)
h1222: (a55 + a52) * (b45 - b15 - b35)
h1565: (a53 + a52 - a32 - a53) * (-b55)
h1577: (a13 - a55 - a54) * (b52 + b33)
h1622: (a11 + a22 + a31 - a22) * (b22)
h1658: (a12 + a41 - a12) * (b31 - b25)
h1911: (a22 + a45 + a11 - a54) * (-b11)
h1944: (a24 + a21 + a15) * (-b15 - b44)
h1946: (a34 + a51 - a43 - a24) * (b45)
h1956: (a13 - a34 - a54) * (-b55 - b12)
h1969: (a55 + a22 - a13) * (-b13 - b45)
h1999: (a55) * (b11 + b12 - b53 - b25)
h2197: (a13 - a15 - a41) * (b42 - b43)
h2273: (a12 + a43 - a44) * (b55 + b12)
h2405: (a53 + a51 + a54) * (b24 - b45)
h2440: (-a31 - a34) * (b52 - b25 - b24)
h2537: (-a12) * (b25 + b55 - b51 - b11)
h2744: (a11 - a34) * (b44 + b45 + b12)
h2746: (-a44) * (b35 + b44 + b25 - b35)
h2892: (a12 + a12 - a31) * (b51 + b25)
h2965: (a43 - a31) * (b23 + b35 + b45)
h3082: (a42 - a42 - a11) * (b43 + b21)
h3103: (a21 + a11 - a23) * (b44 + b54)
h3108: (a11 - a41 - a21) * (b25 - b11)
h4187: (a44 + a11 - a23 - a24) * (-b25)
h6582: (a25 - a21 - a42) * (b23 - b31)
h7303: (a12 + a44 - a33) * (b44 - b51)
h7540: (a11 + a44 + a55) * (b14 - b15)
h8424: (a43 + a25 + a52) * (-b11 - b25)
h8673: (a52 - a45 - a23) * (b15 - b45)
h10535: (a34 + a42 + a33 - a11) * (-b11)
h13887: (a32 + a25 + a12) * (-b55 - b32)
h21088: (a51 + a44 - a51) * (b54 - b11)
c11: h12 + h42 + h124 + h41 + h462 + h821 - h327 - h1956 - h2197 - h2892 
c12: h73 + h122 + h260 + h4 + h93 + h419 + h541 + h717 + h1577 + h73 - h16 - h91 - h276 - h395 - h440 
c13: h37 + h82 + h125 + h229 + h255 + h821 + h255 + h125 + h1565 + h73 + h821 - h383 
c14: h442 + h447 + h271 + h126 + h1577 + h1999 + h1565 + h821 + h8673 + h73 - h21 - h12 
c15: h112 + h97 + h26 + h51 + h91 + h67 + h327 + h82 + h73 + h2744 + h61 + h2744 + h2744 - h8 - h900 - h981 - h2405 
c21: h71 + h10 + h119 + h658 + h821 + h821 + h821 - h9 - h518 
c22: h92 + h255 + h2746 + h255 + h1622 + h13887 + h1565 - h720 
c23: h177 + h912 + h61 + h1565 + h2273 
c24: h33 + h462 + h547 + h119 + h177 + h39 + h41 + h71 + h2440 + h912 + h732 + h255 + h2537 + h2965 + h2744 - h112 - h277 - h1969 - h8673 
c25: h115 + h246 + h623 + h821 + h2744 + h821 - h106 - h81 - h110 - h292 - h562 
c31: h281 + h66 + h389 + h732 + h125 + h1565 + h3103 + h821 + h2746 - h2 - h522 
c32: h11 + h230 + h61 + h407 + h821 + h2744 - h51 - h191 - h271 - h490 
c33: h68 + h287 + h821 + h462 + h1117 + h125 + h898 + h1999 + h821 + h2965 + h1565 + h2744 + h2744 - h124 - h369 
c34: h138 + h230 + h658 + h3082 - h85 - h119 - h2 - h53 
c35: h7 + h39 + h2 + h292 + h465 + h7 + h230 + h125 + h821 + h2744 - h74 - h9 - h658 - h3103 - h7303 
c41: h2 + h17 + h338 + h112 + h268 + h2273 + h1565 + h3108 + h1944 + h73 + h821 + h2744 + h1565 + h2744 - h79 - h249 - h912 
c42: h16 + h110 + h267 + h148 + h277 + h541 + h61 + h2892 + h2273 - h126 - h1169 
c43: h190 + h633 + h541 + h2744 + h3103 + h13887 + h2537 - h113 - h898 - h4187 
c44: h81 + h181 + h42 + h230 + h93 + h42 + h1658 + h3108 + h7540 + h13887 - h79 
c45: h93 + h78 + h137 + h87 + h116 + h33 + h8 + h271 + h1565 + h2965 + h821 + h821 - h1946 - h8424 
c51: h90 + h111 + h112 + h33 + h33 + h42 + h541 + h3108 + h13887 - h39 - h36 - h18 - h843 - h2537 - h10535 
c52: h94 + h272 + h60 + h84 + h490 + h2405 + h13887 + h2537 + h61 + h21088 - h1911 
c53: h122 + h81 + h82 + h2197 + h395 + h541 + h1944 + h6582 + h2744 + h73 - h814 - h1222 - h7540 
c54: h118 + h78 + h126 + h691 + h3108 + h821 + h61 - h112 - h268 - h1944 
c55: h80 + h229 + h184 + h229 + h94 + h407 + h442 + h1622 + h821 + h821 + h2744 - h23 - h148 - h21088 
