0,166.456,25
100,104.39199999999998,24.8
200,90.12,24.6
300,78.016,24.8
400,69.68,25
500,65.40799999999999,25
600,64.12,25
700,61.424,24.8
800,60.552,24.8
900,57.943999999999996,24.8
1000,53.512,24.8
1100,51.327999999999996,24.8
1200,50.744,24.8
1300,49.32,24.6
1400,49.232000000000006,24.6
1500,48.184000000000005,24.6
1600,48.064,24.6
1700,46.336,24.8
1800,45.856,24.8
1900,45.152,24.8
2000,44.12,25
2100,42.768,24.8
2200,42.464000000000006,24.8
2300,42.272,24.8
2400,41.8,24.8
2500,41.8,24.8
2600,41.32,24.8
2700,41.32,24.8
2800,40.464,24.8
2900,39.56,24.8
3000,38.952,24.8
3100,37.60000000000001,24.8
3200,37.28000000000001,24.8
3300,36.96,24.8
3400,36.96,24.8
3500,36.96,24.8
3600,36.903999999999996,24.8
3700,35.888,25
3800,35.624,25
3900,35.624,25
4000,35.544,25
4100,35.544,25
4200,35.544,25
4300,35.544,25
4400,35.544,25
4500,35.544,25
4600,34.976,25
4700,34.976,25
4800,34.552,25
4900,34.552,25
5000,34.456,25
5100,34.456,25
5200,34.2,25
5300,34.2,25
5400,33.696,25
5500,33.696,25
5600,32.448,25
5700,32.448,25
5800,32.448,25
5900,32.448,25
6000,32.448,25
6100,32.448,25
6200,32.448,25
6300,32.448,25
6400,32.448,25
6500,32.448,25
6600,32.112,25
6700,32.112,25
6800,32.112,25
6900,32.112,25
7000,32.112,25
7100,32.112,25
7200,31.895999999999997,25
7300,31.895999999999997,25
7400,31.895999999999997,25
7500,31.895999999999997,25
7600,31.895999999999997,25
7700,31.895999999999997,25
7800,31.895999999999997,25
7900,31.895999999999997,25
8000,31.895999999999997,25
8100,31.464,24.8
8200,31.464,24.8
8300,31.464,24.8
8400,31.464,24.8
8500,31.464,24.8
8600,31.464,24.8
8700,31.464,24.8
8800,31.464,24.8
8900,31.464,24.8
9000,31.464,24.8
9100,31.464,24.8
9200,31.464,24.8
9300,31.464,24.8
9400,31.296000000000003,24.8
9500,31.296000000000003,24.8
9600,31.296000000000003,24.8
9700,31.296000000000003,24.8
9800,31.296000000000003,24.8
9900,31.296000000000003,24.8
10000,31.296000000000003,24.8
10100,31.296000000000003,24.8
10200,31.296000000000003,24.8
10300,31.296000000000003,24.8
10400,31.296000000000003,24.8
10500,31.296000000000003,24.8
10600,31.296000000000003,24.8
10700,31.256,24.8
10800,31.256,24.8
10900,31.256,24.8
11000,31.256,24.8
11100,31.176,24.6
11200,31.176,24.6
11300,31.088,24.8
11400,31.088,24.8
11500,31.088,24.8
11600,31.088,24.8
11700,30.8,24.8
11800,30.8,24.8
11900,30.8,24.8
12000,30.8,24.8
12100,30.8,24.8
12200,30.8,24.8
12300,30.8,24.8
12400,30.8,24.8
12500,30.8,24.8
12600,30.8,24.8
12700,30.8,24.8
12800,30.8,24.8
12900,30.8,24.8
13000,30.8,24.8
13100,30.8,24.8
13200,30.8,24.8
13300,30.8,24.8
13400,30.8,24.8
13500,30.8,24.8
13600,30.8,24.8
13700,30.8,24.8
13800,30.8,24.8
13900,30.727999999999998,24.8
14000,30.727999999999998,24.8
14100,30.727999999999998,24.8
14200,30.488,24.8
14300,30.488,24.8
14400,30.488,24.8
14500,30.488,24.8
14600,30.488,24.8
14700,30.488,24.8
14800,30.488,24.8
14900,30.488,24.8
15000,30.488,24.8
15100,30.488,24.8
15200,30.488,24.8
15300,30.488,24.8
15400,30.488,24.8
15500,30.488,24.8
15600,30.488,24.8
15700,30.488,24.8
15800,30.488,24.8
15900,30.488,24.8
16000,30.488,24.8
16100,30.488,24.8
16200,30.488,24.8
16300,30.488,24.8
16400,30.488,24.8
16500,30.488,24.8
16600,30.488,24.8
16700,30.488,24.8
16800,30.488,24.8
16900,30.488,24.8
17000,30.488,24.8
17100,30.488,24.8
17200,30.488,24.8
17300,30.432,24.8
17400,30.432,24.8
17500,30.336000000000002,24.8
17600,30.336000000000002,24.8
17700,29.864000000000004,24.8
17800,29.672000000000004,24.8
17900,29.672000000000004,24.8
18000,29.264,24.8
18100,29.264,24.8
18200,29.264,24.8
18300,29.264,24.8
18400,29.264,24.8
18500,29.112000000000002,24.8
18600,29.112000000000002,24.8
18700,28.576,24.6
18800,28.576,24.6
18900,28.576,24.6
19000,28.576,24.6
19100,28.383999999999997,24.6
19200,28.072000000000003,24.6
19300,28.072000000000003,24.6
19400,28.072000000000003,24.6
19500,28.072000000000003,24.6
19600,28.072000000000003,24.6
19700,28.072000000000003,24.6
19800,28.072000000000003,24.6
19900,28.072000000000003,24.6
20000,28.072000000000003,24.6
20100,28.072000000000003,24.6
20200,28.072000000000003,24.6
20300,28.072000000000003,24.6
20400,28.072000000000003,24.6
20500,28.072000000000003,24.6
20600,28.072000000000003,24.6
20700,28.072000000000003,24.6
20800,28.072000000000003,24.6
20900,28.072000000000003,24.6
21000,28.072000000000003,24.6
21100,27.919999999999998,24.6
21200,27.919999999999998,24.6
21300,27.919999999999998,24.6
21400,27.919999999999998,24.6
21500,27.576,24.6
21600,27.576,24.6
21700,27.576,24.6
21800,27.576,24.6
21900,27.576,24.6
22000,27.576,24.6
22100,27.576,24.6
22200,27.576,24.6
22300,27.576,24.6
22400,27.576,24.6
22500,27.576,24.6
22600,27.576,24.6
22700,27.576,24.6
22800,27.576,24.6
22900,27.576,24.6
23000,27.144,24.6
23100,27.144,24.6
23200,27.144,24.6
23300,27.144,24.6
23400,27.144,24.6
23500,27.144,24.6
23600,27.144,24.6
23700,27.144,24.6
23800,27.144,24.6
23900,27.144,24.6
24000,27.144,24.6
24100,27.144,24.6
24200,27.144,24.6
24300,27.144,24.6
24400,27.144,24.6
24500,27.088,24.6
24600,27.088,24.6
24700,27.088,24.6
24800,27.088,24.6
24900,26.895999999999997,24.6
25000,26.895999999999997,24.6
25100,26.895999999999997,24.6
25200,26.895999999999997,24.6
25300,26.895999999999997,24.6
25400,26.791999999999994,24.6
25500,26.791999999999994,24.6
25600,26.791999999999994,24.6
25700,26.791999999999994,24.6
25800,26.791999999999994,24.6
25900,26.791999999999994,24.6
26000,26.791999999999994,24.6
26100,26.791999999999994,24.6
26200,26.791999999999994,24.6
26300,26.791999999999994,24.6
26400,26.791999999999994,24.6
26500,26.791999999999994,24.6
26600,26.52,24.6
26700,26.52,24.6
26800,26.52,24.6
26900,26.52,24.6
27000,26.52,24.6
27100,26.52,24.6
27200,26.52,24.6
27300,26.52,24.6
27400,26.4,24.6
27500,26.32,24.8
27600,26.32,24.8
27700,26.32,24.8
27800,26.32,24.8
27900,26.32,24.8
28000,26.32,24.8
28100,26.32,24.8
28200,26.32,24.8
28300,26.264,24.8
28400,26.032,24.8
28500,26.032,24.8
28600,26.032,24.8
28700,26.032,24.8
28800,26.032,24.8
28900,26.032,24.8
29000,26.032,24.8
29100,26.032,24.8
29200,26.032,24.8
29300,26.032,24.8
29400,25.616000000000003,24.6
29500,25.616000000000003,24.6
29600,25.616000000000003,24.6
29700,25.616000000000003,24.6
29800,25.616000000000003,24.6
29900,25.616000000000003,24.6
30000,25.616000000000003,24.6
30100,25.616000000000003,24.6
30200,25.616000000000003,24.6
30300,25.616000000000003,24.6
30400,25.616000000000003,24.6
30500,25.528000000000002,24.6
30600,25.528000000000002,24.6
30700,25.528000000000002,24.6
30800,25.528000000000002,24.6
30900,25.528000000000002,24.6
31000,25.528000000000002,24.6
31100,25.528000000000002,24.6
31200,25.528000000000002,24.6
31300,25.528000000000002,24.6
31400,25.528000000000002,24.6
31500,25.528000000000002,24.6
31600,25.456,24.6
31700,25.456,24.6
31800,25.456,24.6
31900,25.456,24.6
32000,25.456,24.6
32100,25.456,24.6
32200,25.456,24.6
32300,25.456,24.6
32400,25.456,24.6
32500,25.456,24.6
32600,25.456,24.6
32700,25.456,24.6
32800,25.456,24.6
32900,25.456,24.6
33000,25.456,24.6
33100,25.456,24.6
33200,25.456,24.6
33300,25.456,24.6
33400,25.456,24.6
33500,25.456,24.6
33600,25.456,24.6
33700,25.456,24.6
33800,25.456,24.6
33900,25.456,24.6
34000,25.456,24.6
34100,25.456,24.6
34200,25.456,24.6
34300,25.456,24.6
34400,25.456,24.6
34500,25.456,24.6
34600,25.456,24.6
34700,25.456,24.6
34800,25.456,24.6
34900,25.456,24.6
35000,25.456,24.6
35100,25.456,24.6
35200,25.456,24.6
35300,25.456,24.6
35400,25.456,24.6
35500,25.456,24.6
35600,25.456,24.6
35700,25.456,24.6
35800,25.456,24.6
35900,25.456,24.6
36000,25.456,24.6
36100,25.456,24.6
36200,25.456,24.6
36300,25.456,24.6
36400,25.456,24.6
36500,25.456,24.6
36600,25.456,24.6
36700,25.456,24.6
36800,25.456,24.6
36900,25.456,24.6
37000,25.456,24.6
37100,25.456,24.6
37200,25.456,24.6
37300,25.136000000000003,24.6
37400,25.136000000000003,24.6
37500,25.136000000000003,24.6
37600,25.136000000000003,24.6
37700,25.136000000000003,24.6
37800,25.136000000000003,24.6
37900,25.136000000000003,24.6
38000,25.136000000000003,24.6
38100,25.136000000000003,24.6
38200,25.136000000000003,24.6
38300,25.136000000000003,24.6
38400,25.136000000000003,24.6
38500,25.136000000000003,24.6
38600,25.136000000000003,24.6
38700,25.136000000000003,24.6
38800,25.136000000000003,24.6
38900,25.136000000000003,24.6
39000,25.136000000000003,24.6
39100,25.136000000000003,24.6
39200,25.136000000000003,24.6
39300,25.136000000000003,24.6
39400,25.136000000000003,24.6
39500,25.136000000000003,24.6
39600,24.936,24.6
39700,24.936,24.6
39800,24.936,24.6
39900,24.936,24.6
40000,24.936,24.6
40100,24.936,24.6
40200,24.936,24.6
40300,24.936,24.6
40400,24.936,24.6
40500,24.936,24.6
40600,24.936,24.6
40700,24.936,24.6
40800,24.936,24.6
40900,24.936,24.6
41000,24.936,24.6
41100,24.936,24.6
41200,24.936,24.6
41300,24.936,24.6
41400,24.936,24.6
41500,24.936,24.6
41600,24.936,24.6
41700,24.936,24.6
41800,24.936,24.6
41900,24.936,24.6
42000,24.936,24.6
42100,24.936,24.6
42200,24.936,24.6
42300,24.936,24.6
42400,24.936,24.6
42500,24.936,24.6
42600,24.432,24.6
42700,24.432,24.6
42800,24.344,24.6
42900,24.344,24.6
43000,24.344,24.6
43100,24.344,24.6
43200,24.344,24.6
43300,24.344,24.6
43400,24.264,24.6
43500,24.264,24.6
43600,24.264,24.6
43700,24.151999999999997,24.6
43800,24.151999999999997,24.6
43900,24.151999999999997,24.6
44000,24.151999999999997,24.6
44100,24.151999999999997,24.6
44200,24.151999999999997,24.6
44300,24.151999999999997,24.6
44400,24.151999999999997,24.6
44500,24.151999999999997,24.6
44600,24.151999999999997,24.6
44700,24.151999999999997,24.6
44800,24.151999999999997,24.6
44900,24.151999999999997,24.6
45000,24.151999999999997,24.6
45100,24.151999999999997,24.6
45200,24.151999999999997,24.6
45300,24.151999999999997,24.6
45400,24.151999999999997,24.6
45500,24.151999999999997,24.6
45600,23.96,24.2
45700,23.96,24.2
45800,23.96,24.2
45900,23.96,24.2
46000,23.96,24.2
46100,23.96,24.2
46200,23.96,24.2
46300,23.96,24.2
46400,23.96,24.2
46500,23.96,24.2
46600,23.96,24.2
46700,23.96,24.2
46800,23.96,24.2
46900,23.96,24.2
47000,23.96,24.2
47100,23.96,24.2
47200,23.96,24.2
47300,23.96,24.2
47400,23.96,24.2
47500,23.96,24.2
47600,23.96,24.2
47700,23.96,24.2
47800,23.96,24.2
47900,23.96,24.2
48000,23.96,24.2
48100,23.96,24.2
48200,23.96,24.2
48300,23.96,24.2
48400,23.96,24.2
48500,23.96,24.2
48600,23.96,24.2
48700,23.96,24.2
48800,23.96,24.2
48900,23.96,24.2
49000,23.96,24.2
49100,23.96,24.2
49200,23.96,24.2
49300,23.96,24.2
49400,23.96,24.2
49500,23.96,24.2
49600,23.96,24.2
49700,23.96,24.2
49800,23.96,24.2
49900,23.936,24.2
50000,23.936,24.2
50100,23.936,24.2
50200,23.936,24.2
50300,23.936,24.2
50400,23.936,24.2
50500,23.936,24.2
50600,23.936,24.2
50700,23.936,24.2
50800,23.936,24.2
50900,23.936,24.2
51000,23.936,24.2
51100,23.936,24.2
51200,23.936,24.2
51300,23.936,24.2
51400,23.936,24.2
51500,23.936,24.2
51600,23.936,24.2
51700,23.936,24.2
51800,23.936,24.2
51900,23.936,24.2
52000,23.936,24.2
52100,23.936,24.2
52200,23.936,24.2
52300,23.936,24.2
52400,23.936,24.2
52500,23.936,24.2
52600,23.936,24.2
52700,23.936,24.2
52800,23.936,24.2
52900,23.936,24.2
53000,23.936,24.2
53100,23.936,24.2
53200,23.936,24.2
53300,23.887999999999998,24
53400,23.887999999999998,24
53500,23.887999999999998,24
53600,23.887999999999998,24
53700,23.887999999999998,24
53800,23.887999999999998,24
53900,23.887999999999998,24
54000,23.887999999999998,24
54100,23.887999999999998,24
54200,23.887999999999998,24
54300,23.887999999999998,24
54400,23.887999999999998,24
54500,23.887999999999998,24
54600,23.616000000000003,24
54700,23.616000000000003,24
54800,23.616000000000003,24
54900,23.616000000000003,24
55000,23.616000000000003,24
55100,23.616000000000003,24
55200,23.616000000000003,24
55300,23.616000000000003,24
55400,23.616000000000003,24
55500,23.616000000000003,24
55600,23.616000000000003,24
55700,23.616000000000003,24
55800,23.616000000000003,24
55900,23.616000000000003,24
56000,23.616000000000003,24
56100,23.616000000000003,24
56200,23.616000000000003,24
56300,23.616000000000003,24
56400,23.616000000000003,24
56500,23.616000000000003,24
56600,23.616000000000003,24
56700,23.616000000000003,24
56800,23.616000000000003,24
56900,23.616000000000003,24
57000,23.616000000000003,24
57100,23.616000000000003,24
57200,23.616000000000003,24
57300,23.616000000000003,24
57400,23.616000000000003,24
57500,23.528,24
57600,23.528,24
57700,23.528,24
57800,23.456,24
57900,23.456,24
58000,23.456,24
58100,23.456,24
58200,23.456,24
58300,23.232,24
58400,23.232,24
58500,23.232,24
58600,23.232,24
58700,23.232,24
58800,23.232,24
58900,23.232,24
59000,23.232,24
59100,23.232,24
59200,23.232,24
59300,23.232,24
59400,23.232,24
59500,23.232,24
59600,23.232,24
59700,23.232,24
59800,23.232,24
59900,23.232,24
60000,23.232,24
60100,23.232,24
60200,23.232,24
60300,23.232,24
60400,23.232,24
60500,23.232,24
60600,23.232,24
60700,23.232,24
60800,23.232,24
60900,23.232,24
61000,23.232,24
61100,23.232,24
61200,23.232,24
61300,23.232,24
61400,23.232,24
61500,23.232,24
61600,23.232,24
61700,23.232,24
61800,23.232,24
61900,23.232,24
62000,23.232,24
62100,23.232,24
62200,23.232,24
62300,23.232,24
62400,23.232,24
62500,23.232,24
62600,23.232,24
62700,23.232,24
62800,23.232,24
62900,23.232,24
63000,23.232,24
63100,23.232,24
63200,23.232,24
63300,23.232,24
63400,23.232,24
63500,23.232,24
63600,23.232,24
63700,23.232,24
63800,23.232,24
63900,23.232,24
64000,23.232,24
64100,23.232,24
64200,23.232,24
64300,23.232,24
64400,23.232,24
64500,23.232,24
64600,23.232,24
64700,23.232,24
64800,23.232,24
64900,23.232,24
65000,23.232,24
65100,23.232,24
65200,23.232,24
65300,23.232,24
65400,23.232,24
65500,23.232,24
65600,23.232,24
65700,23.232,24
65800,23.232,24
65900,23.232,24
66000,23.232,24
66100,23.232,24
66200,23.232,24
66300,23.232,24
66400,23.232,24
66500,23.232,24
66600,23.232,24
66700,23.232,24
66800,23.232,24
66900,23.232,24
67000,23.232,24
67100,23.232,24
67200,23.232,24
67300,23.232,24
67400,23.232,24
67500,23.232,24
67600,23.232,24
67700,23.232,24
67800,23.232,24
67900,23.232,24
68000,23.232,24
68100,23.232,24
68200,23.232,24
68300,23.232,24
68400,23.232,24
68500,23.232,24
68600,23.232,24
68700,23.232,24
68800,23.232,24
68900,23.232,24
69000,23.232,24
69100,23.232,24
69200,23.232,24
69300,23.232,24
69400,23.232,24
69500,23.232,24
69600,23.232,24
69700,23.232,24
69800,23.232,24
69900,23.128,24
70000,23.128,24
70100,23.128,24
70200,23.128,24
70300,22.576,24
70400,22.576,24
70500,22.576,24
70600,22.576,24
70700,22.576,24
70800,22.2,24
70900,22.2,24
71000,22.2,24
71100,22.2,24
71200,22.2,24
71300,22.2,24
71400,22.2,24
71500,22.2,24
71600,22.2,24
71700,22.2,24
71800,22.2,24
71900,22.2,24
72000,22.2,24
72100,22.2,24
72200,22.2,24
72300,22.2,24
72400,22.2,24
72500,22.2,24
72600,22.2,24
72700,22.2,24
72800,22.2,24
72900,22.2,24
73000,22.2,24
73100,22.2,24
73200,22.2,24
73300,22.2,24
73400,22.2,24
73500,22.2,24
73600,22.2,24
73700,22.2,24
73800,22.119999999999997,24
73900,22.119999999999997,24
74000,22.119999999999997,24
74100,22.119999999999997,24
74200,22.119999999999997,24
74300,22.119999999999997,24
74400,22.119999999999997,24
74500,22.119999999999997,24
74600,22.119999999999997,24
74700,22.119999999999997,24
74800,22.119999999999997,24
74900,22.119999999999997,24
75000,22.119999999999997,24
75100,22.119999999999997,24
75200,22.119999999999997,24
75300,22.119999999999997,24
75400,22.119999999999997,24
75500,22.119999999999997,24
75600,22.119999999999997,24
75700,22.119999999999997,24
75800,22.119999999999997,24
75900,22.119999999999997,24
76000,22.119999999999997,24
76100,22.119999999999997,24
76200,22.119999999999997,24
76300,22.119999999999997,24
76400,22.119999999999997,24
76500,22.119999999999997,24
76600,22.119999999999997,24
76700,22.119999999999997,24
76800,22.119999999999997,24
76900,22.119999999999997,24
77000,22.119999999999997,24
77100,22.119999999999997,24
77200,22.119999999999997,24
77300,22.119999999999997,24
77400,22.119999999999997,24
77500,22.119999999999997,24
77600,22.119999999999997,24
77700,22.119999999999997,24
77800,22.119999999999997,24
77900,22.119999999999997,24
78000,22.119999999999997,24
78100,22.119999999999997,24
78200,22.119999999999997,24
78300,22.119999999999997,24
78400,22.119999999999997,24
78500,22.119999999999997,24
78600,22.119999999999997,24
78700,22.119999999999997,24
78800,22.119999999999997,24
78900,22.119999999999997,24
79000,22.119999999999997,24
79100,22.119999999999997,24
79200,22.119999999999997,24
79300,22.119999999999997,24
79400,22.119999999999997,24
79500,22.119999999999997,24
79600,22.119999999999997,24
79700,22.119999999999997,24
79800,22.119999999999997,24
79900,22.119999999999997,24
80000,22.119999999999997,24
80100,22.119999999999997,24
80200,22.119999999999997,24
80300,22.119999999999997,24
80400,22.119999999999997,24
80500,22.119999999999997,24
80600,22.096,24
80700,22.096,24
80800,22.096,24
80900,22.096,24
81000,22.096,24
81100,22.096,24
81200,22.096,24
81300,22.096,24
81400,22.096,24
81500,22.096,24
81600,22.096,24
81700,22.096,24
81800,22.096,24
81900,22.096,24
82000,22.096,24
82100,22.096,24
82200,22.096,24
82300,22.096,24
82400,22.096,24
82500,22.096,24
82600,22.096,24
82700,22.096,24
82800,22.096,24
82900,22.096,24
83000,22.096,24
83100,22.096,24
83200,22.096,24
83300,22.096,24
83400,22.096,24
83500,22.096,24
83600,22.096,24
83700,22.096,24
83800,22.096,24
83900,22.096,24
84000,22.096,24
84100,22.096,24
84200,22.096,24
84300,22.096,24
84400,22.096,24
84500,22.096,24
84600,22.096,24
84700,22.096,24
84800,22.096,24
84900,22.096,24
85000,22.096,24
85100,22.056,24.2
85200,22.056,24.2
85300,22.056,24.2
85400,22.056,24.2
85500,22.056,24.2
85600,22.056,24.2
85700,21.992,24.4
85800,21.992,24.4
85900,21.992,24.4
86000,21.992,24.4
86100,21.992,24.4
86200,21.992,24.4
86300,21.992,24.4
86400,21.992,24.4
86500,21.992,24.4
86600,21.992,24.4
86700,21.992,24.4
86800,21.992,24.4
86900,21.992,24.4
87000,21.992,24.4
87100,21.992,24.4
87200,21.992,24.4
87300,21.992,24.4
87400,21.992,24.4
87500,21.992,24.4
87600,21.992,24.4
87700,21.992,24.4
87800,21.992,24.4
87900,21.992,24.4
88000,21.992,24.4
88100,21.992,24.4
88200,21.992,24.4
88300,21.992,24.4
88400,21.992,24.4
88500,21.992,24.4
88600,21.992,24.4
88700,21.992,24.4
88800,21.992,24.4
88900,21.839999999999996,24.4
89000,21.839999999999996,24.4
89100,21.839999999999996,24.4
89200,21.839999999999996,24.4
89300,21.839999999999996,24.4
89400,21.839999999999996,24.4
89500,21.839999999999996,24.4
89600,21.839999999999996,24.4
89700,21.839999999999996,24.4
89800,21.839999999999996,24.4
89900,21.839999999999996,24.4
90000,21.839999999999996,24.4
90100,21.839999999999996,24.4
90200,21.839999999999996,24.4
90300,21.839999999999996,24.4
90400,21.832,24.4
90500,21.832,24.4
90600,21.832,24.4
90700,21.832,24.4
90800,21.832,24.4
90900,21.832,24.4
91000,21.832,24.4
91100,21.832,24.4
91200,21.832,24.4
91300,21.832,24.4
91400,21.832,24.4
91500,21.832,24.4
91600,21.832,24.4
91700,21.832,24.4
91800,21.832,24.4
91900,21.832,24.4
92000,21.832,24.4
92100,21.832,24.4
92200,21.832,24.4
92300,21.832,24.4
92400,21.832,24.4
92500,21.832,24.4
92600,21.832,24.4
92700,21.832,24.4
92800,21.832,24.4
92900,21.832,24.4
93000,21.832,24.4
93100,21.832,24.4
93200,21.832,24.4
93300,21.832,24.4
93400,21.832,24.4
93500,21.832,24.4
93600,21.832,24.4
93700,21.832,24.4
93800,21.832,24.4
93900,21.832,24.4
94000,21.832,24.4
94100,21.832,24.4
94200,21.832,24.4
94300,21.832,24.4
94400,21.832,24.4
94500,21.832,24.4
94600,21.832,24.4
94700,21.832,24.4
94800,21.832,24.4
94900,21.832,24.4
95000,21.832,24.4
95100,21.832,24.4
95200,21.832,24.4
95300,21.832,24.4
95400,21.832,24.4
95500,21.832,24.4
95600,21.832,24.4
95700,21.832,24.4
95800,21.832,24.4
95900,21.832,24.4
96000,21.832,24.4
96100,21.832,24.4
96200,21.832,24.4
96300,21.832,24.4
96400,21.832,24.4
96500,21.832,24.4
96600,21.832,24.4
96700,21.832,24.4
96800,21.832,24.4
96900,21.832,24.4
97000,21.832,24.4
97100,21.832,24.4
97200,21.832,24.4
97300,21.832,24.4
97400,21.832,24.4
97500,21.832,24.4
97600,21.832,24.4
97700,21.832,24.4
97800,21.832,24.4
97900,21.832,24.4
98000,21.832,24.4
98100,21.832,24.4
98200,21.832,24.4
98300,21.832,24.4
98400,21.832,24.4
98500,21.832,24.4
98600,21.832,24.4
98700,21.832,24.4
98800,21.832,24.4
98900,21.832,24.4
99000,21.832,24.4
99100,21.832,24.4
99200,21.832,24.4
99300,21.832,24.4
99400,21.832,24.4
99500,21.832,24.4
99600,21.832,24.4
99700,21.832,24.4
99800,21.832,24.4
99900,21.832,24.4
100000,21.832,24.4
100100,21.832,24.4
100200,21.832,24.4
100300,21.832,24.4
100400,21.832,24.4
100500,21.832,24.4
100600,21.832,24.4
100700,21.832,24.4
100800,21.832,24.4
100900,21.832,24.4
101000,21.832,24.4
101100,21.832,24.4
101200,21.832,24.4
101300,21.832,24.4
101400,21.808,24.4
101500,21.808,24.4
101600,21.808,24.4
101700,21.808,24.4
101800,21.808,24.4
101900,21.808,24.4
102000,21.808,24.4
102100,21.808,24.4
102200,21.808,24.4
102300,21.808,24.4
102400,21.808,24.4
102500,21.808,24.4
102600,21.808,24.4
102700,21.808,24.4
102800,21.808,24.4
102900,21.808,24.4
103000,21.808,24.4
103100,21.808,24.4
103200,21.808,24.4
103300,21.808,24.4
103400,21.808,24.4
103500,21.808,24.4
103600,21.808,24.4
103700,21.808,24.4
103800,21.808,24.4
103900,21.808,24.4
104000,21.808,24.4
104100,21.808,24.4
104200,21.808,24.4
104300,21.808,24.4
104400,21.808,24.4
104500,21.808,24.4
104600,21.808,24.4
104700,21.808,24.4
104800,21.808,24.4
104900,21.808,24.4
105000,21.808,24.4
105100,21.808,24.4
105200,21.808,24.4
105300,21.808,24.4
105400,21.808,24.4
105500,21.808,24.4
105600,21.808,24.4
105700,21.808,24.4
105800,21.808,24.4
105900,21.808,24.4
106000,21.808,24.4
106100,21.808,24.4
106200,21.808,24.4
106300,21.808,24.4
106400,21.808,24.4
106500,21.808,24.4
106600,21.808,24.4
106700,21.808,24.4
106800,21.808,24.4
106900,21.808,24.4
107000,21.808,24.4
107100,21.808,24.4
107200,21.808,24.4
107300,21.808,24.4
107400,21.808,24.4
107500,21.808,24.4
107600,21.808,24.4
107700,21.808,24.4
107800,21.808,24.4
107900,21.808,24.4
108000,21.808,24.4
108100,21.808,24.4
108200,21.808,24.4
108300,21.808,24.4
108400,21.808,24.4
108500,21.808,24.4
108600,21.808,24.4
108700,21.808,24.4
108800,21.808,24.4
108900,21.808,24.4
109000,21.808,24.4
109100,21.808,24.4
109200,21.808,24.4
109300,21.808,24.4
109400,21.808,24.4
109500,21.808,24.4
109600,21.808,24.4
109700,21.808,24.4
109800,21.808,24.4
109900,21.808,24.4
110000,21.808,24.4
110100,21.808,24.4
110200,21.808,24.4
110300,21.808,24.4
110400,21.808,24.4
110500,21.808,24.4
110600,21.808,24.4
110700,21.808,24.4
110800,21.808,24.4
110900,21.808,24.4
111000,21.808,24.4
111100,21.808,24.4
111200,21.808,24.4
111300,21.808,24.4
111400,21.808,24.4
111500,21.808,24.4
111600,21.808,24.4
111700,21.808,24.4
111800,21.808,24.4
111900,21.808,24.4
112000,21.808,24.4
112100,21.808,24.4
112200,21.808,24.4
112300,21.808,24.4
112400,21.808,24.4
112500,21.808,24.4
112600,21.808,24.4
112700,21.808,24.4
112800,21.808,24.4
112900,21.808,24.4
113000,21.808,24.4
113100,21.808,24.4
113200,21.808,24.4
113300,21.808,24.4
113400,21.808,24.4
113500,21.808,24.4
113600,21.808,24.4
113700,21.808,24.4
113800,21.808,24.4
113900,21.808,24.4
114000,21.808,24.4
114100,21.808,24.4
114200,21.808,24.4
114300,21.808,24.4
114400,21.808,24.4
114500,21.808,24.4
114600,21.808,24.4
114700,21.808,24.4
114800,21.808,24.4
114900,21.808,24.4
115000,21.808,24.4
115100,21.808,24.4
115200,21.808,24.4
115300,21.808,24.4
115400,21.808,24.4
115500,21.808,24.4
115600,21.808,24.4
115700,21.808,24.4
115800,21.808,24.4
115900,21.808,24.4
116000,21.808,24.4
116100,21.808,24.4
116200,21.808,24.4
116300,21.808,24.4
116400,21.808,24.4
116500,21.808,24.4
116600,21.808,24.4
116700,21.808,24.4
116800,21.808,24.4
116900,21.808,24.4
117000,21.808,24.4
117100,21.808,24.4
117200,21.808,24.4
117300,21.808,24.4
117400,21.808,24.4
117500,21.808,24.4
117600,21.808,24.4
117700,21.808,24.4
117800,21.808,24.4
117900,21.808,24.4
118000,21.808,24.4
118100,21.808,24.4
118200,21.808,24.4
118300,21.808,24.4
118400,21.808,24.4
118500,21.808,24.4
118600,21.808,24.4
118700,21.808,24.4
118800,21.808,24.4
118900,21.808,24.4
119000,21.808,24.4
119100,21.808,24.4
119200,21.808,24.4
119300,21.808,24.4
119400,21.808,24.4
119500,21.808,24.4
119600,21.808,24.4
119700,21.808,24.4
119800,21.808,24.4
119900,21.808,24.4
120000,21.808,24.4
120100,21.808,24.4
120200,21.808,24.4
120300,21.808,24.4
120400,21.808,24.4
120500,21.808,24.4
120600,21.808,24.4
120700,21.808,24.4
120800,21.808,24.4
120900,21.808,24.4
121000,21.808,24.4
121100,21.808,24.4
121200,21.808,24.4
121300,21.808,24.4
121400,21.808,24.4
121500,21.808,24.4
121600,21.808,24.4
121700,21.808,24.4
121800,21.808,24.4
121900,21.808,24.4
122000,21.808,24.4
122100,21.808,24.4
122200,21.808,24.4
122300,21.808,24.4
122400,21.808,24.4
122500,21.808,24.4
122600,21.808,24.4
122700,21.808,24.4
122800,21.808,24.4
122900,21.808,24.4
123000,21.808,24.4
123100,21.808,24.4
123200,21.808,24.4
123300,21.808,24.4
123400,21.808,24.4
123500,21.808,24.4
123600,21.808,24.4
123700,21.808,24.4
123800,21.808,24.4
123900,21.808,24.4
124000,21.808,24.4
124100,21.808,24.4
124200,21.808,24.4
124300,21.808,24.4
124400,21.808,24.4
124500,21.808,24.4
124600,21.808,24.4
124700,21.808,24.4
124800,21.808,24.4
124900,21.808,24.4
125000,21.808,24.4
125100,21.808,24.4
125200,21.808,24.4
125300,21.808,24.4
125400,21.808,24.4
125500,21.808,24.4
125600,21.808,24.4
125700,21.808,24.4
125800,21.808,24.4
125900,21.808,24.4
126000,21.808,24.4
126100,21.808,24.4
126200,21.808,24.4
126300,21.808,24.4
126400,21.808,24.4
126500,21.808,24.4
126600,21.808,24.4
126700,21.808,24.4
126800,21.808,24.4
126900,21.808,24.4
127000,21.808,24.4
127100,21.808,24.4
127200,21.808,24.4
127300,21.808,24.4
127400,21.808,24.4
127500,21.808,24.4
127600,21.808,24.4
127700,21.808,24.4
127800,21.808,24.4
127900,21.808,24.4
128000,21.808,24.4
128100,21.808,24.4
128200,21.808,24.4
128300,21.808,24.4
128400,21.808,24.4
128500,21.808,24.4
128600,21.808,24.4
128700,21.808,24.4
128800,21.808,24.4
128900,21.808,24.4
129000,21.808,24.4
129100,21.808,24.4
129200,21.808,24.4
129300,21.808,24.4
129400,21.808,24.4
129500,21.808,24.4
129600,21.808,24.4
129700,21.808,24.4
129800,21.808,24.4
129900,21.808,24.4
130000,21.808,24.4
130100,21.808,24.4
130200,21.808,24.4
130300,21.808,24.4
130400,21.808,24.4
130500,21.808,24.4
130600,21.808,24.4
130700,21.808,24.4
130800,21.808,24.4
130900,21.808,24.4
131000,21.808,24.4
131100,21.808,24.4
131200,21.808,24.4
131300,21.808,24.4
131400,21.808,24.4
131500,21.808,24.4
131600,21.808,24.4
131700,21.808,24.4
131800,21.808,24.4
131900,21.808,24.4
132000,21.808,24.4
132100,21.808,24.4
132200,21.808,24.4
132300,21.808,24.4
132400,21.808,24.4
132500,21.808,24.4
132600,21.808,24.4
132700,21.808,24.4
132800,21.808,24.4
132900,21.808,24.4
133000,21.808,24.4
133100,21.808,24.4
133200,21.808,24.4
133300,21.808,24.4
133400,21.808,24.4
133500,21.808,24.4
133600,21.808,24.4
133700,21.808,24.4
133800,21.808,24.4
133900,21.808,24.4
134000,21.808,24.4
134100,21.808,24.4
134200,21.808,24.4
134300,21.808,24.4
134400,21.808,24.4
134500,21.808,24.4
134600,21.808,24.4
134700,21.808,24.4
134800,21.808,24.4
134900,21.808,24.4
135000,21.808,24.4
135100,21.808,24.4
135200,21.808,24.4
135300,21.808,24.4
135400,21.808,24.4
135500,21.808,24.4
135600,21.808,24.4
135700,21.808,24.4
135800,21.808,24.4
135900,21.808,24.4
136000,21.808,24.4
136100,21.808,24.4
136200,21.808,24.4
136300,21.808,24.4
136400,21.808,24.4
136500,21.808,24.4
136600,21.808,24.4
136700,21.808,24.4
136800,21.808,24.4
136900,21.808,24.4
137000,21.808,24.4
137100,21.808,24.4
137200,21.808,24.4
137300,21.808,24.4
137400,21.808,24.4
137500,21.808,24.4
137600,21.808,24.4
137700,21.808,24.4
137800,21.808,24.4
137900,21.808,24.4
138000,21.808,24.4
138100,21.808,24.4
138200,21.808,24.4
138300,21.808,24.4
138400,21.808,24.4
138500,21.808,24.4
138600,21.808,24.4
138700,21.808,24.4
138800,21.808,24.4
138900,21.808,24.4
139000,21.808,24.4
139100,21.808,24.4
139200,21.808,24.4
139300,21.808,24.4
139400,21.808,24.4
139500,21.808,24.4
139600,21.808,24.4
139700,21.808,24.4
139800,21.808,24.4
139900,21.808,24.4
140000,21.808,24.4
140100,21.808,24.4
140200,21.808,24.4
140300,21.808,24.4
140400,21.808,24.4
140500,21.808,24.4
140600,21.808,24.4
140700,21.808,24.4
140800,21.808,24.4
140900,21.808,24.4
141000,21.808,24.4
141100,21.808,24.4
141200,21.808,24.4
141300,21.808,24.4
141400,21.808,24.4
141500,21.808,24.4
141600,21.808,24.4
141700,21.808,24.4
141800,21.808,24.4
141900,21.808,24.4
142000,21.808,24.4
142100,21.808,24.4
142200,21.808,24.4
142300,21.808,24.4
142400,21.808,24.4
142500,21.808,24.4
142600,21.808,24.4
142700,21.808,24.4
142800,21.808,24.4
142900,21.544,24.4
143000,21.544,24.4
143100,21.544,24.4
143200,21.544,24.4
143300,21.544,24.4
143400,21.544,24.4
143500,21.368000000000002,24.4
143600,21.368000000000002,24.4
143700,21.368000000000002,24.4
143800,21.368000000000002,24.4
143900,21.368000000000002,24.4
144000,21.368000000000002,24.4
144100,21.368000000000002,24.4
144200,21.368000000000002,24.4
144300,21.368000000000002,24.4
144400,21.368000000000002,24.4
144500,21.368000000000002,24.4
144600,21.368000000000002,24.4
144700,21.368000000000002,24.4
144800,21.368000000000002,24.4
144900,21.368000000000002,24.4
145000,21.368000000000002,24.4
145100,21.368000000000002,24.4
145200,21.368000000000002,24.4
145300,21.368000000000002,24.4
145400,21.368000000000002,24.4
145500,21.368000000000002,24.4
145600,21.344,24.4
145700,21.344,24.4
145800,21.344,24.4
145900,21.344,24.4
146000,21.344,24.4
146100,20.8,24.4
146200,20.8,24.4
146300,20.8,24.4
146400,20.8,24.4
146500,20.8,24.4
146600,20.8,24.4
146700,20.8,24.4
146800,20.8,24.4
146900,20.8,24.4
147000,20.8,24.4
147100,20.8,24.4
147200,20.8,24.4
147300,20.8,24.4
147400,20.8,24.4
147500,20.624000000000002,24.4
147600,20.624000000000002,24.4
147700,20.624000000000002,24.4
147800,20.624000000000002,24.4
147900,20.624000000000002,24.4
148000,20.624000000000002,24.4
148100,20.624000000000002,24.4
148200,20.375999999999998,24.2
148300,20.375999999999998,24.2
148400,20.375999999999998,24.2
148500,20.375999999999998,24.2
148600,20.375999999999998,24.2
148700,20.375999999999998,24.2
148800,20.375999999999998,24.2
148900,20.375999999999998,24.2
149000,20.375999999999998,24.2
149100,20.375999999999998,24.2
149200,20.375999999999998,24.2
149300,20.375999999999998,24.2
149400,20.375999999999998,24.2
149500,20.375999999999998,24.2
149600,20.375999999999998,24.2
149700,20.375999999999998,24.2
149800,20.375999999999998,24.2
149900,20.375999999999998,24.2
150000,20.375999999999998,24.2
150100,20.375999999999998,24.2
150200,20.375999999999998,24.2
150300,20.375999999999998,24.2
150400,20.375999999999998,24.2
150500,20.375999999999998,24.2
150600,20.375999999999998,24.2
150700,20.375999999999998,24.2
150800,20.375999999999998,24.2
150900,20.375999999999998,24.2
151000,20.375999999999998,24.2
151100,20.375999999999998,24.2
151200,20.375999999999998,24.2
151300,20.375999999999998,24.2
151400,20.375999999999998,24.2
151500,20.375999999999998,24.2
151600,20.375999999999998,24.2
151700,20.375999999999998,24.2
151800,20.375999999999998,24.2
151900,20.375999999999998,24.2
152000,20.375999999999998,24.2
152100,20.375999999999998,24.2
152200,20.375999999999998,24.2
152300,20.375999999999998,24.2
152400,20.288000000000004,24.4
152500,20.288000000000004,24.4
152600,20.288000000000004,24.4
152700,20.288000000000004,24.4
152800,20.288000000000004,24.4
152900,20.288000000000004,24.4
153000,20.288000000000004,24.4
153100,20.288000000000004,24.4
153200,20.288000000000004,24.4
153300,20.288000000000004,24.4
153400,20.288000000000004,24.4
153500,20.288000000000004,24.4
153600,20.288000000000004,24.4
153700,20.288000000000004,24.4
153800,20.288000000000004,24.4
153900,20.288000000000004,24.4
154000,20.288000000000004,24.4
154100,20.288000000000004,24.4
154200,20.288000000000004,24.4
154300,20.288000000000004,24.4
154400,20.288000000000004,24.4
154500,20.288000000000004,24.4
154600,20.288000000000004,24.4
154700,20.288000000000004,24.4
154800,20.288000000000004,24.4
154900,20.288000000000004,24.4
155000,20.288000000000004,24.4
155100,20.288000000000004,24.4
155200,20.288000000000004,24.4
155300,20.288000000000004,24.4
155400,20.288000000000004,24.4
155500,20.288000000000004,24.4
155600,20.288000000000004,24.4
155700,20.288000000000004,24.4
155800,20.288000000000004,24.4
155900,20.288000000000004,24.4
156000,20.288000000000004,24.4
156100,20.288000000000004,24.4
156200,20.288000000000004,24.4
156300,20.288000000000004,24.4
156400,20.288000000000004,24.4
156500,20.288000000000004,24.4
156600,20.288000000000004,24.4
156700,20.288000000000004,24.4
156800,20.288000000000004,24.4
156900,20.288000000000004,24.4
157000,20.288000000000004,24.4
157100,20.288000000000004,24.4
157200,20.288000000000004,24.4
157300,20.288000000000004,24.4
157400,20.288000000000004,24.4
157500,20.288000000000004,24.4
157600,20.288000000000004,24.4
157700,20.288000000000004,24.4
157800,20.288000000000004,24.4
157900,20.288000000000004,24.4
158000,20.288000000000004,24.4
158100,20.288000000000004,24.4
158200,20.288000000000004,24.4
158300,20.288000000000004,24.4
158400,20.288000000000004,24.4
158500,20.288000000000004,24.4
158600,20.288000000000004,24.4
158700,20.288000000000004,24.4
158800,20.288000000000004,24.4
158900,20.288000000000004,24.4
159000,20.288000000000004,24.4
159100,20.288000000000004,24.4
159200,20.288000000000004,24.4
159300,20.288000000000004,24.4
159400,20.288000000000004,24.4
159500,20.288000000000004,24.4
159600,20.288000000000004,24.4
159700,20.288000000000004,24.4
159800,20.288000000000004,24.4
159900,20.288000000000004,24.4
160000,20.288000000000004,24.4
160100,20.288000000000004,24.4
160200,20.288000000000004,24.4
160300,20.288000000000004,24.4
160400,20.288000000000004,24.4
160500,20.288000000000004,24.4
160600,20.288000000000004,24.4
160700,20.288000000000004,24.4
160800,20.288000000000004,24.4
160900,20.288000000000004,24.4
161000,20.288000000000004,24.4
161100,20.288000000000004,24.4
161200,20.288000000000004,24.4
161300,20.288000000000004,24.4
161400,20.288000000000004,24.4
161500,20.288000000000004,24.4
161600,20.288000000000004,24.4
161700,20.288000000000004,24.4
161800,20.288000000000004,24.4
161900,20.288000000000004,24.4
162000,20.288000000000004,24.4
162100,20.288000000000004,24.4
162200,20.288000000000004,24.4
162300,20.288000000000004,24.4
162400,20.288000000000004,24.4
162500,20.288000000000004,24.4
162600,20.288000000000004,24.4
162700,20.288000000000004,24.4
162800,20.288000000000004,24.4
162900,20.288000000000004,24.4
163000,20.288000000000004,24.4
163100,20.288000000000004,24.4
163200,20.288000000000004,24.4
163300,20.288000000000004,24.4
163400,20.288000000000004,24.4
163500,20.288000000000004,24.4
163600,20.288000000000004,24.4
163700,20.288000000000004,24.4
163800,20.288000000000004,24.4
163900,20.288000000000004,24.4
164000,20.288000000000004,24.4
164100,20.288000000000004,24.4
164200,20.288000000000004,24.4
164300,20.288000000000004,24.4
164400,20.288000000000004,24.4
164500,20.288000000000004,24.4
164600,20.183999999999997,24.4
164700,20.183999999999997,24.4
164800,20.183999999999997,24.4
164900,20.183999999999997,24.4
165000,20.183999999999997,24.4
165100,20.183999999999997,24.4
165200,20.183999999999997,24.4
165300,20.183999999999997,24.4
165400,20.183999999999997,24.4
165500,20.183999999999997,24.4
165600,20.183999999999997,24.4
165700,20.183999999999997,24.4
165800,20.183999999999997,24.4
165900,20.183999999999997,24.4
166000,20.183999999999997,24.4
166100,20.183999999999997,24.4
166200,20.183999999999997,24.4
166300,20.183999999999997,24.4
166400,20.183999999999997,24.4
166500,20.183999999999997,24.4
166600,20.183999999999997,24.4
166700,20.183999999999997,24.4
166800,20.183999999999997,24.4
166900,20.183999999999997,24.4
167000,20.183999999999997,24.4
167100,20.183999999999997,24.4
167200,20.183999999999997,24.4
167300,20.183999999999997,24.4
167400,20.183999999999997,24.4
167500,20.183999999999997,24.4
167600,20.183999999999997,24.4
167700,20.183999999999997,24.4
167800,20.183999999999997,24.4
167900,20.183999999999997,24.4
168000,20.183999999999997,24.4
168100,20.183999999999997,24.4
168200,20.183999999999997,24.4
168300,20.183999999999997,24.4
168400,20.183999999999997,24.4
168500,20.183999999999997,24.4
168600,20.183999999999997,24.4
168700,20.183999999999997,24.4
168800,20.183999999999997,24.4
168900,20.183999999999997,24.4
169000,20.183999999999997,24.4
169100,20.183999999999997,24.4
169200,20.183999999999997,24.4
169300,18.616,24.4
169400,18.560000000000002,24.4
169500,18.560000000000002,24.4
169600,18.560000000000002,24.4
169700,18.32,24.4
169800,18.32,24.4
169900,18.32,24.4
170000,18.32,24.4
170100,18.096,24.4
170200,18.096,24.4
170300,18.096,24.4
170400,18.096,24.4
170500,18.096,24.4
170600,18.096,24.4
170700,18.096,24.4
170800,18.096,24.4
170900,17.567999999999998,24.4
171000,17.567999999999998,24.4
171100,17.567999999999998,24.4
171200,17.567999999999998,24.4
171300,17.567999999999998,24.4
171400,17.567999999999998,24.4
171500,17.567999999999998,24.4
171600,17.567999999999998,24.4
171700,17.567999999999998,24.4
171800,17.567999999999998,24.4
171900,17.567999999999998,24.4
172000,17.567999999999998,24.4
172100,17.567999999999998,24.4
172200,17.567999999999998,24.4
172300,17.567999999999998,24.4
172400,17.567999999999998,24.4
172500,17.567999999999998,24.4
172600,17.567999999999998,24.4
172700,17.567999999999998,24.4
172800,17.567999999999998,24.4
172900,17.567999999999998,24.4
173000,17.567999999999998,24.4
173100,17.567999999999998,24.4
173200,17.567999999999998,24.4
173300,17.567999999999998,24.4
173400,17.567999999999998,24.4
173500,17.567999999999998,24.4
173600,17.567999999999998,24.4
173700,17.567999999999998,24.4
173800,17.567999999999998,24.4
173900,17.567999999999998,24.4
174000,17.567999999999998,24.4
174100,17.567999999999998,24.4
174200,17.567999999999998,24.4
174300,17.567999999999998,24.4
174400,17.567999999999998,24.4
174500,17.567999999999998,24.4
174600,17.567999999999998,24.4
174700,17.567999999999998,24.4
174800,17.567999999999998,24.4
174900,17.567999999999998,24.4
175000,17.567999999999998,24.4
175100,17.567999999999998,24.4
175200,17.368000000000002,24.2
175300,17.368000000000002,24.2
175400,17.368000000000002,24.2
175500,17.248,24.2
175600,17.248,24.2
175700,17.247999999999998,24
175800,17.247999999999998,24
175900,17.247999999999998,24
176000,17.247999999999998,24
176100,17.247999999999998,24
176200,17.247999999999998,24
176300,17.247999999999998,24
176400,17.247999999999998,24
176500,17.247999999999998,24
176600,17.247999999999998,24
176700,17.247999999999998,24
176800,17.247999999999998,24
176900,17.247999999999998,24
177000,17.247999999999998,24
177100,17.247999999999998,24
177200,17.247999999999998,24
177300,17.247999999999998,24
177400,17.247999999999998,24
177500,17.247999999999998,24
177600,17.247999999999998,24
177700,17.247999999999998,24
177800,17.247999999999998,24
177900,17.216,24.2
178000,16.912,24
178100,16.912,24
178200,16.912,24
178300,16.912,24
178400,16.912,24
178500,16.912,24
178600,16.912,24
178700,16.912,24
178800,16.912,24
178900,16.912,24
179000,16.912,24
179100,16.912,24
179200,16.912,24
179300,16.912,24
179400,16.912,24
179500,16.912,24
179600,16.912,24
179700,16.912,24
179800,16.912,24
179900,16.912,24
180000,16.912,24
180100,16.912,24
180200,16.912,24
180300,16.912,24
180400,16.912,24
180500,16.912,24
180600,16.912,24
180700,16.912,24
180800,16.912,24
180900,16.912,24
181000,16.912,24
181100,16.912,24
181200,16.912,24
181300,16.912,24
181400,16.912,24
181500,16.912,24
181600,16.912,24
181700,16.912,24
181800,16.912,24
181900,16.912,24
182000,16.912,24
182100,16.912,24
182200,16.912,24
182300,16.912,24
182400,16.912,24
182500,16.912,24
182600,16.912,24
182700,16.912,24
182800,16.912,24
182900,16.912,24
183000,16.912,24
183100,16.912,24
183200,16.912,24
183300,16.912,24
183400,16.912,24
183500,16.912,24
183600,16.912,24
183700,16.912,24
183800,16.912,24
183900,16.912,24
184000,16.912,24
184100,16.912,24
184200,16.912,24
184300,16.912,24
184400,16.912,24
184500,16.912,24
184600,16.912,24
184700,16.912,24
184800,16.912,24
184900,16.912,24
185000,16.912,24
185100,16.912,24
185200,16.912,24
185300,16.912,24
185400,16.912,24
185500,16.912,24
185600,16.912,24
185700,16.912,24
185800,16.912,24
185900,16.912,24
186000,16.912,24
186100,16.912,24
186200,16.912,24
186300,16.912,24
186400,16.912,24
186500,16.912,24
186600,16.912,24
186700,16.912,24
186800,16.912,24
186900,16.912,24
187000,16.912,24
187100,16.912,24
187200,16.912,24
187300,16.912,24
187400,16.912,24
187500,16.912,24
187600,16.912,24
187700,16.912,24
187800,16.912,24
187900,16.912,24
188000,16.912,24
188100,16.912,24
188200,16.912,24
188300,16.912,24
188400,16.912,24
188500,16.912,24
188600,16.912,24
188700,16.912,24
188800,16.912,24
188900,16.912,24
189000,16.912,24
189100,16.912,24
189200,16.912,24
189300,16.912,24
189400,16.912,24
189500,16.912,24
189600,16.912,24
189700,16.912,24
189800,16.912,24
189900,16.912,24
190000,16.912,24
190100,16.912,24
190200,16.912,24
190300,16.912,24
190400,16.912,24
190500,16.912,24
190600,16.912,24
190700,16.912,24
190800,16.912,24
190900,16.912,24
191000,16.912,24
191100,16.912,24
191200,16.912,24
191300,16.912,24
191400,16.912,24
191500,16.912,24
191600,16.912,24
191700,16.912,24
191800,16.912,24
191900,16.912,24
192000,16.912,24
192100,16.912,24
192200,16.912,24
192300,16.912,24
192400,16.912,24
192500,16.912,24
192600,16.912,24
192700,16.912,24
192800,16.912,24
192900,16.912,24
193000,16.912,24
193100,16.912,24
193200,16.912,24
193300,16.912,24
193400,16.912,24
193500,16.912,24
193600,16.912,24
193700,16.912,24
193800,16.912,24
193900,16.912,24
194000,16.912,24
194100,16.912,24
194200,16.912,24
194300,16.912,24
194400,16.912,24
194500,16.912,24
194600,16.912,24
194700,16.912,24
194800,16.912,24
194900,16.912,24
195000,16.912,24
195100,16.912,24
195200,16.912,24
195300,16.912,24
195400,16.912,24
195500,16.912,24
195600,16.912,24
195700,16.912,24
195800,16.912,24
195900,16.912,24
196000,16.912,24
196100,16.912,24
196200,16.912,24
196300,16.912,24
196400,16.912,24
196500,16.912,24
196600,16.912,24
196700,16.912,24
196800,16.912,24
196900,16.912,24
197000,16.912,24
197100,16.912,24
197200,16.912,24
197300,16.912,24
197400,16.912,24
197500,16.912,24
197600,16.912,24
197700,16.912,24
197800,16.912,24
197900,16.912,24
198000,16.912,24
198100,16.912,24
198200,16.912,24
198300,16.912,24
198400,16.912,24
198500,16.912,24
198600,16.912,24
198700,16.912,24
198800,16.912,24
198900,16.912,24
199000,16.912,24
199100,16.912,24
199200,16.912,24
199300,16.912,24
199400,16.912,24
199500,16.912,24
199600,16.912,24
199700,16.912,24
199800,16.848,23.8
199900,16.848,23.8
199999,16.848,23.8

START ALGORITHM
h4: (-a22 - a54) * (-b45)
h5: (-a22 - a22 - a51) * (-b32)
h7: (a33 + a15 - a12) * (b43 - b13 - b22 - b15)
h9: (a34 + a41) * (b11 + b11)
h10: (a41 - a22) * (b31)
h11: (a24 - a21 - a51) * (-b13)
h13: (a45) * (b22 - b13)
h16: (-a24 - a53) * (-b13 - b45)
h19: (a52 + a54) * (b11 + b54 - b24 - b51)
h24: (a15 + a51 + a52) * (b42 + b23 - b22)
h26: (a41 + a33 - a44 - a25 - a51 - a53) * (b25)
h28: (a55 - a11 - a25) * (b12 + b43)
h31: (a24 + a45 - a13 - a51) * (b44)
h32: (a31 + a14 - a24) * (-b31)
h33: (a32 - a44 - a53 - a15) * (b24)
h34: (a33) * (b23 + b15)
h36: (a32 + a25 - a43) * (-b52)
h37: (a24 + a15 - a43 - a42 - a34) * (b34 - b41)
h44: (-a55 - a44) * (b12 + b13 + b13 + b25 + b53)
h45: (a42 - a25 - a33) * (b35 + b42 - b11 - b22)
h46: (a35 + a42 - a35 - a34 - a32) * (-b53)
h48: (a25 - a45 - a41) * (b15 - b53)
h49: (a53 - a45 - a43) * (-b32)
h51: (a52 + a44 - a34) * (-b42 - b25)
h54: (a34 - a54) * (b14 + b24 + b33 + b35 - b55 - b51)
h57: (a32 + a13 - a54) * (-b42)
h58: (a35 - a41) * (b25 + b12 + b31 + b35 - b54 - b11)
h62: (-a15) * (b51 + b45)
h68: (a32 + a11 - a33 - a24) * (b55)
h69: (a41 - a11) * (b23 + b11 - b32 - b35)
h75: (a53) * (b25 - b52 - b54)
h76: (a25 - a14 - a52 - a14 - a35) * (-b22 - b54)
h78: (a15 + a32 + a41 - a22) * (b25 - b53 - b54 - b13)
h80: (-a35) * (b24 + b32 - b23 - b15)
h82: (a24 + a53 - a22 - a41) * (b14 + b35)
h84: (a35 - a33) * (b45 - b23 - b14 - b13)
h85: (-a52) * (b15 + b33 + b15)
h86: (a55) * (b43 - b51)
h88: (a51 - a13 - a44 - a44 - a51) * (b24)
h91: (a24 + a33) * (b13 + b52 - b23)
h93: (a53 - a14 - a23 - a54 - a13) * (-b23 - b32 - b34 - b52)
h94: (a11 - a41) * (b15 - b23)
h95: (a34 + a35 + a42) * (b12 - b31)
h96: (a21 + a14 + a14 - a52) * (b12 - b21)
h97: (a22) * (b22 + b54 + b52 + b52 - b42 - b25)
h99: (a55 - a54 - a34) * (b32 - b32)
h100: (-a24) * (b21 - b54)
h101: (-a55 - a22 - a15) * (b21 + b11 - b35 - b23 - b44 - b33)
h102: (a52) * (-b31 - b31 - b52 - b41 - b53 - b12)
h104: (a25 - a13 - a44 - a21) * (b33 + b41)
h107: (a22 - a21) * (b13 + b11)
h108: (-a11 - a54) * (b14)
h110: (a31 - a34 - a51) * (b55 + b41 - b52)
h111: (a31 - a12) * (-b35)
h112: (-a11) * (b31 - b42)
h113: (a25 + a24 - a35) * (b35 - b44 - b44)
h114: (-a42) * (b51 + b35 + b45 - b22)
h115: (a33 - a11) * (b42 + b52)
h116: (a13 - a15) * (b21 - b43)
h118: (a14 + a53 - a43) * (b32 + b41 - b23)
h120: (-a31 - a13) * (b23 - b21)
h121: (-a11 - a14) * (-b41 - b41)
h122: (-a24) * (b24 - b14 - b53 - b32)
h125: (-a15) * (b21 - b43 - b34 - b55 - b21)
h127: (a55 + a11 + a45 + a14) * (b33 + b22)
h130: (-a31 - a44) * (b34)
h135: (-a55) * (b12 + b32 + b32 - b51 - b43)
h137: (-a45 - a43 - a14) * (-b31)
h139: (-a43) * (b55 + b52 - b25 - b31)
h140: (a23 - a43) * (b23 - b24 - b25 - b21)
h156: (a41 + a23) * (-b54 - b42)
h169: (a13 + a11) * (-b35)
h173: (a55 + a25 + a54 - a14 - a23) * (b35 - b24)
h207: (a34 + a35 + a32 - a32) * (b32 + b44 - b53)
h212: (-a22) * (b43 + b32 + b35 + b14 + b32)
h213: (a32 + a54 - a24) * (b52 - b32)
h218: (a11 + a34 + a45 - a13) * (b21)
h235: (-a23 - a14) * (-b53)
h249: (a34 - a43 - a55 - a51) * (b32)
h252: (a23 + a55 + a21) * (-b41 - b51)
h291: (-a51) * (b33 + b33 + b42)
h292: (-a52) * (b31 + b31 + b15 + b43 + b13)
h324: (a22 - a42) * (b24 + b42)
h353: (a54 - a23 - a23 - a52) * (b41 + b34)
h358: (-a32 - a42 - a11) * (b45 - b31)
h359: (a55 + a21) * (b42 + b53)
h397: (a55 + a13) * (b41 + b12 + b35 + b32)
h451: (a55 - a54) * (b14 + b15 + b43 - b55 - b51)
h488: (a51 + a25 - a11) * (-b24 - b12 - b44)
h590: (a45 + a12 + a22) * (b11)
h616: (a43 + a33 - a11 - a14 - a33) * (b54 + b13)
h691: (a24 + a44 - a25) * (b25 + b35 - b22)
h775: (-a21) * (b42 - b23)
h791: (a53 - a11 - a25) * (b42 + b54 + b33)
h876: (-a11 - a51) * (b21)
h909: (a53) * (b53 + b14 - b23 - b32)
h1026: (-a11) * (b31 + b25 - b41 - b15 - b15)
h1155: (a14 + a21 - a21 - a53) * (-b51)
h1209: (-a15 - a43) * (b43 + b23 - b51 - b11 - b45)
h1212: (a53 + a55 - a52 - a31 - a15) * (b55 - b44)
h1219: (a44 + a52 - a15) * (b23 + b25)
h1358: (-a22 - a31) * (b25 + b13 - b22 - b42 - b34)
h1377: (a45) * (b32 - b32 - b51)
h1514: (a44 - a55 - a35 - a51) * (b54 + b25 + b43)
h1554: (a34 - a51 - a33) * (-b21 - b54)
h1559: (a45 + a52) * (b51)
h2073: (a55 - a51) * (b53 + b42 - b32 - b42)
h2656: (a41 + a22 + a54 - a53) * (-b24 - b33)
h2885: (a25 + a32 - a21) * (b14 - b21)
h3745: (a53 - a51 - a44 - a54) * (b31 + b34 - b22)
h4203: (a44 + a13 - a53) * (b33 + b12)
h4611: (a44 + a32) * (-b23 - b13 - b55 - b15)
h5505: (-a53 - a11) * (-b43 - b31)
h6697: (a41 + a52 - a33) * (b11 - b23)
h6828: (a53 + a34 - a22 - a43) * (b15 + b44)
h7227: (-a21) * (b45 + b11 - b31)
h7367: (a55 - a52) * (b14 + b32)
h8142: (a51 - a14) * (b23 + b25 - b11 - b42)
h8844: (a15 + a12 - a53) * (-b54 - b43)
h10429: (-a21 - a33 - a24) * (b44 - b51)
h14155: (-a54 - a13 - a53) * (-b45)
h16208: (a12 - a31) * (b34 + b54 - b55 - b13 - b54)
h16381: (a34 + a52 + a23) * (b52 + b23)
h20081: (a12 - a14) * (b21 - b45 - b42)
h26380: (a45 - a22) * (b54 + b15 - b21)
h26494: (a42 + a51) * (b24 + b54 - b23)
h27836: (a11 + a51 - a11) * (b43 - b51)
h32223: (-a55) * (b35 + b33 - b31 - b55)
h53768: (a24 - a12) * (-b13 - b45 - b12)
h54791: (a44 + a31 - a25 - a43) * (b34)
h54982: (-a22) * (b31 - b11 - b32 - b31)
h63821: (a54 + a32 + a33) * (b12 - b14)
h67055: (a44 - a55) * (b15 - b44 - b25)
h67097: (a43 + a45 + a22 + a52) * (-b45)
h75325: (a53 + a32 - a55) * (b51 - b41)
c11: h114 + h37 + h113 + h80 + h213 + h11 + h249 - h28 - h135 
c12: h324 + h2656 + h102 
c13: h137 + h28 + h8142 + h5505 + h1377 + h5505 - h397 - h14155 
c14: h110 + h62 + h691 + h32223 - h32 - h207 
c15: h451 + h112 + h85 + h93 + h1026 + h590 + h16208 + h34 + h20081 + h137 - h80 - h1212 - h2073 
c21: h63821 + h68 + h1209 + h249 + h67097 - h49 - h67055 
c22: h24 + h112 + h1358 + h292 + h32223 - h909 - h1377 
c23: h26 + h156 - h1554 - h10429 
c24: h45 + h876 
c25: h24 + h6697 + h94 + h353 + h6828 - h127 
c31: h46 - h10 - h36 - h212 - h291 
c32: h115 + h49 - h54 
c33: h62 + h84 + h488 + h32 + h4 + h1559 + h7227 + h27836 - h88 - h156 - h6828 
c34: h5 + h31 + h93 + h173 + h114 + h97 + h3745 - h7367 
c35: h24 + h26380 + h26494 + h11 - h95 
c41: h125 + h76 + h139 + h4 + h691 + h32223 + h1155 + h75325 - h94 - h5 - h54791 - h54982 
c42: h125 + h11 + h135 + h8844 + h8142 + h5505 - h451 
c43: h324 + h82 + h1514 + h2885 + h4203 + h8142 + h1155 - h1219 
c44: h11 + h82 - h44 - h235 
c45: - h48 - h4611 - h5505 
c51: h33 + h590 + h616 + h112 + h1155 + h1559 - h1026 
c52: h44 + h110 + h112 + h102 - h108 - h97 - h252 - h353 
c53: h169 + h292 + h53768 + h34 + h32223 - h122 - h19 
c54: h107 + h49 + h876 + h909 + h20081 - h112 - h1155 - h16381 
c55: h358 + h26 + h34 + h86 + h1209 
