0,131.18400000000003,24.8
100,101.43199999999999,24.8
200,93.6,24.8
300,86.28800000000001,24.6
400,77.40799999999999,24.8
500,72.704,24.6
600,69.59200000000001,24.6
700,66.176,24.6
800,65.48800000000001,24.4
900,62.496,24.4
1000,60.976,24.4
1100,60.024,24.4
1200,60.024,24.4
1300,59.512,24.4
1400,59.064,24.4
1500,57.888,24.4
1600,54.952,24.4
1700,54.528,24.4
1800,54.176,24.4
1900,53.09599999999999,24.4
2000,53.09599999999999,24.4
2100,52.336,24.4
2200,51.496,24.4
2300,51.496,24.4
2400,51.336,24.4
2500,51.336,24.4
2600,50.72,24.2
2700,50.42399999999999,24.2
2800,50.288,24.2
2900,49.672,24.2
3000,48.93599999999999,24.2
3100,48.93599999999999,24.2
3200,48.879999999999995,24.2
3300,47.824,24.2
3400,47.824,24.2
3500,47.824,24.2
3600,47.824,24.2
3700,47.8,24.4
3800,47.327999999999996,24.4
3900,45.80799999999999,24.6
4000,45.80799999999999,24.6
4100,45.80799999999999,24.6
4200,45.80799999999999,24.6
4300,45.80799999999999,24.6
4400,45.80799999999999,24.6
4500,44.432,24.6
4600,44.047999999999995,24.6
4700,44.047999999999995,24.6
4800,41.128,24.8
4900,40.912,24.8
5000,40.912,24.8
5100,40.912,24.8
5200,40.912,24.8
5300,40.912,24.8
5400,40.464000000000006,24.8
5500,40.056,24.8
5600,40.056,24.8
5700,39.712,24.8
5800,39.712,24.8
5900,39.712,24.8
6000,39.391999999999996,25
6100,39.391999999999996,25
6200,39.391999999999996,25
6300,39.391999999999996,25
6400,39.296,25
6500,39.216,25
6600,38.968,25
6700,38.968,25
6800,38.968,25
6900,38.968,25
7000,38.664,25
7100,38.664,25
7200,38.664,25
7300,38.664,25
7400,38.664,25
7500,38.664,25
7600,38.664,25
7700,38.14399999999999,25
7800,38.14399999999999,25
7900,38.14399999999999,25
8000,38.14399999999999,25
8100,38.14399999999999,25
8200,38.14399999999999,25
8300,38.14399999999999,25
8400,38.024,25
8500,37.775999999999996,25
8600,37.775999999999996,25
8700,37.775999999999996,25
8800,37.312,25
8900,37.208,25
9000,37.208,25
9100,37.088,25
9200,37.088,25
9300,37.088,25
9400,37.088,25
9500,37.088,25
9600,36.704,25
9700,36.704,25
9800,36.704,25
9900,36.704,25
10000,36.208,25
10100,36.208,25
10200,35.432,25
10300,35.432,25
10400,35.432,25
10500,35.432,25
10600,35.432,25
10700,35.432,25
10800,35.432,25
10900,35.432,25
11000,35.432,25
11100,35.432,25
11200,35.28,25
11300,34.992000000000004,25
11400,34.944,25
11500,34.944,25
11600,34.751999999999995,25
11700,34.751999999999995,25
11800,34.519999999999996,25
11900,34.504000000000005,25
12000,34.504000000000005,25
12100,34.448,25
12200,34.448,25
12300,34.448,25
12400,34.448,25
12500,34.448,25
12600,34.448,25
12700,34.448,25
12800,34.448,25
12900,34.448,25
13000,34.448,25
13100,34.448,25
13200,34.448,25
13300,34.448,25
13400,34.448,25
13500,34.408,25
13600,34.408,25
13700,34.408,25
13800,34.408,25
13900,34.408,25
14000,34.408,25
14100,34.408,25
14200,34.408,25
14300,34.408,25
14400,34.408,25
14500,34.408,25
14600,34.408,25
14700,34.408,25
14800,34.408,25
14900,34.408,25
15000,34.408,25
15100,34.408,25
15200,34.408,25
15300,34.408,25
15400,34.408,25
15500,33.96,25
15600,33.96,25
15700,33.96,25
15800,33.96,25
15900,33.96,25
16000,33.96,25
16100,33.96,25
16200,33.96,25
16300,33.96,25
16400,33.96,25
16500,33.96,25
16600,33.96,25
16700,33.792,25
16800,33.792,25
16900,33.792,25
17000,33.792,25
17100,33.784000000000006,25
17200,33.784000000000006,25
17300,33.784000000000006,25
17400,33.736000000000004,25
17500,33.736000000000004,25
17600,33.656,25
17700,33.64,25
17800,33.376,25
17900,33.376,25
18000,33.376,25
18100,33.376,25
18200,33.376,25
18300,33.376,25
18400,33.376,25
18500,33.376,25
18600,33.376,25
18700,33.376,25
18800,33.376,25
18900,33.376,25
19000,33.376,25
19100,33.376,25
19200,33.096,24.8
19300,33.096,24.8
19400,33.096,24.8
19500,33.096,24.8
19600,33.096,24.8
19700,33.096,24.8
19800,33.096,24.8
19900,32.751999999999995,24.6
20000,32.751999999999995,24.6
20100,32.712,24.8
20200,32.712,24.8
20300,32.712,24.8
20400,32.712,24.8
20500,32.712,24.8
20600,32.32000000000001,24.8
20700,32.176,24.8
20800,32.176,24.8
20900,32.176,24.8
21000,32.176,24.8
21100,32.176,24.8
21200,32.176,24.8
21300,31.479999999999997,24.6
21400,31.479999999999997,24.6
21500,31.479999999999997,24.6
21600,31.479999999999997,24.6
21700,31.479999999999997,24.6
21800,31.479999999999997,24.6
21900,31.479999999999997,24.6
22000,31.479999999999997,24.6
22100,31.479999999999997,24.6
22200,31.479999999999997,24.6
22300,31.336000000000002,24.6
22400,31.336000000000002,24.6
22500,31.336000000000002,24.6
22600,31.336000000000002,24.6
22700,31.336000000000002,24.6
22800,31.336000000000002,24.6
22900,31.336000000000002,24.6
23000,31.336000000000002,24.6
23100,31.336000000000002,24.6
23200,31.336000000000002,24.6
23300,31,24.6
23400,31,24.6
23500,31,24.6
23600,31,24.6
23700,31,24.6
23800,31,24.6
23900,30.815999999999995,24.6
24000,30.815999999999995,24.6
24100,30.815999999999995,24.6
24200,30.815999999999995,24.6
24300,30.815999999999995,24.6
24400,30.815999999999995,24.6
24500,30.815999999999995,24.6
24600,30.815999999999995,24.6
24700,30.815999999999995,24.6
24800,30.815999999999995,24.6
24900,30.815999999999995,24.6
25000,30.815999999999995,24.6
25100,30.815999999999995,24.6
25200,30.112000000000002,24.6
25300,30.112000000000002,24.6
25400,30.112000000000002,24.6
25500,30.112000000000002,24.6
25600,30.024,24.6
25700,30.024,24.6
25800,30.024,24.6
25900,30.024,24.6
26000,30.024,24.6
26100,30.024,24.6
26200,30.024,24.6
26300,30.024,24.6
26400,30.024,24.6
26500,30.024,24.6
26600,30.024,24.6
26700,30.024,24.6
26800,30.024,24.6
26900,30.024,24.6
27000,30.024,24.6
27100,30.024,24.6
27200,30.024,24.6
27300,30.024,24.6
27400,30.024,24.6
27500,30.024,24.6
27600,30.024,24.6
27700,30.024,24.6
27800,30.024,24.6
27900,30.024,24.6
28000,30.024,24.6
28100,30.024,24.6
28200,30.024,24.6
28300,30.024,24.6
28400,30.024,24.6
28500,30.024,24.6
28600,30.024,24.6
28700,30.024,24.6
28800,30.024,24.6
28900,30.024,24.6
29000,30.024,24.6
29100,30.024,24.6
29200,30.024,24.6
29300,30.024,24.6
29400,30.024,24.6
29500,30.024,24.6
29600,30.024,24.6
29700,30.024,24.6
29800,30.024,24.6
29900,30.024,24.6
30000,30.024,24.6
30100,30.024,24.6
30200,30.024,24.6
30300,30.024,24.6
30400,29.864000000000004,24.6
30500,29.776,24.6
30600,29.776,24.6
30700,29.776,24.6
30800,29.648000000000003,24.6
30900,29.648000000000003,24.6
31000,29.648000000000003,24.6
31100,29.648000000000003,24.6
31200,29.256,24.6
31300,29.256,24.6
31400,29.256,24.6
31500,29.256,24.6
31600,29.256,24.6
31700,29.136000000000003,24.6
31800,29.136000000000003,24.6
31900,28.776,24.6
32000,28.776,24.6
32100,28.776,24.6
32200,28.776,24.6
32300,28.776,24.6
32400,28.776,24.6
32500,28.776,24.6
32600,28.776,24.6
32700,28.776,24.6
32800,28.776,24.6
32900,28.776,24.6
33000,28.776,24.6
33100,28.776,24.6
33200,28.776,24.6
33300,28.776,24.6
33400,28.776,24.6
33500,28.776,24.6
33600,28.776,24.6
33700,28.752,24.6
33800,28.752,24.6
33900,28.752,24.6
34000,28.752,24.6
34100,28.752,24.6
34200,28.752,24.6
34300,28.752,24.6
34400,28.752,24.6
34500,28.752,24.6
34600,28.752,24.6
34700,28.752,24.6
34800,28.752,24.6
34900,28.752,24.6
35000,28.752,24.6
35100,28.752,24.6
35200,28.752,24.6
35300,28.752,24.6
35400,28.752,24.6
35500,28.752,24.6
35600,28.752,24.6
35700,28.752,24.6
35800,28.744,24.4
35900,28.744,24.4
36000,28.744,24.4
36100,28.744,24.4
36200,28.744,24.4
36300,28.744,24.4
36400,28.744,24.4
36500,28.744,24.4
36600,28.744,24.4
36700,28.744,24.4
36800,28.744,24.4
36900,28.439999999999998,24.4
37000,28.439999999999998,24.4
37100,28.439999999999998,24.4
37200,28.439999999999998,24.4
37300,28.439999999999998,24.4
37400,28.439999999999998,24.4
37500,28.439999999999998,24.4
37600,28.439999999999998,24.4
37700,28.439999999999998,24.4
37800,28.439999999999998,24.4
37900,28.439999999999998,24.4
38000,28.439999999999998,24.4
38100,28.439999999999998,24.4
38200,28.439999999999998,24.4
38300,28.439999999999998,24.4
38400,28.439999999999998,24.4
38500,28.439999999999998,24.4
38600,28.439999999999998,24.4
38700,28.439999999999998,24.4
38800,28.439999999999998,24.4
38900,28.439999999999998,24.4
39000,28.439999999999998,24.4
39100,28.439999999999998,24.4
39200,27.880000000000003,24.4
39300,27.880000000000003,24.4
39400,27.880000000000003,24.4
39500,27.880000000000003,24.4
39600,27.880000000000003,24.4
39700,27.880000000000003,24.4
39800,27.880000000000003,24.4
39900,27.776,24.4
40000,27.447999999999997,24.4
40100,27.447999999999997,24.4
40200,27.447999999999997,24.4
40300,27.447999999999997,24.4
40400,27.447999999999997,24.4
40500,27.375999999999998,24.4
40600,27.375999999999998,24.4
40700,27.375999999999998,24.4
40800,27.375999999999998,24.4
40900,27.375999999999998,24.4
41000,27.375999999999998,24.4
41100,27.375999999999998,24.4
41200,27.375999999999998,24.4
41300,27.375999999999998,24.4
41400,27.375999999999998,24.4
41500,27.375999999999998,24.4
41600,27.375999999999998,24.4
41700,27.375999999999998,24.4
41800,27.375999999999998,24.4
41900,27.375999999999998,24.4
42000,27.375999999999998,24.4
42100,27.375999999999998,24.4
42200,27.375999999999998,24.4
42300,27.375999999999998,24.4
42400,27.375999999999998,24.4
42500,27.375999999999998,24.4
42600,27.127999999999997,24.4
42700,27.127999999999997,24.4
42800,27.127999999999997,24.4
42900,27.127999999999997,24.4
43000,27.127999999999997,24.4
43100,27.127999999999997,24.4
43200,27.127999999999997,24.4
43300,27.127999999999997,24.4
43400,27.127999999999997,24.4
43500,27.127999999999997,24.4
43600,27.127999999999997,24.4
43700,27.127999999999997,24.4
43800,27.127999999999997,24.4
43900,27.127999999999997,24.4
44000,27.127999999999997,24.4
44100,27.127999999999997,24.4
44200,27.127999999999997,24.4
44300,27.127999999999997,24.4
44400,27.127999999999997,24.4
44500,27.127999999999997,24.4
44600,27.127999999999997,24.4
44700,27.127999999999997,24.4
44800,27.127999999999997,24.4
44900,27.127999999999997,24.4
45000,27.127999999999997,24.4
45100,27.127999999999997,24.4
45200,27.127999999999997,24.4
45300,27.127999999999997,24.4
45400,27.127999999999997,24.4
45500,27.127999999999997,24.4
45600,27.127999999999997,24.4
45700,27.127999999999997,24.4
45800,27.127999999999997,24.4
45900,27.127999999999997,24.4
46000,27.127999999999997,24.4
46100,27.127999999999997,24.4
46200,27.127999999999997,24.4
46300,27.127999999999997,24.4
46400,27.127999999999997,24.4
46500,27.127999999999997,24.4
46600,27.127999999999997,24.4
46700,27.127999999999997,24.4
46800,27.127999999999997,24.4
46900,27.127999999999997,24.4
47000,27.127999999999997,24.4
47100,27.127999999999997,24.4
47200,27.127999999999997,24.4
47300,27.127999999999997,24.4
47400,27.127999999999997,24.4
47500,27.127999999999997,24.4
47600,27.127999999999997,24.4
47700,27.127999999999997,24.4
47800,27.127999999999997,24.4
47900,27.127999999999997,24.4
48000,27.127999999999997,24.4
48100,27.127999999999997,24.4
48200,27.127999999999997,24.4
48300,27.127999999999997,24.4
48400,27.127999999999997,24.4
48500,27.127999999999997,24.4
48600,27.127999999999997,24.4
48700,27.127999999999997,24.4
48800,27.127999999999997,24.4
48900,27.127999999999997,24.4
49000,27.127999999999997,24.4
49100,27.127999999999997,24.4
49200,27.127999999999997,24.4
49300,27.127999999999997,24.4
49400,27.127999999999997,24.4
49500,27.127999999999997,24.4
49600,27.127999999999997,24.4
49700,27.127999999999997,24.4
49800,27.095999999999997,24.4
49900,26.8,24.4
50000,26.8,24.4
50100,26.8,24.4
50200,26.8,24.4
50300,26.8,24.4
50400,26.8,24.4
50500,26.8,24.4
50600,26.8,24.4
50700,26.8,24.4
50800,26.8,24.4
50900,26.8,24.4
51000,26.8,24.4
51100,26.8,24.4
51200,26.8,24.4
51300,26.8,24.4
51400,26.8,24.4
51500,26.8,24.4
51600,26.8,24.4
51700,26.8,24.4
51800,26.8,24.4
51900,26.8,24.4
52000,26.8,24.4
52100,26.8,24.4
52200,26.8,24.4
52300,26.8,24.4
52400,26.8,24.4
52500,26.8,24.4
52600,26.8,24.4
52700,26.8,24.4
52800,26.8,24.4
52900,26.8,24.4
53000,26.8,24.4
53100,26.8,24.4
53200,26.8,24.4
53300,26.8,24.4
53400,26.8,24.4
53500,26.8,24.4
53600,26.8,24.4
53700,26.8,24.4
53800,26.8,24.4
53900,26.8,24.4
54000,26.8,24.4
54100,26.8,24.4
54200,26.8,24.4
54300,26.8,24.4
54400,26.8,24.4
54500,26.8,24.4
54600,26.8,24.4
54700,26.8,24.4
54800,26.8,24.4
54900,26.8,24.4
55000,26.8,24.4
55100,26.8,24.4
55200,26.8,24.4
55300,26.8,24.4
55400,26.8,24.4
55500,26.8,24.4
55600,26.8,24.4
55700,26.8,24.4
55800,26.8,24.4
55900,26.8,24.4
56000,26.8,24.4
56100,26.8,24.4
56200,26.8,24.4
56300,26.8,24.4
56400,26.8,24.4
56500,26.8,24.4
56600,26.8,24.4
56700,26.8,24.4
56800,26.8,24.4
56900,26.8,24.4
57000,26.8,24.4
57100,26.8,24.4
57200,26.8,24.4
57300,26.8,24.4
57400,26.8,24.4
57500,26.8,24.4
57600,26.8,24.4
57700,26.8,24.4
57800,26.8,24.4
57900,26.8,24.4
58000,26.8,24.4
58100,26.8,24.4
58200,26.8,24.4
58300,26.8,24.4
58400,26.8,24.4
58500,26.8,24.4
58600,26.8,24.4
58700,26.8,24.4
58800,26.8,24.4
58900,26.8,24.4
59000,26.8,24.4
59100,26.8,24.4
59200,26.8,24.4
59300,26.8,24.4
59400,26.8,24.4
59500,26.8,24.4
59600,26.8,24.4
59700,26.8,24.4
59800,26.8,24.4
59900,26.8,24.4
60000,26.8,24.4
60100,26.8,24.4
60200,26.8,24.4
60300,26.8,24.4
60400,26.8,24.4
60500,26.8,24.4
60600,26.8,24.4
60700,26.8,24.4
60800,26.8,24.4
60900,26.8,24.4
61000,26.8,24.4
61100,26.8,24.4
61200,26.8,24.4
61300,26.8,24.4
61400,26.8,24.4
61500,26.8,24.4
61600,26.8,24.4
61700,26.8,24.4
61800,26.8,24.4
61900,26.8,24.4
62000,26.8,24.4
62100,26.8,24.4
62200,26.8,24.4
62300,26.8,24.4
62400,26.8,24.4
62500,26.8,24.4
62600,26.8,24.4
62700,26.8,24.4
62800,26.8,24.4
62900,26.8,24.4
63000,26.8,24.4
63100,26.8,24.4
63200,26.8,24.4
63300,26.8,24.4
63400,26.264000000000003,24.4
63500,26.264000000000003,24.4
63600,26.264000000000003,24.4
63700,26.264000000000003,24.4
63800,26.264000000000003,24.4
63900,26.264000000000003,24.4
64000,26.264000000000003,24.4
64100,26.264000000000003,24.4
64200,26.264000000000003,24.4
64300,26.264000000000003,24.4
64400,26.264000000000003,24.4
64500,26.264000000000003,24.4
64600,26.264000000000003,24.4
64700,26.264000000000003,24.4
64800,26.264000000000003,24.4
64900,26.264000000000003,24.4
65000,26.264000000000003,24.4
65100,26.264000000000003,24.4
65200,26.264000000000003,24.4
65300,26.264000000000003,24.4
65400,26.264000000000003,24.4
65500,26.264000000000003,24.4
65600,26.264000000000003,24.4
65700,26.264000000000003,24.4
65800,26.264000000000003,24.4
65900,26.264000000000003,24.4
66000,26.264000000000003,24.4
66100,26.264000000000003,24.4
66200,26.264000000000003,24.4
66300,26.264000000000003,24.4
66400,26.264000000000003,24.4
66500,26.264000000000003,24.4
66600,26.127999999999997,24.4
66700,26.127999999999997,24.4
66800,26.127999999999997,24.4
66900,26.127999999999997,24.4
67000,26.127999999999997,24.4
67100,26.127999999999997,24.4
67200,26.127999999999997,24.4
67300,26.032,24.4
67400,26.032,24.4
67500,26.032,24.4
67600,26.032,24.4
67700,26.032,24.4
67800,26.032,24.4
67900,26.032,24.4
68000,26.032,24.4
68100,26.032,24.4
68200,26.032,24.4
68300,26.032,24.4
68400,26.032,24.4
68500,26.032,24.4
68600,26.032,24.4
68700,25.768,24.4
68800,25.768,24.4
68900,25.768,24.4
69000,25.768,24.4
69100,25.768,24.4
69200,25.768,24.4
69300,25.768,24.4
69400,25.768,24.4
69500,25.768,24.4
69600,25.768,24.4
69700,25.768,24.4
69800,25.768,24.4
69900,25.768,24.4
70000,25.768,24.4
70100,25.768,24.4
70200,25.672000000000004,24.4
70300,25.672000000000004,24.4
70400,25.672000000000004,24.4
70500,25.672000000000004,24.4
70600,25.672000000000004,24.4
70700,25.672000000000004,24.4
70800,25.672000000000004,24.4
70900,25.672000000000004,24.4
71000,25.672000000000004,24.4
71100,25.672000000000004,24.4
71200,25.672000000000004,24.4
71300,25.672000000000004,24.4
71400,25.672000000000004,24.4
71500,25.672000000000004,24.4
71600,25.672000000000004,24.4
71700,25.672000000000004,24.4
71800,25.672000000000004,24.4
71900,25.672000000000004,24.4
72000,25.672000000000004,24.4
72100,25.672000000000004,24.4
72200,25.672000000000004,24.4
72300,25.672000000000004,24.4
72400,25.672000000000004,24.4
72500,25.672000000000004,24.4
72600,25.672000000000004,24.4
72700,25.672000000000004,24.4
72800,25.672000000000004,24.4
72900,25.672000000000004,24.4
73000,25.672000000000004,24.4
73100,25.672000000000004,24.4
73200,25.672000000000004,24.4
73300,25.672000000000004,24.4
73400,25.672000000000004,24.4
73500,25.672000000000004,24.4
73600,25.672000000000004,24.4
73700,25.672000000000004,24.4
73800,25.672000000000004,24.4
73900,25.672000000000004,24.4
74000,25.672000000000004,24.4
74100,25.672000000000004,24.4
74200,25.672000000000004,24.4
74300,25.672000000000004,24.4
74400,25.672000000000004,24.4
74500,25.672000000000004,24.4
74600,25.672000000000004,24.4
74700,25.672000000000004,24.4
74800,25.672000000000004,24.4
74900,25.672000000000004,24.4
75000,25.672000000000004,24.4
75100,25.672000000000004,24.4
75200,25.672000000000004,24.4
75300,25.672000000000004,24.4
75400,25.672000000000004,24.4
75500,25.672000000000004,24.4
75600,25.672000000000004,24.4
75700,25.672000000000004,24.4
75800,25.672000000000004,24.4
75900,25.672000000000004,24.4
76000,25.672000000000004,24.4
76100,25.672000000000004,24.4
76200,25.672000000000004,24.4
76300,25.672000000000004,24.4
76400,25.672000000000004,24.4
76500,25.672000000000004,24.4
76600,25.672000000000004,24.4
76700,25.672000000000004,24.4
76800,25.672000000000004,24.4
76900,25.672000000000004,24.4
77000,25.672000000000004,24.4
77100,25.672000000000004,24.4
77200,25.672000000000004,24.4
77300,25.672000000000004,24.4
77400,25.672000000000004,24.4
77500,25.672000000000004,24.4
77600,25.672000000000004,24.4
77700,25.672000000000004,24.4
77800,25.672000000000004,24.4
77900,25.672000000000004,24.4
78000,25.672000000000004,24.4
78100,25.672000000000004,24.4
78200,25.672000000000004,24.4
78300,25.672000000000004,24.4
78400,25.672000000000004,24.4
78500,25.672000000000004,24.4
78600,25.672000000000004,24.4
78700,25.672000000000004,24.4
78800,25.672000000000004,24.4
78900,25.672000000000004,24.4
79000,25.672000000000004,24.4
79100,25.672000000000004,24.4
79200,25.672000000000004,24.4
79300,25.672000000000004,24.4
79400,25.672000000000004,24.4
79500,25.672000000000004,24.4
79600,25.672000000000004,24.4
79700,25.672000000000004,24.4
79800,25.672000000000004,24.4
79900,25.672000000000004,24.4
80000,25.672000000000004,24.4
80100,25.672000000000004,24.4
80200,25.672000000000004,24.4
80300,25.672000000000004,24.4
80400,25.672000000000004,24.4
80500,25.672000000000004,24.4
80600,25.672000000000004,24.4
80700,25.672000000000004,24.4
80800,25.672000000000004,24.4
80900,25.672000000000004,24.4
81000,25.672000000000004,24.4
81100,25.672000000000004,24.4
81200,25.672000000000004,24.4
81300,25.672000000000004,24.4
81400,25.136000000000003,24.4
81500,25.136000000000003,24.4
81600,25.136000000000003,24.4
81700,25.136000000000003,24.4
81800,25.136000000000003,24.4
81900,25.136000000000003,24.4
82000,25.136000000000003,24.4
82100,25.136000000000003,24.4
82200,25.136000000000003,24.4
82300,25.136000000000003,24.4
82400,25.136000000000003,24.4
82500,25.136000000000003,24.4
82600,25.136000000000003,24.4
82700,25.136000000000003,24.4
82800,25.136000000000003,24.4
82900,25.136000000000003,24.4
83000,25.136000000000003,24.4
83100,25.136000000000003,24.4
83200,25.136000000000003,24.4
83300,25.136000000000003,24.4
83400,25.136000000000003,24.4
83500,25.136000000000003,24.4
83600,25.136000000000003,24.4
83700,25.136000000000003,24.4
83800,25.136000000000003,24.4
83900,25.136000000000003,24.4
84000,25.136000000000003,24.4
84100,25.136000000000003,24.4
84200,25.136000000000003,24.4
84300,25.136000000000003,24.4
84400,25.136000000000003,24.4
84500,25.136000000000003,24.4
84600,25.136000000000003,24.4
84700,25.136000000000003,24.4
84800,25.136000000000003,24.4
84900,25.136000000000003,24.4
85000,25.136000000000003,24.4
85100,25.136000000000003,24.4
85200,25.136000000000003,24.4
85300,25.136000000000003,24.4
85400,25.136000000000003,24.4
85500,25.136000000000003,24.4
85600,24.616,24.4
85700,24.616,24.4
85800,24.616,24.4
85900,24.616,24.4
86000,24.616,24.4
86100,24.616,24.4
86200,24.616,24.4
86300,24.616,24.4
86400,24.488,24.4
86500,24.488,24.4
86600,24.488,24.4
86700,24.488,24.4
86800,24.488,24.4
86900,24.488,24.4
87000,24.488,24.4
87100,24.488,24.4
87200,24.488,24.4
87300,24.488,24.4
87400,24.488,24.4
87500,24.488,24.4
87600,24.488,24.4
87700,24.488,24.4
87800,24.488,24.4
87900,24.488,24.4
88000,24.488,24.4
88100,24.488,24.4
88200,24.488,24.4
88300,24.488,24.4
88400,24.488,24.4
88500,24.488,24.4
88600,24.488,24.4
88700,24.488,24.4
88800,24.488,24.4
88900,24.488,24.4
89000,24.488,24.4
89100,24.488,24.4
89200,24.488,24.4
89300,24.488,24.4
89400,24.488,24.4
89500,24.488,24.4
89600,24.488,24.4
89700,24.488,24.4
89800,24.488,24.4
89900,24.488,24.4
90000,24.488,24.4
90100,24.488,24.4
90200,24.488,24.4
90300,24.488,24.4
90400,24.488,24.4
90500,24.488,24.4
90600,24.488,24.4
90700,24.488,24.4
90800,24.488,24.4
90900,24.488,24.4
91000,24.488,24.4
91100,24.488,24.4
91200,24.488,24.4
91300,24.488,24.4
91400,24.488,24.4
91500,24.488,24.4
91600,24.488,24.4
91700,24.488,24.4
91800,24.488,24.4
91900,24.488,24.4
92000,24.488,24.4
92100,24.488,24.4
92200,24.488,24.4
92300,24.488,24.4
92400,24.488,24.4
92500,24.488,24.4
92600,24.488,24.4
92700,24.488,24.4
92800,24.488,24.4
92900,24.488,24.4
93000,24.488,24.4
93100,24.488,24.4
93200,24.488,24.4
93300,24.488,24.4
93400,24.488,24.4
93500,24.488,24.4
93600,24.488,24.4
93700,24.488,24.4
93800,24.488,24.4
93900,24.488,24.4
94000,24.488,24.4
94100,24.488,24.4
94200,24.488,24.4
94300,24.488,24.4
94400,24.488,24.4
94500,24.488,24.4
94600,24.488,24.4
94700,24.488,24.4
94800,24.488,24.4
94900,24.488,24.4
95000,24.488,24.4
95100,24.488,24.4
95200,24.488,24.4
95300,24.488,24.4
95400,24.488,24.4
95500,24.488,24.4
95600,24.488,24.4
95700,24.488,24.4
95800,24.488,24.4
95900,24.488,24.4
96000,24.488,24.4
96100,24.488,24.4
96200,24.488,24.4
96300,24.488,24.4
96400,24.488,24.4
96500,24.488,24.4
96600,24.488,24.4
96700,24.488,24.4
96800,24.488,24.4
96900,24.488,24.4
97000,24.488,24.4
97100,24.488,24.4
97200,24.488,24.4
97300,24.488,24.4
97400,24.488,24.4
97500,24.488,24.4
97600,24.488,24.4
97700,24.488,24.4
97800,24.488,24.4
97900,24.488,24.4
98000,24.488,24.4
98100,24.488,24.4
98200,24.488,24.4
98300,24.448,24.6
98400,24.448,24.6
98500,24.448,24.6
98600,24.448,24.6
98700,24.240000000000002,24.6
98800,24.240000000000002,24.6
98900,24.240000000000002,24.6
99000,24.240000000000002,24.6
99100,24.240000000000002,24.6
99200,24.240000000000002,24.6
99300,24.240000000000002,24.6
99400,24.240000000000002,24.6
99500,24.240000000000002,24.6
99600,24.240000000000002,24.6
99700,24.240000000000002,24.6
99800,24.240000000000002,24.6
99900,24.240000000000002,24.6
100000,24.240000000000002,24.6
100100,24.240000000000002,24.6
100200,24.240000000000002,24.6
100300,24.240000000000002,24.6
100400,24.240000000000002,24.6
100500,24.240000000000002,24.6
100600,24.240000000000002,24.6
100700,24.240000000000002,24.6
100800,24.240000000000002,24.6
100900,24.240000000000002,24.6
101000,24.240000000000002,24.6
101100,24.240000000000002,24.6
101200,24.240000000000002,24.6
101300,24.240000000000002,24.6
101400,24.240000000000002,24.6
101500,24.240000000000002,24.6
101600,24.240000000000002,24.6
101700,24.240000000000002,24.6
101800,24.240000000000002,24.6
101900,24.240000000000002,24.6
102000,24.240000000000002,24.6
102100,24.240000000000002,24.6
102200,24.240000000000002,24.6
102300,24.240000000000002,24.6
102400,24.240000000000002,24.6
102500,24.240000000000002,24.6
102600,24.240000000000002,24.6
102700,24.240000000000002,24.6
102800,24.240000000000002,24.6
102900,24.240000000000002,24.6
103000,24.240000000000002,24.6
103100,24.240000000000002,24.6
103200,24.240000000000002,24.6
103300,24.240000000000002,24.6
103400,24.240000000000002,24.6
103500,24.240000000000002,24.6
103600,24.240000000000002,24.6
103700,24.240000000000002,24.6
103800,24.240000000000002,24.6
103900,24.240000000000002,24.6
104000,24.240000000000002,24.6
104100,24.240000000000002,24.6
104200,24.240000000000002,24.6
104300,24.240000000000002,24.6
104400,24.240000000000002,24.6
104500,24.240000000000002,24.6
104600,24.240000000000002,24.6
104700,24.240000000000002,24.6
104800,24.240000000000002,24.6
104900,24.240000000000002,24.6
105000,24.240000000000002,24.6
105100,24.240000000000002,24.6
105200,24.240000000000002,24.6
105300,24.240000000000002,24.6
105400,24.240000000000002,24.6
105500,24.240000000000002,24.6
105600,24.240000000000002,24.6
105700,24.240000000000002,24.6
105800,24.240000000000002,24.6
105900,24.240000000000002,24.6
106000,24.240000000000002,24.6
106100,24.240000000000002,24.6
106200,24.240000000000002,24.6
106300,24.240000000000002,24.6
106400,24.240000000000002,24.6
106500,24.240000000000002,24.6
106600,24.240000000000002,24.6
106700,24.240000000000002,24.6
106800,24.240000000000002,24.6
106900,24.240000000000002,24.6
107000,24.240000000000002,24.6
107100,24.240000000000002,24.6
107200,24.240000000000002,24.6
107300,24.240000000000002,24.6
107400,24.240000000000002,24.6
107500,24.240000000000002,24.6
107600,24.240000000000002,24.6
107700,24.240000000000002,24.6
107800,24.240000000000002,24.6
107900,24.240000000000002,24.6
108000,24.240000000000002,24.6
108100,24.240000000000002,24.6
108200,24.240000000000002,24.6
108300,24.240000000000002,24.6
108400,24.240000000000002,24.6
108500,24.240000000000002,24.6
108600,24.240000000000002,24.6
108700,24.240000000000002,24.6
108800,24.240000000000002,24.6
108900,24.240000000000002,24.6
109000,24.240000000000002,24.6
109100,24.240000000000002,24.6
109200,24.240000000000002,24.6
109300,24.240000000000002,24.6
109400,24.240000000000002,24.6
109500,24.240000000000002,24.6
109600,24.240000000000002,24.6
109700,24.240000000000002,24.6
109800,24.240000000000002,24.6
109900,24.240000000000002,24.6
110000,24.240000000000002,24.6
110100,24.240000000000002,24.6
110200,24.240000000000002,24.6
110300,24.240000000000002,24.6
110400,24.240000000000002,24.6
110500,24.240000000000002,24.6
110600,24.240000000000002,24.6
110700,24.240000000000002,24.6
110800,24.240000000000002,24.6
110900,24.240000000000002,24.6
111000,24.240000000000002,24.6
111100,24.240000000000002,24.6
111200,24.240000000000002,24.6
111300,24.240000000000002,24.6
111400,24.240000000000002,24.6
111500,24.240000000000002,24.6
111600,24.240000000000002,24.6
111700,24.240000000000002,24.6
111800,24.240000000000002,24.6
111900,24.240000000000002,24.6
112000,24.240000000000002,24.6
112100,24.240000000000002,24.6
112200,24.240000000000002,24.6
112300,24.240000000000002,24.6
112400,24.240000000000002,24.6
112500,24.240000000000002,24.6
112600,24.240000000000002,24.6
112700,24.240000000000002,24.6
112800,24.240000000000002,24.6
112900,24.240000000000002,24.6
113000,24.240000000000002,24.6
113100,24.240000000000002,24.6
113200,24.240000000000002,24.6
113300,24.240000000000002,24.6
113400,24.240000000000002,24.6
113500,24.240000000000002,24.6
113600,24.240000000000002,24.6
113700,24.240000000000002,24.6
113800,24.240000000000002,24.6
113900,24.240000000000002,24.6
114000,24.240000000000002,24.6
114100,24.240000000000002,24.6
114200,24.240000000000002,24.6
114300,24.240000000000002,24.6
114400,24.240000000000002,24.6
114500,24.240000000000002,24.6
114600,24.240000000000002,24.6
114700,24.240000000000002,24.6
114800,24.240000000000002,24.6
114900,24.240000000000002,24.6
115000,24.240000000000002,24.6
115100,24.240000000000002,24.6
115200,24.240000000000002,24.6
115300,24.240000000000002,24.6
115400,24.240000000000002,24.6
115500,24.240000000000002,24.6
115600,24.240000000000002,24.6
115700,24.240000000000002,24.6
115800,24.240000000000002,24.6
115900,24.240000000000002,24.6
116000,24.240000000000002,24.6
116100,24.240000000000002,24.6
116200,24.240000000000002,24.6
116300,24.240000000000002,24.6
116400,24.240000000000002,24.6
116500,24.240000000000002,24.6
116600,24.240000000000002,24.6
116700,24.240000000000002,24.6
116800,24.240000000000002,24.6
116900,24.240000000000002,24.6
117000,24.240000000000002,24.6
117100,24.240000000000002,24.6
117200,24.240000000000002,24.6
117300,24.240000000000002,24.6
117400,24.240000000000002,24.6
117500,24.240000000000002,24.6
117600,24.240000000000002,24.6
117700,24.240000000000002,24.6
117800,24.240000000000002,24.6
117900,24.240000000000002,24.6
118000,24.240000000000002,24.6
118100,24.240000000000002,24.6
118200,24.240000000000002,24.6
118300,24.240000000000002,24.6
118400,24.240000000000002,24.6
118500,24.240000000000002,24.6
118600,24.240000000000002,24.6
118700,24.240000000000002,24.6
118800,24.240000000000002,24.6
118900,24.240000000000002,24.6
119000,24.240000000000002,24.6
119100,24.240000000000002,24.6
119200,24.240000000000002,24.6
119300,24.240000000000002,24.6
119400,24.240000000000002,24.6
119500,24.240000000000002,24.6
119600,24.240000000000002,24.6
119700,24.240000000000002,24.6
119800,24.240000000000002,24.6
119900,24.240000000000002,24.6
120000,24.240000000000002,24.6
120100,24.240000000000002,24.6
120200,24.240000000000002,24.6
120300,24.240000000000002,24.6
120400,24.240000000000002,24.6
120500,24.240000000000002,24.6
120600,24.240000000000002,24.6
120700,24.240000000000002,24.6
120800,24.240000000000002,24.6
120900,24.240000000000002,24.6
121000,24.240000000000002,24.6
121100,24.240000000000002,24.6
121200,24.240000000000002,24.6
121300,24.240000000000002,24.6
121400,24.240000000000002,24.6
121500,24.240000000000002,24.6
121600,24.240000000000002,24.6
121700,24.240000000000002,24.6
121800,24.240000000000002,24.6
121900,24.240000000000002,24.6
122000,24.240000000000002,24.6
122100,24.240000000000002,24.6
122200,24.240000000000002,24.6
122300,24.240000000000002,24.6
122400,24.240000000000002,24.6
122500,24.240000000000002,24.6
122600,24.240000000000002,24.6
122700,24.240000000000002,24.6
122800,24.240000000000002,24.6
122900,24.240000000000002,24.6
123000,24.240000000000002,24.6
123100,24.240000000000002,24.6
123200,24.240000000000002,24.6
123300,24.240000000000002,24.6
123400,24.240000000000002,24.6
123500,24.240000000000002,24.6
123600,24.240000000000002,24.6
123700,24.240000000000002,24.6
123800,24.240000000000002,24.6
123900,24.240000000000002,24.6
124000,24.240000000000002,24.6
124100,24.240000000000002,24.6
124200,24.240000000000002,24.6
124300,24.240000000000002,24.6
124400,24.240000000000002,24.6
124500,24.240000000000002,24.6
124600,24.240000000000002,24.6
124700,24.240000000000002,24.6
124800,24.240000000000002,24.6
124900,24.240000000000002,24.6
125000,24.240000000000002,24.6
125100,24.240000000000002,24.6
125200,24.240000000000002,24.6
125300,24.240000000000002,24.6
125400,24.240000000000002,24.6
125500,24.240000000000002,24.6
125600,24.240000000000002,24.6
125700,24.240000000000002,24.6
125800,24.240000000000002,24.6
125900,24.240000000000002,24.6
126000,24.240000000000002,24.6
126100,24.240000000000002,24.6
126200,24.240000000000002,24.6
126300,24.240000000000002,24.6
126400,24.240000000000002,24.6
126500,24.240000000000002,24.6
126600,24.240000000000002,24.6
126700,24.024,24.6
126800,24.024,24.6
126900,24.024,24.6
127000,24.024,24.6
127100,24.024,24.6
127200,24.024,24.6
127300,24.024,24.6
127400,24.024,24.6
127500,24.024,24.6
127600,24.024,24.6
127700,24.024,24.6
127800,24.024,24.6
127900,24.024,24.6
128000,24.024,24.6
128100,24.024,24.6
128200,24.024,24.6
128300,24.024,24.6
128400,24.024,24.6
128500,24.024,24.6
128600,24.024,24.6
128700,24.024,24.6
128800,24.024,24.6
128900,24.024,24.6
129000,24.024,24.6
129100,24.024,24.6
129200,24.024,24.6
129300,24.024,24.6
129400,24.024,24.6
129500,24.024,24.6
129600,24.024,24.6
129700,24.024,24.6
129800,24.024,24.6
129900,24.024,24.6
130000,24.024,24.6
130100,24.024,24.6
130200,24.024,24.6
130300,24.024,24.6
130400,24.024,24.6
130500,24.024,24.6
130600,24.024,24.6
130700,24.024,24.6
130800,24.024,24.6
130900,24.024,24.6
131000,24.024,24.6
131100,24.024,24.6
131200,24.024,24.6
131300,24.024,24.6
131400,24.024,24.6
131500,24.024,24.6
131600,24.024,24.6
131700,24.024,24.6
131800,24.024,24.6
131900,24.024,24.6
132000,24.024,24.6
132100,24.024,24.6
132200,24.024,24.6
132300,24.024,24.6
132400,24.024,24.6
132500,24.024,24.6
132600,24.024,24.6
132700,24.024,24.6
132800,24.024,24.6
132900,24.024,24.6
133000,24.024,24.6
133100,24.024,24.6
133200,24.024,24.6
133300,24.024,24.6
133400,24.024,24.6
133500,24.024,24.6
133600,24.024,24.6
133700,24.024,24.6
133800,24.024,24.6
133900,24.024,24.6
134000,24.024,24.6
134100,24.024,24.6
134200,24.024,24.6
134300,24.024,24.6
134400,24.024,24.6
134500,24.024,24.6
134600,24.024,24.6
134700,24.024,24.6
134800,24.024,24.6
134900,24.024,24.6
135000,24.024,24.6
135100,24.024,24.6
135200,24.024,24.6
135300,24.024,24.6
135400,24.024,24.6
135500,24.024,24.6
135600,24.024,24.6
135700,24.024,24.6
135800,24.024,24.6
135900,24.024,24.6
136000,24.024,24.6
136100,24.024,24.6
136200,24.024,24.6
136300,24.024,24.6
136400,24.024,24.6
136500,24.024,24.6
136600,24.024,24.6
136700,24.024,24.6
136800,24.024,24.6
136900,24.024,24.6
137000,24.024,24.6
137100,24.024,24.6
137200,24.024,24.6
137300,24.024,24.6
137400,24.024,24.6
137500,24.024,24.6
137600,24.024,24.6
137700,24.024,24.6
137800,24.024,24.6
137900,24.024,24.6
138000,24.024,24.6
138100,24.024,24.6
138200,24.024,24.6
138300,24.024,24.6
138400,24.024,24.6
138500,23.791999999999998,24.6
138600,23.791999999999998,24.6
138700,23.791999999999998,24.6
138800,23.791999999999998,24.6
138900,23.791999999999998,24.6
139000,23.791999999999998,24.6
139100,23.791999999999998,24.6
139200,23.791999999999998,24.6
139300,23.791999999999998,24.6
139400,23.791999999999998,24.6
139500,23.791999999999998,24.6
139600,23.791999999999998,24.6
139700,23.791999999999998,24.6
139800,23.791999999999998,24.6
139900,23.791999999999998,24.6
140000,23.791999999999998,24.6
140100,23.791999999999998,24.6
140200,23.791999999999998,24.6
140300,23.791999999999998,24.6
140400,23.791999999999998,24.6
140500,23.791999999999998,24.6
140600,23.791999999999998,24.6
140700,23.791999999999998,24.6
140800,23.791999999999998,24.6
140900,23.791999999999998,24.6
141000,23.791999999999998,24.6
141100,23.791999999999998,24.6
141200,23.791999999999998,24.6
141300,23.791999999999998,24.6
141400,23.791999999999998,24.6
141500,23.791999999999998,24.6
141600,23.791999999999998,24.6
141700,23.791999999999998,24.6
141800,23.791999999999998,24.6
141900,23.791999999999998,24.6
142000,23.791999999999998,24.6
142100,23.791999999999998,24.6
142200,23.791999999999998,24.6
142300,23.791999999999998,24.6
142400,23.791999999999998,24.6
142500,23.791999999999998,24.6
142600,23.791999999999998,24.6
142700,23.791999999999998,24.6
142800,23.791999999999998,24.6
142900,23.791999999999998,24.6
143000,23.791999999999998,24.6
143100,23.791999999999998,24.6
143200,23.791999999999998,24.6
143300,23.791999999999998,24.6
143400,23.791999999999998,24.6
143500,23.791999999999998,24.6
143600,23.688,24.6
143700,23.688,24.6
143800,23.688,24.6
143900,23.688,24.6
144000,23.688,24.6
144100,23.688,24.6
144200,23.688,24.6
144300,23.688,24.6
144400,23.688,24.6
144500,23.688,24.6
144600,23.688,24.6
144700,23.688,24.6
144800,23.688,24.6
144900,23.688,24.6
145000,23.688,24.6
145100,23.688,24.6
145200,23.688,24.6
145300,23.688,24.6
145400,23.688,24.6
145500,23.688,24.6
145600,23.688,24.6
145700,23.688,24.6
145800,23.688,24.6
145900,23.472,24.6
146000,23.472,24.6
146100,23.472,24.6
146200,23.472,24.6
146300,23.472,24.6
146400,23.472,24.6
146500,23.472,24.6
146600,23.472,24.6
146700,23.472,24.6
146800,23.472,24.6
146900,23.472,24.6
147000,23.472,24.6
147100,23.472,24.6
147200,23.472,24.6
147300,23.472,24.6
147400,23.472,24.6
147500,23.472,24.6
147600,23.472,24.6
147700,23.472,24.6
147800,23.472,24.6
147900,23.472,24.6
148000,23.472,24.6
148100,23.472,24.6
148200,23.472,24.6
148300,23.472,24.6
148400,23.472,24.6
148500,23.472,24.6
148600,23.472,24.6
148700,23.472,24.6
148800,23.472,24.6
148900,23.472,24.6
149000,23.472,24.6
149100,23.472,24.6
149200,23.472,24.6
149300,23.472,24.6
149400,23.472,24.6
149500,23.472,24.6
149600,23.472,24.6
149700,23.472,24.6
149800,23.472,24.6
149900,23.472,24.6
150000,23.472,24.6
150100,23.472,24.6
150200,23.472,24.6
150300,23.472,24.6
150400,23.472,24.6
150500,23.472,24.6
150600,23.472,24.6
150700,23.472,24.6
150800,23.472,24.6
150900,23.472,24.6
151000,23.472,24.6
151100,23.472,24.6
151200,23.472,24.6
151300,23.472,24.6
151400,23.472,24.6
151500,23.472,24.6
151600,23.472,24.6
151700,23.472,24.6
151800,23.472,24.6
151900,23.24,24.6
152000,23.24,24.6
152100,23.24,24.6
152200,23.24,24.6
152300,23.24,24.6
152400,23.24,24.6
152500,23.24,24.6
152600,23.24,24.6
152700,23.24,24.6
152800,23.24,24.6
152900,23.24,24.6
153000,23.24,24.6
153100,23.24,24.6
153200,23.24,24.6
153300,23.24,24.6
153400,23.24,24.6
153500,23.24,24.6
153600,23.24,24.6
153700,23.24,24.6
153800,23.24,24.6
153900,23.24,24.6
154000,23.24,24.6
154100,23.24,24.6
154200,23.24,24.6
154300,23.24,24.6
154400,23.24,24.6
154500,23.24,24.6
154600,23.24,24.6
154700,23.24,24.6
154800,23.24,24.6
154900,23.24,24.6
155000,23.24,24.6
155100,23.24,24.6
155200,23.24,24.6
155300,23.24,24.6
155400,23.24,24.6
155500,23.24,24.6
155600,23.24,24.6
155700,23.24,24.6
155800,23.24,24.6
155900,23.24,24.6
156000,23.24,24.6
156100,23.24,24.6
156200,23.24,24.6
156300,23.24,24.6
156400,23.24,24.6
156500,23.24,24.6
156600,23.24,24.6
156700,23.24,24.6
156800,23.24,24.6
156900,23.24,24.6
157000,23.24,24.6
157100,23.24,24.6
157200,23.24,24.6
157300,23.24,24.6
157400,23.24,24.6
157500,23.24,24.6
157600,23.24,24.6
157700,23.24,24.6
157800,23.24,24.6
157900,23.24,24.6
158000,23.24,24.6
158100,23.24,24.6
158200,23.24,24.6
158300,23.24,24.6
158400,23.24,24.6
158500,23.24,24.6
158600,23.24,24.6
158700,23.24,24.6
158800,23.24,24.6
158900,23.24,24.6
159000,23.24,24.6
159100,23.24,24.6
159200,23.24,24.6
159300,23.24,24.6
159400,23.24,24.6
159500,23.24,24.6
159600,23.24,24.6
159700,23.24,24.6
159800,23.24,24.6
159900,23.24,24.6
160000,23.24,24.6
160100,23.24,24.6
160200,23.24,24.6
160300,23.24,24.6
160400,23.24,24.6
160500,23.24,24.6
160600,23.24,24.6
160700,23.24,24.6
160800,23.24,24.6
160900,23.24,24.6
161000,23.24,24.6
161100,23.24,24.6
161200,23.24,24.6
161300,23.24,24.6
161400,23.24,24.6
161500,23.24,24.6
161600,23.24,24.6
161700,23.24,24.6
161800,23.24,24.6
161900,23.24,24.6
162000,23.24,24.6
162100,23.24,24.6
162200,23.24,24.6
162300,23.24,24.6
162400,23.24,24.6
162500,23.24,24.6
162600,23.24,24.6
162700,23.24,24.6
162800,23.24,24.6
162900,23.24,24.6
163000,23.24,24.6
163100,23.24,24.6
163200,23.24,24.6
163300,23.24,24.6
163400,23.24,24.6
163500,23.24,24.6
163600,23.24,24.6
163700,23.24,24.6
163800,23.24,24.6
163900,23.24,24.6
164000,23.24,24.6
164100,23.24,24.6
164200,23.24,24.6
164300,23.24,24.6
164400,23.24,24.6
164500,23.24,24.6
164600,23.24,24.6
164700,23.24,24.6
164800,23.24,24.6
164900,23.24,24.6
165000,23.24,24.6
165100,23.24,24.6
165200,23.24,24.6
165300,23.24,24.6
165400,23.24,24.6
165500,23.24,24.6
165600,23.24,24.6
165700,23.24,24.6
165800,23.016,24.6
165900,23.016,24.6
166000,23.016,24.6
166100,23.016,24.6
166200,23.016,24.6
166300,23.016,24.6
166400,23.016,24.6
166500,23.016,24.6
166600,23.016,24.6
166700,23.016,24.6
166800,23.016,24.6
166900,23.016,24.6
167000,23.016,24.6
167100,23.016,24.6
167200,23.016,24.6
167300,23.016,24.6
167400,23.016,24.6
167500,23.016,24.6
167600,23.016,24.6
167700,23.016,24.6
167800,23.016,24.6
167900,23.016,24.6
168000,23.016,24.6
168100,23.016,24.6
168200,23.016,24.6
168300,23.016,24.6
168400,23.016,24.6
168500,23.016,24.6
168600,23.016,24.6
168700,23.016,24.6
168800,23.016,24.6
168900,23.016,24.6
169000,23.016,24.6
169100,23.016,24.6
169200,23.016,24.6
169300,23.016,24.6
169400,23.016,24.6
169500,23.016,24.6
169600,23.016,24.6
169700,23.016,24.6
169800,23.016,24.6
169900,23.016,24.6
170000,23.016,24.6
170100,23.016,24.6
170200,23.016,24.6
170300,23.016,24.6
170400,23.016,24.6
170500,23.016,24.6
170600,23.016,24.6
170700,23.016,24.6
170800,23.016,24.6
170900,23.016,24.6
171000,23.016,24.6
171100,23.016,24.6
171200,23.016,24.6
171300,23.016,24.6
171400,23.016,24.6
171500,23.016,24.6
171600,23.016,24.6
171700,23.016,24.6
171800,23.016,24.6
171900,23.016,24.6
172000,23.016,24.6
172100,23.016,24.6
172200,23.016,24.6
172300,23.016,24.6
172400,23.016,24.6
172500,23.016,24.6
172600,23.016,24.6
172700,23.016,24.6
172800,23.016,24.6
172900,23.016,24.6
173000,23.016,24.6
173100,23.016,24.6
173200,23.016,24.6
173300,23.016,24.6
173400,23.016,24.6
173500,23.016,24.6
173600,22.208000000000002,24.6
173700,22.208000000000002,24.6
173800,22.208000000000002,24.6
173900,22.208000000000002,24.6
174000,22.208000000000002,24.6
174100,22.208000000000002,24.6
174200,22.208000000000002,24.6
174300,22.208000000000002,24.6
174400,22.208000000000002,24.6
174500,22.208000000000002,24.6
174600,22.208000000000002,24.6
174700,22.208000000000002,24.6
174800,22.208000000000002,24.6
174900,22.208000000000002,24.6
175000,22.208000000000002,24.6
175100,22.208000000000002,24.6
175200,22.208000000000002,24.6
175300,22.208000000000002,24.6
175400,22.208000000000002,24.6
175500,22.208000000000002,24.6
175600,22.208000000000002,24.6
175700,22.208000000000002,24.6
175800,22.208000000000002,24.6
175900,22.208000000000002,24.6
176000,22.208000000000002,24.6
176100,22.208000000000002,24.6
176200,22.208000000000002,24.6
176300,22.208000000000002,24.6
176400,22.208000000000002,24.6
176500,22.208000000000002,24.6
176600,22.208000000000002,24.6
176700,22.208000000000002,24.6
176800,22.208000000000002,24.6
176900,22.208000000000002,24.6
177000,22.208000000000002,24.6
177100,22.208000000000002,24.6
177200,22.208000000000002,24.6
177300,22.208000000000002,24.6
177400,22.208000000000002,24.6
177500,22.208000000000002,24.6
177600,22.208000000000002,24.6
177700,22.208000000000002,24.6
177800,22.208000000000002,24.6
177900,22.208000000000002,24.6
178000,22.208000000000002,24.6
178100,22.208000000000002,24.6
178200,22.208000000000002,24.6
178300,22.208000000000002,24.6
178400,22.208000000000002,24.6
178500,22.208000000000002,24.6
178600,22.208000000000002,24.6
178700,22.208000000000002,24.6
178800,22.208000000000002,24.6
178900,22.208000000000002,24.6
179000,22.208000000000002,24.6
179100,22.208000000000002,24.6
179200,22.208000000000002,24.6
179300,22.208000000000002,24.6
179400,22.208000000000002,24.6
179500,22.208000000000002,24.6
179600,22.208000000000002,24.6
179700,22.208000000000002,24.6
179800,22.208000000000002,24.6
179900,22.208000000000002,24.6
180000,22.208000000000002,24.6
180100,22.208000000000002,24.6
180200,22.208000000000002,24.6
180300,22.208000000000002,24.6
180400,22.208000000000002,24.6
180500,22.208000000000002,24.6
180600,22.208000000000002,24.6
180700,22.208000000000002,24.6
180800,22.208000000000002,24.6
180900,22.208000000000002,24.6
181000,22.208000000000002,24.6
181100,22.208000000000002,24.6
181200,22.208000000000002,24.6
181300,22.208000000000002,24.6
181400,22.208000000000002,24.6
181500,22.208000000000002,24.6
181600,22.208000000000002,24.6
181700,22.208000000000002,24.6
181800,22.208000000000002,24.6
181900,22.208000000000002,24.6
182000,22.208000000000002,24.6
182100,22.208000000000002,24.6
182200,22.208000000000002,24.6
182300,22.208000000000002,24.6
182400,22.208000000000002,24.6
182500,22.208000000000002,24.6
182600,22.208000000000002,24.6
182700,22.208000000000002,24.6
182800,22.208000000000002,24.6
182900,22.208000000000002,24.6
183000,22.208000000000002,24.6
183100,22.208000000000002,24.6
183200,22.208000000000002,24.6
183300,22.208000000000002,24.6
183400,22.208000000000002,24.6
183500,22.208000000000002,24.6
183600,22.208000000000002,24.6
183700,22.208000000000002,24.6
183800,22.12,24.6
183900,22.12,24.6
184000,22.12,24.6
184100,22.12,24.6
184200,22.12,24.6
184300,22.12,24.6
184400,22.12,24.6
184500,22.12,24.6
184600,22.12,24.6
184700,22.12,24.6
184800,22.12,24.6
184900,22.12,24.6
185000,22.12,24.6
185100,22.12,24.6
185200,22.12,24.6
185300,22.12,24.6
185400,22.12,24.6
185500,22.12,24.6
185600,22.12,24.6
185700,22.12,24.6
185800,22.12,24.6
185900,22.12,24.6
186000,22.12,24.6
186100,22.12,24.6
186200,22.12,24.6
186300,22.12,24.6
186400,22.12,24.6
186500,22.12,24.6
186600,22.12,24.6
186700,22.12,24.6
186800,22.12,24.6
186900,22.12,24.6
187000,22.12,24.6
187100,22.12,24.6
187200,22.12,24.6
187300,22.12,24.6
187400,22.12,24.6
187500,22.12,24.6
187600,22.12,24.6
187700,22.12,24.6
187800,22.12,24.6
187900,22.12,24.6
188000,22.12,24.6
188100,22.12,24.6
188200,22.12,24.6
188300,22.12,24.6
188400,22.12,24.6
188500,22.12,24.6
188600,22.12,24.6
188700,22.12,24.6
188800,22.12,24.6
188900,22.12,24.6
189000,22.12,24.6
189100,22.12,24.6
189200,22.12,24.6
189300,22.12,24.6
189400,22.12,24.6
189500,22.12,24.6
189600,22.12,24.6
189700,22.12,24.6
189800,22.12,24.6
189900,22.12,24.6
190000,22.12,24.6
190100,22.12,24.6
190200,22.12,24.6
190300,22.12,24.6
190400,22.12,24.6
190500,22.12,24.6
190600,22.12,24.6
190700,22.12,24.6
190800,22.12,24.6
190900,22.12,24.6
191000,22.12,24.6
191100,22.12,24.6
191200,22.12,24.6
191300,22.12,24.6
191400,22.12,24.6
191500,22.12,24.6
191600,22.12,24.6
191700,22.12,24.6
191800,22.12,24.6
191900,22.12,24.6
192000,22.12,24.6
192100,22.12,24.6
192200,22.12,24.6
192300,22.12,24.6
192400,22.12,24.6
192500,22.12,24.6
192600,22.12,24.6
192700,22.12,24.6
192800,21.880000000000003,24.6
192900,21.880000000000003,24.6
193000,21.880000000000003,24.6
193100,21.880000000000003,24.6
193200,21.880000000000003,24.6
193300,21.880000000000003,24.6
193400,21.880000000000003,24.6
193500,21.880000000000003,24.6
193600,21.880000000000003,24.6
193700,21.880000000000003,24.6
193800,21.880000000000003,24.6
193900,21.880000000000003,24.6
194000,21.880000000000003,24.6
194100,21.880000000000003,24.6
194200,21.880000000000003,24.6
194300,21.880000000000003,24.6
194400,21.880000000000003,24.6
194500,21.880000000000003,24.6
194600,21.880000000000003,24.6
194700,21.880000000000003,24.6
194800,21.880000000000003,24.6
194900,21.880000000000003,24.6
195000,21.880000000000003,24.6
195100,21.880000000000003,24.6
195200,21.880000000000003,24.6
195300,21.880000000000003,24.6
195400,21.880000000000003,24.6
195500,21.880000000000003,24.6
195600,21.880000000000003,24.6
195700,21.880000000000003,24.6
195800,21.880000000000003,24.6
195900,21.880000000000003,24.6
196000,21.880000000000003,24.6
196100,21.880000000000003,24.6
196200,21.880000000000003,24.6
196300,21.880000000000003,24.6
196400,21.880000000000003,24.6
196500,21.856,24.6
196600,21.856,24.6
196700,21.856,24.6
196800,21.856,24.6
196900,21.856,24.6
197000,21.856,24.6
197100,21.856,24.6
197200,21.856,24.6
197300,21.856,24.6
197400,21.856,24.6
197500,21.856,24.6
197600,21.856,24.6
197700,21.856,24.6
197800,21.856,24.6
197900,21.856,24.6
198000,21.856,24.6
198100,21.856,24.6
198200,21.856,24.6
198300,21.856,24.6
198400,21.856,24.6
198500,21.856,24.6
198600,21.856,24.6
198700,21.856,24.6
198800,21.856,24.6
198900,21.856,24.6
199000,21.856,24.6
199100,21.856,24.6
199200,21.856,24.6
199300,21.856,24.6
199400,21.856,24.6
199500,21.856,24.6
199600,21.856,24.6
199700,21.856,24.6
199800,21.856,24.6
199900,21.856,24.6
199999,21.856,24.6

START ALGORITHM
h1: (a34) * (b51)
h7: (a54) * (-b31 - b32)
h15: (a12) * (b31 + b12)
h19: (a52) * (b33 + b32 - b33)
h20: (a23 + a55 + a55) * (b35 + b14 + b32 - b11 - b22 - b51)
h22: (a22 - a32 - a55 - a31) * (b13)
h27: (-a31) * (b25 + b12 + b15 - b12 - b52)
h30: (a43 - a15 - a24 - a23) * (b25 + b33 - b45)
h34: (a53 - a15 - a12) * (b51 + b54 - b11)
h39: (a44 + a33 - a51) * (b13 + b32 + b13 + b15 - b53 - b35 - b42 - b31)
h41: (a13) * (b35 - b22 - b51 - b52)
h45: (a22) * (b13 + b43 + b25 - b22 - b43 - b52)
h52: (-a53 - a53) * (b11 + b23 + b31 + b23 + b13 - b11 - b12)
h56: (a43 - a42) * (b34 - b41 - b31 - b55)
h57: (-a54) * (b45 + b55 + b23 + b53 - b53 - b45 - b51)
h59: (a55) * (b52 + b42 + b33 + b22 - b32 - b55 - b31 - b22 - b21)
h61: (-a24 - a25) * (b55 + b51 + b55 + b33 + b42 + b55 + b32 + b22 - b55 - b33 - b31 - b33 - b45 - b11)
h62: (a12 - a14 - a44 - a25 - a35) * (b44 + b41 + b22 + b15 + b42 + b23 - b22 - b43 - b22 - b25)
h63: (-a13) * (b35 + b52 + b31 + b25 + b42 + b35 - b55 - b35 - b54 - b25 - b31)
h67: (-a45) * (b55 + b55 + b22 + b31 + b42 - b24)
h78: (a42 - a45) * (b23 + b33 - b35 - b44 - b13 - b42 - b35)
h79: (-a15) * (b52 + b33)
h80: (a45) * (b22 - b25)
h83: (a45 - a43) * (b45 + b22 + b13 + b12 + b33 - b35 - b21)
h85: (a12 - a13 - a44) * (b51 + b12 + b45 - b24)
h90: (a52) * (b23 + b44 - b42 - b43 - b51)
h94: (a45 - a35) * (b43 + b31 + b21 - b53 - b44 - b53 - b11)
h101: (a52) * (b11 + b13 - b34)
h109: (a14 + a12 - a14) * (-b35 - b52)
h113: (a15) * (-b22 - b54)
h114: (a24 + a34 - a12) * (b41 - b45 - b25 - b14 - b21 - b35 - b41 - b14 - b22)
h116: (-a54 - a35) * (b52 - b22 - b54)
h120: (a23 - a21) * (b45 + b41 + b51 - b34)
h128: (a12 + a34 + a24 + a41 - a44 - a55) * (b42 + b34 + b24 + b22 - b45 - b21 - b51)
h218: (a32 + a43 + a33 - a13 - a12) * (b24)
h225: (-a52) * (-b31)
h247: (a11) * (b33 + b12 + b13 - b41 - b25 - b53)
h273: (a34 - a45) * (-b11)
h325: (a41 - a22 - a33) * (b14 + b45 - b25)
h382: (a53) * (b43 + b12 + b22 + b53 + b52 + b42 + b21 + b25 + b45 + b52 - b15 - b15 - b35 - b12 - b23 - b21 - b34 - b34 - b11)
h389: (a13 + a55) * (b45)
h524: (a23) * (-b53 - b32)
h714: (a44 + a25 + a32 + a52 + a45 - a15 - a13 - a53 - a55 - a23 - a15) * (b14)
h839: (a13 + a24 - a52 - a55 - a45 - a13) * (b32 + b33 + b31 + b55 + b55 + b44 - b34 - b41 - b13 - b11 - b44 - b42 - b35)
h872: (a35) * (b21 + b24 + b51 + b51 + b23 - b43 - b45)
h1145: (a43 - a53) * (b33 + b11 + b24 + b21 + b52 + b21 + b44 + b15 - b53 - b24 - b32 - b25)
h1248: (-a31) * (b42 + b45 - b33 - b55 - b42 - b34 - b53 - b35 - b53 - b24)
h1856: (-a23 - a15) * (b13 + b25 + b51)
h1972: (a54 - a12) * (b35)
h2395: (-a11 - a31) * (b43 + b25 + b13 + b32 - b31 - b15 - b35 - b34 - b52)
h3502: (-a21) * (b32 + b25 - b23 - b51 - b15)
h3946: (a33 + a34) * (b12 + b14 + b35 + b42 + b11 - b51)
h4003: (a24) * (b42 + b22 + b33 + b12 + b35 + b13 + b22 + b25 + b14 + b35 + b21 + b25 + b14 - b25 - b45 - b33 - b14 - b14)
h4397: (a25) * (b25 + b21 - b35)
h6058: (a11) * (b32 + b34 + b15 + b44 + b54 - b31 - b33 - b12 - b11)
h6651: (-a45 - a31 - a52) * (b41 + b44 - b42 - b21 - b33)
h6891: (-a44) * (b31 - b54)
h7708: (a41) * (b34 + b34 + b21 + b35 - b51)
h7952: (a35 - a44) * (b32 + b14)
h8229: (-a13) * (b34 + b15 - b11)
h8237: (-a54) * (b21)
h9696: (a14 + a55 - a35 - a23) * (-b24)
h12022: (-a25) * (b41 + b25 + b44 + b42 + b35 + b33 + b33 - b34)
h13722: (a11 + a45 + a54) * (-b15 - b43)
h15456: (-a24 - a52) * (b52 + b53 + b14 - b44 - b25 - b25 - b33 - b14)
h16108: (a43) * (b21 + b25)
h16224: (a42) * (b21 - b34)
h36994: (a12) * (-b25)
h51860: (a34) * (b33 + b32 + b42 - b43)
h62222: (a42 + a43) * (b14 + b31 + b42 - b53 - b13 - b21 - b33 - b45 - b22)
h65160: (-a32) * (b53 - b53 - b45 - b35)
h68930: (a41 + a13 - a45) * (b21 + b15)
c11: h325 + h27 + h1856 - h57 
c12: h30 + h15 + h8229 - h34 
c13: h22 + h27 + h27 
c14: h247 + h61 + h12022 
c15: h6891 - h101 - h872 - h9696 
c21: h114 + h16108 + h16224 - h6058 
c22: h218 - h22 - h325 
c23: h30 + h27 + h3946 + h45 - h78 - h109 
c24: h116 + h19 + h83 + h15 + h51860 - h225 - h247 - h15456 - h65160 
c25: h4003 - h56 - h524 - h1972 
c31: h39 + h30 + h109 + h1 + h59 - h273 
c32: h1248 + h109 - h15 
c33: h67 + h41 + h113 + h128 + h52 + h218 - h94 - h3946 
c34: h45 + h94 + h52 + h225 - h62 - h7 - h85 - h714 
c35: h41 + h79 + h90 
c41: h116 + h1 + h68930 - h80 - h1145 
c42: h79 + h273 - h90 
c43: h59 - h20 - h3502 - h12022 
c44: h34 + h7708 + h7 
c45: h34 + h116 + h30 + h94 + h94 - h83 - h382 - h8237 
c51: h83 + h7708 - h101 - h6651 
c52: h4397 + h7952 + h13722 + h13722 + h19 
c53: h57 + h61 - h2395 
c54: h839 - h59 - h120 - h389 - h36994 
c55: h120 + h78 + h62222 - h63 - h30 
