0,173.98399999999998,25
100,142.272,24.8
200,121.92,24.8
300,108.51199999999999,25
400,95.6,25
500,85.52799999999999,25
600,77.616,25
700,74.47200000000001,25
800,66.896,24.8
900,64.67999999999999,24.8
1000,62.232000000000006,24.6
1100,56.70399999999999,24.4
1200,50.519999999999996,24.4
1300,48.376,24.4
1400,47.448,24.4
1500,47.032000000000004,24.4
1600,46.792,24.4
1700,45.727999999999994,24.4
1800,44.424,24.2
1900,43.696,24.2
2000,42.84,24.2
2100,41.392,24
2200,40.6,24
2300,39.37599999999999,24
2400,38.36,24
2500,37.544,24
2600,37.088,24
2700,36.944,24
2800,36.672000000000004,24
2900,35.656,23.8
3000,35.584,23.8
3100,35.336,23.6
3200,35.336,23.6
3300,34.8,23.6
3400,34.504,23.6
3500,34.44,23.8
3600,33.896,23.6
3700,33.896,23.6
3800,33.896,23.6
3900,33.896,23.6
4000,33.08800000000001,23.6
4100,33.08800000000001,23.6
4200,33.08800000000001,23.6
4300,33.08800000000001,23.6
4400,32.76,23.6
4500,32.040000000000006,23.6
4600,32.040000000000006,23.6
4700,31.607999999999997,23.6
4800,31.607999999999997,23.6
4900,31.607999999999997,23.6
5000,31.184000000000005,23.6
5100,31.184000000000005,23.6
5200,31.103999999999996,23.6
5300,30.72,23.8
5400,30.72,23.8
5500,30.664000000000005,24
5600,30.592000000000002,24
5700,30.592000000000002,24
5800,30.512,24.2
5900,30.24,24.2
6000,30.24,24.2
6100,30.24,24.2
6200,30.095999999999997,24.2
6300,29.792,24
6400,28.872000000000003,24
6500,28.872000000000003,24
6600,28.872000000000003,24
6700,28.8,24
6800,28.391999999999996,24
6900,28.391999999999996,24
7000,28.343999999999994,24
7100,28.343999999999994,24
7200,28.343999999999994,24
7300,28.24,24
7400,27.968,24
7500,27.968,24
7600,27.615999999999996,24
7700,27.615999999999996,24
7800,27.615999999999996,24
7900,27.615999999999996,24
8000,27.615999999999996,24
8100,27.615999999999996,24
8200,27.615999999999996,24
8300,26.663999999999998,23.8
8400,26.663999999999998,23.8
8500,26.663999999999998,23.8
8600,26.663999999999998,23.8
8700,26.663999999999998,23.8
8800,26.663999999999998,23.8
8900,26.663999999999998,23.8
9000,26.544,23.6
9100,26.544,23.6
9200,26.544,23.6
9300,26.544,23.6
9400,26.224,23.6
9500,25.784000000000002,23.6
9600,25.784000000000002,23.6
9700,25.784000000000002,23.6
9800,25.784000000000002,23.6
9900,25.176,23.8
10000,25.176,23.8
10100,25.176,23.8
10200,25.176,23.8
10300,25.176,23.8
10400,25.176,23.8
10500,25.176,23.8
10600,25.176,23.8
10700,25.176,23.8
10800,25.176,23.8
10900,25.176,23.8
11000,25.176,23.8
11100,25.176,23.8
11200,25.176,23.8
11300,25.176,23.8
11400,25.176,23.8
11500,25.176,23.8
11600,25.176,23.8
11700,25.176,23.8
11800,25.176,23.8
11900,25.064,23.8
12000,24.696000000000005,23.8
12100,24.696000000000005,23.8
12200,24.696000000000005,23.8
12300,24.648,23.8
12400,24.648,23.8
12500,24.408,23.8
12600,24.408,23.8
12700,24.392000000000003,23.8
12800,24.392000000000003,23.8
12900,24.392000000000003,23.8
13000,24.392000000000003,23.8
13100,24.392000000000003,23.8
13200,24.392000000000003,23.8
13300,24.392000000000003,23.8
13400,24.392000000000003,23.8
13500,24.392000000000003,23.8
13600,24.392000000000003,23.8
13700,24.392000000000003,23.8
13800,24.392000000000003,23.8
13900,24.392000000000003,23.8
14000,24.392000000000003,23.8
14100,24.392000000000003,23.8
14200,24.392000000000003,23.8
14300,24.392000000000003,23.8
14400,24.392000000000003,23.8
14500,24.392000000000003,23.8
14600,24.392000000000003,23.8
14700,24.392000000000003,23.8
14800,24.392000000000003,23.8
14900,24.392000000000003,23.8
15000,24.392000000000003,23.8
15100,24.392000000000003,23.8
15200,24.336,23.8
15300,24.336,23.8
15400,24.336,23.8
15500,24.336,23.8
15600,24.336,23.8
15700,24.336,23.8
15800,24.336,23.8
15900,24.336,23.8
16000,24.336,23.8
16100,24.336,23.8
16200,24.336,23.8
16300,24.336,23.8
16400,24.336,23.8
16500,24.336,23.8
16600,24.336,23.8
16700,24.336,23.8
16800,24.328,23.8
16900,24.296,24
17000,24.296,24
17100,24.296,24
17200,24.296,24
17300,24.296,24
17400,24.296,24
17500,23.767999999999997,24
17600,23.767999999999997,24
17700,23.767999999999997,24
17800,23.767999999999997,24
17900,23.767999999999997,24
18000,23.767999999999997,24
18100,23.76,24
18200,23.76,24
18300,23.76,24
18400,23.76,24
18500,23.76,24
18600,23.76,24
18700,23.648000000000003,24
18800,23.624000000000002,24
18900,23.279999999999998,24.2
19000,23.2,24.2
19100,23.2,24.2
19200,23.184,24.2
19300,23.184,24.2
19400,23.184,24.2
19500,23.151999999999997,24.2
19600,23.151999999999997,24.2
19700,23.151999999999997,24.2
19800,23.151999999999997,24.2
19900,23.151999999999997,24.2
20000,22.8,24.2
20100,22.8,24.2
20200,22.8,24.2
20300,22.8,24.2
20400,22.8,24.2
20500,22.8,24.2
20600,22.8,24.2
20700,22.8,24.2
20800,22.8,24.2
20900,22.735999999999997,24
21000,22.735999999999997,24
21100,22.735999999999997,24
21200,22.735999999999997,24
21300,22.735999999999997,24
21400,22.735999999999997,24
21500,22.592,24.2
21600,22.592,24.2
21700,22.592,24.2
21800,22.592,24.2
21900,22.592,24.2
22000,22.592,24.2
22100,22.592,24.2
22200,22.503999999999998,24.2
22300,22.503999999999998,24.2
22400,22.327999999999996,24.2
22500,22.327999999999996,24.2
22600,22.327999999999996,24.2
22700,22.327999999999996,24.2
22800,22.327999999999996,24.2
22900,22.327999999999996,24.2
23000,22.327999999999996,24.2
23100,22.327999999999996,24.2
23200,22.327999999999996,24.2
23300,22.327999999999996,24.2
23400,22.064,24.2
23500,22.064,24.2
23600,22.064,24.2
23700,22.064,24.2
23800,22.064,24.2
23900,22.064,24.2
24000,22.064,24.2
24100,22.064,24.2
24200,22.064,24.2
24300,22.064,24.2
24400,22.064,24.2
24500,22.064,24.2
24600,21.919999999999998,24.2
24700,21.919999999999998,24.2
24800,21.919999999999998,24.2
24900,21.919999999999998,24.2
25000,21.919999999999998,24.2
25100,21.919999999999998,24.2
25200,21.919999999999998,24.2
25300,21.919999999999998,24.2
25400,21.919999999999998,24.2
25500,21.919999999999998,24.2
25600,21.919999999999998,24.2
25700,21.919999999999998,24.2
25800,21.919999999999998,24.2
25900,21.568,24.2
26000,21.512,24.2
26100,21.512,24.2
26200,21.512,24.2
26300,21.512,24.2
26400,21.512,24.2
26500,21.512,24.2
26600,21.432,24.2
26700,21.432,24.2
26800,21.432,24.2
26900,21.432,24.2
27000,21.432,24.2
27100,21.432,24.2
27200,21.432,24.2
27300,21.432,24.2
27400,21.432,24.2
27500,21.432,24.2
27600,21.432,24.2
27700,21.432,24.2
27800,21.432,24.2
27900,21.432,24.2
28000,21.432,24.2
28100,21.432,24.2
28200,21.432,24.2
28300,21.432,24.2
28400,21.432,24.2
28500,21.432,24.2
28600,21.432,24.2
28700,21.432,24.2
28800,21.432,24.2
28900,21.432,24.2
29000,21.432,24.2
29100,21.432,24.2
29200,21.432,24.2
29300,21.432,24.2
29400,21.432,24.2
29500,21.432,24.2
29600,21.368000000000002,24.2
29700,21.368000000000002,24.2
29800,21.368000000000002,24.2
29900,21.368000000000002,24.2
30000,21.368000000000002,24.2
30100,21.368000000000002,24.2
30200,21.368000000000002,24.2
30300,21.368000000000002,24.2
30400,21.368000000000002,24.2
30500,21.368000000000002,24.2
30600,21.368000000000002,24.2
30700,21.368000000000002,24.2
30800,21.368000000000002,24.2
30900,21.064,24
31000,21.064,24
31100,21.064,24
31200,21.064,24
31300,21.064,24
31400,21.064,24
31500,21.064,24
31600,21.064,24
31700,21.064,24
31800,21.064,24
31900,21.064,24
32000,21.064,24
32100,21.064,24
32200,21.064,24
32300,21.064,24
32400,21.064,24
32500,21.064,24
32600,21.064,24
32700,21.064,24
32800,20.792,24.2
32900,20.792,24.2
33000,20.792,24.2
33100,20.792,24.2
33200,20.792,24.2
33300,20.792,24.2
33400,20.792,24.2
33500,20.792,24.2
33600,20.792,24.2
33700,20.792,24.2
33800,20.792,24.2
33900,20.792,24.2
34000,20.631999999999998,24.4
34100,20.631999999999998,24.4
34200,20.631999999999998,24.4
34300,20.631999999999998,24.4
34400,20.631999999999998,24.4
34500,20.584,24.4
34600,20.584,24.4
34700,20.584,24.4
34800,20.584,24.4
34900,20.584,24.4
35000,20.584,24.4
35100,20.584,24.4
35200,20.584,24.4
35300,20.584,24.4
35400,20.584,24.4
35500,20.584,24.4
35600,20.584,24.4
35700,20.584,24.4
35800,20.584,24.4
35900,20.584,24.4
36000,20.584,24.4
36100,20.584,24.4
36200,20.584,24.4
36300,20.584,24.4
36400,20.584,24.4
36500,20.584,24.4
36600,20.584,24.4
36700,20.584,24.4
36800,20.528,24.2
36900,20.528,24.2
37000,20.528,24.2
37100,20.528,24.2
37200,20.528,24.2
37300,20.528,24.2
37400,20.528,24.2
37500,20.528,24.2
37600,20.528,24.2
37700,20.528,24.2
37800,20.528,24.2
37900,20.528,24.2
38000,20.528,24.2
38100,20.528,24.2
38200,20.528,24.2
38300,20.528,24.2
38400,20.528,24.2
38500,20.528,24.2
38600,20.528,24.2
38700,20.528,24.2
38800,20.4,24
38900,20.4,24
39000,20.4,24
39100,20.4,24
39200,20.4,24
39300,20.4,24
39400,20.4,24
39500,20.4,24
39600,20.4,24
39700,20.4,24
39800,20.4,24
39900,20.4,24
40000,20.4,24
40100,20.080000000000002,24.2
40200,20.080000000000002,24.2
40300,20.080000000000002,24.2
40400,20.080000000000002,24.2
40500,20.080000000000002,24.2
40600,19.991999999999997,24.2
40700,19.991999999999997,24.2
40800,19.991999999999997,24.2
40900,19.991999999999997,24.2
41000,19.991999999999997,24.2
41100,19.991999999999997,24.2
41200,19.991999999999997,24.2
41300,19.991999999999997,24.2
41400,19.991999999999997,24.2
41500,19.991999999999997,24.2
41600,19.991999999999997,24.2
41700,19.991999999999997,24.2
41800,19.991999999999997,24.2
41900,19.991999999999997,24.2
42000,19.991999999999997,24.2
42100,19.991999999999997,24.2
42200,19.991999999999997,24.2
42300,19.991999999999997,24.2
42400,19.991999999999997,24.2
42500,19.991999999999997,24.2
42600,19.991999999999997,24.2
42700,19.991999999999997,24.2
42800,19.991999999999997,24.2
42900,19.991999999999997,24.2
43000,19.991999999999997,24.2
43100,19.991999999999997,24.2
43200,19.991999999999997,24.2
43300,19.991999999999997,24.2
43400,19.991999999999997,24.2
43500,19.991999999999997,24.2
43600,19.991999999999997,24.2
43700,19.991999999999997,24.2
43800,19.991999999999997,24.2
43900,19.991999999999997,24.2
44000,19.991999999999997,24.2
44100,19.991999999999997,24.2
44200,19.991999999999997,24.2
44300,19.991999999999997,24.2
44400,19.96,24.2
44500,19.96,24.2
44600,19.96,24.2
44700,19.96,24.2
44800,19.96,24.2
44900,19.96,24.2
45000,19.96,24.2
45100,19.96,24.2
45200,19.96,24.2
45300,19.96,24.2
45400,19.96,24.2
45500,19.96,24.2
45600,19.96,24.2
45700,19.96,24.2
45800,19.96,24.2
45900,19.96,24.2
46000,19.96,24.2
46100,19.96,24.2
46200,19.96,24.2
46300,19.96,24.2
46400,19.96,24.2
46500,19.96,24.2
46600,19.96,24.2
46700,19.96,24.2
46800,19.96,24.2
46900,19.96,24.2
47000,19.96,24.2
47100,19.96,24.2
47200,19.96,24.2
47300,19.96,24.2
47400,19.96,24.2
47500,19.96,24.2
47600,19.96,24.2
47700,19.96,24.2
47800,19.96,24.2
47900,19.96,24.2
48000,19.688000000000002,24.2
48100,19.688000000000002,24.2
48200,19.688000000000002,24.2
48300,19.688000000000002,24.2
48400,19.688000000000002,24.2
48500,19.688000000000002,24.2
48600,19.688000000000002,24.2
48700,19.464,24.2
48800,19.464,24.2
48900,19.464,24.2
49000,19.464,24.2
49100,19.464,24.2
49200,19.464,24.2
49300,19.464,24.2
49400,19.464,24.2
49500,19.464,24.2
49600,19.464,24.2
49700,19.464,24.2
49800,19.464,24.2
49900,19.464,24.2
50000,19.464,24.2
50100,19.464,24.2
50200,19.464,24.2
50300,19.464,24.2
50400,19.464,24.2
50500,19.464,24.2
50600,19.464,24.2
50700,19.464,24.2
50800,19.464,24.2
50900,19.464,24.2
51000,19.464,24.2
51100,19.464,24.2
51200,19.464,24.2
51300,19.464,24.2
51400,19.464,24.2
51500,19.464,24.2
51600,19.464,24.2
51700,19.464,24.2
51800,19.464,24.2
51900,19.464,24.2
52000,19.464,24.2
52100,19.464,24.2
52200,19.464,24.2
52300,19.464,24.2
52400,19.464,24.2
52500,19.464,24.2
52600,19.464,24.2
52700,19.464,24.2
52800,19.464,24.2
52900,19.464,24.2
53000,19.464,24.2
53100,19.464,24.2
53200,19.464,24.2
53300,19.464,24.2
53400,19.464,24.2
53500,19.464,24.2
53600,19.464,24.2
53700,19.464,24.2
53800,19.464,24.2
53900,19.464,24.2
54000,19.464,24.2
54100,19.464,24.2
54200,19.464,24.2
54300,19.464,24.2
54400,19.464,24.2
54500,19.368000000000002,24.2
54600,19.368000000000002,24.2
54700,19.368000000000002,24.2
54800,19.368000000000002,24.2
54900,19.368000000000002,24.2
55000,19.368000000000002,24.2
55100,19.368000000000002,24.2
55200,19.368000000000002,24.2
55300,19.368000000000002,24.2
55400,19.368000000000002,24.2
55500,19.368000000000002,24.2
55600,19.368000000000002,24.2
55700,19.368000000000002,24.2
55800,19.368000000000002,24.2
55900,19.368000000000002,24.2
56000,19.368000000000002,24.2
56100,19.368000000000002,24.2
56200,19.368000000000002,24.2
56300,19.368000000000002,24.2
56400,19.368000000000002,24.2
56500,19.368000000000002,24.2
56600,19.368000000000002,24.2
56700,19.368000000000002,24.2
56800,19.368000000000002,24.2
56900,19.368000000000002,24.2
57000,19.368000000000002,24.2
57100,19.368000000000002,24.2
57200,19.368000000000002,24.2
57300,19.368000000000002,24.2
57400,19.368000000000002,24.2
57500,19.368000000000002,24.2
57600,19.368000000000002,24.2
57700,19.368000000000002,24.2
57800,19.368000000000002,24.2
57900,19.368000000000002,24.2
58000,19.368000000000002,24.2
58100,19.368000000000002,24.2
58200,19.368000000000002,24.2
58300,19.368000000000002,24.2
58400,19.368000000000002,24.2
58500,19.368000000000002,24.2
58600,19.368000000000002,24.2
58700,19.368000000000002,24.2
58800,19.368000000000002,24.2
58900,19.368000000000002,24.2
59000,19.368000000000002,24.2
59100,19.368000000000002,24.2
59200,19.368000000000002,24.2
59300,19.368000000000002,24.2
59400,19.368000000000002,24.2
59500,19.104,24.2
59600,19.104,24.2
59700,19.104,24.2
59800,19.104,24.2
59900,19.104,24.2
60000,19.104,24.2
60100,19.104,24.2
60200,19.104,24.2
60300,19.104,24.2
60400,19.104,24.2
60500,19.104,24.2
60600,19.104,24.2
60700,19.104,24.2
60800,19.104,24.2
60900,19.104,24.2
61000,19.104,24.2
61100,19.104,24.2
61200,19.104,24.2
61300,19.104,24.2
61400,19.104,24.2
61500,19.104,24.2
61600,19.104,24.2
61700,19.104,24.2
61800,19.104,24.2
61900,19.104,24.2
62000,19.104,24.2
62100,19.104,24.2
62200,19.104,24.2
62300,19.104,24.2
62400,19.104,24.2
62500,19.104,24.2
62600,19.104,24.2
62700,19.104,24.2
62800,19.104,24.2
62900,19.104,24.2
63000,19.104,24.2
63100,19.104,24.2
63200,19.104,24.2
63300,19.104,24.2
63400,19.104,24.2
63500,19.104,24.2
63600,19.104,24.2
63700,19.104,24.2
63800,19.104,24.2
63900,19.104,24.2
64000,19.104,24.2
64100,19.104,24.2
64200,19.104,24.2
64300,19.104,24.2
64400,19.104,24.2
64500,19.104,24.2
64600,19.104,24.2
64700,19.104,24.2
64800,19.104,24.2
64900,19.104,24.2
65000,19.104,24.2
65100,19.104,24.2
65200,19.104,24.2
65300,19.104,24.2
65400,19.104,24.2
65500,19.104,24.2
65600,19.104,24.2
65700,19.104,24.2
65800,19.104,24.2
65900,19.104,24.2
66000,19.104,24.2
66100,19.104,24.2
66200,19.104,24.2
66300,19.104,24.2
66400,19.104,24.2
66500,19.104,24.2
66600,19.104,24.2
66700,19.104,24.2
66800,19.104,24.2
66900,19.104,24.2
67000,19.104,24.2
67100,19.104,24.2
67200,19.104,24.2
67300,19.104,24.2
67400,19.104,24.2
67500,19.104,24.2
67600,19.104,24.2
67700,19.104,24.2
67800,19.104,24.2
67900,19.104,24.2
68000,19.104,24.2
68100,19.104,24.2
68200,19.104,24.2
68300,19.104,24.2
68400,19.104,24.2
68500,19.104,24.2
68600,19.104,24.2
68700,19.104,24.2
68800,19.104,24.2
68900,19.104,24.2
69000,19.104,24.2
69100,19.104,24.2
69200,19.104,24.2
69300,19.104,24.2
69400,19.104,24.2
69500,19.104,24.2
69600,19.104,24.2
69700,19.104,24.2
69800,19.104,24.2
69900,19.104,24.2
70000,19.104,24.2
70100,19.104,24.2
70200,19.104,24.2
70300,19.104,24.2
70400,19.104,24.2
70500,19.088,24
70600,19.088,24
70700,19.088,24
70800,18.784,24.2
70900,18.784,24.2
71000,18.784,24.2
71100,18.784,24.2
71200,18.784,24.2
71300,18.784,24.2
71400,18.784,24.2
71500,18.704,24.2
71600,18.704,24.2
71700,18.704,24.2
71800,18.704,24.2
71900,18.704,24.2
72000,18.704,24.2
72100,18.592000000000002,24.2
72200,18.592000000000002,24.2
72300,18.592000000000002,24.2
72400,18.52,24.2
72500,18.52,24.2
72600,18.52,24.2
72700,18.52,24.2
72800,18.52,24.2
72900,18.52,24.2
73000,18.52,24.2
73100,18.52,24.2
73200,18.52,24.2
73300,18.52,24.2
73400,18.52,24.2
73500,18.52,24.2
73600,18.52,24.2
73700,18.52,24.2
73800,18.52,24.2
73900,18.52,24.2
74000,18.52,24.2
74100,18.52,24.2
74200,18.52,24.2
74300,18.52,24.2
74400,18.52,24.2
74500,18.52,24.2
74600,18.52,24.2
74700,18.52,24.2
74800,18.52,24.2
74900,18.512,24.2
75000,18.512,24.2
75100,18.512,24.2
75200,18.512,24.2
75300,18.512,24.2
75400,18.512,24.2
75500,18.512,24.2
75600,18.512,24.2
75700,18.512,24.2
75800,18.512,24.2
75900,18.512,24.2
76000,18.512,24.2
76100,18.512,24.2
76200,18.512,24.2
76300,18.512,24.2
76400,18.512,24.2
76500,18.512,24.2
76600,18.512,24.2
76700,18.512,24.2
76800,18.512,24.2
76900,18.512,24.2
77000,18.512,24.2
77100,18.512,24.2
77200,18.384,24.2
77300,18.384,24.2
77400,18.384,24.2
77500,18.384,24.2
77600,18.384,24.2
77700,18.384,24.2
77800,18.384,24.2
77900,18.384,24.2
78000,18.384,24.2
78100,18.144,24.2
78200,18.144,24.2
78300,18.144,24.2
78400,18.144,24.2
78500,18.144,24.2
78600,18.144,24.2
78700,18.144,24.2
78800,18.144,24.2
78900,18.144,24.2
79000,18.144,24.2
79100,18.119999999999997,24.2
79200,18.119999999999997,24.2
79300,18.119999999999997,24.2
79400,18.119999999999997,24.2
79500,18.119999999999997,24.2
79600,18.119999999999997,24.2
79700,18.119999999999997,24.2
79800,18.119999999999997,24.2
79900,18.119999999999997,24.2
80000,18.119999999999997,24.2
80100,18.119999999999997,24.2
80200,18.119999999999997,24.2
80300,18.119999999999997,24.2
80400,18.119999999999997,24.2
80500,18.119999999999997,24.2
80600,18.119999999999997,24.2
80700,18.119999999999997,24.2
80800,18.119999999999997,24.2
80900,18.119999999999997,24.2
81000,18.119999999999997,24.2
81100,17.639999999999997,24.2
81200,17.639999999999997,24.2
81300,17.639999999999997,24.2
81400,17.528,24.2
81500,17.528,24.2
81600,17.528,24.2
81700,17.528,24.2
81800,17.528,24.2
81900,17.528,24.2
82000,17.528,24.2
82100,17.528,24.2
82200,17.528,24.2
82300,17.528,24.2
82400,17.528,24.2
82500,17.528,24.2
82600,17.528,24.2
82700,17.528,24.2
82800,17.528,24.2
82900,17.528,24.2
83000,17.528,24.2
83100,17.528,24.2
83200,17.528,24.2
83300,17.528,24.2
83400,17.528,24.2
83500,17.528,24.2
83600,17.528,24.2
83700,17.528,24.2
83800,17.528,24.2
83900,17.528,24.2
84000,17.240000000000002,24.2
84100,17.240000000000002,24.2
84200,17.240000000000002,24.2
84300,17.240000000000002,24.2
84400,17.240000000000002,24.2
84500,17.240000000000002,24.2
84600,17.224,24.2
84700,17.224,24.2
84800,17.224,24.2
84900,16.735999999999997,24.2
85000,16.735999999999997,24.2
85100,16.735999999999997,24.2
85200,16.735999999999997,24.2
85300,16.735999999999997,24.2
85400,16.735999999999997,24.2
85500,16.735999999999997,24.2
85600,16.735999999999997,24.2
85700,16.735999999999997,24.2
85800,16.735999999999997,24.2
85900,16.735999999999997,24.2
86000,16.735999999999997,24.2
86100,16.559999999999995,24.2
86200,16.559999999999995,24.2
86300,16.559999999999995,24.2
86400,16.559999999999995,24.2
86500,16.559999999999995,24.2
86600,16.559999999999995,24.2
86700,16.559999999999995,24.2
86800,16.559999999999995,24.2
86900,16.559999999999995,24.2
87000,16.559999999999995,24.2
87100,16.559999999999995,24.2
87200,16.559999999999995,24.2
87300,16.559999999999995,24.2
87400,16.559999999999995,24.2
87500,16.288,24
87600,16.288,24
87700,16.216,24
87800,16.216,24
87900,16.216,24
88000,16.216,24
88100,16.216,24
88200,16.216,24
88300,16.216,24
88400,16.216,24
88500,16.216,24
88600,16.216,24
88700,16.216,24
88800,16.216,24
88900,16.216,24
89000,16.216,24
89100,16.216,24
89200,16.216,24
89300,16.216,24
89400,16.216,24
89500,16.216,24
89600,16.216,24
89700,16.216,24
89800,16.216,24
89900,16.216,24
90000,16.216,24
90100,16.216,24
90200,16.216,24
90300,16.216,24
90400,16.216,24
90500,16.216,24
90600,16.216,24
90700,16.216,24
90800,16.216,24
90900,16.216,24
91000,16.216,24
91100,16.216,24
91200,16.216,24
91300,16.216,24
91400,16.216,24
91500,16.216,24
91600,15.992,24
91700,15.992,24
91800,15.992,24
91900,15.992,24
92000,15.992,24
92100,15.992,24
92200,15.992,24
92300,15.992,24
92400,15.992,24
92500,15.992,24
92600,15.992,24
92700,15.992,24
92800,15.992,24
92900,15.992,24
93000,15.992,24
93100,15.992,24
93200,15.992,24
93300,15.992,24
93400,15.992,24
93500,15.992,24
93600,15.992,24
93700,15.992,24
93800,15.992,24
93900,15.992,24
94000,15.992,24
94100,15.992,24
94200,15.992,24
94300,15.992,24
94400,15.992,24
94500,15.992,24
94600,15.992,24
94700,15.992,24
94800,15.992,24
94900,15.992,24
95000,15.992,24
95100,15.992,24
95200,15.992,24
95300,15.992,24
95400,15.992,24
95500,15.992,24
95600,15.992,24
95700,15.992,24
95800,15.992,24
95900,15.992,24
96000,15.992,24
96100,15.992,24
96200,15.992,24
96300,15.992,24
96400,15.992,24
96500,15.992,24
96600,15.992,24
96700,15.992,24
96800,15.992,24
96900,15.992,24
97000,15.992,24
97100,15.992,24
97200,15.992,24
97300,15.992,24
97400,15.992,24
97500,15.992,24
97600,15.992,24
97700,15.992,24
97800,15.992,24
97900,15.992,24
98000,15.992,24
98100,15.992,24
98200,15.992,24
98300,15.992,24
98400,15.992,24
98500,15.992,24
98600,15.992,24
98700,15.992,24
98800,15.752,24.2
98900,15.752,24.2
99000,15.752,24.2
99100,15.752,24.2
99200,15.752,24.2
99300,15.752,24.2
99400,15.752,24.2
99500,15.752,24.2
99600,15.752,24.2
99700,15.752,24.2
99800,15.752,24.2
99900,15.752,24.2
100000,15.752,24.2
100100,15.752,24.2
100200,15.752,24.2
100300,15.752,24.2
100400,15.752,24.2
100500,15.752,24.2
100600,15.752,24.2
100700,15.752,24.2
100800,15.752,24.2
100900,15.752,24.2
101000,15.752,24.2
101100,15.752,24.2
101200,15.752,24.2
101300,15.752,24.2
101400,15.752,24.2
101500,15.752,24.2
101600,15.752,24.2
101700,15.752,24.2
101800,15.752,24.2
101900,15.752,24.2
102000,15.752,24.2
102100,15.752,24.2
102200,15.752,24.2
102300,15.752,24.2
102400,15.752,24.2
102500,15.752,24.2
102600,15.752,24.2
102700,15.752,24.2
102800,15.752,24.2
102900,15.752,24.2
103000,15.752,24.2
103100,15.752,24.2
103200,15.752,24.2
103300,15.752,24.2
103400,15.752,24.2
103500,15.752,24.2
103600,15.752,24.2
103700,15.752,24.2
103800,15.752,24.2
103900,15.752,24.2
104000,15.752,24.2
104100,15.752,24.2
104200,15.752,24.2
104300,15.752,24.2
104400,15.752,24.2
104500,15.752,24.2
104600,15.752,24.2
104700,15.752,24.2
104800,15.752,24.2
104900,15.752,24.2
105000,15.752,24.2
105100,15.752,24.2
105200,15.752,24.2
105300,15.752,24.2
105400,15.752,24.2
105500,15.752,24.2
105600,15.752,24.2
105700,15.752,24.2
105800,15.752,24.2
105900,15.752,24.2
106000,15.752,24.2
106100,15.752,24.2
106200,15.752,24.2
106300,15.752,24.2
106400,15.752,24.2
106500,15.752,24.2
106600,15.752,24.2
106700,15.752,24.2
106800,15.752,24.2
106900,15.752,24.2
107000,15.752,24.2
107100,15.752,24.2
107200,15.752,24.2
107300,15.752,24.2
107400,15.752,24.2
107500,15.752,24.2
107600,15.752,24.2
107700,15.752,24.2
107800,15.752,24.2
107900,15.752,24.2
108000,15.752,24.2
108100,15.752,24.2
108200,15.752,24.2
108300,15.752,24.2
108400,15.752,24.2
108500,15.752,24.2
108600,15.752,24.2
108700,15.752,24.2
108800,15.752,24.2
108900,15.752,24.2
109000,15.752,24.2
109100,15.752,24.2
109200,15.752,24.2
109300,15.752,24.2
109400,15.752,24.2
109500,15.752,24.2
109600,15.752,24.2
109700,15.752,24.2
109800,15.752,24.2
109900,15.752,24.2
110000,15.752,24.2
110100,15.752,24.2
110200,15.752,24.2
110300,15.752,24.2
110400,15.752,24.2
110500,15.752,24.2
110600,15.752,24.2
110700,15.752,24.2
110800,15.752,24.2
110900,15.752,24.2
111000,15.752,24.2
111100,15.752,24.2
111200,15.752,24.2
111300,15.752,24.2
111400,15.752,24.2
111500,15.752,24.2
111600,15.752,24.2
111700,15.752,24.2
111800,15.752,24.2
111900,15.752,24.2
112000,15.752,24.2
112100,15.752,24.2
112200,15.752,24.2
