0,153.99200000000002,25
100,133.10399999999998,24.8
200,125.744,24.8
300,107.94399999999999,24.4
400,99.408,24.6
500,88.44,25
600,84.104,24.8
700,80.536,24.8
800,77.624,24.8
900,75.01599999999999,24.8
1000,70.072,24.8
1100,67.6,24.8
1200,64.112,24.8
1300,62.104000000000006,24.8
1400,62.104000000000006,24.8
1500,61.74400000000001,24.8
1600,61.343999999999994,24.8
1700,59.85600000000001,24.8
1800,56.06400000000001,24.8
1900,55.936,24.8
2000,55.8,24.8
2100,54.384,24.8
2200,53.592000000000006,24.8
2300,53.391999999999996,24.8
2400,53.04,24.6
2500,52.912,24.6
2600,52.912,24.6
2700,52.664,24.8
2800,52.056000000000004,24.8
2900,50.791999999999994,24.8
3000,50.4,24.8
3100,50.256,24.8
3200,49.624,24.8
3300,49.624,24.8
3400,49.624,24.8
3500,48.144,24.8
3600,48.144,24.8
3700,48.144,24.8
3800,48.096000000000004,25
3900,48.096000000000004,25
4000,48.096000000000004,25
4100,47.888,25
4200,47.888,25
4300,47.815999999999995,25
4400,47.496,25
4500,46.904,25
4600,46.904,25
4700,46.904,25
4800,46.904,25
4900,46.904,25
5000,46.104,25
5100,46.104,25
5200,45.55200000000001,25
5300,45.55200000000001,25
5400,45.55200000000001,25
5500,44.568,25
5600,44.568,25
5700,44.568,25
5800,44.568,25
5900,44.568,25
6000,44.336,25
6100,44.023999999999994,25
6200,44.023999999999994,25
6300,44.023999999999994,25
6400,44.023999999999994,25
6500,44.023999999999994,25
6600,44.023999999999994,25
6700,44.023999999999994,25
6800,44.023999999999994,25
6900,43.848,25
7000,43.848,25
7100,43.848,25
7200,43.848,25
7300,43.848,25
7400,43.272000000000006,25
7500,43.272000000000006,25
7600,43.272000000000006,25
7700,43.272000000000006,25
7800,43.272000000000006,25
7900,43.272000000000006,25
8000,43.272000000000006,25
8100,43.272000000000006,25
8200,42.4,25
8300,42.4,25
8400,42.4,25
8500,42.4,25
8600,42.4,25
8700,42.4,25
8800,42.4,25
8900,42.4,25
9000,42.4,25
9100,42.4,25
9200,41.6,25
9300,41.6,25
9400,41.6,25
9500,41.6,25
9600,41.6,25
9700,41.6,25
9800,40.56,25
9900,40.56,25
10000,40.56,25
10100,40.544,25
10200,40.25600000000001,25
10300,40.056,25
10400,40.056,25
10500,40.056,25
10600,40.056,25
10700,40.056,25
10800,40.056,25
10900,40.056,25
11000,40.056,25
11100,40.056,25
11200,39.751999999999995,25
11300,39.751999999999995,25
11400,39.751999999999995,25
11500,39.751999999999995,25
11600,39.751999999999995,25
11700,39.751999999999995,25
11800,39.751999999999995,25
11900,38.592,25
12000,38.592,25
12100,38.471999999999994,25
12200,38.471999999999994,25
12300,38.471999999999994,25
12400,38.471999999999994,25
12500,38.471999999999994,25
12600,38.471999999999994,25
12700,38.471999999999994,25
12800,38.471999999999994,25
12900,38.471999999999994,25
13000,38.471999999999994,25
13100,38.471999999999994,25
13200,38.471999999999994,25
13300,38.471999999999994,25
13400,38.471999999999994,25
13500,38.471999999999994,25
13600,38.471999999999994,25
13700,38.471999999999994,25
13800,38.471999999999994,25
13900,38.471999999999994,25
14000,38.471999999999994,25
14100,38.471999999999994,25
14200,38.471999999999994,25
14300,38.471999999999994,25
14400,38.471999999999994,25
14500,38.471999999999994,25
14600,38.471999999999994,25
14700,37.536,25
14800,37.464,25
14900,37.448,25
15000,37.448,25
15100,37.448,25
15200,37.448,25
15300,37.448,25
15400,37.232,25
15500,37.232,25
15600,37.232,25
15700,37.032,25
15800,37.032,25
15900,37.032,25
16000,37.032,25
16100,36,25
16200,36,25
16300,36,25
16400,36,25
16500,36,25
16600,36,25
16700,35.775999999999996,25
16800,35.775999999999996,25
16900,35.775999999999996,25
17000,35.775999999999996,25
17100,35.775999999999996,25
17200,35.768,25
17300,35.768,25
17400,35.768,25
17500,35.768,25
17600,35.768,25
17700,35.768,25
17800,35.768,25
17900,35.768,25
18000,35.768,25
18100,35.768,25
18200,35.768,25
18300,35.768,25
18400,34.848,25
18500,34.848,25
18600,34.848,25
18700,34.848,25
18800,34.712,25
18900,34.712,25
19000,34.712,25
19100,34.712,25
19200,34.712,25
19300,34.712,25
19400,34.712,25
19500,34.712,25
19600,34.712,25
19700,34.712,25
19800,34.712,25
19900,34.712,25
20000,34.712,25
20100,34.712,25
20200,33.536,25
20300,33.536,25
20400,33.536,25
20500,33.536,25
20600,33.536,25
20700,33.536,25
20800,33.536,25
20900,32.624,25
21000,32.488,25
21100,31.744,25
21200,31.744,25
21300,31.744,25
21400,31.744,25
21500,31.744,25
21600,31.744,25
21700,31.744,25
21800,31.744,25
21900,31.744,25
22000,31.744,25
22100,31.744,25
22200,31.744,25
22300,31.744,25
22400,31.744,25
22500,31.744,25
22600,31.744,25
22700,31.744,25
22800,31.744,25
22900,31.744,25
23000,31.744,25
23100,31.744,25
23200,31.744,25
23300,31.744,25
23400,31.744,25
23500,31.744,25
23600,31.744,25
23700,31.744,25
23800,31.744,25
23900,31.744,25
24000,31.656,25
24100,31.656,25
24200,31.656,25
24300,31.656,25
24400,31.656,25
24500,31.656,25
24600,31.656,25
24700,31.656,25
24800,31.656,25
24900,31.656,25
25000,31.656,25
25100,31.656,25
25200,31.656,25
25300,31.568,24.8
25400,31.568,24.8
25500,31.568,24.8
25600,31.568,24.8
25700,31.568,24.8
25800,31.568,24.8
25900,31.568,24.8
26000,31.568,24.8
26100,31.568,24.8
26200,31.568,24.8
26300,31.568,24.8
26400,31.568,24.8
26500,31.568,24.8
26600,31.568,24.8
26700,31.568,24.8
26800,31.568,24.8
26900,31.568,24.8
27000,31.568,24.8
27100,31.568,24.8
27200,31.568,24.8
27300,31.568,24.8
27400,31.568,24.8
27500,31.568,24.8
27600,31.568,24.8
27700,31.568,24.8
27800,31.568,24.8
27900,31.568,24.8
28000,31.568,24.8
28100,31.568,24.8
28200,31.568,24.8
28300,31.568,24.8
28400,31.568,24.8
28500,31.568,24.8
28600,31.568,24.8
28700,31.568,24.8
28800,31.568,24.8
28900,31.568,24.8
29000,31.568,24.8
29100,31.568,24.8
29200,31.568,24.8
29300,31.568,24.8
29400,31.568,24.8
29500,31.568,24.8
29600,31.568,24.8
29700,31.568,24.8
29800,31.568,24.8
29900,31.568,24.8
30000,31.568,24.8
30100,31.568,24.8
30200,31.568,24.8
30300,31.568,24.8
30400,31.568,24.8
30500,31.568,24.8
30600,31.568,24.8
30700,31.568,24.8
30800,31.568,24.8
30900,31.568,24.8
31000,31.568,24.8
31100,31.568,24.8
31200,31.568,24.8
31300,31.568,24.8
31400,31.568,24.8
31500,31.568,24.8
31600,31.568,24.8
31700,31.568,24.8
31800,31.391999999999996,24.8
31900,30.496,24.8
32000,30.496,24.8
32100,30.496,24.8
32200,30.496,24.8
32300,30.496,24.8
32400,30.496,24.8
32500,30.496,24.8
32600,30.496,24.8
32700,30.496,24.8
32800,30.496,24.8
32900,30.496,24.8
33000,30.496,24.8
33100,30.496,24.8
33200,30.496,24.8
33300,30.496,24.8
33400,30.496,24.8
33500,30.496,24.8
33600,30.496,24.8
33700,30.496,24.8
33800,30.496,24.8
33900,30.496,24.8
34000,30.496,24.8
34100,30.496,24.8
34200,30.496,24.8
34300,29.815999999999995,24.6
34400,29.408000000000005,24.6
34500,29.408000000000005,24.6
34600,29.408000000000005,24.6
34700,29.408000000000005,24.6
34800,29.408000000000005,24.6
34900,29.408000000000005,24.6
35000,29.408000000000005,24.6
35100,29.408000000000005,24.6
35200,29.408000000000005,24.6
35300,29.408000000000005,24.6
35400,29.408000000000005,24.6
35500,29.408000000000005,24.6
35600,29.408000000000005,24.6
35700,28.344,24.6
35800,28.344,24.6
35900,28.344,24.6
36000,28.344,24.6
36100,28.344,24.6
36200,28.344,24.6
36300,28.344,24.6
36400,28.344,24.6
36500,28.344,24.6
36600,28.344,24.6
36700,28.344,24.6
36800,28.344,24.6
36900,28.344,24.6
37000,28.344,24.6
37100,28.344,24.6
37200,28.344,24.6
37300,28.344,24.6
37400,28.344,24.6
37500,28.344,24.6
37600,28.344,24.6
37700,28.344,24.6
37800,28.344,24.6
37900,28.344,24.6
38000,28.344,24.6
38100,28.344,24.6
38200,28.344,24.6
38300,28.344,24.6
38400,28.344,24.6
38500,28.344,24.6
38600,28.344,24.6
38700,28.344,24.6
38800,28.344,24.6
38900,28.344,24.6
39000,28.344,24.6
39100,28.192,24.6
39200,28.192,24.6
39300,27.887999999999998,24.6
39400,27.887999999999998,24.6
39500,27.887999999999998,24.6
39600,27.887999999999998,24.6
39700,27.887999999999998,24.6
39800,27.887999999999998,24.6
39900,27.887999999999998,24.6
40000,27.887999999999998,24.6
40100,27.887999999999998,24.6
40200,27.887999999999998,24.6
40300,27.887999999999998,24.6
40400,27.887999999999998,24.6
40500,27.887999999999998,24.6
40600,27.887999999999998,24.6
40700,27.887999999999998,24.6
40800,27.887999999999998,24.6
40900,27.887999999999998,24.6
41000,27.887999999999998,24.6
41100,27.887999999999998,24.6
41200,27.887999999999998,24.6
41300,27.887999999999998,24.6
41400,27.887999999999998,24.6
41500,27.887999999999998,24.6
41600,27.887999999999998,24.6
41700,27.887999999999998,24.6
41800,27.887999999999998,24.6
41900,27.887999999999998,24.6
42000,27.887999999999998,24.6
42100,27.887999999999998,24.6
42200,27.887999999999998,24.6
42300,27.887999999999998,24.6
42400,27.887999999999998,24.6
42500,27.887999999999998,24.6
42600,27.887999999999998,24.6
42700,27.887999999999998,24.6
42800,27.887999999999998,24.6
42900,27.887999999999998,24.6
43000,27.887999999999998,24.6
43100,27.887999999999998,24.6
43200,27.887999999999998,24.6
43300,27.887999999999998,24.6
43400,27.887999999999998,24.6
43500,27.887999999999998,24.6
43600,27.887999999999998,24.6
43700,27.887999999999998,24.6
43800,27.52,24.6
43900,27.52,24.6
44000,27.52,24.6
44100,27.52,24.6
44200,27.52,24.6
44300,27.52,24.6
44400,27.52,24.6
44500,27.52,24.6
44600,27.52,24.6
44700,27.52,24.6
44800,27.52,24.6
44900,27.52,24.6
45000,27.52,24.6
45100,27.407999999999998,24.6
45200,27.407999999999998,24.6
45300,27.407999999999998,24.6
45400,27.407999999999998,24.6
45500,27.407999999999998,24.6
45600,27.407999999999998,24.6
45700,27.407999999999998,24.6
45800,27.407999999999998,24.6
45900,27.407999999999998,24.6
46000,27.407999999999998,24.6
46100,27.407999999999998,24.6
46200,27.407999999999998,24.6
46300,27.407999999999998,24.6
46400,27.407999999999998,24.6
46500,27.407999999999998,24.6
46600,27.407999999999998,24.6
46700,27.407999999999998,24.6
46800,27.407999999999998,24.6
46900,27.407999999999998,24.6
47000,27.407999999999998,24.6
47100,27.407999999999998,24.6
47200,27.407999999999998,24.6
47300,27.407999999999998,24.6
47400,27.2,24.6
47500,27.2,24.6
47600,27.2,24.6
47700,27.2,24.6
47800,27.2,24.6
47900,27.2,24.6
48000,27.2,24.6
48100,27.2,24.6
48200,27.2,24.6
48300,27.2,24.6
48400,27.2,24.6
48500,27.2,24.6
48600,27.2,24.6
48700,27.2,24.6
48800,27.2,24.6
48900,27.2,24.6
49000,27.2,24.6
49100,27.2,24.6
49200,27.104000000000003,24.6
49300,27.104000000000003,24.6
49400,27.104000000000003,24.6
49500,27.104000000000003,24.6
49600,27.104000000000003,24.6
49700,27.104000000000003,24.6
49800,26.984,24.6
49900,26.984,24.6
50000,26.984,24.6
50100,26.984,24.6
50200,26.984,24.6
50300,26.984,24.6
50400,26.984,24.6
50500,26.984,24.6
50600,26.984,24.6
50700,26.984,24.6
50800,26.984,24.6
50900,26.984,24.6
51000,26.984,24.6
51100,26.984,24.6
51200,26.984,24.6
51300,26.984,24.6
51400,26.984,24.6
51500,26.984,24.6
51600,26.984,24.6
51700,26.984,24.6
51800,26.984,24.6
51900,26.984,24.6
52000,26.984,24.6
52100,26.984,24.6
52200,26.984,24.6
52300,26.984,24.6
52400,26.984,24.6
52500,26.984,24.6
52600,26.984,24.6
52700,26.984,24.6
52800,26.984,24.6
52900,26.984,24.6
53000,26.984,24.6
53100,26.984,24.6
53200,26.984,24.6
53300,26.984,24.6
53400,26.984,24.6
53500,26.984,24.6
53600,26.984,24.6
53700,26.984,24.6
53800,26.984,24.6
53900,26.984,24.6
54000,26.984,24.6
54100,26.984,24.6
54200,26.984,24.6
54300,26.984,24.6
54400,26.984,24.6
54500,26.984,24.6
54600,26.767999999999994,24.6
54700,26.767999999999994,24.6
54800,26.767999999999994,24.6
54900,26.767999999999994,24.6
55000,26.767999999999994,24.6
55100,26.767999999999994,24.6
55200,26.767999999999994,24.6
55300,26.767999999999994,24.6
55400,26.767999999999994,24.6
55500,26.767999999999994,24.6
55600,26.68,24.6
55700,26.68,24.6
55800,26.68,24.6
55900,26.68,24.6
56000,26.608000000000004,24.6
56100,26.488,24.4
56200,26.488,24.4
56300,26.488,24.4
56400,26.488,24.4
56500,26.488,24.4
56600,26.488,24.4
56700,26.488,24.4
56800,26.488,24.4
56900,26.488,24.4
57000,26.488,24.4
57100,26.488,24.4
57200,26.488,24.4
57300,26.488,24.4
57400,26.488,24.4
57500,26.488,24.4
57600,26.488,24.4
57700,26.488,24.4
57800,26.488,24.4
57900,26.488,24.4
58000,26.488,24.4
58100,26.488,24.4
58200,26.488,24.4
58300,26.488,24.4
58400,26.488,24.4
58500,26.488,24.4
58600,26.488,24.4
58700,26.488,24.4
58800,26.488,24.4
58900,26.488,24.4
59000,26.488,24.4
59100,26.488,24.4
59200,26.488,24.4
59300,26.488,24.4
59400,26.488,24.4
59500,26.488,24.4
59600,26.488,24.4
59700,26.488,24.4
59800,26.488,24.4
59900,26.488,24.4
60000,26.488,24.4
60100,26.488,24.4
60200,26.488,24.4
60300,26.488,24.4
60400,26.488,24.4
60500,26.488,24.4
60600,26.488,24.4
60700,26.488,24.4
60800,26.488,24.4
60900,26.488,24.4
61000,26.488,24.4
61100,26.488,24.4
61200,26.184000000000005,24.4
61300,26.184000000000005,24.4
61400,26.184000000000005,24.4
61500,26.184000000000005,24.4
61600,26.184000000000005,24.4
61700,26.184000000000005,24.4
61800,26.184000000000005,24.4
61900,26.184000000000005,24.4
62000,26.184000000000005,24.4
62100,26.184000000000005,24.4
62200,26.184000000000005,24.4
62300,26.184000000000005,24.4
62400,26.184000000000005,24.4
62500,26.184000000000005,24.4
62600,26.184000000000005,24.4
62700,26.184000000000005,24.4
62800,26.184000000000005,24.4
62900,26.184000000000005,24.4
63000,26.184000000000005,24.4
63100,26.184000000000005,24.4
63200,26.184000000000005,24.4
63300,26.184000000000005,24.4
63400,26.184000000000005,24.4
63500,26.184000000000005,24.4
63600,26.184000000000005,24.4
63700,26.184000000000005,24.4
63800,26.184000000000005,24.4
63900,26.184000000000005,24.4
64000,26.184000000000005,24.4
64100,26.184000000000005,24.4
64200,26.184000000000005,24.4
64300,26.184000000000005,24.4
64400,26.184000000000005,24.4
64500,26.184000000000005,24.4
64600,26.184000000000005,24.4
64700,26.184000000000005,24.4
64800,26.184000000000005,24.4
64900,26.184000000000005,24.4
65000,26.184000000000005,24.4
65100,26.184000000000005,24.4
65200,26.184000000000005,24.4
65300,26.184000000000005,24.4
65400,26.184000000000005,24.4
65500,26.184000000000005,24.4
65600,26.184000000000005,24.4
65700,26.184000000000005,24.4
65800,26.184000000000005,24.4
65900,26.184000000000005,24.4
66000,26.184000000000005,24.4
66100,26.184000000000005,24.4
66200,26.184000000000005,24.4
66300,26.184000000000005,24.4
66400,26.184000000000005,24.4
66500,26.184000000000005,24.4
66600,26.184000000000005,24.4
66700,26.184000000000005,24.4
66800,26.184000000000005,24.4
66900,26.184000000000005,24.4
67000,26.184000000000005,24.4
67100,26.184000000000005,24.4
67200,25.808,24.4
67300,25.808,24.4
67400,25.808,24.4
67500,25.808,24.4
67600,25.808,24.4
67700,25.808,24.4
67800,25.808,24.4
67900,25.808,24.4
68000,25.808,24.4
68100,25.808,24.4
68200,25.808,24.4
68300,25.808,24.4
68400,25.808,24.4
68500,25.808,24.4
68600,25.808,24.4
68700,25.808,24.4
68800,25.808,24.4
68900,25.808,24.4
69000,25.808,24.4
69100,25.808,24.4
69200,25.808,24.4
69300,25.808,24.4
69400,25.808,24.4
69500,25.808,24.4
69600,25.808,24.4
69700,25.808,24.4
69800,25.808,24.4
69900,25.808,24.4
70000,25.808,24.4
70100,25.808,24.4
70200,25.808,24.4
70300,25.808,24.4
70400,25.808,24.4
70500,25.808,24.4
70600,25.808,24.4
70700,25.808,24.4
70800,25.808,24.4
70900,25.808,24.4
71000,25.808,24.4
71100,25.808,24.4
71200,25.808,24.4
71300,25.808,24.4
71400,25.808,24.4
71500,25.808,24.4
71600,25.808,24.4
71700,25.808,24.4
71800,25.808,24.4
71900,25.808,24.4
72000,25.808,24.4
72100,25.808,24.4
72200,25.808,24.4
72300,25.808,24.4
72400,25.808,24.4
72500,25.808,24.4
72600,25.808,24.4
72700,25.808,24.4
72800,25.808,24.4
72900,25.808,24.4
73000,25.808,24.4
73100,25.808,24.4
73200,25.808,24.4
73300,25.808,24.4
73400,25.808,24.4
73500,25.808,24.4
73600,25.808,24.4
73700,25.808,24.4
73800,25.808,24.4
73900,25.808,24.4
74000,25.808,24.4
74100,25.808,24.4
74200,25.808,24.4
74300,25.808,24.4
74400,25.808,24.4
74500,25.808,24.4
74600,25.808,24.4
74700,25.808,24.4
74800,25.808,24.4
74900,25.808,24.4
75000,25.808,24.4
75100,25.808,24.4
75200,25.808,24.4
75300,25.808,24.4
75400,25.808,24.4
75500,25.808,24.4
75600,25.808,24.4
75700,25.808,24.4
75800,25.752,24.4
75900,25.752,24.4
76000,25.752,24.4
76100,25.752,24.4
76200,25.752,24.4
76300,25.752,24.4
76400,25.752,24.4
76500,25.752,24.4
76600,25.752,24.4
76700,25.752,24.4
76800,25.752,24.4
76900,25.752,24.4
77000,25.752,24.4
77100,25.752,24.4
77200,25.752,24.4
77300,25.752,24.4
77400,25.752,24.4
77500,25.752,24.4
77600,25.752,24.4
77700,25.752,24.4
77800,25.752,24.4
77900,25.752,24.4
78000,25.752,24.4
78100,25.752,24.4
78200,25.752,24.4
78300,25.752,24.4
78400,25.752,24.4
78500,25.752,24.4
78600,25.752,24.4
78700,25.752,24.4
78800,25.752,24.4
78900,25.752,24.4
79000,25.752,24.4
79100,25.752,24.4
79200,25.752,24.4
79300,25.752,24.4
79400,25.752,24.4
79500,25.752,24.4
79600,25.752,24.4
79700,25.752,24.4
79800,25.752,24.4
79900,25.752,24.4
80000,25.752,24.4
80100,25.752,24.4
80200,25.752,24.4
80300,25.752,24.4
80400,25.752,24.4
80500,25.752,24.4
80600,25.752,24.4
80700,25.752,24.4
80800,25.752,24.4
80900,25.752,24.4
81000,25.752,24.4
81100,25.752,24.4
81200,25.752,24.4
81300,25.752,24.4
81400,25.752,24.4
81500,25.752,24.4
81600,25.752,24.4
81700,25.752,24.4
81800,25.752,24.4
81900,25.752,24.4
82000,25.752,24.4
82100,25.752,24.4
82200,25.752,24.4
82300,25.752,24.4
82400,25.752,24.4
82500,25.752,24.4
82600,25.752,24.4
82700,25.752,24.4
82800,25.752,24.4
82900,25.752,24.4
83000,25.752,24.4
83100,25.752,24.4
83200,25.752,24.4
83300,25.752,24.4
83400,25.752,24.4
83500,25.752,24.4
83600,25.752,24.4
83700,25.752,24.4
83800,25.752,24.4
83900,25.752,24.4
84000,25.752,24.4
84100,25.752,24.4
84200,25.752,24.4
84300,25.752,24.4
84400,25.752,24.4
84500,25.752,24.4
84600,25.752,24.4
84700,25.752,24.4
84800,25.752,24.4
84900,25.752,24.4
85000,25.752,24.4
85100,25.752,24.4
85200,25.752,24.4
85300,25.52,24.4
85400,25.52,24.4
85500,25.52,24.4
85600,25.272,24.4
85700,25.272,24.4
85800,25.272,24.4
85900,25.272,24.4
86000,25.272,24.4
86100,25.272,24.4
86200,25.272,24.4
86300,25.272,24.4
86400,25.272,24.4
86500,25.080000000000002,24.4
86600,25.080000000000002,24.4
86700,25.080000000000002,24.4
86800,25.080000000000002,24.4
86900,25.080000000000002,24.4
87000,25.080000000000002,24.4
87100,25.080000000000002,24.4
87200,25.080000000000002,24.4
87300,25.080000000000002,24.4
87400,25.080000000000002,24.4
87500,25.080000000000002,24.4
87600,25.080000000000002,24.4
87700,25.080000000000002,24.4
87800,25.080000000000002,24.4
87900,25.080000000000002,24.4
88000,25.080000000000002,24.4
88100,25.080000000000002,24.4
88200,25.080000000000002,24.4
88300,25.080000000000002,24.4
88400,25.080000000000002,24.4
88500,25.080000000000002,24.4
88600,25.080000000000002,24.4
88700,25.080000000000002,24.4
88800,25.080000000000002,24.4
88900,25.080000000000002,24.4
89000,25.080000000000002,24.4
89100,25.080000000000002,24.4
89200,25.080000000000002,24.4
89300,25.080000000000002,24.4
89400,25.080000000000002,24.4
89500,25.080000000000002,24.4
89600,25.080000000000002,24.4
89700,25.080000000000002,24.4
89800,25.080000000000002,24.4
89900,25.080000000000002,24.4
90000,25.080000000000002,24.4
90100,25.080000000000002,24.4
90200,25.080000000000002,24.4
90300,25.080000000000002,24.4
90400,25.080000000000002,24.4
90500,25.080000000000002,24.4
90600,25.080000000000002,24.4
90700,25.080000000000002,24.4
90800,25.080000000000002,24.4
90900,25.080000000000002,24.4
91000,25.080000000000002,24.4
91100,25.080000000000002,24.4
91200,25.080000000000002,24.4
91300,25.080000000000002,24.4
91400,25.080000000000002,24.4
91500,25.080000000000002,24.4
91600,25.080000000000002,24.4
91700,25.080000000000002,24.4
91800,25.080000000000002,24.4
91900,25.080000000000002,24.4
92000,25.080000000000002,24.4
92100,25.080000000000002,24.4
92200,25.080000000000002,24.4
92300,25.080000000000002,24.4
92400,25.080000000000002,24.4
92500,25.080000000000002,24.4
92600,25.080000000000002,24.4
92700,25.080000000000002,24.4
92800,25.080000000000002,24.4
92900,25.080000000000002,24.4
93000,25.080000000000002,24.4
93100,25.080000000000002,24.4
93200,25.080000000000002,24.4
93300,25.080000000000002,24.4
93400,25.080000000000002,24.4
93500,25.080000000000002,24.4
93600,25.080000000000002,24.4
93700,25.080000000000002,24.4
93800,25.080000000000002,24.4
93900,25.080000000000002,24.4
94000,25.080000000000002,24.4
94100,25.080000000000002,24.4
94200,25.080000000000002,24.4
94300,25.080000000000002,24.4
94400,25.080000000000002,24.4
94500,25.080000000000002,24.4
94600,25.080000000000002,24.4
94700,25.080000000000002,24.4
94800,25.080000000000002,24.4
94900,25.080000000000002,24.4
95000,25.080000000000002,24.4
95100,25.080000000000002,24.4
95200,25.080000000000002,24.4
95300,25.080000000000002,24.4
95400,25.080000000000002,24.4
95500,25.080000000000002,24.4
95600,25.080000000000002,24.4
95700,25.080000000000002,24.4
95800,25.080000000000002,24.4
95900,25.080000000000002,24.4
96000,25.080000000000002,24.4
96100,25.080000000000002,24.4
96200,25.080000000000002,24.4
96300,25.080000000000002,24.4
96400,25.080000000000002,24.4
96500,25.080000000000002,24.4
96600,25.080000000000002,24.4
96700,25.080000000000002,24.4
96800,25.080000000000002,24.4
96900,25.080000000000002,24.4
97000,25.080000000000002,24.4
97100,25.080000000000002,24.4
97200,25.080000000000002,24.4
97300,25.080000000000002,24.4
97400,25.080000000000002,24.4
97500,25.080000000000002,24.4
97600,25.080000000000002,24.4
97700,25.080000000000002,24.4
97800,25.080000000000002,24.4
97900,25.080000000000002,24.4
98000,25.080000000000002,24.4
98100,25.080000000000002,24.4
98200,25.080000000000002,24.4
98300,25.080000000000002,24.4
98400,25.080000000000002,24.4
98500,25.080000000000002,24.4
98600,25.080000000000002,24.4
98700,25.080000000000002,24.4
98800,25.080000000000002,24.4
98900,25.080000000000002,24.4
99000,25.080000000000002,24.4
99100,25.080000000000002,24.4
99200,25.080000000000002,24.4
99300,25.080000000000002,24.4
99400,25.080000000000002,24.4
99500,25.080000000000002,24.4
99600,25.080000000000002,24.4
99700,25.080000000000002,24.4
99800,25.080000000000002,24.4
99900,25.080000000000002,24.4
100000,25.080000000000002,24.4
100100,25.080000000000002,24.4
100200,25.080000000000002,24.4
100300,25.080000000000002,24.4
100400,25.080000000000002,24.4
100500,25.080000000000002,24.4
100600,25.080000000000002,24.4
100700,25.080000000000002,24.4
100800,25.080000000000002,24.4
100900,25.080000000000002,24.4
101000,25.080000000000002,24.4
101100,25.080000000000002,24.4
101200,25.080000000000002,24.4
101300,25.080000000000002,24.4
101400,25.080000000000002,24.4
101500,25.080000000000002,24.4
101600,25.080000000000002,24.4
101700,25.080000000000002,24.4
101800,25.080000000000002,24.4
101900,25.080000000000002,24.4
102000,25.080000000000002,24.4
102100,25.080000000000002,24.4
102200,25.080000000000002,24.4
102300,25.080000000000002,24.4
102400,25.080000000000002,24.4
102500,25.080000000000002,24.4
102600,25.080000000000002,24.4
102700,25.080000000000002,24.4
102800,25.080000000000002,24.4
102900,25.080000000000002,24.4
103000,25.080000000000002,24.4
103100,25.080000000000002,24.4
103200,25.080000000000002,24.4
103300,25.080000000000002,24.4
103400,25.080000000000002,24.4
103500,25.080000000000002,24.4
103600,25.080000000000002,24.4
103700,25.080000000000002,24.4
103800,25.080000000000002,24.4
103900,25.080000000000002,24.4
104000,25.080000000000002,24.4
104100,25.080000000000002,24.4
104200,25.080000000000002,24.4
104300,25.080000000000002,24.4
104400,25.080000000000002,24.4
104500,25.008000000000003,24.4
104600,24.776,24.4
104700,24.776,24.4
104800,24.776,24.4
104900,24.776,24.4
105000,24.776,24.4
105100,24.776,24.4
105200,24.776,24.4
105300,24.776,24.4
105400,24.776,24.4
105500,24.776,24.4
105600,24.776,24.4
105700,24.776,24.4
105800,24.776,24.4
105900,24.776,24.4
106000,24.776,24.4
106100,24.776,24.4
106200,24.776,24.4
106300,24.776,24.4
106400,24.776,24.4
106500,24.776,24.4
106600,24.776,24.4
106700,24.776,24.4
106800,24.776,24.4
106900,24.776,24.4
107000,24.776,24.4
107100,24.776,24.4
107200,24.776,24.4
107300,24.776,24.4
107400,24.776,24.4
107500,24.776,24.4
107600,24.776,24.4
107700,24.776,24.4
107800,24.776,24.4
107900,24.776,24.4
108000,24.776,24.4
108100,24.776,24.4
108200,24.776,24.4
108300,24.776,24.4
108400,24.776,24.4
108500,24.776,24.4
108600,24.776,24.4
108700,24.776,24.4
108800,24.776,24.4
108900,24.776,24.4
109000,24.776,24.4
109100,24.776,24.4
109200,24.776,24.4
109300,24.776,24.4
109400,24.776,24.4
109500,24.776,24.4
109600,24.776,24.4
109700,24.776,24.4
109800,24.776,24.4
109900,24.776,24.4
110000,24.776,24.4
110100,24.776,24.4
110200,24.776,24.4
110300,24.776,24.4
110400,24.776,24.4
110500,24.776,24.4
110600,24.776,24.4
110700,24.776,24.4
110800,24.776,24.4
110900,24.776,24.4
111000,24.776,24.4
111100,24.776,24.4
111200,24.776,24.4
111300,24.776,24.4
111400,24.776,24.4
111500,24.776,24.4
111600,24.776,24.4
111700,24.776,24.4
111800,24.776,24.4
111900,24.776,24.4
112000,24.776,24.4
112100,24.776,24.4
112200,24.776,24.4
112300,24.776,24.4
112400,24.776,24.4
112500,24.776,24.4
112600,24.776,24.4
112700,24.776,24.4
112800,24.776,24.4
112900,24.776,24.4
113000,24.776,24.4
113100,24.776,24.4
113200,24.776,24.4
113300,24.776,24.4
113400,24.776,24.4
113500,24.776,24.4
113600,24.776,24.4
113700,24.776,24.4
113800,24.776,24.4
113900,24.776,24.4
114000,24.776,24.4
114100,24.776,24.4
114200,24.776,24.4
114300,24.776,24.4
114400,24.776,24.4
114500,24.776,24.4
114600,24.776,24.4
114700,24.776,24.4
114800,24.776,24.4
114900,24.776,24.4
115000,24.776,24.4
115100,24.776,24.4
115200,24.776,24.4
115300,24.776,24.4
115400,24.776,24.4
115500,24.776,24.4
115600,24.776,24.4
115700,24.776,24.4
115800,24.776,24.4
115900,24.776,24.4
116000,24.776,24.4
116100,24.776,24.4
116200,24.776,24.4
116300,24.776,24.4
116400,24.776,24.4
116500,24.776,24.4
116600,24.776,24.4
116700,24.776,24.4
116800,24.776,24.4
116900,24.776,24.4
117000,24.776,24.4
117100,24.776,24.4
117200,24.776,24.4
117300,24.776,24.4
117400,24.776,24.4
117500,24.776,24.4
117600,24.776,24.4
117700,24.776,24.4
117800,24.776,24.4
117900,24.776,24.4
118000,24.776,24.4
118100,24.776,24.4
118200,24.776,24.4
118300,24.776,24.4
118400,24.776,24.4
118500,24.776,24.4
118600,24.776,24.4
118700,24.776,24.4
118800,24.776,24.4
118900,24.776,24.4
119000,24.776,24.4
119100,24.776,24.4
119200,24.776,24.4
119300,24.776,24.4
119400,24.776,24.4
119500,24.776,24.4
119600,24.776,24.4
119700,24.776,24.4
119800,24.776,24.4
119900,24.776,24.4
120000,24.776,24.4
120100,24.776,24.4
120200,24.776,24.4
120300,24.776,24.4
120400,24.776,24.4
120500,24.776,24.4
120600,24.776,24.4
120700,24.776,24.4
120800,24.776,24.4
120900,24.640000000000004,24.4
121000,24.640000000000004,24.4
121100,24.640000000000004,24.4
121200,24.640000000000004,24.4
121300,24.640000000000004,24.4
121400,24.640000000000004,24.4
121500,24.640000000000004,24.4
121600,24.640000000000004,24.4
121700,24.640000000000004,24.4
121800,24.640000000000004,24.4
121900,24.640000000000004,24.4
122000,24.640000000000004,24.4
122100,24.640000000000004,24.4
122200,24.640000000000004,24.4
122300,24.640000000000004,24.4
122400,24.640000000000004,24.4
122500,24.640000000000004,24.4
122600,24.640000000000004,24.4
122700,24.640000000000004,24.4
122800,24.640000000000004,24.4
122900,24.640000000000004,24.4
123000,24.640000000000004,24.4
123100,24.640000000000004,24.4
123200,24.640000000000004,24.4
123300,24.640000000000004,24.4
123400,24.640000000000004,24.4
123500,24.640000000000004,24.4
123600,24.640000000000004,24.4
123700,24.640000000000004,24.4
123800,24.640000000000004,24.4
123900,24.456,24.2
124000,24.456,24.2
124100,24.456,24.2
124200,24.456,24.2
124300,24.456,24.2
124400,24.456,24.2
124500,24.456,24.2
124600,24.456,24.2
124700,24.456,24.2
124800,24.456,24.2
124900,24.456,24.2
125000,24.456,24.2
125100,24.456,24.2
125200,24.456,24.2
125300,24.456,24.2
125400,24.456,24.2
125500,24.456,24.2
125600,24.456,24.2
125700,24.456,24.2
125800,24.456,24.2
125900,24.456,24.2
126000,24.456,24.2
126100,24.456,24.2
126200,24.456,24.2
126300,24.456,24.2
126400,24.456,24.2
126500,24.456,24.2
126600,24.456,24.2
126700,24.456,24.2
126800,24.456,24.2
126900,24.456,24.2
127000,24.456,24.2
127100,24.456,24.2
127200,24.456,24.2
127300,24.456,24.2
127400,24.456,24.2
127500,24.456,24.2
127600,24.456,24.2
127700,24.456,24.2
127800,24.456,24.2
127900,24.456,24.2
128000,24.456,24.2
128100,24.456,24.2
128200,24.456,24.2
128300,24.456,24.2
128400,24.456,24.2
128500,24.456,24.2
128600,24.456,24.2
128700,24.456,24.2
128800,24.456,24.2
128900,24.456,24.2
129000,24.456,24.2
129100,24.456,24.2
129200,24.456,24.2
129300,24.456,24.2
129400,24.456,24.2
129500,24.456,24.2
129600,24.456,24.2
129700,24.456,24.2
129800,24.456,24.2
129900,24.456,24.2
130000,24.456,24.2
130100,24.456,24.2
130200,24.456,24.2
130300,24.456,24.2
130400,24.456,24.2
130500,24.456,24.2
130600,24.456,24.2
130700,24.456,24.2
130800,24.456,24.2
130900,24.456,24.2
131000,24.456,24.2
131100,24.456,24.2
131200,24.456,24.2
131300,24.456,24.2
131400,24.456,24.2
131500,24.456,24.2
131600,24.456,24.2
131700,24.456,24.2
131800,24.456,24.2
131900,24.456,24.2
132000,24.456,24.2
132100,24.456,24.2
132200,24.456,24.2
132300,24.456,24.2
132400,24.456,24.2
132500,24.456,24.2
132600,24.456,24.2
132700,24.456,24.2
132800,24.456,24.2
132900,24.456,24.2
133000,24.456,24.2
133100,24.456,24.2
133200,24.456,24.2
133300,24.456,24.2
133400,24.456,24.2
133500,24.456,24.2
133600,24.456,24.2
133700,24.456,24.2
133800,24.456,24.2
133900,24.456,24.2
134000,24.456,24.2
134100,24.456,24.2
134200,24.456,24.2
134300,24.456,24.2
134400,24.456,24.2
134500,24.456,24.2
134600,24.456,24.2
134700,24.456,24.2
134800,24.456,24.2
134900,24.456,24.2
135000,24.456,24.2
135100,24.456,24.2
135200,24.456,24.2
135300,24.456,24.2
135400,24.456,24.2
135500,24.456,24.2
135600,24.456,24.2
135700,24.456,24.2
135800,24.456,24.2
135900,24.456,24.2
136000,24.456,24.2
136100,24.456,24.2
136200,24.456,24.2
136300,24.456,24.2
136400,24.456,24.2
136500,24.456,24.2
136600,24.456,24.2
136700,24.456,24.2
136800,24.456,24.2
136900,24.456,24.2
137000,24.456,24.2
137100,24.456,24.2
137200,24.456,24.2
137300,24.456,24.2
137400,24.456,24.2
137500,24.456,24.2
137600,24.456,24.2
137700,24.456,24.2
137800,24.456,24.2
137900,24.456,24.2
138000,24.456,24.2
138100,24.456,24.2
138200,24.456,24.2
138300,24.456,24.2
138400,24.456,24.2
138500,24.456,24.2
138600,24.456,24.2
138700,24.456,24.2
138800,24.456,24.2
138900,24.456,24.2
139000,24.456,24.2
139100,24.456,24.2
139200,24.456,24.2
139300,24.456,24.2
139400,24.456,24.2
139500,24.456,24.2
139600,24.456,24.2
139700,24.456,24.2
139800,24.456,24.2
139900,24.456,24.2
140000,24.456,24.2
140100,24.456,24.2
140200,24.456,24.2
140300,24.456,24.2
140400,24.456,24.2
140500,24.456,24.2
140600,24.456,24.2
140700,24.456,24.2
140800,24.456,24.2
140900,24.456,24.2
141000,24.456,24.2
141100,24.456,24.2
141200,24.456,24.2
141300,24.456,24.2
141400,24.456,24.2
141500,24.456,24.2
141600,24.456,24.2
141700,24.456,24.2
141800,24.456,24.2
141900,24.456,24.2
142000,24.456,24.2
142100,24.456,24.2
142200,24.456,24.2
142300,24.456,24.2
142400,24.456,24.2
142500,24.456,24.2
142600,24.456,24.2
142700,24.456,24.2
142800,24.456,24.2
142900,24.456,24.2
143000,24.456,24.2
143100,24.456,24.2
143200,24.456,24.2
143300,24.456,24.2
143400,24.456,24.2
143500,24.456,24.2
143600,24.456,24.2
143700,24.456,24.2
143800,24.456,24.2
143900,24.456,24.2
144000,24.456,24.2
144100,24.456,24.2
144200,24.456,24.2
144300,24.456,24.2
144400,24.456,24.2
144500,24.456,24.2
144600,24.456,24.2
144700,24.456,24.2
144800,24.456,24.2
144900,24.456,24.2
145000,24.456,24.2
145100,24.456,24.2
145200,24.456,24.2
145300,24.456,24.2
145400,24.456,24.2
145500,24.328000000000003,24.2
145600,24.328000000000003,24.2
145700,24.328000000000003,24.2
145800,24.328000000000003,24.2
145900,24.328000000000003,24.2
146000,24.328000000000003,24.2
146100,24.328000000000003,24.2
146200,24.328000000000003,24.2
146300,24.328000000000003,24.2
146400,24.328000000000003,24.2
146500,24.328000000000003,24.2
146600,24.328000000000003,24.2
146700,24.328000000000003,24.2
146800,24.328000000000003,24.2
146900,24.328000000000003,24.2
147000,24.328000000000003,24.2
147100,24.328000000000003,24.2
147200,24.328000000000003,24.2
147300,24.328000000000003,24.2
147400,24.328000000000003,24.2
147500,24.328000000000003,24.2
147600,24.328000000000003,24.2
147700,24.328000000000003,24.2
147800,24.328000000000003,24.2
147900,24.328000000000003,24.2
148000,24.328000000000003,24.2
148100,24.328000000000003,24.2
148200,24.328000000000003,24.2
148300,24.328000000000003,24.2
148400,24.328000000000003,24.2
148500,24.328000000000003,24.2
148600,24.328000000000003,24.2
148700,24.328000000000003,24.2
148800,24.328000000000003,24.2
148900,24.328000000000003,24.2
149000,24.328000000000003,24.2
149100,24.328000000000003,24.2
149200,24.328000000000003,24.2
149300,24.328000000000003,24.2
149400,24.328000000000003,24.2
149500,24.328000000000003,24.2
149600,24.328000000000003,24.2
149700,24.328000000000003,24.2
149800,24.328000000000003,24.2
149900,24.328000000000003,24.2
150000,24.328000000000003,24.2
150100,24.328000000000003,24.2
150200,24.328000000000003,24.2
150300,24.328000000000003,24.2
150400,24.328000000000003,24.2
150500,24.328000000000003,24.2
150600,24.328000000000003,24.2
150700,24.328000000000003,24.2
150800,24.328000000000003,24.2
150900,24.328000000000003,24.2
151000,24.328000000000003,24.2
151100,24.328000000000003,24.2
151200,24.328000000000003,24.2
151300,24.328000000000003,24.2
151400,24.328000000000003,24.2
151500,24.328000000000003,24.2
151600,24.328000000000003,24.2
151700,24.312,24.2
151800,24.312,24.2
151900,24.312,24.2
152000,24.312,24.2
152100,24.312,24.2
152200,24.312,24.2
152300,24.312,24.2
152400,24.312,24.2
152500,24.312,24.2
152600,24.312,24.2
152700,24.312,24.2
152800,24.312,24.2
152900,24.312,24.2
153000,24.312,24.2
153100,24.312,24.2
153200,24.312,24.2
153300,24.312,24.2
153400,24.312,24.2
153500,24.312,24.2
153600,24.312,24.2
153700,24.312,24.2
153800,24.312,24.2
153900,24.312,24.2
154000,24.312,24.2
154100,24.312,24.2
154200,24.312,24.2
154300,24.312,24.2
154400,24.312,24.2
154500,24.312,24.2
154600,24.312,24.2
154700,24.312,24.2
154800,24.312,24.2
154900,24.312,24.2
155000,24.248,24.2
155100,24.248,24.2
155200,24.248,24.2
155300,24.248,24.2
155400,24.248,24.2
155500,24.248,24.2
155600,24.248,24.2
155700,24.248,24.2
155800,24.248,24.2
155900,24.248,24.2
156000,24.248,24.2
156100,24.248,24.2
156200,24.248,24.2
156300,24.248,24.2
156400,24.248,24.2
156500,24.248,24.2
156600,24.248,24.2
156700,24.248,24.2
156800,24.248,24.2
156900,24.248,24.2
157000,24.248,24.2
157100,24.248,24.2
157200,24.248,24.2
157300,24.248,24.2
157400,24.248,24.2
157500,24.248,24.2
157600,24.248,24.2
157700,24.248,24.2
157800,24.248,24.2
157900,24.248,24.2
158000,24.248,24.2
158100,24.248,24.2
158200,24.248,24.2
158300,24.248,24.2
158400,24.248,24.2
158500,24.248,24.2
158600,24.248,24.2
158700,24.248,24.2
158800,24.248,24.2
158900,24.248,24.2
159000,24.248,24.2
159100,24.248,24.2
159200,24.248,24.2
159300,24.248,24.2
159400,24.248,24.2
159500,24.248,24.2
159600,24.248,24.2
159700,24.248,24.2
159800,24.248,24.2
159900,24.248,24.2
160000,24.248,24.2
160100,24.248,24.2
160200,24.248,24.2
160300,24.248,24.2
160400,24.248,24.2
160500,24.248,24.2
160600,24.248,24.2
160700,24.248,24.2
160800,24.248,24.2
160900,24.248,24.2
161000,24.248,24.2
161100,24.248,24.2
161200,24.248,24.2
161300,24.248,24.2
161400,24.248,24.2
161500,24.248,24.2
161600,24.248,24.2
161700,24.248,24.2
161800,24.248,24.2
161900,24.248,24.2
162000,24.248,24.2
162100,24.248,24.2
162200,24.248,24.2
162300,24.248,24.2
162400,24.248,24.2
162500,24.248,24.2
162600,24.248,24.2
162700,24.248,24.2
162800,24.248,24.2
162900,24.248,24.2
163000,24.248,24.2
163100,24.248,24.2
163200,24.248,24.2
163300,24.248,24.2
163400,24.248,24.2
163500,24.248,24.2
163600,24.248,24.2
163700,24.248,24.2
163800,24.248,24.2
163900,24.248,24.2
164000,24.248,24.2
164100,24.248,24.2
164200,24.248,24.2
164300,24.248,24.2
164400,24.119999999999997,24.2
164500,24.119999999999997,24.2
164600,24.119999999999997,24.2
164700,24.119999999999997,24.2
164800,24.119999999999997,24.2
164900,24.119999999999997,24.2
165000,24.119999999999997,24.2
165100,24.119999999999997,24.2
165200,24.119999999999997,24.2
165300,24.119999999999997,24.2
165400,24.119999999999997,24.2
165500,24.119999999999997,24.2
165600,24.119999999999997,24.2
165700,24.119999999999997,24.2
165800,24.119999999999997,24.2
165900,24.119999999999997,24.2
166000,24.119999999999997,24.2
166100,24.119999999999997,24.2
166200,24.119999999999997,24.2
166300,24.119999999999997,24.2
166400,24.119999999999997,24.2
166500,24.119999999999997,24.2
166600,24.119999999999997,24.2
166700,24.119999999999997,24.2
166800,24.119999999999997,24.2
166900,24.119999999999997,24.2
167000,24.119999999999997,24.2
167100,24.119999999999997,24.2
167200,24.119999999999997,24.2
167300,24.119999999999997,24.2
167400,24.119999999999997,24.2
167500,24.119999999999997,24.2
167600,24.119999999999997,24.2
167700,24.119999999999997,24.2
167800,24.119999999999997,24.2
167900,24.119999999999997,24.2
168000,24.119999999999997,24.2
168100,24.119999999999997,24.2
168200,24.119999999999997,24.2
168300,24.119999999999997,24.2
168400,24.119999999999997,24.2
168500,24.119999999999997,24.2
168600,24.119999999999997,24.2
168700,24.119999999999997,24.2
168800,24.119999999999997,24.2
168900,24.119999999999997,24.2
169000,24.119999999999997,24.2
169100,24.119999999999997,24.2
169200,24.119999999999997,24.2
169300,24.119999999999997,24.2
169400,24.119999999999997,24.2
169500,24.119999999999997,24.2
169600,24.119999999999997,24.2
169700,24.119999999999997,24.2
169800,24.119999999999997,24.2
169900,24.119999999999997,24.2
170000,24.119999999999997,24.2
170100,24.119999999999997,24.2
170200,24.119999999999997,24.2
170300,24.119999999999997,24.2
170400,24.119999999999997,24.2
170500,24.119999999999997,24.2
170600,24.119999999999997,24.2
170700,24.119999999999997,24.2
170800,24.119999999999997,24.2
170900,24.119999999999997,24.2
171000,24.119999999999997,24.2
171100,24.119999999999997,24.2
171200,24.119999999999997,24.2
171300,24.119999999999997,24.2
171400,24.119999999999997,24.2
171500,24.119999999999997,24.2
171600,24.119999999999997,24.2
171700,24.119999999999997,24.2
171800,24.119999999999997,24.2
171900,24.119999999999997,24.2
172000,24.119999999999997,24.2
172100,24.119999999999997,24.2
172200,24.119999999999997,24.2
172300,24.119999999999997,24.2
172400,24.119999999999997,24.2
172500,24.119999999999997,24.2
172600,24.119999999999997,24.2
172700,24.119999999999997,24.2
172800,24.119999999999997,24.2
172900,24.119999999999997,24.2
173000,24.119999999999997,24.2
173100,24.119999999999997,24.2
173200,24.119999999999997,24.2
173300,24.119999999999997,24.2
173400,24.119999999999997,24.2
173500,24.119999999999997,24.2
173600,24.119999999999997,24.2
173700,24.119999999999997,24.2
173800,24.119999999999997,24.2
173900,24.119999999999997,24.2
174000,24.119999999999997,24.2
174100,24.119999999999997,24.2
174200,24.119999999999997,24.2
174300,24.119999999999997,24.2
174400,24.119999999999997,24.2
174500,24.119999999999997,24.2
174600,24.119999999999997,24.2
174700,24.119999999999997,24.2
174800,24.119999999999997,24.2
174900,24.119999999999997,24.2
175000,24.119999999999997,24.2
175100,24.119999999999997,24.2
175200,24.119999999999997,24.2
175300,24.119999999999997,24.2
175400,24.119999999999997,24.2
175500,24.119999999999997,24.2
175600,24.119999999999997,24.2
175700,24.119999999999997,24.2
175800,24.119999999999997,24.2
175900,24.119999999999997,24.2
176000,24.119999999999997,24.2
176100,24.119999999999997,24.2
176200,24.119999999999997,24.2
176300,24.119999999999997,24.2
176400,24.119999999999997,24.2
176500,24.119999999999997,24.2
176600,24.119999999999997,24.2
176700,24.119999999999997,24.2
176800,24.119999999999997,24.2
176900,24.119999999999997,24.2
177000,24.119999999999997,24.2
177100,24.119999999999997,24.2
177200,24.119999999999997,24.2
177300,24.119999999999997,24.2
177400,24.119999999999997,24.2
177500,24.119999999999997,24.2
177600,24.119999999999997,24.2
177700,24.119999999999997,24.2
177800,24.119999999999997,24.2
177900,24.119999999999997,24.2
178000,24.119999999999997,24.2
178100,24.119999999999997,24.2
178200,24.119999999999997,24.2
178300,24.119999999999997,24.2
178400,24.119999999999997,24.2
178500,24.119999999999997,24.2
178600,24.119999999999997,24.2
178700,24.119999999999997,24.2
178800,24.119999999999997,24.2
178900,24.119999999999997,24.2
179000,24.119999999999997,24.2
179100,24.119999999999997,24.2
179200,24.119999999999997,24.2
179300,24.080000000000002,24.2
179400,24.080000000000002,24.2
179500,24.080000000000002,24.2
179600,24.080000000000002,24.2
179700,24.080000000000002,24.2
179800,24.080000000000002,24.2
179900,24.080000000000002,24.2
180000,24.080000000000002,24.2
180100,24.080000000000002,24.2
180200,24.080000000000002,24.2
180300,24.080000000000002,24.2
180400,24.080000000000002,24.2
180500,24.080000000000002,24.2
180600,24.080000000000002,24.2
180700,24.080000000000002,24.2
180800,24.080000000000002,24.2
180900,24.080000000000002,24.2
181000,24.080000000000002,24.2
181100,24.080000000000002,24.2
181200,24.080000000000002,24.2
181300,24.080000000000002,24.2
181400,24.080000000000002,24.2
181500,23.863999999999997,24.4
181600,23.863999999999997,24.4
181700,23.863999999999997,24.4
181800,23.863999999999997,24.4
181900,23.863999999999997,24.4
182000,23.863999999999997,24.4
182100,23.863999999999997,24.4
182200,23.863999999999997,24.4
182300,23.488000000000003,24.6
182400,23.488000000000003,24.6
182500,23.488000000000003,24.6
182600,23.488000000000003,24.6
182700,23.488000000000003,24.6
182800,23.488000000000003,24.6
182900,23.488000000000003,24.6
183000,23.488000000000003,24.6
183100,23.488000000000003,24.6
183200,23.488000000000003,24.6
183300,23.488000000000003,24.6
183400,23.488000000000003,24.6
183500,23.488000000000003,24.6
183600,23.488000000000003,24.6
183700,23.488000000000003,24.6
183800,23.488000000000003,24.6
183900,23.488000000000003,24.6
184000,23.488000000000003,24.6
184100,23.488000000000003,24.6
184200,23.488000000000003,24.6
184300,23.488000000000003,24.6
184400,23.488000000000003,24.6
184500,23.488000000000003,24.6
184600,23.488000000000003,24.6
184700,23.488000000000003,24.6
184800,23.488000000000003,24.6
184900,23.488000000000003,24.6
185000,23.488000000000003,24.6
185100,23.488000000000003,24.6
185200,23.488000000000003,24.6
185300,23.488000000000003,24.6
185400,23.488000000000003,24.6
185500,23.488000000000003,24.6
185600,23.488000000000003,24.6
185700,23.488000000000003,24.6
185800,23.488000000000003,24.6
185900,23.488000000000003,24.6
186000,23.488000000000003,24.6
186100,23.488000000000003,24.6
186200,23.488000000000003,24.6
186300,23.488000000000003,24.6
186400,23.488000000000003,24.6
186500,23.488000000000003,24.6
186600,23.488000000000003,24.6
186700,23.488000000000003,24.6
186800,23.488000000000003,24.6
186900,23.488000000000003,24.6
187000,23.488000000000003,24.6
187100,23.488000000000003,24.6
187200,23.488000000000003,24.6
187300,23.488000000000003,24.6
187400,23.488000000000003,24.6
187500,23.488000000000003,24.6
187600,23.488000000000003,24.6
187700,23.488000000000003,24.6
187800,23.488000000000003,24.6
187900,23.488000000000003,24.6
188000,23.488000000000003,24.6
188100,23.488000000000003,24.6
188200,23.488000000000003,24.6
188300,23.488000000000003,24.6
188400,23.488000000000003,24.6
188500,23.488000000000003,24.6
188600,23.488000000000003,24.6
188700,23.488000000000003,24.6
188800,23.488000000000003,24.6
188900,23.488000000000003,24.6
189000,23.488000000000003,24.6
189100,23.488000000000003,24.6
189200,23.488000000000003,24.6
189300,23.488000000000003,24.6
189400,23.488000000000003,24.6
189500,23.488000000000003,24.6
189600,23.488000000000003,24.6
189700,23.488000000000003,24.6
189800,23.16,24.4
189900,23.16,24.4
190000,23.16,24.4
190100,23.16,24.4
190200,23.16,24.4
190300,23.16,24.4
190400,23.16,24.4
190500,23.16,24.4
190600,23.16,24.4
190700,23.16,24.4
190800,23.16,24.4
190900,23.16,24.4
191000,23.16,24.4
191100,23.16,24.4
191200,23.16,24.4
191300,23.16,24.4
191400,23.16,24.4
191500,23.16,24.4
191600,23.16,24.4
191700,23.16,24.4
191800,23.16,24.4
191900,23.16,24.4
192000,23.16,24.4
192100,23.16,24.4
192200,23.16,24.4
192300,23.16,24.4
192400,23.16,24.4
192500,23.16,24.4
192600,23.16,24.4
192700,23.16,24.4
192800,23.16,24.4
192900,23.16,24.4
193000,23.16,24.4
193100,23.16,24.4
193200,23.16,24.4
193300,23.16,24.4
193400,23.16,24.4
193500,23.16,24.4
193600,23.16,24.4
193700,23.16,24.4
193800,23.16,24.4
193900,23.16,24.4
194000,23.16,24.4
194100,23.16,24.4
194200,23.16,24.4
194300,23.16,24.4
194400,23.16,24.4
194500,23.16,24.4
194600,23.064,24.4
194700,23.064,24.4
194800,23.064,24.4
194900,23.064,24.4
195000,23.064,24.4
195100,23.064,24.4
195200,23.064,24.4
195300,23.064,24.4
195400,23.064,24.4
195500,23.064,24.4
195600,23.064,24.4
195700,23.064,24.4
195800,23.064,24.4
195900,23.064,24.4
196000,23.064,24.4
196100,23.064,24.4
196200,23.064,24.4
196300,23.064,24.4
196400,23.064,24.4
196500,23.064,24.4
196600,23.064,24.4
196700,23.064,24.4
196800,23.064,24.4
196900,23.064,24.4
197000,23.064,24.4
197100,23.064,24.4
197200,23.064,24.4
197300,23.064,24.4
197400,23.064,24.4
197500,23.064,24.4
197600,23.064,24.4
197700,23.064,24.4
197800,23.064,24.4
197900,23.064,24.4
198000,23.064,24.4
198100,23.064,24.4
198200,23.064,24.4
198300,23.064,24.4
198400,23.064,24.4
198500,23.064,24.4
198600,23.064,24.4
198700,23.064,24.4
198800,23.064,24.4
198900,23.064,24.4
199000,23.064,24.4
199100,23.064,24.4
199200,23.064,24.4
199300,23.064,24.4
199400,23.064,24.4
199500,23.064,24.4
199600,23.064,24.4
199700,23.064,24.4
199800,23.064,24.4
199900,23.064,24.4
199999,23.064,24.4

START ALGORITHM
h1: (a13 - a24) * (b13 + b21 - b33)
h4: (a23 + a24 + a54 - a44 - a45 - a53) * (b25)
h5: (-a11 - a12 - a52 - a45 - a33) * (b53 + b52)
h6: (-a34) * (-b24 - b41 - b54)
h13: (a32 + a13 + a54 + a31 + a55 - a22 - a31 - a35 - a52 - a45 - a11 - a32) * (-b12)
h20: (a23 - a53) * (b43)
h27: (-a34) * (b11 - b14)
h31: (a13 + a22 + a14 + a23 + a51 + a55 + a51 - a14 - a41 - a42 - a13 - a31 - a21 - a45) * (b13 - b31 - b52 - b23)
h32: (-a24) * (b32 + b35 + b22 - b14)
h36: (a55) * (b31 + b11 + b12 + b53 - b22 - b53 - b15 - b14)
h40: (a31 - a43) * (b23)
h49: (a12 + a32) * (b41 - b12)
h55: (-a44 - a34 - a52) * (b34 + b31)
h61: (-a35) * (b35 - b35)
h62: (a51 + a43 - a52 - a54) * (b21 + b22 - b35 - b43 - b42 - b45)
h66: (-a45 - a25) * (b23 - b55 - b32 - b42)
h70: (a14 - a23) * (b13)
h71: (a51 + a21 + a51 + a44 + a52 + a34 + a23 - a32 - a33) * (b12 + b12 - b43)
h72: (a11 - a44) * (b34 - b41 - b35)
h75: (a14 + a54) * (-b33)
h80: (a25 + a22 + a43) * (b51 + b13 + b43)
h81: (a32) * (b32 + b35 + b11 + b23 - b22 - b44)
h84: (a51) * (b42 - b31)
h86: (-a21) * (-b25)
h89: (a51) * (b44 - b35 - b33 - b13)
h92: (a13 - a23 - a21 - a45 - a14 - a34 - a52) * (-b32)
h93: (a22 + a54 + a32) * (b54)
h95: (a13 - a14 - a51 - a51) * (-b54 - b22 - b11 - b45)
h98: (a31 + a41 + a55 + a41 - a13 - a45 - a24) * (b15 + b45 - b42 - b53)
h99: (a35) * (-b32)
h103: (-a32 - a43) * (b35 + b53 - b15 - b21)
h105: (a11 + a43 - a34 - a21) * (b43)
h110: (a15 - a25 - a55) * (b44 - b23 - b52 - b44)
h115: (a11 + a13) * (b44 + b32)
h117: (a42 - a42) * (b43)
h118: (a52 + a22 + a12 + a55 + a54 + a45 + a15 + a45 - a32 - a52 - a44 - a42 - a22 - a32) * (b44)
h120: (a11 + a32 + a34 + a44 + a35 - a21 - a54) * (b15)
h121: (-a45) * (b11)
h122: (a41 - a43) * (-b53)
h125: (-a41) * (b53 + b31 - b51 - b35)
h134: (a41 + a14 - a13 - a51) * (-b11 - b13)
h145: (a32) * (-b21)
h148: (a35 - a13 - a44) * (-b21)
h157: (a35) * (b41 + b34 + b35 + b54 - b33)
h167: (a24 - a42) * (b25 + b21 - b25)
h171: (a24 - a34 - a45 - a51 - a55 - a41) * (b53)
h176: (a54 - a31 - a52) * (b21 + b41 + b32 - b12)
h185: (a54 + a34 + a11 - a44) * (b43 + b11 + b13 - b13 - b54 - b54)
h188: (a53 - a22 - a42 - a11) * (b42 - b42 - b45)
h199: (-a31) * (-b24)
h204: (a34) * (b35)
h230: (-a35 - a13) * (b44 + b34 + b54 + b14 - b45 - b42 - b55 - b14)
h265: (a31 + a45 + a51 - a24 - a31 - a34 - a32 - a15) * (b41 + b54 + b12 - b11)
h325: (-a24) * (-b42)
h333: (a11 + a41 + a31 + a35 + a21 + a31 + a22 + a53 - a52 - a12 - a12 - a44 - a14) * (b25)
h452: (a52) * (b11 + b13 + b52 - b52 - b23)
h464: (a25) * (-b52)
h508: (a15 + a43 + a35 + a35 - a14 - a55 - a23) * (b35 - b12)
h765: (a31 - a51) * (-b54)
h766: (a42 - a51 - a52 - a44 - a31) * (b11 + b34)
h1648: (a52 + a54 + a53 + a52 - a52 - a34 - a41 - a15 - a25) * (b54 + b14)
h1668: (a42 + a35) * (b22 + b13)
h2782: (a32 + a55 + a54 - a41) * (b15 - b44)
h2790: (-a41 - a44) * (b34 - b13 - b32)
h4651: (a45 + a31 + a31 - a14 - a54 - a14 - a55 - a33) * (b23 + b21 + b52 + b13 - b14 - b43 - b25 - b54)
h5085: (a35 - a12) * (b11)
h6996: (-a33) * (b43 - b22)
h7173: (a13) * (-b13 - b41 - b32)
h7838: (-a55) * (-b35 - b12)
h11012: (a34 + a14 - a41 - a35 - a12 - a34 - a15) * (b13)
h15592: (a54 + a53 + a23 + a53 - a55) * (b32)
h22377: (-a42) * (b15 + b53 + b24 + b35 + b15 - b44 - b52 - b14)
h22514: (a11) * (b35 + b51 - b52)
h22749: (a22 + a51 + a31 - a24 - a43 - a53) * (b35)
c11: h118 
c12: h92 + h13 + h95 + h61 - h36 - h84 
c13: h55 + h157 + h99 + h75 + h508 - h120 - h95 
c14: h80 + h325 + h4 - h20 - h333 - h2782 
c15: h105 + h66 + h185 + h6 + h1648 - h89 - h49 
c21: h265 + h508 - h86 - h75 
c22: h117 + h157 - h36 - h464 
c23: h98 - h62 - h110 - h145 - h188 - h199 
c24: h2790 - h125 - h185 
c25: h115 + h75 + h765 + h22377 
c31: h27 + h2782 - h121 
c32: h5 + h145 - h89 
c33: h72 + h27 + h204 + h70 - h765 - h766 
c34: h134 + h32 - h66 - h61 
c35: h6 - h5 
c41: h122 - h5085 
c42: h103 + h40 + h4 + h81 + h117 - h110 
c43: h452 - h134 
c44: h27 - h230 - h15592 
c45: h6 + h134 + h6996 + h22514 - h11012 
c51: h84 - h61 
c52: h31 + h99 + h148 + h4651 - h95 - h89 - h167 
c53: h1668 - h81 
c54: h71 + h92 + h1 + h7173 - h22749 
c55: h75 + h86 + h36 + h93 + h49 - h125 - h171 - h176 - h7838 
