0,171.152,25
100,134.68,25
200,111.984,24.8
300,103.39200000000001,25
400,99.83200000000001,25
500,92.184,25
600,86.95199999999998,25
700,85.368,25
800,82.544,25
900,75.304,25
1000,71.32000000000001,25
1100,70.31200000000001,25
1200,69.816,25
1300,69.58399999999999,25
1400,67.168,25
1500,67.168,25
1600,66.45599999999999,25
1700,64.59200000000001,25
1800,63.544000000000004,25
1900,59.97600000000001,25
2000,59.97600000000001,25
2100,58.784000000000006,25
2200,58.712,25
2300,57.93599999999999,25
2400,57.48,25
2500,56.488,25
2600,56.488,25
2700,56.455999999999996,25
2800,56.352,25
2900,55.584,25
3000,55.584,25
3100,55.584,25
3200,55.584,25
3300,55.584,25
3400,55.584,25
3500,55.584,25
3600,55.584,25
3700,55.584,25
3800,55.34400000000001,25
3900,51.528,25
4000,49.48799999999999,25
4100,48.704,25
4200,48.488,25
4300,48.488,25
4400,48.296,25
4500,48.296,25
4600,48.296,25
4700,48.296,25
4800,48.176,25
4900,47.791999999999994,25
5000,47.791999999999994,25
5100,47.64800000000001,25
5200,47.64800000000001,25
5300,47.64800000000001,25
5400,47.583999999999996,25
5500,47.583999999999996,25
5600,46.648,25
5700,44.056000000000004,25
5800,44.056000000000004,25
5900,44.056000000000004,25
6000,44.056000000000004,25
6100,44.056000000000004,25
6200,42.936,25
6300,42.936,25
6400,42.888,25
6500,42.888,25
6600,42.608,25
6700,42.608,25
6800,42.608,25
6900,42.608,25
7000,42.608,25
7100,42.608,25
7200,42.608,25
7300,42.608,25
7400,42.608,25
7500,42.608,25
7600,41.904,25
7700,41.048,25
7800,41.048,25
7900,41.048,25
8000,41.048,25
8100,41.048,25
8200,41.048,25
8300,40.44799999999999,25
8400,40.44799999999999,25
8500,40.44799999999999,25
8600,40,25
8700,40,25
8800,39.775999999999996,24.8
8900,39.775999999999996,24.8
9000,39.775999999999996,24.8
9100,39.495999999999995,24.8
9200,39.495999999999995,24.8
9300,39.495999999999995,24.8
9400,39.495999999999995,24.8
9500,38.815999999999995,24.8
9600,38.815999999999995,24.8
9700,38.815999999999995,24.8
9800,38.815999999999995,24.8
9900,38.815999999999995,24.8
10000,38.815999999999995,24.8
10100,38.815999999999995,24.8
10200,38.815999999999995,24.8
10300,38.815999999999995,24.8
10400,38.815999999999995,24.8
10500,38.815999999999995,24.8
10600,38.775999999999996,24.8
10700,38.775999999999996,24.8
10800,38.712,24.8
10900,38.712,24.8
11000,38.712,24.8
11100,38.712,24.8
11200,38.712,24.8
11300,38.712,24.8
11400,38.712,24.8
11500,38.712,24.8
11600,38.712,24.8
11700,38.712,24.8
11800,38.712,24.8
11900,38.712,24.8
12000,38.608000000000004,24.8
12100,38.608000000000004,24.8
12200,38.608000000000004,24.8
12300,38.608000000000004,24.8
12400,37.848,24.8
12500,37.848,24.8
12600,37.848,24.8
12700,37.848,24.8
12800,37.848,24.8
12900,37.848,24.8
13000,37.848,24.8
13100,37.848,24.8
13200,37.848,24.8
13300,37.848,24.8
13400,37.848,24.8
13500,37.848,24.8
13600,37.824,24.8
13700,37.824,24.8
13800,37.824,24.8
13900,37.824,24.8
14000,37.824,24.8
14100,37.824,24.8
14200,37.824,24.8
14300,37.824,24.8
14400,37.824,24.8
14500,37.824,24.8
14600,37.824,24.8
14700,37.824,24.8
14800,37.824,24.8
14900,37.824,24.8
15000,37.824,24.8
15100,37.688,24.8
15200,37.688,24.8
15300,37.688,24.8
15400,37.688,24.8
15500,37.648,24.8
15600,37.648,24.8
15700,37.648,24.8
15800,37.648,24.8
15900,37.648,24.8
16000,37.648,24.8
16100,37.648,24.8
16200,37.648,24.8
16300,37.648,24.8
16400,37.648,24.8
16500,37.648,24.8
16600,37.648,24.8
16700,37.648,24.8
16800,37.648,24.8
16900,37.648,24.8
17000,37.648,24.8
17100,37.648,24.8
17200,37.456,24.6
17300,36.959999999999994,24.6
17400,36.959999999999994,24.6
17500,36.959999999999994,24.6
17600,36.959999999999994,24.6
17700,36.959999999999994,24.6
17800,36.959999999999994,24.6
17900,36.959999999999994,24.6
18000,36.959999999999994,24.6
18100,36.959999999999994,24.6
18200,36.959999999999994,24.6
18300,36.959999999999994,24.6
18400,36.959999999999994,24.6
18500,36.959999999999994,24.6
18600,36.959999999999994,24.6
18700,36.959999999999994,24.6
18800,36.959999999999994,24.6
18900,36.959999999999994,24.6
19000,36.959999999999994,24.6
19100,36.959999999999994,24.6
19200,35.903999999999996,24.6
19300,35.903999999999996,24.6
19400,35.903999999999996,24.6
19500,35.903999999999996,24.6
19600,35.903999999999996,24.6
19700,35.903999999999996,24.6
19800,35.903999999999996,24.6
19900,35.903999999999996,24.6
20000,35.903999999999996,24.6
20100,35.903999999999996,24.6
20200,35.327999999999996,24.6
20300,35.327999999999996,24.6
20400,35.327999999999996,24.6
20500,35.327999999999996,24.6
20600,35.327999999999996,24.6
20700,35.327999999999996,24.6
20800,35.327999999999996,24.6
20900,35.327999999999996,24.6
21000,35.327999999999996,24.6
21100,35.327999999999996,24.6
21200,35.327999999999996,24.6
21300,35.327999999999996,24.6
21400,35.327999999999996,24.6
21500,35.327999999999996,24.6
21600,35.327999999999996,24.6
21700,35.327999999999996,24.6
21800,35.112,24.6
21900,35.112,24.6
22000,35.112,24.6
22100,35.112,24.6
22200,35.112,24.6
22300,35.112,24.6
22400,35.112,24.6
22500,35.112,24.6
22600,35.112,24.6
22700,35.112,24.6
22800,35.112,24.6
22900,35.112,24.6
23000,35.112,24.6
23100,35.112,24.6
23200,35.112,24.6
23300,35.112,24.6
23400,35.112,24.6
23500,35.112,24.6
23600,35.112,24.6
23700,35.112,24.6
23800,35.112,24.6
23900,35.112,24.6
24000,35.112,24.6
24100,35.112,24.6
24200,35.112,24.6
24300,35.112,24.6
24400,35.112,24.6
24500,35.112,24.6
24600,35.112,24.6
24700,35.112,24.6
24800,35.112,24.6
24900,35.112,24.6
25000,35.112,24.6
25100,35.112,24.6
25200,35.112,24.6
25300,35.112,24.6
25400,35.112,24.6
25500,35.112,24.6
25600,35.112,24.6
25700,35.112,24.6
25800,35.112,24.6
25900,35.111999999999995,24.6
26000,35.111999999999995,24.6
26100,35.111999999999995,24.6
26200,35.111999999999995,24.6
26300,35.111999999999995,24.6
26400,35.111999999999995,24.6
26500,35.111999999999995,24.6
26600,35.111999999999995,24.6
26700,34.48,24.6
26800,34.48,24.6
26900,34.48,24.6
27000,34.48,24.6
27100,34.48,24.6
27200,34.48,24.6
27300,34.48,24.6
27400,34.48,24.6
27500,34.48,24.6
27600,34.48,24.6
27700,34.48,24.6
27800,34.48,24.6
27900,34.48,24.6
28000,34.25599999999999,24.6
28100,34.25599999999999,24.6
28200,34.25599999999999,24.6
28300,34.25599999999999,24.6
28400,34.25599999999999,24.6
28500,34.25599999999999,24.6
28600,34.25599999999999,24.6
28700,34.25599999999999,24.6
28800,34.25599999999999,24.6
28900,34.25599999999999,24.6
29000,34.25599999999999,24.6
29100,34.25599999999999,24.6
29200,34.25599999999999,24.6
29300,34.25599999999999,24.6
29400,34.25599999999999,24.6
29500,34.25599999999999,24.6
29600,33.168,24.6
29700,33.168,24.6
29800,33.168,24.6
29900,33.168,24.6
30000,33.168,24.6
30100,33.168,24.6
30200,33.168,24.6
30300,33.168,24.6
30400,32.856,24.6
30500,32.168,24.6
30600,32.168,24.6
30700,32.168,24.6
30800,32.168,24.6
30900,32.168,24.6
31000,32.168,24.6
31100,32.168,24.6
31200,32.168,24.6
31300,32.168,24.6
31400,32.168,24.6
31500,32.168,24.6
31600,32.168,24.6
31700,32.168,24.6
31800,32.168,24.6
31900,32.168,24.6
32000,32.168,24.6
32100,32.168,24.6
32200,32.168,24.6
32300,32.168,24.6
32400,32.168,24.6
32500,32.168,24.6
32600,32.168,24.6
32700,32.168,24.6
32800,32.168,24.6
32900,32.168,24.6
33000,32.168,24.6
33100,32.168,24.6
33200,32.168,24.6
33300,32.168,24.6
33400,32.168,24.6
33500,32.168,24.6
33600,32.168,24.6
33700,32.168,24.6
33800,32.168,24.6
33900,32.168,24.6
34000,32.168,24.6
34100,32.168,24.6
34200,32.136,24.6
34300,32.136,24.6
34400,32.136,24.6
34500,32.136,24.6
34600,32.136,24.6
34700,32.136,24.6
34800,32.136,24.6
34900,32.136,24.6
35000,32.136,24.6
35100,32.136,24.6
35200,32.136,24.6
35300,32.136,24.6
35400,32.136,24.6
35500,32.136,24.6
35600,32.136,24.6
35700,32.136,24.6
35800,32.136,24.6
35900,32.136,24.6
36000,32.136,24.6
36100,32.136,24.6
36200,32.136,24.6
36300,32.136,24.6
36400,32.136,24.6
36500,32.136,24.6
36600,32.136,24.6
36700,32.136,24.6
36800,32.136,24.6
36900,32.136,24.6
37000,32.136,24.6
37100,32.136,24.6
37200,32.136,24.6
37300,32.136,24.6
37400,32.136,24.6
37500,32.136,24.6
37600,32.136,24.6
37700,32.136,24.6
37800,32.136,24.6
37900,32.136,24.6
38000,32.136,24.6
38100,32.136,24.6
38200,32.136,24.6
38300,32.136,24.6
38400,32.136,24.6
38500,32.136,24.6
38600,32.136,24.6
38700,32.136,24.6
38800,32.136,24.6
38900,32.136,24.6
39000,32.136,24.6
39100,32.136,24.6
39200,32.136,24.6
39300,32.136,24.6
39400,32.136,24.6
39500,32.136,24.6
39600,32.136,24.6
39700,32.136,24.6
39800,32.136,24.6
39900,32.136,24.6
40000,32.136,24.6
40100,32.136,24.6
40200,32.136,24.6
40300,32.136,24.6
40400,32.136,24.6
40500,31.591999999999995,24.6
40600,31.591999999999995,24.6
40700,31.591999999999995,24.6
40800,31.591999999999995,24.6
40900,31.591999999999995,24.6
41000,31.591999999999995,24.6
41100,31.591999999999995,24.6
41200,31.591999999999995,24.6
41300,31.591999999999995,24.6
41400,31.591999999999995,24.6
41500,31.591999999999995,24.6
41600,31.591999999999995,24.6
41700,31.591999999999995,24.6
41800,31.591999999999995,24.6
41900,31.591999999999995,24.6
42000,31.591999999999995,24.6
42100,31.591999999999995,24.6
42200,31.591999999999995,24.6
42300,31.424,24.6
42400,31.424,24.6
42500,31.424,24.6
42600,31.208,24.4
42700,31.208,24.4
42800,31.208,24.4
42900,31.208,24.4
43000,31.208,24.4
43100,31.208,24.4
43200,31.208,24.4
43300,31.208,24.4
43400,31.208,24.4
43500,31.208,24.4
43600,31.208,24.4
43700,31.208,24.4
43800,31.208,24.4
43900,31.208,24.4
44000,31.208,24.4
44100,31.208,24.4
44200,31.208,24.4
44300,31.208,24.4
44400,31.208,24.4
44500,31.208,24.4
44600,31.208,24.4
44700,31.208,24.4
44800,31.208,24.4
44900,31.208,24.4
45000,31.208,24.4
45100,31.208,24.4
45200,31.208,24.4
45300,31.208,24.4
45400,31.208,24.4
45500,31.208,24.4
45600,31.208,24.4
45700,31.208,24.4
45800,31.208,24.4
45900,31.208,24.4
46000,31.208,24.4
46100,31.208,24.4
46200,31.208,24.4
46300,31.208,24.4
46400,31.208,24.4
46500,31.208,24.4
46600,31.208,24.4
46700,31.208,24.4
46800,31.208,24.4
46900,31.208,24.4
47000,31.208,24.4
47100,31.208,24.4
47200,31.208,24.4
47300,31.208,24.4
47400,31.208,24.4
47500,31.208,24.4
47600,31.208,24.4
47700,31.208,24.4
47800,31.208,24.4
47900,31.208,24.4
48000,31.208,24.4
48100,31.208,24.4
48200,31.208,24.4
48300,31.208,24.4
48400,31.208,24.4
48500,31.208,24.4
48600,31.208,24.4
48700,31.208,24.4
48800,31.208,24.4
48900,31.208,24.4
49000,31.208,24.4
49100,31.208,24.4
49200,31.208,24.4
49300,31.208,24.4
49400,31.208,24.4
49500,31.208,24.4
49600,31.208,24.4
49700,31.208,24.4
49800,31.208,24.4
49900,31.208,24.4
50000,31.208,24.4
50100,31.208,24.4
50200,31.208,24.4
50300,31.208,24.4
50400,31.208,24.4
50500,31.208,24.4
50600,31.208,24.4
50700,30.776,24.2
50800,30.776,24.2
50900,30.776,24.2
51000,30.776,24.2
51100,30.776,24.2
51200,30.776,24.2
51300,30.776,24.2
51400,30.776,24.2
51500,30.776,24.2
51600,30.776,24.2
51700,30.776,24.2
51800,30.776,24.2
51900,30.776,24.2
52000,30.776,24.2
52100,30.776,24.2
52200,30.776,24.2
52300,30.776,24.2
52400,30.776,24.2
52500,30.776,24.2
52600,30.776,24.2
52700,30.776,24.2
52800,30.776,24.2
52900,30.776,24.2
53000,30.776,24.2
53100,30.776,24.2
53200,30.776,24.2
53300,30.776,24.2
53400,30.776,24.2
53500,30.776,24.2
53600,30.776,24.2
53700,30.776,24.2
53800,30.776,24.2
53900,30.776,24.2
54000,30.776,24.2
54100,30.776,24.2
54200,30.776,24.2
54300,30.776,24.2
54400,30.776,24.2
54500,30.776,24.2
54600,30.776,24.2
54700,30.776,24.2
54800,30.776,24.2
54900,30.776,24.2
55000,30.776,24.2
55100,30.776,24.2
55200,30.776,24.2
55300,30.439999999999998,24.2
55400,30.439999999999998,24.2
55500,30.439999999999998,24.2
55600,30.439999999999998,24.2
55700,30.439999999999998,24.2
55800,30.439999999999998,24.2
55900,30.439999999999998,24.2
56000,30.439999999999998,24.2
56100,30.360000000000003,24.2
56200,30.360000000000003,24.2
56300,30.360000000000003,24.2
56400,30.360000000000003,24.2
56500,30.192,24.4
56600,30.192,24.4
56700,30,24.4
56800,30,24.4
56900,29.863999999999997,24.4
57000,29.863999999999997,24.4
57100,29.863999999999997,24.4
57200,29.863999999999997,24.4
57300,29.863999999999997,24.4
57400,29.863999999999997,24.4
57500,29.863999999999997,24.4
57600,29.863999999999997,24.4
57700,29.863999999999997,24.4
57800,29.863999999999997,24.4
57900,29.863999999999997,24.4
58000,29.863999999999997,24.4
58100,29.863999999999997,24.4
58200,29.863999999999997,24.4
58300,29.863999999999997,24.4
58400,29.863999999999997,24.4
58500,29.863999999999997,24.4
58600,29.863999999999997,24.4
58700,29.863999999999997,24.4
58800,29.392000000000003,24.4
58900,29.392000000000003,24.4
59000,29.392000000000003,24.4
59100,29.392000000000003,24.4
59200,29.392000000000003,24.4
59300,29.392000000000003,24.4
59400,29.392000000000003,24.4
59500,29.392000000000003,24.4
59600,29.392000000000003,24.4
59700,29.392000000000003,24.4
59800,29.392000000000003,24.4
59900,29.392000000000003,24.4
60000,29.392000000000003,24.4
60100,29.392000000000003,24.4
60200,29.392000000000003,24.4
60300,29.392000000000003,24.4
60400,29.392000000000003,24.4
60500,29.392000000000003,24.4
60600,29.392000000000003,24.4
60700,29.392000000000003,24.4
60800,29.392000000000003,24.4
60900,29.392000000000003,24.4
61000,29.392000000000003,24.4
61100,29.392000000000003,24.4
61200,29.392000000000003,24.4
61300,29.392000000000003,24.4
61400,29.392000000000003,24.4
61500,29.392000000000003,24.4
61600,29.392000000000003,24.4
61700,29.392000000000003,24.4
61800,29.392000000000003,24.4
61900,29.392000000000003,24.4
62000,29.392000000000003,24.4
62100,29.392000000000003,24.4
62200,29.351999999999997,24.4
62300,29.351999999999997,24.4
62400,29.351999999999997,24.4
62500,29.351999999999997,24.4
62600,29.256,24.4
62700,29.256,24.4
62800,29.256,24.4
62900,29.256,24.4
63000,29.127999999999997,24.4
63100,29.127999999999997,24.4
63200,29.127999999999997,24.4
63300,29.127999999999997,24.4
63400,29.127999999999997,24.4
63500,29.127999999999997,24.4
63600,29.127999999999997,24.4
63700,29.127999999999997,24.4
63800,29.127999999999997,24.4
63900,29.127999999999997,24.4
64000,28.784,24.4
64100,28.784,24.4
64200,28.784,24.4
64300,28.784,24.4
64400,28.784,24.4
64500,28.784,24.4
64600,28.784,24.4
64700,28.784,24.4
64800,28.784,24.4
64900,28.784,24.4
65000,28.784,24.4
65100,28.784,24.4
65200,28.784,24.4
65300,28.784,24.4
65400,28.784,24.4
65500,28.784,24.4
65600,28.784,24.4
65700,28.784,24.4
65800,28.784,24.4
65900,28.784,24.4
66000,28.784,24.4
66100,28.784,24.4
66200,28.784,24.4
66300,28.784,24.4
66400,28.784,24.4
66500,28.784,24.4
66600,28.784,24.4
66700,28.784,24.4
66800,28.784,24.4
66900,28.784,24.4
67000,28.784,24.4
67100,28.784,24.4
67200,28.784,24.4
67300,28.784,24.4
67400,28.784,24.4
67500,28.784,24.4
67600,28.784,24.4
67700,28.784,24.4
67800,28.784,24.4
67900,28.784,24.4
68000,28.784,24.4
68100,28.784,24.4
68200,28.784,24.4
68300,28.784,24.4
68400,28.784,24.4
68500,28.784,24.4
68600,28.784,24.4
68700,28.784,24.4
68800,28.784,24.4
68900,28.784,24.4
69000,28.727999999999998,24.4
69100,28.727999999999998,24.4
69200,28.727999999999998,24.4
69300,28.727999999999998,24.4
69400,28.727999999999998,24.4
69500,28.727999999999998,24.4
69600,28.727999999999998,24.4
69700,28.727999999999998,24.4
69800,28.727999999999998,24.4
69900,28.727999999999998,24.4
70000,28.727999999999998,24.4
70100,28.727999999999998,24.4
70200,28.727999999999998,24.4
70300,28.727999999999998,24.4
70400,28.727999999999998,24.4
70500,28.727999999999998,24.4
70600,28.727999999999998,24.4
70700,28.727999999999998,24.4
70800,28.727999999999998,24.4
70900,28.727999999999998,24.4
71000,28.727999999999998,24.4
71100,28.727999999999998,24.4
71200,28.727999999999998,24.4
71300,28.727999999999998,24.4
71400,28.727999999999998,24.4
71500,28.727999999999998,24.4
71600,28.727999999999998,24.4
71700,28.727999999999998,24.4
71800,28.727999999999998,24.4
71900,28.727999999999998,24.4
72000,28.727999999999998,24.4
72100,28.727999999999998,24.4
72200,28.727999999999998,24.4
72300,28.727999999999998,24.4
72400,28.727999999999998,24.4
72500,28.727999999999998,24.4
72600,28.727999999999998,24.4
72700,28.727999999999998,24.4
72800,28.727999999999998,24.4
72900,28.727999999999998,24.4
73000,28.727999999999998,24.4
73100,28.727999999999998,24.4
73200,28.727999999999998,24.4
73300,28.727999999999998,24.4
73400,28.727999999999998,24.4
73500,28.727999999999998,24.4
73600,28.727999999999998,24.4
73700,28.727999999999998,24.4
73800,28.727999999999998,24.4
73900,28.727999999999998,24.4
74000,28.727999999999998,24.4
74100,28.727999999999998,24.4
74200,28.727999999999998,24.4
74300,28.727999999999998,24.4
74400,28.727999999999998,24.4
74500,28.727999999999998,24.4
74600,28.727999999999998,24.4
74700,28.727999999999998,24.4
74800,28.727999999999998,24.4
74900,28.727999999999998,24.4
75000,28.727999999999998,24.4
75100,28.727999999999998,24.4
75200,28.727999999999998,24.4
75300,28.727999999999998,24.4
75400,28.727999999999998,24.4
75500,28.727999999999998,24.4
75600,28.727999999999998,24.4
75700,28.727999999999998,24.4
75800,28.727999999999998,24.4
75900,28.656,24.4
76000,28.48,24.4
76100,28.48,24.4
76200,28.48,24.4
76300,28.48,24.4
76400,28.48,24.4
76500,28.48,24.4
76600,28.48,24.4
76700,28.48,24.4
76800,28.48,24.4
76900,28.48,24.4
77000,28.48,24.4
77100,28.48,24.4
77200,28.439999999999998,24.4
77300,28.439999999999998,24.4
77400,28.439999999999998,24.4
77500,28.439999999999998,24.4
77600,27.903999999999996,24.4
77700,27.863999999999997,24.4
77800,27.863999999999997,24.4
77900,27.863999999999997,24.4
78000,27.863999999999997,24.4
78100,27.863999999999997,24.4
78200,27.863999999999997,24.4
78300,27.863999999999997,24.4
78400,27.863999999999997,24.4
78500,27.863999999999997,24.4
78600,27.863999999999997,24.4
78700,27.863999999999997,24.4
78800,27.863999999999997,24.4
78900,27.863999999999997,24.4
79000,27.863999999999997,24.4
79100,27.863999999999997,24.4
79200,27.863999999999997,24.4
79300,27.863999999999997,24.4
79400,27.863999999999997,24.4
79500,27.863999999999997,24.4
79600,27.863999999999997,24.4
79700,27.863999999999997,24.4
79800,27.863999999999997,24.4
79900,27.863999999999997,24.4
80000,27.863999999999997,24.4
80100,27.863999999999997,24.4
80200,27.863999999999997,24.4
80300,27.863999999999997,24.4
80400,27.863999999999997,24.4
80500,27.863999999999997,24.4
80600,27.863999999999997,24.4
80700,27.863999999999997,24.4
80800,27.863999999999997,24.4
80900,27.863999999999997,24.4
81000,27.863999999999997,24.4
81100,27.863999999999997,24.4
81200,27.863999999999997,24.4
81300,27.863999999999997,24.4
81400,27.863999999999997,24.4
81500,27.863999999999997,24.4
81600,27.863999999999997,24.4
81700,27.863999999999997,24.4
81800,27.863999999999997,24.4
81900,27.863999999999997,24.4
82000,27.863999999999997,24.4
82100,27.863999999999997,24.4
82200,27.76,24.4
82300,27.76,24.4
82400,27.76,24.4
82500,27.76,24.4
82600,27.76,24.4
82700,27.76,24.4
82800,27.76,24.4
82900,27.76,24.4
83000,27.76,24.4
83100,27.76,24.4
83200,27.76,24.4
83300,27.76,24.4
83400,27.76,24.4
83500,27.76,24.4
83600,27.76,24.4
83700,27.76,24.4
83800,27.76,24.4
83900,27.76,24.4
84000,27.76,24.4
84100,27.76,24.4
84200,27.76,24.4
84300,27.76,24.4
84400,27.76,24.4
84500,27.76,24.4
84600,27.76,24.4
84700,27.76,24.4
84800,27.76,24.4
84900,27.76,24.4
85000,27.76,24.4
85100,27.76,24.4
85200,27.76,24.4
85300,27.76,24.4
85400,27.76,24.4
85500,27.76,24.4
85600,27.76,24.4
85700,27.76,24.4
85800,27.76,24.4
85900,27.76,24.4
86000,27.76,24.4
86100,27.76,24.4
86200,27.76,24.4
86300,27.76,24.4
86400,27.76,24.4
86500,27.76,24.4
86600,27.76,24.4
86700,27.76,24.4
86800,27.76,24.4
86900,27.76,24.4
87000,27.76,24.4
87100,27.76,24.4
87200,27.76,24.4
87300,27.76,24.4
87400,27.76,24.4
87500,27.76,24.4
87600,27.76,24.4
87700,27.76,24.4
87800,27.76,24.4
87900,27.76,24.4
88000,27.76,24.4
88100,27.76,24.4
88200,27.552,24.4
88300,27.552,24.4
88400,27.303999999999995,24.4
88500,27.303999999999995,24.4
88600,27.303999999999995,24.4
88700,27.303999999999995,24.4
88800,27.303999999999995,24.4
88900,27.303999999999995,24.4
89000,27.303999999999995,24.4
89100,27.303999999999995,24.4
89200,27.303999999999995,24.4
89300,27.303999999999995,24.4
89400,27.303999999999995,24.4
89500,27.303999999999995,24.4
89600,27.303999999999995,24.4
89700,27.303999999999995,24.4
89800,27.303999999999995,24.4
89900,27.303999999999995,24.4
90000,27.303999999999995,24.4
90100,27.303999999999995,24.4
90200,27.303999999999995,24.4
90300,27.303999999999995,24.4
90400,27.303999999999995,24.4
90500,27.303999999999995,24.4
90600,26.856,24.6
90700,26.824,24.6
90800,26.824,24.6
90900,26.824,24.6
91000,26.824,24.6
91100,26.824,24.6
91200,26.824,24.6
91300,26.824,24.6
91400,26.824,24.6
91500,26.824,24.6
91600,26.824,24.6
91700,26.824,24.6
91800,26.824,24.6
91900,26.824,24.6
92000,26.824,24.6
92100,26.824,24.6
92200,26.824,24.6
92300,26.824,24.6
92400,26.824,24.6
92500,26.736,24.6
92600,26.736,24.6
92700,26.736,24.6
92800,26.736,24.6
92900,26.736,24.6
93000,26.736,24.6
93100,26.736,24.6
93200,26.736,24.6
93300,26.736,24.6
93400,26.736,24.6
93500,26.736,24.6
93600,26.736,24.6
93700,26.736,24.6
93800,26.736,24.6
93900,26.736,24.6
94000,26.736,24.6
94100,26.736,24.6
94200,26.736,24.6
94300,26.736,24.6
94400,26.736,24.6
94500,26.736,24.6
94600,26.736,24.6
94700,26.736,24.6
94800,26.736,24.6
94900,26.736,24.6
95000,26.736,24.6
95100,26.736,24.6
95200,26.736,24.6
95300,26.736,24.6
95400,26.736,24.6
95500,26.736,24.6
95600,26.736,24.6
95700,26.736,24.6
95800,26.736,24.6
95900,26.736,24.6
96000,26.736,24.6
96100,26.736,24.6
96200,26.736,24.6
96300,26.736,24.6
96400,26.736,24.6
96500,26.736,24.6
96600,26.736,24.6
96700,26.736,24.6
96800,26.736,24.6
96900,26.736,24.6
97000,26.736,24.6
97100,26.736,24.6
97200,26.736,24.6
97300,26.736,24.6
97400,26.736,24.6
97500,26.736,24.6
97600,26.736,24.6
97700,26.736,24.6
97800,26.736,24.6
97900,26.736,24.6
98000,26.736,24.6
98100,26.736,24.6
98200,26.736,24.6
98300,26.736,24.6
98400,26.736,24.6
98500,26.736,24.6
98600,26.736,24.6
98700,26.736,24.6
98800,26.736,24.6
98900,26.736,24.6
99000,26.736,24.6
99100,26.736,24.6
99200,26.736,24.6
99300,26.736,24.6
99400,26.736,24.6
99500,26.736,24.6
99600,26.736,24.6
99700,26.736,24.6
99800,26.360000000000003,24.6
99900,26.360000000000003,24.6
100000,26.360000000000003,24.6
100100,26.360000000000003,24.6
100200,26.360000000000003,24.6
100300,26.360000000000003,24.6
100400,26.360000000000003,24.6
100500,26.360000000000003,24.6
100600,26.360000000000003,24.6
100700,26.360000000000003,24.6
100800,26.360000000000003,24.6
100900,26.360000000000003,24.6
101000,26.360000000000003,24.6
101100,26.360000000000003,24.6
101200,26.360000000000003,24.6
101300,26.360000000000003,24.6
101400,26.360000000000003,24.6
101500,26.360000000000003,24.6
101600,26.360000000000003,24.6
101700,26.360000000000003,24.6
101800,26.360000000000003,24.6
101900,26.360000000000003,24.6
102000,26.360000000000003,24.6
102100,26.24,24.6
102200,26.24,24.6
102300,26.24,24.6
102400,26.24,24.6
102500,26.24,24.6
102600,26.24,24.6
102700,26.24,24.6
102800,26.24,24.6
102900,26.24,24.6
103000,26.24,24.6
103100,26.24,24.6
103200,26.24,24.6
103300,26.24,24.6
103400,26.24,24.6
103500,26.24,24.6
103600,26.24,24.6
103700,26.24,24.6
103800,26.24,24.6
103900,26.24,24.6
104000,26.24,24.6
104100,26.24,24.6
104200,26.24,24.6
104300,26.24,24.6
104400,26.24,24.6
104500,26.24,24.6
104600,26.24,24.6
104700,26.24,24.6
104800,26.24,24.6
104900,26.24,24.6
105000,26.24,24.6
105100,26.24,24.6
105200,26.24,24.6
105300,26.24,24.6
105400,26.24,24.6
105500,26.24,24.6
105600,26.24,24.6
105700,26.24,24.6
105800,26.24,24.6
105900,26.24,24.6
106000,26.24,24.6
106100,26.24,24.6
106200,26.24,24.6
106300,26.24,24.6
106400,26.24,24.6
106500,26.24,24.6
106600,26.24,24.6
106700,26.24,24.6
106800,26.24,24.6
106900,26.24,24.6
107000,26.24,24.6
107100,26.24,24.6
107200,26.24,24.6
107300,26.24,24.6
107400,26.24,24.6
107500,26.24,24.6
107600,26.24,24.6
107700,26.24,24.6
107800,26.24,24.6
107900,26.24,24.6
108000,26.24,24.6
108100,26.24,24.6
108200,26.24,24.6
108300,26.24,24.6
108400,26.24,24.6
108500,26.24,24.6
108600,26.24,24.6
108700,26.24,24.6
108800,26.24,24.6
108900,26.24,24.6
109000,26.24,24.6
109100,26.24,24.6
109200,26.24,24.6
109300,26.24,24.6
109400,26.24,24.6
109500,26.24,24.6
109600,26.24,24.6
109700,26.24,24.6
109800,26.24,24.6
109900,26.24,24.6
110000,26.24,24.6
110100,26.24,24.6
110200,26.24,24.6
110300,26.24,24.6
110400,26.24,24.6
110500,26.24,24.6
110600,26.24,24.6
110700,26.24,24.6
110800,26.24,24.6
110900,26.24,24.6
111000,26.24,24.6
111100,26.24,24.6
111200,26.24,24.6
111300,26.24,24.6
111400,26.24,24.6
111500,26.24,24.6
111600,26.24,24.6
111700,26.24,24.6
111800,26.24,24.6
111900,26.24,24.6
112000,26.24,24.6
112100,26.24,24.6
112200,26.24,24.6
112300,26.24,24.6
112400,26.24,24.6
112500,26.24,24.6
112600,26.24,24.6
112700,26.24,24.6
112800,26.24,24.6
112900,26.24,24.6
113000,26.24,24.6
113100,26.24,24.6
113200,26.24,24.6
113300,26.24,24.6
113400,26.24,24.6
113500,26.24,24.6
113600,26.24,24.6
113700,26.24,24.6
113800,26.24,24.6
113900,26.095999999999997,24.6
114000,26.095999999999997,24.6
114100,26.095999999999997,24.6
114200,26.095999999999997,24.6
114300,26.095999999999997,24.6
114400,26.095999999999997,24.6
114500,26.095999999999997,24.6
114600,26.095999999999997,24.6
114700,26.095999999999997,24.6
114800,26.095999999999997,24.6
114900,26.095999999999997,24.6
115000,26.095999999999997,24.6
115100,26.095999999999997,24.6
115200,26.095999999999997,24.6
115300,26.095999999999997,24.6
115400,26.095999999999997,24.6
115500,26.095999999999997,24.6
115600,26.095999999999997,24.6
115700,26.095999999999997,24.6
115800,26.095999999999997,24.6
115900,26.095999999999997,24.6
116000,26.095999999999997,24.6
116100,26.095999999999997,24.6
116200,26.095999999999997,24.6
116300,26.095999999999997,24.6
116400,26.095999999999997,24.6
116500,26.095999999999997,24.6
116600,26.095999999999997,24.6
116700,26.095999999999997,24.6
116800,26.095999999999997,24.6
116900,26.095999999999997,24.6
117000,26.095999999999997,24.6
117100,26.095999999999997,24.6
117200,26.095999999999997,24.6
117300,26.095999999999997,24.6
117400,26.095999999999997,24.6
117500,26.095999999999997,24.6
117600,26.095999999999997,24.6
117700,26.095999999999997,24.6
117800,26.095999999999997,24.6
117900,26.095999999999997,24.6
118000,26.095999999999997,24.6
118100,26.095999999999997,24.6
118200,26.095999999999997,24.6
118300,26.095999999999997,24.6
118400,26.095999999999997,24.6
118500,26.095999999999997,24.6
118600,26.095999999999997,24.6
118700,26.095999999999997,24.6
118800,26.095999999999997,24.6
118900,26.095999999999997,24.6
119000,26.095999999999997,24.6
119100,26.095999999999997,24.6
119200,26.095999999999997,24.6
119300,26.095999999999997,24.6
119400,26.095999999999997,24.6
119500,26.095999999999997,24.6
119600,26.095999999999997,24.6
119700,26.095999999999997,24.6
119800,26.095999999999997,24.6
119900,26.095999999999997,24.6
120000,26.095999999999997,24.6
120100,26.095999999999997,24.6
120200,26.095999999999997,24.6
120300,26.095999999999997,24.6
120400,26.095999999999997,24.6
120500,26.095999999999997,24.6
120600,26.095999999999997,24.6
120700,26.095999999999997,24.6
120800,26.095999999999997,24.6
120900,26.095999999999997,24.6
121000,26.095999999999997,24.6
121100,26.095999999999997,24.6
121200,26.095999999999997,24.6
121300,26.095999999999997,24.6
121400,26.095999999999997,24.6
121500,26.095999999999997,24.6
121600,26.095999999999997,24.6
121700,26.095999999999997,24.6
121800,26.095999999999997,24.6
121900,26.095999999999997,24.6
122000,26.095999999999997,24.6
122100,26.095999999999997,24.6
122200,26.095999999999997,24.6
122300,26.095999999999997,24.6
122400,26.095999999999997,24.6
122500,26.095999999999997,24.6
122600,26.095999999999997,24.6
122700,26.095999999999997,24.6
122800,26.095999999999997,24.6
122900,26.095999999999997,24.6
123000,26.095999999999997,24.6
123100,26.095999999999997,24.6
123200,26.095999999999997,24.6
123300,26.095999999999997,24.6
123400,26.095999999999997,24.6
123500,26.095999999999997,24.6
123600,26.095999999999997,24.6
123700,26.095999999999997,24.6
123800,26.095999999999997,24.6
123900,26.095999999999997,24.6
124000,26.095999999999997,24.6
124100,26.095999999999997,24.6
124200,26.095999999999997,24.6
124300,26.095999999999997,24.6
124400,26.095999999999997,24.6
124500,26.095999999999997,24.6
124600,26.095999999999997,24.6
124700,26.095999999999997,24.6
124800,26.095999999999997,24.6
124900,26.095999999999997,24.6
125000,26.095999999999997,24.6
125100,26.095999999999997,24.6
125200,26.095999999999997,24.6
125300,26.095999999999997,24.6
125400,26.095999999999997,24.6
125500,26.095999999999997,24.6
125600,26.095999999999997,24.6
125700,26.095999999999997,24.6
125800,26.095999999999997,24.6
125900,26.095999999999997,24.6
126000,26.095999999999997,24.6
126100,26.095999999999997,24.6
126200,26.095999999999997,24.6
126300,26.095999999999997,24.6
126400,26.095999999999997,24.6
126500,26.095999999999997,24.6
126600,26.095999999999997,24.6
126700,26.095999999999997,24.6
126800,26.095999999999997,24.6
126900,26.095999999999997,24.6
127000,26.095999999999997,24.6
127100,26.095999999999997,24.6
127200,26.095999999999997,24.6
127300,26.095999999999997,24.6
127400,26.095999999999997,24.6
127500,26.095999999999997,24.6
127600,26.095999999999997,24.6
127700,26.095999999999997,24.6
127800,26.095999999999997,24.6
127900,26.095999999999997,24.6
128000,26.095999999999997,24.6
128100,26.095999999999997,24.6
128200,26.095999999999997,24.6
128300,26.095999999999997,24.6
128400,26.095999999999997,24.6
128500,26.095999999999997,24.6
128600,26.095999999999997,24.6
128700,26.095999999999997,24.6
128800,26.095999999999997,24.6
128900,26.095999999999997,24.6
129000,26.095999999999997,24.6
129100,26.095999999999997,24.6
129200,26.095999999999997,24.6
129300,26.095999999999997,24.6
129400,26.095999999999997,24.6
129500,26.095999999999997,24.6
129600,26.095999999999997,24.6
129700,26.095999999999997,24.6
129800,26.095999999999997,24.6
129900,26.095999999999997,24.6
130000,26.095999999999997,24.6
130100,26.095999999999997,24.6
130200,26.095999999999997,24.6
130300,26.095999999999997,24.6
130400,26.095999999999997,24.6
130500,26.095999999999997,24.6
130600,26.095999999999997,24.6
130700,26.095999999999997,24.6
130800,26.095999999999997,24.6
130900,26.095999999999997,24.6
131000,26.095999999999997,24.6
131100,26.095999999999997,24.6
131200,26.095999999999997,24.6
131300,26.095999999999997,24.6
131400,26.095999999999997,24.6
131500,26.095999999999997,24.6
131600,26.095999999999997,24.6
131700,26.095999999999997,24.6
131800,26.095999999999997,24.6
131900,26.095999999999997,24.6
132000,26.095999999999997,24.6
132100,26.095999999999997,24.6
132200,26.095999999999997,24.6
132300,26.095999999999997,24.6
132400,26.095999999999997,24.6
132500,26.095999999999997,24.6
132600,26.095999999999997,24.6
132700,26.095999999999997,24.6
132800,26.095999999999997,24.6
132900,26.095999999999997,24.6
133000,26.095999999999997,24.6
133100,26.095999999999997,24.6
133200,26.095999999999997,24.6
133300,26.095999999999997,24.6
133400,26.095999999999997,24.6
133500,26.095999999999997,24.6
133600,26.095999999999997,24.6
133700,26.095999999999997,24.6
133800,26.095999999999997,24.6
133900,26.095999999999997,24.6
134000,26.095999999999997,24.6
134100,26.095999999999997,24.6
134200,26.095999999999997,24.6
134300,26.095999999999997,24.6
134400,26.095999999999997,24.6
134500,25.872000000000003,24.6
134600,25.872000000000003,24.6
134700,25.872000000000003,24.6
134800,25.872000000000003,24.6
134900,25.872000000000003,24.6
135000,25.872000000000003,24.6
135100,25.872000000000003,24.6
135200,25.872000000000003,24.6
135300,25.872000000000003,24.6
135400,25.872000000000003,24.6
135500,25.872000000000003,24.6
135600,25.872000000000003,24.6
135700,25.872000000000003,24.6
135800,25.872000000000003,24.6
135900,25.872000000000003,24.6
136000,25.872000000000003,24.6
136100,25.872000000000003,24.6
136200,25.872000000000003,24.6
136300,25.872000000000003,24.6
136400,25.872000000000003,24.6
136500,25.872000000000003,24.6
136600,25.872000000000003,24.6
136700,25.872000000000003,24.6
136800,25.872000000000003,24.6
136900,25.872000000000003,24.6
137000,25.872000000000003,24.6
137100,25.872000000000003,24.6
137200,25.872000000000003,24.6
137300,25.872000000000003,24.6
137400,25.872000000000003,24.6
137500,25.872000000000003,24.6
137600,25.872000000000003,24.6
137700,25.872000000000003,24.6
137800,25.872000000000003,24.6
137900,25.872000000000003,24.6
138000,25.872000000000003,24.6
138100,25.872000000000003,24.6
138200,25.872000000000003,24.6
138300,25.872000000000003,24.6
138400,25.872000000000003,24.6
138500,25.872000000000003,24.6
138600,25.872000000000003,24.6
138700,25.872000000000003,24.6
138800,25.872000000000003,24.6
138900,25.872000000000003,24.6
139000,25.872000000000003,24.6
139100,25.872000000000003,24.6
139200,25.872000000000003,24.6
139300,25.872000000000003,24.6
139400,25.872000000000003,24.6
139500,25.872000000000003,24.6
139600,25.872000000000003,24.6
139700,25.872000000000003,24.6
139800,25.872000000000003,24.6
139900,25.872000000000003,24.6
140000,25.872000000000003,24.6
140100,25.872000000000003,24.6
140200,25.872000000000003,24.6
140300,25.872000000000003,24.6
140400,25.872000000000003,24.6
140500,25.872000000000003,24.6
140600,25.872000000000003,24.6
140700,25.872000000000003,24.6
140800,25.872000000000003,24.6
140900,25.872000000000003,24.6
141000,25.872000000000003,24.6
141100,25.872000000000003,24.6
141200,25.872000000000003,24.6
141300,25.872000000000003,24.6
141400,25.872000000000003,24.6
141500,25.872000000000003,24.6
141600,25.872000000000003,24.6
141700,25.872000000000003,24.6
141800,25.872000000000003,24.6
141900,25.872000000000003,24.6
142000,25.872000000000003,24.6
142100,25.872000000000003,24.6
142200,25.872000000000003,24.6
142300,25.872000000000003,24.6
142400,25.767999999999994,24.8
142500,25.767999999999994,24.8
142600,25.767999999999994,24.8
142700,25.767999999999994,24.8
142800,25.767999999999994,24.8
142900,25.767999999999994,24.8
143000,25.767999999999994,24.8
143100,25.767999999999994,24.8
143200,25.767999999999994,24.8
143300,25.767999999999994,24.8
143400,25.767999999999994,24.8
143500,25.767999999999994,24.8
143600,25.767999999999994,24.8
143700,25.767999999999994,24.8
143800,25.767999999999994,24.8
143900,25.767999999999994,24.8
144000,25.767999999999994,24.8
144100,25.767999999999994,24.8
144200,25.767999999999994,24.8
144300,25.767999999999994,24.8
144400,25.767999999999994,24.8
144500,25.767999999999994,24.8
144600,25.767999999999994,24.8
144700,25.767999999999994,24.8
144800,25.767999999999994,24.8
144900,25.767999999999994,24.8
145000,25.767999999999994,24.8
145100,25.767999999999994,24.8
145200,25.767999999999994,24.8
145300,25.767999999999994,24.8
145400,25.767999999999994,24.8
145500,25.767999999999994,24.8
145600,25.767999999999994,24.8
145700,25.767999999999994,24.8
145800,25.767999999999994,24.8
145900,25.767999999999994,24.8
146000,25.767999999999994,24.8
146100,25.767999999999994,24.8
146200,25.767999999999994,24.8
146300,25.767999999999994,24.8
146400,25.767999999999994,24.8
146500,25.767999999999994,24.8
146600,25.767999999999994,24.8
146700,25.767999999999994,24.8
146800,25.767999999999994,24.8
146900,25.767999999999994,24.8
147000,25.767999999999994,24.8
147100,25.767999999999994,24.8
147200,25.767999999999994,24.8
147300,25.767999999999994,24.8
147400,25.767999999999994,24.8
147500,25.767999999999994,24.8
147600,25.767999999999994,24.8
147700,25.767999999999994,24.8
147800,25.767999999999994,24.8
147900,25.767999999999994,24.8
148000,25.767999999999994,24.8
148100,25.767999999999994,24.8
148200,25.767999999999994,24.8
148300,25.767999999999994,24.8
148400,25.767999999999994,24.8
148500,25.767999999999994,24.8
148600,25.767999999999994,24.8
148700,25.767999999999994,24.8
148800,25.767999999999994,24.8
148900,25.767999999999994,24.8
149000,25.767999999999994,24.8
149100,25.767999999999994,24.8
149200,25.767999999999994,24.8
149300,25.767999999999994,24.8
149400,25.767999999999994,24.8
149500,25.767999999999994,24.8
149600,25.767999999999994,24.8
149700,25.767999999999994,24.8
149800,25.767999999999994,24.8
149900,25.767999999999994,24.8
150000,25.767999999999994,24.8
150100,25.767999999999994,24.8
150200,25.767999999999994,24.8
150300,25.767999999999994,24.8
150400,25.767999999999994,24.8
150500,25.767999999999994,24.8
150600,25.767999999999994,24.8
150700,25.767999999999994,24.8
150800,25.767999999999994,24.8
150900,25.767999999999994,24.8
151000,25.767999999999994,24.8
151100,25.767999999999994,24.8
151200,25.767999999999994,24.8
151300,25.767999999999994,24.8
151400,25.767999999999994,24.8
151500,25.767999999999994,24.8
151600,25.767999999999994,24.8
151700,25.767999999999994,24.8
151800,25.767999999999994,24.8
151900,25.767999999999994,24.8
152000,25.767999999999994,24.8
152100,25.767999999999994,24.8
152200,25.767999999999994,24.8
152300,25.767999999999994,24.8
152400,25.767999999999994,24.8
152500,25.767999999999994,24.8
152600,25.767999999999994,24.8
152700,25.767999999999994,24.8
152800,25.767999999999994,24.8
152900,25.767999999999994,24.8
153000,25.767999999999994,24.8
153100,25.767999999999994,24.8
153200,25.767999999999994,24.8
153300,25.767999999999994,24.8
153400,25.767999999999994,24.8
153500,25.767999999999994,24.8
153600,25.767999999999994,24.8
153700,25.767999999999994,24.8
153800,25.767999999999994,24.8
153900,25.767999999999994,24.8
154000,25.767999999999994,24.8
154100,25.767999999999994,24.8
154200,25.767999999999994,24.8
154300,25.767999999999994,24.8
154400,25.767999999999994,24.8
154500,25.767999999999994,24.8
154600,25.767999999999994,24.8
154700,25.767999999999994,24.8
154800,25.767999999999994,24.8
154900,25.767999999999994,24.8
155000,25.767999999999994,24.8
155100,25.767999999999994,24.8
155200,25.767999999999994,24.8
155300,25.767999999999994,24.8
155400,25.767999999999994,24.8
155500,25.767999999999994,24.8
155600,25.767999999999994,24.8
155700,25.767999999999994,24.8
155800,25.767999999999994,24.8
155900,25.767999999999994,24.8
156000,25.767999999999994,24.8
156100,25.767999999999994,24.8
156200,25.767999999999994,24.8
156300,25.767999999999994,24.8
156400,25.767999999999994,24.8
156500,25.767999999999994,24.8
156600,25.767999999999994,24.8
156700,25.767999999999994,24.8
156800,25.767999999999994,24.8
156900,25.767999999999994,24.8
157000,25.767999999999994,24.8
157100,25.767999999999994,24.8
157200,25.767999999999994,24.8
157300,25.767999999999994,24.8
157400,25.767999999999994,24.8
157500,25.767999999999994,24.8
157600,25.767999999999994,24.8
157700,25.767999999999994,24.8
157800,25.767999999999994,24.8
157900,25.767999999999994,24.8
158000,25.767999999999994,24.8
158100,25.767999999999994,24.8
158200,25.728,24.8
158300,25.728,24.8
158400,25.728,24.8
158500,25.728,24.8
158600,25.728,24.8
158700,25.728,24.8
158800,25.728,24.8
158900,25.728,24.8
159000,25.728,24.8
159100,25.728,24.8
159200,25.728,24.8
159300,25.728,24.8
159400,25.728,24.8
159500,25.728,24.8
159600,25.728,24.8
159700,25.728,24.8
159800,25.728,24.8
159900,25.728,24.8
160000,25.728,24.8
160100,25.728,24.8
160200,25.728,24.8
160300,25.728,24.8
160400,25.728,24.8
160500,25.728,24.8
160600,25.728,24.8
160700,25.728,24.8
160800,25.728,24.8
160900,25.728,24.8
161000,25.728,24.8
161100,25.728,24.8
161200,25.728,24.8
161300,25.680000000000007,24.8
161400,25.680000000000007,24.8
161500,25.680000000000007,24.8
161600,25.680000000000007,24.8
161700,25.680000000000007,24.8
161800,25.680000000000007,24.8
161900,25.680000000000007,24.8
162000,25.680000000000007,24.8
162100,25.680000000000007,24.8
162200,25.680000000000007,24.8
162300,25.680000000000007,24.8
162400,25.680000000000007,24.8
162500,25.680000000000007,24.8
162600,25.680000000000007,24.8
162700,25.680000000000007,24.8
162800,25.680000000000007,24.8
162900,25.680000000000007,24.8
163000,25.680000000000007,24.8
163100,25.680000000000007,24.8
163200,25.680000000000007,24.8
163300,25.680000000000007,24.8
163400,25.680000000000007,24.8
163500,25.680000000000007,24.8
163600,25.680000000000007,24.8
163700,25.680000000000007,24.8
163800,25.680000000000007,24.8
163900,25.680000000000007,24.8
164000,25.680000000000007,24.8
164100,25.680000000000007,24.8
164200,25.680000000000007,24.8
164300,25.680000000000007,24.8
164400,25.680000000000007,24.8
164500,25.680000000000007,24.8
164600,25.680000000000007,24.8
164700,25.680000000000007,24.8
164800,25.680000000000007,24.8
164900,25.680000000000007,24.8
165000,25.680000000000007,24.8
165100,25.680000000000007,24.8
165200,25.680000000000007,24.8
165300,25.680000000000007,24.8
165400,25.680000000000007,24.8
165500,25.680000000000007,24.8
165600,25.680000000000007,24.8
165700,25.680000000000007,24.8
165800,25.680000000000007,24.8
165900,25.680000000000007,24.8
166000,25.680000000000007,24.8
166100,25.680000000000007,24.8
166200,25.680000000000007,24.8
166300,25.680000000000007,24.8
166400,25.680000000000007,24.8
166500,25.680000000000007,24.8
166600,25.680000000000007,24.8
166700,25.680000000000007,24.8
166800,25.680000000000007,24.8
166900,25.680000000000007,24.8
167000,25.680000000000007,24.8
167100,25.680000000000007,24.8
167200,25.680000000000007,24.8
167300,25.680000000000007,24.8
167400,25.680000000000007,24.8
167500,25.680000000000007,24.8
167600,25.680000000000007,24.8
167700,25.680000000000007,24.8
167800,25.680000000000007,24.8
167900,25.680000000000007,24.8
168000,25.680000000000007,24.8
168100,25.680000000000007,24.8
168200,25.680000000000007,24.8
168300,25.680000000000007,24.8
168400,25.680000000000007,24.8
168500,25.680000000000007,24.8
168600,25.680000000000007,24.8
168700,25.680000000000007,24.8
168800,25.680000000000007,24.8
168900,25.680000000000007,24.8
169000,25.680000000000007,24.8
169100,25.680000000000007,24.8
169200,25.680000000000007,24.8
169300,25.680000000000007,24.8
169400,25.680000000000007,24.8
169500,25.680000000000007,24.8
169600,25.680000000000007,24.8
169700,25.680000000000007,24.8
169800,25.680000000000007,24.8
169900,25.680000000000007,24.8
170000,25.680000000000007,24.8
170100,25.680000000000007,24.8
170200,25.680000000000007,24.8
170300,25.680000000000007,24.8
170400,25.680000000000007,24.8
170500,25.680000000000007,24.8
170600,25.680000000000007,24.8
170700,25.680000000000007,24.8
170800,25.680000000000007,24.8
170900,25.680000000000007,24.8
171000,25.680000000000007,24.8
171100,25.680000000000007,24.8
171200,25.680000000000007,24.8
171300,25.680000000000007,24.8
171400,25.680000000000007,24.8
171500,25.680000000000007,24.8
171600,25.680000000000007,24.8
171700,25.680000000000007,24.8
171800,25.680000000000007,24.8
171900,25.680000000000007,24.8
172000,25.680000000000007,24.8
172100,25.680000000000007,24.8
172200,25.680000000000007,24.8
172300,25.680000000000007,24.8
172400,25.680000000000007,24.8
172500,25.680000000000007,24.8
172600,25.680000000000007,24.8
172700,25.680000000000007,24.8
172800,25.680000000000007,24.8
172900,25.680000000000007,24.8
173000,25.680000000000007,24.8
173100,25.680000000000007,24.8
173200,25.680000000000007,24.8
173300,25.680000000000007,24.8
173400,25.680000000000007,24.8
173500,25.680000000000007,24.8
173600,25.680000000000007,24.8
173700,25.680000000000007,24.8
173800,25.680000000000007,24.8
173900,25.680000000000007,24.8
174000,25.680000000000007,24.8
174100,25.680000000000007,24.8
174200,25.680000000000007,24.8
174300,25.680000000000007,24.8
174400,25.680000000000007,24.8
174500,25.680000000000007,24.8
174600,25.680000000000007,24.8
174700,25.680000000000007,24.8
174800,25.680000000000007,24.8
174900,25.680000000000007,24.8
175000,25.680000000000007,24.8
175100,25.680000000000007,24.8
175200,25.680000000000007,24.8
175300,25.680000000000007,24.8
175400,25.680000000000007,24.8
175500,25.680000000000007,24.8
175600,25.680000000000007,24.8
175700,25.680000000000007,24.8
175800,25.680000000000007,24.8
175900,25.680000000000007,24.8
176000,25.680000000000007,24.8
176100,25.680000000000007,24.8
176200,25.680000000000007,24.8
176300,25.680000000000007,24.8
176400,25.680000000000007,24.8
176500,25.680000000000007,24.8
176600,25.680000000000007,24.8
176700,25.680000000000007,24.8
176800,25.680000000000007,24.8
176900,25.680000000000007,24.8
177000,25.680000000000007,24.8
177100,25.680000000000007,24.8
177200,25.680000000000007,24.8
177300,25.680000000000007,24.8
177400,25.680000000000007,24.8
177500,25.680000000000007,24.8
177600,25.680000000000007,24.8
177700,25.680000000000007,24.8
177800,25.680000000000007,24.8
177900,25.680000000000007,24.8
178000,25.680000000000007,24.8
178100,25.680000000000007,24.8
178200,25.680000000000007,24.8
178300,25.680000000000007,24.8
178400,25.680000000000007,24.8
178500,25.680000000000007,24.8
178600,25.680000000000007,24.8
178700,25.680000000000007,24.8
178800,25.680000000000007,24.8
178900,25.680000000000007,24.8
179000,25.680000000000007,24.8
179100,25.680000000000007,24.8
179200,25.680000000000007,24.8
179300,25.680000000000007,24.8
179400,25.680000000000007,24.8
179500,25.680000000000007,24.8
179600,25.680000000000007,24.8
179700,25.680000000000007,24.8
179800,25.680000000000007,24.8
179900,25.680000000000007,24.8
180000,25.680000000000007,24.8
180100,25.680000000000007,24.8
180200,25.680000000000007,24.8
180300,25.680000000000007,24.8
180400,25.680000000000007,24.8
180500,25.680000000000007,24.8
180600,25.680000000000007,24.8
180700,25.680000000000007,24.8
180800,25.680000000000007,24.8
180900,25.680000000000007,24.8
181000,25.680000000000007,24.8
181100,25.680000000000007,24.8
181200,25.680000000000007,24.8
181300,25.680000000000007,24.8
181400,25.680000000000007,24.8
181500,25.680000000000007,24.8
181600,25.680000000000007,24.8
181700,25.680000000000007,24.8
181800,25.680000000000007,24.8
181900,25.680000000000007,24.8
182000,25.680000000000007,24.8
182100,25.680000000000007,24.8
182200,25.680000000000007,24.8
182300,25.680000000000007,24.8
182400,25.680000000000007,24.8
182500,25.680000000000007,24.8
182600,25.680000000000007,24.8
182700,25.680000000000007,24.8
182800,25.680000000000007,24.8
182900,25.680000000000007,24.8
183000,25.680000000000007,24.8
183100,25.680000000000007,24.8
183200,25.680000000000007,24.8
183300,25.680000000000007,24.8
183400,25.680000000000007,24.8
183500,25.680000000000007,24.8
183600,25.680000000000007,24.8
183700,25.680000000000007,24.8
183800,25.680000000000007,24.8
183900,25.680000000000007,24.8
184000,25.680000000000007,24.8
184100,25.680000000000007,24.8
184200,25.680000000000007,24.8
184300,25.680000000000007,24.8
184400,25.680000000000007,24.8
184500,25.680000000000007,24.8
184600,25.680000000000007,24.8
184700,25.680000000000007,24.8
184800,25.680000000000007,24.8
184900,25.680000000000007,24.8
185000,25.680000000000007,24.8
185100,25.680000000000007,24.8
185200,25.680000000000007,24.8
185300,25.680000000000007,24.8
185400,25.680000000000007,24.8
185500,25.680000000000007,24.8
185600,25.680000000000007,24.8
185700,25.680000000000007,24.8
185800,25.680000000000007,24.8
185900,25.680000000000007,24.8
186000,25.680000000000007,24.8
186100,25.680000000000007,24.8
186200,25.680000000000007,24.8
186300,25.680000000000007,24.8
186400,25.680000000000007,24.8
186500,25.680000000000007,24.8
186600,25.680000000000007,24.8
186700,25.680000000000007,24.8
186800,25.680000000000007,24.8
186900,25.680000000000007,24.8
187000,25.680000000000007,24.8
187100,25.680000000000007,24.8
187200,25.680000000000007,24.8
187300,25.680000000000007,24.8
187400,25.680000000000007,24.8
187500,25.680000000000007,24.8
187600,25.680000000000007,24.8
187700,25.680000000000007,24.8
187800,25.680000000000007,24.8
187900,25.680000000000007,24.8
188000,25.680000000000007,24.8
188100,25.680000000000007,24.8
188200,25.680000000000007,24.8
188300,25.680000000000007,24.8
188400,25.680000000000007,24.8
188500,25.680000000000007,24.8
188600,25.680000000000007,24.8
188700,25.680000000000007,24.8
188800,25.680000000000007,24.8
188900,25.680000000000007,24.8
189000,25.680000000000007,24.8
189100,25.680000000000007,24.8
189200,25.680000000000007,24.8
189300,25.680000000000007,24.8
189400,25.680000000000007,24.8
189500,25.680000000000007,24.8
189600,25.680000000000007,24.8
189700,25.680000000000007,24.8
189800,25.680000000000007,24.8
189900,25.680000000000007,24.8
190000,25.680000000000007,24.8
190100,25.680000000000007,24.8
190200,25.680000000000007,24.8
190300,25.680000000000007,24.8
190400,25.680000000000007,24.8
190500,25.680000000000007,24.8
190600,25.680000000000007,24.8
190700,25.680000000000007,24.8
190800,25.680000000000007,24.8
190900,25.680000000000007,24.8
191000,25.680000000000007,24.8
191100,25.680000000000007,24.8
191200,25.680000000000007,24.8
191300,25.680000000000007,24.8
191400,25.680000000000007,24.8
191500,25.680000000000007,24.8
191600,25.680000000000007,24.8
191700,25.680000000000007,24.8
191800,25.680000000000007,24.8
191900,25.680000000000007,24.8
192000,25.680000000000007,24.8
192100,25.680000000000007,24.8
192200,25.680000000000007,24.8
192300,25.680000000000007,24.8
192400,25.680000000000007,24.8
192500,25.680000000000007,24.8
192600,25.680000000000007,24.8
192700,25.680000000000007,24.8
192800,25.680000000000007,24.8
192900,25.680000000000007,24.8
193000,25.680000000000007,24.8
193100,25.680000000000007,24.8
193200,25.680000000000007,24.8
193300,25.680000000000007,24.8
193400,25.680000000000007,24.8
193500,25.680000000000007,24.8
193600,25.680000000000007,24.8
193700,25.680000000000007,24.8
193800,25.680000000000007,24.8
193900,25.680000000000007,24.8
194000,25.680000000000007,24.8
194100,25.680000000000007,24.8
194200,25.680000000000007,24.8
194300,25.680000000000007,24.8
194400,25.680000000000007,24.8
194500,25.680000000000007,24.8
194600,25.680000000000007,24.8
194700,25.680000000000007,24.8
194800,25.680000000000007,24.8
194900,25.680000000000007,24.8
195000,25.680000000000007,24.8
195100,25.680000000000007,24.8
195200,25.680000000000007,24.8
195300,25.680000000000007,24.8
195400,25.680000000000007,24.8
195500,25.680000000000007,24.8
195600,25.680000000000007,24.8
195700,25.680000000000007,24.8
195800,25.680000000000007,24.8
195900,25.680000000000007,24.8
196000,25.680000000000007,24.8
196100,25.680000000000007,24.8
196200,25.680000000000007,24.8
196300,25.680000000000007,24.8
196400,25.680000000000007,24.8
196500,25.680000000000007,24.8
196600,25.680000000000007,24.8
196700,25.680000000000007,24.8
196800,25.680000000000007,24.8
196900,25.680000000000007,24.8
197000,25.680000000000007,24.8
197100,25.680000000000007,24.8
197200,25.680000000000007,24.8
197300,25.680000000000007,24.8
197400,25.680000000000007,24.8
197500,25.680000000000007,24.8
197600,25.680000000000007,24.8
197700,25.680000000000007,24.8
197800,25.680000000000007,24.8
197900,25.680000000000007,24.8
198000,25.680000000000007,24.8
198100,25.560000000000002,24.8
198200,25.560000000000002,24.8
198300,25.560000000000002,24.8
198400,25.560000000000002,24.8
198500,25.560000000000002,24.8
198600,25.560000000000002,24.8
198700,25.560000000000002,24.8
198800,25.560000000000002,24.8
198900,25.560000000000002,24.8
199000,25.560000000000002,24.8
199100,25.560000000000002,24.8
199200,25.560000000000002,24.8
199300,25.560000000000002,24.8
199400,25.560000000000002,24.8
199500,25.560000000000002,24.8
199600,25.560000000000002,24.8
199700,25.560000000000002,24.8
199800,25.560000000000002,24.8
199900,25.560000000000002,24.8
199999,25.560000000000002,24.8

START ALGORITHM
h2: (a11 + a13 + a34 + a44 + a44 + a32 - a42 - a43 - a21 - a12) * (b44 - b42)
h3: (-a44) * (b35 + b21 - b31)
h13: (a24 - a54 - a31 - a52) * (b54 + b31 + b13 + b42 + b31)
h16: (a12 + a44 - a11 - a12 - a11 - a54) * (-b21 - b24)
h20: (a53) * (b21 - b34 - b25 - b52)
h21: (a42 + a42 + a25 + a24 + a13 + a53 - a34 - a34 - a44 - a15 - a42) * (b22 + b32 + b55 + b53 - b51 - b43)
h24: (-a13) * (b25 - b14 - b11)
h35: (-a31) * (-b12 - b33 - b43)
h38: (a44 - a21 - a33 - a41) * (b42)
h44: (-a52) * (b35 + b25 - b55)
h51: (a42 - a44) * (b54 + b45 - b55 - b41 - b25 - b31 - b34)
h53: (-a12) * (b53 + b35 + b15 + b13 - b51 - b31 - b24 - b55)
h54: (a13 - a11 - a24) * (b15 + b25 + b23 - b43 - b42 - b22 - b43 - b33 - b35 - b34)
h59: (a33) * (b33)
h60: (a12 + a13 + a25 + a25 + a12 + a33 + a21 + a33 + a41 - a24 - a44 - a14 - a23 - a55 - a12) * (-b52 - b55)
h61: (-a43) * (b34)
h62: (a34 - a14) * (b13 + b55 + b13 - b22)
h64: (a44 + a25 + a22 + a22 - a42 - a25) * (b35 + b24 + b32 + b31 - b33 - b54)
h66: (a51 - a13 - a51) * (b33 + b54 - b12)
h72: (a44 + a22 + a11 + a25) * (b15 + b22 + b24 + b32 - b54 - b34 - b12 - b34 - b14)
h77: (a52 + a42 - a34) * (b23 - b54 - b12 - b25)
h82: (a24 + a33 - a35 - a22 - a43) * (b32 + b35 - b51 - b15 - b54)
h85: (-a23 - a43) * (b14 + b11 + b53 + b41 - b14 - b13 - b45 - b45 - b21)
h87: (a54) * (b54 - b44)
h97: (a14 + a32 + a52 + a52 + a32 - a11 - a55) * (b12 + b32 + b52 - b42 - b51 - b32)
h100: (-a22 - a14 - a24 - a45) * (b21 + b44 - b11 - b25)
h103: (-a34 - a21) * (b33 - b31)
h115: (-a22 - a23) * (-b44 - b52)
h116: (a35 + a31 - a44 - a22 - a34) * (b11 - b24 - b45)
h117: (a13 - a12) * (-b14)
h121: (a41 + a55) * (b41 + b51)
h125: (-a51 - a45 - a32) * (b43 + b35 + b34 + b55 - b54 - b45 - b41)
h128: (a41 + a53 - a45 - a32) * (b21 + b43 + b54 + b22 + b25 - b23 - b44 - b54)
h152: (a35 - a41) * (b22 + b35 - b55 - b43 - b15 - b23 - b43)
h155: (a12 + a23 + a53 + a13 + a41 - a51) * (b54 + b55 + b22 + b44 + b15 + b14 - b11 - b22 - b15 - b42 - b45)
h157: (a42 + a43 - a54) * (b21 - b52)
h175: (a53 - a53) * (b35 + b22 + b35 + b34 - b33)
h208: (-a51 - a32 - a52 - a13) * (-b43)
h226: (a14 + a45 + a11 + a31 - a54 - a32 - a24 - a25) * (b23 + b15 - b43)
h246: (-a11) * (b44 - b15 - b52)
h272: (-a22 - a32) * (b42 + b35 - b55 - b35 - b14)
h318: (a52 - a33) * (-b32)
h333: (a23 - a45) * (b52 + b52 - b45 - b23 - b44)
h372: (a24 - a31 - a45) * (b13 + b55 - b51 - b55 - b55 - b35 - b35 - b24)
h381: (a55 + a35 + a23 - a35 - a33 - a35 - a31) * (b23)
h453: (a43 + a34 + a45 - a21 - a31) * (b33 + b52 + b52 + b13 + b41 + b31 + b55 - b15 - b23 - b12 - b11 - b44 - b54)
h577: (-a12) * (b41 - b34)
h680: (a15 + a44 - a22 - a23 - a45 - a15) * (b25 + b44 - b33 - b25 - b12)
h693: (a44 + a53 + a25 + a35 + a24 + a12 - a52 - a11 - a34 - a24 - a15 - a34) * (b13 + b42 + b41 + b14 + b23 + b51 + b42 + b43 + b51 + b12 - b34 - b51 - b15 - b55 - b14 - b44)
h821: (a34) * (b55 + b41 + b12 - b34 - b31 - b55 - b33 - b53 - b15 - b41 - b34)
h1064: (-a44) * (-b25)
h1068: (a11 + a22 + a25 + a22 + a34 - a22) * (b25 + b24 + b12 - b42 - b51)
h1196: (a25 + a43 - a55) * (b42 + b25 + b14 + b24 - b43 - b31 - b44 - b22)
h1324: (-a43) * (b45 + b54 - b41 - b24 - b13 - b15)
h1523: (a31 + a24 - a23 - a52 - a42 - a24 - a11 - a15) * (-b34)
h1533: (a22 + a12 + a35 - a31 - a35) * (b42 - b11 - b22 - b41)
h2033: (a42) * (b44 - b54)
h2380: (a52 - a21) * (b13)
h2473: (a21 + a22 + a42 - a53 - a51 - a22 - a14) * (-b22)
h2744: (a24 + a13 + a44 - a52 - a53 - a53 - a52) * (b43 + b14 - b51 - b22)
h4877: (a23) * (b25 - b11)
h13908: (a44 - a44 - a15 - a15 - a51 - a25 - a55) * (-b14)
h15823: (a21 + a44 - a12 - a55 - a45) * (-b13 - b12)
h19210: (a45 + a31 + a22 + a33 - a14) * (b22 + b54 + b34 + b41 + b45 + b25 + b53 + b42 - b42 - b54 - b33)
h25103: (a55 + a35 + a24 + a15) * (b54 + b45 - b24)
h26074: (a53 + a33 - a15 - a52 - a22) * (b35)
h28641: (a52 + a55 + a13 + a51 - a52 - a12 - a24 - a53 - a13 - a33 - a45) * (b41 + b52 + b42 - b24 - b35 - b11 - b22 - b33 - b45 - b31)
c11: h60 + h246 + h97 - h1064 - h2033 
c12: h116 + h272 + h24 
c13: - h54 
c14: h2 + h208 + h97 + h100 - h453 
c15: h128 + h61 + h20 + h54 - h87 - h318 
c21: h680 - h16 
c22: h1523 + h115 + h85 - h87 
c23: h577 - h693 
c24: h103 + h453 - h97 - h64 
c25: h44 + h62 + h13 - h44 - h1324 
c31: h128 + h226 + h26074 
c32: h51 + h24 + h157 + h44 + h381 + h4877 + h82 - h60 
c33: h318 - h100 - h21 - h175 
c34: h51 - h77 - h125 
c35: h246 + h1068 - h77 - h85 - h103 
c41: h85 + h226 + h25103 + h28641 - h38 
c42: h66 + h54 + h20 + h155 + h152 + h272 + h15823 + h35 - h2 
c43: h121 + h19210 + h51 - h60 
c44: h152 + h115 + h20 + h66 
c45: h85 + h117 + h72 + h333 
c51: h115 + h577 + h1196 + h2473 - h21 - h54 
c52: h125 + h117 
c53: h82 + h117 + h372 + h381 + h1523 + h20 - h35 
c54: h3 + h2380 + h100 - h821 
c55: h59 + h372 + h116 + h318 + h2744 - h53 - h1533 - h13908 
