0,164.424,25
100,139.06400000000002,25
200,121.936,24.8
300,107.16799999999998,25
400,97.27199999999999,24.8
500,83.88,24.8
600,80.456,24.6
700,71.696,25
800,68.992,25
900,65.136,25
1000,61.336,25
1100,58.34400000000001,25
1200,53.63199999999999,24.8
1300,50.67999999999999,24.8
1400,49.888,24.8
1500,48.632,24.8
1600,46.879999999999995,24.8
1700,43.928,24.6
1800,42.464,24.6
1900,42.256,24.6
2000,41.672,24.6
2100,41.672,24.6
2200,40.559999999999995,24.6
2300,39.032000000000004,24.6
2400,38.648,24.6
2500,38.128,24.8
2600,36.144,25
2700,35.872,25
2800,34.912,25
2900,33.367999999999995,25
3000,32.632,24.8
3100,32.136,24.8
3200,30.919999999999998,24.8
3300,30.704,24.8
3400,30.359999999999996,24.8
3500,30.288,24.8
3600,29.407999999999998,24.8
3700,29.407999999999998,24.8
3800,28.959999999999997,24.8
3900,28.28,24.8
4000,27.359999999999996,24.8
4100,27.359999999999996,24.8
4200,27.359999999999996,24.8
4300,27.359999999999996,24.8
4400,27.359999999999996,24.8
4500,27.359999999999996,24.8
4600,27.327999999999996,24.8
4700,26.568,24.8
4800,25.624000000000002,24.6
4900,25.264000000000003,24.6
5000,25.088000000000005,24.6
5100,24.84,24.6
5200,24.84,24.6
5300,24.84,24.6
5400,24.84,24.6
5500,24.392,24.6
5600,24.176,24.6
5700,23.696,24.6
5800,23.696,24.6
5900,23.696,24.6
6000,23.088,24.6
6100,23.088,24.6
6200,23.088,24.6
6300,22.336,24.6
6400,22.336,24.6
6500,22.159999999999997,24.6
6600,22.159999999999997,24.6
6700,21.56,24.6
6800,21.336,24.6
6900,20.832,24.6
7000,20.368000000000002,24.6
7100,20.184,24.6
7200,20.184,24.6
7300,19.456,24.6
7400,19.456,24.6
7500,19.456,24.6
7600,19.456,24.6
7700,19.088,24.8
7800,18.84,24.8
7900,18.84,24.8
8000,18.84,24.8
8100,18.84,24.8
8200,18.84,24.8
8300,18.728,24.8
8400,18.176,24.8
8500,18.176,24.8
8600,17.735999999999997,24.8
8700,17.735999999999997,24.8
8800,17.735999999999997,24.8
8900,17.735999999999997,24.8
9000,17.464,24.8
9100,17.464,24.8
9200,17.464,24.8
9300,17.464,24.8
9400,16.863999999999997,24.8
9500,16.52,24.8
9600,16.52,24.8
9700,16.52,24.8
9800,16.52,24.8
9900,16.407999999999998,24.6
10000,16.407999999999998,24.6
10100,16.407999999999998,24.6
10200,16.407999999999998,24.6
10300,16.104000000000003,24.6
10400,16.104000000000003,24.6
10500,16.104000000000003,24.6
10600,15.047999999999998,24.6
10700,15.047999999999998,24.6
10800,15.047999999999998,24.6
10900,15.047999999999998,24.6
11000,15.047999999999998,24.6
11100,14.8,24.8
11200,14.8,24.8
11300,14.8,24.8
11400,14.8,24.8
11500,14.8,24.8
11600,14.8,24.8
11700,14.4,24.8
11800,14.304000000000002,24.8
11900,14.304000000000002,24.8
12000,14.192000000000002,24.8
12100,14.136000000000001,24.8
12200,14.056000000000001,24.8
12300,14.056000000000001,24.8
12400,14.056000000000001,24.8
12500,14.032,24.8
12600,14,24.8
12700,13.695999999999998,24.8
12800,13.496,24.8
12900,13.496,24.8
13000,13.496,24.8
13100,13.496,24.8
13200,13.344,24.8
13300,13.256,24.8
13400,13.256,24.8
13500,13.256,24.8
13600,13.256,24.8
13700,13.256,24.8
13800,13.152000000000001,24.8
13900,13.152000000000001,24.8
14000,13.152000000000001,24.8
14100,13.152000000000001,24.8
14200,13.152000000000001,24.8
14300,13.152000000000001,24.8
14400,13.152000000000001,24.8
14500,13.152000000000001,24.8
14600,13.151999999999997,24.8
14700,13.151999999999997,24.8
14800,13.151999999999997,24.8
14900,13.151999999999997,24.8
15000,13.128,24.8
15100,13.128,24.8
15200,13.128,24.8
15300,13.128,24.8
15400,13.128,24.8
15500,13.063999999999998,25
15600,13.063999999999998,25
15700,13.063999999999998,25
15800,13.063999999999998,25
15900,13.063999999999998,25
16000,13.063999999999998,25
16100,13.063999999999998,25
16200,12.719999999999999,25
16300,12.719999999999999,25
16400,12.687999999999999,25
16500,12.463999999999999,25
16600,12.463999999999999,25
16700,12.431999999999999,25
16800,12.072,25
16900,12.072,25
17000,12.072,25
17100,12.072,25
17200,12.072,25
17300,12.024,25
17400,12.024,25
17500,12.024,25
17600,12.024,25
17700,12.024,25
17800,12.024,25
17900,12.024,25
18000,12.024,25
18100,12.024,25
18200,11.888000000000002,25
18300,11.872,25
18400,11.872,25
18500,11.792,25
18600,11.672,25
18700,11.672,25
18800,11.672,25
18900,11.672,25
19000,11.559999999999999,25
19100,11.559999999999999,25
19200,11.559999999999999,25
19300,11.559999999999999,25
19400,11.559999999999999,25
19500,11.559999999999999,25
19600,11.559999999999999,25
19700,11.44,25
19800,11.44,25
19900,11.44,25
20000,11.44,25
20100,11.44,25
20200,11.44,25
20300,11.44,25
20400,11.44,25
20500,11.44,25
20600,11.44,25
20700,11.44,25
20800,11.44,25
20900,11.44,25
21000,11.44,25
21100,11.344,25
21200,11.344,25
21300,11.344,25
21400,11.344,25
21500,11.143999999999998,24.8
21600,11.143999999999998,24.8
21700,11.143999999999998,24.8
21800,11.12,24.8
21900,11.12,24.8
22000,11.12,24.8
22100,11.12,24.8
22200,11.12,24.8
22300,11.12,24.8
22400,11.12,24.8
22500,11.12,24.8
22600,11.12,24.8
22700,11.12,24.8
22800,11.12,24.8
22900,11.096,24.8
23000,11.096,24.8
23100,11.096,24.8
23200,11.096,24.8
23300,11.096,24.8
23400,11.096,24.8
23500,11.024000000000001,24.8
23600,11.024000000000001,24.8
23700,11.024000000000001,24.8
23800,11.024000000000001,24.8
23900,11.024000000000001,24.8
24000,10.984,24.8
24100,10.856,24.8
24200,10.856,24.8
24300,10.856,24.8
24400,10.856,24.8
24500,10.856,24.8
24600,10.856,24.8
24700,10.808,24.8
24800,10.808,24.8
24900,10.808,24.8
25000,10.808,24.8
25100,10.784,24.8
25200,10.784,24.8
25300,10.784,24.8
25400,10.784,24.8
25500,10.784,24.8
25600,10.784,24.8
25700,10.784,24.8
25800,10.464,24.8
25900,10.456,24.8
26000,10.456,24.8
26100,10.456,24.8
26200,10.456,24.8
26300,10.456,24.8
26400,10.456,24.8
26500,10.456,24.8
26600,10.456,24.8
26700,10.344000000000001,24.8
26800,10.344000000000001,24.8
26900,10.344000000000001,24.8
27000,10.344000000000001,24.8
27100,10.344000000000001,24.8
27200,10.344000000000001,24.8
27300,10.232000000000001,24.8
27400,10.224,24.8
27500,10.224,24.8
27600,10.224,24.8
27700,10.224,24.8
27800,10.224,24.8
27900,10.224,24.8
28000,10.224,24.8
28100,10.224,24.8
28200,10.224,24.8
28300,10.224,24.8
28400,10.224,24.8
28500,10.224,24.8
28600,10.224,24.8
28700,10.224,24.8
28800,10.152000000000001,24.8
28900,10.152000000000001,24.8
29000,10.152000000000001,24.8
29100,10.152000000000001,24.8
29200,10.152000000000001,24.8
29300,10.152000000000001,24.8
29400,10.152000000000001,24.8
29500,10.152000000000001,24.8
29600,10.152000000000001,24.8
29700,10.152000000000001,24.8
29800,10.152000000000001,24.8
29900,10.152000000000001,24.8
30000,10.152000000000001,24.8
30100,10.152000000000001,24.8
30200,10.152000000000001,24.8
30300,10.152000000000001,24.8
30400,10.024000000000001,24.8
30500,10.024000000000001,24.8
30600,10.024000000000001,24.8
30700,10.024000000000001,24.8
30800,10.024000000000001,24.8
30900,10.024000000000001,24.8
31000,9.975999999999999,24.8
31100,9.975999999999999,24.8
31200,9.975999999999999,24.8
31300,9.975999999999999,24.8
31400,9.975999999999999,24.8
31500,9.975999999999999,24.8
31600,9.975999999999999,24.8
31700,9.975999999999999,24.8
31800,9.975999999999999,24.8
31900,9.975999999999999,24.8
32000,9.975999999999999,24.8
32100,9.968,24.8
32200,9.968,24.8
32300,9.968,24.8
32400,9.968,24.8
32500,9.968,24.8
32600,9.968,24.8
32700,9.968,24.8
32800,9.968,24.8
32900,9.968,24.8
33000,9.952000000000002,24.8
33100,9.952000000000002,24.8
33200,9.952000000000002,24.8
33300,9.952000000000002,24.8
33400,9.952000000000002,24.8
33500,9.728,24.8
33600,9.728,24.8
33700,9.728,24.8
33800,9.728,24.8
33900,9.431999999999999,24.8
34000,9.288,24.8
34100,9.288,24.8
34200,9.288,24.8
34300,9.288,24.8
34400,9.288,24.8
34500,9.288,24.8
34600,9.288,24.8
34700,9.288,24.8
34800,9.288,24.8
34900,9.224,24.6
35000,9.224,24.6
35100,9.224,24.6
35200,9.224,24.6
35300,9.224,24.6
35400,9.224,24.6
35500,9.224,24.6
35600,9.176,24.6
35700,9.176,24.6
35800,9.176,24.6
35900,9.176,24.6
36000,9.176,24.6
36100,9.040000000000001,24.4
36200,8.88,24.2
36300,8.88,24.2
36400,8.872,24.2
36500,8.816,24.2
36600,8.767999999999999,24.4
36700,8.687999999999999,24.6
36800,8.68,24.6
36900,8.68,24.6
37000,8.68,24.6
37100,8.68,24.6
37200,8.68,24.6
37300,8.68,24.6
37400,8.68,24.6
37500,8.591999999999999,24.6
37600,8.591999999999999,24.6
37700,8.584,24.6
37800,8.584,24.6
37900,8.584,24.6
38000,8.584,24.6
38100,8.584,24.6
38200,8.584,24.6
38300,8.584,24.6
38400,8.584,24.6
38500,8.584,24.6
38600,8.584,24.6
38700,8.584,24.6
38800,8.584,24.6
38900,8.584,24.6
39000,8.584,24.6
39100,8.584,24.6
39200,8.584,24.6
39300,8.584,24.6
39400,8.584,24.6
39500,8.584,24.6
39600,8.584,24.6
39700,8.584,24.6
39800,8.584,24.6
39900,8.584,24.6
40000,8.584,24.6
40100,8.584,24.6
40200,8.584,24.6
40300,8.584,24.6
40400,8.584,24.6
40500,8.584,24.6
40600,8.584,24.6
40700,8.584,24.6
40800,8.584,24.6
40900,8.584,24.6
41000,8.584,24.6
41100,8.584,24.6
41200,8.584,24.6
41300,8.584,24.6
41400,8.584,24.6
41500,8.52,24.6
41600,8.52,24.6
41700,8.52,24.6
41800,8.52,24.6
41900,8.52,24.6
42000,8.52,24.6
42100,8.52,24.6
42200,8.52,24.6
42300,8.52,24.6
42400,8.52,24.6
42500,8.52,24.6
42600,8.52,24.6
42700,8.52,24.6
42800,8.52,24.6
42900,8.52,24.6
43000,8.52,24.6
43100,8.52,24.6
43200,8.52,24.6
43300,8.52,24.6
43400,8.52,24.6
43500,8.52,24.6
43600,8.52,24.6
43700,8.52,24.6
43800,8.52,24.6
43900,8.52,24.6
44000,8.52,24.6
44100,8.336,24.4
44200,8.336,24.4
44300,8.336,24.4
44400,8.239999999999998,24.4
44500,8.239999999999998,24.4
44600,8.239999999999998,24.4
44700,8.239999999999998,24.4
44800,8.239999999999998,24.4
44900,8.239999999999998,24.4
45000,8.239999999999998,24.4
45100,8.239999999999998,24.4
45200,8.239999999999998,24.4
45300,8.239999999999998,24.4
45400,8.239999999999998,24.4
45500,8.239999999999998,24.4
45600,8.239999999999998,24.4
45700,8.239999999999998,24.4
45800,8.239999999999998,24.4
45900,8.239999999999998,24.4
46000,8.239999999999998,24.4
46100,8.239999999999998,24.4
46200,8.239999999999998,24.4
46300,8.239999999999998,24.4
46400,8.239999999999998,24.4
46500,8.239999999999998,24.4
46600,8.239999999999998,24.4
46700,8.232,24.4
46800,8.232,24.4
46900,8.232,24.4
47000,8.232,24.4
47100,8.232,24.4
47200,8.191999999999998,24.4
47300,8.191999999999998,24.4
47400,8.191999999999998,24.4
47500,8.191999999999998,24.4
47600,8.191999999999998,24.4
47700,8.191999999999998,24.4
47800,8.191999999999998,24.4
47900,8.191999999999998,24.4
48000,8.191999999999998,24.4
48100,8.191999999999998,24.4
48200,8.191999999999998,24.4
48300,8.191999999999998,24.4
48400,8.191999999999998,24.4
48500,8.191999999999998,24.4
48600,8.191999999999998,24.4
48700,8.191999999999998,24.4
48800,8.191999999999998,24.4
48900,8.191999999999998,24.4
49000,8.184,24.2
49100,8.184,24.2
49200,8.184,24.2
49300,8.184,24.2
49400,8.184,24.2
49500,8.072,24.2
49600,8.072,24.2
49700,8.072,24.2
49800,8.072,24.2
49900,8.072,24.2
50000,8.072,24.2
50100,8.024,24
50200,8.024,24
50300,8.024,24
50400,8.024,24
50500,8.024,24
50600,8.024,24
50700,8.024,24
50800,7.944,23.8
50900,7.944,23.8
51000,7.944,23.8
51100,7.944,23.8
51200,7.944,23.8
51300,7.944,23.8
51400,7.944,23.8
51500,7.944,23.8
51600,7.944,23.8
51700,7.944,23.8
51800,7.944,23.8
51900,7.944,23.8
52000,7.816,23.8
52100,7.816,23.8
52200,7.816,23.8
52300,7.816,23.8
52400,7.816,23.8
52500,7.816,23.8
52600,7.816,23.8
52700,7.816,23.8
52800,7.816,23.8
52900,7.816,23.8
53000,7.816,23.8
53100,7.816,23.8
53200,7.816,23.8
53300,7.816,23.8
53400,7.816,23.8
53500,7.816,23.8
53600,7.816,23.8
53700,7.816,23.8
53800,7.5760000000000005,23.8
53900,7.5760000000000005,23.8
54000,7.5280000000000005,23.6
54100,7.5280000000000005,23.6
54200,7.5280000000000005,23.6
54300,7.5280000000000005,23.6
54400,7.5280000000000005,23.6
54500,7.5280000000000005,23.6
54600,7.5280000000000005,23.6
54700,7.5280000000000005,23.6
54800,7.5280000000000005,23.6
54900,7.5280000000000005,23.6
55000,7.5280000000000005,23.6
55100,7.5280000000000005,23.6
55200,7.5280000000000005,23.6
55300,7.5280000000000005,23.6
55400,7.5280000000000005,23.6
55500,7.5280000000000005,23.6
55600,7.5280000000000005,23.6
55700,7.5280000000000005,23.6
55800,7.4879999999999995,23.6
55900,7.464,23.4
56000,7.44,23.4
56100,7.44,23.4
56200,7.44,23.4
56300,7.44,23.4
56400,7.336,23.6
56500,7.191999999999998,23.8
56600,7.191999999999998,23.8
56700,7.191999999999998,23.8
56800,7.128,24
56900,7.128,24
57000,7.128,24
57100,7.128,24
57200,7.128,24
57300,7.128,24
57400,7.128,24
57500,7.128,24
57600,7.128,24
57700,7.128,24
57800,7.128,24
57900,7.128,24
58000,7.128,24
58100,7.072,24
58200,7.072,24
58300,7.072,24
58400,7.072,24
58500,7.072,24
58600,7.072,24
58700,7.072,24
58800,7.072,24
58900,7.072,24
59000,7.072,24
59100,7.072,24
59200,7.072,24
59300,7.072,24
59400,6.888,24
59500,6.888,24
59600,6.888,24
59700,6.888,24
59800,6.888,24
59900,6.888,24
60000,6.888,24
60100,6.888,24
60200,6.888,24
60300,6.888,24
60400,6.888,24
60500,6.888,24
60600,6.888,24
60700,6.888,24
60800,6.888,24
60900,6.888,24
61000,6.888,24
61100,6.863999999999999,24
61200,6.863999999999999,24
61300,6.863999999999999,24
61400,6.863999999999999,24
61500,6.8,24
61600,6.8,24
61700,6.8,24
61800,6.8,24
61900,6.8,24
62000,6.8,24
62100,6.8,24
62200,6.8,24
62300,6.8,24
62400,6.8,24
62500,6.8,24
62600,6.8,24
62700,6.8,24
62800,6.8,24
62900,6.8,24
63000,6.8,24
63100,6.8,24
63200,6.8,24
63300,6.8,24
63400,6.8,24
63500,6.8,24
63600,6.8,24
63700,6.8,24
63800,6.8,24
63900,6.8,24
64000,6.8,24
64100,6.792,23.8
64200,6.792,23.8
64300,6.792,23.8
64400,6.719999999999999,23.8
64500,6.719999999999999,23.8
64600,6.719999999999999,23.8
64700,6.719999999999999,23.8
64800,6.719999999999999,23.8
64900,6.719999999999999,23.8
65000,6.719999999999999,23.8
65100,6.719999999999999,23.8
65200,6.719999999999999,23.8
65300,6.719999999999999,23.8
65400,6.719999999999999,23.8
65500,6.719999999999999,23.8
65600,6.719999999999999,23.8
65700,6.719999999999999,23.8
65800,6.719999999999999,23.8
65900,6.719999999999999,23.8
66000,6.719999999999999,23.8
66100,6.719999999999999,23.8
66200,6.719999999999999,23.8
66300,6.719999999999999,23.8
66400,6.719999999999999,23.8
66500,6.719999999999999,23.8
66600,6.719999999999999,23.8
66700,6.719999999999999,23.8
66800,6.719999999999999,23.8
66900,6.719999999999999,23.8
67000,6.719999999999999,23.8
67100,6.719999999999999,23.8
67200,6.719999999999999,23.8
67300,6.719999999999999,23.8
67400,6.719999999999999,23.8
67500,6.719999999999999,23.8
67600,6.719999999999999,23.8
67700,6.719999999999999,23.8
67800,6.719999999999999,23.8
67900,6.719999999999999,23.8
68000,6.719999999999999,23.8
68100,6.719999999999999,23.8
68200,6.719999999999999,23.8
68300,6.719999999999999,23.8
68400,6.719999999999999,23.8
68500,6.719999999999999,23.8
68600,6.719999999999999,23.8
68700,6.719999999999999,23.8
68800,6.632,23.8
68900,6.632,23.8
69000,6.632,23.8
69100,6.632,23.8
69200,6.632,23.8
69300,6.632,23.8
69400,6.4239999999999995,23.8
69500,6.4239999999999995,23.8
69600,6.4239999999999995,23.8
69700,6.4239999999999995,23.8
69800,6.4239999999999995,23.8
69900,6.4239999999999995,23.8
70000,6.4239999999999995,23.8
70100,6.4239999999999995,23.8
70200,6.4239999999999995,23.8
70300,6.4239999999999995,23.8
70400,6.4239999999999995,23.8
70500,6.4239999999999995,23.8
70600,6.4239999999999995,23.8
70700,6.4239999999999995,23.8
70800,6.4239999999999995,23.8
70900,6.4239999999999995,23.8
71000,6.4239999999999995,23.8
71100,6.4239999999999995,23.8
71200,6.4239999999999995,23.8
71300,6.4239999999999995,23.8
71400,6.4239999999999995,23.8
71500,6.4239999999999995,23.8
71600,6.4239999999999995,23.8
71700,6.4239999999999995,23.8
71800,6.4239999999999995,23.8
71900,6.4239999999999995,23.8
72000,6.4239999999999995,23.8
72100,6.4239999999999995,23.8
72200,6.4239999999999995,23.8
72300,6.4239999999999995,23.8
72400,6.4239999999999995,23.8
72500,6.4239999999999995,23.8
72600,6.4239999999999995,23.8
72700,6.4239999999999995,23.8
72800,6.4239999999999995,23.8
72900,6.4239999999999995,23.8
73000,6.4239999999999995,23.8
73100,6.352,23.6
73200,6.352,23.6
73300,6.352,23.6
73400,6.352,23.6
73500,6.352,23.6
73600,6.352,23.6
73700,6.352,23.6
73800,6.352,23.6
73900,6.352,23.6
74000,6.352,23.6
74100,6.352,23.6
74200,6.352,23.6
74300,6.352,23.6
74400,6.352,23.6
74500,6.352,23.6
74600,6.352,23.6
74700,6.352,23.6
74800,6.352,23.6
74900,6.352,23.6
75000,6.192,23.8
75100,6.192,23.8
75200,6.176,23.8
75300,6.176,23.8
75400,6.176,23.8
75500,6.136,23.8
75600,6.136,23.8
75700,6.136,23.8
75800,6.136,23.8
75900,6.136,23.8
76000,6.136,23.8
76100,6.136,23.8
76200,6.136,23.8
76300,6.136,23.8
76400,6.136,23.8
76500,6.136,23.8
76600,6.136,23.8
76700,6.136,23.8
76800,6.136,23.8
76900,6.136,23.8
77000,6.136,23.8
77100,6.136,23.8
77200,6.136,23.8
77300,5.992000000000001,23.6
77400,5.992000000000001,23.6
77500,5.992000000000001,23.6
77600,5.992000000000001,23.6
77700,5.992000000000001,23.6
77800,5.992000000000001,23.6
77900,5.992000000000001,23.6
78000,5.992000000000001,23.6
78100,5.992000000000001,23.6
78200,5.992000000000001,23.6
78300,5.976000000000001,23.4
78400,5.976000000000001,23.4
78500,5.976000000000001,23.4
78600,5.888,23.6
78700,5.888,23.6
78800,5.888,23.6
78900,5.888,23.6
79000,5.888,23.6
79100,5.888,23.6
79200,5.888,23.6
79300,5.888,23.6
79400,5.888,23.6
79500,5.888,23.6
79600,5.888,23.6
79700,5.888,23.6
79800,5.888,23.6
79900,5.888,23.6
80000,5.888,23.6
80100,5.888,23.6
80200,5.888,23.6
80300,5.880000000000001,23.6
80400,5.880000000000001,23.6
80500,5.880000000000001,23.6
80600,5.880000000000001,23.6
80700,5.880000000000001,23.6
80800,5.880000000000001,23.6
80900,5.880000000000001,23.6
81000,5.880000000000001,23.6
81100,5.880000000000001,23.6
81200,5.880000000000001,23.6
81300,5.880000000000001,23.6
81400,5.736000000000001,23.4
81500,5.736000000000001,23.4
81600,5.736000000000001,23.4
81700,5.736000000000001,23.4
81800,5.736000000000001,23.4
81900,5.736000000000001,23.4
82000,5.736000000000001,23.4
82100,5.736000000000001,23.4
82200,5.736000000000001,23.4
82300,5.736000000000001,23.4
82400,5.736000000000001,23.4
82500,5.736000000000001,23.4
82600,5.736000000000001,23.4
82700,5.736000000000001,23.4
82800,5.736000000000001,23.4
82900,5.736000000000001,23.4
83000,5.736000000000001,23.4
83100,5.736000000000001,23.4
83200,5.736000000000001,23.4
83300,5.736000000000001,23.4
83400,5.736000000000001,23.4
83500,5.736000000000001,23.4
83600,5.736000000000001,23.4
83700,5.736000000000001,23.4
83800,5.736000000000001,23.4
83900,5.720000000000001,23.2
84000,5.720000000000001,23.2
84100,5.720000000000001,23.2
84200,5.720000000000001,23.2
84300,5.720000000000001,23.2
84400,5.720000000000001,23.2
84500,5.720000000000001,23.2
84600,5.720000000000001,23.2
84700,5.720000000000001,23.2
84800,5.720000000000001,23.2
84900,5.720000000000001,23.2
85000,5.720000000000001,23.2
85100,5.672000000000001,23.2
85200,5.672000000000001,23.2
85300,5.672000000000001,23.2
85400,5.672000000000001,23.2
85500,5.672000000000001,23.2
85600,5.672000000000001,23.2
85700,5.672000000000001,23.2
85800,5.672000000000001,23.2
85900,5.672000000000001,23.2
86000,5.672000000000001,23.2
86100,5.672000000000001,23.2
86200,5.672000000000001,23.2
86300,5.672000000000001,23.2
86400,5.672000000000001,23.2
86500,5.672000000000001,23.2
86600,5.672000000000001,23.2
86700,5.672000000000001,23.2
86800,5.672000000000001,23.2
86900,5.672000000000001,23.2
87000,5.672000000000001,23.2
87100,5.672000000000001,23.2
87200,5.672000000000001,23.2
87300,5.672,23.2
87400,5.672,23.2
87500,5.648000000000001,23.2
87600,5.648000000000001,23.2
87700,5.648000000000001,23.2
87800,5.648000000000001,23.2
87900,5.648000000000001,23.2
88000,5.648000000000001,23.2
88100,5.632,23.4
88200,5.632,23.4
88300,5.632,23.4
88400,5.632,23.4
88500,5.632,23.4
88600,5.632,23.4
88700,5.608,23.4
88800,5.608,23.4
88900,5.608,23.4
89000,5.608,23.4
89100,5.608,23.4
89200,5.608,23.4
89300,5.608,23.4
89400,5.608,23.4
89500,5.608,23.4
89600,5.608,23.4
89700,5.608,23.4
89800,5.575999999999999,23.4
89900,5.575999999999999,23.4
90000,5.575999999999999,23.4
90100,5.575999999999999,23.4
90200,5.575999999999999,23.4
90300,5.575999999999999,23.4
90400,5.575999999999999,23.4
90500,5.575999999999999,23.4
90600,5.575999999999999,23.4
90700,5.5600000000000005,23.2
90800,5.5600000000000005,23.2
90900,5.5600000000000005,23.2
91000,5.5600000000000005,23.2
91100,5.5600000000000005,23.2
91200,5.5600000000000005,23.2
91300,5.5600000000000005,23.2
91400,5.5600000000000005,23.2
91500,5.5600000000000005,23.2
91600,5.5600000000000005,23.2
91700,5.5600000000000005,23.2
91800,5.5600000000000005,23.2
91900,5.5600000000000005,23.2
92000,5.5600000000000005,23.2
92100,5.5600000000000005,23.2
92200,5.5600000000000005,23.2
92300,5.5600000000000005,23.2
92400,5.5600000000000005,23.2
92500,5.536,23.2
92600,5.536,23.2
92700,5.536,23.2
92800,5.5200000000000005,23.6
92900,5.5200000000000005,23.6
93000,5.5200000000000005,23.6
93100,5.464,23.6
93200,5.464,23.6
93300,5.464,23.6
93400,5.464,23.6
93500,5.464,23.6
93600,5.464,23.6
93700,5.464,23.6
93800,5.464,23.6
93900,5.464,23.6
94000,5.464,23.6
94100,5.464,23.6
94200,5.464,23.6
94300,5.464,23.6
94400,5.464,23.6
94500,5.464,23.6
94600,5.464,23.6
94700,5.464,23.6
94800,5.464,23.6
94900,5.464,23.6
95000,5.464,23.6
95100,5.464,23.6
95200,5.464,23.6
95300,5.464,23.6
95400,5.432,23.4
95500,5.432,23.4
95600,5.432,23.4
95700,5.432,23.4
95800,5.432,23.4
95900,5.432,23.4
96000,5.432,23.4
96100,5.432,23.4
96200,5.432,23.4
96300,5.432,23.4
96400,5.432,23.4
96500,5.432,23.4
96600,5.432,23.4
96700,5.432,23.4
96800,5.432,23.4
96900,5.432,23.4
97000,5.432,23.4
97100,5.432,23.4
97200,5.432,23.4
97300,5.432,23.4
97400,5.432,23.4
97500,5.432,23.4
97600,5.432,23.4
97700,5.351999999999999,23.4
97800,5.351999999999999,23.4
97900,5.351999999999999,23.4
98000,5.287999999999999,23.4
98100,5.287999999999999,23.4
98200,5.287999999999999,23.4
98300,5.287999999999999,23.4
98400,5.287999999999999,23.4
98500,5.287999999999999,23.4
98600,5.287999999999999,23.4
98700,5.287999999999999,23.4
98800,5.287999999999999,23.4
98900,5.287999999999999,23.4
99000,5.287999999999999,23.4
99100,5.287999999999999,23.4
99200,5.287999999999999,23.4
99300,5.287999999999999,23.4
99400,5.272,23.4
99500,5.272,23.4
99600,5.272,23.4
99700,5.272,23.4
99800,5.272,23.4
99900,5.272,23.4
100000,5.272,23.4
100100,5.272,23.4
100200,5.272,23.4
100300,5.272,23.4
100400,5.272,23.4
100500,5.272,23.4
100600,5.272,23.4
100700,5.272,23.4
100800,5.272,23.4
100900,5.272,23.4
101000,5.272,23.4
101100,5.272,23.4
101200,5.272,23.4
101300,5.272,23.4
101400,5.272,23.4
101500,5.272,23.4
101600,5.272,23.4
101700,5.272,23.4
101800,5.272,23.4
101900,5.272,23.4
102000,5.272,23.4
102100,5.272,23.4
102200,5.272,23.4
102300,5.272,23.4
102400,5.272,23.4
102500,5.272,23.4
102600,5.272,23.4
102700,5.272,23.4
102800,5.272,23.4
102900,5.24,23.4
103000,5.24,23.4
103100,5.24,23.4
103200,5.24,23.4
103300,5.24,23.4
103400,5.24,23.4
103500,5.24,23.4
103600,5.24,23.4
103700,5.24,23.4
103800,5.24,23.4
103900,5.24,23.4
104000,5.24,23.4
104100,5.24,23.4
104200,5.24,23.4
104300,5.24,23.4
104400,5.24,23.4
104500,5.24,23.4
104600,5.24,23.4
104700,5.24,23.4
104800,5.24,23.4
104900,5.24,23.4
105000,5.24,23.4
105100,5.24,23.4
105200,5.24,23.4
105300,5.24,23.4
105400,5.24,23.4
105500,5.24,23.4
105600,5.24,23.4
105700,5.24,23.4
105800,5.24,23.4
105900,5.24,23.4
106000,5.24,23.4
106100,5.24,23.4
106200,5.24,23.4
106300,5.24,23.4
106400,5.24,23.4
106500,5.24,23.4
106600,5.24,23.4
106700,5.24,23.4
106800,5.24,23.4
106900,5.24,23.4
107000,5.24,23.4
107100,5.24,23.4
107200,5.24,23.4
107300,5.24,23.4
107400,5.24,23.4
107500,5.24,23.4
107600,5.24,23.4
107700,5.24,23.4
107800,5.24,23.4
107900,5.24,23.4
108000,5.24,23.4
108100,5.24,23.4
108200,5.24,23.4
108300,5.24,23.4
108400,5.24,23.4
108500,5.24,23.4
108600,5.24,23.4
108700,5.24,23.4
108800,5.24,23.4
108900,5.24,23.4
109000,5.24,23.4
109100,5.24,23.4
109200,5.24,23.4
109300,5.24,23.4
109400,5.24,23.4
109500,5.24,23.4
109600,5.24,23.4
109700,5.24,23.4
109800,5.24,23.4
109900,5.24,23.4
110000,5.24,23.4
110100,5.24,23.4
110200,5.24,23.4
110300,5.24,23.4
110400,5.24,23.4
110500,5.24,23.4
110600,5.24,23.4
110700,5.24,23.4
110800,5.24,23.4
110900,5.24,23.4
111000,5.24,23.4
111100,5.24,23.4
111200,5.24,23.4
111300,5.24,23.4
111400,5.24,23.4
111500,5.24,23.4
111600,5.24,23.4
111700,5.24,23.4
111800,5.24,23.4
111900,5.24,23.4
112000,5.24,23.4
112100,5.24,23.4
112200,5.24,23.4
112300,5.24,23.4
112400,5.24,23.4
112500,5.24,23.4
112600,5.24,23.4
112700,5.24,23.4
112800,5.24,23.4
112900,5.215999999999999,23.4
113000,5.215999999999999,23.4
113100,5.215999999999999,23.4
113200,5.215999999999999,23.4
113300,5.215999999999999,23.4
113400,5.215999999999999,23.4
113500,5.215999999999999,23.4
113600,5.215999999999999,23.4
113700,5.215999999999999,23.4
113800,5.215999999999999,23.4
113900,5.144,23.4
114000,5.144,23.4
114100,5.144,23.4
114200,5.144,23.4
114300,5.144,23.4
114400,5.144,23.4
114500,5.144,23.4
114600,5.144,23.4
114700,5.144,23.4
114800,5.144,23.4
114900,5.144,23.4
115000,5.144,23.4
115100,5.096,23.6
115200,5.096,23.6
115300,5.096,23.6
115400,5.096,23.6
115500,5.096,23.6
115600,5.096,23.6
115700,5.096,23.6
115800,5.096,23.6
115900,5.096,23.6
116000,5.096,23.6
116100,5.096,23.6
116200,5.096,23.6
116300,5.096,23.6
116400,5.08,23.4
116500,5.08,23.4
116600,5.08,23.4
116700,5.08,23.4
116800,5.08,23.4
116900,5.08,23.4
117000,5.08,23.4
117100,5.08,23.4
117200,5.08,23.4
117300,5.08,23.4
117400,5.08,23.4
117500,5.08,23.4
117600,5.08,23.4
117700,5.08,23.4
117800,5.08,23.4
117900,5.08,23.4
118000,5.04,23.4
118100,5.04,23.4
118200,5.04,23.4
118300,5.04,23.4
118400,5.04,23.4
118500,5.04,23.4
118600,5.04,23.4
118700,5.04,23.4
118800,5.04,23.4
118900,5.04,23.4
119000,5.04,23.4
119100,5.04,23.4
119200,5.04,23.4
119300,5.04,23.4
119400,5.04,23.4
119500,5.04,23.4
119600,5.04,23.4
119700,5.04,23.4
119800,5.04,23.4
119900,5.04,23.4
120000,5.04,23.4
120100,5.04,23.4
120200,5.04,23.4
120300,5.04,23.4
120400,5.04,23.4
120500,5.04,23.4
120600,5.04,23.4
120700,5.04,23.4
120800,5.04,23.4
120900,5.04,23.4
121000,5.04,23.4
121100,5.04,23.4
121200,5.04,23.4
121300,5.04,23.4
121400,5.04,23.4
121500,5.04,23.4
121600,5.04,23.4
121700,5.04,23.4
121800,5.04,23.4
121900,5.04,23.4
122000,5.04,23.4
122100,5.04,23.4
122200,5.04,23.4
122300,5.04,23.4
122400,5.04,23.4
122500,5.04,23.4
122600,5.04,23.4
122700,5.04,23.4
122800,5.04,23.4
122900,5.04,23.4
123000,5.04,23.4
123100,5.04,23.4
123200,5.023999999999999,23.2
123300,5.023999999999999,23.2
123400,5.023999999999999,23.2
123500,5.023999999999999,23.2
123600,5.023999999999999,23.2
123700,5.023999999999999,23.2
123800,5.023999999999999,23.2
123900,5.023999999999999,23.2
124000,5.023999999999999,23.2
124100,5.023999999999999,23.2
124200,5.023999999999999,23.2
124300,5.023999999999999,23.2
124400,5.023999999999999,23.2
124500,5.023999999999999,23.2
124600,5.023999999999999,23.2
124700,5.023999999999999,23.2
124800,5.023999999999999,23.2
124900,5.023999999999999,23.2
125000,5.023999999999999,23.2
125100,5.023999999999999,23.2
125200,5.023999999999999,23.2
125300,4.88,23.2
125400,4.88,23.2
125500,4.88,23.2
125600,4.88,23.2
125700,4.88,23.2
125800,4.88,23.2
125900,4.88,23.2
126000,4.88,23.2
126100,4.88,23.2
126200,4.848,23.2
126300,4.848,23.2
126400,4.848,23.2
126500,4.84,23
126600,4.84,23
126700,4.84,23
126800,4.84,23
126900,4.84,23
127000,4.84,23
127100,4.84,23
127200,4.84,23
127300,4.84,23
127400,4.84,23
127500,4.84,23
127600,4.84,23
127700,4.84,23
127800,4.84,23
127900,4.84,23
128000,4.84,23
128100,4.792,22.8
128200,4.792,22.8
128300,4.792,22.8
128400,4.792,22.8
128500,4.792,22.8
128600,4.792,22.8
128700,4.792,22.8
128800,4.792,22.8
128900,4.792,22.8
129000,4.792,22.8
129100,4.792,22.8
129200,4.792,22.8
129300,4.792,22.8
129400,4.792,22.8
129500,4.792,22.8
129600,4.792,22.8
129700,4.792,22.8
129800,4.792,22.8
129900,4.792,22.8
130000,4.792,22.8
130100,4.792,22.8
130200,4.792,22.8
130300,4.792,22.8
130400,4.792,22.8
130500,4.792,22.8
130600,4.792,22.8
130700,4.792,22.8
130800,4.792,22.8
130900,4.792,22.8
131000,4.792,22.8
131100,4.792,22.8
131200,4.792,22.8
131300,4.792,22.8
131400,4.792,22.8
131500,4.792,22.8
131600,4.688,22.8
131700,4.688,22.8
131800,4.688,22.8
131900,4.688,22.8
132000,4.688,22.8
132100,4.688,22.8
132200,4.688,22.8
132300,4.688,22.8
132400,4.688,22.8
132500,4.688,22.8
132600,4.688,22.8
132700,4.688,22.8
132800,4.688,22.8
132900,4.688,22.8
133000,4.688,22.8
133100,4.688,22.8
133200,4.688,22.8
133300,4.688,22.8
133400,4.688,22.8
133500,4.688,22.8
133600,4.688,22.8
133700,4.688,22.8
133800,4.688,22.8
133900,4.688,22.8
134000,4.688,22.8
134100,4.688,22.8
134200,4.688,22.8
134300,4.688,22.8
134400,4.688,22.8
134500,4.688,22.8
134600,4.688,22.8
134700,4.688,22.8
134800,4.688,22.8
134900,4.688,22.8
135000,4.688,22.8
135100,4.688,22.8
135200,4.688,22.8
135300,4.688,22.8
135400,4.688,22.8
135500,4.688,22.8
135600,4.688,22.8
135700,4.688,22.8
135800,4.688,22.8
135900,4.688,22.8
136000,4.688,22.8
136100,4.688,22.8
136200,4.688,22.8
136300,4.688,22.8
136400,4.688,22.8
136500,4.688,22.8
136600,4.688,22.8
136700,4.688,22.8
136800,4.688,22.8
136900,4.688,22.8
137000,4.688,22.8
137100,4.688,22.8
137200,4.608,22.8
137300,4.608,22.8
137400,4.608,22.8
137500,4.608,22.8
137600,4.608,22.8
137700,4.608,22.8
137800,4.608,22.8
137900,4.608,22.8
138000,4.608,22.8
138100,4.608,22.8
138200,4.608,22.8
138300,4.608,22.8
138400,4.608,22.8
138500,4.608,22.8
138600,4.608,22.8
138700,4.608,22.8
138800,4.608,22.8
138900,4.608,22.8
139000,4.608,22.8
139100,4.608,22.8
139200,4.608,22.8
139300,4.608,22.8
139400,4.608,22.8
139500,4.608,22.8
139600,4.608,22.8
139700,4.608,22.8
139800,4.608,22.8
139900,4.608,22.8
140000,4.608,22.8
140100,4.608,22.8
140200,4.608,22.8
140300,4.608,22.8
140400,4.608,22.8
140500,4.608,22.8
140600,4.608,22.8
140700,4.608,22.8
140800,4.608,22.8
140900,4.608,22.8
141000,4.608,22.8
141100,4.608,22.8
141200,4.608,22.8
141300,4.608,22.8
141400,4.608,22.8
141500,4.608,22.8
141600,4.608,22.8
141700,4.608,22.8
141800,4.608,22.8
141900,4.608,22.8
142000,4.608,22.8
142100,4.608,22.8
142200,4.608,22.8
142300,4.608,22.8
142400,4.608,22.8
142500,4.608,22.8
142600,4.608,22.8
142700,4.608,22.8
142800,4.608,22.8
142900,4.608,22.8
143000,4.608,22.8
143100,4.608,22.8
143200,4.608,22.8
143300,4.608,22.8
143400,4.608,22.8
143500,4.608,22.8
143600,4.608,22.8
143700,4.608,22.8
143800,4.608,22.8
143900,4.608,22.8
144000,4.608,22.8
144100,4.608,22.8
144200,4.608,22.8
144300,4.608,22.8
144400,4.608,22.8
144500,4.608,22.8
144600,4.608,22.8
144700,4.608,22.8
144800,4.608,22.8
144900,4.608,22.8
145000,4.608,22.8
145100,4.608,22.8
145200,4.608,22.8
145300,4.608,22.8
145400,4.608,22.8
145500,4.608,22.8
145600,4.608,22.8
145700,4.608,22.8
145800,4.608,22.8
145900,4.608,22.8
146000,4.608,22.8
146100,4.608,22.8
146200,4.6,23
146300,4.6,23
146400,4.6,23
146500,4.6,23
146600,4.6,23
146700,4.6,23
146800,4.6,23
146900,4.6,23
147000,4.6,23
147100,4.6,23
147200,4.6,23
147300,4.6,23
147400,4.6,23
147500,4.6,23
147600,4.6,23
147700,4.6,23
147800,4.6,23
147900,4.6,23
148000,4.6,23
148100,4.6,23
148200,4.6,23
148300,4.6,23
148400,4.6,23
148500,4.6,23
148600,4.6,23
148700,4.6,23
148800,4.6,23
148900,4.6,23
149000,4.6,23
149100,4.6,23
149200,4.6,23
149300,4.6,23
149400,4.6,23
149500,4.6,23
149600,4.6,23
149700,4.6,23
149800,4.6,23
149900,4.6,23
150000,4.6,23
150100,4.6,23
150200,4.6,23
150300,4.6,23
150400,4.6,23
150500,4.6,23
150600,4.6,23
150700,4.6,23
150800,4.6,23
150900,4.6,23
151000,4.6,23
151100,4.6,23
151200,4.6,23
151300,4.6,23
151400,4.6,23
151500,4.6,23
151600,4.6,23
151700,4.6,23
151800,4.6,23
151900,4.6,23
152000,4.6,23
152100,4.6,23
152200,4.6,23
152300,4.6,23
152400,4.6,23
152500,4.6,23
152600,4.6,23
152700,4.6,23
152800,4.6,23
152900,4.5760000000000005,22.8
153000,4.5760000000000005,22.8
153100,4.5760000000000005,22.8
153200,4.5760000000000005,22.8
153300,4.5760000000000005,22.8
153400,4.5760000000000005,22.8
153500,4.5760000000000005,22.8
153600,4.5760000000000005,22.8
153700,4.5760000000000005,22.8
153800,4.5760000000000005,22.8
153900,4.5760000000000005,22.8
154000,4.5760000000000005,22.8
154100,4.5760000000000005,22.8
154200,4.5760000000000005,22.8
154300,4.5760000000000005,22.8
154400,4.5760000000000005,22.8
154500,4.5760000000000005,22.8
154600,4.5760000000000005,22.8
154700,4.576,22.8
154800,4.576,22.8
154900,4.576,22.8
155000,4.576,22.8
155100,4.576,22.8
155200,4.576,22.8
155300,4.576,22.8
155400,4.56,22.8
155500,4.56,22.8
155600,4.56,22.8
155700,4.56,22.8
155800,4.56,22.8
155900,4.56,22.8
156000,4.56,22.8
156100,4.56,22.8
156200,4.56,22.8
156300,4.56,22.8
156400,4.544,23
156500,4.544,23
156600,4.544,23
156700,4.544,23
156800,4.544,23
156900,4.544,23
157000,4.544,23
157100,4.544,23
157200,4.544,23
157300,4.448,23
157400,4.448,23
157500,4.448,23
157600,4.448,23
157700,4.448,23
157800,4.448,23
157900,4.448,23
158000,4.448,23
158100,4.448,23
158200,4.448,23
158300,4.448,23
158400,4.448,23
158500,4.448,23
158600,4.448,23
158700,4.448,23
158800,4.448,23
158900,4.448,23
159000,4.448,23
159100,4.448,23
159200,4.448,23
159300,4.448,23
159400,4.448,23
159500,4.448,23
159600,4.448,23
159700,4.448,23
159800,4.448,23
159900,4.448,23
160000,4.448,23
160100,4.368,23
160200,4.368,23
160300,4.368,23
160400,4.368,23
160500,4.368,23
160600,4.368,23
160700,4.368,23
160800,4.368,23
160900,4.368,23
161000,4.368,23
161100,4.368,23
161200,4.368,23
161300,4.368,23
161400,4.368,23
161500,4.368,23
161600,4.368,23
161700,4.368,23
161800,4.368,23
161900,4.368,23
162000,4.368,23
162100,4.368,23
162200,4.368,23
162300,4.368,23
162400,4.368,23
162500,4.368,23
162600,4.368,23
162700,4.368,23
162800,4.368,23
162900,4.368,23
163000,4.368,23
163100,4.368,23
163200,4.368,23
163300,4.368,23
163400,4.368,23
163500,4.368,23
163600,4.368,23
163700,4.368,23
163800,4.368,23
163900,4.368,23
164000,4.368,23
164100,4.368,23
164200,4.368,23
164300,4.368,23
164400,4.368,23
164500,4.368,23
164600,4.368,23
164700,4.368,23
164800,4.36,22.8
164900,4.36,22.8
165000,4.36,22.8
165100,4.36,22.8
165200,4.36,22.8
165300,4.36,22.8
165400,4.36,22.8
165500,4.36,22.8
165600,4.36,22.8
165700,4.36,22.8
165800,4.36,22.8
165900,4.36,22.8
166000,4.36,22.8
166100,4.36,22.8
166200,4.36,22.8
166300,4.36,22.8
166400,4.36,22.8
166500,4.36,22.8
166600,4.36,22.8
166700,4.36,22.8
166800,4.36,22.8
166900,4.36,22.8
167000,4.36,22.8
167100,4.36,22.8
167200,4.36,22.8
167300,4.36,22.8
167400,4.36,22.8
167500,4.36,22.8
167600,4.36,22.8
167700,4.36,22.8
167800,4.36,22.8
167900,4.36,22.8
168000,4.36,22.8
168100,4.36,22.8
168200,4.36,22.8
168300,4.36,22.8
168400,4.36,22.8
168500,4.36,22.8
168600,4.36,22.8
168700,4.36,22.8
168800,4.36,22.8
168900,4.36,22.8
169000,4.36,22.8
169100,4.352,22.6
169200,4.352,22.6
169300,4.352,22.6
169400,4.352,22.6
169500,4.352,22.6
169600,4.352,22.6
169700,4.352,22.6
169800,4.352,22.6
169900,4.352,22.6
170000,4.352,22.6
170100,4.352,22.6
170200,4.352,22.6
170300,4.352,22.6
170400,4.352,22.6
170500,4.352,22.6
170600,4.351999999999999,22.6
170700,4.351999999999999,22.6
170800,4.351999999999999,22.6
170900,4.351999999999999,22.6
171000,4.351999999999999,22.6
171100,4.351999999999999,22.6
171200,4.351999999999999,22.6
171300,4.351999999999999,22.6
171400,4.351999999999999,22.6
171500,4.351999999999999,22.6
171600,4.351999999999999,22.6
171700,4.351999999999999,22.6
171800,4.351999999999999,22.6
171900,4.351999999999999,22.6
172000,4.351999999999999,22.6
172100,4.351999999999999,22.6
172200,4.351999999999999,22.6
172300,4.351999999999999,22.6
172400,4.351999999999999,22.6
172500,4.351999999999999,22.6
172600,4.351999999999999,22.6
172700,4.351999999999999,22.6
172800,4.351999999999999,22.6
172900,4.351999999999999,22.6
173000,4.336,22.6
173100,4.336,22.6
173200,4.336,22.6
173300,4.336,22.6
173400,4.32,22.4
173500,4.32,22.4
173600,4.32,22.4
173700,4.32,22.4
173800,4.32,22.4
173900,4.32,22.4
174000,4.272,22.4
174100,4.272,22.4
174200,4.272,22.4
174300,4.272,22.4
174400,4.272,22.4
174500,4.272,22.4
174600,4.272,22.4
174700,4.272,22.4
174800,4.272,22.4
174900,4.272,22.4
175000,4.272,22.4
175100,4.272,22.4
175200,4.272,22.4
175300,4.272,22.4
175400,4.272,22.4
175500,4.272,22.4
175600,4.272,22.4
175700,4.272,22.4
175800,4.272,22.4
175900,4.272,22.4
176000,4.272,22.4
176100,4.272,22.4
176200,4.272,22.4
176300,4.272,22.4
176400,4.272,22.4
176500,4.272,22.4
176600,4.272,22.4
176700,4.272,22.4
176800,4.272,22.4
176900,4.272,22.4
177000,4.272,22.4
177100,4.272,22.4
177200,4.272,22.4
177300,4.272,22.4
177400,4.272,22.4
177500,4.272,22.4
177600,4.272,22.4
177700,4.272,22.4
177800,4.272,22.4
177900,4.272,22.4
178000,4.272,22.4
178100,4.272,22.4
178200,4.272,22.4
178300,4.272,22.4
178400,4.272,22.4
178500,4.272,22.4
178600,4.272,22.4
178700,4.272,22.4
178800,4.272,22.4
178900,4.272,22.4
179000,4.272,22.4
179100,4.272,22.4
179200,4.272,22.4
179300,4.272,22.4
179400,4.272,22.4
179500,4.272,22.4
179600,4.272,22.4
179700,4.272,22.4
179800,4.272,22.4
179900,4.272,22.4
180000,4.272,22.4
180100,4.272,22.4
180200,4.272,22.4
180300,4.272,22.4
180400,4.272,22.4
180500,4.272,22.4
180600,4.264,22.4
180700,4.264,22.4
180800,4.264,22.4
180900,4.264,22.4
181000,4.264,22.4
181100,4.264,22.4
181200,4.264,22.4
181300,4.264,22.4
181400,4.264,22.4
181500,4.264,22.4
181600,4.264,22.4
181700,4.264,22.4
181800,4.264,22.4
181900,4.264,22.4
182000,4.264,22.4
182100,4.264,22.4
182200,4.264,22.4
182300,4.264,22.4
182400,4.264,22.4
182500,4.264,22.4
182600,4.264,22.4
182700,4.264,22.4
182800,4.247999999999999,22.4
182900,4.247999999999999,22.4
183000,4.247999999999999,22.4
183100,4.247999999999999,22.4
183200,4.247999999999999,22.4
183300,4.247999999999999,22.4
183400,4.247999999999999,22.4
183500,4.192,22.4
183600,4.192,22.4
183700,4.192,22.4
183800,4.192,22.4
183900,4.192,22.4
184000,4.192,22.4
184100,4.192,22.4
184200,4.192,22.4
184300,4.192,22.4
184400,4.192,22.4
184500,4.192,22.4
184600,4.192,22.4
184700,4.192,22.4
184800,4.192,22.4
184900,4.192,22.4
185000,4.192,22.4
185100,4.192,22.4
185200,4.192,22.4
185300,4.192,22.4
185400,4.192,22.4
185500,4.192,22.4
185600,4.192,22.4
185700,4.192,22.4
185800,4.192,22.4
185900,4.192,22.4
186000,4.192,22.4
186100,4.192,22.4
186200,4.192,22.4
186300,4.192,22.4
186400,4.192,22.4
186500,4.192,22.4
186600,4.192,22.4
186700,4.192,22.4
186800,4.192,22.4
186900,4.192,22.4
187000,4.192,22.4
187100,4.192,22.4
187200,4.192,22.4
187300,4.192,22.4
187400,4.192,22.4
187500,4.192,22.4
187600,4.192,22.4
187700,4.192,22.4
187800,4.192,22.4
187900,4.192,22.4
188000,4.192,22.4
188100,4.192,22.4
188200,4.192,22.4
188300,4.192,22.4
188400,4.192,22.4
188500,4.192,22.4
188600,4.192,22.4
188700,4.192,22.4
188800,4.192,22.4
188900,4.192,22.4
189000,4.192,22.4
189100,4.192,22.4
189200,4.192,22.4
189300,4.192,22.4
189400,4.192,22.4
189500,4.192,22.4
189600,4.192,22.4
189700,4.192,22.4
189800,4.192,22.4
189900,4.192,22.4
190000,4.192,22.4
190100,4.192,22.4
190200,4.192,22.4
190300,4.192,22.4
190400,4.192,22.4
190500,4.192,22.4
190600,4.192,22.4
190700,4.192,22.4
190800,4.192,22.4
190900,4.192,22.4
191000,4.192,22.4
191100,4.192,22.4
191200,4.192,22.4
191300,4.192,22.4
191400,4.192,22.4
191500,4.192,22.4
191600,4.192,22.4
191700,4.192,22.4
191800,4.192,22.4
191900,4.192,22.4
192000,4.192,22.4
192100,4.192,22.4
192200,4.192,22.4
192300,4.192,22.4
192400,4.192,22.4
192500,4.192,22.4
192600,4.192,22.4
192700,4.192,22.4
192800,4.192,22.4
192900,4.192,22.4
193000,4.192,22.4
193100,4.192,22.4
193200,4.192,22.4
193300,4.192,22.4
193400,4.192,22.4
193500,4.192,22.4
193600,4.192,22.4
193700,4.192,22.4
193800,4.192,22.4
193900,4.192,22.4
194000,4.192,22.4
194100,4.192,22.4
194200,4.192,22.4
194300,4.192,22.4
194400,4.192,22.4
194500,4.192,22.4
194600,4.192,22.4
194700,4.192,22.4
194800,4.192,22.4
194900,4.192,22.4
195000,4.192,22.4
195100,4.192,22.4
195200,4.192,22.4
195300,4.192,22.4
195400,4.192,22.4
195500,4.192,22.4
195600,4.192,22.4
195700,4.192,22.4
195800,4.192,22.4
195900,4.192,22.4
196000,4.192,22.4
196100,4.192,22.4
196200,4.192,22.4
196300,4.192,22.4
196400,4.192,22.4
196500,4.192,22.4
196600,4.192,22.4
196700,4.192,22.4
196800,4.192,22.4
196900,4.192,22.4
197000,4.192,22.4
197100,4.192,22.4
197200,4.192,22.4
197300,4.192,22.4
197400,4.192,22.4
197500,4.192,22.4
197600,4.192,22.4
197700,4.192,22.4
197800,4.192,22.4
197900,4.192,22.4
198000,4.192,22.4
198100,4.192,22.4
198200,4.192,22.4
198300,4.192,22.4
198400,4.192,22.4
198500,4.192,22.4
198600,4.192,22.4
198700,4.192,22.4
198800,4.192,22.4
198900,4.192,22.4
199000,4.192,22.4
199100,4.192,22.4
199200,4.192,22.4
199300,4.192,22.4
199400,4.192,22.4
199500,4.192,22.4
199600,4.192,22.4
199700,4.192,22.4
199800,4.192,22.4
199900,4.192,22.4
199999,4.192,22.4

START ALGORITHM
h1: (a12 + a24 + a25 - a31) * (b12)
h3: (-a54) * (b33 - b25 - b42 - b33)
h4: (a12 - a55) * (b12 + b21 - b15)
h5: (a31 - a35) * (b11 + b54 - b45)
h6: (-a22) * (b14 + b32 - b23 - b11)
h7: (a13 + a15 - a45) * (-b44 - b34)
h8: (a54 - a52 - a35) * (b44 - b52)
h9: (a23 + a53 - a33) * (b32 + b23)
h11: (a51 - a13 - a53) * (b31 - b23)
h13: (a23 - a11) * (b43 + b23 - b31)
h14: (-a44 - a24 - a45) * (-b13 - b14)
h15: (a43 + a21) * (b21 - b22 - b51)
h17: (a22 - a12 - a25) * (b53 - b33)
h19: (a45 - a51 - a31 - a52) * (b15)
h20: (a32 + a22 + a44) * (b43 - b13)
h21: (a52 - a14 - a42) * (b33 - b45)
h22: (a42 + a22) * (b23 - b41 - b14)
h23: (a54 - a43) * (b42 + b24 + b54)
h24: (a53 + a45 - a12) * (-b43 - b11)
h25: (a11) * (b14 - b43 - b42 - b24)
h26: (a42 + a42 - a53) * (b55 - b12)
h27: (a32) * (b43 - b42 - b25 - b21)
h28: (a21 + a41 + a14) * (b13 - b11)
h29: (a34 + a22 - a15) * (b24 - b53)
h31: (a54 + a24 - a54) * (b43 - b11)
h32: (-a53) * (b43 + b55 - b45 - b23)
h34: (-a53 - a41) * (b14 - b15 - b43)
h35: (-a44 - a34) * (b54 + b32 + b33)
h36: (a35 - a53 - a15) * (b43 - b24)
h38: (a22 - a24 - a32) * (b43 - b23)
h39: (a11) * (b35 + b13 - b41 - b14)
h40: (a43 - a15) * (b23 + b22 - b53)
h42: (a43) * (b24 + b24 - b53 - b23)
h43: (a24 - a45) * (b22 + b11 - b21)
h44: (a53 - a53) * (b21 + b15 - b54)
h45: (-a52 - a22) * (b35 + b55 + b43)
h46: (-a44 - a31) * (b23 - b12 - b31)
h47: (a13 - a55 - a51) * (b44 + b53)
h48: (a45 - a23) * (b15 - b15 - b44)
h49: (a34) * (b41 + b14 - b41 - b55)
h50: (a14 + a32) * (b21 + b42 - b51)
h51: (a33 + a44 + a32) * (b43 - b45)
h53: (a51 + a45 - a13 - a23) * (-b14)
h56: (a33 + a33) * (b12 - b31 - b34)
h57: (a43 - a54) * (b51 + b35 - b15)
h59: (a42) * (-b42 - b35 - b34 - b22)
h60: (a25) * (b31 - b53 - b15 - b42)
h61: (a13 + a52 - a41 - a32) * (b34)
h62: (a53 + a45 - a51 - a23) * (-b24)
h63: (-a23 - a43 - a12 - a15) * (-b14)
h65: (a52 + a23 + a31 - a34) * (b45)
h66: (-a44 - a52) * (b41 - b25 - b24)
h67: (a24 + a55 - a53) * (b34 + b22)
h68: (a24) * (b32 + b12 + b54 - b41)
h69: (a13 + a35 - a24 - a11) * (-b35)
h70: (a24 + a11 + a54 - a52) * (b43)
h71: (a45 + a12 - a11) * (b25 - b54)
h74: (a42 - a41 - a21) * (b22 + b23)
h75: (a14 + a22) * (b25 - b43 - b42)
h76: (a54 + a41 - a34) * (b31 - b14)
h77: (a11 + a31 - a24) * (-b13 - b14)
h78: (-a14 - a21 - a34) * (-b34 - b53)
h79: (a53 - a53) * (b45 + b11 - b14)
h80: (-a41 - a52) * (-b45 - b34 - b34)
h81: (a11 - a51) * (b35 + b54 - b33)
h82: (-a41 - a34 - a41) * (-b41 - b53)
h83: (a12 + a34 + a34) * (b13 - b53)
h84: (a25 - a43) * (b33 + b54 - b33)
h85: (a14 + a13 - a22) * (-b33 - b51)
h86: (-a33 - a11) * (b33 + b21 + b51)
h87: (a25 + a11 - a34) * (-b45 - b23)
h88: (a21 - a31 - a13 - a25) * (-b51)
h90: (a54) * (b51 + b24 + b51 - b21)
h92: (a55 + a34 - a54 - a15) * (-b34)
h93: (a45 + a34) * (b24 + b51 - b31)
h94: (-a34) * (b13 + b52 + b35 - b42)
h95: (a15 - a45 - a41 - a12) * (b25)
h96: (a45 - a15 - a41 - a12) * (-b34)
h98: (a34 + a51) * (b55 - b41 - b31)
h99: (-a52 - a14 - a21 - a22) * (-b51)
h100: (-a15 - a55 - a13) * (b15 - b33)
h101: (a44 + a31 - a53) * (b23 - b12)
h103: (a51 - a45) * (b11 + b33 - b11)
h104: (-a55 - a25) * (b41 - b15 - b35)
h105: (a35 + a11) * (b11 + b23 + b15)
h107: (a34 - a44 - a24) * (b42 - b53)
h110: (a21 + a51) * (b51 + b33 - b32)
h112: (a24 - a51 - a11 - a23) * (-b23)
h113: (-a25) * (b31 - b24 - b15 - b23)
h114: (a43 + a45 - a33 - a55) * (-b43)
h115: (a44 + a41 + a45 - a55) * (b35)
h116: (a53 - a43 - a34) * (b14 + b35)
h117: (a51 - a11 - a23) * (b31 - b25)
h119: (-a23) * (b41 - b54 - b34 - b51)
h121: (-a15) * (b23 + b32 - b55 - b34)
h122: (a23) * (b42 + b13 + b41 - b55)
h123: (a25 - a14 - a42) * (b44 + b52)
h124: (-a43 - a13 - a33) * (b12 + b51)
h125: (a22 + a45 + a43) * (b51 - b33)
h126: (a31 - a32) * (b15 + b35 - b51)
h130: (a24 - a15 - a43) * (b34 + b32)
h133: (a44 + a22 + a35) * (b44 + b51)
h135: (a15 + a23 - a45) * (b41 - b31)
h139: (a41) * (b44 - b52 - b34 - b25)
h143: (a23 + a55 + a53 - a23) * (-b52)
h149: (a11 - a31) * (b32 - b11 - b52)
h150: (a53 + a32 + a23) * (b43 - b24)
h158: (a25 - a13 - a14) * (-b41 - b22)
h161: (a11 + a14) * (b23 + b34 - b13)
h167: (a32 + a51 + a51) * (b42 + b53)
h168: (a23 - a31) * (b14 - b25 - b21)
h173: (a32 - a54) * (b25 - b52 - b35)
h179: (a14 + a55 - a25) * (b12 + b52)
h181: (a52 - a35) * (-b54 - b51 - b15)
h191: (a54 + a12) * (-b34 - b41 - b11)
h193: (a52 - a43) * (b12 - b55 - b53)
h197: (-a52 - a52) * (b35 + b13 - b13)
h204: (-a12 - a14) * (b23 + b32 - b32)
h208: (a41 - a42 - a34) * (b25 - b22)
h209: (a25 - a41) * (-b23 - b54 - b35)
h210: (a52 - a15) * (b52 + b24 - b42)
h232: (a45 - a14 - a25) * (b45 - b43)
h238: (a51 - a31 - a41) * (-b21 - b23)
h246: (-a52 - a54 - a42) * (b51 - b32)
h247: (a32 - a11) * (b33 - b42 - b21)
h265: (a22 + a13 - a34) * (b55 - b31)
h266: (a23 + a32 - a35 - a22) * (b41)
h269: (a55) * (b52 - b44 - b41 - b43)
h270: (-a35 - a34) * (-b35 - b42 - b43)
h272: (a42 - a13 - a31) * (-b53 - b24)
h273: (a25 - a54 - a13 - a41) * (b54)
h276: (a22 - a12) * (b23 + b43 + b45)
h282: (a43 - a41 - a35) * (b52 - b23)
h287: (a31 + a35 + a33) * (-b42 - b21)
h295: (a43 + a31) * (b13 + b11 - b54)
h310: (a52 - a12) * (-b41 - b34 - b32)
h319: (a32 + a51) * (b25 - b32 - b25)
h331: (a41 + a41) * (b55 - b22 - b22)
h352: (-a11) * (b43 - b44 - b43 - b54)
h364: (a34 - a14) * (b14 + b55 - b24)
h416: (a14 + a33) * (b55 - b41 - b45)
h417: (a13 + a25) * (b15 + b31 - b41)
h443: (-a11) * (b42 + b52 + b43 + b44)
h448: (a32 + a43 - a14) * (-b22 - b14)
h458: (a13 - a34 - a53 - a44) * (-b34)
h469: (a33 - a32 - a44 - a22) * (-b25)
h473: (a45) * (b25 + b11 - b44 - b22)
h479: (-a32 - a13 - a35) * (b31 - b24)
h481: (a55 + a25) * (b41 - b15 - b34)
h490: (a11 - a53) * (b14 + b21 + b21)
h504: (a15 - a22 - a52 - a23) * (b31)
h506: (a34) * (b44 + b21 + b31 - b43)
h509: (a35 + a55) * (b52 + b45 - b42)
h519: (a54 + a45 - a31) * (b12 + b13)
h520: (-a12 - a51) * (b53 - b13 - b25)
h541: (-a44) * (b35 + b54 + b44 - b23)
h548: (-a11) * (b13 + b33 - b35 - b13)
h566: (a51) * (b25 + b41 + b31 + b21)
h567: (a43) * (b34 + b42 - b12 - b45)
h606: (a25 + a13 + a42) * (b14 + b42)
h642: (a44 - a24) * (b22 - b35 - b25)
h643: (a14 + a22 + a15 - a14) * (b23)
h646: (a11) * (b55 + b13 - b35 - b13)
h740: (a33 - a54) * (b44 + b22 - b21)
h748: (a25 + a14 - a12) * (b14 + b11)
h749: (a32 - a22) * (-b21 - b52 - b31)
h761: (a12 + a55 - a55) * (b14 + b11)
h770: (a25 + a32 + a15 - a15) * (b31)
h771: (-a24) * (b14 + b55 + b45 + b34)
h789: (a22 - a34 - a52 - a23) * (-b54)
h898: (a34 + a23 - a35) * (b22 - b44)
h903: (-a42 - a31 - a44 - a35) * (-b33)
h905: (a53 - a35) * (b55 + b45 - b14)
h969: (a51 - a45) * (b24 - b21 - b33)
h1007: (a34 + a54) * (b14 - b31 - b22)
h1008: (a12 - a35) * (b35 - b12 - b44)
h1036: (a12 + a34 - a14 - a23) * (-b44)
h1077: (a15 - a43) * (b15 + b12 + b44)
h1126: (a33 + a21) * (b14 + b24 + b35)
h1128: (-a15 - a13 - a21 - a44) * (-b51)
h1129: (a45 - a45 - a35 - a55) * (b12)
h1133: (a25 - a34) * (b51 + b43 + b13)
h1143: (a25 + a14 - a54) * (b31 + b54)
h1244: (a55 + a53) * (b41 + b25 + b54)
h1293: (a41) * (-b15 - b53 - b44 - b54)
h1338: (-a11) * (b34 - b34 - b54 - b32)
h1362: (a31 - a41 - a55) * (b41 + b53)
h1493: (-a32 - a51) * (b13 + b31 + b15)
h1516: (a22) * (b43 + b55 + b33 - b55)
h1576: (a44 + a53 - a35) * (-b25 - b35)
h1584: (a44 - a45) * (b51 - b51 - b55)
h1710: (a51 - a11) * (b51 + b55 - b14)
h2095: (a53 - a15) * (b24 + b35 - b43)
h2239: (a23 + a35 + a31 - a35) * (-b22)
h2310: (-a35 - a55) * (b53 - b53 - b41)
h2595: (a45 - a51) * (b23 + b32 - b53)
h2836: (a34) * (b51 + b52 - b15 - b53)
h2884: (-a44 - a51) * (b35 + b41 + b22)
h3156: (a13 - a42 - a22) * (b34 + b42)
h3344: (a25) * (b15 + b24 + b25 - b41)
h4558: (-a13 - a42 - a12) * (-b12 - b44)
h4637: (a55 + a32 + a43 + a31) * (-b35)
h4739: (-a13 - a12) * (b55 - b43 - b32)
h4785: (a13 - a32 - a25) * (b15 + b25)
h6334: (a25) * (b53 + b41 - b12 - b31)
h6863: (a52 + a53 - a12 - a35) * (b41)
h7808: (a25) * (b44 + b25 - b21 - b25)
h9542: (-a15 - a54 - a55) * (b22 + b51)
h9814: (a13 - a13 - a25) * (b44 - b21)
h10182: (-a44) * (b22 + b54 + b52 - b23)
h12999: (a15 + a54) * (b51 - b54 - b31)
h14236: (a44 + a24 - a15) * (b44 + b45)
h15494: (-a32 - a45) * (b45 - b55 - b45)
h16480: (a11 - a35) * (b51 - b44 - b54)
c11: h49 + h24 + h204 + h1143 + h4637 + h15494 - h76 - h87 - h83 - h265 
c12: h24 + h135 + h173 + h443 + h113 + h646 + h6863 + h1133 + h9814 + h4739 - h15 - h107 - h161 - h287 
c13: h112 + h193 + h74 + h143 + h143 + h31 + h122 + h548 + h1516 + h1126 + h6334 + h7808 + h12999 + h16480 - h473 
c14: h122 + h519 + h161 + h113 + h2884 + h4558 + h2310 - h96 - h84 - h269 
c15: h1 + h1007 + h1338 + h1133 + h4785 - h68 - h44 - h99 - h158 - h246 - h509 
c21: h11 + h84 + h113 + h179 + h191 + h61 + h34 + h519 + h15 + h479 + h113 + h770 + h4785 - h38 - h331 - h740 - h7808 
c22: h32 + h417 + h2239 + h81 + h4739 + h4739 - h28 - h126 
c23: h149 + h11 + h276 + h121 + h70 + h1008 + h61 + h9814 + h2884 - h50 - h770 - h1036 
c24: h40 + h209 + h48 + h606 + h59 + h2095 + h509 + h1516 + h4785 + h7808 + h15494 - h36 - h310 - h506 
c25: h15 + h113 + h25 + h443 + h75 + h2836 + h2310 + h6334 - h71 - h57 - h68 
c31: h119 + h238 + h266 + h646 + h642 + h1338 + h2884 + h2310 - h51 - h92 - h6 - h969 
c32: h61 + h9 + h458 + h96 + h1244 + h3344 + h3156 + h6334 + h4558 + h1516 + h4558 + h9814 - h36 - h520 - h1584 
c33: h11 + h84 + h1133 + h1133 + h4739 + h6334 - h139 - h319 
c34: h35 + h70 + h24 + h103 + h65 + h83 + h103 + h9 + h903 + h5 + h1077 + h1133 + h1493 + h4739 + h16480 - h364 - h748 - h1128 - h1362 
c35: h34 + h50 + h112 + h5 + h158 + h905 + h113 + h2310 + h4558 
c41: h65 + h62 + h90 + h125 + h84 + h31 + h789 + h1293 + h6334 + h16480 - h65 - h2836 - h10182 
c42: h29 + h39 + h70 + h490 + h643 + h1129 + h81 + h1143 + h1493 + h3156 + h9814 + h2884 + h4785 + h15494 + h2310 - h112 - h416 - h761 - h14236 
c43: h14 + h26 + h133 + h122 + h352 + h1338 + h2595 + h761 + h9542 + h15494 - h3 - h541 - h1576 
c44: h48 + h96 + h168 + h92 + h122 + h352 + h509 + h1516 + h81 + h1133 + h4739 - h87 - h122 - h209 - h232 - h272 
c45: h15 + h191 + h43 + h1143 + h1143 + h143 + h40 + h509 + h4785 + h4785 + h15494 + h7808 - h51 - h122 - h181 
c51: h19 + h167 + h208 + h295 + h761 + h81 + h1576 + h4739 + h9814 - h27 - h210 - h266 - h417 - h749 - h1126 - h9542 
c52: h469 + h567 + h748 + h1133 + h1576 + h2884 + h7808 + h6334 + h7808 - h40 - h273 - h481 - h4637 
c53: h25 + h15 + h96 + h295 + h84 + h1493 + h770 + h6334 + h7808 + h16480 - h197 - h771 - h898 - h4785 
c54: h93 + h161 + h1293 + h566 + h646 + h1576 + h4785 - h270 - h642 - h6863 
c55: h448 + h1493 + h1133 + h2884 - h247 - h1710 
