0,164.376,24.8
100,145.952,24.8
200,126.128,24.8
300,112.18400000000001,24.6
400,101.4,24.8
500,92.976,24.8
600,81.19200000000001,25
700,70.44800000000001,25
800,65.024,24.8
900,59.239999999999995,25
1000,55.751999999999995,24.8
1100,53.52,24.8
1200,52.239999999999995,24.8
1300,50.928,24.6
1400,49.824,24.6
1500,48.37599999999999,24.6
1600,46.984,24.6
1700,44.792,24.6
1800,44.327999999999996,24.6
1900,43.448,24.6
2000,42.784000000000006,24.6
2100,42.448,24.6
2200,42.087999999999994,24.6
2300,40.928000000000004,24.6
2400,39.36,24.8
2500,38.623999999999995,24.8
2600,37.65599999999999,24.4
2700,37.216,24.4
2800,36.68000000000001,24.4
2900,36.144,24.4
3000,35.736000000000004,24.4
3100,34.352000000000004,24.4
3200,32.007999999999996,24.4
3300,31.216,24.4
3400,29.615999999999996,24.4
3500,29.615999999999996,24.4
3600,29.560000000000002,24.4
3700,28.456,24.8
3800,27.488,24.8
3900,27.488,24.8
4000,27.488,24.8
4100,26.951999999999998,24.8
4200,26.951999999999998,24.8
4300,26.856,24.8
4400,26.784000000000002,24.8
4500,26.784000000000002,24.8
4600,26.448,24.8
4700,26.448,24.8
4800,26.384000000000004,24.8
4900,26.304000000000002,24.8
5000,26.224,24.8
5100,26.112000000000002,24.8
5200,25.248,24.8
5300,24.768,24.6
5400,24.119999999999997,24.4
5500,24.104000000000003,24.2
5600,24.096000000000004,24.2
5700,23.832,24.2
5800,23.272000000000002,24.4
5900,23.256,24.4
6000,23.256,24.4
6100,23.224,24.2
6200,22.48,24.4
6300,22.48,24.4
6400,22,24.4
6500,21.448,24.4
6600,20.728,24.4
6700,20.728,24.4
6800,20.4,24.4
6900,19.928,24.4
7000,19.84,24.4
7100,19.832,24.4
7200,19.832,24.4
7300,19.52,24.4
7400,18.944,24.4
7500,18.944,24.4
7600,18.919999999999998,24.4
7700,18.919999999999998,24.4
7800,18.919999999999998,24.4
7900,18.912,24.4
8000,18.608,24.4
8100,18.608,24.4
8200,18.608,24.4
8300,18.528,24.4
8400,17.848,24.2
8500,17.8,24.2
8600,17.448,24.4
8700,16.832,24.2
8800,16.784,24.2
8900,16.416,24.2
9000,16.344,24.2
9100,16.344,24.2
9200,16.344,24.2
9300,16.232,24.2
9400,16.232,24.2
9500,16.232,24.2
9600,16.232,24.2
9700,16.232,24.2
9800,16.232,24.2
9900,16.144,24.2
10000,15.695999999999998,24.2
10100,15.695999999999998,24.2
10200,15.536000000000001,24.2
10300,15.536000000000001,24.2
10400,15.536000000000001,24.2
10500,15.488,24.2
10600,15.272,24.2
10700,15.272,24.2
10800,15.248000000000001,24.2
10900,15.151999999999997,24.2
11000,15.080000000000002,24.2
11100,15.080000000000002,24.2
11200,15.080000000000002,24.2
11300,15.080000000000002,24.2
11400,15.080000000000002,24.2
11500,14.384,24.2
11600,14.384,24.2
11700,14.384,24.2
11800,14.336000000000002,24
11900,14.336000000000002,24
12000,14.336000000000002,24
12100,14.136000000000001,24.2
12200,14.136000000000001,24.2
12300,13.831999999999999,24.2
12400,13.831999999999999,24.2
12500,13.831999999999999,24.2
12600,13.784,24.2
12700,13.431999999999999,24.2
12800,13.431999999999999,24.2
12900,13.368,24.2
13000,13.368,24.2
13100,13.368,24.2
13200,13.288,24.2
13300,13.288,24.2
13400,13.288,24.2
13500,13.288,24.2
13600,13.256,24.2
13700,13.256,24.2
13800,13.256,24.2
13900,13.256,24.2
14000,13.256,24.2
14100,13.256,24.2
14200,13.256,24.2
14300,13.216,24.4
14400,13.216,24.4
14500,13.2,24.4
14600,13.2,24.4
14700,13.2,24.4
14800,13.2,24.4
14900,13.191999999999998,24.4
15000,13.191999999999998,24.4
15100,13.047999999999998,24.4
15200,12.959999999999999,24.4
15300,12.959999999999999,24.4
15400,12.959999999999999,24.4
15500,12.959999999999999,24.4
15600,12.959999999999999,24.4
15700,12.807999999999998,24.4
15800,12.807999999999998,24.4
15900,12.767999999999997,24.4
16000,12.623999999999999,24.4
16100,12.623999999999999,24.4
16200,12.623999999999999,24.4
16300,12.623999999999999,24.4
16400,12.623999999999999,24.4
16500,12.623999999999999,24.4
16600,12.464,24.4
16700,12.464,24.4
16800,12.464,24.4
16900,12.464,24.4
17000,12.464,24.4
17100,12.4,24.4
17200,12.360000000000001,24.4
17300,12.208000000000002,24.4
17400,12.088000000000001,24.4
17500,12.088000000000001,24.4
17600,12.088000000000001,24.4
17700,11.968,24.4
17800,11.968,24.4
17900,11.968,24.4
18000,11.968,24.4
18100,11.904,24.4
18200,11.904,24.4
18300,11.904,24.4
18400,11.904,24.4
18500,11.904,24.4
18600,11.904,24.4
18700,11.904,24.4
18800,11.656,24.4
18900,11.416,24.6
19000,11.368,24.6
19100,11.368,24.6
19200,11.368,24.6
19300,11.328,24.6
19400,11.216,24.6
19500,11.216,24.6
19600,11.216,24.6
19700,11.152,24.6
19800,11.048,24.8
19900,11.048,24.8
20000,10.568000000000001,24.8
20100,10.568000000000001,24.8
20200,10.568000000000001,24.8
20300,10.496,24.8
20400,10.472,24.8
20500,10.472,24.8
20600,10.472,24.8
20700,10.472,24.8
20800,10.472,24.8
20900,10.352,24.8
21000,10.352,24.8
21100,10.352,24.8
21200,10.207999999999998,24.8
21300,10.207999999999998,24.8
21400,10.207999999999998,24.8
21500,10.207999999999998,24.8
21600,10.207999999999998,24.8
21700,10.207999999999998,24.8
21800,10.128,24.8
21900,10.128,24.8
22000,10.128,24.8
22100,10.128,24.8
22200,10.088,24.8
22300,10.088,24.8
22400,10.008,24.8
22500,10.008,24.8
22600,10.008,24.8
22700,10.008,24.8
22800,10.008,24.8
22900,10.008,24.8
23000,10.008,24.8
23100,10.008,24.8
23200,9.879999999999999,24.4
23300,9.879999999999999,24.4
23400,9.879999999999999,24.4
23500,9.879999999999999,24.4
23600,9.879999999999999,24.4
23700,9.879999999999999,24.4
23800,9.879999999999999,24.4
23900,9.879999999999999,24.4
24000,9.879999999999999,24.4
24100,9.879999999999999,24.4
24200,9.872,24.8
24300,9.872,24.8
24400,9.872,24.8
24500,9.815999999999999,24.8
24600,9.815999999999999,24.8
24700,9.815999999999999,24.8
24800,9.815999999999999,24.8
24900,9.815999999999999,24.8
25000,9.815999999999999,24.8
25100,9.815999999999999,24.8
25200,9.815999999999999,24.8
25300,9.815999999999999,24.8
25400,9.815999999999999,24.8
25500,9.815999999999999,24.8
25600,9.815999999999999,24.8
25700,9.815999999999999,24.8
25800,9.815999999999999,24.8
25900,9.815999999999999,24.8
26000,9.712,24.8
26100,9.712,24.8
26200,9.712,24.8
26300,9.712,24.8
26400,9.712,24.8
26500,9.712,24.8
26600,9.712,24.8
26700,9.712,24.8
26800,9.712,24.8
26900,9.528,24.8
27000,9.528,24.8
27100,9.528,24.8
27200,9.512,24.8
27300,9.512,24.8
27400,9.295999999999998,24.4
27500,9.295999999999998,24.4
27600,9.272,24.4
27700,9.272,24.4
27800,9.120000000000001,24.4
27900,9.120000000000001,24.4
28000,9.120000000000001,24.4
28100,9.120000000000001,24.4
28200,9.120000000000001,24.4
28300,9.12,24.4
28400,9.12,24.4
28500,9.12,24.4
28600,9.12,24.4
28700,9.12,24.4
28800,9.12,24.4
28900,9.12,24.4
29000,8.888,24.4
29100,8.888,24.4
29200,8.888,24.4
29300,8.888,24.4
29400,8.888,24.4
29500,8.888,24.4
29600,8.888,24.4
29700,8.888,24.4
29800,8.888,24.4
29900,8.888,24.4
30000,8.888,24.4
30100,8.888,24.4
30200,8.864,24.4
30300,8.864,24.4
30400,8.864,24.4
30500,8.864,24.4
30600,8.864,24.4
30700,8.864,24.4
30800,8.568000000000001,24.4
30900,8.568000000000001,24.4
31000,8.568000000000001,24.4
31100,8.496,24.4
31200,8.496,24.4
31300,8.488000000000001,24.4
31400,8.488000000000001,24.4
31500,8.488000000000001,24.4
31600,8.488000000000001,24.4
31700,8.488000000000001,24.4
31800,8.488000000000001,24.4
31900,8.488000000000001,24.4
32000,8.488000000000001,24.4
32100,8.352,24.4
32200,8.352,24.4
32300,8.352,24.4
32400,8.352,24.4
32500,8.352,24.4
32600,8.303999999999998,24.2
32700,8.303999999999998,24.2
32800,8.303999999999998,24.2
32900,8.303999999999998,24.2
33000,8.303999999999998,24.2
33100,8.303999999999998,24.2
33200,8.264,24.2
33300,8.264,24.2
33400,8.264,24.2
33500,8.176,24
33600,8.176,24
33700,8.176,24
33800,8.176,24
33900,8.176,24
34000,8.176,24
34100,8.176,24
34200,8.120000000000001,23.8
34300,8.120000000000001,23.8
34400,8.120000000000001,23.8
34500,8.120000000000001,23.8
34600,8.120000000000001,23.8
34700,8.120000000000001,23.8
34800,8.120000000000001,23.8
34900,8.08,23.8
35000,8.08,23.8
35100,8.08,23.8
35200,8.08,23.8
35300,8.08,23.8
35400,8.08,23.8
35500,8.024,23.6
35600,8.008,23.6
35700,8.008,23.6
35800,8.008,23.6
35900,8.008,23.6
36000,8.008,23.6
36100,8.008,23.6
36200,8.008,23.6
36300,8.008,23.6
36400,8.008,23.6
36500,8.008,23.6
36600,8.008,23.6
36700,8.008,23.6
36800,8.008,23.6
36900,8.008,23.6
37000,8.008,23.6
37100,7.872,23.6
37200,7.839999999999999,23.4
37300,7.616,23.2
37400,7.464,23.2
37500,7.464,23.2
37600,7.464,23.2
37700,7.464,23.2
37800,7.4319999999999995,23.4
37900,7.4319999999999995,23.4
38000,7.367999999999999,23.6
38100,7.367999999999999,23.6
38200,7.367999999999999,23.6
38300,7.367999999999999,23.6
38400,7.367999999999999,23.6
38500,7.367999999999999,23.6
38600,7.367999999999999,23.6
38700,7.32,23.8
38800,7.32,23.8
38900,7.32,23.8
39000,7.32,23.8
39100,7.303999999999999,23.8
39200,7.303999999999999,23.8
39300,7.303999999999999,23.8
39400,7.303999999999999,23.8
39500,7.223999999999999,23.8
39600,7.223999999999999,23.8
39700,7.215999999999999,23.8
39800,7.215999999999999,23.8
39900,7.215999999999999,23.8
40000,7.136,23.8
40100,7.087999999999999,23.8
40200,7.087999999999999,23.8
40300,7.064,23.8
40400,7.064,23.8
40500,7.064,23.8
40600,7.064,23.8
40700,7.064,23.8
40800,7.064,23.8
40900,7.064,23.8
41000,7.064,23.8
41100,7.064,23.8
41200,7.064,23.8
41300,7.063999999999998,23.8
41400,7.063999999999998,23.8
41500,7.063999999999998,23.8
41600,7.063999999999998,23.8
41700,7.063999999999998,23.8
41800,7.023999999999999,23.6
41900,7.023999999999999,23.6
42000,7.023999999999999,23.6
42100,7.023999999999999,23.6
42200,7.023999999999999,23.6
42300,7.023999999999999,23.6
42400,6.984,23.6
42500,6.984,23.6
42600,6.984,23.6
42700,6.984,23.6
42800,6.984,23.6
42900,6.984,23.6
43000,6.984,23.6
43100,6.984,23.6
43200,6.968000000000001,23.6
43300,6.968000000000001,23.6
43400,6.968000000000001,23.6
43500,6.968000000000001,23.6
43600,6.968000000000001,23.6
43700,6.968000000000001,23.6
43800,6.8,23.6
43900,6.8,23.6
44000,6.8,23.6
44100,6.8,23.6
44200,6.8,23.6
44300,6.8,23.6
44400,6.8,23.6
44500,6.8,23.6
44600,6.8,23.6
44700,6.8,23.6
44800,6.776000000000001,23.6
44900,6.776000000000001,23.6
45000,6.776000000000001,23.6
45100,6.776000000000001,23.6
45200,6.752,23.6
45300,6.752,23.6
45400,6.703999999999999,23.8
45500,6.648000000000001,23.8
45600,6.648000000000001,23.8
45700,6.648000000000001,23.8
45800,6.616,23.8
45900,6.616,23.8
46000,6.616,23.8
46100,6.616,23.8
46200,6.616,23.8
46300,6.616,23.8
46400,6.616,23.8
46500,6.616,23.8
46600,6.616,23.8
46700,6.616,23.8
46800,6.616,23.8
46900,6.616,23.8
47000,6.616,23.8
47100,6.616,23.8
47200,6.616,23.8
47300,6.616,23.8
47400,6.616,23.8
47500,6.616,23.8
47600,6.616,23.8
47700,6.616,23.8
47800,6.616,23.8
47900,6.616,23.8
48000,6.616,23.8
48100,6.616,23.8
48200,6.616,23.8
48300,6.616,23.8
48400,6.616,23.8
48500,6.616,23.8
48600,6.616,23.8
48700,6.616,23.8
48800,6.616,23.8
48900,6.616,23.8
49000,6.616,23.8
49100,6.616,23.8
49200,6.4719999999999995,23.8
49300,6.4719999999999995,23.8
49400,6.4719999999999995,23.8
49500,6.4719999999999995,23.8
49600,6.4719999999999995,23.8
49700,6.4719999999999995,23.8
49800,6.432,23.8
49900,6.432,23.8
50000,6.432,23.8
50100,6.432,23.8
50200,6.432,23.8
50300,6.432,23.8
50400,6.432,23.8
50500,6.432,23.8
50600,6.432,23.8
50700,6.432,23.8
50800,6.432,23.8
50900,6.4079999999999995,23.6
51000,6.4079999999999995,23.6
51100,6.4079999999999995,23.6
51200,6.4079999999999995,23.6
51300,6.4079999999999995,23.6
51400,6.4079999999999995,23.6
51500,6.4079999999999995,23.6
51600,6.4079999999999995,23.6
51700,6.312,23.6
51800,6.312,23.6
51900,6.312,23.6
52000,6.023999999999999,23.4
52100,6.023999999999999,23.4
52200,6.023999999999999,23.4
52300,6.023999999999999,23.4
52400,6.023999999999999,23.4
52500,6.023999999999999,23.4
52600,6.023999999999999,23.4
52700,6.023999999999999,23.4
52800,6.023999999999999,23.4
52900,6.023999999999999,23.4
53000,5.976000000000001,23.4
53100,5.976000000000001,23.4
53200,5.976000000000001,23.4
53300,5.976000000000001,23.4
53400,5.976000000000001,23.4
53500,5.936,23.4
53600,5.936,23.4
53700,5.936,23.4
53800,5.864000000000001,23.2
53900,5.864,23.2
54000,5.864,23.2
54100,5.728,23.2
54200,5.728,23.2
54300,5.568,23.4
54400,5.568,23.4
54500,5.568,23.4
54600,5.568,23.4
54700,5.504,23.4
54800,5.504,23.4
54900,5.4719999999999995,23.4
55000,5.4719999999999995,23.4
55100,5.4719999999999995,23.4
55200,5.4719999999999995,23.4
55300,5.4719999999999995,23.4
55400,5.424,23.4
55500,5.424,23.4
55600,5.424,23.4
55700,5.424,23.4
55800,5.424,23.4
55900,5.424,23.4
56000,5.376,23.4
56100,5.376,23.4
56200,5.376,23.4
56300,5.376,23.4
56400,5.376,23.4
56500,5.376,23.4
56600,5.376,23.4
56700,5.376,23.4
56800,5.376,23.4
56900,5.376,23.4
57000,5.3759999999999994,23.4
57100,5.3759999999999994,23.4
57200,5.3759999999999994,23.4
57300,5.3759999999999994,23.4
57400,5.3759999999999994,23.4
57500,5.3759999999999994,23.4
57600,5.3759999999999994,23.4
57700,5.3759999999999994,23.4
57800,5.3759999999999994,23.4
57900,5.3759999999999994,23.4
58000,5.3759999999999994,23.4
58100,5.3759999999999994,23.4
58200,5.3759999999999994,23.4
58300,5.3759999999999994,23.4
58400,5.3759999999999994,23.4
58500,5.3759999999999994,23.4
58600,5.3759999999999994,23.4
58700,5.3759999999999994,23.4
58800,5.3759999999999994,23.4
58900,5.3759999999999994,23.4
59000,5.3759999999999994,23.4
59100,5.3759999999999994,23.4
59200,5.3759999999999994,23.4
59300,5.3759999999999994,23.4
59400,5.3759999999999994,23.4
59500,5.3759999999999994,23.4
59600,5.3759999999999994,23.4
59700,5.3759999999999994,23.4
59800,5.3759999999999994,23.4
59900,5.3759999999999994,23.4
60000,5.24,23.4
60100,5.24,23.4
60200,5.24,23.4
60300,5.24,23.4
60400,5.24,23.4
60500,5.24,23.4
60600,5.24,23.4
60700,5.24,23.4
60800,5.24,23.4
60900,5.208,23.4
61000,5.208,23.4
61100,5.208,23.4
61200,5.208,23.4
61300,5.208,23.4
61400,5.208,23.4
61500,5.208,23.4
61600,5.208,23.4
61700,5.208,23.4
61800,5.192,23.6
61900,5.192,23.6
62000,5.192,23.6
62100,5.192,23.6
62200,5.192,23.6
62300,5.192,23.6
62400,5.192,23.6
62500,5.192,23.6
62600,5.192,23.6
62700,5.192,23.6
62800,5.192,23.6
62900,5.192,23.6
63000,5.192,23.6
63100,5.192,23.6
63200,5.192,23.6
63300,5.192,23.6
63400,5.192,23.6
63500,5.192,23.6
63600,5.192,23.6
63700,5.192,23.6
63800,5.192,23.6
63900,5.192,23.6
64000,5.192,23.6
64100,5.192,23.6
64200,5.192,23.6
64300,5.192,23.6
64400,5.192,23.6
64500,5.192,23.6
64600,5.192,23.6
64700,5.192,23.6
64800,5.192,23.6
64900,5.192,23.6
65000,5.192,23.6
65100,5.192,23.6
65200,5.192,23.6
65300,5.192,23.6
65400,5.192,23.6
65500,5.192,23.6
65600,5.192,23.6
65700,5.192,23.6
65800,5.192,23.6
65900,5.192,23.6
66000,5.192,23.6
66100,5.192,23.6
66200,5.192,23.6
66300,5.192,23.6
66400,5.192,23.6
66500,5.192,23.6
66600,5.192,23.6
66700,5.192,23.6
66800,5.144,23.6
66900,5.144,23.6
67000,5.144,23.6
67100,5.136,23.4
67200,5.136,23.4
67300,5.136,23.4
67400,5.136,23.4
67500,5.136,23.4
67600,5.136,23.4
67700,5.136,23.4
67800,5.136,23.4
67900,5.136,23.4
68000,5.136,23.4
68100,5.136,23.4
68200,5.136,23.4
68300,5.136,23.4
68400,5.136,23.4
68500,5.136,23.4
68600,5.136,23.4
68700,5.136,23.4
68800,5.136,23.4
68900,5.136,23.4
69000,5.136,23.4
69100,5.136,23.4
69200,5.136,23.4
69300,5.136,23.4
69400,5.136,23.4
69500,5.136,23.4
69600,5.136,23.4
69700,5.136,23.4
69800,5.136,23.4
69900,5.136,23.4
70000,5.136,23.4
70100,5.136,23.4
70200,5.136,23.4
70300,5.136,23.4
70400,5.136,23.4
70500,5.136,23.4
70600,5.136,23.4
70700,5.136,23.4
70800,5.136,23.4
70900,5.136,23.4
71000,5.136,23.4
71100,5.136,23.4
71200,5.136,23.4
71300,5.136,23.4
71400,5.136,23.4
71500,5.136,23.4
71600,5.136,23.4
71700,5.136,23.4
71800,5.136,23.4
71900,5.136,23.4
72000,5.136,23.4
72100,5.136,23.4
72200,5.136,23.4
72300,5.136,23.4
72400,5.136,23.4
72500,5.136,23.4
72600,5.136,23.4
72700,5.136,23.4
72800,5.136,23.4
72900,5.136,23.4
73000,5.136,23.4
73100,5.136,23.4
73200,5.136,23.4
73300,5.136,23.4
73400,5.136,23.4
73500,5.136,23.4
73600,5.136,23.4
73700,5.136,23.4
73800,5.136,23.4
73900,5.136,23.4
74000,5.136,23.4
74100,5.136,23.4
74200,5.136,23.4
74300,5.136,23.4
74400,5.136,23.4
74500,5.136,23.4
74600,5.136,23.4
74700,5.136,23.4
74800,5.136,23.4
74900,5.136,23.4
75000,5.136,23.4
75100,5.136,23.4
75200,5.136,23.4
75300,5.136,23.4
75400,5.136,23.4
75500,5.136,23.4
75600,5.136,23.4
75700,5.136,23.4
75800,5.136,23.4
75900,5.136,23.4
76000,5.136,23.4
76100,5.136,23.4
76200,5.136,23.4
76300,5.136,23.4
76400,5.136,23.4
76500,5.136,23.4
76600,5.136,23.4
76700,5.136,23.4
76800,5.104,23.6
76900,5.104,23.6
77000,5.104,23.6
77100,5.104,23.6
77200,5.104,23.6
77300,5.104,23.6
77400,5.104,23.6
77500,5.104,23.6
77600,5.104,23.6
77700,5.104,23.6
77800,5.104,23.6
77900,5.104,23.6
78000,5.104,23.6
78100,5.104,23.6
78200,5.104,23.6
78300,5.104,23.6
78400,5,23.4
78500,5,23.4
78600,5,23.4
78700,5,23.4
78800,5,23.4
78900,5,23.4
79000,5,23.4
79100,5,23.4
79200,5,23.4
79300,5,23.4
79400,5,23.4
79500,5,23.4
79600,5,23.4
79700,5,23.4
79800,5,23.4
79900,4.92,23.4
80000,4.92,23.4
80100,4.92,23.4
80200,4.92,23.4
80300,4.92,23.4
80400,4.92,23.4
80500,4.8,23.4
80600,4.8,23.4
80700,4.8,23.4
80800,4.8,23.4
80900,4.8,23.4
81000,4.8,23.4
81100,4.8,23.4
81200,4.8,23.4
81300,4.8,23.4
81400,4.8,23.4
81500,4.8,23.4
81600,4.8,23.4
81700,4.8,23.4
81800,4.8,23.4
81900,4.8,23.4
82000,4.8,23.4
82100,4.8,23.4
82200,4.8,23.4
82300,4.8,23.4
82400,4.8,23.4
82500,4.8,23.4
82600,4.8,23.4
82700,4.8,23.4
82800,4.8,23.4
82900,4.8,23.4
83000,4.8,23.4
83100,4.8,23.4
83200,4.8,23.4
83300,4.8,23.4
83400,4.8,23.4
83500,4.8,23.4
83600,4.8,23.4
83700,4.8,23.4
83800,4.8,23.4
83900,4.8,23.4
84000,4.8,23.4
84100,4.8,23.4
84200,4.8,23.4
84300,4.8,23.4
84400,4.8,23.4
84500,4.8,23.4
84600,4.8,23.4
84700,4.8,23.4
84800,4.8,23.4
84900,4.8,23.4
85000,4.8,23.4
85100,4.8,23.4
85200,4.8,23.4
85300,4.8,23.4
85400,4.8,23.4
85500,4.8,23.4
85600,4.8,23.4
85700,4.8,23.4
85800,4.8,23.4
85900,4.8,23.4
86000,4.8,23.4
86100,4.8,23.4
86200,4.8,23.4
86300,4.8,23.4
86400,4.8,23.4
86500,4.8,23.4
86600,4.8,23.4
86700,4.8,23.4
86800,4.8,23.4
86900,4.8,23.4
87000,4.8,23.4
87100,4.8,23.4
87200,4.8,23.4
87300,4.8,23.4
87400,4.8,23.4
87500,4.8,23.4
87600,4.8,23.4
87700,4.8,23.4
87800,4.8,23.4
87900,4.8,23.4
88000,4.8,23.4
88100,4.8,23.4
88200,4.8,23.4
88300,4.8,23.4
88400,4.8,23.4
88500,4.8,23.4
88600,4.8,23.4
88700,4.8,23.4
88800,4.8,23.4
88900,4.8,23.4
89000,4.8,23.4
89100,4.8,23.4
89200,4.8,23.4
89300,4.8,23.4
89400,4.8,23.4
89500,4.8,23.4
89600,4.8,23.4
89700,4.8,23.4
89800,4.8,23.4
89900,4.8,23.4
90000,4.8,23.4
90100,4.8,23.4
90200,4.8,23.4
90300,4.8,23.4
90400,4.8,23.4
90500,4.8,23.4
90600,4.8,23.4
90700,4.8,23.4
90800,4.8,23.4
90900,4.8,23.4
91000,4.8,23.4
91100,4.8,23.4
91200,4.8,23.4
91300,4.8,23.4
91400,4.8,23.4
91500,4.8,23.4
91600,4.8,23.4
91700,4.8,23.4
91800,4.8,23.4
91900,4.8,23.4
92000,4.736,23.2
92100,4.736,23.2
92200,4.736,23.2
92300,4.736,23.2
92400,4.736,23.2
92500,4.736,23.2
92600,4.736,23.2
92700,4.736,23.2
92800,4.736,23.2
92900,4.736,23.2
93000,4.736,23.2
93100,4.736,23.2
93200,4.680000000000001,23.2
93300,4.680000000000001,23.2
93400,4.680000000000001,23.2
93500,4.680000000000001,23.2
93600,4.680000000000001,23.2
93700,4.680000000000001,23.2
93800,4.680000000000001,23.2
93900,4.680000000000001,23.2
94000,4.680000000000001,23.2
94100,4.680000000000001,23.2
94200,4.680000000000001,23.2
94300,4.680000000000001,23.2
94400,4.680000000000001,23.2
94500,4.680000000000001,23.2
94600,4.680000000000001,23.2
94700,4.680000000000001,23.2
94800,4.680000000000001,23.2
94900,4.680000000000001,23.2
95000,4.680000000000001,23.2
95100,4.680000000000001,23.2
95200,4.680000000000001,23.2
95300,4.680000000000001,23.2
95400,4.680000000000001,23.2
95500,4.680000000000001,23.2
95600,4.680000000000001,23.2
95700,4.680000000000001,23.2
95800,4.680000000000001,23.2
95900,4.680000000000001,23.2
96000,4.680000000000001,23.2
96100,4.680000000000001,23.2
96200,4.680000000000001,23.2
96300,4.680000000000001,23.2
96400,4.680000000000001,23.2
96500,4.680000000000001,23.2
96600,4.680000000000001,23.2
96700,4.680000000000001,23.2
96800,4.680000000000001,23.2
96900,4.680000000000001,23.2
97000,4.680000000000001,23.2
97100,4.680000000000001,23.2
97200,4.680000000000001,23.2
97300,4.680000000000001,23.2
97400,4.680000000000001,23.2
97500,4.680000000000001,23.2
97600,4.680000000000001,23.2
97700,4.680000000000001,23.2
97800,4.680000000000001,23.2
97900,4.680000000000001,23.2
98000,4.680000000000001,23.2
98100,4.680000000000001,23.2
98200,4.680000000000001,23.2
98300,4.680000000000001,23.2
98400,4.680000000000001,23.2
98500,4.680000000000001,23.2
98600,4.680000000000001,23.2
98700,4.680000000000001,23.2
98800,4.680000000000001,23.2
98900,4.680000000000001,23.2
99000,4.680000000000001,23.2
99100,4.680000000000001,23.2
99200,4.680000000000001,23.2
99300,4.680000000000001,23.2
99400,4.680000000000001,23.2
99500,4.680000000000001,23.2
99600,4.680000000000001,23.2
99700,4.680000000000001,23.2
99800,4.680000000000001,23.2
99900,4.680000000000001,23.2
100000,4.680000000000001,23.2
100100,4.680000000000001,23.2
100200,4.680000000000001,23.2
100300,4.680000000000001,23.2
100400,4.680000000000001,23.2
100500,4.680000000000001,23.2
100600,4.680000000000001,23.2
100700,4.680000000000001,23.2
100800,4.680000000000001,23.2
100900,4.680000000000001,23.2
101000,4.680000000000001,23.2
101100,4.680000000000001,23.2
101200,4.680000000000001,23.2
101300,4.680000000000001,23.2
101400,4.680000000000001,23.2
101500,4.680000000000001,23.2
101600,4.680000000000001,23.2
101700,4.680000000000001,23.2
101800,4.680000000000001,23.2
101900,4.680000000000001,23.2
102000,4.680000000000001,23.2
102100,4.680000000000001,23.2
102200,4.680000000000001,23.2
102300,4.680000000000001,23.2
102400,4.680000000000001,23.2
102500,4.680000000000001,23.2
102600,4.680000000000001,23.2
102700,4.680000000000001,23.2
102800,4.680000000000001,23.2
102900,4.680000000000001,23.2
103000,4.680000000000001,23.2
103100,4.680000000000001,23.2
103200,4.680000000000001,23.2
103300,4.680000000000001,23.2
103400,4.680000000000001,23.2
103500,4.680000000000001,23.2
103600,4.680000000000001,23.2
103700,4.680000000000001,23.2
103800,4.680000000000001,23.2
103900,4.680000000000001,23.2
104000,4.680000000000001,23.2
104100,4.680000000000001,23.2
104200,4.680000000000001,23.2
104300,4.680000000000001,23.2
104400,4.680000000000001,23.2
104500,4.680000000000001,23.2
104600,4.680000000000001,23.2
104700,4.680000000000001,23.2
104800,4.680000000000001,23.2
104900,4.680000000000001,23.2
105000,4.680000000000001,23.2
105100,4.680000000000001,23.2
105200,4.680000000000001,23.2
105300,4.680000000000001,23.2
105400,4.680000000000001,23.2
105500,4.680000000000001,23.2
105600,4.680000000000001,23.2
105700,4.680000000000001,23.2
105800,4.680000000000001,23.2
105900,4.680000000000001,23.2
106000,4.680000000000001,23.2
106100,4.680000000000001,23.2
106200,4.680000000000001,23.2
106300,4.680000000000001,23.2
106400,4.680000000000001,23.2
106500,4.680000000000001,23.2
106600,4.680000000000001,23.2
106700,4.680000000000001,23.2
106800,4.680000000000001,23.2
106900,4.680000000000001,23.2
107000,4.680000000000001,23.2
107100,4.680000000000001,23.2
107200,4.680000000000001,23.2
107300,4.680000000000001,23.2
107400,4.680000000000001,23.2
107500,4.680000000000001,23.2
107600,4.680000000000001,23.2
107700,4.680000000000001,23.2
107800,4.680000000000001,23.2
107900,4.680000000000001,23.2
108000,4.680000000000001,23.2
108100,4.680000000000001,23.2
108200,4.680000000000001,23.2
108300,4.680000000000001,23.2
108400,4.680000000000001,23.2
108500,4.680000000000001,23.2
108600,4.680000000000001,23.2
108700,4.680000000000001,23.2
108800,4.680000000000001,23.2
108900,4.680000000000001,23.2
109000,4.680000000000001,23.2
109100,4.680000000000001,23.2
109200,4.680000000000001,23.2
109300,4.680000000000001,23.2
109400,4.680000000000001,23.2
109500,4.680000000000001,23.2
109600,4.680000000000001,23.2
109700,4.680000000000001,23.2
109800,4.680000000000001,23.2
109900,4.680000000000001,23.2
110000,4.680000000000001,23.2
110100,4.680000000000001,23.2
110200,4.680000000000001,23.2
110300,4.680000000000001,23.2
110400,4.680000000000001,23.2
110500,4.680000000000001,23.2
110600,4.680000000000001,23.2
110700,4.680000000000001,23.2
110800,4.680000000000001,23.2
110900,4.680000000000001,23.2
111000,4.680000000000001,23.2
111100,4.680000000000001,23.2
111200,4.680000000000001,23.2
111300,4.680000000000001,23.2
111400,4.680000000000001,23.2
111500,4.680000000000001,23.2
111600,4.680000000000001,23.2
111700,4.680000000000001,23.2
111800,4.680000000000001,23.2
111900,4.680000000000001,23.2
112000,4.680000000000001,23.2
112100,4.680000000000001,23.2
112200,4.680000000000001,23.2
112300,4.680000000000001,23.2
112400,4.680000000000001,23.2
112500,4.680000000000001,23.2
112600,4.680000000000001,23.2
112700,4.680000000000001,23.2
112800,4.680000000000001,23.2
112900,4.680000000000001,23.2
113000,4.680000000000001,23.2
113100,4.680000000000001,23.2
113200,4.680000000000001,23.2
113300,4.680000000000001,23.2
113400,4.680000000000001,23.2
113500,4.680000000000001,23.2
113600,4.680000000000001,23.2
113700,4.680000000000001,23.2
113800,4.680000000000001,23.2
113900,4.680000000000001,23.2
114000,4.680000000000001,23.2
114100,4.680000000000001,23.2
114200,4.680000000000001,23.2
114300,4.680000000000001,23.2
114400,4.680000000000001,23.2
114500,4.680000000000001,23.2
114600,4.680000000000001,23.2
114700,4.680000000000001,23.2
114800,4.680000000000001,23.2
114900,4.680000000000001,23.2
115000,4.680000000000001,23.2
115100,4.680000000000001,23.2
115200,4.680000000000001,23.2
115300,4.680000000000001,23.2
115400,4.680000000000001,23.2
115500,4.680000000000001,23.2
115600,4.680000000000001,23.2
115700,4.680000000000001,23.2
115800,4.680000000000001,23.2
115900,4.680000000000001,23.2
116000,4.680000000000001,23.2
116100,4.680000000000001,23.2
116200,4.680000000000001,23.2
116300,4.680000000000001,23.2
116400,4.680000000000001,23.2
116500,4.680000000000001,23.2
116600,4.680000000000001,23.2
116700,4.680000000000001,23.2
116800,4.680000000000001,23.2
116900,4.680000000000001,23.2
117000,4.68,23.2
117100,4.68,23.2
117200,4.68,23.2
117300,4.68,23.2
117400,4.68,23.2
117500,4.68,23.2
117600,4.68,23.2
117700,4.68,23.2
117800,4.68,23.2
117900,4.68,23.2
118000,4.68,23.2
118100,4.68,23.2
118200,4.68,23.2
118300,4.68,23.2
118400,4.68,23.2
118500,4.68,23.2
118600,4.648,23.2
118700,4.648,23.2
118800,4.648,23.2
118900,4.648,23.2
119000,4.648,23.2
119100,4.648,23.2
119200,4.648,23.2
119300,4.648,23.2
119400,4.648,23.2
119500,4.648,23.2
119600,4.648,23.2
119700,4.648,23.2
119800,4.648,23.2
119900,4.648,23.2
120000,4.648,23.2
120100,4.648,23.2
120200,4.648,23.2
120300,4.648,23.2
120400,4.648,23.2
120500,4.648,23.2
120600,4.648,23.2
120700,4.648,23.2
120800,4.648,23.2
120900,4.648,23.2
121000,4.648,23.2
121100,4.648,23.2
121200,4.648,23.2
121300,4.648,23.2
121400,4.5680000000000005,23
121500,4.496,22.8
121600,4.496,22.8
121700,4.496,22.8
121800,4.496,22.8
121900,4.496,22.8
122000,4.496,22.8
122100,4.496,22.8
122200,4.496,22.8
122300,4.496,22.8
122400,4.496,22.8
122500,4.496,22.8
122600,4.496,22.8
122700,4.496,22.8
122800,4.496,22.8
122900,4.496,22.8
123000,4.496,22.8
123100,4.496,22.8
123200,4.496,22.8
123300,4.496,22.8
123400,4.496,22.8
123500,4.496,22.8
123600,4.496,22.8
123700,4.496,22.8
123800,4.496,22.8
123900,4.496,22.8
124000,4.496,22.8
124100,4.496,22.8
124200,4.496,22.8
124300,4.496,22.8
124400,4.496,22.8
124500,4.496,22.8
124600,4.496,22.8
124700,4.496,22.8
124800,4.496,22.8
124900,4.496,22.8
125000,4.496,22.8
125100,4.496,22.8
125200,4.496,22.8
125300,4.496,22.8
125400,4.496,22.8
125500,4.496,22.8
125600,4.496,22.8
125700,4.496,22.8
125800,4.496,22.8
125900,4.496,22.8
126000,4.4959999999999996,22.8
126100,4.456,22.8
126200,4.456,22.8
126300,4.456,22.8
126400,4.456,22.8
126500,4.456,22.8
126600,4.456,22.8
126700,4.456,22.8
126800,4.456,22.8
126900,4.456,22.8
127000,4.456,22.8
127100,4.456,22.8
127200,4.456,22.8
127300,4.456,22.8
127400,4.456,22.8
127500,4.456,22.8
127600,4.456,22.8
127700,4.456,22.8
127800,4.456,22.8
127900,4.456,22.8
128000,4.456,22.8
128100,4.456,22.8
128200,4.456,22.8
128300,4.456,22.8
128400,4.456,22.8
128500,4.456,22.8
128600,4.456,22.8
128700,4.456,22.8
128800,4.456,22.8
128900,4.456,22.8
129000,4.456,22.8
129100,4.456,22.8
129200,4.456,22.8
129300,4.456,22.8
129400,4.456,22.8
129500,4.456,22.8
129600,4.456,22.8
129700,4.456,22.8
129800,4.456,22.8
129900,4.456,22.8
130000,4.456,22.8
130100,4.456,22.8
130200,4.456,22.8
130300,4.456,22.8
130400,4.456,22.8
130500,4.456,22.8
130600,4.456,22.8
130700,4.456,22.8
130800,4.456,22.8
130900,4.456,22.8
131000,4.456,22.8
131100,4.456,22.8
131200,4.456,22.8
131300,4.456,22.8
131400,4.456,22.8
131500,4.456,22.8
131600,4.456,22.8
131700,4.456,22.8
131800,4.456,22.8
131900,4.456,22.8
132000,4.456,22.8
132100,4.456,22.8
132200,4.456,22.8
132300,4.456,22.8
132400,4.456,22.8
132500,4.456,22.8
132600,4.456,22.8
132700,4.456,22.8
132800,4.456,22.8
132900,4.456,22.8
133000,4.456,22.8
133100,4.456,22.8
133200,4.456,22.8
133300,4.456,22.8
133400,4.456,22.8
133500,4.456,22.8
133600,4.456,22.8
133700,4.456,22.8
133800,4.456,22.8
133900,4.456,22.8
134000,4.456,22.8
134100,4.456,22.8
134200,4.456,22.8
134300,4.456,22.8
134400,4.456,22.8
134500,4.456,22.8
134600,4.456,22.8
134700,4.456,22.8
134800,4.456,22.8
134900,4.456,22.8
135000,4.456,22.8
135100,4.456,22.8
135200,4.456,22.8
135300,4.456,22.8
135400,4.456,22.8
135500,4.456,22.8
135600,4.456,22.8
135700,4.456,22.8
135800,4.456,22.8
135900,4.456,22.8
136000,4.456,22.8
136100,4.456,22.8
136200,4.456,22.8
136300,4.456,22.8
136400,4.456,22.8
136500,4.456,22.8
136600,4.456,22.8
136700,4.456,22.8
136800,4.456,22.8
136900,4.456,22.8
137000,4.456,22.8
137100,4.456,22.8
137200,4.456,22.8
137300,4.456,22.8
137400,4.456,22.8
137500,4.456,22.8
137600,4.456,22.8
137700,4.456,22.8
137800,4.456,22.8
137900,4.456,22.8
138000,4.456,22.8
138100,4.456,22.8
138200,4.456,22.8
138300,4.456,22.8
138400,4.456,22.8
138500,4.456,22.8
138600,4.456,22.8
138700,4.456,22.8
138800,4.456,22.8
138900,4.456,22.8
139000,4.456,22.8
139100,4.456,22.8
139200,4.456,22.8
139300,4.456,22.8
139400,4.456,22.8
139500,4.456,22.8
139600,4.456,22.8
139700,4.456,22.8
139800,4.456,22.8
139900,4.456,22.8
140000,4.456,22.8
140100,4.456,22.8
140200,4.456,22.8
140300,4.456,22.8
140400,4.456,22.8
140500,4.456,22.8
140600,4.456,22.8
140700,4.456,22.8
140800,4.456,22.8
140900,4.456,22.8
141000,4.456,22.8
141100,4.456,22.8
141200,4.456,22.8
141300,4.456,22.8
141400,4.456,22.8
141500,4.456,22.8
141600,4.456,22.8
141700,4.456,22.8
141800,4.456,22.8
141900,4.456,22.8
142000,4.456,22.8
142100,4.456,22.8
142200,4.456,22.8
142300,4.456,22.8
142400,4.456,22.8
142500,4.456,22.8
142600,4.456,22.8
142700,4.456,22.8
142800,4.456,22.8
142900,4.456,22.8
143000,4.456,22.8
143100,4.456,22.8
143200,4.4399999999999995,22.8
143300,4.4399999999999995,22.8
143400,4.4399999999999995,22.8
143500,4.4399999999999995,22.8
143600,4.4399999999999995,22.8
143700,4.4399999999999995,22.8
143800,4.4399999999999995,22.8
143900,4.4399999999999995,22.8
144000,4.4399999999999995,22.8
144100,4.4399999999999995,22.8
144200,4.4399999999999995,22.8
144300,4.4399999999999995,22.8
144400,4.4399999999999995,22.8
144500,4.4399999999999995,22.8
144600,4.4399999999999995,22.8
144700,4.4399999999999995,22.8
144800,4.4399999999999995,22.8
144900,4.4399999999999995,22.8
145000,4.4399999999999995,22.8
145100,4.4399999999999995,22.8
145200,4.4399999999999995,22.8
145300,4.4399999999999995,22.8
145400,4.4399999999999995,22.8
145500,4.4399999999999995,22.8
145600,4.4399999999999995,22.8
145700,4.4399999999999995,22.8
145800,4.4399999999999995,22.8
145900,4.4399999999999995,22.8
146000,4.4399999999999995,22.8
146100,4.4399999999999995,22.8
146200,4.4399999999999995,22.8
146300,4.4399999999999995,22.8
146400,4.4399999999999995,22.8
146500,4.4399999999999995,22.8
146600,4.4399999999999995,22.8
146700,4.4399999999999995,22.8
146800,4.4399999999999995,22.8
146900,4.4399999999999995,22.8
147000,4.4399999999999995,22.8
147100,4.4399999999999995,22.8
147200,4.4399999999999995,22.8
147300,4.4399999999999995,22.8
147400,4.4399999999999995,22.8
147500,4.4399999999999995,22.8
147600,4.4399999999999995,22.8
147700,4.4399999999999995,22.8
147800,4.4399999999999995,22.8
147900,4.4399999999999995,22.8
148000,4.4399999999999995,22.8
148100,4.4399999999999995,22.8
148200,4.4399999999999995,22.8
148300,4.4399999999999995,22.8
148400,4.4399999999999995,22.8
148500,4.4399999999999995,22.8
148600,4.4399999999999995,22.8
148700,4.4399999999999995,22.8
148800,4.4399999999999995,22.8
148900,4.4399999999999995,22.8
149000,4.4399999999999995,22.8
149100,4.4399999999999995,22.8
149200,4.4399999999999995,22.8
149300,4.4399999999999995,22.8
149400,4.4399999999999995,22.8
149500,4.4399999999999995,22.8
149600,4.4399999999999995,22.8
149700,4.4399999999999995,22.8
149800,4.4399999999999995,22.8
149900,4.4399999999999995,22.8
150000,4.4399999999999995,22.8
150100,4.4399999999999995,22.8
150200,4.4399999999999995,22.8
150300,4.4399999999999995,22.8
150400,4.4399999999999995,22.8
150500,4.4399999999999995,22.8
150600,4.4399999999999995,22.8
150700,4.4399999999999995,22.8
150800,4.4399999999999995,22.8
150900,4.4399999999999995,22.8
151000,4.4399999999999995,22.8
151100,4.4399999999999995,22.8
151200,4.4399999999999995,22.8
151300,4.4399999999999995,22.8
151400,4.4399999999999995,22.8
151500,4.4399999999999995,22.8
151600,4.4399999999999995,22.8
151700,4.4399999999999995,22.8
151800,4.4399999999999995,22.8
151900,4.4399999999999995,22.8
152000,4.4399999999999995,22.8
152100,4.4399999999999995,22.8
152200,4.4399999999999995,22.8
152300,4.4399999999999995,22.8
152400,4.4399999999999995,22.8
152500,4.4399999999999995,22.8
152600,4.4399999999999995,22.8
152700,4.4399999999999995,22.8
152800,4.4399999999999995,22.8
152900,4.4399999999999995,22.8
153000,4.4399999999999995,22.8
153100,4.4399999999999995,22.8
153200,4.4399999999999995,22.8
153300,4.4399999999999995,22.8
153400,4.4399999999999995,22.8
153500,4.4399999999999995,22.8
153600,4.4399999999999995,22.8
153700,4.4399999999999995,22.8
153800,4.4399999999999995,22.8
153900,4.4399999999999995,22.8
154000,4.4399999999999995,22.8
154100,4.4399999999999995,22.8
154200,4.4399999999999995,22.8
154300,4.4399999999999995,22.8
154400,4.4399999999999995,22.8
154500,4.4399999999999995,22.8
154600,4.4399999999999995,22.8
154700,4.4399999999999995,22.8
154800,4.4399999999999995,22.8
154900,4.4399999999999995,22.8
155000,4.4399999999999995,22.8
155100,4.4399999999999995,22.8
155200,4.4399999999999995,22.8
155300,4.4399999999999995,22.8
155400,4.4399999999999995,22.8
155500,4.4399999999999995,22.8
155600,4.4399999999999995,22.8
155700,4.4399999999999995,22.8
155800,4.4399999999999995,22.8
155900,4.4399999999999995,22.8
156000,4.4399999999999995,22.8
156100,4.4399999999999995,22.8
156200,4.4399999999999995,22.8
156300,4.4399999999999995,22.8
156400,4.4399999999999995,22.8
156500,4.4399999999999995,22.8
156600,4.4399999999999995,22.8
156700,4.4399999999999995,22.8
156800,4.4399999999999995,22.8
156900,4.4399999999999995,22.8
157000,4.4399999999999995,22.8
157100,4.4399999999999995,22.8
157200,4.4399999999999995,22.8
157300,4.4399999999999995,22.8
157400,4.4399999999999995,22.8
157500,4.4399999999999995,22.8
157600,4.4399999999999995,22.8
157700,4.4399999999999995,22.8
157800,4.4399999999999995,22.8
157900,4.4399999999999995,22.8
158000,4.4399999999999995,22.8
158100,4.4399999999999995,22.8
158200,4.4399999999999995,22.8
158300,4.4399999999999995,22.8
158400,4.4399999999999995,22.8
158500,4.4399999999999995,22.8
158600,4.4399999999999995,22.8
158700,4.4399999999999995,22.8
158800,4.4399999999999995,22.8
158900,4.4399999999999995,22.8
159000,4.4399999999999995,22.8
159100,4.4399999999999995,22.8
159200,4.4399999999999995,22.8
159300,4.4399999999999995,22.8
159400,4.4399999999999995,22.8
159500,4.4399999999999995,22.8
159600,4.4399999999999995,22.8
159700,4.4399999999999995,22.8
159800,4.4399999999999995,22.8
159900,4.4399999999999995,22.8
160000,4.4399999999999995,22.8
160100,4.4399999999999995,22.8
160200,4.4399999999999995,22.8
160300,4.4399999999999995,22.8
160400,4.4399999999999995,22.8
160500,4.4399999999999995,22.8
160600,4.4399999999999995,22.8
160700,4.4399999999999995,22.8
160800,4.4399999999999995,22.8
160900,4.4399999999999995,22.8
161000,4.4399999999999995,22.8
161100,4.4399999999999995,22.8
161200,4.4399999999999995,22.8
161300,4.4399999999999995,22.8
161400,4.4399999999999995,22.8
161500,4.4399999999999995,22.8
161600,4.4399999999999995,22.8
161700,4.4399999999999995,22.8
161800,4.4399999999999995,22.8
161900,4.4399999999999995,22.8
162000,4.4399999999999995,22.8
162100,4.4399999999999995,22.8
162200,4.4399999999999995,22.8
162300,4.4399999999999995,22.8
162400,4.4399999999999995,22.8
162500,4.4399999999999995,22.8
162600,4.4399999999999995,22.8
162700,4.4079999999999995,22.8
162800,4.4079999999999995,22.8
162900,4.4079999999999995,22.8
163000,4.4079999999999995,22.8
163100,4.4079999999999995,22.8
163200,4.4079999999999995,22.8
163300,4.4079999999999995,22.8
163400,4.4079999999999995,22.8
163500,4.4079999999999995,22.8
163600,4.4079999999999995,22.8
163700,4.4079999999999995,22.8
163800,4.4079999999999995,22.8
163900,4.4079999999999995,22.8
164000,4.4079999999999995,22.8
164100,4.4079999999999995,22.8
164200,4.4079999999999995,22.8
164300,4.4079999999999995,22.8
164400,4.4079999999999995,22.8
164500,4.4079999999999995,22.8
164600,4.4079999999999995,22.8
164700,4.4079999999999995,22.8
164800,4.4079999999999995,22.8
164900,4.4079999999999995,22.8
165000,4.4079999999999995,22.8
165100,4.4079999999999995,22.8
165200,4.4079999999999995,22.8
165300,4.4079999999999995,22.8
165400,4.4079999999999995,22.8
165500,4.4079999999999995,22.8
165600,4.4079999999999995,22.8
165700,4.4079999999999995,22.8
165800,4.4079999999999995,22.8
165900,4.4079999999999995,22.8
166000,4.4079999999999995,22.8
166100,4.4079999999999995,22.8
166200,4.4079999999999995,22.8
166300,4.4079999999999995,22.8
166400,4.4079999999999995,22.8
166500,4.4079999999999995,22.8
166600,4.4079999999999995,22.8
166700,4.4079999999999995,22.8
166800,4.4079999999999995,22.8
166900,4.4079999999999995,22.8
167000,4.4079999999999995,22.8
167100,4.4079999999999995,22.8
167200,4.4079999999999995,22.8
167300,4.4079999999999995,22.8
167400,4.4079999999999995,22.8
167500,4.4079999999999995,22.8
167600,4.4079999999999995,22.8
167700,4.4079999999999995,22.8
167800,4.4079999999999995,22.8
167900,4.4079999999999995,22.8
168000,4.4079999999999995,22.8
168100,4.4079999999999995,22.8
168200,4.4079999999999995,22.8
168300,4.4079999999999995,22.8
168400,4.4079999999999995,22.8
168500,4.4079999999999995,22.8
168600,4.4079999999999995,22.8
168700,4.4079999999999995,22.8
168800,4.4079999999999995,22.8
168900,4.4079999999999995,22.8
169000,4.4079999999999995,22.8
169100,4.4079999999999995,22.8
169200,4.4079999999999995,22.8
169300,4.4079999999999995,22.8
169400,4.4079999999999995,22.8
169500,4.4079999999999995,22.8
169600,4.4079999999999995,22.8
169700,4.4079999999999995,22.8
169800,4.4079999999999995,22.8
169900,4.4079999999999995,22.8
170000,4.4079999999999995,22.8
170100,4.4079999999999995,22.8
170200,4.4079999999999995,22.8
170300,4.4079999999999995,22.8
170400,4.4079999999999995,22.8
170500,4.4079999999999995,22.8
170600,4.4079999999999995,22.8
170700,4.4079999999999995,22.8
170800,4.4079999999999995,22.8
170900,4.4079999999999995,22.8
171000,4.4079999999999995,22.8
171100,4.4079999999999995,22.8
171200,4.4079999999999995,22.8
171300,4.4079999999999995,22.8
171400,4.4079999999999995,22.8
171500,4.4079999999999995,22.8
171600,4.4079999999999995,22.8
171700,4.4079999999999995,22.8
171800,4.4079999999999995,22.8
171900,4.4079999999999995,22.8
172000,4.4079999999999995,22.8
172100,4.4079999999999995,22.8
172200,4.4079999999999995,22.8
172300,4.4079999999999995,22.8
172400,4.4079999999999995,22.8
172500,4.4079999999999995,22.8
172600,4.4079999999999995,22.8
172700,4.4079999999999995,22.8
172800,4.4079999999999995,22.8
172900,4.4079999999999995,22.8
173000,4.4079999999999995,22.8
173100,4.4079999999999995,22.8
173200,4.4079999999999995,22.8
173300,4.4079999999999995,22.8
173400,4.4079999999999995,22.8
173500,4.4079999999999995,22.8
173600,4.4079999999999995,22.8
173700,4.4079999999999995,22.8
173800,4.4079999999999995,22.8
173900,4.4079999999999995,22.8
174000,4.4079999999999995,22.8
174100,4.4079999999999995,22.8
174200,4.4079999999999995,22.8
174300,4.4079999999999995,22.8
174400,4.4079999999999995,22.8
174500,4.4079999999999995,22.8
174600,4.4079999999999995,22.8
174700,4.4079999999999995,22.8
174800,4.4079999999999995,22.8
174900,4.4079999999999995,22.8
175000,4.4079999999999995,22.8
175100,4.4079999999999995,22.8
175200,4.4079999999999995,22.8
175300,4.4079999999999995,22.8
175400,4.4079999999999995,22.8
175500,4.4079999999999995,22.8
175600,4.4079999999999995,22.8
175700,4.4079999999999995,22.8
175800,4.4079999999999995,22.8
175900,4.4079999999999995,22.8
176000,4.4079999999999995,22.8
176100,4.4079999999999995,22.8
176200,4.4079999999999995,22.8
176300,4.4079999999999995,22.8
176400,4.4079999999999995,22.8
176500,4.4079999999999995,22.8
176600,4.4079999999999995,22.8
176700,4.4079999999999995,22.8
176800,4.4079999999999995,22.8
176900,4.4079999999999995,22.8
177000,4.4079999999999995,22.8
177100,4.4079999999999995,22.8
177200,4.4079999999999995,22.8
177300,4.4079999999999995,22.8
177400,4.4079999999999995,22.8
177500,4.4079999999999995,22.8
177600,4.4079999999999995,22.8
177700,4.4079999999999995,22.8
177800,4.4079999999999995,22.8
177900,4.4079999999999995,22.8
178000,4.4079999999999995,22.8
178100,4.4079999999999995,22.8
178200,4.4079999999999995,22.8
178300,4.4079999999999995,22.8
178400,4.4079999999999995,22.8
178500,4.4079999999999995,22.8
178600,4.4079999999999995,22.8
178700,4.4079999999999995,22.8
178800,4.4079999999999995,22.8
178900,4.4079999999999995,22.8
179000,4.4079999999999995,22.8
179100,4.4079999999999995,22.8
179200,4.4079999999999995,22.8
179300,4.4079999999999995,22.8
179400,4.4079999999999995,22.8
179500,4.4079999999999995,22.8
179600,4.4079999999999995,22.8
179700,4.4079999999999995,22.8
179800,4.4079999999999995,22.8
179900,4.4079999999999995,22.8
180000,4.4079999999999995,22.8
180100,4.4079999999999995,22.8
180200,4.4079999999999995,22.8
180300,4.4079999999999995,22.8
180400,4.4079999999999995,22.8
180500,4.4079999999999995,22.8
180600,4.4079999999999995,22.8
180700,4.4079999999999995,22.8
180800,4.4079999999999995,22.8
180900,4.4079999999999995,22.8
181000,4.4079999999999995,22.8
181100,4.4079999999999995,22.8
181200,4.4079999999999995,22.8
181300,4.4079999999999995,22.8
181400,4.4079999999999995,22.8
181500,4.4079999999999995,22.8
181600,4.4079999999999995,22.8
181700,4.4079999999999995,22.8
181800,4.4079999999999995,22.8
181900,4.4079999999999995,22.8
182000,4.4079999999999995,22.8
182100,4.4079999999999995,22.8
182200,4.4079999999999995,22.8
182300,4.4079999999999995,22.8
182400,4.4079999999999995,22.8
182500,4.4079999999999995,22.8
182600,4.4079999999999995,22.8
182700,4.4079999999999995,22.8
182800,4.4079999999999995,22.8
182900,4.4079999999999995,22.8
183000,4.4079999999999995,22.8
183100,4.4079999999999995,22.8
183200,4.4079999999999995,22.8
183300,4.4079999999999995,22.8
183400,4.4079999999999995,22.8
183500,4.4079999999999995,22.8
183600,4.4079999999999995,22.8
183700,4.4079999999999995,22.8
183800,4.4079999999999995,22.8
183900,4.4079999999999995,22.8
184000,4.4079999999999995,22.8
184100,4.4079999999999995,22.8
184200,4.4079999999999995,22.8
184300,4.4079999999999995,22.8
184400,4.4079999999999995,22.8
184500,4.4079999999999995,22.8
184600,4.4079999999999995,22.8
184700,4.4079999999999995,22.8
184800,4.4079999999999995,22.8
184900,4.4079999999999995,22.8
185000,4.4079999999999995,22.8
185100,4.4079999999999995,22.8
185200,4.4079999999999995,22.8
185300,4.4079999999999995,22.8
185400,4.4079999999999995,22.8
185500,4.4079999999999995,22.8
185600,4.4079999999999995,22.8
185700,4.4079999999999995,22.8
185800,4.4079999999999995,22.8
185900,4.4079999999999995,22.8
186000,4.4079999999999995,22.8
186100,4.4079999999999995,22.8
186200,4.4079999999999995,22.8
186300,4.4079999999999995,22.8
186400,4.4079999999999995,22.8
186500,4.4079999999999995,22.8
186600,4.4079999999999995,22.8
186700,4.4079999999999995,22.8
186800,4.4079999999999995,22.8
186900,4.4079999999999995,22.8
187000,4.4079999999999995,22.8
187100,4.4079999999999995,22.8
187200,4.4079999999999995,22.8
187300,4.4079999999999995,22.8
187400,4.4079999999999995,22.8
187500,4.4079999999999995,22.8
187600,4.4079999999999995,22.8
187700,4.4079999999999995,22.8
187800,4.4079999999999995,22.8
187900,4.4079999999999995,22.8
188000,4.4079999999999995,22.8
188100,4.4079999999999995,22.8
188200,4.4079999999999995,22.8
188300,4.4079999999999995,22.8
188400,4.4079999999999995,22.8
188500,4.4079999999999995,22.8
188600,4.4079999999999995,22.8
188700,4.4079999999999995,22.8
188800,4.4079999999999995,22.8
188900,4.4079999999999995,22.8
189000,4.4079999999999995,22.8
189100,4.4079999999999995,22.8
189200,4.4079999999999995,22.8
189300,4.4079999999999995,22.8
189400,4.4079999999999995,22.8
189500,4.4079999999999995,22.8
189600,4.4079999999999995,22.8
189700,4.4079999999999995,22.8
189800,4.4079999999999995,22.8
189900,4.4079999999999995,22.8
190000,4.4079999999999995,22.8
190100,4.4079999999999995,22.8
190200,4.4079999999999995,22.8
190300,4.4079999999999995,22.8
190400,4.4079999999999995,22.8
190500,4.4079999999999995,22.8
190600,4.4079999999999995,22.8
190700,4.4079999999999995,22.8
190800,4.4079999999999995,22.8
190900,4.4079999999999995,22.8
191000,4.4079999999999995,22.8
191100,4.4079999999999995,22.8
191200,4.4079999999999995,22.8
191300,4.4079999999999995,22.8
191400,4.4079999999999995,22.8
191500,4.4079999999999995,22.8
191600,4.4079999999999995,22.8
191700,4.4079999999999995,22.8
191800,4.4079999999999995,22.8
191900,4.4079999999999995,22.8
192000,4.4079999999999995,22.8
192100,4.4079999999999995,22.8
192200,4.4079999999999995,22.8
192300,4.4079999999999995,22.8
192400,4.4079999999999995,22.8
192500,4.4079999999999995,22.8
192600,4.4079999999999995,22.8
192700,4.4079999999999995,22.8
192800,4.4079999999999995,22.8
192900,4.4079999999999995,22.8
193000,4.4079999999999995,22.8
193100,4.4079999999999995,22.8
193200,4.4079999999999995,22.8
193300,4.4079999999999995,22.8
193400,4.4079999999999995,22.8
193500,4.4079999999999995,22.8
193600,4.4079999999999995,22.8
193700,4.4079999999999995,22.8
193800,4.4079999999999995,22.8
193900,4.4079999999999995,22.8
194000,4.4079999999999995,22.8
194100,4.4079999999999995,22.8
194200,4.4079999999999995,22.8
194300,4.4079999999999995,22.8
194400,4.4079999999999995,22.8
194500,4.4079999999999995,22.8
194600,4.4079999999999995,22.8
194700,4.4079999999999995,22.8
194800,4.4079999999999995,22.8
194900,4.4079999999999995,22.8
195000,4.4079999999999995,22.8
195100,4.4079999999999995,22.8
195200,4.4079999999999995,22.8
195300,4.4079999999999995,22.8
195400,4.4079999999999995,22.8
195500,4.4079999999999995,22.8
195600,4.4079999999999995,22.8
195700,4.4079999999999995,22.8
195800,4.4079999999999995,22.8
195900,4.4079999999999995,22.8
196000,4.4079999999999995,22.8
196100,4.4079999999999995,22.8
196200,4.4079999999999995,22.8
196300,4.4079999999999995,22.8
196400,4.4079999999999995,22.8
196500,4.4079999999999995,22.8
196600,4.4079999999999995,22.8
196700,4.4079999999999995,22.8
196800,4.4079999999999995,22.8
196900,4.4079999999999995,22.8
197000,4.4079999999999995,22.8
197100,4.4079999999999995,22.8
197200,4.4079999999999995,22.8
197300,4.4079999999999995,22.8
197400,4.4079999999999995,22.8
197500,4.4079999999999995,22.8
197600,4.4079999999999995,22.8
197700,4.4079999999999995,22.8
197800,4.4079999999999995,22.8
197900,4.4079999999999995,22.8
198000,4.4079999999999995,22.8
198100,4.4079999999999995,22.8
198200,4.4079999999999995,22.8
198300,4.4079999999999995,22.8
198400,4.4079999999999995,22.8
198500,4.4079999999999995,22.8
198600,4.4079999999999995,22.8
198700,4.4079999999999995,22.8
198800,4.4079999999999995,22.8
198900,4.4079999999999995,22.8
199000,4.4079999999999995,22.8
199100,4.4079999999999995,22.8
199200,4.4079999999999995,22.8
199300,4.4079999999999995,22.8
199400,4.4079999999999995,22.8
199500,4.4079999999999995,22.8
199600,4.4079999999999995,22.8
199700,4.4079999999999995,22.8
199800,4.4079999999999995,22.8
199900,4.4079999999999995,22.8
199999,4.4079999999999995,22.8

START ALGORITHM
h2: (a51 + a25 + a52) * (b45 - b24)
h3: (a33 + a54 - a51 - a54) * (b43)
h4: (a41 + a11 - a53) * (b22 - b24)
h5: (a12 + a15 + a54) * (-b43 - b51)
h6: (a11 - a23) * (b33 - b45 - b24)
h7: (-a43) * (b54 + b13 - b15 - b22)
h8: (-a21 - a51) * (b11 + b35 - b32)
h9: (a23 - a43) * (b54 + b15 - b12)
h10: (a53 + a21) * (b45 - b21 - b53)
h11: (-a22) * (b34 + b31 + b44 - b45)
h12: (a35 - a14) * (-b13 - b43 - b15)
h13: (a25 - a13) * (b33 + b34 - b24)
h14: (a24 + a41 + a54) * (b45 + b32)
h15: (a23 + a31 + a32 - a12) * (b51)
h16: (-a21 - a44) * (b21 + b45 - b35)
h17: (a51 - a41 - a14 - a45) * (b45)
h18: (a15 - a55) * (b33 - b12 - b21)
h19: (a12 + a22 - a53) * (b24 - b42)
h22: (a12 + a31 - a15 - a42) * (-b54)
h23: (a11 - a15 - a52) * (b54 + b45)
h24: (a21 + a21) * (b51 + b24 - b24)
h27: (a43 - a15 - a12 - a44) * (-b35)
h29: (-a51) * (b11 + b32 + b41 - b42)
h30: (a52) * (b12 + b24 + b21 - b14)
h31: (a24 + a43 - a13) * (b52 + b15)
h32: (a22 + a44 + a24 - a23) * (-b31)
h33: (-a43 - a51) * (b12 + b53 - b12)
h34: (a22) * (b54 + b24 - b21 - b22)
h35: (a53 - a41) * (b53 + b15 - b42)
h36: (a11 + a51 + a55 + a53) * (-b44)
h37: (a31 - a54) * (b32 - b14 - b52)
h39: (a23 + a11 + a43 - a43) * (b44)
h40: (-a42 - a35 - a34) * (b13 - b13)
h41: (-a15) * (b22 + b23 + b44 + b44)
h42: (a41 - a42) * (b11 - b15 - b11)
h43: (a55 + a53 - a53 - a53) * (b22)
h44: (a22 + a54 - a45) * (b22 - b22)
h45: (a12 - a15) * (b31 + b21 + b51)
h46: (-a52) * (b45 + b43 + b54 - b15)
h48: (a21 + a52) * (b52 - b11 - b14)
h50: (a55 + a24 - a35) * (b23 + b55)
h52: (a12 + a33 - a31) * (-b42 - b43)
h53: (a15) * (b25 + b25 - b42 - b51)
h54: (a41 - a13 - a43) * (-b41 - b31)
h56: (a15 - a22) * (b14 - b33 - b45)
h58: (a41 - a44) * (b31 + b24 + b12)
h59: (-a25) * (-b42 - b41 - b11 - b45)
h60: (-a34) * (-b54 - b34 - b41 - b44)
h61: (a45 - a31) * (b15 + b41 + b15)
h62: (a55 + a23) * (b23 + b12 - b35)
h63: (a34 - a51 - a35) * (b31 + b13)
h66: (a32 - a54) * (b53 + b52 - b15)
h67: (a25 + a15 - a15 - a32) * (b55)
h69: (-a13 - a55) * (b42 + b15 - b24)
h70: (a53 - a22 - a35) * (b25 + b54)
h71: (a12 + a42) * (b42 + b34 - b23)
h73: (a23 - a11 - a43) * (b51 - b24)
h74: (a35 + a42 - a23 - a14) * (b31)
h75: (a42 - a14 - a32) * (b42 + b42)
h78: (a52 - a13) * (b54 + b31 - b35)
h79: (a51 + a52 - a23) * (b21 - b11)
h80: (-a34 - a44) * (b21 - b52 - b45)
h81: (-a12 - a23) * (b51 + b33 - b51)
h82: (a15) * (b52 + b24 + b21 - b44)
h83: (a12) * (b42 + b23 - b21 - b45)
h84: (a53 + a41 - a51) * (b55 - b44)
h86: (a53) * (b24 + b14 - b21 - b54)
h87: (a11 + a24 + a35 - a13) * (-b35)
h88: (-a31) * (b41 + b11 - b22 - b34)
h89: (-a42) * (b15 - b11 - b32 - b34)
h90: (-a44 - a23 - a14) * (b13 + b12)
h91: (a43 - a13) * (b22 - b15 - b55)
h92: (-a33) * (b14 + b13 + b52 + b24)
h93: (a14 + a55 + a21) * (-b14 - b45)
h94: (a41 - a11 - a44) * (b32 - b52)
h95: (-a45 - a33 - a23) * (b54 - b12)
h96: (a52 - a51) * (-b33 - b54 - b23)
h97: (a42 - a14 - a43 - a35) * (-b31)
h98: (a54 + a11 + a21) * (-b23 - b32)
h99: (a45 - a15) * (-b33 - b22 - b52)
h100: (a11 - a14 - a11) * (b43 + b22)
h101: (a54 - a52) * (b54 + b13 + b22)
h104: (a35 - a54 - a52) * (-b33 - b55)
h105: (a43 + a42 - a41 - a23) * (-b55)
h106: (a12 - a44 - a33) * (b33 + b34)
h107: (a33 + a23 + a15) * (b51 + b24)
h108: (a44 + a43 + a25 - a32) * (-b14)
h109: (a22 + a55 - a33) * (b23 - b14)
h110: (a23 + a13) * (b51 - b11 - b24)
h111: (a51 + a43 + a15 + a13) * (b45)
h112: (a34 + a34 + a12 - a24) * (-b44)
h113: (-a25) * (b25 - b44 - b25 - b53)
h114: (a53) * (b24 - b44 - b13 - b34)
h115: (a42) * (b22 + b55 - b42 - b23)
h116: (a23 + a51 - a14 - a11) * (b54)
h118: (a34 - a13 - a24) * (-b23 - b43)
h121: (a25) * (b34 + b32 + b11 + b55)
h122: (a53 - a21 - a41) * (-b24 - b55)
h123: (a42 - a34) * (b53 + b34 - b32)
h124: (-a25 - a33) * (-b33 - b33 - b45)
h125: (a13 - a15 - a44) * (b33 + b41)
h127: (a35 + a22) * (b45 - b24 - b11)
h128: (-a51) * (b51 + b33 + b53 - b31)
h129: (a41 - a51 - a51) * (-b34 - b44)
h131: (a23 - a24) * (b31 + b11 - b34)
h136: (a35 + a14 + a11 + a34) * (-b45)
h143: (a23 + a41) * (-b41 - b15 - b14)
h154: (-a31 - a21 - a35) * (-b35 - b43)
h155: (a44 + a45 + a41 - a35) * (-b14)
h158: (-a11 - a21) * (-b34 - b35 - b12)
h159: (a13 - a53) * (b54 + b34 + b54)
h166: (a43) * (b14 + b41 - b55 - b21)
h170: (a13 + a53 + a12 - a55) * (b34)
h171: (a12) * (b54 - b14 - b43 - b22)
h175: (a24 + a31 - a15 - a25) * (-b42)
h177: (-a43 - a44) * (b52 - b43 - b41)
h189: (a41 + a21) * (-b44 - b52 - b34)
h191: (a53 - a44 - a55) * (b21 + b24)
h196: (a41 + a51 - a14 - a23) * (b13)
h197: (a22 + a55 - a24) * (b33 - b41)
h202: (a44 + a35 + a31) * (b22 - b55)
h208: (a25 - a44) * (b22 - b32 - b32)
h215: (a35 - a14 - a22) * (-b34 - b44)
h216: (a33 - a51 - a44) * (b32 - b24)
h222: (a54) * (b32 + b44 - b23 - b41)
h223: (-a55 - a42 - a53) * (-b32 - b42)
h229: (-a33 - a13) * (b14 + b23 - b55)
h235: (a44 + a31 - a34 - a35) * (b25)
h247: (-a42) * (b43 - b52 - b12 - b51)
h274: (a44 - a51) * (b33 + b42 - b12)
h289: (-a11) * (b42 - b45 - b52 - b22)
h299: (a51 - a42 - a35) * (b32 - b35)
h307: (a55 - a54) * (b11 + b55 - b24)
h353: (a52 - a53) * (b11 + b43 - b15)
h357: (a14 - a24) * (b54 + b53 - b51)
h370: (a12 - a43) * (b42 + b55 - b24)
h386: (-a11 - a54) * (b33 + b51 + b23)
h392: (a33 - a53 - a41 - a54) * (b55)
h403: (a53 - a51 - a15) * (-b33 - b21)
h432: (a34) * (b24 - b13 - b54 - b35)
h433: (a13 + a45 + a45 - a33) * (b23)
h439: (-a42 - a25) * (b12 - b31 - b12)
h444: (a55) * (b12 + b45 + b44 - b22)
h448: (a42 + a12 + a54) * (b31 - b51)
h450: (a23 - a11) * (b42 - b51 - b24)
h454: (a33 - a22) * (b15 - b41 - b53)
h485: (a11 - a43 - a14 - a25) * (-b35)
h500: (a43 - a11 - a53 - a42) * (-b34)
h514: (a12) * (b55 + b22 + b51 - b41)
h519: (a11 + a35 - a55 - a54) * (-b54)
h522: (-a34) * (b23 - b13 - b43 - b24)
h528: (-a51 - a52 - a15) * (b23 - b45)
h529: (a53 - a31 - a43) * (b35 + b51)
h548: (a22 - a12 - a52) * (b33 - b22)
h562: (a24 + a24 + a13 + a42) * (b54)
h581: (a21 + a55 - a33 - a21) * (-b11)
h587: (-a41) * (b12 + b32 + b24 - b34)
h590: (-a54 - a31 - a42) * (b51 - b42)
h594: (a55 - a42 - a13) * (-b22 - b25)
h606: (a13 + a23 - a22 - a33) * (-b52)
h645: (a51 + a34 + a13 - a13) * (b54)
h647: (a53 - a33) * (b23 + b35 - b23)
h665: (a34 - a22 - a55) * (b53 - b25)
h683: (a13 - a45) * (b11 + b12 - b23)
h788: (-a52 - a31 - a31) * (-b31 - b41)
h794: (a22) * (b34 - b53 - b43 - b53)
h795: (a12) * (b32 + b15 + b54 - b45)
h808: (a15 - a22 - a21) * (b42 - b21)
h827: (a12 - a31) * (b23 + b41 + b34)
h836: (a24 + a33) * (-b51 - b32 - b53)
h930: (a13) * (b25 - b15 - b32 - b52)
h942: (a14 + a44 + a24 - a42) * (b23)
h964: (a41 - a11) * (b32 - b15 - b55)
h983: (a54 - a22 - a55) * (b52 - b24)
h1008: (a33) * (b25 + b52 + b15 - b43)
h1037: (a33 + a12 - a55) * (b25 + b23)
h1118: (a54 - a35) * (b12 - b23 - b52)
h1156: (a45 + a12 + a33) * (b52 + b22)
h1183: (a21) * (b53 + b54 - b15 - b54)
h1186: (a44) * (b14 + b54 + b32 - b14)
h1203: (a25 + a21 + a32) * (-b31 - b25)
h1362: (a31 + a21) * (b45 + b41 - b23)
h1387: (a45 - a24 - a31) * (b45 + b43)
h1481: (a31 - a22 - a51) * (b25 - b42)
h1502: (-a44 - a55 - a42) * (b43 - b54)
h1552: (a25 + a55 - a35) * (b52 - b24)
h1631: (a15 + a24 + a15 - a45) * (b23)
h1678: (-a53 - a14 - a22) * (b13 - b21)
h2034: (a24 - a14) * (b44 - b14 - b55)
h2310: (a32 + a42 - a25 - a42) * (-b41)
h2362: (a44 + a14) * (b32 + b11 - b12)
h2508: (a31 + a24 - a24) * (b32 - b43)
h2569: (a51 + a35 + a44 - a43) * (-b24)
h2772: (a44 + a12) * (b33 + b35 - b13)
h2896: (a34 + a35 - a43) * (b41 + b51)
h2948: (-a41) * (b51 + b45 - b51 - b15)
h3069: (a55) * (b41 + b34 + b54 - b42)
h3455: (a15) * (b15 + b11 - b11 - b43)
h3575: (-a23) * (b22 + b45 - b11 - b52)
h3983: (a11 - a23) * (b23 - b13 - b42)
h4068: (-a33) * (b13 + b43 + b34 - b15)
h4297: (a31 + a12 - a23) * (b24 - b25)
h4885: (a34 - a43) * (b45 + b32 - b34)
h5081: (-a11) * (b55 + b31 + b42 - b53)
h5500: (a53 - a23 - a24 - a53) * (-b44)
h5681: (a44) * (b52 + b44 + b14 - b44)
h6727: (a12) * (b45 + b54 - b34 - b35)
h6869: (a44) * (b45 + b21 - b21 - b11)
h6937: (a24 + a34 + a21) * (b14 - b54)
h6982: (a12 - a11 - a12) * (b12 + b35)
h7006: (-a35 - a42 - a41 - a15) * (-b44)
h7078: (a31 + a31 - a31) * (b12 - b41)
h9877: (a41 + a14) * (b13 + b25 - b25)
h11965: (a41 + a35 - a44) * (b51 - b52)
h15959: (a35 + a23 - a15) * (b24 - b35)
c11: h131 + h30 + h170 + h73 + h71 + h4 + h88 + h964 - h10 - h58 - h189 - h191 
c12: h118 + h83 + h222 + h175 + h115 + h6 + h795 + h6 + h964 - h357 
c13: h115 + h73 + h111 + h112 + h52 + h448 + h154 + h88 + h14 
c14: h93 + h196 + h289 + h92 + h4 + h154 + h448 + h289 + h964 - h15959 
c15: h29 + h166 + h299 + h222 + h114 + h808 + h357 + h12 + h4068 + h5500 - h101 - h353 - h450 - h9877 
c21: h98 + h35 + h6 + h2948 + h1186 + h5081 + h6 - h22 - h274 - h1362 
c22: h18 + h52 + h1156 + h2310 + h3575 + h1186 - h67 - h827 - h2896 - h6937 
c23: h155 + h208 + h216 + h432 + h683 + h1481 + h2034 + h9877 + h357 - h46 - h40 - h229 - h1037 
c24: h101 + h61 + h10 + h37 + h788 + h450 + h448 + h450 + h1186 - h98 - h439 - h587 - h808 - h3455 - h7078 
c25: h116 + h647 + h1183 + h6 + h6869 + h6937 - h1203 
c31: h202 + h370 + h14 + h1481 + h1186 + h6869 + h3069 - h115 
c32: h33 + h50 + h63 + h6 + h5681 + h3455 - h56 - h19 - h794 - h3069 
c33: h4 + h116 + h2569 + h2948 + h4885 + h1186 - h122 
c34: h91 + h444 + h548 + h1678 + h444 - h70 - h6869 
c35: h96 + h35 + h171 + h14 + h1118 + h154 + h1118 + h3455 + h3069 - h78 - h500 - h2508 - h5500 
c41: h30 + h247 + h109 + h983 + h1008 + h357 + h1186 + h88 - h433 - h528 - h529 - h562 - h590 
c42: h44 + h289 + h1552 + h3069 - h61 - h108 - h177 - h370 - h1481 - h1502 
c43: h27 + h71 + h454 + h1631 + h5500 
c44: h92 + h93 + h289 + h795 + h2034 + h6982 - h111 - h101 - h136 - h4068 
c45: h13 + h74 + h34 + h485 + h519 + h87 + h548 + h519 + h4297 + h289 + h6 + h448 + h43 + h357 + h7006 - h129 - h143 - h3983 - h11965 
c51: h82 + h61 + h70 + h197 + h63 + h289 + h6 + h594 + h665 + h27 + h2034 + h795 + h7006 + h357 - h88 
c52: h386 + h444 + h113 + h448 + h1186 + h5681 - h60 - h127 
c53: h170 + h307 + h500 + h22 + h450 + h222 + h3575 + h3455 + h357 - h89 - h27 
c54: h110 + h98 + h175 + h235 + h89 + h392 + h581 + h930 + h942 + h14 + h2362 + h6 + h357 + h5681 - h122 - h215 - h522 - h1678 - h2772 - h6727 
c55: h110 + h79 + h41 + h99 + h606 + h836 + h34 + h93 + h1118 + h1387 + h964 + h2948 + h1631 + h1481 - h115 - h223 - h514 
