0,126.728,25
100,105,25
200,95.15200000000002,25
300,87.84799999999998,25
400,81.04799999999999,25
500,72,25
600,70.08000000000001,24.8
700,67.04799999999999,24.8
800,62.77599999999999,24.8
900,59.408,24.6
1000,55.983999999999995,24.6
1100,52.8,24.8
1200,52.552,24.8
1300,52.528,24.8
1400,50.327999999999996,24.8
1500,50.232000000000006,24.8
1600,50.232000000000006,24.8
1700,50.216,24.8
1800,50.216,24.8
1900,48.32000000000001,24.6
2000,48.32000000000001,24.6
2100,48.248000000000005,24.6
2200,48,24.6
2300,48,24.6
2400,46.96,24.6
2500,46.96,24.6
2600,46.856,24.8
2700,45.584,24.6
2800,43.624,24.6
2900,43.32000000000001,24.6
3000,43.32000000000001,24.6
3100,43.32000000000001,24.6
3200,43.12,24.6
3300,42.36,24.6
3400,41.368,24.6
3500,40.32,24.6
3600,40.32,24.6
3700,40.32,24.6
3800,39.8,24.6
3900,39.712,24.6
4000,39.176,24.6
4100,38.4,24.6
4200,38.4,24.6
4300,38.136,24.4
4400,38.136,24.4
4500,38.136,24.4
4600,38.136,24.4
4700,38.136,24.4
4800,38.136,24.4
4900,38.136,24.4
5000,37.432,24.4
5100,37.056,24.4
5200,36.855999999999995,24.4
5300,36.855999999999995,24.4
5400,36.855999999999995,24.4
5500,36.48,24.4
5600,36.48,24.4
5700,36.48,24.4
5800,36.48,24.4
5900,36.32,24.4
6000,36.32,24.4
6100,34.76,24.6
6200,34.76,24.6
6300,34.2,24.6
6400,34.2,24.6
6500,34.2,24.6
6600,34.2,24.6
6700,34.2,24.6
6800,34.2,24.6
6900,34.2,24.6
7000,33.872,24.6
7100,33.872,24.6
7200,33.872,24.6
7300,33.872,24.6
7400,33.872,24.6
7500,33.872,24.6
7600,33.448,24.6
7700,33.392,24.6
7800,33.192,24.6
7900,32.696,24.6
8000,32.696,24.6
8100,32.696,24.6
8200,32.696,24.6
8300,32.696,24.6
8400,32.696,24.6
8500,32.696,24.6
8600,32.696,24.6
8700,32.696,24.6
8800,32.696,24.6
8900,32.696,24.6
9000,32.696,24.6
9100,32.696,24.6
9200,32.696,24.6
9300,32.696,24.6
9400,32.016,24.6
9500,32.016,24.6
9600,32.016,24.6
9700,32.016,24.6
9800,32.016,24.6
9900,32.016,24.6
10000,32.016,24.6
10100,32.016,24.6
10200,32.016,24.6
10300,32.016,24.6
10400,32.016,24.6
10500,32.016,24.6
10600,32.016,24.6
10700,32.016,24.6
10800,32.016,24.6
10900,32.016,24.6
11000,31.631999999999998,24.6
11100,31.080000000000002,24.6
11200,31.080000000000002,24.6
11300,31.080000000000002,24.6
11400,31.080000000000002,24.6
11500,31.080000000000002,24.6
11600,31.080000000000002,24.6
11700,31.080000000000002,24.6
11800,31.080000000000002,24.6
11900,30.592000000000002,24.6
12000,30.048000000000002,24.8
12100,30.048000000000002,24.8
12200,30.048000000000002,24.8
12300,30.048000000000002,24.8
12400,30.048000000000002,24.8
12500,30.048000000000002,24.8
12600,30.048000000000002,24.8
12700,30.048000000000002,24.8
12800,30.048000000000002,24.8
12900,30.048000000000002,24.8
13000,30.048000000000002,24.8
13100,30.048000000000002,24.8
13200,30.048000000000002,24.8
13300,30.048000000000002,24.8
13400,30.048000000000002,24.8
13500,30.048000000000002,24.8
13600,30.048000000000002,24.8
13700,29.496000000000002,24.8
13800,29.496000000000002,24.8
13900,29.496000000000002,24.8
14000,29.368000000000002,24.8
14100,29.368000000000002,24.8
14200,29.28,24.8
14300,29.28,24.8
14400,29.28,24.8
14500,29.28,24.8
14600,29.28,24.8
14700,29.28,24.8
14800,29.28,24.8
14900,29.28,24.8
15000,29.28,24.8
15100,29.28,24.8
15200,29.28,24.8
15300,29.28,24.8
15400,29.28,24.8
15500,29.28,24.8
15600,29.28,24.8
15700,29.28,24.8
15800,29.28,24.8
15900,29.28,24.8
16000,28.959999999999997,24.8
16100,28.959999999999997,24.8
16200,28.959999999999997,24.8
16300,28.959999999999997,24.8
16400,28.959999999999997,24.8
16500,28.959999999999997,24.8
16600,28.959999999999997,24.8
16700,28.959999999999997,24.8
16800,28.959999999999997,24.8
16900,28.959999999999997,24.8
17000,28.959999999999997,24.8
17100,28.959999999999997,24.8
17200,28.959999999999997,24.8
17300,28.959999999999997,24.8
17400,28.959999999999997,24.8
17500,28.959999999999997,24.8
17600,28.959999999999997,24.8
17700,28.959999999999997,24.8
17800,28.959999999999997,24.8
17900,28.959999999999997,24.8
18000,28.959999999999997,24.8
18100,28.959999999999997,24.8
18200,28.224,24.6
18300,28.224,24.6
18400,28.224,24.6
18500,28.224,24.6
18600,28.224,24.6
18700,28.224,24.6
18800,28.224,24.6
18900,28.224,24.6
19000,28.224,24.6
19100,28.224,24.6
19200,28.224,24.6
19300,28.224,24.6
19400,28.151999999999997,24.6
19500,28.151999999999997,24.6
19600,28.151999999999997,24.6
19700,28.151999999999997,24.6
19800,28.151999999999997,24.6
19900,28.151999999999997,24.6
20000,27.863999999999997,24.6
20100,27.863999999999997,24.6
20200,27.863999999999997,24.6
20300,27.863999999999997,24.6
20400,27.863999999999997,24.6
20500,27.863999999999997,24.6
20600,27.863999999999997,24.6
20700,27.863999999999997,24.6
20800,27.863999999999997,24.6
20900,27.863999999999997,24.6
21000,27.863999999999997,24.6
21100,27.863999999999997,24.6
21200,27.863999999999997,24.6
21300,27.863999999999997,24.6
21400,27.863999999999997,24.6
21500,27.863999999999997,24.6
21600,27.863999999999997,24.6
21700,27.863999999999997,24.6
21800,27.808,24.6
21900,27.808,24.6
22000,27.4,24.6
22100,27.4,24.6
22200,27.4,24.6
22300,27.4,24.6
22400,27.4,24.6
22500,27.4,24.6
22600,27.192,24.6
22700,27.192,24.6
22800,27.192,24.6
22900,27.192,24.6
23000,27.192,24.6
23100,27.103999999999996,24.6
23200,27.103999999999996,24.6
23300,27.103999999999996,24.6
23400,27.103999999999996,24.6
23500,27.103999999999996,24.6
23600,27.103999999999996,24.6
23700,27.103999999999996,24.6
23800,27.103999999999996,24.6
23900,27.103999999999996,24.6
24000,27.095999999999997,24.4
24100,27.095999999999997,24.4
24200,27.095999999999997,24.4
24300,27.095999999999997,24.4
24400,27.095999999999997,24.4
24500,27.095999999999997,24.4
24600,26.936,24.4
24700,26.936,24.4
24800,26.936,24.4
24900,26.936,24.4
25000,26.936,24.4
25100,26.936,24.4
25200,26.936,24.4
25300,26.936,24.4
25400,26.647999999999996,24.4
25500,26.647999999999996,24.4
25600,26.008000000000003,24.4
25700,26.008000000000003,24.4
25800,26.008000000000003,24.4
25900,26.008000000000003,24.4
26000,26.008000000000003,24.4
26100,26.008000000000003,24.4
26200,26.008000000000003,24.4
26300,26.008000000000003,24.4
26400,26.008000000000003,24.4
26500,26.008000000000003,24.4
26600,26.008000000000003,24.4
26700,26.008000000000003,24.4
26800,26.008000000000003,24.4
26900,26.008000000000003,24.4
27000,26.008000000000003,24.4
27100,26.008000000000003,24.4
27200,26.008000000000003,24.4
27300,26.008000000000003,24.4
27400,26.008000000000003,24.4
27500,26.008000000000003,24.4
27600,26.008000000000003,24.4
27700,26.008000000000003,24.4
27800,26.008000000000003,24.4
27900,26.008000000000003,24.4
28000,26.008000000000003,24.4
28100,26.008000000000003,24.4
28200,26.008000000000003,24.4
28300,26.008000000000003,24.4
28400,26.008000000000003,24.4
28500,26.008000000000003,24.4
28600,26.008000000000003,24.4
28700,26.008000000000003,24.4
28800,26.008000000000003,24.4
28900,25.824,24.4
29000,25.824,24.4
29100,25.824,24.4
29200,25.824,24.4
29300,25.824,24.4
29400,25.824,24.4
29500,25.824,24.4
29600,25.824,24.4
29700,25.815999999999995,24.4
29800,25.815999999999995,24.4
29900,25.815999999999995,24.4
30000,25.815999999999995,24.4
30100,25.815999999999995,24.4
30200,25.815999999999995,24.4
30300,25.815999999999995,24.4
30400,25.815999999999995,24.4
30500,25.815999999999995,24.4
30600,25.815999999999995,24.4
30700,25.815999999999995,24.4
30800,25.815999999999995,24.4
30900,25.815999999999995,24.4
31000,25.815999999999995,24.4
31100,25.815999999999995,24.4
31200,25.815999999999995,24.4
31300,25.815999999999995,24.4
31400,25.815999999999995,24.4
31500,25.815999999999995,24.4
31600,25.815999999999995,24.4
31700,25.815999999999995,24.4
31800,25.815999999999995,24.4
31900,25.815999999999995,24.4
32000,25.815999999999995,24.4
32100,25.815999999999995,24.4
32200,25.815999999999995,24.4
32300,25.815999999999995,24.4
32400,25.815999999999995,24.4
32500,25.815999999999995,24.4
32600,25.815999999999995,24.4
32700,25.815999999999995,24.4
32800,25.815999999999995,24.4
32900,25.815999999999995,24.4
33000,25.815999999999995,24.4
33100,25.815999999999995,24.4
33200,25.815999999999995,24.4
33300,25.815999999999995,24.4
33400,25.712,24.2
33500,25.712,24.2
33600,25.712,24.2
33700,25.712,24.2
33800,25.712,24.2
33900,25.712,24.2
34000,25.712,24.2
34100,25.712,24.2
34200,25.712,24.2
34300,25.712,24.2
34400,25.712,24.2
34500,25.712,24.2
34600,25.712,24.2
34700,25.712,24.2
34800,25.712,24.2
34900,25.712,24.2
35000,25.712,24.2
35100,25.712,24.2
35200,25.712,24.2
35300,25.712,24.2
35400,25.712,24.2
35500,25.712,24.2
35600,25.712,24.2
35700,25.712,24.2
35800,25.712,24.2
35900,25.712,24.2
36000,25.712,24.2
36100,25.712,24.2
36200,25.712,24.2
36300,25.712,24.2
36400,25.712,24.2
36500,25.712,24.2
36600,25.712,24.2
36700,25.712,24.2
36800,25.712,24.2
36900,25.712,24.2
37000,25.712,24.2
37100,25.584,24.2
37200,25.584,24.2
37300,25.584,24.2
37400,24.904000000000003,24
37500,24.839999999999996,24
37600,24.52,24
37700,24.52,24
37800,24.52,24
37900,24.52,24
38000,24.52,24
38100,24.52,24
38200,24.52,24
38300,24.52,24
38400,24.52,24
38500,24.52,24
38600,24.52,24
38700,24.52,24
38800,24.52,24
38900,24.52,24
39000,24.52,24
39100,24.52,24
39200,24.52,24
39300,24.52,24
39400,24.52,24
39500,24.52,24
39600,24.52,24
39700,24.52,24
39800,24.52,24
39900,24.52,24
40000,24.52,24
40100,24.52,24
40200,24.52,24
40300,24.52,24
40400,24.52,24
40500,24.52,24
40600,24.52,24
40700,24.52,24
40800,24.52,24
40900,24.52,24
41000,24.52,24
41100,24.52,24
41200,24.52,24
41300,24.52,24
41400,24.52,24
41500,24.52,24
41600,24.52,24
41700,24.52,24
41800,24.52,24
41900,24.52,24
42000,24.52,24
42100,24.343999999999998,24
42200,24.343999999999998,24
42300,24.343999999999998,24
42400,24.343999999999998,24
42500,24.343999999999998,24
42600,24.343999999999998,24
42700,24.343999999999998,24
42800,24.343999999999998,24
42900,24.343999999999998,24
43000,24.343999999999998,24
43100,24.343999999999998,24
43200,24.343999999999998,24
43300,24.343999999999998,24
43400,24.343999999999998,24
43500,24.343999999999998,24
43600,24.343999999999998,24
43700,24.264000000000003,24
43800,24.264000000000003,24
43900,24.264000000000003,24
44000,24.264000000000003,24
44100,24.264000000000003,24
44200,24.264000000000003,24
44300,24.264000000000003,24
44400,24.264000000000003,24
44500,24.264000000000003,24
44600,24.264000000000003,24
44700,24.264000000000003,24
44800,24.264000000000003,24
44900,24.264000000000003,24
45000,24.264000000000003,24
45100,24.264000000000003,24
45200,24.264000000000003,24
45300,24.264000000000003,24
45400,24.264000000000003,24
45500,24.264000000000003,24
45600,24.264000000000003,24
45700,24.264000000000003,24
45800,24.264000000000003,24
45900,24.264000000000003,24
46000,24.264000000000003,24
46100,24.264000000000003,24
46200,24.264000000000003,24
46300,24.264000000000003,24
46400,23.936,24
46500,23.936,24
46600,23.160000000000004,24
46700,23.160000000000004,24
46800,23.160000000000004,24
46900,23.160000000000004,24
47000,23.160000000000004,24
47100,23.160000000000004,24
47200,23.160000000000004,24
47300,23.160000000000004,24
47400,23.160000000000004,24
47500,23.160000000000004,24
47600,23.160000000000004,24
47700,23.160000000000004,24
47800,23.160000000000004,24
47900,23.160000000000004,24
48000,23.160000000000004,24
48100,23.160000000000004,24
48200,23.160000000000004,24
48300,23.160000000000004,24
48400,23.160000000000004,24
48500,23.160000000000004,24
48600,23.160000000000004,24
48700,23.08,24
48800,23.08,24
48900,23.08,24
49000,23.08,24
49100,23.08,24
49200,23.08,24
49300,23.08,24
49400,23.08,24
49500,23.08,24
49600,23.08,24
49700,23.08,24
49800,23.08,24
49900,23.08,24
50000,23.08,24
50100,23.08,24
50200,23.08,24
50300,23.08,24
50400,23.08,24
50500,23.08,24
50600,23.08,24
50700,23.04,24
50800,23.04,24
50900,23.04,24
51000,23.04,24
51100,22.776,24
51200,22.776,24
51300,22.776,24
51400,22.776,24
51500,22.776,24
51600,22.776,24
51700,22.776,24
51800,22.776,24
51900,22.776,24
52000,22.776,24
52100,22.776,24
52200,22.776,24
52300,22.776,24
52400,22.776,24
52500,22.776,24
52600,22.776,24
52700,22.776,24
52800,22.776,24
52900,22.776,24
53000,22.776,24
53100,22.776,24
53200,22.776,24
53300,22.776,24
53400,22.776,24
53500,22.776,24
53600,22.776,24
53700,22.776,24
53800,22.776,24
53900,22.776,24
54000,22.776,24
54100,22.776,24
54200,22.776,24
54300,22.776,24
54400,22.776,24
54500,22.776,24
54600,22.776,24
54700,22.776,24
54800,22.776,24
54900,22.776,24
55000,22.776,24
55100,22.776,24
55200,22.776,24
55300,22.776,24
55400,22.776,24
55500,22.776,24
55600,22.776,24
55700,22.776,24
55800,22.776,24
55900,22.776,24
56000,22.776,24
56100,22.776,24
56200,22.776,24
56300,22.776,24
56400,22.776,24
56500,22.776,24
56600,22.776,24
56700,22.776,24
56800,22.776,24
56900,22.776,24
57000,22.776,24
57100,22.776,24
57200,22.776,24
57300,22.776,24
57400,22.776,24
57500,22.776,24
57600,22.776,24
57700,22.776,24
57800,22.776,24
57900,22.776,24
58000,22.776,24
58100,22.776,24
58200,22.776,24
58300,22.776,24
58400,22.776,24
58500,22.776,24
58600,22.776,24
58700,22.776,24
58800,22.776,24
58900,22.776,24
59000,22.776,24
59100,22.776,24
59200,22.776,24
59300,22.776,24
59400,22.776,24
59500,22.776,24
59600,22.776,24
59700,22.776,24
59800,22.776,24
59900,22.776,24
60000,22.776,24
60100,22.776,24
60200,22.776,24
60300,22.776,24
60400,22.776,24
60500,22.776,24
60600,22.776,24
60700,22.776,24
60800,22.776,24
60900,22.68,24
61000,22.68,24
61100,22.592000000000002,24
61200,22.592000000000002,24
61300,22.592000000000002,24
61400,22.592000000000002,24
61500,22.592000000000002,24
61600,22.592000000000002,24
61700,22.592000000000002,24
61800,22.592000000000002,24
61900,22.592000000000002,24
62000,22.592000000000002,24
62100,22.28,24.2
62200,22.28,24.2
62300,22.28,24.2
62400,22.28,24.2
62500,22.28,24.2
62600,22.28,24.2
62700,22.28,24.2
62800,22.28,24.2
62900,22.28,24.2
63000,22.28,24.2
63100,22.28,24.2
63200,22.28,24.2
63300,22.208000000000002,24.2
63400,22.208000000000002,24.2
63500,22.208000000000002,24.2
63600,22.208000000000002,24.2
63700,22.208000000000002,24.2
63800,22.208000000000002,24.2
63900,22.208000000000002,24.2
64000,22.208000000000002,24.2
64100,22.208000000000002,24.2
64200,22.208000000000002,24.2
64300,22.208000000000002,24.2
64400,22.208000000000002,24.2
64500,22.208000000000002,24.2
64600,22.208000000000002,24.2
64700,22.208000000000002,24.2
64800,22.208000000000002,24.2
64900,22.208000000000002,24.2
65000,22.208000000000002,24.2
65100,22.208000000000002,24.2
65200,22.208000000000002,24.2
65300,22.208000000000002,24.2
65400,22.208000000000002,24.2
65500,22.208000000000002,24.2
65600,22.208000000000002,24.2
65700,22.208000000000002,24.2
65800,22.208000000000002,24.2
65900,22.208000000000002,24.2
66000,22.208000000000002,24.2
66100,22.208000000000002,24.2
66200,22.208000000000002,24.2
66300,22.208000000000002,24.2
66400,22.208000000000002,24.2
66500,22.208000000000002,24.2
66600,22.024,24.2
66700,22.024,24.2
66800,22.024,24.2
66900,22.024,24.2
67000,22.024,24.2
67100,22.024,24.2
67200,22.024,24.2
67300,22.024,24.2
67400,22.024,24.2
67500,22.024,24.2
67600,22.024,24
67700,22.024,24
67800,22.024,24
67900,22.024,24
68000,22.024,24
68100,22.024,24
68200,22.024,24
68300,22.024,24
68400,22.024,24
68500,22.024,24
68600,22.024,24
68700,22.024,24
68800,22.024,24
68900,22.024,24
69000,22.024,24
69100,22.024,24
69200,22.024,24
69300,22.024,24
69400,22.024,24
69500,22.024,24
69600,22.024,24
69700,21.976,24
69800,21.976,24
69900,21.976,24
70000,21.976,24
70100,21.976,24
70200,21.976,24
70300,21.976,24
70400,21.976,24
70500,21.976,24
70600,21.976,24
70700,21.976,24
70800,21.976,24
70900,21.976,24
71000,21.976,24
71100,21.976,24
71200,21.976,24
71300,21.976,24
71400,21.976,24
71500,21.976,24
71600,21.976,24
71700,21.976,24
71800,21.976,24
71900,21.976,24
72000,21.976,24
72100,21.976,24
72200,21.976,24
72300,21.976,24
72400,21.976,24
72500,21.976,24
72600,21.976,24
72700,21.976,24
72800,21.976,24
72900,21.976,24
73000,21.976,24
73100,21.976,24
73200,21.976,24
73300,21.976,24
73400,21.976,24
73500,21.976,24
73600,21.976,24
73700,21.976,24
73800,21.976,24
73900,21.976,24
74000,21.976,24
74100,21.976,24
74200,21.976,24
74300,21.976,24
74400,21.976,24
74500,21.976,24
74600,21.976,24
74700,21.976,24
74800,21.976,24
74900,21.976,24
75000,21.976,24
75100,21.976,24
75200,21.824,24
75300,21.824,24
75400,21.824,24
75500,21.824,24
75600,21.824,24
75700,21.824,24
75800,21.824,24
75900,21.824,24
76000,21.824,24
76100,21.824,24
76200,21.824,24
76300,21.824,24
76400,21.824,24
76500,21.824,24
76600,21.824,24
76700,21.824,24
76800,21.824,24
76900,21.432,24
77000,21.432,24
77100,21.432,24
77200,21.432,24
77300,21.432,24
77400,21.432,24
77500,21.432,24
77600,21.432,24
77700,21.432,24
77800,21.432,24
77900,21.432,24
78000,21.432,24
78100,21.432,24
78200,21.432,24
78300,21.432,24
78400,21.432,24
78500,21.432,24
78600,21.432,24
78700,21.432,24
78800,21.432,24
78900,21.432,24
79000,21.432,24
79100,21.432,24
79200,21.432,24
79300,21.432,24
79400,21.432,24
79500,21.432,24
79600,21.432,24
79700,21.432,24
79800,21.432,24
79900,21.432,24
80000,21.432,24
80100,21.432,24
80200,21.432,24
80300,21.432,24
80400,21.432,24
80500,21.432,24
80600,21.432,24
80700,21.432,24
80800,21.432,24
80900,21.432,24
81000,21.432,24
81100,21.432,24
81200,21.432,24
81300,21.432,24
81400,21.432,24
81500,21.432,24
81600,21.432,24
81700,21.432,24
81800,21.432,24
81900,21.432,24
82000,21.432,24
82100,21.432,24
82200,21.432,24
82300,21.432,24
82400,21.432,24
82500,21.432,24
82600,21.432,24
82700,21.432,24
82800,21.432,24
82900,21.432,24
83000,21.432,24
83100,21.432,24
83200,21.432,24
83300,21.432,24
83400,21.432,24
83500,21.432,24
83600,21.432,24
83700,21.432,24
83800,21.432,24
83900,21.432,24
84000,21.432,24
84100,21.432,24
84200,21.432,24
84300,21.432,24
84400,21.432,24
84500,21.432,24
84600,21.432,24
84700,21.432,24
84800,21.432,24
84900,21.432,24
85000,21.432,24
85100,21.432,24
85200,21.432,24
85300,21.432,24
85400,21.432,24
85500,21.432,24
85600,21.432,24
85700,21.432,24
85800,21.432,24
85900,21.432,24
86000,21.432,24
86100,21.432,24
86200,21.432,24
86300,21.432,24
86400,21.432,24
86500,21.432,24
86600,21.432,24
86700,21.432,24
86800,21.432,24
86900,21.432,24
87000,21.432,24
87100,21.432,24
87200,21.432,24
87300,21.432,24
87400,21.432,24
87500,21.432,24
87600,21.32,24
87700,21.32,24
87800,21.32,24
87900,21.32,24
88000,21.32,24
88100,21.32,24
88200,21.32,24
88300,21.32,24
88400,21.32,24
88500,21.32,24
88600,21.32,24
88700,21.32,24
88800,21.32,24
88900,21.32,24
89000,21.24,24
89100,21.24,24
89200,21.24,24
89300,21.24,24
89400,21.24,24
89500,21.24,24
89600,21.24,24
89700,21.24,24
89800,21.24,24
89900,21.24,24
90000,21.24,24
90100,21.24,24
90200,21.24,24
90300,21.24,24
90400,21.24,24
90500,21.24,24
90600,21.24,24
90700,21.24,24
90800,21.24,24
90900,21.24,24
91000,21.24,24
91100,21.24,24
91200,21.24,24
91300,21.24,24
91400,21.24,24
91500,21.24,24
91600,21.24,24
91700,21.24,24
91800,21.24,24
91900,21.24,24
92000,21.24,24
92100,21.24,24
92200,21.183999999999997,24
92300,21.183999999999997,24
92400,21.183999999999997,24
92500,21.183999999999997,24
92600,21.183999999999997,24
92700,21.183999999999997,24
92800,21.183999999999997,24
92900,21.183999999999997,24
93000,21.183999999999997,24
93100,21.183999999999997,24
93200,21.183999999999997,24
93300,21.112000000000002,24
93400,21.112000000000002,24
93500,21.112000000000002,24
93600,21.112000000000002,24
93700,21.112000000000002,24
93800,21.112000000000002,24
93900,21.112000000000002,24
94000,21.112000000000002,24
94100,21.112000000000002,24
94200,21.112000000000002,24
94300,21.112000000000002,24
94400,21.112000000000002,24
94500,21.112000000000002,24
94600,21.112000000000002,24
94700,21.112000000000002,24
94800,21.112000000000002,24
94900,21.112000000000002,24
95000,21.112000000000002,24
95100,21.112000000000002,24
95200,21.112000000000002,24
95300,21.112000000000002,24
95400,21.112000000000002,24
95500,21.112000000000002,24
95600,21.112000000000002,24
95700,21.112000000000002,24
95800,21.112000000000002,24
95900,21.112000000000002,24
96000,21.112000000000002,24
96100,21.112000000000002,24
96200,21.112000000000002,24
96300,21.112000000000002,24
96400,21.112000000000002,24
96500,21.112000000000002,24
96600,21.112000000000002,24
96700,21.112000000000002,24
96800,21.112000000000002,24
96900,21.112000000000002,24
97000,20.704,23.8
97100,20.704,23.8
97200,20.704,23.8
97300,20.704,23.8
97400,20.704,23.8
97500,20.704,23.8
97600,20.704,23.8
97700,20.704,23.8
97800,20.704,23.8
97900,20.704,23.8
98000,20.704,23.8
98100,20.704,23.8
98200,20.704,23.8
98300,20.704,23.8
98400,20.704,23.8
98500,20.704,23.8
98600,20.704,23.8
98700,20.704,23.8
98800,20.704,23.8
98900,20.704,23.8
99000,20.704,23.8
99100,20.704,23.8
99200,20.704,23.8
99300,20.704,23.8
99400,20.704,23.8
99500,20.704,23.8
99600,20.704,23.8
99700,20.704,23.8
99800,20.704,23.8
99900,20.704,23.8
100000,20.704,23.8
100100,20.704,23.8
100200,20.704,23.8
100300,20.704,23.8
100400,20.704,23.8
100500,20.704,23.8
100600,20.704,23.8
100700,20.704,23.8
100800,20.704,23.8
100900,20.704,23.8
101000,20.704,23.8
101100,20.704,23.8
101200,20.704,23.8
101300,20.704,23.8
101400,20.704,23.8
101500,20.704,23.8
101600,20.704,23.8
101700,20.704,23.8
101800,20.704,23.8
101900,20.704,23.8
102000,20.704,23.8
102100,20.704,23.8
102200,20.704,23.8
102300,20.704,23.8
102400,20.704,23.8
102500,20.704,23.8
102600,20.704,23.8
102700,20.704,23.8
102800,20.704,23.8
102900,20.704,23.8
103000,20.704,23.8
103100,20.704,23.8
103200,20.704,23.8
103300,20.704,23.8
103400,20.704,23.8
103500,20.704,23.8
103600,20.704,23.8
103700,20.704,23.8
103800,20.704,23.8
103900,20.704,23.8
104000,20.704,23.8
104100,20.704,23.8
104200,20.704,23.8
104300,20.704,23.8
104400,20.704,23.8
104500,20.704,23.8
104600,20.704,23.8
104700,20.704,23.8
104800,20.704,23.8
104900,20.704,23.8
105000,20.704,23.8
105100,20.704,23.8
105200,20.704,23.8
105300,20.704,23.8
105400,20.704,23.8
105500,20.704,23.8
105600,20.704,23.8
105700,20.704,23.8
105800,20.704,23.8
105900,20.704,23.8
106000,20.704,23.8
106100,20.704,23.8
106200,20.704,23.8
106300,20.704,23.8
106400,20.704,23.8
106500,20.704,23.8
106600,20.704,23.8
106700,20.704,23.8
106800,20.704,23.8
106900,20.704,23.8
107000,20.704,23.8
107100,20.704,23.8
107200,20.704,23.8
107300,20.704,23.8
107400,20.704,23.8
107500,20.704,23.8
107600,20.704,23.8
107700,20.704,23.8
107800,20.704,23.8
107900,20.704,23.8
108000,20.704,23.8
108100,20.704,23.8
108200,20.704,23.8
108300,20.704,23.8
108400,20.704,23.8
108500,20.704,23.8
108600,20.704,23.8
108700,20.704,23.8
108800,20.704,23.8
108900,20.704,23.8
109000,20.704,23.8
109100,20.704,23.8
109200,20.704,23.8
109300,20.704,23.8
109400,20.704,23.8
109500,20.704,23.8
109600,20.704,23.8
109700,20.704,23.8
109800,20.704,23.8
109900,20.704,23.8
110000,20.704,23.8
110100,20.704,23.8
110200,20.704,23.8
110300,20.704,23.8
110400,20.704,23.8
110500,20.704,23.8
110600,20.704,23.8
110700,20.704,23.8
110800,20.704,23.8
110900,20.704,23.8
111000,20.704,23.8
111100,20.704,23.8
111200,20.704,23.8
111300,20.704,23.8
111400,20.704,23.8
111500,20.704,23.8
111600,20.704,23.8
111700,20.704,23.8
111800,20.704,23.8
111900,20.704,23.8
112000,20.704,23.8
112100,20.704,23.8
112200,20.704,23.8
112300,20.704,23.8
112400,20.704,23.8
112500,20.704,23.8
112600,20.704,23.8
112700,20.704,23.8
112800,20.704,23.8
112900,20.704,23.8
113000,20.704,23.8
113100,20.704,23.8
113200,20.704,23.8
113300,20.704,23.8
113400,20.704,23.8
113500,20.704,23.8
113600,20.704,23.8
113700,20.704,23.8
113800,20.704,23.8
113900,20.704,23.8
114000,20.704,23.8
114100,20.704,23.8
114200,20.704,23.8
114300,20.704,23.8
114400,20.704,23.8
114500,20.704,23.8
114600,20.704,23.8
114700,20.704,23.8
114800,20.704,23.8
114900,20.704,23.8
115000,20.704,23.8
115100,20.704,23.8
115200,20.704,23.8
115300,20.704,23.8
115400,20.704,23.8
115500,20.704,23.8
115600,20.704,23.8
115700,20.704,23.8
115800,20.704,23.8
115900,20.704,23.8
116000,20.704,23.8
116100,20.704,23.8
116200,20.704,23.8
116300,20.704,23.8
116400,20.704,23.8
116500,20.704,23.8
116600,20.704,23.8
116700,20.704,23.8
116800,20.704,23.8
116900,20.704,23.8
117000,20.704,23.8
117100,20.704,23.8
117200,20.704,23.8
117300,20.704,23.8
117400,20.704,23.8
117500,20.704,23.8
117600,20.704,23.8
117700,20.704,23.8
117800,20.704,23.8
117900,20.704,23.8
118000,20.704,23.8
118100,20.704,23.8
118200,20.704,23.8
118300,20.704,23.8
118400,20.704,23.8
118500,20.704,23.8
118600,20.704,23.8
118700,20.704,23.8
118800,20.704,23.8
118900,20.704,23.8
119000,20.704,23.8
119100,20.704,23.8
119200,20.704,23.8
119300,20.704,23.8
119400,20.704,23.8
119500,20.704,23.8
119600,20.704,23.8
119700,20.704,23.8
119800,20.704,23.8
119900,20.68,23.8
120000,20.64,23.8
120100,20.64,23.8
120200,20.64,23.8
120300,20.64,23.8
120400,20.64,23.8
120500,20.64,23.8
120600,20.64,23.8
120700,20.64,23.8
120800,20.64,23.8
120900,20.64,23.8
121000,20.64,23.8
121100,20.64,23.8
121200,20.64,23.8
121300,20.64,23.8
121400,20.64,23.8
121500,20.64,23.8
121600,20.64,23.8
121700,20.64,23.8
121800,20.64,23.8
121900,20.64,23.8
122000,20.64,23.8
122100,20.64,23.8
122200,20.64,23.8
122300,20.64,23.8
122400,20.64,23.8
122500,20.64,23.8
122600,20.64,23.8
122700,20.64,23.8
122800,20.64,23.8
122900,20.64,23.8
123000,20.400000000000002,24
123100,20.400000000000002,24
123200,20.400000000000002,24
123300,20.400000000000002,24
123400,20.400000000000002,24
123500,20.400000000000002,24
123600,20.400000000000002,24
123700,20.400000000000002,24
123800,20.400000000000002,24
123900,20.400000000000002,24
124000,20.400000000000002,24
124100,20.400000000000002,24
124200,20.400000000000002,24
124300,20.400000000000002,24
124400,20.400000000000002,24
124500,20.400000000000002,24
124600,20.400000000000002,24
124700,20.400000000000002,24
124800,20.400000000000002,24
124900,20.400000000000002,24
125000,20.400000000000002,24
125100,20.400000000000002,24
125200,20.400000000000002,24
125300,20.400000000000002,24
125400,20.400000000000002,24
125500,20.400000000000002,24
125600,20.400000000000002,24
125700,20.400000000000002,24
125800,20.400000000000002,24
125900,20.400000000000002,24
126000,20.383999999999997,24
126100,20.383999999999997,24
126200,20.383999999999997,24
126300,20.383999999999997,24
126400,20.383999999999997,24
126500,20.383999999999997,24
126600,20.383999999999997,24
126700,20.383999999999997,24
126800,20.383999999999997,24
126900,20.383999999999997,24
127000,20.383999999999997,24
127100,20.383999999999997,24
127200,20.383999999999997,24
127300,20.383999999999997,24
127400,20.383999999999997,24
127500,20.383999999999997,24
127600,20.383999999999997,24
127700,20.383999999999997,24
127800,20.383999999999997,24
127900,20.383999999999997,24
128000,20.383999999999997,24
128100,20.383999999999997,24
128200,20.383999999999997,24
128300,20.383999999999997,24
128400,20.383999999999997,24
128500,20.383999999999997,24
128600,20.383999999999997,24
128700,20.383999999999997,24
128800,20.383999999999997,24
128900,20.383999999999997,24
129000,20.383999999999997,24
129100,20.383999999999997,24
129200,20.383999999999997,24
129300,20.383999999999997,24
129400,20.383999999999997,24
129500,20.383999999999997,24
129600,20.383999999999997,24
129700,20.383999999999997,24
129800,20.383999999999997,24
129900,20.383999999999997,24
130000,20.383999999999997,24
130100,20.383999999999997,24
130200,20.383999999999997,24
130300,20.383999999999997,24
130400,20.383999999999997,24
130500,20.383999999999997,24
130600,20.383999999999997,24
130700,20.383999999999997,24
130800,20.383999999999997,24
130900,20.383999999999997,24
131000,20.383999999999997,24
131100,20.383999999999997,24
131200,20.383999999999997,24
131300,20.383999999999997,24
131400,19.976,24
131500,19.976,24
131600,19.976,24
131700,19.976,24
131800,19.976,24
131900,19.976,24
132000,19.976,24
132100,19.976,24
132200,19.976,24
132300,19.976,24
132400,19.976,24
132500,19.976,24
132600,19.856,24
132700,19.856,24
132800,19.856,24
132900,19.856,24
133000,19.856,24
133100,19.856,24
133200,19.856,24
133300,19.856,24
133400,19.856,24
133500,19.856,24
133600,19.856,24
133700,19.856,24
133800,19.856,24
133900,19.856,24
134000,19.856,24
134100,19.856,24
134200,19.856,24
134300,19.856,24
134400,19.856,24
134500,19.856,24
134600,19.856,24
134700,19.856,24
134800,19.856,24
134900,19.856,24
135000,19.856,24
135100,19.856,24
135200,19.856,24
135300,19.856,24
135400,19.856,24
135500,19.856,24
135600,19.856,24
135700,19.856,24
135800,19.856,24
135900,19.856,24
136000,19.856,24
136100,19.856,24
136200,19.856,24
136300,19.856,24
136400,19.856,24
136500,19.856,24
136600,19.856,24
136700,19.856,24
136800,19.856,24
136900,19.856,24
137000,19.856,24
137100,19.856,24
137200,19.856,24
137300,19.856,24
137400,19.856,24
137500,19.856,24
137600,19.856,24
137700,19.856,24
137800,19.856,24
137900,19.856,24
138000,19.856,24
138100,19.856,24
138200,19.856,24
138300,19.856,24
138400,19.856,24
138500,19.856,24
138600,19.856,24
138700,19.856,24
138800,19.856,24
138900,19.856,24
139000,19.856,24
139100,19.856,24
139200,19.856,24
139300,19.856,24
139400,19.856,24
139500,19.856,24
139600,19.856,24
139700,19.856,24
139800,19.856,24
139900,19.856,24
140000,19.856,24
140100,19.856,24
140200,19.856,24
140300,19.856,24
140400,19.856,24
140500,19.856,24
140600,19.808,24
140700,19.808,24
140800,19.808,24
140900,19.768,24
141000,19.768,24
141100,19.768,24
141200,19.768,24
141300,19.768,24
141400,19.768,24
141500,19.768,24
141600,19.768,24
141700,19.768,24
141800,19.768,24
141900,19.768,24
142000,19.768,24
142100,19.768,24
142200,19.768,24
142300,19.768,24
142400,19.768,24
142500,19.375999999999998,24
142600,19.375999999999998,24
142700,19.328,24
142800,19.328,24
142900,19.328,24
143000,19.328,24
143100,19.328,24
143200,19.328,24
143300,19.328,24
143400,19.328,24
143500,19.328,24
143600,19.328,24
143700,19.328,24
143800,19.328,24
143900,19.328,24
144000,19.328,24
144100,19.328,24
144200,19.328,24
144300,19.328,24
144400,19.328,24
144500,19.328,24
144600,19.328,24
144700,19.328,24
144800,19.328,24
144900,19.328,24
145000,19.328,24
145100,19.328,24
145200,19.328,24
145300,19.328,24
145400,19.328,24
145500,19.328,24
145600,19.328,24
145700,19.328,24
145800,19.256,24
145900,19.256,24
146000,19.256,24
146100,19.256,24
146200,19.256,24
146300,19.256,24
146400,19.256,24
146500,19.256,24
146600,19.256,24
146700,19.256,24
146800,19.256,24
146900,19.256,24
147000,19.256,24
147100,19.256,24
147200,19.256,24
147300,19.256,24
147400,19.256,24
147500,19.256,24
147600,19.256,24
147700,19.256,24
147800,19.256,24
147900,19.256,24
148000,19.256,24
148100,19.256,24
148200,19.127999999999997,24
148300,19.127999999999997,24
148400,19.127999999999997,24
148500,19.127999999999997,24
148600,19.127999999999997,24
148700,19.127999999999997,24
148800,19.127999999999997,24
148900,19.127999999999997,24
149000,19.127999999999997,24
149100,19.127999999999997,24
149200,19.127999999999997,24
149300,19.127999999999997,24
149400,19.127999999999997,24
149500,19.127999999999997,24
149600,19.127999999999997,24
149700,19.127999999999997,24
149800,19.127999999999997,24
149900,19.127999999999997,24
150000,19.127999999999997,24
150100,19.127999999999997,24
150200,19.127999999999997,24
150300,19.127999999999997,24
150400,19.127999999999997,24
150500,19.127999999999997,24
150600,19.127999999999997,24
150700,19.127999999999997,24
150800,19.127999999999997,24
150900,19.127999999999997,24
151000,19.127999999999997,24
151100,19.127999999999997,24
151200,19.127999999999997,24
151300,19.127999999999997,24
151400,19.127999999999997,24
151500,19.127999999999997,24
151600,19.127999999999997,24
151700,19.127999999999997,24
151800,19.127999999999997,24
151900,19.127999999999997,24
152000,19.127999999999997,24
152100,19.127999999999997,24
152200,19.127999999999997,24
152300,19.127999999999997,24
152400,19.127999999999997,24
152500,19.127999999999997,24
152600,19.127999999999997,24
152700,19.127999999999997,24
152800,19.127999999999997,24
152900,19.127999999999997,24
153000,19.127999999999997,24
153100,19.127999999999997,24
153200,19.127999999999997,24
153300,19.127999999999997,24
153400,19.127999999999997,24
153500,19.127999999999997,24
153600,19.127999999999997,24
153700,19.127999999999997,24
153800,19.127999999999997,24
153900,19.127999999999997,24
154000,19.127999999999997,24
154100,19.127999999999997,24
154200,19.127999999999997,24
154300,19.127999999999997,24
154400,19.127999999999997,24
154500,19.127999999999997,24
154600,19.127999999999997,24
154700,19.127999999999997,24
154800,19.127999999999997,24
154900,19.127999999999997,24
155000,19.127999999999997,24
155100,19.127999999999997,24
155200,19.127999999999997,24
155300,19.127999999999997,24
155400,19.127999999999997,24
155500,19.127999999999997,24
155600,19.127999999999997,24
155700,19.127999999999997,24
155800,19.127999999999997,24
155900,19.127999999999997,24
156000,19.127999999999997,24
156100,19.127999999999997,24
156200,19.127999999999997,24
156300,19.127999999999997,24
156400,19.127999999999997,24
156500,19.127999999999997,24
156600,19.127999999999997,24
156700,19.127999999999997,24
156800,19.127999999999997,24
156900,19.127999999999997,24
157000,19.127999999999997,24
157100,19.127999999999997,24
157200,19.127999999999997,24
157300,19.127999999999997,24
157400,19.127999999999997,24
157500,18.944,23.8
157600,18.944,23.8
157700,18.944,23.8
157800,18.944,23.8
157900,18.944,23.8
158000,18.944,23.8
158100,18.944,23.8
158200,18.944,23.8
158300,18.944,23.8
158400,18.944,23.8
158500,18.944,23.8
158600,18.944,23.8
158700,18.944,23.8
158800,18.944,23.8
158900,18.944,23.8
159000,18.944,23.8
159100,18.944,23.8
159200,18.944,23.8
159300,18.944,23.8
159400,18.944,23.8
159500,18.944,23.8
159600,18.944,23.8
159700,18.944,23.8
159800,18.944,23.8
159900,18.944,23.8
160000,18.944,23.8
160100,18.944,23.8
160200,18.944,23.8
160300,18.944,23.8
160400,18.944,23.8
160500,18.944,23.8
160600,18.944,23.8
160700,18.72,23.6
160800,18.72,23.6
160900,18.72,23.6
161000,18.72,23.6
161100,18.72,23.6
161200,18.72,23.6
161300,18.72,23.6
161400,18.72,23.6
161500,18.72,23.6
161600,18.72,23.6
161700,18.72,23.6
161800,18.72,23.6
161900,18.72,23.6
162000,18.72,23.6
162100,18.72,23.6
162200,18.72,23.6
162300,18.72,23.6
162400,18.72,23.6
162500,18.72,23.6
162600,18.72,23.6
162700,18.72,23.6
162800,18.72,23.6
162900,18.72,23.6
163000,18.72,23.6
163100,18.72,23.6
163200,18.72,23.6
163300,18.72,23.6
163400,18.72,23.6
163500,18.72,23.6
163600,18.72,23.6
163700,18.72,23.6
163800,18.72,23.6
163900,18.72,23.6
164000,18.72,23.6
164100,18.72,23.6
164200,18.72,23.6
164300,18.72,23.6
164400,18.72,23.6
164500,18.72,23.6
164600,18.72,23.6
164700,18.72,23.6
164800,18.72,23.6
164900,18.72,23.6
165000,18.72,23.6
165100,18.72,23.6
165200,18.72,23.6
165300,18.72,23.6
165400,18.72,23.6
165500,18.503999999999998,23.6
165600,18.503999999999998,23.6
165700,18.503999999999998,23.6
165800,18.503999999999998,23.6
165900,18.503999999999998,23.6
166000,18.503999999999998,23.6
166100,18.503999999999998,23.6
166200,18.503999999999998,23.6
166300,18.503999999999998,23.6
166400,18.503999999999998,23.6
166500,18.503999999999998,23.6
166600,18.503999999999998,23.6
166700,18.503999999999998,23.6
166800,18.503999999999998,23.6
166900,18.503999999999998,23.6
167000,18.503999999999998,23.6
167100,18.503999999999998,23.6
167200,18.503999999999998,23.6
167300,17.856,23.6
167400,17.856,23.6
167500,17.856,23.6
167600,17.856,23.6
167700,17.856,23.6
167800,17.856,23.6
167900,17.856,23.6
168000,17.736,23.8
168100,17.736,23.8
168200,17.736,23.8
168300,17.736,23.8
168400,17.464,23.8
168500,17.464,23.8
168600,17.464,23.8
168700,17.464,23.8
168800,17.464,23.8
168900,17.464,23.8
169000,17.464,23.8
169100,17.464,23.8
169200,17.464,23.8
169300,17.464,23.8
169400,17.464,23.8
169500,17.464,23.8
169600,17.464,23.8
169700,17.464,23.8
169800,17.464,23.8
169900,17.464,23.8
170000,17.464,23.8
170100,17.464,23.8
170200,17.464,23.8
170300,17.464,23.8
170400,17.464,23.8
170500,17.464,23.8
170600,17.464,23.8
170700,17.464,23.8
170800,17.464,23.8
170900,17.464,23.8
171000,17.464,23.8
171100,17.464,23.8
171200,17.464,23.8
171300,17.464,23.8
171400,17.464,23.8
171500,17.464,23.8
171600,17.464,23.8
171700,17.464,23.8
171800,17.464,23.8
171900,17.464,23.8
172000,17.464,23.8
172100,17.464,23.8
172200,17.464,23.8
172300,17.464,23.8
172400,17.464,23.8
172500,17.464,23.8
172600,17.464,23.8
172700,17.464,23.8
172800,17.464,23.8
172900,17.464,23.8
173000,17.464,23.8
173100,17.464,23.8
173200,17.464,23.8
173300,17.464,23.8
173400,17.464,23.8
173500,17.464,23.8
173600,17.464,23.8
173700,17.464,23.8
173800,17.464,23.8
173900,17.464,23.8
174000,17.464,23.8
174100,17.464,23.8
174200,17.464,23.8
174300,17.464,23.8
174400,17.464,23.8
174500,17.464,23.8
174600,17.464,23.8
174700,17.464,23.8
174800,17.464,23.8
174900,17.464,23.8
175000,17.464,23.8
175100,17.464,23.8
175200,17.464,23.8
175300,17.464,23.8
175400,17.464,23.8
175500,17.464,23.8
175600,17.464,23.8
175700,17.464,23.8
175800,17.464,23.8
175900,17.464,23.8
176000,17.464,23.8
176100,17.464,23.8
176200,17.464,23.8
176300,17.464,23.8
176400,17.464,23.8
176500,17.464,23.8
176600,17.464,23.8
176700,17.464,23.8
176800,17.464,23.8
176900,17.464,23.8
177000,17.464,23.8
177100,17.464,23.8
177200,17.464,23.8
177300,17.464,23.8
177400,17.464,23.8
177500,17.464,23.8
177600,17.464,23.8
177700,17.464,23.8
177800,17.464,23.8
177900,17.464,23.8
178000,17.464,23.8
178100,17.464,23.8
178200,17.464,23.8
178300,17.464,23.8
178400,17.464,23.8
178500,17.464,23.8
178600,17.456,23.6
178700,17.456,23.6
178800,17.456,23.6
178900,17.456,23.6
179000,17.456,23.6
179100,17.456,23.6
179200,17.456,23.6
179300,17.456,23.6
179400,17.456,23.6
179500,17.456,23.6
179600,17.456,23.6
179700,17.456,23.6
179800,17.456,23.6
179900,17.456,23.6
180000,17.456,23.6
180100,17.456,23.6
180200,17.456,23.6
180300,17.456,23.6
180400,17.456,23.6
180500,17.456,23.6
180600,17.456,23.6
180700,17.456,23.6
180800,17.456,23.6
180900,17.456,23.6
181000,17.456,23.6
181100,17.456,23.6
181200,17.456,23.6
181300,17.456,23.6
181400,17.456,23.6
181500,17.456,23.6
181600,17.456,23.6
181700,17.456,23.6
181800,17.456,23.6
181900,17.456,23.6
182000,17.456,23.6
182100,17.456,23.6
182200,17.456,23.6
182300,17.456,23.6
182400,17.456,23.6
182500,17.456,23.6
182600,17.456,23.6
182700,17.456,23.6
182800,17.456,23.6
182900,17.456,23.6
183000,17.456,23.6
183100,17.456,23.6
183200,17.456,23.6
183300,17.456,23.6
183400,17.456,23.6
183500,17.456,23.6
183600,17.456,23.6
183700,17.456,23.6
183800,17.456,23.6
183900,17.456,23.6
184000,17.456,23.6
184100,17.456,23.6
184200,17.456,23.6
184300,17.456,23.6
184400,17.456,23.6
184500,17.456,23.6
184600,17.456,23.6
184700,17.456,23.6
184800,17.456,23.6
184900,17.456,23.6
185000,17.456,23.6
185100,17.456,23.6
185200,17.456,23.6
185300,17.456,23.6
185400,17.456,23.6
185500,17.456,23.6
185600,17.456,23.6
185700,17.456,23.6
185800,17.456,23.6
185900,17.456,23.6
186000,17.456,23.6
186100,17.456,23.6
186200,17.456,23.6
186300,17.456,23.6
186400,17.456,23.6
186500,17.456,23.6
186600,17.456,23.6
186700,17.456,23.6
186800,17.456,23.6
186900,17.456,23.6
187000,17.456,23.6
187100,17.456,23.6
187200,17.456,23.6
187300,17.456,23.6
187400,17.456,23.6
187500,17.456,23.6
187600,17.456,23.6
187700,17.456,23.6
187800,17.456,23.6
187900,17.456,23.6
188000,17.456,23.6
188100,17.456,23.6
188200,17.456,23.6
188300,17.456,23.6
188400,17.456,23.6
188500,17.456,23.6
188600,17.456,23.6
188700,17.456,23.6
188800,17.456,23.6
188900,17.456,23.6
189000,17.456,23.6
189100,17.456,23.6
189200,17.456,23.6
189300,17.456,23.6
189400,17.456,23.6
189500,17.456,23.6
189600,17.456,23.6
189700,17.456,23.6
189800,17.456,23.6
189900,17.456,23.6
190000,17.456,23.6
190100,17.456,23.6
190200,17.456,23.6
190300,17.456,23.6
190400,17.456,23.6
190500,17.456,23.6
190600,17.456,23.6
190700,17.456,23.6
190800,17.456,23.6
190900,17.456,23.6
191000,17.456,23.6
191100,17.456,23.6
191200,17.456,23.6
191300,17.456,23.6
191400,17.456,23.6
191500,17.456,23.6
191600,17.456,23.6
191700,17.456,23.6
191800,17.456,23.6
191900,17.456,23.6
192000,17.456,23.6
192100,17.456,23.6
192200,17.456,23.6
192300,17.456,23.6
192400,17.456,23.6
192500,17.456,23.6
192600,17.456,23.6
192700,17.456,23.6
192800,17.456,23.6
192900,17.456,23.6
193000,17.456,23.6
193100,17.456,23.6
193200,17.456,23.6
193300,17.456,23.6
193400,17.456,23.6
193500,17.456,23.6
193600,17.456,23.6
193700,17.456,23.6
193800,17.456,23.6
193900,17.456,23.6
194000,17.456,23.6
194100,17.456,23.6
194200,17.456,23.6
194300,17.456,23.6
194400,17.456,23.6
194500,17.456,23.6
194600,17.456,23.6
194700,17.456,23.6
194800,17.456,23.6
194900,17.456,23.6
195000,17.456,23.6
195100,17.456,23.6
195200,17.456,23.6
195300,17.456,23.6
195400,17.456,23.6
195500,17.456,23.6
195600,17.296,23.6
195700,17.296,23.6
195800,17.296,23.6
195900,17.296,23.6
196000,17.296,23.6
196100,17.296,23.6
196200,17.296,23.6
196300,17.296,23.6
196400,17.296,23.6
196500,17.296,23.6
196600,17.296,23.6
196700,17.296,23.6
196800,17.296,23.6
196900,17.296,23.6
197000,17.296,23.6
197100,17.296,23.6
197200,17.296,23.6
197300,17.296,23.6
197400,17.296,23.6
197500,17.296,23.6
197600,17.296,23.6
197700,17.296,23.6
197800,17.296,23.6
197900,17.296,23.6
198000,17.296,23.6
198100,17.296,23.6
198200,17.296,23.6
198300,17.296,23.6
198400,17.296,23.6
198500,17.296,23.6
198600,17.296,23.6
198700,17.296,23.6
198800,17.296,23.6
198900,17.279999999999998,23.6
199000,17.279999999999998,23.6
199100,17.279999999999998,23.6
199200,17.279999999999998,23.6
199300,17.279999999999998,23.6
199400,17.279999999999998,23.6
199500,17.279999999999998,23.6
199600,17.279999999999998,23.6
199700,17.279999999999998,23.6
199800,17.279999999999998,23.6
199900,17.279999999999998,23.6
199999,17.279999999999998,23.6

START ALGORITHM
h9: (a21) * (b23 - b31 - b51)
h14: (a14 + a41 - a25 - a41) * (b22)
h17: (a43 + a42 - a54 - a33) * (b34)
h21: (-a53) * (-b43)
h27: (a12 - a32) * (b51)
h28: (-a11) * (-b25)
h30: (a33) * (b31)
h31: (a51 + a45 + a54 + a21 + a15 - a45 - a32 - a42 - a53 - a23 - a43 - a35 - a33 - a42 - a51) * (b34 + b53 - b25)
h35: (a11 - a24 - a53 - a12) * (b45 + b42)
h37: (a21 + a33 + a22 + a53 + a44 - a31 - a23 - a33 - a53 - a35) * (b25)
h38: (a15 + a25 + a33) * (-b44)
h40: (-a22) * (b13)
h41: (a51 + a52 + a51 + a32 + a55 + a51 + a11 + a14 - a22 - a12 - a12 - a25) * (b53 - b45)
h43: (a32) * (b21)
h48: (a44 - a21) * (b15)
h53: (a32 - a54) * (b12)
h54: (a32) * (-b34 - b25 - b41)
h56: (a44 + a25 - a54) * (b43 + b32)
h60: (a32 + a12 + a35 + a44 + a52 - a45 - a25 - a52 - a32) * (b44)
h63: (a14 - a11) * (b35 + b52 - b53 - b25)
h72: (-a32) * (b43 + b54 + b11 - b41 - b11)
h73: (-a11 - a51) * (-b52)
h75: (-a24) * (-b25)
h78: (a51 + a54 + a51 - a44) * (-b21)
h81: (a33) * (b45)
h82: (a34 - a41) * (-b23 - b52)
h91: (-a52 - a22) * (-b21)
h101: (a55 + a51) * (-b41)
h102: (a14 + a42 + a54 - a45 - a15) * (b41 - b33)
h109: (a25) * (b25)
h118: (a52 + a23 + a21) * (-b52)
h120: (a42 + a45 + a23 - a43 - a51 - a23) * (b32)
h135: (a55 + a33 - a24) * (-b43)
h141: (a44 + a15 - a53 - a34) * (b13 - b24)
h158: (a23 - a21) * (-b21)
h165: (-a52) * (b31)
h167: (a15 + a42 + a13 + a43) * (b14)
h199: (a54 - a45) * (-b32)
h224: (a51 + a33 - a13 - a55 - a15) * (b54)
h226: (a32 + a13 + a11 + a52 - a53 - a22 - a44) * (b53)
h230: (a43 - a44 - a15) * (b14 + b14)
h234: (a54 - a52 - a25) * (-b43)
h245: (a15 - a43) * (-b25)
h350: (a32) * (-b24)
h423: (a34 + a24 + a11 - a33 - a35) * (-b11)
h517: (a32) * (-b32)
h875: (a51 + a21 - a43 - a11 - a14) * (-b52)
h1293: (a32 + a51 - a33 - a22 - a44 - a54 - a44 - a21) * (b31)
h2549: (-a42 - a32) * (b52)
h3157: (a15 + a13 + a43 - a42) * (b41 + b11 - b52)
h3798: (a45) * (-b41)
h5343: (a22 + a54 + a34 + a41 + a12 + a21 + a11 + a33 + a31 - a13 - a24 - a32 - a41) * (b12)
h5347: (a11 + a51 + a31 + a21 - a42) * (b15)
h6450: (-a43) * (b21 + b32 - b14)
h7705: (a35 - a43) * (b23 - b15)
h8571: (-a43) * (-b52)
h9717: (a45 + a13 - a25) * (b44)
h11030: (a21 - a11) * (b55)
h14846: (-a41 - a22 - a25) * (b45)
h15369: (a35 + a35 - a52) * (-b23)
h19686: (a55 + a55 + a21 - a52) * (b42)
h20074: (a42) * (-b41)
h20914: (-a25) * (b12 - b34)
c11: h40 + h54 - h9 - h19686 
c12: h53 + h234 - h2549 
c13: h82 + h28 + h167 
c14: h165 + h245 + h8571 - h38 - h63 
c15: h91 + h224 - h72 - h3798 
c21: h60 + h17 + h167 + h5343 + h41 - h5347 
c22: h118 + h234 + h2549 - h60 - h81 - h27 - h226 - h14846 - h20914 
c23: h73 + h31 - h21 
c24: h38 + h135 + h875 + h21 + h60 
c25: h350 + h15369 - h41 
c31: h230 + h28 - h6450 
c32: h118 + h78 - h27 - h30 - h28 
c33: h53 + h28 + h6450 + h7705 - h167 - h11030 
c34: h56 + h54 + h75 + h1293 - h120 - h37 
c35: h48 + h230 
c41: h101 + h109 
c42: h53 + h54 + h28 - h245 
c43: h14 + h141 + h199 + h54 + h31 
c44: h82 + h9 + h35 + h7705 - h73 
c45: h517 - h91 - h43 - h102 - h21 - h9717 
c51: h17 + h423 - h158 
c52: h158 + h3157 + h20074 
c53: h109 + h73 
c54: h6450 - h118 - h135 
c55: h224 + h81 
