0,148.95999999999998,24.8
100,107.89599999999999,25
200,88.832,25
300,77.336,25
400,71.056,25
500,66.536,25
600,61.407999999999994,24.8
700,58.74400000000001,24.6
800,56.007999999999996,24.4
900,52.872,24.4
1000,52.455999999999996,24.4
1100,48.872,24.4
1200,47.024,24.4
1300,46.136,24.4
1400,46.128,24.4
1500,46.072,24.4
1600,45.872,24.4
1700,44.832,24.4
1800,44.832,24.4
1900,44.712,24.4
2000,44.712,24.4
2100,44.712,24.4
2200,44.712,24.4
2300,44.712,24.4
2400,44.712,24.4
2500,44.53600000000001,24.4
2600,44.53600000000001,24.4
2700,44.144000000000005,24.4
2800,43.992,24.4
2900,43.992,24.4
3000,43.992,24.4
3100,43.992,24.4
3200,43.992,24.4
3300,43.848,24.4
3400,43.815999999999995,24.4
3500,43.815999999999995,24.4
3600,43.296,24.4
3700,43.216,24.4
3800,43.216,24.4
3900,43.216,24.4
4000,42.367999999999995,24.4
4100,42.367999999999995,24.4
4200,42.367999999999995,24.4
4300,42.367999999999995,24.4
4400,41.968,24.4
4500,41.968,24.4
4600,41.968,24.4
4700,41.968,24.4
4800,41.968,24.4
4900,41.968,24.4
5000,41.968,24.4
5100,41.968,24.4
5200,41.632000000000005,24.4
5300,41.632,24.4
5400,41.632,24.4
5500,41.632,24.4
5600,41.632,24.4
5700,40.592,24.6
5800,40.128,24.6
5900,40.128,24.6
6000,39.88,24.6
6100,39.872,24.6
6200,39.872,24.6
6300,39.504,24.6
6400,39.504,24.6
6500,39.504,24.6
6600,39.504,24.6
6700,39.504,24.6
6800,39.504,24.6
6900,39.504,24.6
7000,39.504,24.6
7100,39.504,24.6
7200,39.504,24.6
7300,39.504,24.6
7400,39.032,24.6
7500,38.839999999999996,24.6
7600,38.839999999999996,24.6
7700,38.839999999999996,24.6
7800,38.839999999999996,24.6
7900,38.752,24.6
8000,38.023999999999994,24.6
8100,38.023999999999994,24.6
8200,38.023999999999994,24.6
8300,38.023999999999994,24.6
8400,37.496,24.6
8500,37.496,24.6
8600,37.496,24.6
8700,37.496,24.6
8800,37.496,24.6
8900,37.496,24.6
9000,37.496,24.6
9100,37.496,24.6
9200,37.496,24.6
9300,37.496,24.6
9400,37.496,24.6
9500,37.496,24.6
9600,37.232000000000006,24.6
9700,37.232000000000006,24.6
9800,37.232000000000006,24.6
9900,37.208000000000006,24.6
10000,37.208000000000006,24.6
10100,37.104,24.6
10200,37.104,24.6
10300,35.471999999999994,24.6
10400,34.616,24.6
10500,34.616,24.6
10600,34.616,24.6
10700,34.616,24.6
10800,34.616,24.6
10900,34.616,24.6
11000,34.496,24.6
11100,33.815999999999995,24.4
11200,33.815999999999995,24.4
11300,33.815999999999995,24.4
11400,33.815999999999995,24.4
11500,33.815999999999995,24.4
11600,33.815999999999995,24.4
11700,33.815999999999995,24.4
11800,33.815999999999995,24.4
11900,33.815999999999995,24.4
12000,33.815999999999995,24.4
12100,33.72,24.4
12200,33.72,24.4
12300,33.72,24.4
12400,33.72,24.4
12500,33.72,24.4
12600,33.72,24.4
12700,33.72,24.4
12800,33.72,24.4
12900,33.72,24.4
13000,33.64,24.4
13100,33.64,24.4
13200,33.64,24.4
13300,33.64,24.4
13400,33.576,24.4
13500,33.44,24.4
13600,33.44,24.4
13700,33.44,24.4
13800,33.44,24.4
13900,33.44,24.4
14000,33.44,24.4
14100,33.384,24.6
14200,33.384,24.6
14300,33.007999999999996,24.6
14400,33.007999999999996,24.6
14500,32.048,24.4
14600,31.4,24.4
14700,31.4,24.4
14800,31.4,24.4
14900,31.4,24.4
15000,31.4,24.4
15100,31.4,24.4
15200,31.4,24.4
15300,31.4,24.4
15400,31.4,24.4
15500,31.4,24.4
15600,31.4,24.4
15700,31.4,24.4
15800,31.4,24.4
15900,31.256,24.4
16000,31.256,24.4
16100,31.24,24.4
16200,31.24,24.4
16300,31.24,24.4
16400,31.176,24.6
16500,31.176,24.6
16600,31.176,24.6
16700,31.176,24.6
16800,31.176,24.6
16900,31.176,24.6
17000,31.176,24.6
17100,31.176,24.6
17200,31.176,24.6
17300,31.176,24.6
17400,31.176,24.6
17500,31.176,24.6
17600,31.176,24.6
17700,31.176,24.6
17800,31.176,24.6
17900,30.983999999999998,24.6
18000,30.983999999999998,24.6
18100,30.983999999999998,24.6
18200,30.983999999999998,24.6
18300,30.983999999999998,24.6
18400,30.983999999999998,24.6
18500,30.983999999999998,24.6
18600,30.983999999999998,24.6
18700,30.983999999999998,24.6
18800,30.983999999999998,24.6
18900,30.983999999999998,24.6
19000,30.983999999999998,24.6
19100,30.983999999999998,24.6
19200,30.919999999999998,24.6
19300,30.919999999999998,24.6
19400,30.919999999999998,24.6
19500,30.752000000000002,24.6
19600,30.752000000000002,24.6
19700,30.752000000000002,24.6
19800,30.144,24.6
19900,30.144,24.6
20000,30.144,24.6
20100,30.144,24.6
20200,30.144,24.6
20300,30.144,24.6
20400,30.144,24.6
20500,30.144,24.6
20600,30.144,24.6
20700,30.144,24.6
20800,30.144,24.6
20900,30.144,24.6
21000,30.144,24.6
21100,30.144,24.6
21200,30.144,24.6
21300,30.144,24.6
21400,30.144,24.6
21500,30.144,24.6
21600,30.096000000000004,24.6
21700,30.096000000000004,24.6
21800,30.096000000000004,24.6
21900,30.096000000000004,24.6
22000,30.096000000000004,24.6
22100,30.096000000000004,24.6
22200,30.096000000000004,24.6
22300,30.096000000000004,24.6
22400,30.096000000000004,24.6
22500,30.096000000000004,24.6
22600,30.096000000000004,24.6
22700,30.056,24.6
22800,30.056,24.6
22900,30.056,24.6
23000,30.056,24.6
23100,30.056,24.6
23200,30.056,24.6
23300,30.056,24.6
23400,30.056,24.6
23500,30.056,24.6
23600,30.056,24.6
23700,30.056,24.6
23800,30.056,24.6
23900,30.056,24.6
24000,30.056,24.6
24100,30.056,24.6
24200,30.056,24.6
24300,30.056,24.6
24400,30.056,24.6
24500,30.056,24.6
24600,30.056,24.6
24700,30.056,24.6
24800,30.056,24.6
24900,30.056,24.6
25000,30.056,24.6
25100,30.024,24.6
25200,30.024,24.6
25300,30.024,24.6
25400,30.024,24.6
25500,30.024,24.6
25600,30.024,24.6
25700,30.024,24.6
25800,30.024,24.6
25900,30.024,24.6
26000,30.024,24.6
26100,30.024,24.6
26200,30.024,24.6
26300,30.024,24.6
26400,30.024,24.6
26500,30.024,24.6
26600,30.024,24.6
26700,30.024,24.6
26800,30.024,24.6
26900,30.024,24.6
27000,30.024,24.6
27100,30.024,24.6
27200,29.903999999999996,24.4
27300,29.903999999999996,24.4
27400,29.903999999999996,24.4
27500,29.903999999999996,24.4
27600,29.640000000000004,24.4
27700,29.640000000000004,24.4
27800,29.640000000000004,24.4
27900,29.640000000000004,24.4
28000,29.640000000000004,24.4
28100,29.640000000000004,24.4
28200,29.640000000000004,24.4
28300,29.640000000000004,24.4
28400,29.640000000000004,24.4
28500,29.640000000000004,24.4
28600,29.640000000000004,24.4
28700,29.640000000000004,24.4
28800,29.640000000000004,24.4
28900,29.640000000000004,24.4
29000,29.640000000000004,24.4
29100,29.640000000000004,24.4
29200,29.640000000000004,24.4
29300,29.640000000000004,24.4
29400,29.640000000000004,24.4
29500,29.640000000000004,24.4
29600,29.640000000000004,24.4
29700,29.640000000000004,24.4
29800,29.640000000000004,24.4
29900,29.640000000000004,24.4
30000,29.640000000000004,24.4
30100,29.640000000000004,24.4
30200,29.640000000000004,24.4
30300,29.640000000000004,24.4
30400,29.640000000000004,24.4
30500,29.640000000000004,24.4
30600,29.640000000000004,24.4
30700,29.640000000000004,24.4
30800,29.640000000000004,24.4
30900,29.375999999999998,24.4
31000,29.375999999999998,24.4
31100,29.375999999999998,24.4
31200,29.375999999999998,24.4
31300,29.375999999999998,24.4
31400,29.375999999999998,24.4
31500,29.375999999999998,24.4
31600,29.375999999999998,24.4
31700,29.375999999999998,24.4
31800,29.375999999999998,24.4
31900,29.375999999999998,24.4
32000,29.375999999999998,24.4
32100,29.375999999999998,24.4
32200,29.375999999999998,24.4
32300,29.375999999999998,24.4
32400,29.375999999999998,24.4
32500,29.375999999999998,24.4
32600,29.375999999999998,24.4
32700,29.375999999999998,24.4
32800,29.375999999999998,24.4
32900,29.375999999999998,24.4
33000,29.375999999999998,24.4
33100,29.375999999999998,24.4
33200,29.375999999999998,24.4
33300,29.375999999999998,24.4
33400,29.375999999999998,24.4
33500,29.375999999999998,24.4
33600,29.375999999999998,24.4
33700,29.375999999999998,24.4
33800,29.375999999999998,24.4
33900,29.375999999999998,24.4
34000,29.375999999999998,24.4
34100,29.375999999999998,24.4
34200,29.375999999999998,24.4
34300,29.375999999999998,24.4
34400,29.375999999999998,24.4
34500,29.375999999999998,24.4
34600,29.375999999999998,24.4
34700,29.375999999999998,24.4
34800,29.375999999999998,24.4
34900,29.375999999999998,24.4
35000,29.375999999999998,24.4
35100,29.375999999999998,24.4
35200,29.375999999999998,24.4
35300,29.375999999999998,24.4
35400,29.375999999999998,24.4
35500,29.375999999999998,24.4
35600,29.375999999999998,24.4
35700,29.375999999999998,24.4
35800,29.375999999999998,24.4
35900,29.375999999999998,24.4
36000,29.375999999999998,24.4
36100,29.375999999999998,24.4
36200,29.375999999999998,24.4
36300,29.375999999999998,24.4
36400,29.208,24.4
36500,29.208,24.4
36600,29.208,24.4
36700,29.208,24.4
36800,29.208,24.4
36900,29.208,24.4
37000,29.208,24.4
37100,29.208,24.4
37200,29.208,24.4
37300,29.208,24.4
37400,29.208,24.4
37500,29.208,24.4
37600,29.208,24.4
37700,29.208,24.4
37800,29.208,24.4
37900,29.208,24.4
38000,29.208,24.4
38100,29.208,24.4
38200,29.208,24.4
38300,29.208,24.4
38400,29.208,24.4
38500,29.208,24.4
38600,29.208,24.4
38700,29.208,24.4
38800,29.208,24.4
38900,29.208,24.4
39000,29.208,24.4
39100,29.208,24.4
39200,29.208,24.4
39300,29.208,24.4
39400,29.208,24.4
39500,29.208,24.4
39600,29.208,24.4
39700,29.208,24.4
39800,29.208,24.4
39900,29.208,24.4
40000,29.208,24.4
40100,29.208,24.4
40200,29.119999999999997,24.4
40300,29.119999999999997,24.4
40400,29.119999999999997,24.4
40500,29.119999999999997,24.4
40600,29.119999999999997,24.4
40700,29.119999999999997,24.4
40800,29.119999999999997,24.4
40900,29.119999999999997,24.4
41000,29.119999999999997,24.4
41100,29.119999999999997,24.4
41200,29.119999999999997,24.4
41300,29.119999999999997,24.4
41400,29.119999999999997,24.4
41500,29.119999999999997,24.4
41600,29.119999999999997,24.4
41700,29.119999999999997,24.4
41800,29.119999999999997,24.4
41900,29.119999999999997,24.4
42000,29.119999999999997,24.4
42100,29.119999999999997,24.4
42200,29.119999999999997,24.4
42300,29.119999999999997,24.4
42400,29.119999999999997,24.4
42500,29.119999999999997,24.4
42600,29.119999999999997,24.4
42700,29.119999999999997,24.4
42800,29.119999999999997,24.4
42900,29.119999999999997,24.4
43000,29.119999999999997,24.4
43100,29.119999999999997,24.4
43200,29.119999999999997,24.4
43300,29.119999999999997,24.4
43400,29.119999999999997,24.4
43500,29.119999999999997,24.4
43600,29.119999999999997,24.4
43700,29.119999999999997,24.4
43800,29.119999999999997,24.4
43900,29.119999999999997,24.4
44000,29.119999999999997,24.4
44100,29.119999999999997,24.4
44200,29.119999999999997,24.4
44300,29.119999999999997,24.4
44400,29.119999999999997,24.4
44500,29.119999999999997,24.4
44600,29.119999999999997,24.4
44700,29.119999999999997,24.4
44800,29.119999999999997,24.4
44900,29.119999999999997,24.4
45000,29.119999999999997,24.4
45100,29.119999999999997,24.4
45200,29.119999999999997,24.4
45300,29.119999999999997,24.4
45400,29.119999999999997,24.4
45500,29.119999999999997,24.4
45600,29.119999999999997,24.4
45700,29.119999999999997,24.4
45800,29.119999999999997,24.4
45900,29.119999999999997,24.4
46000,29.119999999999997,24.4
46100,29.119999999999997,24.4
46200,29.119999999999997,24.4
46300,29.119999999999997,24.4
46400,29.119999999999997,24.4
46500,29.119999999999997,24.4
46600,29.119999999999997,24.4
46700,29.119999999999997,24.4
46800,29.119999999999997,24.4
46900,29.119999999999997,24.4
47000,29.119999999999997,24.4
47100,29.119999999999997,24.4
47200,29.119999999999997,24.4
47300,29.119999999999997,24.4
47400,29.119999999999997,24.4
47500,29.119999999999997,24.4
47600,29.119999999999997,24.4
47700,29.119999999999997,24.4
47800,29.119999999999997,24.4
47900,29.119999999999997,24.4
48000,29.119999999999997,24.4
48100,29.119999999999997,24.4
48200,29.119999999999997,24.4
48300,29.119999999999997,24.4
48400,29.119999999999997,24.4
48500,29.119999999999997,24.4
48600,29.119999999999997,24.4
48700,29.119999999999997,24.4
48800,29.119999999999997,24.4
48900,29.119999999999997,24.4
49000,29.119999999999997,24.4
49100,29.119999999999997,24.4
49200,29.119999999999997,24.4
49300,29.119999999999997,24.4
49400,29.119999999999997,24.4
49500,29.119999999999997,24.4
49600,29.119999999999997,24.4
49700,29.119999999999997,24.4
49800,29.119999999999997,24.4
49900,29.119999999999997,24.4
50000,29.119999999999997,24.4
50100,29.119999999999997,24.4
50200,29.119999999999997,24.4
50300,29.119999999999997,24.4
50400,29.119999999999997,24.4
50500,29.119999999999997,24.4
50600,29.119999999999997,24.4
50700,29.119999999999997,24.4
50800,29.119999999999997,24.4
50900,29.119999999999997,24.4
51000,29.119999999999997,24.4
51100,29.119999999999997,24.4
51200,29.119999999999997,24.4
51300,29.119999999999997,24.4
51400,29.119999999999997,24.4
51500,29.119999999999997,24.4
51600,29.119999999999997,24.4
51700,29.119999999999997,24.4
51800,29.119999999999997,24.4
51900,29.119999999999997,24.4
52000,29.119999999999997,24.4
52100,29.119999999999997,24.4
52200,29.119999999999997,24.4
52300,29.119999999999997,24.4
52400,29.119999999999997,24.4
52500,29.119999999999997,24.4
52600,29.119999999999997,24.4
52700,29.119999999999997,24.4
52800,29.119999999999997,24.4
52900,29.119999999999997,24.4
53000,29.119999999999997,24.4
53100,29.119999999999997,24.4
53200,29.119999999999997,24.4
53300,29.119999999999997,24.4
53400,29.119999999999997,24.4
53500,29.119999999999997,24.4
53600,29.119999999999997,24.4
53700,29.119999999999997,24.4
53800,29.119999999999997,24.4
53900,29.119999999999997,24.4
54000,29.112000000000002,24.4
54100,29.112000000000002,24.4
54200,29.112000000000002,24.4
54300,29.112000000000002,24.4
54400,29.112000000000002,24.4
54500,29.112000000000002,24.4
54600,29.112000000000002,24.4
54700,29.112000000000002,24.4
54800,29.112000000000002,24.4
54900,29.112000000000002,24.4
55000,29.112000000000002,24.4
55100,29.112000000000002,24.4
55200,29.112000000000002,24.4
55300,29.112000000000002,24.4
55400,29.112000000000002,24.4
55500,29.112000000000002,24.4
55600,29.112000000000002,24.4
55700,29.112000000000002,24.4
55800,29.112000000000002,24.4
55900,29.112000000000002,24.4
56000,29.112000000000002,24.4
56100,29.112000000000002,24.4
56200,29.112000000000002,24.4
56300,29.112000000000002,24.4
56400,29.112000000000002,24.4
56500,29.112000000000002,24.4
56600,29.112000000000002,24.4
56700,29.112000000000002,24.4
56800,29.112000000000002,24.4
56900,29.112000000000002,24.4
57000,29.112000000000002,24.4
57100,29.112000000000002,24.4
57200,29.112000000000002,24.4
57300,29.112000000000002,24.4
57400,29.112000000000002,24.4
57500,29.112000000000002,24.4
57600,29.112000000000002,24.4
57700,29.112000000000002,24.4
57800,29.112000000000002,24.4
57900,29.112000000000002,24.4
58000,29.112000000000002,24.4
58100,29.112000000000002,24.4
58200,29.112000000000002,24.4
58300,29.112000000000002,24.4
58400,29.112000000000002,24.4
58500,29.112000000000002,24.4
58600,29.112000000000002,24.4
58700,29.112000000000002,24.4
58800,29.112000000000002,24.4
58900,29.112000000000002,24.4
59000,29.112000000000002,24.4
59100,29.112000000000002,24.4
59200,29.112000000000002,24.4
59300,29.112000000000002,24.4
59400,29.112000000000002,24.4
59500,29.112000000000002,24.4
59600,29.112000000000002,24.4
59700,29.112000000000002,24.4
59800,29.112000000000002,24.4
59900,29.112000000000002,24.4
60000,29.112000000000002,24.4
60100,29.112000000000002,24.4
60200,29.112000000000002,24.4
60300,29.112000000000002,24.4
60400,29.112000000000002,24.4
60500,29.112000000000002,24.4
60600,29.112000000000002,24.4
60700,29.112000000000002,24.4
60800,29.112000000000002,24.4
60900,29.112000000000002,24.4
61000,29.112000000000002,24.4
61100,29.112000000000002,24.4
61200,29.112000000000002,24.4
61300,29.112000000000002,24.4
61400,29.112000000000002,24.4
61500,29.112000000000002,24.4
61600,29.112000000000002,24.4
61700,29.112000000000002,24.4
61800,29.112000000000002,24.4
61900,29.112000000000002,24.4
62000,29.112000000000002,24.4
62100,29.112000000000002,24.4
62200,29.112000000000002,24.4
62300,29.112000000000002,24.4
62400,29.112000000000002,24.4
62500,29.112000000000002,24.4
62600,29.112000000000002,24.4
62700,29.112000000000002,24.4
62800,29.112000000000002,24.4
62900,29.112000000000002,24.4
63000,29.112000000000002,24.4
63100,29.112000000000002,24.4
63200,29.112000000000002,24.4
63300,29.112000000000002,24.4
63400,29.112000000000002,24.4
63500,29.112000000000002,24.4
63600,29.112000000000002,24.4
63700,29.112000000000002,24.4
63800,29.112000000000002,24.4
63900,29.112000000000002,24.4
64000,29.112000000000002,24.4
64100,29.112000000000002,24.4
64200,29.112000000000002,24.4
64300,29.112000000000002,24.4
64400,29.112000000000002,24.4
64500,29.112000000000002,24.4
64600,29.112000000000002,24.4
64700,29.112000000000002,24.4
64800,29.112000000000002,24.4
64900,29.112000000000002,24.4
65000,29.112000000000002,24.4
65100,29.112000000000002,24.4
65200,29.112000000000002,24.4
65300,29.112000000000002,24.4
65400,29.112000000000002,24.4
65500,29.112000000000002,24.4
65600,29.112000000000002,24.4
65700,29.112000000000002,24.4
65800,29.112000000000002,24.4
65900,29.112000000000002,24.4
66000,29.112000000000002,24.4
66100,29.112000000000002,24.4
66200,29.112000000000002,24.4
66300,29.112000000000002,24.4
66400,29.112000000000002,24.4
66500,29.112000000000002,24.4
66600,29.112000000000002,24.4
66700,29.112000000000002,24.4
66800,29.112000000000002,24.4
66900,29.112000000000002,24.4
67000,29.112000000000002,24.4
67100,29.112000000000002,24.4
67200,29.112000000000002,24.4
67300,29.112000000000002,24.4
67400,29.112000000000002,24.4
67500,29.112000000000002,24.4
67600,29.112000000000002,24.4
67700,29.112000000000002,24.4
67800,29.112000000000002,24.4
67900,29.112000000000002,24.4
68000,29.112000000000002,24.4
68100,29.112000000000002,24.4
68200,29.112000000000002,24.4
68300,29.112000000000002,24.4
68400,29.112000000000002,24.4
68500,28.984,24.4
68600,28.984,24.4
68700,28.984,24.4
68800,28.984,24.4
68900,28.984,24.4
69000,28.984,24.4
69100,28.984,24.4
69200,28.984,24.4
69300,28.984,24.4
69400,28.984,24.4
69500,28.984,24.4
69600,28.984,24.4
69700,28.984,24.4
69800,28.984,24.4
69900,28.984,24.4
70000,28.631999999999998,24.4
70100,28.631999999999998,24.4
70200,28.631999999999998,24.4
70300,28.631999999999998,24.4
70400,28.631999999999998,24.4
70500,28.631999999999998,24.4
70600,28.631999999999998,24.4
70700,28.631999999999998,24.4
70800,28.631999999999998,24.4
70900,28.631999999999998,24.4
71000,28.631999999999998,24.4
71100,28.631999999999998,24.4
71200,28.631999999999998,24.4
71300,28.631999999999998,24.4
71400,28.631999999999998,24.4
71500,28.631999999999998,24.4
71600,28.631999999999998,24.4
71700,28.440000000000005,24.4
71800,28.440000000000005,24.4
71900,28.440000000000005,24.4
72000,28.440000000000005,24.4
72100,28.440000000000005,24.4
72200,28.440000000000005,24.4
72300,28.440000000000005,24.4
72400,28.440000000000005,24.4
72500,28.440000000000005,24.4
72600,28.440000000000005,24.4
72700,28.440000000000005,24.4
72800,28.440000000000005,24.4
72900,28.440000000000005,24.4
73000,28.440000000000005,24.4
73100,28.440000000000005,24.4
73200,28.440000000000005,24.4
73300,28.440000000000005,24.4
73400,28.440000000000005,24.4
73500,28.440000000000005,24.4
73600,28.440000000000005,24.4
73700,28.191999999999997,24.4
73800,28.191999999999997,24.4
73900,28.191999999999997,24.4
74000,28.191999999999997,24.4
74100,28.191999999999997,24.4
74200,28.191999999999997,24.4
74300,27.839999999999996,24.4
74400,27.839999999999996,24.4
74500,27.839999999999996,24.4
74600,27.839999999999996,24.4
74700,27.839999999999996,24.4
74800,27.839999999999996,24.4
74900,27.839999999999996,24.4
75000,27.839999999999996,24.4
75100,27.839999999999996,24.4
75200,27.839999999999996,24.4
75300,27.839999999999996,24.4
75400,27.839999999999996,24.4
75500,27.839999999999996,24.4
75600,27.839999999999996,24.4
75700,27.839999999999996,24.4
75800,27.839999999999996,24.4
75900,27.839999999999996,24.4
76000,27.839999999999996,24.4
76100,27.839999999999996,24.4
76200,27.839999999999996,24.4
76300,27.839999999999996,24.4
76400,27.839999999999996,24.4
76500,27.839999999999996,24.4
76600,27.839999999999996,24.4
76700,27.839999999999996,24.4
76800,27.839999999999996,24.4
76900,27.839999999999996,24.4
77000,27.839999999999996,24.4
77100,27.839999999999996,24.4
77200,27.839999999999996,24.4
77300,27.839999999999996,24.4
77400,27.839999999999996,24.4
77500,27.839999999999996,24.4
77600,27.839999999999996,24.4
77700,27.839999999999996,24.4
77800,27.839999999999996,24.4
77900,27.839999999999996,24.4
78000,27.839999999999996,24.4
78100,27.839999999999996,24.4
78200,27.839999999999996,24.4
78300,27.839999999999996,24.4
78400,27.839999999999996,24.4
78500,27.839999999999996,24.4
78600,27.839999999999996,24.4
78700,27.839999999999996,24.4
78800,27.839999999999996,24.4
78900,27.839999999999996,24.4
79000,27.839999999999996,24.4
79100,27.839999999999996,24.4
79200,27.839999999999996,24.4
79300,27.839999999999996,24.4
79400,27.839999999999996,24.4
79500,27.839999999999996,24.4
79600,27.839999999999996,24.4
79700,27.839999999999996,24.4
79800,27.839999999999996,24.4
79900,27.839999999999996,24.4
80000,27.839999999999996,24.4
80100,27.839999999999996,24.4
80200,27.839999999999996,24.4
80300,27.839999999999996,24.4
80400,27.839999999999996,24.4
80500,27.839999999999996,24.4
80600,27.839999999999996,24.4
80700,27.839999999999996,24.4
80800,27.839999999999996,24.4
80900,27.839999999999996,24.4
81000,27.839999999999996,24.4
81100,27.839999999999996,24.4
81200,27.839999999999996,24.4
81300,27.839999999999996,24.4
81400,27.839999999999996,24.4
81500,27.839999999999996,24.4
81600,27.839999999999996,24.4
81700,27.839999999999996,24.4
81800,27.839999999999996,24.4
81900,27.839999999999996,24.4
82000,27.839999999999996,24.4
82100,27.839999999999996,24.4
82200,27.839999999999996,24.4
82300,27.839999999999996,24.4
82400,27.839999999999996,24.4
82500,27.839999999999996,24.4
82600,27.839999999999996,24.4
82700,27.839999999999996,24.4
82800,27.839999999999996,24.4
82900,27.839999999999996,24.4
83000,27.839999999999996,24.4
83100,27.839999999999996,24.4
83200,27.839999999999996,24.4
83300,27.839999999999996,24.4
83400,27.839999999999996,24.4
83500,27.839999999999996,24.4
83600,27.839999999999996,24.4
83700,27.839999999999996,24.4
83800,27.839999999999996,24.4
83900,27.839999999999996,24.4
84000,27.839999999999996,24.4
84100,27.839999999999996,24.4
84200,27.839999999999996,24.4
84300,27.839999999999996,24.4
84400,27.839999999999996,24.4
84500,27.727999999999998,24.4
84600,27.727999999999998,24.4
84700,27.727999999999998,24.4
84800,27.727999999999998,24.4
84900,27.727999999999998,24.4
85000,27.727999999999998,24.4
85100,27.727999999999998,24.4
85200,27.727999999999998,24.4
85300,27.727999999999998,24.4
85400,27.727999999999998,24.4
85500,27.727999999999998,24.4
85600,27.727999999999998,24.4
85700,27.727999999999998,24.4
85800,27.727999999999998,24.4
85900,27.727999999999998,24.4
86000,27.727999999999998,24.4
86100,27.727999999999998,24.4
86200,27.727999999999998,24.4
86300,27.727999999999998,24.4
86400,27.727999999999998,24.4
86500,27.320000000000004,24.2
86600,27.320000000000004,24.2
86700,27.320000000000004,24.2
86800,27.320000000000004,24.2
86900,27.320000000000004,24.2
87000,27.320000000000004,24.2
87100,27.320000000000004,24.2
87200,27.320000000000004,24.2
87300,27.320000000000004,24.2
87400,27.320000000000004,24.2
87500,27.320000000000004,24.2
87600,27.320000000000004,24.2
87700,27.320000000000004,24.2
87800,27.320000000000004,24.2
87900,27.320000000000004,24.2
88000,27.320000000000004,24.2
88100,27.320000000000004,24.2
88200,27.320000000000004,24.2
88300,27.320000000000004,24.2
88400,27.320000000000004,24.2
88500,27.320000000000004,24.2
88600,27.320000000000004,24.2
88700,27.320000000000004,24.2
88800,27.320000000000004,24.2
88900,27.320000000000004,24.2
89000,27.320000000000004,24.2
89100,27.320000000000004,24.2
89200,27.320000000000004,24.2
89300,27.320000000000004,24.2
89400,27.320000000000004,24.2
89500,27.320000000000004,24.2
89600,27.320000000000004,24.2
89700,27.320000000000004,24.2
89800,27.320000000000004,24.2
89900,27.320000000000004,24.2
90000,27.320000000000004,24.2
90100,27.320000000000004,24.2
90200,27.320000000000004,24.2
90300,27.320000000000004,24.2
90400,27.320000000000004,24.2
90500,27.320000000000004,24.2
90600,27.320000000000004,24.2
90700,27.320000000000004,24.2
90800,27.320000000000004,24.2
90900,27.320000000000004,24.2
91000,27.320000000000004,24.2
91100,27.320000000000004,24.2
91200,27.320000000000004,24.2
91300,27.320000000000004,24.2
91400,27.320000000000004,24.2
91500,27.320000000000004,24.2
91600,27.320000000000004,24.2
91700,27.320000000000004,24.2
91800,27.320000000000004,24.2
91900,27.320000000000004,24.2
92000,27.119999999999997,24
92100,27.119999999999997,24
92200,27.119999999999997,24
92300,27.119999999999997,24
92400,27.119999999999997,24
92500,27.119999999999997,24
92600,27.119999999999997,24
92700,27.119999999999997,24
92800,27.119999999999997,24
92900,27.119999999999997,24
93000,27.119999999999997,24
93100,27.119999999999997,24
93200,27.119999999999997,24
93300,27.119999999999997,24
93400,27.119999999999997,24
93500,27.119999999999997,24
93600,27.119999999999997,24
93700,27.119999999999997,24
93800,27.119999999999997,24
93900,27.119999999999997,24
94000,27.119999999999997,24
94100,27.119999999999997,24
94200,27.119999999999997,24
94300,27.119999999999997,24
94400,27.119999999999997,24
94500,27.119999999999997,24
94600,27.119999999999997,24
94700,27.119999999999997,24
94800,27.119999999999997,24
94900,27.119999999999997,24
95000,27.119999999999997,24
95100,27.119999999999997,24
95200,27.119999999999997,24
95300,27.119999999999997,24
95400,27.119999999999997,24
95500,27.119999999999997,24
95600,27.119999999999997,24
95700,27.119999999999997,24
95800,27.119999999999997,24
95900,27.119999999999997,24
96000,27.119999999999997,24
96100,27.119999999999997,24
96200,27.119999999999997,24
96300,27.119999999999997,24
96400,27.119999999999997,24
96500,27.119999999999997,24
96600,27.119999999999997,24
96700,27.119999999999997,24
96800,27.119999999999997,24
96900,27.119999999999997,24
97000,27.119999999999997,24
97100,27.119999999999997,24
97200,27.119999999999997,24
97300,27.119999999999997,24
97400,27.119999999999997,24
97500,27.119999999999997,24
97600,27.119999999999997,24
97700,27.119999999999997,24
97800,27.119999999999997,24
97900,27.119999999999997,24
98000,27.119999999999997,24
98100,27.119999999999997,24
98200,27.119999999999997,24
98300,27.119999999999997,24
98400,27.119999999999997,24
98500,27.119999999999997,24
98600,27.119999999999997,24
98700,27.119999999999997,24
98800,27.119999999999997,24
98900,27.119999999999997,24
99000,27.119999999999997,24
99100,27.119999999999997,24
99200,27.119999999999997,24
99300,27.119999999999997,24
99400,27.119999999999997,24
99500,27.119999999999997,24
99600,27.119999999999997,24
99700,27.119999999999997,24
99800,27.119999999999997,24
99900,27.119999999999997,24
100000,27.119999999999997,24
100100,27.119999999999997,24
100200,27.119999999999997,24
100300,27.119999999999997,24
100400,27.119999999999997,24
100500,27.119999999999997,24
100600,26.944,24.2
100700,26.944,24.2
100800,26.944,24.2
100900,26.944,24.2
101000,26.944,24.2
101100,26.944,24.2
101200,26.944,24.2
101300,26.944,24.2
101400,26.944,24.2
101500,26.944,24.2
101600,26.944,24.2
101700,26.944,24.2
101800,26.944,24.2
101900,26.944,24.2
102000,26.944,24.2
102100,26.944,24.2
102200,26.944,24.2
102300,26.944,24.2
102400,26.944,24.2
102500,26.944,24.2
102600,26.944,24.2
102700,26.944,24.2
102800,26.944,24.2
102900,26.944,24.2
103000,26.944,24.2
103100,26.944,24.2
103200,26.944,24.2
103300,26.944,24.2
103400,26.944,24.2
103500,26.944,24.2
103600,26.944,24.2
103700,26.944,24.2
103800,26.944,24.2
103900,26.944,24.2
104000,26.944,24.2
104100,26.944,24.2
104200,26.944,24.2
104300,26.944,24.2
104400,26.944,24.2
104500,26.944,24.2
104600,26.944,24.2
104700,26.944,24.2
104800,26.944,24.2
104900,26.944,24.2
105000,26.944,24.2
105100,26.944,24.2
105200,26.944,24.2
105300,26.944,24.2
105400,26.944,24.2
105500,26.944,24.2
105600,26.944,24.2
105700,26.944,24.2
105800,26.944,24.2
105900,26.944,24.2
106000,26.944,24.2
106100,26.944,24.2
106200,26.944,24.2
106300,26.944,24.2
106400,26.944,24.2
106500,26.944,24.2
106600,26.944,24.2
106700,26.944,24.2
106800,26.944,24.2
106900,26.944,24.2
107000,26.944,24.2
107100,26.944,24.2
107200,26.944,24.2
107300,26.944,24.2
107400,26.944,24.2
107500,26.944,24.2
107600,26.944,24.2
107700,26.944,24.2
107800,26.944,24.2
107900,26.944,24.2
108000,26.944,24.2
108100,26.944,24.2
108200,26.944,24.2
108300,26.944,24.2
108400,26.944,24.2
108500,26.944,24.2
108600,26.944,24.2
108700,26.944,24.2
108800,26.944,24.2
108900,26.944,24.2
109000,26.944,24.2
109100,26.944,24.2
109200,26.944,24.2
109300,26.944,24.2
109400,26.912,24.2
109500,26.912,24.2
109600,26.912,24.2
109700,26.912,24.2
109800,26.912,24.2
109900,26.912,24.2
110000,26.912,24.2
110100,26.912,24.2
110200,26.912,24.2
110300,26.912,24.2
110400,26.912,24.2
110500,26.912,24.2
110600,26.912,24.2
110700,26.912,24.2
110800,26.912,24.2
110900,26.912,24.2
111000,26.912,24.2
111100,26.912,24.2
111200,26.912,24.2
111300,26.912,24.2
111400,26.912,24.2
111500,26.912,24.2
111600,26.912,24.2
111700,26.912,24.2
111800,26.912,24.2
111900,26.912,24.2
112000,26.912,24.2
112100,26.912,24.2
112200,26.912,24.2
112300,26.912,24.2
112400,26.912,24.2
112500,26.912,24.2
112600,26.912,24.2
112700,26.912,24.2
112800,26.912,24.2
112900,26.912,24.2
113000,26.912,24.2
113100,26.912,24.2
113200,26.912,24.2
113300,26.912,24.2
113400,26.912,24.2
113500,26.912,24.2
113600,26.912,24.2
113700,26.912,24.2
113800,26.912,24.2
113900,26.912,24.2
114000,26.631999999999998,24.2
114100,26.631999999999998,24.2
114200,26.631999999999998,24.2
114300,26.631999999999998,24.2
114400,26.631999999999998,24.2
114500,26.631999999999998,24.2
114600,26.631999999999998,24.2
114700,26.631999999999998,24.2
114800,26.631999999999998,24.2
114900,26.631999999999998,24.2
115000,26.631999999999998,24.2
115100,26.631999999999998,24.2
115200,26.631999999999998,24.2
115300,26.631999999999998,24.2
115400,26.631999999999998,24.2
115500,26.615999999999996,24.2
115600,26.615999999999996,24.2
115700,26.615999999999996,24.2
115800,26.615999999999996,24.2
115900,26.615999999999996,24.2
116000,26.615999999999996,24.2
116100,26.615999999999996,24.2
116200,26.615999999999996,24.2
116300,26.615999999999996,24.2
116400,26.615999999999996,24.2
116500,26.6,24
116600,26.6,24
116700,26.6,24
116800,26.6,24
116900,26.6,24
117000,26.6,24
117100,26.6,24
117200,26.544,24
117300,26.544,24
117400,26.544,24
117500,26.544,24
117600,26.544,24
117700,26.224,24.2
117800,26.224,24.2
117900,26.176,24.2
118000,26.176,24.2
118100,26.176,24.2
118200,26.176,24.2
118300,26.176,24.2
118400,26.176,24.2
118500,26.176,24.2
118600,26.176,24.2
118700,26.176,24.2
118800,26.176,24.2
118900,26.176,24.2
119000,26.176,24.2
119100,26.176,24.2
119200,26.176,24.2
119300,26.176,24.2
119400,26.176,24.2
119500,26.176,24.2
119600,26.176,24.2
119700,26.176,24.2
119800,26.176,24.2
119900,26.176,24.2
120000,26.176,24.2
120100,26.176,24.2
120200,26.176,24.2
120300,26.176,24.2
120400,26.176,24.2
120500,26.176,24.2
120600,26.176,24.2
120700,26.176,24.2
120800,26.176,24.2
120900,26.176,24.2
121000,26.176,24.2
121100,26.176,24.2
121200,26.176,24.2
121300,26.176,24.2
121400,26.176,24.2
121500,26.176,24.2
121600,26.176,24.2
121700,26.176,24.2
121800,26.176,24.2
121900,26.176,24.2
122000,26.176,24.2
122100,26.176,24.2
122200,26.176,24.2
122300,26.176,24.2
122400,26.176,24.2
122500,26.176,24.2
122600,26.176,24.2
122700,26.176,24.2
122800,26.176,24.2
122900,26.176,24.2
123000,26.176,24.2
123100,26.176,24.2
123200,26.176,24.2
123300,26.176,24.2
123400,26.176,24.2
123500,26.176,24.2
123600,26.095999999999997,24.2
123700,26.095999999999997,24.2
123800,26.095999999999997,24.2
123900,26.095999999999997,24.2
124000,26.095999999999997,24.2
124100,26.095999999999997,24.2
124200,26.095999999999997,24.2
124300,26.095999999999997,24.2
124400,26.095999999999997,24.2
124500,26.095999999999997,24.2
124600,26.095999999999997,24.2
124700,26.095999999999997,24.2
124800,26.095999999999997,24.2
124900,26.095999999999997,24.2
125000,26.095999999999997,24.2
125100,26.095999999999997,24.2
125200,26.095999999999997,24.2
125300,26.095999999999997,24.2
125400,26.095999999999997,24.2
125500,26.095999999999997,24.2
125600,26.095999999999997,24.2
125700,26.095999999999997,24.2
125800,26.095999999999997,24.2
125900,26.095999999999997,24.2
126000,26.095999999999997,24.2
126100,26.095999999999997,24.2
126200,26.095999999999997,24.2
126300,26.095999999999997,24.2
126400,26.095999999999997,24.2
126500,26.095999999999997,24.2
126600,26.095999999999997,24.2
126700,26.095999999999997,24.2
126800,26.095999999999997,24.2
126900,26.095999999999997,24.2
127000,26.095999999999997,24.2
127100,26.095999999999997,24.2
127200,26.095999999999997,24.2
127300,26.095999999999997,24.2
127400,26.095999999999997,24.2
127500,26.095999999999997,24.2
127600,26.095999999999997,24.2
127700,26.095999999999997,24.2
127800,26.095999999999997,24.2
127900,26.095999999999997,24.2
128000,26.095999999999997,24.2
128100,26.095999999999997,24.2
128200,26.095999999999997,24.2
128300,26.095999999999997,24.2
128400,26.095999999999997,24.2
128500,26.095999999999997,24.2
128600,26.095999999999997,24.2
128700,26.095999999999997,24.2
128800,26.095999999999997,24.2
128900,26.095999999999997,24.2
129000,26.095999999999997,24.2
129100,26.095999999999997,24.2
129200,26.095999999999997,24.2
129300,26.095999999999997,24.2
129400,26.095999999999997,24.2
129500,26.095999999999997,24.2
129600,26.095999999999997,24.2
129700,26.095999999999997,24.2
129800,26.095999999999997,24.2
129900,26.095999999999997,24.2
130000,26.095999999999997,24.2
130100,26.095999999999997,24.2
130200,26.095999999999997,24.2
130300,26.095999999999997,24.2
130400,26.095999999999997,24.2
130500,26.095999999999997,24.2
130600,26.095999999999997,24.2
130700,26.095999999999997,24.2
130800,26.095999999999997,24.2
130900,26.095999999999997,24.2
131000,26.095999999999997,24.2
131100,26.095999999999997,24.2
131200,26.095999999999997,24.2
131300,26.095999999999997,24.2
131400,26.095999999999997,24.2
131500,26.095999999999997,24.2
131600,26.095999999999997,24.2
131700,26.095999999999997,24.2
131800,26.095999999999997,24.2
131900,26.095999999999997,24.2
132000,26.095999999999997,24.2
132100,26.095999999999997,24.2
132200,26.095999999999997,24.2
132300,26.095999999999997,24.2
132400,26.095999999999997,24.2
132500,26.095999999999997,24.2
132600,26.095999999999997,24.2
132700,26.095999999999997,24.2
132800,26.095999999999997,24.2
132900,26.095999999999997,24.2
133000,26.095999999999997,24.2
133100,26.095999999999997,24.2
133200,26.095999999999997,24.2
133300,26.095999999999997,24.2
133400,26.095999999999997,24.2
133500,26.095999999999997,24.2
133600,26.095999999999997,24.2
133700,26.095999999999997,24.2
133800,26.095999999999997,24.2
133900,26.095999999999997,24.2
134000,26.095999999999997,24.2
134100,26.095999999999997,24.2
134200,26.095999999999997,24.2
134300,26.095999999999997,24.2
134400,26.095999999999997,24.2
134500,26.095999999999997,24.2
134600,26.095999999999997,24.2
134700,26.095999999999997,24.2
134800,26.095999999999997,24.2
134900,26.095999999999997,24.2
135000,26.095999999999997,24.2
135100,26.095999999999997,24.2
135200,26.095999999999997,24.2
135300,26.095999999999997,24.2
135400,26.095999999999997,24.2
135500,26.095999999999997,24.2
135600,26.095999999999997,24.2
135700,26.095999999999997,24.2
135800,26.095999999999997,24.2
135900,26.095999999999997,24.2
136000,26.095999999999997,24.2
136100,26.095999999999997,24.2
136200,26.095999999999997,24.2
136300,26.095999999999997,24.2
136400,26.095999999999997,24.2
136500,26.095999999999997,24.2
136600,26.095999999999997,24.2
136700,26.095999999999997,24.2
136800,26.095999999999997,24.2
136900,26.095999999999997,24.2
137000,26.095999999999997,24.2
137100,26.095999999999997,24.2
137200,26.095999999999997,24.2
137300,26.095999999999997,24.2
137400,26.095999999999997,24.2
137500,26.095999999999997,24.2
137600,26.095999999999997,24.2
137700,26.095999999999997,24.2
137800,26.095999999999997,24.2
137900,26.095999999999997,24.2
138000,26.095999999999997,24.2
138100,26.095999999999997,24.2
138200,26.095999999999997,24.2
138300,26.095999999999997,24.2
138400,26.095999999999997,24.2
138500,26.095999999999997,24.2
138600,26.095999999999997,24.2
138700,26.095999999999997,24.2
138800,26.095999999999997,24.2
138900,26.095999999999997,24.2
139000,26.095999999999997,24.2
139100,26.095999999999997,24.2
139200,26.095999999999997,24.2
139300,26.095999999999997,24.2
139400,26.095999999999997,24.2
139500,26.095999999999997,24.2
139600,26.095999999999997,24.2
139700,26.095999999999997,24.2
139800,26.095999999999997,24.2
139900,26.095999999999997,24.2
140000,26.095999999999997,24.2
140100,26.095999999999997,24.2
140200,26.095999999999997,24.2
140300,26.095999999999997,24.2
140400,26.095999999999997,24.2
140500,26.095999999999997,24.2
140600,26.095999999999997,24.2
140700,26.095999999999997,24.2
140800,26.095999999999997,24.2
140900,26.095999999999997,24.2
141000,26.095999999999997,24.2
141100,26.095999999999997,24.2
141200,26.095999999999997,24.2
141300,26.095999999999997,24.2
141400,26.095999999999997,24.2
141500,26.095999999999997,24.2
141600,26.095999999999997,24.2
141700,26.095999999999997,24.2
141800,26.095999999999997,24.2
141900,26.095999999999997,24.2
142000,26.095999999999997,24.2
142100,26.095999999999997,24.2
142200,26.095999999999997,24.2
142300,26.095999999999997,24.2
142400,26.095999999999997,24.2
142500,26.095999999999997,24.2
142600,26.095999999999997,24.2
142700,26.095999999999997,24.2
142800,26.095999999999997,24.2
142900,26.095999999999997,24.2
143000,26.095999999999997,24.2
143100,26.095999999999997,24.2
143200,26.095999999999997,24.2
143300,26.095999999999997,24.2
143400,26.095999999999997,24.2
143500,26.095999999999997,24.2
143600,26.095999999999997,24.2
143700,26.095999999999997,24.2
143800,26.095999999999997,24.2
143900,26.095999999999997,24.2
144000,26.095999999999997,24.2
144100,26.095999999999997,24.2
144200,26.095999999999997,24.2
144300,26.095999999999997,24.2
144400,26.095999999999997,24.2
144500,26.095999999999997,24.2
144600,26.095999999999997,24.2
144700,26.095999999999997,24.2
144800,26.095999999999997,24.2
144900,26.095999999999997,24.2
145000,26.095999999999997,24.2
145100,26.095999999999997,24.2
145200,26.095999999999997,24.2
145300,26.095999999999997,24.2
145400,26.095999999999997,24.2
145500,26.095999999999997,24.2
145600,26.095999999999997,24.2
145700,26.095999999999997,24.2
145800,26.095999999999997,24.2
145900,26.095999999999997,24.2
146000,26.095999999999997,24.2
146100,26.095999999999997,24.2
146200,26.095999999999997,24.2
146300,26.095999999999997,24.2
146400,26.095999999999997,24.2
146500,26.095999999999997,24.2
146600,26.095999999999997,24.2
146700,26.095999999999997,24.2
146800,26.095999999999997,24.2
146900,26.095999999999997,24.2
147000,26.095999999999997,24.2
147100,26.095999999999997,24.2
147200,26.095999999999997,24.2
147300,26.095999999999997,24.2
147400,26.095999999999997,24.2
147500,26.095999999999997,24.2
147600,26.095999999999997,24.2
147700,26.095999999999997,24.2
147800,26.095999999999997,24.2
147900,26.095999999999997,24.2
148000,26.095999999999997,24.2
148100,26.095999999999997,24.2
148200,26.095999999999997,24.2
148300,26.095999999999997,24.2
148400,26.095999999999997,24.2
148500,26.095999999999997,24.2
148600,26.095999999999997,24.2
148700,26.095999999999997,24.2
148800,26.095999999999997,24.2
148900,26.095999999999997,24.2
149000,26.095999999999997,24.2
149100,26.095999999999997,24.2
149200,26.095999999999997,24.2
149300,26.095999999999997,24.2
149400,26.095999999999997,24.2
149500,26.095999999999997,24.2
149600,26.095999999999997,24.2
149700,26.095999999999997,24.2
149800,26.095999999999997,24.2
149900,26.095999999999997,24.2
150000,26.095999999999997,24.2
150100,26.095999999999997,24.2
150200,26.095999999999997,24.2
150300,26.095999999999997,24.2
150400,26.095999999999997,24.2
150500,26.095999999999997,24.2
150600,26.024,24.2
150700,26.024,24.2
150800,26.024,24.2
150900,26.024,24.2
151000,26.024,24.2
151100,25.96,24
151200,25.96,24
151300,25.656,24
151400,25.656,24
151500,25.656,24
151600,25.656,24
151700,25.656,24
151800,25.656,24
151900,25.656,24
152000,25.303999999999995,24
152100,25.303999999999995,24
152200,25.303999999999995,24
152300,25.303999999999995,24
152400,25.303999999999995,24
152500,25.303999999999995,24
152600,25.303999999999995,24
152700,25.303999999999995,24
152800,25.303999999999995,24
152900,25.303999999999995,24
153000,25.303999999999995,24
153100,25.303999999999995,24
153200,25.303999999999995,24
153300,25.303999999999995,24
153400,25.303999999999995,24
153500,25.303999999999995,24
153600,25.303999999999995,24
153700,25.303999999999995,24
153800,25.303999999999995,24
153900,25.303999999999995,24
154000,25.303999999999995,24
154100,25.303999999999995,24
154200,25.303999999999995,24
154300,25.303999999999995,24
154400,25.303999999999995,24
154500,25.303999999999995,24
154600,25.303999999999995,24
154700,25.303999999999995,24
154800,25.303999999999995,24
154900,25.303999999999995,24
155000,25.303999999999995,24
155100,25.303999999999995,24
155200,25.303999999999995,24
155300,25.303999999999995,24
155400,25.303999999999995,24
155500,25.303999999999995,24
155600,25.303999999999995,24
155700,25.303999999999995,24
155800,25.303999999999995,24
155900,25.303999999999995,24
156000,25.303999999999995,24
156100,25.303999999999995,24
156200,25.303999999999995,24
156300,25.303999999999995,24
156400,25.303999999999995,24
156500,25.303999999999995,24
156600,25.303999999999995,24
156700,25.303999999999995,24
156800,25.303999999999995,24
156900,25.303999999999995,24
157000,25.303999999999995,24
157100,25.303999999999995,24
157200,25.303999999999995,24
157300,25.303999999999995,24
157400,25.303999999999995,24
157500,25.303999999999995,24
157600,25.303999999999995,24
157700,25.303999999999995,24
157800,25.303999999999995,24
157900,25.303999999999995,24
158000,25.303999999999995,24
158100,25.303999999999995,24
158200,25.303999999999995,24
158300,25.303999999999995,24
158400,25.303999999999995,24
158500,25.303999999999995,24
158600,25.303999999999995,24
158700,25.303999999999995,24
158800,25.303999999999995,24
158900,25.303999999999995,24
159000,25.303999999999995,24
159100,25.303999999999995,24
159200,25.303999999999995,24
159300,25.303999999999995,24
159400,25.303999999999995,24
159500,25.303999999999995,24
159600,25.303999999999995,24
159700,25.303999999999995,24
159800,25.303999999999995,24
159900,25.303999999999995,24
160000,25.303999999999995,24
160100,25.303999999999995,24
160200,25.303999999999995,24
160300,25.303999999999995,24
160400,25.303999999999995,24
160500,25.303999999999995,24
160600,25.303999999999995,24
160700,25.303999999999995,24
160800,25.303999999999995,24
160900,25.303999999999995,24
161000,25.303999999999995,24
161100,25.303999999999995,24
161200,25.303999999999995,24
161300,25.303999999999995,24
161400,25.303999999999995,24
161500,25.303999999999995,24
161600,25.303999999999995,24
161700,25.303999999999995,24
161800,25.303999999999995,24
161900,25.303999999999995,24
162000,25.303999999999995,24
162100,25.303999999999995,24
162200,25.303999999999995,24
162300,25.303999999999995,24
162400,25.303999999999995,24
162500,25.303999999999995,24
162600,25.303999999999995,24
162700,25.303999999999995,24
162800,25.303999999999995,24
162900,25.303999999999995,24
163000,25.303999999999995,24
163100,25.303999999999995,24
163200,25.303999999999995,24
163300,25.303999999999995,24
163400,25.303999999999995,24
163500,25.303999999999995,24
163600,25.303999999999995,24
163700,25.303999999999995,24
163800,25.303999999999995,24
163900,25.303999999999995,24
164000,25.303999999999995,24
164100,25.303999999999995,24
164200,25.303999999999995,24
164300,25.303999999999995,24
164400,25.303999999999995,24
164500,25.303999999999995,24
164600,25.303999999999995,24
164700,25.303999999999995,24
164800,25.303999999999995,24
164900,25.303999999999995,24
165000,25.303999999999995,24
165100,25.303999999999995,24
165200,25.303999999999995,24
165300,25.303999999999995,24
165400,25.303999999999995,24
165500,25.303999999999995,24
165600,25.303999999999995,24
165700,25.303999999999995,24
165800,25.303999999999995,24
165900,25.303999999999995,24
166000,25.303999999999995,24
166100,25.303999999999995,24
166200,25.247999999999998,24.2
166300,24.999999999999996,24.2
166400,24.999999999999996,24.2
166500,24.999999999999996,24.2
166600,24.999999999999996,24.2
166700,24.999999999999996,24.2
166800,24.999999999999996,24.2
166900,24.999999999999996,24.2
167000,24.999999999999996,24.2
167100,24.999999999999996,24.2
167200,24.999999999999996,24.2
167300,24.999999999999996,24.2
167400,24.999999999999996,24.2
167500,24.999999999999996,24.2
167600,24.999999999999996,24.2
167700,24.999999999999996,24.2
167800,24.999999999999996,24.2
167900,24.999999999999996,24.2
168000,24.999999999999996,24.2
168100,24.999999999999996,24.2
168200,24.999999999999996,24.2
168300,24.999999999999996,24.2
168400,24.999999999999996,24.2
168500,24.999999999999996,24.2
168600,24.999999999999996,24.2
168700,24.999999999999996,24.2
168800,24.999999999999996,24.2
168900,24.999999999999996,24.2
169000,24.999999999999996,24.2
169100,24.999999999999996,24.2
169200,24.999999999999996,24.2
169300,24.999999999999996,24.2
169400,24.999999999999996,24.2
169500,24.999999999999996,24.2
169600,24.999999999999996,24.2
169700,24.999999999999996,24.2
169800,24.999999999999996,24.2
169900,24.999999999999996,24.2
170000,24.999999999999996,24.2
170100,24.999999999999996,24.2
170200,24.999999999999996,24.2
170300,24.999999999999996,24.2
170400,24.999999999999996,24.2
170500,24.999999999999996,24.2
170600,24.999999999999996,24.2
170700,24.999999999999996,24.2
170800,24.999999999999996,24.2
170900,24.999999999999996,24.2
171000,24.999999999999996,24.2
171100,24.999999999999996,24.2
171200,24.999999999999996,24.2
171300,24.999999999999996,24.2
171400,24.999999999999996,24.2
171500,24.999999999999996,24.2
171600,24.999999999999996,24.2
171700,24.999999999999996,24.2
171800,24.999999999999996,24.2
171900,24.999999999999996,24.2
172000,24.999999999999996,24.2
172100,24.999999999999996,24.2
172200,24.999999999999996,24.2
172300,24.999999999999996,24.2
172400,24.999999999999996,24.2
172500,24.999999999999996,24.2
172600,24.999999999999996,24.2
172700,24.999999999999996,24.2
172800,24.999999999999996,24.2
172900,24.999999999999996,24.2
173000,24.999999999999996,24.2
173100,24.999999999999996,24.2
173200,24.999999999999996,24.2
173300,24.999999999999996,24.2
173400,24.999999999999996,24.2
173500,24.999999999999996,24.2
173600,24.999999999999996,24.2
173700,24.999999999999996,24.2
173800,24.999999999999996,24.2
173900,24.999999999999996,24.2
174000,24.999999999999996,24.2
174100,24.999999999999996,24.2
174200,24.999999999999996,24.2
174300,24.999999999999996,24.2
174400,24.999999999999996,24.2
174500,24.999999999999996,24.2
174600,24.999999999999996,24.2
174700,24.999999999999996,24.2
174800,24.999999999999996,24.2
174900,24.999999999999996,24.2
175000,24.999999999999996,24.2
175100,24.999999999999996,24.2
175200,24.999999999999996,24.2
175300,24.999999999999996,24.2
175400,24.999999999999996,24.2
175500,24.999999999999996,24.2
175600,24.999999999999996,24.2
175700,24.999999999999996,24.2
175800,24.999999999999996,24.2
175900,24.999999999999996,24.2
176000,24.999999999999996,24.2
176100,24.999999999999996,24.2
176200,24.999999999999996,24.2
176300,24.999999999999996,24.2
176400,24.999999999999996,24.2
176500,24.999999999999996,24.2
176600,24.999999999999996,24.2
176700,24.999999999999996,24.2
176800,24.999999999999996,24.2
176900,24.999999999999996,24.2
177000,24.999999999999996,24.2
177100,24.999999999999996,24.2
177200,24.999999999999996,24.2
177300,24.999999999999996,24.2
177400,24.999999999999996,24.2
177500,24.999999999999996,24.2
177600,24.999999999999996,24.2
177700,24.999999999999996,24.2
177800,24.999999999999996,24.2
177900,24.999999999999996,24.2
178000,24.999999999999996,24.2
178100,24.999999999999996,24.2
178200,24.999999999999996,24.2
178300,24.999999999999996,24.2
178400,24.999999999999996,24.2
178500,24.999999999999996,24.2
178600,24.999999999999996,24.2
178700,24.999999999999996,24.2
178800,24.999999999999996,24.2
178900,24.999999999999996,24.2
179000,24.999999999999996,24.2
179100,24.999999999999996,24.2
179200,24.999999999999996,24.2
179300,24.999999999999996,24.2
179400,24.999999999999996,24.2
179500,24.999999999999996,24.2
179600,24.999999999999996,24.2
179700,24.999999999999996,24.2
179800,24.999999999999996,24.2
179900,24.999999999999996,24.2
180000,24.999999999999996,24.2
180100,24.999999999999996,24.2
180200,24.999999999999996,24.2
180300,24.999999999999996,24.2
180400,24.999999999999996,24.2
180500,24.999999999999996,24.2
180600,24.999999999999996,24.2
180700,24.999999999999996,24.2
180800,24.999999999999996,24.2
180900,24.999999999999996,24.2
181000,24.999999999999996,24.2
181100,24.999999999999996,24.2
181200,24.999999999999996,24.2
181300,24.999999999999996,24.2
181400,24.999999999999996,24.2
181500,24.999999999999996,24.2
181600,24.999999999999996,24.2
181700,24.999999999999996,24.2
181800,24.999999999999996,24.2
181900,24.999999999999996,24.2
182000,24.999999999999996,24.2
182100,24.999999999999996,24.2
182200,24.999999999999996,24.2
182300,24.999999999999996,24.2
182400,24.999999999999996,24.2
182500,24.999999999999996,24.2
182600,24.999999999999996,24.2
182700,24.999999999999996,24.2
182800,24.999999999999996,24.2
182900,24.999999999999996,24.2
183000,24.999999999999996,24.2
183100,24.999999999999996,24.2
183200,24.999999999999996,24.2
183300,24.999999999999996,24.2
183400,24.999999999999996,24.2
183500,24.999999999999996,24.2
183600,24.999999999999996,24.2
183700,24.999999999999996,24.2
183800,24.999999999999996,24.2
183900,24.999999999999996,24.2
184000,24.999999999999996,24.2
184100,24.999999999999996,24.2
184200,24.999999999999996,24.2
184300,24.999999999999996,24.2
184400,24.999999999999996,24.2
184500,24.999999999999996,24.2
184600,24.999999999999996,24.2
184700,24.999999999999996,24.2
184800,24.999999999999996,24.2
184900,24.999999999999996,24.2
185000,24.999999999999996,24.2
185100,24.999999999999996,24.2
185200,24.999999999999996,24.2
185300,24.999999999999996,24.2
185400,24.999999999999996,24.2
185500,24.999999999999996,24.2
185600,24.999999999999996,24.2
185700,24.999999999999996,24.2
185800,24.999999999999996,24.2
185900,24.999999999999996,24.2
186000,24.999999999999996,24.2
186100,24.999999999999996,24.2
186200,24.999999999999996,24.2
186300,24.999999999999996,24.2
186400,24.999999999999996,24.2
186500,24.999999999999996,24.2
186600,24.999999999999996,24.2
186700,24.999999999999996,24.2
186800,24.999999999999996,24.2
186900,24.999999999999996,24.2
187000,24.999999999999996,24.2
187100,24.999999999999996,24.2
187200,24.999999999999996,24.2
187300,24.999999999999996,24.2
187400,24.999999999999996,24.2
187500,24.999999999999996,24.2
187600,24.999999999999996,24.2
187700,24.999999999999996,24.2
187800,24.999999999999996,24.2
187900,24.999999999999996,24.2
188000,24.999999999999996,24.2
188100,24.999999999999996,24.2
188200,24.999999999999996,24.2
188300,24.999999999999996,24.2
188400,24.999999999999996,24.2
188500,24.999999999999996,24.2
188600,24.999999999999996,24.2
188700,24.999999999999996,24.2
188800,24.999999999999996,24.2
188900,24.999999999999996,24.2
189000,24.999999999999996,24.2
189100,24.999999999999996,24.2
189200,24.999999999999996,24.2
189300,24.999999999999996,24.2
189400,24.999999999999996,24.2
189500,24.999999999999996,24.2
189600,24.999999999999996,24.2
189700,24.999999999999996,24.2
189800,24.999999999999996,24.2
189900,24.999999999999996,24.2
190000,24.999999999999996,24.2
190100,24.999999999999996,24.2
190200,24.999999999999996,24.2
190300,24.999999999999996,24.2
190400,24.999999999999996,24.2
190500,24.999999999999996,24.2
190600,24.999999999999996,24.2
190700,24.999999999999996,24.2
190800,24.999999999999996,24.2
190900,24.999999999999996,24.2
191000,24.999999999999996,24.2
191100,24.999999999999996,24.2
191200,24.999999999999996,24.2
191300,24.999999999999996,24.2
191400,24.999999999999996,24.2
191500,24.999999999999996,24.2
191600,24.999999999999996,24.2
191700,24.999999999999996,24.2
191800,24.999999999999996,24.2
191900,24.999999999999996,24.2
192000,24.999999999999996,24.2
192100,24.999999999999996,24.2
192200,24.999999999999996,24.2
192300,24.999999999999996,24.2
192400,24.999999999999996,24.2
192500,24.999999999999996,24.2
192600,24.999999999999996,24.2
192700,24.999999999999996,24.2
192800,24.999999999999996,24.2
192900,24.999999999999996,24.2
193000,24.999999999999996,24.2
193100,24.999999999999996,24.2
193200,24.999999999999996,24.2
193300,24.999999999999996,24.2
193400,24.999999999999996,24.2
193500,24.999999999999996,24.2
193600,24.999999999999996,24.2
193700,24.999999999999996,24.2
193800,24.999999999999996,24.2
193900,24.999999999999996,24.2
194000,24.999999999999996,24.2
194100,24.999999999999996,24.2
194200,24.999999999999996,24.2
194300,24.999999999999996,24.2
194400,24.999999999999996,24.2
194500,24.999999999999996,24.2
194600,24.999999999999996,24.2
194700,24.999999999999996,24.2
194800,24.999999999999996,24.2
194900,24.999999999999996,24.2
195000,24.999999999999996,24.2
195100,24.999999999999996,24.2
195200,24.999999999999996,24.2
195300,24.999999999999996,24.2
195400,24.999999999999996,24.2
195500,24.999999999999996,24.2
195600,24.999999999999996,24.2
195700,24.999999999999996,24.2
195800,24.999999999999996,24.2
195900,24.999999999999996,24.2
196000,24.999999999999996,24.2
196100,24.999999999999996,24.2
196200,24.999999999999996,24.2
196300,24.999999999999996,24.2
196400,24.999999999999996,24.2
196500,24.999999999999996,24.2
196600,24.999999999999996,24.2
196700,24.999999999999996,24.2
196800,24.999999999999996,24.2
196900,24.999999999999996,24.2
197000,24.999999999999996,24.2
197100,24.999999999999996,24.2
197200,24.999999999999996,24.2
197300,24.999999999999996,24.2
197400,24.999999999999996,24.2
197500,24.999999999999996,24.2
197600,24.999999999999996,24.2
197700,24.999999999999996,24.2
197800,24.999999999999996,24.2
197900,24.999999999999996,24.2
198000,24.999999999999996,24.2
198100,24.999999999999996,24.2
198200,24.999999999999996,24.2
198300,24.999999999999996,24.2
198400,24.999999999999996,24.2
198500,24.999999999999996,24.2
198600,24.999999999999996,24.2
198700,24.999999999999996,24.2
198800,24.999999999999996,24.2
198900,24.999999999999996,24.2
199000,24.999999999999996,24.2
199100,24.999999999999996,24.2
199200,24.999999999999996,24.2
199300,24.999999999999996,24.2
199400,24.999999999999996,24.2
199500,24.999999999999996,24.2
199600,24.999999999999996,24.2
199700,24.999999999999996,24.2
199800,24.999999999999996,24.2
199900,24.999999999999996,24.2
199999,24.999999999999996,24.2

START ALGORITHM
h2: (-a25 - a54 - a15) * (b11)
h4: (-a35) * (-b51 - b23)
h7: (a14 + a43 - a42 - a15) * (b33 - b15)
h8: (a54 - a51) * (b15 - b54)
h9: (-a23) * (b43 + b31 - b43)
h11: (a52 + a35 - a13) * (b51 - b42 - b51 - b25)
h12: (a11 - a14 - a53) * (b44 + b54 - b55 - b32 - b51)
h14: (a34) * (b44 + b44 + b55 - b23)
h15: (a33 - a41) * (b34 - b33)
h16: (a24 + a22 - a14) * (-b45)
h18: (a13 + a54 + a52 + a45) * (b24 - b23)
h19: (-a25 - a14) * (b44 + b45 - b33 - b14 - b45 - b55 - b13)
h21: (a51 - a24 - a23) * (-b22 - b33 - b41)
h22: (a12 + a52 - a52) * (b15 - b33)
h23: (-a32) * (b41 + b35)
h25: (-a34) * (-b24 - b45)
h26: (a15 - a22 - a54) * (-b25)
h28: (-a22 - a35) * (b44 - b41)
h30: (a34) * (b11)
h32: (a15 + a52 - a25) * (b43)
h39: (a14 + a15 + a11 + a23 - a35) * (-b14 - b25)
h40: (a31 - a34) * (b45)
h42: (a15 + a45 - a45 - a53) * (b41 - b15)
h43: (a41 + a25 + a23 - a42) * (b12 - b31 - b14)
h44: (-a55 - a34) * (-b55)
h46: (a31) * (b13 + b42 + b43 - b21)
h47: (-a41 - a21) * (b24 + b23 - b45)
h50: (a43 - a22) * (b53 + b11 + b11)
h51: (-a33 - a12) * (-b34 - b41 - b32)
h52: (a35 + a25) * (-b55 - b44)
h54: (a34 + a15 - a23) * (b14 - b44)
h55: (a13) * (b12 + b25 + b23 - b51)
h56: (a52 + a55 - a51 - a21) * (b11 + b14 + b15 - b43)
h57: (a54 - a34) * (b24 - b24 - b11 - b42 - b13 - b31)
h58: (a35 + a35 - a12) * (-b44 - b13)
h59: (-a41) * (b42 - b33 - b34)
h60: (a35 - a11) * (b25 + b32 + b34 + b52)
h61: (a15 + a35 - a14) * (b14 - b24)
h62: (-a14) * (b45 + b24 - b15 - b21)
h65: (-a12 - a45) * (-b32 - b35)
h66: (a14) * (b32 - b51)
h67: (a34 + a42 + a51) * (b31 + b12 - b25)
h68: (-a22) * (b52 - b22)
h69: (-a41 - a12) * (b35)
h72: (a35) * (b45 - b24 - b14)
h77: (-a45) * (b42 - b55)
h80: (-a53) * (b35 + b24 + b31 + b13 - b23 - b21 - b24)
h83: (a11 + a41) * (b55 + b31 - b45 - b15)
h84: (a34 - a55) * (b55 - b24 - b44)
h85: (a14 + a22 + a45 + a25 + a54 - a21 - a44 - a11) * (b33)
h89: (a15) * (b41)
h92: (-a45 - a12) * (b51 + b54 + b45 - b34)
h100: (a33 - a32 - a33) * (-b43)
h103: (a14 - a51) * (b34 + b22 - b35)
h105: (a31 - a25) * (-b33 - b41)
h106: (a14 - a55 - a42) * (b35)
h107: (-a21 - a55) * (b33 + b31 + b44 - b22)
h110: (a35 + a53 - a13 - a31 - a54) * (b54 - b55 - b51)
h111: (a12) * (-b43)
h113: (a22 + a55 + a12 - a15 - a14) * (-b33)
h115: (a43) * (b55 + b42 + b12 + b45 - b15 - b31)
h116: (-a14) * (b31 + b25)
h117: (a41 + a54 - a43 - a41 - a21 - a51) * (-b55 - b53)
h119: (a15 + a52 + a44 + a11) * (b23 - b53 - b14 - b24)
h125: (a55 - a55 - a54 - a53) * (b22 - b51 - b35 - b52)
h126: (a45 + a55 + a13 + a52 - a12) * (-b43)
h127: (a23 - a14 - a24) * (b43 + b24 + b35)
h135: (a24 - a55) * (-b24 - b34 - b15)
h139: (-a11 - a13 - a52 - a53) * (b12 + b34 - b41)
h146: (-a44) * (b41 - b35)
h155: (a41 + a32 - a43) * (b11 + b14 + b23 - b51 - b42 - b25 - b55)
h160: (a14 + a14 - a54 - a23 - a22) * (-b52)
h172: (-a41 - a23 - a25) * (b44 + b22)
h175: (a33 + a53 + a51 - a23 - a12) * (b45)
h208: (a44 - a24) * (-b45 - b41 - b41 - b33)
h215: (a25 - a45 - a24 - a31) * (b45)
h218: (a23 + a24) * (b21 + b15)
h231: (a13 + a54) * (b34 - b22 - b35 - b51)
h239: (a43 - a44) * (b34 - b33 - b34)
h251: (a52 + a21 + a35 + a43 - a23) * (-b32)
h292: (-a15) * (b55 + b43 + b23 - b51)
h308: (a25 + a11 + a53 - a32 - a21 - a11 - a23 - a13) * (b32 - b43)
h316: (a22 + a12) * (-b12 - b54)
h389: (a35 - a54 - a21 - a45) * (-b33 - b25 - b45)
h431: (a43) * (b55 + b12 + b54 - b14)
h438: (a23 - a12 - a23) * (-b51 - b31)
h481: (a34) * (-b31 - b52 - b15)
h482: (a41 + a31 - a24 - a24) * (b22 + b25)
h487: (a53 + a21 + a25) * (b22 + b45)
h489: (a11 + a11 + a25) * (b15 - b23)
h490: (-a34 - a42 - a34) * (b54 + b33)
h504: (-a55 - a24) * (b11 - b52 - b11)
h691: (a51) * (-b25 - b45)
h697: (-a31 - a12 - a24 - a12) * (b41 - b54 - b41)
h718: (a32 + a23 - a13 - a32) * (b21 - b54)
h778: (-a51) * (b32)
h1372: (-a51) * (b14 + b15 + b24 - b51)
h1795: (a53 + a44 + a23 - a15) * (b53 - b44 - b34 - b45)
h1848: (a44 + a21 - a34 - a34 - a51) * (-b21 - b14)
h2994: (-a43 - a32 - a11) * (b15 + b13)
h3041: (a41 - a21 - a13) * (b14 + b31 - b44)
h3229: (-a43 - a12 - a14) * (b43 + b52)
h3351: (a11) * (b23 + b35 - b35 - b22 - b51)
h5698: (a25 + a45 - a55) * (b54 - b52)
h5781: (-a31) * (b43 - b35 - b42)
h6755: (a43) * (b43 + b34 - b34 - b14)
h6940: (a23) * (-b43)
h7317: (a22 - a32 - a55) * (b13 + b51 + b12 - b32)
h9923: (a31 - a15) * (b54 - b13 - b25)
h14011: (a55 - a34) * (b52 - b52 - b23)
h27232: (a25 + a25 - a25 - a52) * (b45)
h34464: (a43 + a34 + a21) * (b44 - b53 - b21 - b22)
h35219: (a14 - a41 - a51) * (b53 - b25 - b34)
h42461: (a11 - a24) * (b43 - b31 - b41 - b23)
h46193: (-a13) * (b22 + b35 + b21 - b35)
h57177: (a24 + a31 + a52) * (b22 - b12)
h57912: (a54 - a54 - a52) * (b34 - b12)
h58808: (a54 - a41) * (-b45 - b23 - b21)
h61990: (-a24) * (-b23 - b32 - b12 - b11)
h75400: (a15 - a55 - a55) * (b55 - b54)
h75676: (a31 + a12 - a44) * (b12 + b12)
h76095: (-a51 - a42 - a52) * (b21 + b43)
h83277: (a12 - a24 - a32) * (b33 - b12)
c11: h15 + h126 + h46 + h119 + h69 - h47 - h105 
c12: h4 + h175 + h11 + h21 + h105 - h6940 
c13: h111 + h111 + h50 + h21 + h239 
c14: h42 - h14011 
c15: h4 + h65 + h308 
c21: h68 + h39 + h52 + h62 - h40 - h103 
c22: h11 + h46 + h110 
c23: h60 + h72 + h113 + h92 + h172 + h113 - h7 
c24: h22 + h42 + h3229 - h23 - h2994 
c25: h5698 + h5781 + h3229 + h308 + h65 - h8 - h489 - h7317 - h9923 
c31: h59 + h1795 + h3351 + h6755 + h218 
c32: h4 + h487 + h1372 + h92 + h438 - h57177 - h57912 - h61990 
c33: h125 + h28 + h58 + h59 + h431 - h57 
c34: h8 + h51 + h218 + h44 + h718 - h115 - h27232 
c35: h58 + h208 + h77 + h51 - h18 - h68 - h127 
c41: h85 + h316 + h3041 + h76095 + h14011 + h83277 - h44 - h75400 - h75676 
c42: h117 + h85 + h46 + h42461 + h67 
c43: h139 - h691 - h697 
c44: h51 + h9 + h25 - h107 - h175 - h215 
c45: h106 + h160 + h718 - h92 
c51: h80 + h26 + h175 + h42 - h23 
c52: h135 + h389 + h44 + h292 + h14 + h481 + h3041 + h65 - h146 - h35219 - h46193 
c53: h504 - h490 
c54: h30 + h438 + h308 + h34464 - h482 
c55: h9 + h292 + h65 + h30 - h778 - h58808 
