0,174.52000000000004,25
100,112.32000000000001,24.8
200,96.55199999999999,24.6
300,78.488,24.6
400,74.92,24.6
500,74.31199999999998,24.6
600,67.272,24.8
700,64.536,24.8
800,61.464,24.8
900,61.464,24.8
1000,57.104,24.8
1100,56.815999999999995,24.8
1200,54.504,24.8
1300,53.136,24.8
1400,53.136,24.8
1500,51.248000000000005,24.8
1600,50.495999999999995,24.8
1700,50.495999999999995,24.8
1800,50.495999999999995,24.8
1900,50.495999999999995,24.8
2000,50.495999999999995,24.8
2100,50.495999999999995,24.8
2200,47.568000000000005,24.8
2300,47.568000000000005,24.8
2400,47.472,24.8
2500,47.096000000000004,24.8
2600,47.096000000000004,24.8
2700,47.096000000000004,24.8
2800,46.136,24.8
2900,44.56,24.8
3000,44.391999999999996,24.8
3100,44.391999999999996,24.8
3200,44.104,24.8
3300,44.104,24.8
3400,43.336,24.6
3500,43.336,24.6
3600,43.336,24.6
3700,43.336,24.6
3800,43.336,24.6
3900,43.336,24.6
4000,43.29600000000001,24.4
4100,42.576,24.4
4200,42.576,24.4
4300,42.11200000000001,24.4
4400,42.11200000000001,24.4
4500,41.872,24.4
4600,39.744,24.4
4700,39.008,24.4
4800,39.008,24.4
4900,37.552,24.6
5000,37.552,24.6
5100,37.552,24.6
5200,37.279999999999994,24.6
5300,37.279999999999994,24.6
5400,37.279999999999994,24.6
5500,37.279999999999994,24.6
5600,37.279999999999994,24.6
5700,37.279999999999994,24.6
5800,37.279999999999994,24.6
5900,37.279999999999994,24.6
6000,37.279999999999994,24.6
6100,37.279999999999994,24.6
6200,37.279999999999994,24.6
6300,36.208,24.6
6400,36.208,24.6
6500,36.208,24.6
6600,36.208,24.6
6700,36.208,24.6
6800,36.208,24.6
6900,36.208,24.6
7000,36.208,24.6
7100,36.208,24.6
7200,36.208,24.6
7300,36.208,24.6
7400,36.208,24.6
7500,36.208,24.6
7600,36.208,24.6
7700,36.208,24.6
7800,36.208,24.6
7900,36.208,24.6
8000,36.208,24.6
8100,36.208,24.6
8200,36.208,24.6
8300,36.208,24.6
8400,36.208,24.6
8500,36.208,24.6
8600,35.976,24.6
8700,35.519999999999996,24.4
8800,35.519999999999996,24.4
8900,35.519999999999996,24.4
9000,35.519999999999996,24.4
9100,35.519999999999996,24.4
9200,35.519999999999996,24.4
9300,35.048,24.4
9400,35.048,24.4
9500,35.048,24.4
9600,35.048,24.4
9700,35.048,24.4
9800,35.048,24.4
9900,35.048,24.6
10000,35.048,24.6
10100,35.048,24.6
10200,35.048,24.6
10300,35.048,24.6
10400,35.048,24.6
10500,35.048,24.6
10600,35.048,24.6
10700,35.048,24.6
10800,35.048,24.6
10900,35.048,24.6
11000,35.048,24.6
11100,35.048,24.6
11200,35.048,24.6
11300,35.048,24.6
11400,35.048,24.6
11500,35.048,24.6
11600,35.048,24.6
11700,35.048,24.6
11800,35.048,24.6
11900,35.048,24.6
12000,35.048,24.6
12100,35.048,24.6
12200,35.048,24.6
12300,35.048,24.6
12400,35.007999999999996,24.6
12500,35.007999999999996,24.6
12600,35.007999999999996,24.6
12700,35.007999999999996,24.6
12800,35.007999999999996,24.6
12900,35.007999999999996,24.6
13000,35.007999999999996,24.6
13100,35.007999999999996,24.6
13200,35.007999999999996,24.6
13300,35.007999999999996,24.6
13400,35.007999999999996,24.6
13500,35.007999999999996,24.6
13600,35.007999999999996,24.6
13700,35.007999999999996,24.6
13800,35.007999999999996,24.6
13900,34.616,24.6
14000,34.616,24.6
14100,34.616,24.6
14200,34.616,24.6
14300,34.616,24.6
14400,34.616,24.6
14500,34.616,24.6
14600,34.616,24.6
14700,34.616,24.6
14800,33.72,24.4
14900,33.72,24.4
15000,33.72,24.4
15100,33.72,24.4
15200,33.72,24.4
15300,33.72,24.4
15400,33.72,24.4
15500,33.72,24.4
15600,33.72,24.4
15700,33.72,24.4
15800,33.72,24.4
15900,33.72,24.4
16000,33.72,24.4
16100,32.928000000000004,24.4
16200,32.928000000000004,24.4
16300,32.928000000000004,24.4
16400,32.928000000000004,24.4
16500,32.928000000000004,24.4
16600,32.504000000000005,24.4
16700,32.288,24.4
16800,32.288,24.4
16900,32.288,24.4
17000,32.288,24.4
17100,32.288,24.4
17200,31.799999999999994,24.4
17300,31.799999999999994,24.4
17400,31.799999999999994,24.4
17500,31.799999999999994,24.4
17600,31.799999999999994,24.4
17700,31.799999999999994,24.4
17800,31.799999999999994,24.4
17900,31.351999999999993,24.4
18000,31.351999999999993,24.4
18100,31.351999999999993,24.4
18200,31.351999999999993,24.4
18300,31.351999999999993,24.4
18400,31.351999999999993,24.4
18500,31.351999999999993,24.4
18600,31.351999999999993,24.4
18700,31.351999999999993,24.4
18800,31.351999999999993,24.4
18900,31.351999999999993,24.4
19000,30.776,24.2
19100,30.776,24.2
19200,30.776,24.2
19300,30.776,24.2
19400,30.776,24.2
19500,30.776,24.2
19600,30.776,24.2
19700,30.776,24.2
19800,30.776,24.2
19900,30.776,24.2
20000,30.776,24.2
20100,30.776,24.2
20200,30.776,24.2
20300,30.119999999999997,23.8
20400,30.119999999999997,23.8
20500,29.544,23.8
20600,29.544,23.8
20700,29.544,23.8
20800,29.544,23.8
20900,29.544,23.8
21000,29.544,23.8
21100,29.544,23.8
21200,29.544,23.8
21300,29.544,23.8
21400,29.544,23.8
21500,29.544,23.8
21600,29.544,23.8
21700,29.544,23.8
21800,29.415999999999997,23.8
21900,29.415999999999997,23.8
22000,29.415999999999997,23.8
22100,29.415999999999997,23.8
22200,29.415999999999997,23.8
22300,29.415999999999997,23.8
22400,29.415999999999997,23.8
22500,29.415999999999997,23.8
22600,29.415999999999997,23.8
22700,29.415999999999997,23.8
22800,29.415999999999997,23.8
22900,29.415999999999997,23.8
23000,29.415999999999997,23.8
23100,29.415999999999997,23.8
23200,29.415999999999997,23.8
23300,29.415999999999997,23.8
23400,29.415999999999997,23.8
23500,29.407999999999998,23.8
23600,29.407999999999998,23.8
23700,29.407999999999998,23.8
23800,29.407999999999998,23.8
23900,29.407999999999998,23.8
24000,29.407999999999998,23.8
24100,29.192,23.8
24200,29.192,23.8
24300,29.192,23.8
24400,29.192,23.8
24500,29.192,23.8
24600,29.192,23.8
24700,29.192,23.8
24800,29.192,23.8
24900,29.192,23.8
25000,29.192,23.8
25100,29.192,23.8
25200,29.192,23.8
25300,29.192,23.8
25400,29.192,23.8
25500,29.192,23.8
25600,29.192,23.8
25700,29.192,23.8
25800,29.192,23.8
25900,29.192,23.8
26000,29.192,23.8
26100,29.192,23.8
26200,29.192,23.8
26300,29.192,23.8
26400,29.192,23.8
26500,29.192,23.8
26600,29.192,23.8
26700,29.192,23.8
26800,29.192,23.8
26900,29.192,23.8
27000,29.192,23.8
27100,29.192,23.8
27200,29.192,23.8
27300,29.192,23.8
27400,29.192,23.8
27500,28.912,23.8
27600,28.912,23.8
27700,28.912,23.8
27800,28.912,23.8
27900,28.912,23.8
28000,28.912,23.8
28100,28.912,23.8
28200,28.912,23.8
28300,28.912,23.8
28400,28.912,23.8
28500,28.912,23.8
28600,28.912,23.8
28700,28.912,23.8
28800,28.912,23.8
28900,28.912,23.8
29000,28.912,23.8
29100,28.912,23.8
29200,28.912,23.8
29300,28.912,23.8
29400,28.912,23.8
29500,28.912,23.8
29600,28.912,23.8
29700,28.912,23.8
29800,28.912,23.8
29900,28.912,23.8
30000,28.912,23.8
30100,28.912,23.8
30200,28.912,23.8
30300,28.912,23.8
30400,28.912,23.8
30500,28.912,23.8
30600,28.912,23.8
30700,28.912,23.8
30800,28.912,23.8
30900,28.912,23.8
31000,28.912,23.8
31100,28.912,23.8
31200,28.912,23.8
31300,28.912,23.8
31400,28.912,23.8
31500,28.536,23.8
31600,28.536,23.8
31700,28.536,23.8
31800,28.536,23.8
31900,28.536,23.8
32000,28.536,23.8
32100,28.536,23.8
32200,28.536,23.8
32300,28.536,23.8
32400,28.536,23.8
32500,28.536,23.8
32600,28.536,23.8
32700,28.536,23.8
32800,28.536,23.8
32900,28.536,23.8
33000,28.536,23.8
33100,28.536,23.8
33200,28.536,23.8
33300,28.536,23.8
33400,28.536,23.8
33500,28.536,23.8
33600,28.536,23.8
33700,28.536,23.8
33800,28.536,23.8
33900,28.536,23.8
34000,28.536,23.8
34100,28.536,23.8
34200,28.536,23.8
34300,28.536,23.8
34400,28.536,23.8
34500,28.536,23.8
34600,28.536,23.8
34700,28.536,23.8
34800,28.536,23.8
34900,28.536,23.8
35000,28.536,23.8
35100,28.536,23.8
35200,28.536,23.8
35300,28.536,23.8
35400,28.536,23.8
35500,28.536,23.8
35600,28.536,23.8
35700,28.536,23.8
35800,28.536,23.8
35900,28.536,23.8
36000,28.536,23.8
36100,28.536,23.8
36200,28.536,23.8
36300,28.536,23.8
36400,28.536,23.8
36500,28.536,23.8
36600,28.536,23.8
36700,28.536,23.8
36800,28.536,23.8
36900,28.536,23.8
37000,28.536,23.8
37100,28.536,23.8
37200,28.536,23.8
37300,28.536,23.8
37400,28.536,23.8
37500,28.536,23.8
37600,28.536,23.8
37700,28.536,23.8
37800,28.536,23.8
37900,28.536,23.8
38000,28.536,23.8
38100,28.536,23.8
38200,28.536,23.8
38300,28.536,23.8
38400,28.536,23.8
38500,28.536,23.8
38600,28.536,23.8
38700,28.536,23.8
38800,28.536,23.8
38900,28.536,23.8
39000,28.424,24
39100,28.424,24
39200,28.424,24
39300,28.424,24
39400,28.424,24
39500,28.424,24
39600,28.424,24
39700,28.424,24
39800,28.424,24
39900,28.424,24
40000,28.424,24
40100,28.424,24
40200,28.424,24
40300,28.424,24
40400,28.424,24
40500,28.424,24
40600,28.424,24
40700,28.424,24
40800,28.424,24
40900,28.424,24
41000,28.424,24
41100,28.424,24
41200,28.424,24
41300,28.424,24
41400,28.424,24
41500,28.424,24
41600,28.424,24
41700,28.424,24
41800,28.424,24
41900,28.424,24
42000,28.424,24
42100,28.424,24
42200,28.424,24
42300,28.424,24
42400,28.424,24
42500,28.424,24
42600,28.424,24
42700,28.424,24
42800,28.424,24
42900,28.424,24
43000,28.424,24
43100,28.424,24
43200,28.424,24
43300,28.424,24
43400,28.424,24
43500,28.424,24
43600,28.424,24
43700,28.424,24
43800,28.424,24
43900,28.424,24
44000,28.424,24
44100,28.424,24
44200,28.424,24
44300,28.424,24
44400,28.424,24
44500,28.424,24
44600,28.424,24
44700,28.424,24
44800,28.424,24
44900,28.424,24
45000,28.424,24
45100,28.424,24
45200,28.424,24
45300,28.424,24
45400,28.424,24
45500,28.424,24
45600,28.424,24
45700,28.424,24
45800,28.424,24
45900,28.424,24
46000,28.424,24
46100,28.424,24
46200,28.424,24
46300,28.424,24
46400,28.424,24
46500,28.424,24
46600,28.424,24
46700,28.424,24
46800,28.424,24
46900,28.4,23.8
47000,28.4,23.8
47100,28.176,24
47200,28.176,24
47300,28.176,24
47400,28.176,24
47500,28.176,24
47600,28.176,24
47700,28.176,24
47800,28.176,24
47900,28.176,24
48000,28.176,24
48100,28.176,24
48200,28.176,24
48300,28.176,24
48400,28.176,24
48500,28.176,24
48600,28.176,24
48700,28.176,24
48800,28.176,24
48900,28.176,24
49000,28.176,24
49100,28.176,24
49200,28.176,24
49300,28.176,24
49400,28.176,24
49500,28.176,24
49600,28.176,24
49700,28.176,24
49800,28.176,24
49900,28.176,24
50000,28.176,24
50100,28.176,24
50200,28.176,24
50300,27.928000000000004,24
50400,27.928000000000004,24
50500,27.928000000000004,24
50600,27.928000000000004,24
50700,27.928000000000004,24
50800,27.407999999999998,24
50900,27.407999999999998,24
51000,27.407999999999998,24
51100,27.407999999999998,24
51200,27.407999999999998,24
51300,27.407999999999998,24
51400,27.407999999999998,24
51500,27.407999999999998,24
51600,27.407999999999998,24
51700,27.407999999999998,24
51800,27.407999999999998,24
51900,27.407999999999998,24
52000,27.407999999999998,24
52100,27.272000000000002,24
52200,27.272000000000002,24
52300,27.272000000000002,24
52400,27.272000000000002,24
52500,27.272000000000002,24
52600,27.272000000000002,24
52700,27.272000000000002,24
52800,27.272000000000002,24
52900,27.272000000000002,24
53000,27.272000000000002,24
53100,27.272000000000002,24
53200,27.272000000000002,24
53300,27.272000000000002,24
53400,27.272000000000002,24
53500,27.272000000000002,24
53600,27.272000000000002,24
53700,27.272000000000002,24
53800,27.272000000000002,24
53900,26.904000000000003,24
54000,26.904000000000003,24
54100,26.904000000000003,24
54200,26.904000000000003,24
54300,26.904000000000003,24
54400,26.904000000000003,24
54500,26.904000000000003,24
54600,26.904000000000003,24
54700,26.904000000000003,24
54800,26.904000000000003,24
54900,26.904000000000003,24
55000,26.904000000000003,24
55100,26.904000000000003,24
55200,26.904000000000003,24
55300,26.904000000000003,24
55400,26.904000000000003,24
55500,26.904000000000003,24
55600,26.904000000000003,24
55700,26.904000000000003,24
55800,26.904000000000003,24
55900,26.904000000000003,24
56000,26.904000000000003,24
56100,26.904000000000003,24
56200,26.904000000000003,24
56300,26.904000000000003,24
56400,26.904000000000003,24
56500,26.904000000000003,24
56600,26.904000000000003,24
56700,26.904000000000003,24
56800,26.904000000000003,24
56900,26.904000000000003,24
57000,26.904000000000003,24
57100,26.904000000000003,24
57200,26.904000000000003,24
57300,26.904000000000003,24
57400,26.904000000000003,24
57500,26.904000000000003,24
57600,26.848000000000003,24
57700,26.448,24
57800,26.448,24
57900,26.448,24
58000,26.448,24
58100,26.448,24
58200,26.448,24
58300,26.448,24
58400,26.448,24
58500,26.448,24
58600,26.448,24
58700,26.448,24
58800,26.448,24
58900,26.448,24
59000,26.448,24
59100,25.663999999999998,24
59200,25.663999999999998,24
59300,25.663999999999998,24
59400,25.663999999999998,24
59500,25.663999999999998,24
59600,25.663999999999998,24
59700,25.663999999999998,24
59800,25.663999999999998,24
59900,25.663999999999998,24
60000,25.663999999999998,24
60100,25.663999999999998,24
60200,25.663999999999998,24
60300,25.663999999999998,24
60400,25.663999999999998,24
60500,25.663999999999998,24
60600,25.663999999999998,24
60700,25.663999999999998,24
60800,25.663999999999998,24
60900,25.663999999999998,24
61000,25.663999999999998,24
61100,25.663999999999998,24
61200,25.663999999999998,24
61300,25.663999999999998,24
61400,25.663999999999998,24
61500,25.663999999999998,24
61600,25.663999999999998,24
61700,25.663999999999998,24
61800,25.663999999999998,24
61900,25.663999999999998,24
62000,25.663999999999998,24
62100,25.663999999999998,24
62200,25.663999999999998,24
62300,25.663999999999998,24
62400,25.663999999999998,24
62500,25.663999999999998,24
62600,25.663999999999998,24
62700,25.663999999999998,24
62800,25.663999999999998,24
62900,25.631999999999998,24
63000,25.631999999999998,24
63100,25.631999999999998,24
63200,25.631999999999998,24
63300,25.631999999999998,24
63400,25.631999999999998,24
63500,25.631999999999998,24
63600,25.631999999999998,24
63700,25.631999999999998,24
63800,25.631999999999998,24
63900,25.631999999999998,24
64000,25.631999999999998,24
64100,25.631999999999998,24
64200,25.631999999999998,24
64300,25.631999999999998,24
64400,25.631999999999998,24
64500,25.631999999999998,24
64600,25.631999999999998,24
64700,25.631999999999998,24
64800,25.631999999999998,24
64900,25.631999999999998,24
65000,25.631999999999998,24
65100,25.631999999999998,24
65200,25.631999999999998,24
65300,25.631999999999998,24
65400,25.631999999999998,24
65500,25.631999999999998,24
65600,25.631999999999998,24
65700,25.631999999999998,24
65800,25.631999999999998,24
65900,25.631999999999998,24
66000,25.631999999999998,24
66100,25.631999999999998,24
66200,25.631999999999998,24
66300,25.631999999999998,24
66400,25.631999999999998,24
66500,25.631999999999998,24
66600,25.631999999999998,24
66700,25.631999999999998,24
66800,25.631999999999998,24
66900,25.631999999999998,24
67000,25.631999999999998,24
67100,25.631999999999998,24
67200,25.631999999999998,24
67300,25.631999999999998,24
67400,25.631999999999998,24
67500,25.631999999999998,24
67600,25.631999999999998,24
67700,25.631999999999998,24
67800,25.631999999999998,24
67900,25.631999999999998,24
68000,25.631999999999998,24
68100,25.631999999999998,24
68200,25.631999999999998,24
68300,25.631999999999998,24
68400,25.631999999999998,24
68500,25.631999999999998,24
68600,25.631999999999998,24
68700,25.631999999999998,24
68800,25.631999999999998,24
68900,25.631999999999998,24
69000,25.631999999999998,24
69100,25.631999999999998,24
69200,25.631999999999998,24
69300,25.631999999999998,24
69400,25.631999999999998,24
69500,25.631999999999998,24
69600,25.631999999999998,24
69700,25.631999999999998,24
69800,25.631999999999998,24
69900,25.631999999999998,24
70000,25.631999999999998,24
70100,25.631999999999998,24
70200,25.631999999999998,24
70300,25.631999999999998,24
70400,25.631999999999998,24
70500,25.631999999999998,24
70600,25.631999999999998,24
70700,25.631999999999998,24
70800,25.631999999999998,24
70900,25.631999999999998,24
71000,25.631999999999998,24
71100,25.631999999999998,24
71200,25.631999999999998,24
71300,25.631999999999998,24
71400,25.631999999999998,24
71500,25.631999999999998,24
71600,25.631999999999998,24
71700,25.631999999999998,24
71800,25.631999999999998,24
71900,25.631999999999998,24
72000,25.631999999999998,24
72100,25.631999999999998,24
72200,25.631999999999998,24
72300,25.631999999999998,24
72400,25.631999999999998,24
72500,25.631999999999998,24
72600,25.631999999999998,24
72700,25.631999999999998,24
72800,25.631999999999998,24
72900,25.631999999999998,24
73000,25.631999999999998,24
73100,25.631999999999998,24
73200,25.631999999999998,24
73300,25.631999999999998,24
73400,25.631999999999998,24
73500,25.631999999999998,24
73600,25.631999999999998,24
73700,25.631999999999998,24
73800,25.631999999999998,24
73900,25.631999999999998,24
74000,25.631999999999998,24
74100,25.631999999999998,24
74200,25.631999999999998,24
74300,25.631999999999998,24
74400,25.631999999999998,24
74500,25.631999999999998,24
74600,25.631999999999998,24
74700,25.631999999999998,24
74800,25.631999999999998,24
74900,25.631999999999998,24
75000,25.631999999999998,24
75100,25.631999999999998,24
75200,25.631999999999998,24
75300,25.631999999999998,24
75400,25.631999999999998,24
75500,25.631999999999998,24
75600,25.631999999999998,24
75700,25.631999999999998,24
75800,25.631999999999998,24
75900,25.631999999999998,24
76000,25.631999999999998,24
76100,25.631999999999998,24
76200,25.631999999999998,24
76300,25.631999999999998,24
76400,25.631999999999998,24
76500,25.631999999999998,24
76600,25.631999999999998,24
76700,25.631999999999998,24
76800,25.631999999999998,24
76900,25.631999999999998,24
77000,25.631999999999998,24
77100,25.631999999999998,24
77200,25.631999999999998,24
77300,25.631999999999998,24
77400,25.631999999999998,24
77500,25.631999999999998,24
77600,25.631999999999998,24
77700,25.631999999999998,24
77800,25.631999999999998,24
77900,25.631999999999998,24
78000,25.631999999999998,24
78100,25.631999999999998,24
78200,25.631999999999998,24
78300,25.631999999999998,24
78400,25.631999999999998,24
78500,25.631999999999998,24
78600,25.631999999999998,24
78700,25.631999999999998,24
78800,25.631999999999998,24
78900,25.631999999999998,24
79000,25.631999999999998,24
79100,25.631999999999998,24
79200,25.631999999999998,24
79300,25.631999999999998,24
79400,25.631999999999998,24
79500,25.631999999999998,24
79600,25.631999999999998,24
79700,25.631999999999998,24
79800,25.631999999999998,24
79900,25.631999999999998,24
80000,25.631999999999998,24
80100,25.631999999999998,24
80200,25.631999999999998,24
80300,25.631999999999998,24
80400,25.631999999999998,24
80500,25.631999999999998,24
80600,25.631999999999998,24
80700,25.631999999999998,24
80800,25.631999999999998,24
80900,25.631999999999998,24
81000,25.631999999999998,24
81100,25.631999999999998,24
81200,25.631999999999998,24
81300,25.631999999999998,24
81400,25.631999999999998,24
81500,25.631999999999998,24
81600,25.631999999999998,24
81700,25.631999999999998,24
81800,25.631999999999998,24
81900,25.631999999999998,24
82000,25.631999999999998,24
82100,25.631999999999998,24
82200,25.631999999999998,24
82300,25.631999999999998,24
82400,25.631999999999998,24
82500,25.631999999999998,24
82600,25.631999999999998,24
82700,25.631999999999998,24
82800,25.631999999999998,24
82900,25.631999999999998,24
83000,25.631999999999998,24
83100,25.631999999999998,24
83200,25.631999999999998,24
83300,25.631999999999998,24
83400,25.631999999999998,24
83500,25.631999999999998,24
83600,25.631999999999998,24
83700,25.631999999999998,24
83800,25.631999999999998,24
83900,25.631999999999998,24
84000,25.631999999999998,24
84100,25.631999999999998,24
84200,25.631999999999998,24
84300,25.631999999999998,24
84400,25.631999999999998,24
84500,25.631999999999998,24
84600,25.631999999999998,24
84700,25.631999999999998,24
84800,25.631999999999998,24
84900,25.631999999999998,24
85000,25.631999999999998,24
85100,25.631999999999998,24
85200,25.631999999999998,24
85300,25.631999999999998,24
85400,25.631999999999998,24
85500,25.631999999999998,24
85600,25.631999999999998,24
85700,25.631999999999998,24
85800,25.631999999999998,24
85900,25.631999999999998,24
86000,25.631999999999998,24
86100,25.631999999999998,24
86200,25.631999999999998,24
86300,25.631999999999998,24
86400,25.631999999999998,24
86500,25.631999999999998,24
86600,25.631999999999998,24
86700,25.631999999999998,24
86800,25.631999999999998,24
86900,25.631999999999998,24
87000,25.631999999999998,24
87100,25.631999999999998,24
87200,25.631999999999998,24
87300,25.631999999999998,24
87400,25.631999999999998,24
87500,25.631999999999998,24
87600,25.631999999999998,24
87700,25.631999999999998,24
87800,25.631999999999998,24
87900,25.631999999999998,24
88000,25.631999999999998,24
88100,25.631999999999998,24
88200,25.631999999999998,24
88300,25.631999999999998,24
88400,24.976,24
88500,24.968,24
88600,24.968,24
88700,24.968,24
88800,24.968,24
88900,24.968,24
89000,24.968,24
89100,24.968,24
89200,24.968,24
89300,24.968,24
89400,24.968,24
89500,24.968,24
89600,24.968,24
89700,24.968,24
89800,24.968,24
89900,24.968,24
90000,24.968,24
90100,24.968,24
90200,24.968,24
90300,24.968,24
90400,24.968,24
90500,24.968,24
90600,24.968,24
90700,24.968,24
90800,24.96,24
90900,24.96,24
91000,24.96,24
91100,24.96,24
91200,24.96,24
91300,24.96,24
91400,24.96,24
91500,24.96,24
91600,24.96,24
91700,24.96,24
91800,24.96,24
91900,24.96,24
92000,24.96,24
92100,24.96,24
92200,24.96,24
92300,24.96,24
92400,24.96,24
92500,24.96,24
92600,24.96,24
92700,24.96,24
92800,24.96,24
92900,24.96,24
93000,24.96,24
93100,24.96,24
93200,24.96,24
93300,24.96,24
93400,24.96,24
93500,24.96,24
93600,24.96,24
93700,24.96,24
93800,24.96,24
93900,24.96,24
94000,24.96,24
94100,24.96,24
94200,24.96,24
94300,24.96,24
94400,24.96,24
94500,24.96,24
94600,24.96,24
94700,24.96,24
94800,24.96,24
94900,24.96,24
95000,24.96,24
95100,24.96,24
95200,24.96,24
95300,24.96,24
95400,24.863999999999997,24
95500,24.863999999999997,24
95600,24.863999999999997,24
95700,24.863999999999997,24
95800,24.863999999999997,24
95900,24.863999999999997,24
96000,24.863999999999997,24
96100,24.863999999999997,24
96200,24.863999999999997,24
96300,24.863999999999997,24
96400,24.863999999999997,24
96500,24.863999999999997,24
96600,24.863999999999997,24
96700,24.863999999999997,24
96800,24.863999999999997,24
96900,24.863999999999997,24
97000,24.863999999999997,24
97100,24.863999999999997,24
97200,24.863999999999997,24
97300,24.863999999999997,24
97400,24.863999999999997,24
97500,24.863999999999997,24
97600,24.863999999999997,24
97700,24.863999999999997,24
97800,24.863999999999997,24
97900,24.863999999999997,24
98000,24.863999999999997,24
98100,24.863999999999997,24
98200,24.863999999999997,24
98300,24.863999999999997,24
98400,24.863999999999997,24
98500,24.863999999999997,24
98600,24.863999999999997,24
98700,24.863999999999997,24
98800,24.863999999999997,24
98900,24.863999999999997,24
99000,24.863999999999997,24
99100,24.863999999999997,24
99200,24.863999999999997,24
99300,24.863999999999997,24
99400,24.863999999999997,24
99500,24.599999999999998,24
99600,24.599999999999998,24
99700,24.599999999999998,24
99800,24.599999999999998,24
99900,24.599999999999998,24
100000,24.599999999999998,24
100100,24.599999999999998,24
100200,24.599999999999998,24
100300,24.599999999999998,24
100400,24.599999999999998,24
100500,24.599999999999998,24
100600,24.599999999999998,24
100700,24.599999999999998,24
100800,24.599999999999998,24
100900,24.599999999999998,24
101000,24.599999999999998,24
101100,24.599999999999998,24
101200,24.599999999999998,24
101300,24.599999999999998,24
101400,24.599999999999998,24
101500,24.599999999999998,24
101600,24.599999999999998,24
101700,24.599999999999998,24
101800,24.599999999999998,24
101900,24.599999999999998,24
102000,24.599999999999998,24
102100,24.599999999999998,24
102200,24.599999999999998,24
102300,24.599999999999998,24
102400,24.599999999999998,24
102500,24.599999999999998,24
102600,24.599999999999998,24
102700,24.599999999999998,24
102800,24.599999999999998,24
102900,24.599999999999998,24
103000,24.599999999999998,24
103100,24.599999999999998,24
103200,24.511999999999997,24
103300,24.511999999999997,24
103400,24.511999999999997,24
103500,24.511999999999997,24
103600,24.511999999999997,24
103700,24.511999999999997,24
103800,24.511999999999997,24
103900,24.511999999999997,24
104000,24.511999999999997,24
104100,24.511999999999997,24
104200,24.511999999999997,24
104300,24.511999999999997,24
104400,24.511999999999997,24
104500,24.511999999999997,24
104600,24.511999999999997,24
104700,24.511999999999997,24
104800,24.511999999999997,24
104900,24.511999999999997,24
105000,24.511999999999997,24
105100,24.511999999999997,24
105200,24.511999999999997,24
105300,24.511999999999997,24
105400,24.511999999999997,24
105500,24.511999999999997,24
105600,24.511999999999997,24
105700,24.511999999999997,24
105800,24.511999999999997,24
105900,24.511999999999997,24
106000,24.511999999999997,24
106100,24.511999999999997,24
106200,24.511999999999997,24
106300,24.511999999999997,24
106400,24.511999999999997,24
106500,24.511999999999997,24
106600,24.511999999999997,24
106700,24.511999999999997,24
106800,24.511999999999997,24
106900,24.511999999999997,24
107000,24.511999999999997,24
107100,24.511999999999997,24
107200,24.511999999999997,24
107300,24.511999999999997,24
107400,24.511999999999997,24
107500,24.511999999999997,24
107600,24.511999999999997,24
107700,24.511999999999997,24
107800,24.511999999999997,24
107900,24.511999999999997,24
108000,24.511999999999997,24
108100,24.511999999999997,24
108200,24.511999999999997,24
108300,24.511999999999997,24
108400,24.511999999999997,24
108500,24.511999999999997,24
108600,24.511999999999997,24
108700,24.511999999999997,24
108800,24.511999999999997,24
108900,24.511999999999997,24
109000,24.511999999999997,24
109100,24.511999999999997,24
109200,24.511999999999997,24
109300,24.511999999999997,24
109400,24.511999999999997,24
109500,24.511999999999997,24
109600,24.511999999999997,24
109700,24.511999999999997,24
109800,24.511999999999997,24
109900,24.511999999999997,24
110000,24.511999999999997,24
110100,24.511999999999997,24
110200,24.511999999999997,24
110300,24.511999999999997,24
110400,24.511999999999997,24
110500,24.511999999999997,24
110600,24.232,24
110700,24.232,24
110800,24.232,24
110900,24.232,24
111000,24.232,24
111100,24.232,24
111200,24.232,24
111300,24.232,24
111400,24.232,24
111500,24.232,24
111600,24.232,24
111700,24.232,24
111800,24.232,24
111900,24.232,24
112000,24.232,24
112100,24.232,24
112200,24.232,24
112300,24.232,24
112400,24.232,24
112500,24.232,24
112600,24.232,24
112700,24.232,24
112800,24.232,24
112900,24.232,24
113000,24.232,24
113100,24.232,24
113200,24.232,24
113300,24.232,24
113400,24.232,24
113500,24.232,24
113600,24.232,24
113700,24.232,24
113800,24.232,24
113900,24.232,24
114000,24.232,24
114100,24.232,24
114200,24.232,24
114300,24.232,24
114400,24.232,24
114500,24.232,24
114600,24.232,24
114700,24.232,24
114800,24.232,24
114900,24.232,24
115000,24.232,24
115100,24.232,24
115200,24.232,24
115300,24.232,24
115400,24.232,24
115500,24.232,24
115600,24.232,24
115700,24.232,24
115800,24.232,24
115900,24.232,24
116000,24.232,24
116100,24.232,24
116200,24.232,24
116300,24.232,24
116400,24.232,24
116500,24.232,24
116600,24.232,24
116700,24.232,24
116800,24.232,24
116900,24.232,24
117000,24.232,24
117100,24.232,24
117200,24.232,24
117300,24.232,24
117400,24.232,24
117500,24.232,24
117600,24.232,24
117700,24.008,24
117800,24,24
117900,24,24
118000,24,24
118100,24,24
118200,24,24
118300,24,24
118400,23.800000000000004,24
118500,23.800000000000004,24
118600,23.800000000000004,24
118700,23.800000000000004,24
118800,23.800000000000004,24
118900,23.800000000000004,24
119000,23.784000000000002,24
119100,23.784000000000002,24
119200,23.784000000000002,24
119300,23.784000000000002,24
119400,23.784000000000002,24
119500,23.784000000000002,24
119600,23.784000000000002,24
119700,23.784000000000002,24
119800,23.784000000000002,24
119900,23.784000000000002,24
120000,23.784000000000002,24
120100,23.784000000000002,24
120200,23.784000000000002,24
120300,23.784000000000002,24
120400,23.784000000000002,24
120500,23.784000000000002,24
120600,23.784000000000002,24
120700,23.784000000000002,24
120800,23.784000000000002,24
120900,23.784000000000002,24
121000,23.784000000000002,24
121100,23.784000000000002,24
121200,23.784000000000002,24
121300,23.784000000000002,24
121400,23.784000000000002,24
121500,23.784000000000002,24
121600,23.784000000000002,24
121700,23.784000000000002,24
121800,23.784000000000002,24
121900,23.784000000000002,24
122000,23.784000000000002,24
122100,23.784000000000002,24
122200,23.784000000000002,24
122300,23.784000000000002,24
122400,23.784000000000002,24
122500,23.784000000000002,24
122600,23.784000000000002,24
122700,23.784000000000002,24
122800,23.784000000000002,24
122900,23.784000000000002,24
123000,23.784000000000002,24
123100,23.784000000000002,24
123200,23.784000000000002,24
123300,23.784000000000002,24
123400,23.784000000000002,24
123500,23.784000000000002,24
123600,23.784000000000002,24
123700,23.784000000000002,24
123800,23.784000000000002,24
123900,23.784000000000002,24
124000,23.784000000000002,24
124100,23.784000000000002,24
124200,23.784000000000002,24
124300,23.784000000000002,24
124400,23.784000000000002,24
124500,23.784000000000002,24
124600,23.784000000000002,24
124700,23.784000000000002,24
124800,23.784000000000002,24
124900,23.784000000000002,24
125000,23.784000000000002,24
125100,23.784000000000002,24
125200,23.784000000000002,24
125300,23.784000000000002,24
125400,23.784000000000002,24
125500,23.784000000000002,24
125600,23.784000000000002,24
125700,23.784000000000002,24
125800,23.784000000000002,24
125900,23.255999999999997,24
126000,23.255999999999997,24
126100,23.255999999999997,24
126200,23.255999999999997,24
126300,23.255999999999997,24
126400,23.255999999999997,24
126500,23.255999999999997,24
126600,23.255999999999997,24
126700,23.255999999999997,24
126800,23.255999999999997,24
126900,23.255999999999997,24
127000,23.255999999999997,24
127100,23.255999999999997,24
127200,23.255999999999997,24
127300,23.255999999999997,24
127400,23.255999999999997,24
127500,23.255999999999997,24
127600,23.255999999999997,24
127700,23.255999999999997,24
127800,23.255999999999997,24
127900,23.255999999999997,24
128000,23.255999999999997,24
128100,23.255999999999997,24
128200,23.255999999999997,24
128300,23.255999999999997,24
128400,23.255999999999997,24
128500,23.255999999999997,24
128600,23.255999999999997,24
128700,23.255999999999997,24
128800,23.255999999999997,24
128900,23.255999999999997,24
129000,23.255999999999997,24
129100,23.255999999999997,24
129200,23.168,24
129300,23.168,24
129400,23.168,24
129500,23.168,24
129600,23.168,24
129700,23.023999999999997,24
129800,23.023999999999997,24
129900,23.023999999999997,24
130000,23.023999999999997,24
130100,23.023999999999997,24
130200,23.023999999999997,24
130300,23.023999999999997,24
130400,23.023999999999997,24
130500,23.023999999999997,24
130600,23.023999999999997,24
130700,23.023999999999997,24
130800,23.023999999999997,24
130900,23.023999999999997,24
131000,23.023999999999997,24
131100,23.023999999999997,24
131200,23.023999999999997,24
131300,23.023999999999997,24
131400,23.023999999999997,24
131500,23.023999999999997,24
131600,23.023999999999997,24
131700,23.023999999999997,24
131800,23.023999999999997,24
131900,23.023999999999997,24
132000,23.023999999999997,24
132100,23.023999999999997,24
132200,23.023999999999997,24
132300,23.023999999999997,24
132400,23.023999999999997,24
132500,23.023999999999997,24
132600,23.023999999999997,24
132700,23.023999999999997,24
132800,23.023999999999997,24
132900,23.023999999999997,24
133000,23.023999999999997,24
133100,23.023999999999997,24
133200,23.023999999999997,24
133300,23.023999999999997,24
133400,23.023999999999997,24
133500,23.023999999999997,24
133600,23.023999999999997,24
133700,23.023999999999997,24
133800,23.023999999999997,24
133900,23.023999999999997,24
134000,23.023999999999997,24
134100,23.023999999999997,24
134200,23.023999999999997,24
134300,23.023999999999997,24
134400,23.023999999999997,24
134500,23.023999999999997,24
134600,23.023999999999997,24
134700,23.023999999999997,24
134800,23.023999999999997,24
134900,23.023999999999997,24
135000,23.023999999999997,24
135100,23.023999999999997,24
135200,23.023999999999997,24
135300,23.023999999999997,24
135400,22.927999999999997,24
135500,22.927999999999997,24
135600,22.927999999999997,24
135700,22.927999999999997,24
135800,22.927999999999997,24
135900,22.927999999999997,24
136000,22.927999999999997,24
136100,22.927999999999997,24
136200,22.927999999999997,24
136300,22.927999999999997,24
136400,22.927999999999997,24
136500,22.927999999999997,24
136600,22.927999999999997,24
136700,22.927999999999997,24
136800,22.927999999999997,24
136900,22.927999999999997,24
137000,22.927999999999997,24
137100,22.927999999999997,24
137200,22.927999999999997,24
137300,22.927999999999997,24
137400,22.927999999999997,24
137500,22.927999999999997,24
137600,22.927999999999997,24
137700,22.927999999999997,24
137800,22.927999999999997,24
137900,22.927999999999997,24
138000,22.927999999999997,24
138100,22.927999999999997,24
138200,22.927999999999997,24
138300,22.927999999999997,24
138400,22.927999999999997,24
138500,22.927999999999997,24
138600,22.927999999999997,24
138700,22.927999999999997,24
138800,22.927999999999997,24
138900,22.927999999999997,24
139000,22.927999999999997,24
139100,22.927999999999997,24
139200,22.696,24
139300,22.696,24
139400,22.592,24
139500,22.592,24
139600,22.592,24
139700,22.592,24
139800,22.592,24
139900,22.592,24
140000,22.592,24
140100,22.592,24
140200,22.592,24
140300,22.592,24
140400,22.592,24
140500,22.592,24
140600,22.592,24
140700,22.592,24
140800,22.592,24
140900,22.592,24
141000,22.592,24
141100,22.592,24
141200,22.592,24
141300,22.592,24
141400,22.592,24
141500,22.592,24
141600,22.592,24
141700,22.592,24
141800,22.592,24
141900,22.592,24
142000,22.592,24
142100,22.592,24
142200,22.592,24
142300,22.592,24
142400,22.592,24
142500,22.592,24
142600,22.592,24
142700,22.592,24
142800,22.592,24
142900,22.592,24
143000,22.592,24
143100,22.592,24
143200,22.592,24
143300,22.592,24
143400,22.592,24
143500,22.592,24
143600,22.592,24
143700,22.592,24
143800,22.592,24
143900,22.592,24
144000,22.592,24
144100,22.592,24
144200,22.592,24
144300,22.592,24
144400,22.592,24
144500,22.592,24
144600,22.592,24
144700,22.592,24
144800,22.592,24
144900,22.592,24
145000,22.592,24
145100,22.592,24
145200,22.592,24
145300,22.592,24
145400,22.592,24
145500,22.592,24
145600,22.592,24
145700,22.592,24
145800,22.592,24
145900,22.592,24
146000,22.592,24
146100,22.592,24
146200,22.592,24
146300,22.592,24
146400,22.592,24
146500,22.592,24
146600,22.592,24
146700,22.592,24
146800,22.592,24
146900,22.592,24
147000,22.592,24
147100,22.592,24
147200,22.592,24
147300,22.488,24
147400,22.488,24
147500,22.488,24
147600,22.488,24
147700,22.488,24
147800,22.488,24
147900,22.488,24
148000,22.256,24
148100,22.256,24
148200,22.256,24
148300,22.256,24
148400,22.256,24
148500,22.256,24
148600,22.256,24
148700,22.256,24
148800,22.256,24
148900,22.256,24
149000,22.256,24
149100,22.256,24
149200,22.256,24
149300,22.256,24
149400,22.256,24
149500,22.256,24
149600,22.256,24
149700,22.256,24
149800,22.256,24
149900,22.256,24
150000,22.256,24
150100,22.256,24
150200,22.256,24
150300,22.256,24
150400,22.256,24
150500,22.256,24
150600,22.256,24
150700,22.256,24
150800,22.256,24
150900,22.256,24
151000,22.256,24
151100,22.256,24
151200,22.256,24
151300,22.256,24
151400,22.256,24
151500,22.256,24
151600,22.256,24
151700,22.256,24
151800,22.256,24
151900,22.256,24
152000,22.256,24
152100,22.256,24
152200,22.256,24
152300,22.256,24
152400,22.256,24
152500,22.256,24
152600,22.256,24
152700,22.256,24
152800,22.256,24
152900,22.256,24
153000,22.256,24
153100,22.256,24
153200,22.256,24
153300,22.256,24
153400,22.256,24
153500,22.256,24
153600,22.256,24
153700,22.256,24
153800,22.064,23.8
153900,22.064,23.8
154000,22.064,23.8
154100,22.064,23.8
154200,22.064,23.8
154300,22.064,23.8
154400,22.064,23.8
154500,22.064,23.8
154600,22.064,23.8
154700,22.064,23.8
154800,22.064,23.8
154900,22.064,23.8
155000,22.064,23.8
155100,22.064,23.8
155200,22.064,23.8
155300,22.064,23.8
155400,22.064,23.8
155500,22.064,23.8
155600,22.064,23.8
155700,22.064,23.8
155800,22.064,23.8
155900,22.064,23.8
156000,22.064,23.8
156100,22.064,23.8
156200,22.064,23.8
156300,22.064,23.8
156400,22.064,23.8
156500,22.064,23.8
156600,22.064,23.8
156700,22.064,23.8
156800,22.064,23.8
156900,22.064,23.8
157000,22.064,23.8
157100,22.064,23.8
157200,22.064,23.8
157300,22.064,23.8
157400,22.064,23.8
157500,22.064,23.8
157600,22.064,23.8
157700,22.064,23.8
157800,22.064,23.8
157900,22.064,23.8
158000,22.064,23.8
158100,22.064,23.8
158200,22.064,23.8
158300,22.064,23.8
158400,22.064,23.8
158500,22.064,23.8
158600,22.064,23.8
158700,22.064,23.8
158800,22.064,23.8
158900,22.064,23.8
159000,22.064,23.8
159100,22.064,23.8
159200,22.064,23.8
159300,22.064,23.8
159400,22.064,23.8
159500,22.064,23.8
159600,22.064,23.8
159700,22.064,23.8
159800,22.064,23.8
159900,22.064,23.8
160000,22.064,23.8
160100,22.064,23.8
160200,22.064,23.8
160300,22.064,23.8
160400,22.064,23.8
160500,22.064,23.8
160600,22.064,23.8
160700,22.064,23.8
160800,22.064,23.8
160900,22.064,23.8
161000,22.064,23.8
161100,22.064,23.8
161200,22.064,23.8
161300,22.064,23.8
161400,22.064,23.8
161500,22.064,23.8
161600,22.064,23.8
161700,22.064,23.8
161800,22.064,23.8
161900,22.064,23.8
162000,22.064,23.8
162100,22.064,23.8
162200,22.064,23.8
162300,22.064,23.8
162400,22.064,23.8
162500,22.064,23.8
162600,22.064,23.8
162700,22.064,23.8
162800,22.064,23.8
162900,22.064,23.8
163000,22.064,23.8
163100,22.064,23.8
163200,22.064,23.8
163300,22.064,23.8
163400,22.064,23.8
163500,22.064,23.8
163600,22.064,23.8
163700,22.064,23.8
163800,22.064,23.8
163900,22.064,23.8
164000,22.064,23.8
164100,22.064,23.8
164200,22.064,23.8
164300,22.064,23.8
164400,22.064,23.8
164500,22.064,23.8
164600,22.064,23.8
164700,22.064,23.8
164800,22.064,23.8
164900,22.064,23.8
165000,22.064,23.8
165100,22.064,23.8
165200,22.064,23.8
165300,22.064,23.8
165400,22.064,23.8
165500,22.064,23.8
165600,22.064,23.8
165700,22.064,23.8
165800,22.064,23.8
165900,22.064,23.8
166000,22.064,23.8
166100,22.064,23.8
166200,22.064,23.8
166300,22.064,23.8
166400,22.064,23.8
166500,22.064,23.8
166600,22.064,23.8
166700,22.064,23.8
166800,22.064,23.8
166900,22.064,23.8
167000,22.064,23.8
167100,22.064,23.8
167200,22.064,23.8
167300,22.064,23.8
167400,22.064,23.8
167500,22.064,23.8
167600,22.064,23.8
167700,22.064,23.8
167800,22.064,23.8
167900,22.064,23.8
168000,22.064,23.8
168100,22.064,23.8
168200,22.064,23.8
168300,22.064,23.8
168400,22.064,23.8
168500,22.064,23.8
168600,22.064,23.8
168700,22.064,23.8
168800,22.064,23.8
168900,22.064,23.8
169000,22.064,23.8
169100,22.064,23.8
169200,22.064,23.8
169300,22.064,23.8
169400,22.064,23.8
169500,22.064,23.8
169600,22.064,23.8
169700,22.064,23.8
169800,22.064,23.8
169900,22.064,23.8
170000,22.064,23.8
170100,22.064,23.8
170200,22.064,23.8
170300,22.064,23.8
170400,22.064,23.8
170500,22.064,23.8
170600,22.064,23.8
170700,22.064,23.8
170800,22.064,23.8
170900,22.064,23.8
171000,22.064,23.8
171100,22.064,23.8
171200,22.064,23.8
171300,22.064,23.8
171400,22.064,23.8
171500,22.064,23.8
171600,22.064,23.8
171700,22.064,23.8
171800,22.064,23.8
171900,22.064,23.8
172000,22.064,23.8
172100,22.064,23.8
172200,22.064,23.8
172300,22.064,23.8
172400,22.064,23.8
172500,22.064,23.8
172600,22.064,23.8
172700,22.064,23.8
172800,22.064,23.8
172900,22.064,23.8
173000,22.064,23.8
173100,22.064,23.8
173200,22.064,23.8
173300,22.064,23.8
173400,22.064,23.8
173500,22.064,23.8
173600,22.064,23.8
173700,22.064,23.8
173800,22.064,23.8
173900,22.064,23.8
174000,22.064,23.8
174100,22.064,23.8
174200,22.064,23.8
174300,22.064,23.8
174400,22.064,23.8
174500,22.064,23.8
174600,22.064,23.8
174700,22.064,23.8
174800,22.064,23.8
174900,22.064,23.8
175000,22.064,23.8
175100,22.064,23.8
175200,22.064,23.8
175300,22.064,23.8
175400,22.064,23.8
175500,22.064,23.8
175600,22.064,23.8
175700,22.064,23.8
175800,22.064,23.8
175900,22.064,23.8
176000,22.064,23.8
176100,22.064,23.8
176200,22.064,23.8
176300,22.064,23.8
176400,22.064,23.8
176500,22.064,23.8
176600,22.064,23.8
176700,22.064,23.8
176800,22.064,23.8
176900,22.064,23.8
177000,22.064,23.8
177100,22.064,23.8
177200,22.064,23.8
177300,22.064,23.8
177400,22.064,23.8
177500,22.064,23.8
177600,22.064,23.8
177700,22.064,23.8
177800,22.064,23.8
177900,22.064,23.8
178000,22.064,23.8
178100,22.064,23.8
178200,22.064,23.8
178300,22.064,23.8
178400,22.064,23.8
178500,22.064,23.8
178600,22.064,23.8
178700,22.064,23.8
178800,22.064,23.8
178900,22.064,23.8
179000,22.064,23.8
179100,22.064,23.8
179200,22.064,23.8
179300,22.064,23.8
179400,22.064,23.8
179500,22.064,23.8
179600,22.064,23.8
179700,22.064,23.8
179800,22.064,23.8
179900,22.064,23.8
180000,22.064,23.8
180100,22.064,23.8
180200,22.064,23.8
180300,22.064,23.8
180400,22.064,23.8
180500,22.064,23.8
180600,22.064,23.8
180700,22.064,23.8
180800,22.064,23.8
180900,22.064,23.8
181000,22.064,23.8
181100,22.064,23.8
181200,22.064,23.8
181300,22.064,23.8
181400,22.008,23.8
181500,22.008,23.8
181600,22.008,23.8
181700,22.008,23.8
181800,22.008,23.8
181900,22.008,23.8
182000,22.008,23.8
182100,22.008,23.8
182200,22.008,23.8
182300,22.008,23.8
182400,22.008,23.8
182500,22.008,23.8
182600,22.008,23.8
182700,22.008,23.8
182800,22.008,23.8
182900,22.008,23.8
183000,22.008,23.8
183100,22.008,23.8
183200,22.008,23.8
183300,22.008,23.8
183400,22.008,23.8
183500,22.008,23.8
183600,22.008,23.8
183700,22.008,23.8
183800,22.008,23.8
183900,22.008,23.8
184000,22.008,23.8
184100,22.008,23.8
184200,22.008,23.8
184300,22.008,23.8
184400,22.008,23.8
184500,22.008,23.8
184600,22.008,23.8
184700,22.008,23.8
184800,22.008,23.8
184900,22.008,23.8
185000,22.008,23.8
185100,22.008,23.8
185200,22.008,23.8
185300,22.008,23.8
185400,22.008,23.8
185500,22.008,23.8
185600,22.008,23.8
185700,22.008,23.8
185800,22.008,23.8
185900,22.008,23.8
186000,22.008,23.8
186100,22.008,23.8
186200,22.008,23.8
186300,22.008,23.8
186400,22.008,23.8
186500,22.008,23.8
186600,22.008,23.8
186700,22.008,23.8
186800,22.008,23.8
186900,22.008,23.8
187000,22.008,23.8
187100,22.008,23.8
187200,22.008,23.8
187300,22.008,23.8
187400,22.008,23.8
187500,22.008,23.8
187600,22.008,23.8
187700,22.008,23.8
187800,22.008,23.8
187900,22.008,23.8
188000,22.008,23.8
188100,22.008,23.8
188200,22.008,23.8
188300,22.008,23.8
188400,22.008,23.8
188500,22.008,23.8
188600,22.008,23.8
188700,22.008,23.8
188800,22.008,23.8
188900,22.008,23.8
189000,22.008,23.8
189100,22.008,23.8
189200,22.008,23.8
189300,22.008,23.8
189400,22.008,23.8
189500,22.008,23.8
189600,22.008,23.8
189700,22.008,23.8
189800,22.008,23.8
189900,22.008,23.8
190000,22.008,23.8
190100,22.008,23.8
190200,22.008,23.8
190300,22.008,23.8
190400,22.008,23.8
190500,22.008,23.8
190600,22.008,23.8
190700,22.008,23.8
190800,22.008,23.8
190900,22.008,23.8
191000,22.008,23.8
191100,22.008,23.8
191200,22.008,23.8
191300,22.008,23.8
191400,22.008,23.8
191500,22.008,23.8
191600,22.008,23.8
191700,22.008,23.8
191800,22.008,23.8
191900,22.008,23.8
192000,22.008,23.8
192100,22.008,23.8
192200,22.008,23.8
192300,22.008,23.8
192400,22.008,23.8
192500,22.008,23.8
192600,22.008,23.8
192700,22.008,23.8
192800,22.008,23.8
192900,22.008,23.8
193000,22.008,23.8
193100,22.008,23.8
193200,22.008,23.8
193300,22.008,23.8
193400,22.008,23.8
193500,22.008,23.8
193600,22.008,23.8
193700,22.008,23.8
193800,22.008,23.8
193900,22.008,23.8
194000,22.008,23.8
194100,22.008,23.8
194200,22.008,23.8
194300,22.008,23.8
194400,22.008,23.8
194500,22.008,23.8
194600,22.008,23.8
194700,22.008,23.8
194800,22.008,23.8
194900,22.008,23.8
195000,22.008,23.8
195100,22.008,23.8
195200,22.008,23.8
195300,22.008,23.8
195400,22.008,23.8
195500,22.008,23.8
195600,22.008,23.8
195700,22.008,23.8
195800,22.008,23.8
195900,22.008,23.8
196000,22.008,23.8
196100,22.008,23.8
196200,22.008,23.8
196300,22.008,23.8
196400,22.008,23.8
196500,22.008,23.8
196600,22.008,23.8
196700,22.008,23.8
196800,22.008,23.8
196900,22.008,23.8
197000,22.008,23.8
197100,22.008,23.8
197200,22.008,23.8
197300,22.008,23.8
197400,22.008,23.8
197500,22.008,23.8
197600,22.008,23.8
197700,22.008,23.8
197800,22.008,23.8
197900,22.008,23.8
198000,22.008,23.8
198100,22.008,23.8
198200,22.008,23.8
198300,22.008,23.8
198400,22.008,23.8
198500,22.008,23.8
198600,22.008,23.8
198700,22.008,23.8
198800,22.008,23.8
198900,22.008,23.8
199000,22.008,23.8
199100,22.008,23.8
199200,22.008,23.8
199300,22.008,23.8
199400,22.008,23.8
199500,22.008,23.8
199600,22.008,23.8
199700,22.008,23.8
199800,22.008,23.8
199900,22.008,23.8
199999,22.008,23.8

START ALGORITHM
h6: (-a21) * (-b32)
h8: (a45 + a52 - a25 - a12) * (b41 + b53 + b41 - b54)
h20: (a31) * (b41 + b22 - b21 - b53 - b23)
h28: (a54) * (b54 + b45 - b15 - b51 - b42)
h29: (a31) * (b54 + b52 + b53 + b42 - b24 - b45 - b44 - b13 - b23 - b25 - b34)
h35: (a44 - a25) * (b41 + b45 + b23 - b25)
h43: (a33 + a42 + a21 + a34 + a15 + a32 - a12) * (b11 + b44 + b35 + b21 + b32 + b34 - b41 - b54 - b21 - b44)
h49: (-a21) * (-b35 - b15)
h55: (a35 - a52) * (b14 - b24 - b34)
h62: (-a14) * (b55)
h63: (a32 - a45) * (b12 + b31 + b25 + b24 - b35 - b45 - b11 - b32 - b41)
h81: (-a14) * (b43 + b43 + b54 + b42 - b15 - b34 - b51 - b24 - b31 - b22)
h84: (a45 - a41) * (-b23)
h85: (a55) * (b12 - b32 - b14)
h88: (a55 + a43 + a23 + a23 - a21) * (b22 + b32 + b23 + b23 + b31 - b44 - b41 - b25)
h94: (a34 + a43 + a22 - a24 - a33 - a45 - a11) * (-b43 - b23 - b53 - b24 - b21)
h97: (-a15) * (b34 + b13 + b53 + b21 + b23 - b41 - b54 - b41 - b33 - b35 - b44 - b51)
h101: (a15 - a42) * (b42 + b54 + b23 + b11 - b12 - b31 - b21)
h109: (a55 + a22 - a14 - a53) * (b45)
h119: (a52 + a33 + a13 - a54) * (b34 + b13 - b13 - b33)
h120: (a42) * (b22 + b34 + b15 - b22 - b24 - b34 - b14)
h122: (-a33) * (b33 + b55 + b15 + b51 + b13 + b23 + b13 - b25 - b43 - b41)
h132: (-a32 - a21) * (b54 + b15 + b54 + b14 + b31 + b31 - b34 - b24)
h133: (-a54) * (b45 + b24 - b34 - b33 - b55 - b15 - b55)
h164: (-a24) * (-b42 - b42 - b33)
h180: (-a15 - a23) * (b32 + b21 - b25 - b41)
h186: (-a44 - a54) * (b33 + b11 - b42)
h273: (a15 - a13) * (b24 + b54 - b53 - b33 - b11)
h287: (-a43) * (-b25 - b55)
h446: (a11 - a32) * (b21 + b35 + b14 + b11 - b25 - b25 - b43 - b45 - b52)
h450: (a53) * (b15 + b24 + b32 + b11 + b13 + b24 + b34 + b53 - b35 - b44 - b24 - b32 - b25 - b55 - b14 - b22)
h683: (a41 + a12) * (b11 + b44 + b41 + b15 - b31 - b32 - b53 - b22)
h829: (a31 - a14) * (b31 + b32 - b54 - b24)
h838: (a31 - a34) * (b13 - b44 - b44 - b32)
h1048: (a13) * (b14 - b44)
h1544: (-a51) * (b45 + b54 + b31 + b25 + b44 - b11 - b15 - b54 - b34)
h2492: (-a34 - a25) * (b41 - b41)
h3268: (a23 - a53) * (b35 + b52 - b31)
h10090: (-a24) * (b41 + b42 + b35 + b54 - b53 - b41 - b35 - b12 - b15)
h11221: (a23 + a52) * (-b33)
h12870: (-a21) * (b34 + b41 + b13 - b45 - b34 - b42 - b32 - b23 - b31)
h19700: (a32 - a11) * (b34 - b15 - b21)
h55202: (a44) * (-b21)
h92343: (a53 + a52 - a24) * (b43 - b23 - b45 - b14 - b53 - b14 - b45 - b55)
h113329: (a43 - a55) * (-b54 - b13)
c11: h84 + h132 
c12: h287 + h838 
c13: h164 + h62 + h446 
c14: h101 - h28 - h92343 
c15: h85 + h19700 - h113329 
c21: h1544 + h133 + h109 
c22: h120 - h11221 
c23: h101 
c24: h88 - h12870 - h55202 
c25: h101 + h287 + h2492 + h3268 
c31: h62 + h10090 - h55 - h119 - h43 - h133 
c32: h6 + h1048 + h122 
c33: h683 - h28 - h186 
c34: h273 + h450 
c35: h35 + h446 
c41: h85 - h122 
c42: h35 + h20 - h180 
c43: h94 + h63 + h29 - h8 - h122 
c44: h101 + h446 
c45: - h119 
c51: h49 + h101 + h19700 
c52: h97 + h287 
c53: - h838 
c54: h20 + h35 + h829 
c55: h63 + h81 - h683 
