0,151.976,24.8
100,139.18400000000003,24.8
200,128.35999999999999,24.8
300,119.88799999999999,24.8
400,109.4,25
500,101.024,25
600,93.208,25
700,88.152,25
800,83.63999999999999,25
900,76.864,24.8
1000,71.72,24.8
1100,67.84,25
1200,65.248,25
1300,54.888,25
1400,54.007999999999996,25
1500,52.016000000000005,25
1600,50.968,25
1700,50.744,25
1800,50.31999999999999,25
1900,50.31999999999999,25
2000,50.31999999999999,25
2100,50.111999999999995,25
2200,49.711999999999996,25
2300,49.711999999999996,25
2400,49.711999999999996,25
2500,49.544,25
2600,48.736000000000004,25
2700,47.92,25
2800,47.92,25
2900,47.336,25
3000,46.56,25
3100,45.263999999999996,25
3200,42.664,25
3300,42.504000000000005,25
3400,42.048,25
3500,41.744,25
3600,41.664,25
3700,40.424,25
3800,40.312,25
3900,40.008,25
4000,40.008,25
4100,39.464,25
4200,39.152,25
4300,39.152,25
4400,38.768,25
4500,38.768,25
4600,38.768,25
4700,38.768,25
4800,38.768,25
4900,38.768,25
5000,38.768,25
5100,38.768,25
5200,38.768,25
5300,38.768,25
5400,38.768,25
5500,38.768,25
5600,38.768,25
5700,38.768,25
5800,38.768,25
5900,38.768,25
6000,38.768,25
6100,38.768,25
6200,38.736000000000004,25
6300,38.736000000000004,25
6400,38.736000000000004,25
6500,38.736000000000004,25
6600,38.736000000000004,25
6700,38.736000000000004,25
6800,38.736000000000004,25
6900,38.736000000000004,25
7000,38.736000000000004,25
7100,38.70399999999999,25
7200,38.70399999999999,25
7300,38.70399999999999,25
7400,38.70399999999999,25
7500,38.70399999999999,25
7600,38.512,25
7700,38.512,25
7800,38.512,25
7900,38.512,25
8000,38.512,25
8100,37.687999999999995,25
8200,37.536,24.8
8300,37.536,24.8
8400,37.536,24.8
8500,37.536,24.8
8600,37.536,24.8
8700,37.536,24.8
8800,37.536,24.8
8900,37.536,24.8
9000,37.536,24.8
9100,37.536,24.8
9200,37.536,24.8
9300,37.536,24.8
9400,37.536,24.8
9500,37.256,24.8
9600,37.256,24.8
9700,37.256,24.8
9800,37.256,24.8
9900,37.256,24.8
10000,37.256,24.8
10100,37.248000000000005,24.8
10200,36.959999999999994,24.8
10300,36.959999999999994,24.8
10400,36.632000000000005,24.8
10500,36.632000000000005,24.8
10600,36.248000000000005,24.8
10700,36.248000000000005,24.8
10800,36.248000000000005,24.8
10900,36.248000000000005,24.8
11000,36.248000000000005,24.8
11100,36.248000000000005,24.8
11200,36.056000000000004,24.8
11300,35.239999999999995,24.8
11400,35.239999999999995,24.8
11500,35.239999999999995,24.8
11600,35.239999999999995,24.8
11700,35.239999999999995,24.8
11800,34.672000000000004,24.6
11900,34.672000000000004,24.6
12000,34.672000000000004,24.6
12100,34.672000000000004,24.6
12200,34.672000000000004,24.6
12300,34.672000000000004,24.6
12400,34.336,24.6
12500,34.336,24.6
12600,34.336,24.6
12700,34.336,24.6
12800,34.312,24.6
12900,34.312,24.6
13000,34.312,24.6
13100,34.312,24.6
13200,34.312,24.6
13300,34.312,24.6
13400,34.312,24.6
13500,34.312,24.6
13600,34.312,24.6
13700,34.312,24.6
13800,34.312,24.6
13900,34.312,24.6
14000,33.456,24.6
14100,33.456,24.6
14200,33.456,24.6
14300,33.456,24.6
14400,33.152,24.6
14500,32.912,24.6
14600,32.912,24.6
14700,32.912,24.6
14800,32.864000000000004,24.6
14900,32.864000000000004,24.6
15000,32.864000000000004,24.6
15100,32.864000000000004,24.6
15200,32.864000000000004,24.6
15300,32.864000000000004,24.6
15400,32.864000000000004,24.6
15500,32.768,24.6
15600,32.60000000000001,24.6
15700,32.60000000000001,24.6
15800,32.60000000000001,24.6
15900,32.472,24.6
16000,32.232,24.6
16100,32.232,24.6
16200,32.232,24.6
16300,32.232,24.6
16400,32.135999999999996,24.4
16500,32.135999999999996,24.4
16600,32.135999999999996,24.4
16700,32.135999999999996,24.4
16800,32.135999999999996,24.4
16900,32.135999999999996,24.4
17000,32.135999999999996,24.4
17100,32.135999999999996,24.4
17200,32.135999999999996,24.4
17300,32.135999999999996,24.4
17400,32.135999999999996,24.4
17500,32.135999999999996,24.4
17600,32.135999999999996,24.4
17700,32.135999999999996,24.4
17800,32.135999999999996,24.4
17900,32.135999999999996,24.4
18000,32.135999999999996,24.4
18100,32.135999999999996,24.4
18200,32.135999999999996,24.4
18300,32.135999999999996,24.4
18400,32.135999999999996,24.4
18500,32.135999999999996,24.4
18600,32.135999999999996,24.4
18700,32.135999999999996,24.4
18800,32.135999999999996,24.4
18900,32.135999999999996,24.4
19000,32.135999999999996,24.4
19100,32.135999999999996,24.4
19200,32.135999999999996,24.4
19300,32.135999999999996,24.4
19400,32.135999999999996,24.4
19500,32.135999999999996,24.4
19600,32.135999999999996,24.4
19700,32.135999999999996,24.4
19800,32.135999999999996,24.4
19900,32.135999999999996,24.4
20000,32.135999999999996,24.4
20100,32.135999999999996,24.4
20200,32.135999999999996,24.4
20300,32.135999999999996,24.4
20400,32.135999999999996,24.4
20500,32.135999999999996,24.4
20600,32.007999999999996,24.6
20700,32.007999999999996,24.6
20800,32.007999999999996,24.6
20900,32.007999999999996,24.6
21000,31.695999999999998,24.6
21100,31.672000000000004,24.6
21200,31.672000000000004,24.6
21300,31.672000000000004,24.6
21400,31.672000000000004,24.6
21500,31.424,24.6
21600,31.424,24.6
21700,31.424,24.6
21800,31.143999999999995,24.6
21900,31.143999999999995,24.6
22000,31.143999999999995,24.6
22100,31.104000000000003,24.6
22200,30.968,24.6
22300,30.968,24.6
22400,30.968,24.6
22500,30.736,24.6
22600,30.4,24.6
22700,29.991999999999997,24.6
22800,29.991999999999997,24.6
22900,29.991999999999997,24.6
23000,29.464,24.6
23100,29.464,24.6
23200,29.464,24.6
23300,29.464,24.6
23400,29.464,24.6
23500,29.464,24.6
23600,29.464,24.6
23700,29.464,24.6
23800,29.464,24.6
23900,29.464,24.6
24000,29.464,24.6
24100,29.464,24.6
24200,29.464,24.6
24300,29.464,24.6
24400,29.464,24.6
24500,29.464,24.6
24600,29.464,24.6
24700,29.151999999999997,24.6
24800,29.144,24.6
24900,29.144,24.6
25000,29.144,24.6
25100,29.144,24.6
25200,29.144,24.6
25300,29.144,24.6
25400,29.144,24.6
25500,29.144,24.6
25600,29.144,24.6
25700,29.144,24.6
25800,29.144,24.6
25900,29.144,24.6
26000,29.144,24.6
26100,29.144,24.6
26200,29.144,24.6
26300,29.144,24.6
26400,28.504,24.4
26500,28.504,24.4
26600,28.504,24.4
26700,28.504,24.4
26800,28.504,24.4
26900,28.064,24.2
27000,28.064,24.2
27100,28.064,24.2
27200,28.064,24.2
27300,28.064,24.2
27400,28.064,24.2
27500,28.064,24.2
27600,28.064,24.2
27700,28.064,24.2
27800,28.064,24.2
27900,28.064,24.2
28000,28.064,24.2
28100,28.064,24.2
28200,28.064,24.2
28300,28.064,24.2
28400,28.064,24.2
28500,28.064,24.2
28600,28.064,24.2
28700,27.488,24.4
28800,27.488,24.4
28900,27.488,24.4
29000,27.488,24.4
29100,27.232000000000006,24.4
29200,27.232000000000006,24.4
29300,27.232000000000006,24.4
29400,27.232000000000006,24.4
29500,27.232000000000006,24.4
29600,27.232000000000006,24.4
29700,27.232000000000006,24.4
29800,27.232000000000006,24.4
29900,27.232000000000006,24.4
30000,27.232000000000006,24.4
30100,27.232000000000006,24.4
30200,26.68,24.4
30300,26.68,24.4
30400,26.68,24.4
30500,26.68,24.4
30600,26.68,24.4
30700,26.68,24.4
30800,26.68,24.4
30900,26.68,24.4
31000,26.68,24.4
31100,26.68,24.4
31200,26.68,24.4
31300,26.68,24.4
31400,26.68,24.4
31500,26.68,24.4
31600,26.68,24.4
31700,26.68,24.4
31800,25.848000000000003,24.4
31900,25.848000000000003,24.4
32000,25.848000000000003,24.4
32100,25.848000000000003,24.4
32200,25.848000000000003,24.4
32300,25.640000000000004,24.4
32400,25.640000000000004,24.4
32500,25.640000000000004,24.4
32600,25.640000000000004,24.4
32700,25.640000000000004,24.4
32800,25.640000000000004,24.4
32900,25.640000000000004,24.4
33000,25.640000000000004,24.4
33100,25.640000000000004,24.4
33200,25.640000000000004,24.4
33300,25.640000000000004,24.4
33400,25.144,24.4
33500,25.144,24.4
33600,25.144,24.4
33700,25.144,24.4
33800,25.144,24.4
33900,25.144,24.4
34000,25.144,24.4
34100,25.144,24.4
34200,25.144,24.4
34300,25.144,24.4
34400,25.144,24.4
34500,25.144,24.4
34600,25.144,24.4
34700,25.144,24.4
34800,25.144,24.4
34900,25.144,24.4
35000,25.144,24.4
35100,25.144,24.4
35200,25.144,24.4
35300,25.144,24.4
35400,25.144,24.4
35500,25.144,24.4
35600,25.144,24.4
35700,25.144,24.4
35800,25.144,24.4
35900,25.144,24.4
36000,25.144,24.4
36100,25.144,24.4
36200,25.144,24.4
36300,25.144,24.4
36400,24.992,24.4
36500,24.839999999999996,24.2
36600,24.839999999999996,24.2
36700,24.839999999999996,24.2
36800,24.839999999999996,24.2
36900,24.839999999999996,24.2
37000,24.648,24
37100,24.648,24
37200,24.648,24
37300,24.648,24
37400,24.648,24
37500,24.648,24
37600,24.648,24
37700,24.648,24
37800,24.648,24
37900,24.648,24
38000,24.648,24
38100,24.648,24
38200,24.648,24
38300,24.648,24
38400,24.648,24
38500,24.648,24
38600,24.648,24
38700,24.648,24
38800,24.648,24
38900,24.648,24
39000,24.648,24
39100,24.648,24
39200,24.648,24
39300,24.648,24
39400,24.648,24
39500,24.648,24
39600,24.648,24
39700,24.648,24
39800,24.648,24
39900,24.48,24
40000,24.48,24
40100,24.48,24
40200,24.48,24
40300,24.48,24
40400,24.48,24
40500,23.936,24
40600,23.936,24
40700,23.936,24
40800,23.936,24
40900,23.936,24
41000,23.936,24
41100,23.592000000000002,24
41200,23.592000000000002,24
41300,23.592000000000002,24
41400,23.592000000000002,24
41500,23.592000000000002,24
41600,23.592000000000002,24
41700,23.592000000000002,24
41800,23.592000000000002,24
41900,23.592000000000002,24
42000,23.592000000000002,24
42100,23.592000000000002,24
42200,23.592000000000002,24
42300,23.592000000000002,24
42400,23.592000000000002,24
42500,23.592000000000002,24
42600,23.592000000000002,24
42700,23.592000000000002,24
42800,23.392,24
42900,23.392,24
43000,23.392,24
43100,23.392,24
43200,23.392,24
43300,23.392,24
43400,23.392,24
43500,23.392,24
43600,23.392,24
43700,23.392,24
43800,22.904,24.2
43900,22.904,24.2
44000,22.904,24.2
44100,22.904,24.2
44200,22.904,24.2
44300,22.904,24.2
44400,22.904,24.2
44500,22.904,24.2
44600,22.904,24.2
44700,22.904,24.2
44800,22.904,24.2
44900,22.904,24.2
45000,22.904,24.2
45100,22.904,24.2
45200,22.904,24.2
45300,22.904,24.2
45400,22.904,24.2
45500,22.904,24.2
45600,22.904,24.2
45700,22.904,24.2
45800,22.880000000000003,24.4
45900,22.880000000000003,24.4
46000,22.880000000000003,24.4
46100,22.880000000000003,24.4
46200,22.880000000000003,24.4
46300,22.880000000000003,24.4
46400,22.880000000000003,24.4
46500,22.880000000000003,24.4
46600,22.880000000000003,24.4
46700,22.880000000000003,24.4
46800,22.880000000000003,24.4
46900,22.880000000000003,24.4
47000,22.880000000000003,24.4
47100,22.880000000000003,24.4
47200,22.880000000000003,24.4
47300,22.272,24.2
47400,22.272,24.2
47500,22.272,24.2
47600,22.272,24.2
47700,22.272,24.2
47800,22.272,24.2
47900,22.272,24.2
48000,22.272,24.2
48100,22.272,24.2
48200,22.272,24.2
48300,22.176,24.2
48400,22.176,24.2
48500,22.176,24.2
48600,22.176,24.2
48700,22.176,24.2
48800,22.176,24.2
48900,22.176,24.2
49000,22.176,24.2
49100,22.176,24.2
49200,22.176,24.2
49300,22.176,24.2
49400,22.176,24.2
49500,22.176,24.2
49600,22.176,24.2
49700,22.176,24.2
49800,22.176,24.2
49900,22.176,24.2
50000,22.176,24.2
50100,22.176,24.2
50200,22.176,24.2
50300,22.176,24.2
50400,22.176,24.2
50500,22.176,24.2
50600,22.176,24.2
50700,22.176,24.2
50800,22.176,24.2
50900,22.176,24.2
51000,22.176,24.2
51100,22.176,24.2
51200,22.176,24.2
51300,22.176,24.2
51400,22.176,24.2
51500,22.176,24.2
51600,22.176,24.2
51700,22.176,24.2
51800,22.176,24.2
51900,22.176,24.2
52000,22.176,24.2
52100,22.176,24.2
52200,22.176,24.2
52300,22.176,24.2
52400,22.176,24.2
52500,22.176,24.2
52600,22.119999999999997,24.2
52700,22.119999999999997,24.2
52800,22.119999999999997,24.2
52900,22.119999999999997,24.2
53000,22.119999999999997,24.2
53100,22.119999999999997,24.2
53200,21.792,24.2
53300,21.792,24.2
53400,21.432,24.2
53500,21.432,24.2
53600,21.432,24.2
53700,21.432,24.2
53800,21.432,24.2
53900,21.432,24.2
54000,21.432,24.2
54100,21.432,24.2
54200,21.432,24.2
54300,21.432,24.2
54400,21.432,24.2
54500,21.432,24.2
54600,21.432,24.2
54700,21.432,24.2
54800,21.432,24.2
54900,21.432,24.2
55000,21.432,24.2
55100,21.432,24.2
55200,21.432,24.2
55300,21.432,24.2
55400,21.432,24.2
55500,21.432,24.2
55600,21.432,24.2
55700,21.432,24.2
55800,21.432,24.2
55900,21.432,24.2
56000,21.432,24.2
56100,21.432,24.2
56200,21.432,24.2
56300,21.432,24.2
56400,21.432,24.2
56500,21.432,24.2
56600,21.432,24.2
56700,21.432,24.2
56800,21.432,24.2
56900,21.432,24.2
57000,21.432,24.2
57100,21.432,24.2
57200,20.72,24.2
57300,20.72,24.2
57400,20.72,24.2
57500,20.72,24.2
57600,20.72,24.2
57700,20.72,24.2
57800,20.72,24.2
57900,20.72,24.2
58000,20.72,24.2
58100,20.72,24.2
58200,20.72,24.2
58300,20.72,24.2
58400,20.72,24.2
58500,20.72,24.2
58600,20.72,24.2
58700,20.72,24.2
58800,20.72,24.2
58900,20.72,24.2
59000,20.72,24.2
59100,20.72,24.2
59200,20.72,24.2
59300,20.72,24.2
59400,20.688,24.2
59500,20.688,24.2
59600,20.688,24.2
59700,20.688,24.2
59800,20.688,24.2
59900,20.688,24.2
60000,20.688,24.2
60100,20.688,24.2
60200,20.688,24.2
60300,20.688,24.2
60400,20.688,24.2
60500,20.688,24.2
60600,20.688,24.2
60700,20.688,24.2
60800,20.688,24.2
60900,20.688,24.2
61000,20.688,24.2
61100,20.688,24.2
61200,20.688,24.2
61300,20.688,24.2
61400,20.688,24.2
61500,20.688,24.2
61600,20.672,24.2
61700,20.672,24.2
61800,20.672,24.2
61900,20.672,24.2
62000,20.672,24.2
62100,20.672,24.2
62200,20.672,24.2
62300,20.672,24.2
62400,20.672,24.2
62500,20.672,24.2
62600,20.672,24.2
62700,20.672,24.2
62800,20.672,24.2
62900,20.672,24.2
63000,20.672,24.2
63100,20.672,24.2
63200,20.672,24.2
63300,20.672,24.2
63400,20.672,24.2
63500,20.672,24.2
63600,20.672,24.2
63700,20.672,24.2
63800,20.672,24.2
63900,20.672,24.2
64000,20.672,24.2
64100,20.672,24.2
64200,20.672,24.2
64300,20.672,24.2
64400,20.672,24.2
64500,20.672,24.2
64600,20.672,24.2
64700,20.672,24.2
64800,20.672,24.2
64900,20.672,24.2
65000,20.672,24.2
65100,20.672,24.2
65200,20.672,24.2
65300,20.672,24.2
65400,20.672,24.2
65500,20.672,24.2
65600,20.672,24.2
65700,20.672,24.2
65800,20.672,24.2
65900,20.672,24.2
66000,20.672,24.2
66100,20.672,24.2
66200,20.672,24.2
66300,20.672,24.2
66400,20.672,24.2
66500,20.672,24.2
66600,20.672,24.2
66700,20.672,24.2
66800,20.672,24.2
66900,20.672,24.2
67000,20.672,24.2
67100,20.672,24.2
67200,20.672,24.2
67300,20.672,24.2
67400,20.672,24.2
67500,20.672,24.2
67600,20.672,24.2
67700,20.672,24.2
67800,20.672,24.2
67900,20.672,24.2
68000,20.624000000000002,24.2
68100,20.624000000000002,24.2
68200,20.624000000000002,24.2
68300,20.624000000000002,24.2
68400,20.624000000000002,24.2
68500,20.624000000000002,24.2
68600,20.624000000000002,24.2
68700,20.624000000000002,24.2
68800,20.624000000000002,24.2
68900,20.624000000000002,24.2
69000,20.624000000000002,24.2
69100,20.624000000000002,24.2
69200,20.624000000000002,24.2
69300,20.624000000000002,24.2
69400,20.624000000000002,24.2
69500,20.624000000000002,24.2
69600,20.624000000000002,24.2
69700,20.624000000000002,24.2
69800,20.624000000000002,24.2
69900,20.624000000000002,24.2
70000,20.624000000000002,24.2
70100,20.624000000000002,24.2
70200,20.624000000000002,24.2
70300,20.624000000000002,24.2
70400,20.624000000000002,24.2
70500,20.624000000000002,24.2
70600,20.624000000000002,24.2
70700,20.36,24
70800,20.36,24
70900,20.36,24
71000,20.36,24
71100,20.36,24
71200,20.36,24
71300,20.36,24
71400,20.36,24
71500,20.36,24
71600,20.36,24
71700,20.36,24
71800,20.36,24
71900,20.36,24
72000,20.36,24
72100,20.36,24
72200,20.36,24
72300,20.36,24
72400,20.36,24
72500,20.36,24
72600,20.36,24
72700,20.36,24
72800,20.36,24
72900,20.36,24
73000,20.36,24
73100,20.36,24
73200,20.36,24
73300,20.36,24
73400,20.36,24
73500,20.36,24
73600,20.36,24
73700,20.36,24
73800,20.36,24
73900,20.264,24
74000,20.2,24
74100,19.808,24
74200,19.808,24
74300,19.808,24
74400,19.808,24
74500,19.808,24
74600,19.808,24
74700,19.808,24
74800,19.808,24
74900,19.808,24
75000,19.808,24
75100,19.808,24
75200,19.808,24
75300,19.808,24
75400,19.808,24
75500,19.808,24
75600,19.808,24
75700,19.808,24
75800,19.808,24
75900,19.808,24
76000,19.808,24
76100,19.808,24
76200,19.808,24
76300,19.808,24
76400,19.808,24
76500,19.808,24
76600,19.808,24
76700,19.808,24
76800,19.808,24
76900,19.808,24
77000,19.808,24
77100,19.808,24
77200,19.808,24
77300,19.808,24
77400,19.808,24
77500,19.808,24
77600,19.808,24
77700,19.808,24
77800,19.808,24
77900,19.808,24
78000,19.808,24
78100,19.808,24
78200,19.808,24
78300,19.808,24
78400,19.808,24
78500,19.808,24
78600,19.808,24
78700,19.808,24
78800,19.808,24
78900,19.808,24
79000,19.808,24
79100,19.544,24
79200,19.544,24
79300,19.544,24
79400,19.544,24
79500,19.544,24
79600,19.544,24
79700,19.544,24
79800,19.544,24
79900,19.544,24
80000,19.544,24
80100,19.544,24
80200,19.544,24
80300,19.544,24
80400,19.544,24
80500,19.544,24
80600,19.544,24
80700,19.544,24
80800,19.544,24
80900,19.544,24
81000,19.472,23.8
81100,19.472,23.8
81200,19.472,23.8
81300,19.472,23.8
81400,19.280000000000005,23.8
81500,18.832,23.8
81600,18.832,23.8
81700,18.832,23.8
81800,18.832,23.8
81900,18.832,23.8
82000,18.832,23.8
82100,18.832,23.8
82200,18.832,23.8
82300,18.832,23.8
82400,18.832,23.8
82500,18.832,23.8
82600,18.832,23.8
82700,18.832,23.8
82800,18.832,23.8
82900,18.832,23.8
83000,18.832,23.8
83100,18.832,23.8
83200,18.832,23.8
83300,18.832,23.8
83400,18.832,23.8
83500,18.832,23.8
83600,18.832,23.8
83700,18.832,23.8
83800,18.832,23.8
83900,18.832,23.8
84000,18.832,23.8
84100,18.832,23.8
84200,18.832,23.8
84300,18.832,23.8
84400,18.832,23.8
84500,18.832,23.8
84600,18.832,23.8
84700,18.832,23.8
84800,18.832,23.8
84900,18.832,23.8
85000,18.832,23.8
85100,18.832,23.8
85200,18.832,23.8
85300,18.832,23.8
85400,18.832,23.8
85500,18.832,23.8
85600,18.832,23.8
85700,18.832,23.8
85800,18.832,23.8
85900,18.832,23.8
86000,18.832,23.8
86100,18.448,23.6
86200,18.448,23.6
86300,18.448,23.6
86400,18.448,23.6
86500,18.448,23.6
86600,18.448,23.6
86700,18.448,23.6
86800,18.448,23.6
86900,18.448,23.6
87000,18.448,23.6
87100,18.448,23.6
87200,18.448,23.6
87300,18.448,23.6
87400,18.448,23.6
87500,18.448,23.6
87600,18.448,23.6
87700,18.448,23.6
87800,18.448,23.6
87900,18.448,23.6
88000,18.448,23.6
88100,18.448,23.6
88200,18.448,23.6
88300,18.448,23.6
88400,18.448,23.6
88500,18.448,23.6
88600,18.448,23.6
88700,18.448,23.6
88800,18.448,23.6
88900,18.448,23.6
89000,18.448,23.6
89100,18.448,23.6
89200,18.448,23.6
89300,18.448,23.6
89400,18.448,23.6
89500,18.448,23.6
89600,18.448,23.6
89700,18.448,23.6
89800,18.448,23.6
89900,18.448,23.6
90000,18.448,23.6
90100,18.448,23.6
90200,18.448,23.6
90300,18.448,23.6
90400,18.448,23.6
90500,18.448,23.6
90600,18.448,23.6
90700,18.448,23.6
90800,18.448,23.6
90900,18.448,23.6
91000,18.448,23.6
91100,18.448,23.6
91200,18.448,23.6
91300,18.448,23.6
91400,18.448,23.6
91500,18.448,23.6
91600,18.448,23.6
91700,18.448,23.6
91800,18.448,23.6
91900,18.448,23.6
92000,18.448,23.6
92100,18.448,23.6
92200,18.448,23.6
92300,18.448,23.6
92400,18.448,23.6
92500,18.448,23.6
92600,18.448,23.6
92700,18.448,23.6
92800,18.448,23.6
92900,18.448,23.6
93000,18.448,23.6
93100,18.448,23.6
93200,18.448,23.6
93300,18.448,23.6
93400,18.448,23.6
93500,18.448,23.6
93600,18.448,23.6
93700,18.448,23.6
93800,18.448,23.6
93900,18.448,23.6
94000,18.448,23.6
94100,18.448,23.6
94200,18.448,23.6
94300,18.448,23.6
94400,18.448,23.6
94500,18.448,23.6
94600,18.448,23.6
94700,18.448,23.6
94800,18.448,23.6
94900,18.448,23.6
95000,18.448,23.6
95100,18.448,23.6
95200,18.448,23.6
95300,18.448,23.6
95400,18.448,23.6
95500,18.448,23.6
95600,18.448,23.6
95700,18.448,23.6
95800,18.448,23.6
95900,18.448,23.6
96000,18.448,23.6
96100,18.448,23.6
96200,18.448,23.6
96300,18.448,23.6
96400,18.448,23.6
96500,18.448,23.6
96600,18.448,23.6
96700,18.448,23.6
96800,18.448,23.6
96900,18.448,23.6
97000,18.448,23.6
97100,18.448,23.6
97200,18.448,23.6
97300,18.448,23.6
97400,18.448,23.6
97500,18.448,23.6
97600,18.448,23.6
97700,18.424,23.6
97800,18.424,23.6
97900,18.424,23.6
98000,18.424,23.6
98100,18.424,23.6
98200,18.424,23.6
98300,18.424,23.6
98400,18.216,23.6
98500,18.216,23.6
98600,18.216,23.6
98700,18.216,23.6
98800,18.216,23.6
98900,18.216,23.6
99000,18.216,23.6
99100,18.216,23.6
99200,18.2,23.6
99300,18.2,23.6
99400,18.2,23.6
99500,18.2,23.6
99600,18.2,23.6
99700,18.2,23.6
99800,18.2,23.6
99900,18.2,23.6
100000,18.2,23.6
100100,18.2,23.6
100200,18.2,23.6
100300,18.2,23.6
100400,18.2,23.6
100500,18.2,23.6
100600,18.2,23.6
100700,18.2,23.6
100800,18.2,23.6
100900,18.2,23.6
101000,18.2,23.6
101100,18.2,23.6
101200,18.2,23.6
101300,18.2,23.6
101400,18.2,23.6
101500,18.2,23.6
101600,18.2,23.6
101700,18.2,23.6
101800,18.2,23.6
101900,18.2,23.6
102000,18.2,23.6
102100,18.2,23.6
102200,18.2,23.6
102300,18.2,23.6
102400,18.2,23.6
102500,18.2,23.6
102600,18.2,23.6
102700,18.2,23.6
102800,18.2,23.6
102900,18.2,23.6
103000,18.2,23.6
103100,18.2,23.6
103200,18.2,23.6
103300,18.2,23.6
103400,18.2,23.6
103500,18.2,23.6
103600,18.2,23.6
103700,18.2,23.6
103800,18.2,23.6
103900,18.2,23.6
104000,18.2,23.6
104100,18.2,23.6
104200,18.2,23.6
104300,18.2,23.6
104400,18.2,23.6
104500,18.2,23.6
104600,18.2,23.6
104700,18.2,23.6
104800,18.2,23.6
104900,18.2,23.6
105000,18.2,23.6
105100,18.2,23.6
105200,18.2,23.6
105300,18.2,23.6
105400,18.2,23.6
105500,18.2,23.6
105600,18.2,23.6
105700,18.2,23.6
105800,18.2,23.6
105900,18.2,23.6
106000,18.2,23.6
106100,18.2,23.6
106200,18.2,23.6
106300,18.2,23.6
106400,18.2,23.6
106500,18.2,23.6
106600,18.2,23.6
106700,18.2,23.6
106800,18.2,23.6
106900,18.2,23.6
107000,18.176,23.8
107100,18.176,23.8
107200,18.176,23.8
107300,18.176,23.8
107400,18.176,23.8
107500,18.176,23.8
107600,18.176,23.8
107700,18.176,23.8
107800,18.176,23.8
107900,18.176,23.8
108000,18.176,23.8
108100,18.176,23.8
108200,18.176,23.8
108300,18.176,23.8
108400,18.176,23.8
108500,18.176,23.8
108600,18.176,23.8
108700,18.176,23.8
108800,18.176,23.8
108900,18.176,23.8
109000,17.96,24
109100,17.96,24
109200,17.96,24
109300,17.96,24
109400,17.96,24
109500,17.96,24
109600,17.96,24
109700,17.96,24
109800,17.96,24
109900,17.96,24
110000,17.96,24
110100,17.96,24
110200,17.96,24
110300,17.96,24
110400,17.96,24
110500,17.96,24
110600,17.96,24
110700,17.96,24
110800,17.96,24
110900,17.96,24
111000,17.96,24
111100,17.96,24
111200,17.96,24
111300,17.96,24
111400,17.96,24
111500,17.96,24
111600,17.96,24
111700,17.96,24
111800,17.96,24
111900,17.96,24
112000,17.96,24
112100,17.96,24
112200,17.96,24
112300,17.96,24
112400,17.96,24
112500,17.96,24
112600,17.96,24
112700,17.96,24
112800,17.96,24
112900,17.96,24
113000,17.96,24
113100,17.96,24
113200,17.96,24
113300,17.96,24
113400,17.96,24
113500,17.96,24
113600,17.96,24
113700,17.96,24
113800,17.96,24
113900,17.96,24
114000,17.96,24
114100,17.96,24
114200,17.96,24
114300,17.96,24
114400,17.96,24
114500,17.96,24
114600,17.96,24
114700,17.96,24
114800,17.96,24
114900,17.96,24
115000,17.96,24
115100,17.96,24
115200,17.96,24
115300,17.96,24
115400,17.96,24
115500,17.96,24
115600,17.96,24
115700,17.96,24
115800,17.96,24
115900,17.96,24
116000,17.96,24
116100,17.96,24
116200,17.96,24
116300,17.96,24
116400,17.96,24
116500,17.96,24
116600,17.96,24
116700,17.904000000000003,24
116800,17.904000000000003,24
116900,17.904000000000003,24
117000,17.904000000000003,24
117100,17.904000000000003,24
117200,17.904000000000003,24
117300,17.904000000000003,24
117400,17.904000000000003,24
117500,17.904000000000003,24
117600,17.904000000000003,24
117700,17.904000000000003,24
117800,17.904000000000003,24
117900,17.904000000000003,24
118000,17.904000000000003,24
118100,17.904000000000003,24
118200,17.904000000000003,24
118300,17.904000000000003,24
118400,17.904000000000003,24
118500,17.904000000000003,24
118600,17.904000000000003,24
118700,17.904000000000003,24
118800,17.904000000000003,24
118900,17.904000000000003,24
119000,17.904000000000003,24
119100,17.904000000000003,24
119200,17.904000000000003,24
119300,17.904000000000003,24
119400,17.904000000000003,24
119500,17.904000000000003,24
119600,17.904000000000003,24
119700,17.904000000000003,24
119800,17.904000000000003,24
119900,17.904000000000003,24
120000,17.904000000000003,24
120100,17.904000000000003,24
120200,17.904000000000003,24
120300,17.904000000000003,24
120400,17.904000000000003,24
120500,17.904000000000003,24
120600,17.904000000000003,24
120700,17.904000000000003,24
120800,17.904000000000003,24
120900,17.904000000000003,24
121000,17.904000000000003,24
121100,17.904000000000003,24
121200,17.904000000000003,24
121300,17.904000000000003,24
121400,17.904000000000003,24
121500,17.904000000000003,24
121600,17.904000000000003,24
121700,17.904000000000003,24
121800,17.904000000000003,24
121900,17.904000000000003,24
122000,17.904000000000003,24
122100,17.904000000000003,24
122200,17.904000000000003,24
122300,17.904000000000003,24
122400,17.904000000000003,24
122500,17.904000000000003,24
122600,17.904000000000003,24
122700,17.904000000000003,24
122800,17.904000000000003,24
122900,17.904000000000003,24
123000,17.904000000000003,24
123100,17.904000000000003,24
123200,17.904000000000003,24
123300,17.904000000000003,24
123400,17.904000000000003,24
123500,17.904000000000003,24
123600,17.904000000000003,24
123700,17.904000000000003,24
123800,17.904000000000003,24
123900,17.904000000000003,24
124000,17.904000000000003,24
124100,17.904000000000003,24
124200,17.904000000000003,24
124300,17.904000000000003,24
124400,17.904000000000003,24
124500,17.904000000000003,24
124600,17.904000000000003,24
124700,17.904000000000003,24
124800,17.904000000000003,24
124900,17.904000000000003,24
125000,17.904000000000003,24
125100,17.904000000000003,24
125200,17.904000000000003,24
125300,17.904000000000003,24
125400,17.904000000000003,24
125500,17.904000000000003,24
125600,17.904000000000003,24
125700,17.904000000000003,24
125800,17.904000000000003,24
125900,17.904000000000003,24
126000,17.904000000000003,24
126100,17.904000000000003,24
126200,17.904000000000003,24
126300,17.904000000000003,24
126400,17.904000000000003,24
126500,17.904000000000003,24
126600,17.904000000000003,24
126700,17.904000000000003,24
126800,17.904000000000003,24
126900,17.904000000000003,24
127000,17.904000000000003,24
127100,17.904000000000003,24
127200,17.904000000000003,24
127300,17.904000000000003,24
127400,17.904000000000003,24
127500,17.904000000000003,24
127600,17.904000000000003,24
127700,17.904000000000003,24
127800,17.904000000000003,24
127900,17.904000000000003,24
128000,17.904000000000003,24
128100,17.904000000000003,24
128200,17.904000000000003,24
128300,17.904000000000003,24
128400,17.904000000000003,24
128500,17.904000000000003,24
128600,17.904000000000003,24
128700,17.904000000000003,24
128800,17.904000000000003,24
128900,17.904000000000003,24
129000,17.904000000000003,24
129100,17.904000000000003,24
129200,17.904000000000003,24
129300,17.904000000000003,24
129400,17.904000000000003,24
129500,17.904000000000003,24
129600,17.904000000000003,24
129700,17.904000000000003,24
129800,17.904000000000003,24
129900,17.904000000000003,24
130000,17.904000000000003,24
130100,17.904000000000003,24
130200,17.904000000000003,24
130300,17.904000000000003,24
130400,17.904000000000003,24
130500,17.904000000000003,24
130600,17.904000000000003,24
130700,17.904000000000003,24
130800,17.904000000000003,24
130900,17.904000000000003,24
131000,17.904000000000003,24
131100,17.904000000000003,24
131200,17.904000000000003,24
131300,17.904000000000003,24
131400,17.904000000000003,24
131500,17.904000000000003,24
131600,17.904000000000003,24
131700,17.904000000000003,24
131800,17.904000000000003,24
131900,17.904000000000003,24
132000,17.904000000000003,24
132100,17.904000000000003,24
132200,17.904000000000003,24
132300,17.904000000000003,24
132400,17.904000000000003,24
132500,17.904000000000003,24
132600,17.904000000000003,24
132700,17.904000000000003,24
132800,17.904000000000003,24
132900,17.904000000000003,24
133000,17.904000000000003,24
133100,17.904000000000003,24
133200,17.904000000000003,24
133300,17.904000000000003,24
133400,17.904000000000003,24
133500,17.904000000000003,24
133600,17.904000000000003,24
133700,17.904000000000003,24
133800,17.904000000000003,24
133900,17.904000000000003,24
134000,17.904000000000003,24
134100,17.904000000000003,24
134200,17.904000000000003,24
134300,17.904000000000003,24
134400,17.904000000000003,24
134500,17.904000000000003,24
134600,17.904000000000003,24
134700,17.904000000000003,24
134800,17.904000000000003,24
134900,17.904000000000003,24
135000,17.904000000000003,24
135100,17.904000000000003,24
135200,17.904000000000003,24
135300,17.904000000000003,24
135400,17.904000000000003,24
135500,17.904000000000003,24
135600,17.904000000000003,24
135700,17.904000000000003,24
135800,17.904000000000003,24
135900,17.904000000000003,24
136000,17.904000000000003,24
136100,17.904000000000003,24
136200,17.904000000000003,24
136300,17.904000000000003,24
136400,17.904000000000003,24
136500,17.904000000000003,24
136600,17.904000000000003,24
136700,17.904000000000003,24
136800,17.904000000000003,24
136900,17.904000000000003,24
137000,17.904000000000003,24
137100,17.904000000000003,24
137200,17.904000000000003,24
137300,17.904000000000003,24
137400,17.904000000000003,24
137500,17.904000000000003,24
137600,17.904000000000003,24
137700,17.904000000000003,24
137800,17.904000000000003,24
137900,17.904000000000003,24
138000,17.904000000000003,24
138100,17.904000000000003,24
138200,17.904000000000003,24
138300,17.904000000000003,24
138400,17.904000000000003,24
138500,17.904000000000003,24
138600,17.904000000000003,24
138700,17.904000000000003,24
138800,17.904000000000003,24
138900,17.904000000000003,24
139000,17.904000000000003,24
139100,17.904000000000003,24
139200,17.904000000000003,24
139300,17.904000000000003,24
139400,17.904000000000003,24
139500,17.904000000000003,24
139600,17.904000000000003,24
139700,17.904000000000003,24
139800,17.904000000000003,24
139900,17.904000000000003,24
140000,17.904000000000003,24
140100,17.904000000000003,24
140200,17.904000000000003,24
140300,17.904000000000003,24
140400,17.904000000000003,24
140500,17.904000000000003,24
140600,17.904000000000003,24
140700,17.904000000000003,24
140800,17.904000000000003,24
140900,17.904000000000003,24
141000,17.904000000000003,24
141100,17.904000000000003,24
141200,17.904000000000003,24
141300,17.904000000000003,24
141400,17.904000000000003,24
141500,17.904000000000003,24
141600,17.904000000000003,24
141700,17.904000000000003,24
141800,17.904000000000003,24
141900,17.904000000000003,24
142000,17.904000000000003,24
142100,17.904000000000003,24
142200,17.904000000000003,24
142300,17.904000000000003,24
142400,17.904000000000003,24
142500,17.904000000000003,24
142600,17.904000000000003,24
142700,17.904000000000003,24
142800,17.904000000000003,24
142900,17.904000000000003,24
143000,17.904000000000003,24
143100,17.904000000000003,24
143200,17.904000000000003,24
143300,17.904000000000003,24
143400,17.904000000000003,24
143500,17.904000000000003,24
143600,17.904000000000003,24
143700,17.904000000000003,24
143800,17.904000000000003,24
143900,17.904000000000003,24
144000,17.904000000000003,24
144100,17.904000000000003,24
144200,17.904000000000003,24
144300,17.904000000000003,24
144400,17.904000000000003,24
144500,17.536,24
144600,17.536,24
144700,17.536,24
144800,17.536,24
144900,17.536,24
145000,17.536,24
145100,17.536,24
145200,17.536,24
145300,17.536,24
145400,17.536,24
145500,17.536,24
145600,17.536,24
145700,17.536,24
145800,17.536,24
145900,17.536,24
146000,17.536,24
146100,17.536,24
146200,17.536,24
146300,17.536,24
146400,17.536,24
146500,17.536,24
146600,17.536,24
146700,17.536,24
146800,17.536,24
146900,17.152,24
147000,17.152,24
147100,17.152,24
147200,17.152,24
147300,17.152,24
147400,17.152,24
147500,17.152,24
147600,17.152,24
147700,17.152,24
147800,17.152,24
147900,17.152,24
148000,17.152,24
148100,17.152,24
148200,17.152,24
148300,17.152,24
148400,17.152,24
148500,17.152,24
148600,17.152,24
148700,17.152,24
148800,17.152,24
148900,17.152,24
149000,17.152,24
149100,17.152,24
149200,17.152,24
149300,17.152,24
149400,17.152,24
149500,17.152,24
149600,17.152,24
149700,17.152,24
149800,17.152,24
149900,17.152,24
150000,17.152,24
150100,17.152,24
150200,17.152,24
150300,17.152,24
150400,17.152,24
150500,17.152,24
150600,17.152,24
150700,17.152,24
150800,17.152,24
150900,17.152,24
151000,17.152,24
151100,17.152,24
151200,17.152,24
151300,17.152,24
151400,17.152,24
151500,17.152,24
151600,17.152,24
151700,17.152,24
151800,17.152,24
151900,17.152,24
152000,17.152,24
152100,17.144,24
152200,17.144,24
152300,17.144,24
152400,17.144,24
152500,17.144,24
152600,17.144,24
152700,17.144,24
152800,17.144,24
152900,17.144,24
153000,17.144,24
153100,17.144,24
153200,17.144,24
153300,17.144,24
153400,17.144,24
153500,17.144,24
153600,17.144,24
153700,17.144,24
153800,17.144,24
153900,17.144,24
154000,17.144,24
154100,17.144,24
154200,17.144,24
154300,17.144,24
154400,17.144,24
154500,17.144,24
154600,17.144,24
154700,17.144,24
154800,17.144,24
154900,17.144,24
155000,17.144,24
155100,17.144,24
155200,17.144,24
155300,17.144,24
155400,17.144,24
155500,17.144,24
155600,17.144,24
155700,17.144,24
155800,17.144,24
155900,17.144,24
156000,17.144,24
156100,17.144,24
156200,17.144,24
156300,17.144,24
156400,17.144,24
156500,17.144,24
156600,17.144,24
156700,17.144,24
156800,17.144,24
156900,17.144,24
157000,17.144,24
157100,17.144,24
157200,17.144,24
157300,17.144,24
157400,17.144,24
157500,17.144,24
157600,17.144,24
157700,17.144,24
157800,17.144,24
157900,17.144,24
158000,17.144,24
158100,17.144,24
158200,17.144,24
158300,17.144,24
158400,17.144,24
158500,17.144,24
158600,17.144,24
158700,17.144,24
158800,17.144,24
158900,17.144,24
159000,17.144,24
159100,17.144,24
159200,17.144,24
159300,17.144,24
159400,17.144,24
159500,17.144,24
159600,17.144,24
159700,17.144,24
159800,17.144,24
159900,17.144,24
160000,17.144,24
160100,17.144,24
160200,17.144,24
160300,17.144,24
160400,17.144,24
160500,17.144,24
160600,17.144,24
160700,17.144,24
160800,17.144,24
160900,17.144,24
161000,17.144,24
161100,17.144,24
161200,17.144,24
161300,17.144,24
161400,17.144,24
161500,17.144,24
161600,17.144,24
161700,17.144,24
161800,17.144,24
161900,17.144,24
162000,17.144,24
162100,17.144,24
162200,17.144,24
162300,17.144,24
162400,17.144,24
162500,17.144,24
162600,17.144,24
162700,17.144,24
162800,17.144,24
162900,17.144,24
163000,17.144,24
163100,17.144,24
163200,17.144,24
163300,17.144,24
163400,17.144,24
163500,17.144,24
163600,17.144,24
163700,17.144,24
163800,17.144,24
163900,17.144,24
164000,17.144,24
164100,17.144,24
164200,17.144,24
164300,17.144,24
164400,17.144,24
164500,17.144,24
164600,17.144,24
164700,17.144,24
164800,17.144,24
164900,17.144,24
165000,17.144,24
165100,17.144,24
165200,17.144,24
165300,17.144,24
165400,17.144,24
165500,17.144,24
165600,17.144,24
165700,17.144,24
165800,17.144,24
165900,17.144,24
166000,17.144,24
166100,17.144,24
166200,17.144,24
166300,17.144,24
166400,17.144,24
166500,17.144,24
166600,17.144,24
166700,17.144,24
166800,17.144,24
166900,17.144,24
167000,17.144,24
167100,17.144,24
167200,17.144,24
167300,17.144,24
167400,17.144,24
167500,17.144,24
167600,17.144,24
167700,17.144,24
167800,17.144,24
167900,17.144,24
168000,17.144,24
168100,17.144,24
168200,17.144,24
168300,17.144,24
168400,17.144,24
168500,17.144,24
168600,17.144,24
168700,17.144,24
168800,17.144,24
168900,17.144,24
169000,17.144,24
169100,17.144,24
169200,17.144,24
169300,17.144,24
169400,17.144,24
169500,17.144,24
169600,17.144,24
169700,17.144,24
169800,17.144,24
169900,17.144,24
170000,17.144,24
170100,17.144,24
170200,17.144,24
170300,17.144,24
170400,17.144,24
170500,17.144,24
170600,17.144,24
170700,17.144,24
170800,17.144,24
170900,17.144,24
171000,17.144,24
171100,17.144,24
171200,17.144,24
171300,17.144,24
171400,17.144,24
171500,17.144,24
171600,17.144,24
171700,17.144,24
171800,17.144,24
171900,17.144,24
172000,17.144,24
172100,17.144,24
172200,17.144,24
172300,17.144,24
172400,17.144,24
172500,17.144,24
172600,17.144,24
172700,17.144,24
172800,17.144,24
172900,17.144,24
173000,17.144,24
173100,17.144,24
173200,17.144,24
173300,17.144,24
173400,17.144,24
173500,17.144,24
173600,17.144,24
173700,17.144,24
173800,17.144,24
173900,17.144,24
174000,17.144,24
174100,17.144,24
174200,17.144,24
174300,17.144,24
174400,17.144,24
174500,17.144,24
174600,17.144,24
174700,17.144,24
174800,17.144,24
174900,17.144,24
175000,17.144,24
175100,17.144,24
175200,17.144,24
175300,17.144,24
175400,17.144,24
175500,17.144,24
175600,17.144,24
175700,17.144,24
175800,17.144,24
175900,17.144,24
176000,17.144,24
176100,17.144,24
176200,17.144,24
176300,17.144,24
176400,17.144,24
176500,17.144,24
176600,17.144,24
176700,17.144,24
176800,17.144,24
176900,17.144,24
177000,17.144,24
177100,17.144,24
177200,17.144,24
177300,17.144,24
177400,17.144,24
177500,17.144,24
177600,17.144,24
177700,17.144,24
177800,17.144,24
177900,17.144,24
178000,17.144,24
178100,17.144,24
178200,17.144,24
178300,17.144,24
178400,17.144,24
178500,17.144,24
178600,17.144,24
178700,17.144,24
178800,17.144,24
178900,17.144,24
179000,17.144,24
179100,17.144,24
179200,17.144,24
179300,17.144,24
179400,17.144,24
179500,17.144,24
179600,17.144,24
179700,17.144,24
179800,17.144,24
179900,17.144,24
180000,17.144,24
180100,17.144,24
180200,17.144,24
180300,17.144,24
180400,17.144,24
180500,17.144,24
180600,17.144,24
180700,17.144,24
180800,17.144,24
180900,17.144,24
181000,17.144,24
181100,17.144,24
181200,17.144,24
181300,17.144,24
181400,17.144,24
181500,17.144,24
181600,17.144,24
181700,17.144,24
181800,17.144,24
181900,17.144,24
182000,17.144,24
182100,17.144,24
182200,17.144,24
182300,17.144,24
182400,17.144,24
182500,17.144,24
182600,17.144,24
182700,17.144,24
182800,17.144,24
182900,17.144,24
183000,17.144,24
183100,17.144,24
183200,17.144,24
183300,17.144,24
183400,17.144,24
183500,17.144,24
183600,17.144,24
183700,17.144,24
183800,17.144,24
183900,17.144,24
184000,17.144,24
184100,17.144,24
184200,17.144,24
184300,17.144,24
184400,17.144,24
184500,17.144,24
184600,17.144,24
184700,17.144,24
184800,17.144,24
184900,17.144,24
185000,17.144,24
185100,17.144,24
185200,17.144,24
185300,17.144,24
185400,17.144,24
185500,17.144,24
185600,17.144,24
185700,17.144,24
185800,17.144,24
185900,17.144,24
186000,17.144,24
186100,17.144,24
186200,17.144,24
186300,17.144,24
186400,17.144,24
186500,17.144,24
186600,17.144,24
186700,17.144,24
186800,17.144,24
186900,17.144,24
187000,17.144,24
187100,17.144,24
187200,17.144,24
187300,17.144,24
187400,17.144,24
187500,17.144,24
187600,17.144,24
187700,17.144,24
187800,17.144,24
187900,17.144,24
188000,17.144,24
188100,17.144,24
188200,17.144,24
188300,17.144,24
188400,17.144,24
188500,17.144,24
188600,17.144,24
188700,17.144,24
188800,17.144,24
188900,17.144,24
189000,17.144,24
189100,17.144,24
189200,17.144,24
189300,17.144,24
189400,17.144,24
189500,17.144,24
189600,17.144,24
189700,17.144,24
189800,17.144,24
189900,17.144,24
190000,17.144,24
190100,17.144,24
190200,17.144,24
190300,17.144,24
190400,17.144,24
190500,17.144,24
190600,17.144,24
190700,17.144,24
190800,17.144,24
190900,17.144,24
191000,17.144,24
191100,17.144,24
191200,17.144,24
191300,17.144,24
191400,17.144,24
191500,17.144,24
191600,17.144,24
191700,17.144,24
191800,17.144,24
191900,17.144,24
192000,17.144,24
192100,17.144,24
192200,17.144,24
192300,17.144,24
192400,17.144,24
192500,17.144,24
192600,17.144,24
192700,17.144,24
192800,17.144,24
192900,17.144,24
193000,17.144,24
193100,17.144,24
193200,17.144,24
193300,17.144,24
193400,17.144,24
193500,17.144,24
193600,17.144,24
193700,17.144,24
193800,17.144,24
193900,17.144,24
194000,17.144,24
194100,17.144,24
194200,17.144,24
194300,17.144,24
194400,17.144,24
194500,17.144,24
194600,17.144,24
194700,17.144,24
194800,17.144,24
194900,17.144,24
195000,17.144,24
195100,17.144,24
195200,17.144,24
195300,17.144,24
195400,17.144,24
195500,17.144,24
195600,17.144,24
195700,17.144,24
195800,17.144,24
195900,17.144,24
196000,17.144,24
196100,17.144,24
196200,17.144,24
196300,17.144,24
196400,17.144,24
196500,17.144,24
196600,17.144,24
196700,17.144,24
196800,17.144,24
196900,17.144,24
197000,17.144,24
197100,17.144,24
197200,17.144,24
197300,17.144,24
197400,17.144,24
197500,17.144,24
197600,17.144,24
197700,17.144,24
197800,17.144,24
197900,17.144,24
198000,17.144,24
198100,17.144,24
198200,17.144,24
198300,17.144,24
198400,17.144,24
198500,17.144,24
198600,17.144,24
198700,17.144,24
198800,17.144,24
198900,17.144,24
199000,17.144,24
199100,17.144,24
199200,17.144,24
199300,17.144,24
199400,17.144,24
199500,17.144,24
199600,17.144,24
199700,17.144,24
199800,17.144,24
199900,17.144,24
199999,17.144,24

START ALGORITHM
h12: (a55 + a25 - a31) * (-b22)
h17: (-a41) * (-b33)
h19: (a22 + a13) * (-b11)
h25: (a54 + a22 - a13 - a54 - a45 - a42 - a31 - a12) * (-b43 - b43)
h35: (a52 + a22 + a23 + a22 - a14 - a23) * (b41 + b34)
h37: (a23 + a31) * (b53 - b15)
h38: (a24 + a21 - a43 - a31 - a43 - a31) * (b51 + b34 + b11 - b42 - b12)
h44: (a33 + a33) * (b45 + b23 + b33 + b11 + b32 - b41 - b34 - b45 - b24 - b22)
h52: (a13 + a21 + a43 - a44) * (b21 - b13)
h61: (a21 + a15 + a13 + a21 + a53 + a41 + a52 + a45 - a42 - a32 - a43 - a55 - a51) * (b24)
h66: (a43 + a32 + a42 - a55 - a52 - a21) * (b31)
h72: (a51 + a34) * (b35)
h80: (a24 + a31 + a35 + a33 + a33 - a31) * (-b31)
h89: (a11 + a44 + a34 - a41) * (b33)
h93: (a23 - a25) * (b45 - b14 - b41)
h94: (a51) * (b24 + b24)
h95: (-a43) * (-b23)
h97: (a33 + a33 + a33 - a35 - a41 - a22 - a51) * (b54 - b15)
h122: (-a24) * (b45 - b43 - b54)
h128: (a32 + a43) * (b31 - b52 - b24 - b22 - b44 - b55 - b41)
h136: (a44 + a11) * (b55 + b14)
h171: (-a23 - a43 - a15) * (b32)
h181: (a45 + a34 - a35) * (-b14)
h184: (a43 + a33 - a44) * (-b24 - b53 - b13)
h208: (a53) * (b51 - b42)
h215: (a24 + a31 + a54 + a54 + a22 + a15 + a25 - a44 - a24 - a25 - a43 - a41 - a31 - a52 - a14 - a24) * (-b22)
h221: (a44 + a51 + a54 + a25 - a25 - a25 - a55 - a34) * (-b54)
h231: (a42 + a33 + a24 - a52 - a23) * (b44)
h254: (a34 + a15 - a54 - a15) * (b42 - b14 - b22 - b14)
h268: (-a31) * (b21)
h283: (a14 + a12 + a45 - a31) * (b25 + b41 + b53 - b53 - b45)
h286: (a25 + a44 + a34 - a52 - a23) * (b22 + b51 - b14 - b22 - b54)
h464: (a24 + a35 + a52 - a51 - a15 - a42 - a53 - a24 - a32) * (-b42)
h1145: (-a12) * (b52 + b54 + b14 + b54 + b14 - b44 - b34 - b33)
h1421: (a25) * (-b32 - b21 - b12)
h1562: (a55 + a21 - a15) * (-b45)
h1698: (a15 + a14 + a12 + a42 - a43 - a14) * (-b15)
h1761: (a14 + a23 + a35 - a24 - a52 - a55) * (b52 + b13 + b21 + b41 - b21 - b35 - b51 - b21 - b42)
h1969: (a15 - a14 - a55) * (b53)
h2770: (a34 + a42 + a35 - a44 - a12 - a43 - a35 - a54) * (-b32)
h2787: (a51 + a32 + a15 - a14 - a33) * (b33 - b11)
h2918: (a42) * (-b22 - b14 - b53 - b44)
h3026: (a12 + a11 + a53 + a32 + a24 + a24 - a25 - a23 - a54 - a41 - a32 - a53) * (b53)
h4162: (-a35) * (b12)
h4723: (-a41) * (b24 + b24)
h5665: (a42 + a42 + a25 + a34 + a43 + a35 + a11 - a52 - a54) * (b53)
h6740: (-a15 - a43 - a54) * (b35 + b25 + b11 - b11)
h6824: (a13 + a32 + a14 - a11 - a51 - a23 - a23) * (-b11)
h8656: (a43 + a13 + a22 + a15 + a51 - a33 - a33 - a51 - a52 - a45) * (b35)
h9423: (a13 + a13 + a52 + a53 + a24 + a21 - a32 - a44 - a54 - a21 - a21) * (b33 - b31)
h12512: (a41 + a13 + a23 + a14 + a15 + a31 + a14 + a21 + a53 - a23 - a54) * (b35)
h13498: (a13 - a43) * (b35 + b32)
c11: h464 - h66 - h44 
c12: h37 + h12 - h94 
c13: h184 + h93 
c14: h254 + h17 + h171 + h12512 - h128 - h1421 
c15: h97 + h19 
c21: h122 - h171 
c22: h12 + h1969 + h181 
c23: h283 + h2918 + h72 + h89 - h61 
c24: h221 + h95 + h1562 + h12 - h181 - h215 
c25: h122 + h286 - h1761 - h9423 
c31: h12 + h95 + h38 + h2787 + h3026 + h6740 - h52 
c32: h1969 - h19 
c33: h94 + h208 - h8656 
c34: h286 + h1145 - h25 
c35: h12 - h254 
c41: h25 + h35 - h38 
c42: h231 
c43: h208 + h283 - h35 - h4723 
c44: h4162 - h80 
c45: h95 - h136 - h2770 - h6824 
c51: h89 + h254 - h13498 
c52: h5665 
c53: h25 + h184 - h1698 
c54: h268 + h171 + h1421 
c55: h93 + h72 
