0,151.36,25
100,110.104,25
200,99.208,25
300,89.696,25
400,77.88,25
500,71.952,25
600,62.775999999999996,25
700,62.136,25
800,56.36800000000001,25
900,56.36800000000001,25
1000,52.016,25
1100,51.088,25
1200,49.751999999999995,25
1300,49.224000000000004,25
1400,49.224000000000004,25
1500,48.303999999999995,25
1600,48.048,25
1700,48.048,25
1800,48.048,25
1900,48.048,25
2000,47.688,25
2100,47.688,25
2200,47.52,25
2300,46.488,25
2400,46.488,25
2500,45.744,25
2600,45.424,25
2700,45.424,25
2800,45.424,25
2900,44.056,24.8
3000,44.056,24.8
3100,41.952,25
3200,40.36,25
3300,40.32000000000001,25
3400,39.416000000000004,25
3500,38.848,25
3600,38.848,25
3700,38.848,25
3800,38.848,25
3900,38.848,25
4000,38.848,25
4100,38.848,25
4200,38.112,25
4300,37.239999999999995,25
4400,37.239999999999995,25
4500,37.239999999999995,25
4600,37.239999999999995,25
4700,37.239999999999995,25
4800,37.239999999999995,25
4900,37.239999999999995,25
5000,37.239999999999995,25
5100,36.791999999999994,25
5200,36.704,25
5300,36.704,25
5400,36.336,25
5500,36.248000000000005,25
5600,36.248000000000005,25
5700,36.248000000000005,25
5800,36.248000000000005,25
5900,36.248000000000005,25
6000,36.248000000000005,25
6100,36.248000000000005,25
6200,36.248000000000005,25
6300,35.824,25
6400,35.824,25
6500,35.824,25
6600,35.65599999999999,25
6700,35.65599999999999,25
6800,35.65599999999999,25
6900,35.65599999999999,25
7000,35.65599999999999,25
7100,35.65599999999999,25
7200,35.65599999999999,25
7300,35.65599999999999,25
7400,35.432,25
7500,35.432,25
7600,35.432,25
7700,35.432,25
7800,35.432,25
7900,35.432,25
8000,35.432,25
8100,34.263999999999996,25
8200,34.263999999999996,25
8300,34.263999999999996,25
8400,34.263999999999996,25
8500,34.263999999999996,25
8600,34.263999999999996,25
8700,33.896,25
8800,33.896,25
8900,33.896,25
9000,33.136,25
9100,33.136,25
9200,33.136,25
9300,33.136,25
9400,33.136,25
9500,33.136,25
9600,33.136,25
9700,33.136,25
9800,33.136,25
9900,33.136,25
10000,33.136,25
10100,33.136,25
10200,33.136,25
10300,33.136,25
10400,33.136,25
10500,33.136,25
10600,33.136,25
10700,33.136,25
10800,33.136,25
10900,33.136,25
11000,33.136,25
11100,33.136,25
11200,33.136,25
11300,33.136,25
11400,32.92,24.8
11500,32.92,24.8
11600,32.92,24.8
11700,32.896,25
11800,32.896,25
11900,32.896,25
12000,32.896,25
12100,32.896,25
12200,32.896,25
12300,32.896,25
12400,32.896,25
12500,32.896,25
12600,32.896,25
12700,32.896,25
12800,32.896,25
12900,32.896,25
13000,32.896,25
13100,32.896,25
13200,32.896,25
13300,32.896,25
13400,32.896,25
13500,32.896,25
13600,32.896,25
13700,32.896,25
13800,32.896,25
13900,32.896,25
14000,32.896,25
14100,32.896,25
14200,32.896,25
14300,32.896,25
14400,32.896,25
14500,32.896,25
14600,32.896,25
14700,32.896,25
14800,32.896,25
14900,32.896,25
15000,32.896,25
15100,32.896,25
15200,32.896,25
15300,32.896,25
15400,32.896,25
15500,32.896,25
15600,32.232000000000006,25
15700,32.232000000000006,25
15800,32.232000000000006,25
15900,32.232000000000006,25
16000,32.232000000000006,25
16100,32.224000000000004,24.8
16200,32.224000000000004,24.8
16300,32.224000000000004,24.8
16400,32.224000000000004,24.8
16500,32.224000000000004,24.8
16600,32.2,24.8
16700,32.2,24.8
16800,32.2,24.8
16900,32.2,24.8
17000,32.2,24.8
17100,32.2,24.8
17200,32.2,24.8
17300,32.2,24.8
17400,32.2,24.8
17500,32.2,24.8
17600,32.2,24.8
17700,32.2,24.8
17800,32.2,24.8
17900,32.2,24.8
18000,32.2,24.8
18100,32.2,24.8
18200,32.2,24.8
18300,32.2,24.8
18400,32.2,24.8
18500,32.2,24.8
18600,32.2,24.8
18700,32.2,24.8
18800,32.2,24.8
18900,32.2,24.8
19000,32.2,24.8
19100,32.2,24.8
19200,32.2,24.8
19300,32.2,24.8
19400,32.2,24.8
19500,32.2,24.8
19600,32.2,24.8
19700,32.2,24.8
19800,32.2,24.8
19900,32.2,24.8
20000,32.2,24.8
20100,32.2,24.8
20200,32.2,24.8
20300,32.2,24.8
20400,32.2,24.8
20500,32.2,24.8
20600,32.2,24.8
20700,32.2,24.8
20800,32.2,24.8
20900,32.2,24.8
21000,32.2,24.8
21100,32.2,24.8
21200,32.2,24.8
21300,32.2,24.8
21400,32.2,24.8
21500,32.2,24.8
21600,32.2,24.8
21700,32.2,24.8
21800,32.2,24.8
21900,32.2,24.8
22000,32.2,24.8
22100,32.2,24.8
22200,32.2,24.8
22300,32.2,24.8
22400,32.2,24.8
22500,32.2,24.8
22600,32.2,24.8
22700,32.2,24.8
22800,32.2,24.8
22900,32.2,24.8
23000,32.2,24.8
23100,32.2,24.8
23200,32.2,24.8
23300,32.2,24.8
23400,32.2,24.8
23500,32.2,24.8
23600,32.2,24.8
23700,32.2,24.8
23800,32.2,24.8
23900,32.2,24.8
24000,32.2,24.8
24100,32.2,24.8
24200,31.76,24.8
24300,31.76,24.8
24400,31.592000000000002,24.8
24500,31.592000000000002,24.8
24600,31.592000000000002,24.8
24700,31.592000000000002,24.8
24800,31.592000000000002,24.8
24900,31.592000000000002,24.8
25000,31.592000000000002,24.8
25100,31.592000000000002,24.8
25200,31.592000000000002,24.8
25300,31.592000000000002,24.8
25400,31.592000000000002,24.8
25500,31.592000000000002,24.8
25600,31.592000000000002,24.8
25700,31.592000000000002,24.8
25800,31.592000000000002,24.8
25900,31.592000000000002,24.8
26000,31.48,24.8
26100,31.48,24.8
26200,31.48,24.8
26300,31.48,24.8
26400,31.48,24.8
26500,31.48,24.8
26600,31.48,24.8
26700,31.48,24.8
26800,31.48,24.8
26900,31.48,24.8
27000,31.48,24.8
27100,31.232000000000006,24.8
27200,31.232000000000006,24.8
27300,31.232000000000006,24.8
27400,31.232000000000006,24.8
27500,31.232000000000006,24.8
27600,31.232000000000006,24.8
27700,31.232000000000006,24.8
27800,31.232000000000006,24.8
27900,31.232000000000006,24.8
28000,31.232000000000006,24.8
28100,31.232000000000006,24.8
28200,31.232000000000006,24.8
28300,31.232000000000006,24.8
28400,31.232000000000006,24.8
28500,31.232000000000006,24.8
28600,31.232000000000006,24.8
28700,31.232000000000006,24.8
28800,31.232000000000006,24.8
28900,31.232000000000006,24.8
29000,31.232000000000006,24.8
29100,31.232000000000006,24.8
29200,31.232000000000006,24.8
29300,31.232000000000006,24.8
29400,31.04,24.8
29500,31.04,24.8
29600,31.04,24.8
29700,31.04,24.8
29800,31.04,24.8
29900,31.04,24.8
30000,31.04,24.8
30100,31.016000000000002,24.8
30200,31.016000000000002,24.8
30300,31.016000000000002,24.8
30400,31.016000000000002,24.8
30500,31.016000000000002,24.8
30600,30.936,24.6
30700,30.936,24.6
30800,30.936,24.6
30900,30.936,24.6
31000,30.351999999999997,24.4
31100,30.351999999999997,24.4
31200,30.351999999999997,24.4
31300,30.168,24.4
31400,30.168,24.4
31500,30.168,24.4
31600,30.168,24.4
31700,30.168,24.4
31800,30.168,24.4
31900,30.168,24.4
32000,30.168,24.4
32100,30.168,24.4
32200,30.168,24.4
32300,30.168,24.4
32400,30.168,24.4
32500,30.168,24.4
32600,30.168,24.4
32700,30.168,24.4
32800,30.168,24.4
32900,30.168,24.4
33000,30.168,24.4
33100,30.168,24.4
33200,30.168,24.4
33300,30.168,24.4
33400,30.168,24.4
33500,30.168,24.4
33600,30.168,24.4
33700,30.168,24.4
33800,30.168,24.4
33900,30.168,24.4
34000,30.168,24.4
34100,29.896000000000004,24.6
34200,29.896000000000004,24.6
34300,29.896000000000004,24.6
34400,29.896000000000004,24.6
34500,29.848000000000003,24.4
34600,29.848000000000003,24.4
34700,29.848000000000003,24.4
34800,29.648000000000003,24.6
34900,29.6,24.6
35000,29.375999999999998,24.6
35100,29.375999999999998,24.6
35200,29.375999999999998,24.6
35300,29.375999999999998,24.6
35400,29.375999999999998,24.6
35500,28.407999999999998,24.6
35600,28.407999999999998,24.6
35700,28.407999999999998,24.6
35800,28.407999999999998,24.6
35900,28.407999999999998,24.6
36000,28.127999999999997,24.6
36100,28.127999999999997,24.6
36200,28.127999999999997,24.6
36300,28.127999999999997,24.6
36400,27.832,24.6
36500,27.832,24.6
36600,27.832,24.6
36700,27.824,24.4
36800,27.824,24.4
36900,27.824,24.4
37000,27.824,24.4
37100,27.824,24.4
37200,27.824,24.4
37300,27.824,24.4
37400,27.824,24.4
37500,27.824,24.4
37600,27.824,24.4
37700,27.824,24.4
37800,27.824,24.4
37900,27.824,24.4
38000,27.824,24.4
38100,27.824,24.4
38200,27.824,24.4
38300,27.824,24.4
38400,27.824,24.4
38500,27.824,24.4
38600,27.824,24.4
38700,27.824,24.4
38800,27.824,24.4
38900,27.824,24.4
39000,27.824,24.4
39100,27.824,24.4
39200,27.824,24.4
39300,27.824,24.4
39400,27.824,24.4
39500,27.824,24.4
39600,27.824,24.4
39700,27.824,24.4
39800,27.824,24.4
39900,27.824,24.4
40000,27.824,24.4
40100,27.824,24.4
40200,27.824,24.4
40300,27.824,24.4
40400,27.824,24.4
40500,27.824,24.4
40600,27.824,24.4
40700,27.824,24.4
40800,27.824,24.4
40900,27.824,24.4
41000,27.68,24.4
41100,27.68,24.4
41200,27.68,24.4
41300,27.68,24.4
41400,27.68,24.4
41500,27.68,24.4
41600,27.68,24.4
41700,27.68,24.4
41800,27.68,24.4
41900,27.68,24.4
42000,27.68,24.4
42100,27.68,24.4
42200,27.68,24.4
42300,27.68,24.4
42400,27.68,24.4
42500,27.68,24.4
42600,27.68,24.4
42700,27.68,24.4
42800,27.68,24.4
42900,27.68,24.4
43000,27.68,24.4
43100,27.68,24.4
43200,27.68,24.4
43300,27.68,24.4
43400,27.68,24.4
43500,27.68,24.4
43600,27.68,24.4
43700,27.68,24.4
43800,27.68,24.4
43900,27.151999999999997,24.4
44000,27.151999999999997,24.4
44100,27.151999999999997,24.4
44200,27.151999999999997,24.4
44300,27.151999999999997,24.4
44400,27.151999999999997,24.4
44500,27.151999999999997,24.4
44600,27.151999999999997,24.4
44700,27.151999999999997,24.4
44800,27.151999999999997,24.4
44900,27.151999999999997,24.4
45000,27.151999999999997,24.4
45100,27.151999999999997,24.4
45200,27.151999999999997,24.4
45300,27.151999999999997,24.4
45400,27.151999999999997,24.4
45500,27.151999999999997,24.4
45600,27.151999999999997,24.4
45700,27.151999999999997,24.4
45800,27.151999999999997,24.4
45900,27.151999999999997,24.4
46000,27.151999999999997,24.4
46100,27.151999999999997,24.4
46200,26.912,24.4
46300,26.912,24.4
46400,26.720000000000006,24.4
46500,26.720000000000006,24.4
46600,26.720000000000006,24.4
46700,26.720000000000006,24.4
46800,26.720000000000006,24.4
46900,26.720000000000006,24.4
47000,26.720000000000006,24.4
47100,26.631999999999998,24.4
47200,26.631999999999998,24.4
47300,26.576,24.4
47400,26.576,24.4
47500,26.576,24.4
47600,26.576,24.4
47700,26.576,24.4
47800,26.576,24.4
47900,26.576,24.4
48000,26.576,24.4
48100,26.576,24.4
48200,26.576,24.4
48300,26.576,24.4
48400,26.576,24.4
48500,26.576,24.4
48600,26.576,24.4
48700,26.576,24.4
48800,26.576,24.4
48900,26.576,24.4
49000,26.576,24.4
49100,26.576,24.4
49200,26.576,24.4
49300,26.576,24.4
49400,26.576,24.4
49500,26.576,24.4
49600,26.576,24.4
49700,26.576,24.4
49800,26.576,24.4
49900,26.576,24.4
50000,26.576,24.4
50100,26.576,24.4
50200,26.576,24.4
50300,26.576,24.4
50400,26.576,24.4
50500,26.576,24.4
50600,26.576,24.4
50700,26.576,24.4
50800,26.576,24.4
50900,26.576,24.4
51000,26.576,24.4
51100,26.576,24.4
51200,26.576,24.4
51300,26.576,24.4
51400,26.576,24.4
51500,26.232,24.4
51600,26.232,24.4
51700,26.232,24.4
51800,26.232,24.4
51900,26.232,24.4
52000,26.232,24.4
52100,26.232,24.4
52200,26.232,24.4
52300,25.8,24.4
52400,25.8,24.4
52500,25.8,24.4
52600,25.8,24.4
52700,25.8,24.4
52800,25.8,24.4
52900,25.8,24.4
53000,25.8,24.4
53100,25.8,24.4
53200,25.8,24.4
53300,25.8,24.4
53400,25.8,24.4
53500,25.8,24.4
53600,25.8,24.4
53700,25.8,24.4
53800,25.8,24.4
53900,25.8,24.4
54000,25.8,24.4
54100,25.8,24.4
54200,25.8,24.4
54300,25.8,24.4
54400,25.8,24.4
54500,25.8,24.4
54600,25.8,24.4
54700,25.8,24.4
54800,25.8,24.4
54900,25.8,24.4
55000,25.8,24.4
55100,25.8,24.4
55200,25.8,24.4
55300,25.8,24.4
55400,25.8,24.4
55500,25.8,24.4
55600,25.8,24.4
55700,25.8,24.4
55800,25.8,24.4
55900,25.688,24.4
56000,25.688,24.4
56100,25.688,24.4
56200,25.688,24.4
56300,25.688,24.4
56400,25.688,24.4
56500,25.688,24.4
56600,25.688,24.4
56700,25.688,24.4
56800,25.688,24.4
56900,25.424,24.4
57000,25.424,24.4
57100,25.424,24.4
57200,25.424,24.4
57300,25.424,24.4
57400,25.424,24.4
57500,25.424,24.4
57600,25.424,24.4
57700,25.424,24.4
57800,25.424,24.4
57900,25.424,24.4
58000,25.424,24.4
58100,25.424,24.4
58200,25.424,24.4
58300,25.424,24.4
58400,25.424,24.4
58500,25.424,24.4
58600,25.424,24.4
58700,25.424,24.4
58800,25.424,24.4
58900,25.424,24.4
59000,25.424,24.4
59100,25.424,24.4
59200,25.424,24.4
59300,25.424,24.4
59400,25.424,24.4
59500,25.424,24.4
59600,25.424,24.4
59700,25.424,24.4
59800,25.424,24.4
59900,25.424,24.4
60000,25.424,24.4
60100,25.424,24.4
60200,25.424,24.4
60300,25.424,24.4
60400,25.424,24.4
60500,25.424,24.4
60600,25.424,24.4
60700,25.424,24.4
60800,25.424,24.4
60900,25.424,24.4
61000,25.424,24.4
61100,25.424,24.4
61200,25.424,24.4
61300,25.424,24.4
61400,25.424,24.4
61500,25.424,24.4
61600,25.424,24.4
61700,25.424,24.4
61800,25.424,24.4
61900,25.424,24.4
62000,25.424,24.4
62100,25.424,24.4
62200,25.424,24.4
62300,25.424,24.4
62400,25.424,24.4
62500,25.424,24.4
62600,25.424,24.4
62700,25.424,24.4
62800,25.424,24.4
62900,25.424,24.4
63000,25.424,24.4
63100,25.424,24.4
63200,25.424,24.4
63300,25.424,24.4
63400,25.424,24.4
63500,25.424,24.4
63600,25.424,24.4
63700,25.424,24.4
63800,25.424,24.4
63900,25.424,24.4
64000,25.424,24.4
64100,25.424,24.4
64200,25.424,24.4
64300,25.424,24.4
64400,25.424,24.4
64500,25.424,24.4
64600,25.424,24.4
64700,25.424,24.4
64800,25.424,24.4
64900,25.424,24.4
65000,25.424,24.4
65100,25.424,24.4
65200,25.424,24.4
65300,25.424,24.4
65400,25.424,24.4
65500,25.424,24.4
65600,25.424,24.4
65700,25.424,24.4
65800,25.424,24.4
65900,25.424,24.4
66000,25.424,24.4
66100,25.424,24.4
66200,25.424,24.4
66300,25.424,24.4
66400,25.336,24.6
66500,25.336,24.6
66600,24.383999999999997,24.6
66700,24.383999999999997,24.6
66800,24.383999999999997,24.6
66900,24.383999999999997,24.6
67000,24.383999999999997,24.6
67100,24.383999999999997,24.6
67200,24.383999999999997,24.6
67300,24.383999999999997,24.6
67400,24.383999999999997,24.6
67500,24.383999999999997,24.6
67600,24.383999999999997,24.6
67700,24.383999999999997,24.6
67800,24.383999999999997,24.6
67900,24.383999999999997,24.6
68000,24.312,24.4
68100,24.312,24.4
68200,24.312,24.4
68300,24.312,24.4
68400,24.312,24.4
68500,24.312,24.4
68600,24.312,24.4
68700,24.312,24.4
68800,24.312,24.4
68900,24.312,24.4
69000,24.312,24.4
69100,24.312,24.4
69200,24.312,24.4
69300,24.240000000000002,24.4
69400,24.240000000000002,24.4
69500,24.240000000000002,24.4
69600,24.240000000000002,24.4
69700,24.240000000000002,24.4
69800,24.240000000000002,24.4
69900,24.240000000000002,24.4
70000,24.240000000000002,24.4
70100,24.240000000000002,24.4
70200,24.208,24.4
70300,24.208,24.4
70400,24.208,24.4
70500,24.208,24.4
70600,24.208,24.4
70700,24.208,24.4
70800,24.208,24.4
70900,24.208,24.4
71000,24.208,24.4
71100,24.208,24.4
71200,24.208,24.4
71300,24.208,24.4
71400,24.208,24.4
71500,24.208,24.4
71600,24.208,24.4
71700,24.208,24.4
71800,24.208,24.4
71900,24.208,24.4
72000,24.208,24.4
72100,24.208,24.4
72200,24.208,24.4
72300,24.208,24.4
72400,24.208,24.4
72500,24.160000000000004,24.4
72600,24.160000000000004,24.4
72700,24.160000000000004,24.4
72800,24.160000000000004,24.4
72900,24.160000000000004,24.4
73000,24.160000000000004,24.4
73100,24.160000000000004,24.4
73200,24.096,24.2
73300,24.096,24.2
73400,24.096,24.2
73500,24.096,24.2
73600,24.096,24.2
73700,24.096,24.2
73800,24.096,24.2
73900,24.096,24.2
74000,24.096,24.2
74100,24.096,24.2
74200,24.096,24.2
74300,24.096,24.2
74400,24.096,24.2
74500,24.096,24.2
74600,24.096,24.2
74700,24.096,24.2
74800,24.096,24.2
74900,24.096,24.2
75000,24.096,24.2
75100,24.096,24.2
75200,24.096,24.2
75300,24.096,24.2
75400,24.096,24.2
75500,24.096,24.2
75600,24.096,24.2
75700,24.096,24.2
75800,24.096,24.2
75900,24.096,24.2
76000,24.096,24.2
76100,24.096,24.2
76200,24.096,24.2
76300,24.096,24.2
76400,24.096,24.2
76500,24.096,24.2
76600,24.096,24.2
76700,24.096,24.2
76800,24.096,24.2
76900,24.096,24.2
77000,24.096,24.2
77100,24.096,24.2
77200,24.096,24.2
77300,24.096,24.2
77400,24.096,24.2
77500,24.096,24.2
77600,24.096,24.2
77700,24.096,24.2
77800,24.096,24.2
77900,24.096,24.2
78000,24.096,24.2
78100,24.096,24.2
78200,24.096,24.2
78300,24.096,24.2
78400,24.096,24.2
78500,24.096,24.2
78600,24.096,24.2
78700,24.096,24.2
78800,24.096,24.2
78900,24.096,24.2
79000,24.096,24.2
79100,24.096,24.2
79200,24.096,24.2
79300,24.096,24.2
79400,24.096,24.2
79500,24.096,24.2
79600,24.096,24.2
79700,24.096,24.2
79800,24.096,24.2
79900,24.096,24.2
80000,24.096,24.2
80100,24.096,24.2
80200,24.096,24.2
80300,24.096,24.2
80400,24.096,24.2
80500,24.096,24.2
80600,24.096,24.2
80700,24.096,24.2
80800,24.096,24.2
80900,24.096,24.2
81000,24.096,24.2
81100,24.096,24.2
81200,24.096,24.2
81300,24.096,24.2
81400,24.096,24.2
81500,24.096,24.2
81600,24.096,24.2
81700,24.096,24.2
81800,24.096,24.2
81900,24.096,24.2
82000,24.096,24.2
82100,24.096,24.2
82200,24.096,24.2
82300,24.096,24.2
82400,24.096,24.2
82500,24.096,24.2
82600,24.096,24.2
82700,24.096,24.2
82800,24.096,24.2
82900,24.096,24.2
83000,24.096,24.2
83100,24.096,24.2
83200,24.096,24.2
83300,24.096,24.2
83400,24.096,24.2
83500,24.096,24.2
83600,24.096,24.2
83700,24.096,24.2
83800,24.096,24.2
83900,24.096,24.2
84000,24.096,24.2
84100,24.096,24.2
84200,24.096,24.2
84300,24.096,24.2
84400,24.096,24.2
84500,24.096,24.2
84600,24.096,24.2
84700,24.096,24.2
84800,24.096,24.2
84900,24.096,24.2
85000,24.096,24.2
85100,24.096,24.2
85200,24.096,24.2
85300,24.096,24.2
85400,24.096,24.2
85500,24.096,24.2
85600,24.096,24.2
85700,24.096,24.2
85800,24.096,24.2
85900,24.096,24.2
86000,24.008,24.2
86100,24.008,24.2
86200,24.008,24.2
86300,24.008,24.2
86400,24.008,24.2
86500,24.008,24.2
86600,24.008,24.2
86700,24.008,24.2
86800,24.008,24.2
86900,24.008,24.2
87000,24.008,24.2
87100,24.008,24.2
87200,24.008,24.2
87300,24.008,24.2
87400,24.008,24.2
87500,24.008,24.2
87600,24.008,24.2
87700,24.008,24.2
87800,24.008,24.2
87900,24.008,24.2
88000,24.008,24.2
88100,24.008,24.2
88200,24.008,24.2
88300,24.008,24.2
88400,24.008,24.2
88500,24.008,24.2
88600,24.008,24.2
88700,24.008,24.2
88800,24.008,24.2
88900,23.344,24.2
89000,23.344,24.2
89100,23.344,24.2
89200,23.199999999999996,24.4
89300,23.199999999999996,24.4
89400,23.199999999999996,24.4
89500,23.199999999999996,24.4
89600,23.199999999999996,24.4
89700,23.199999999999996,24.4
89800,23.199999999999996,24.4
89900,23.199999999999996,24.4
90000,23.199999999999996,24.4
90100,23.199999999999996,24.4
90200,23.199999999999996,24.4
90300,23.199999999999996,24.4
90400,23.199999999999996,24.4
90500,23.199999999999996,24.4
90600,23.199999999999996,24.4
90700,23.199999999999996,24.4
90800,23.199999999999996,24.4
90900,23.199999999999996,24.4
91000,23.199999999999996,24.4
91100,23.199999999999996,24.4
91200,23.199999999999996,24.4
91300,23.199999999999996,24.4
91400,23.199999999999996,24.4
91500,23.199999999999996,24.4
91600,23.199999999999996,24.4
91700,23.199999999999996,24.4
91800,23.199999999999996,24.4
91900,23.199999999999996,24.4
92000,23.199999999999996,24.4
92100,23.199999999999996,24.4
92200,23.199999999999996,24.4
92300,23.199999999999996,24.4
92400,23.199999999999996,24.4
92500,23.199999999999996,24.4
92600,23.199999999999996,24.4
92700,23.199999999999996,24.4
92800,23.199999999999996,24.4
92900,23.199999999999996,24.4
93000,23.199999999999996,24.4
93100,23.199999999999996,24.4
93200,23.199999999999996,24.4
93300,23.199999999999996,24.4
93400,23.199999999999996,24.4
93500,23.199999999999996,24.4
93600,23.199999999999996,24.4
93700,23.104000000000003,24.4
93800,23.104000000000003,24.4
93900,23.104000000000003,24.4
94000,23.071999999999996,24.4
94100,23.071999999999996,24.4
94200,23.071999999999996,24.4
94300,23.071999999999996,24.4
94400,23.071999999999996,24.4
94500,23.071999999999996,24.4
94600,23.071999999999996,24.4
94700,23.071999999999996,24.4
94800,23.071999999999996,24.4
94900,23.071999999999996,24.4
95000,23.071999999999996,24.4
95100,23.071999999999996,24.4
95200,23.071999999999996,24.4
95300,23.071999999999996,24.4
95400,23.071999999999996,24.4
95500,23.071999999999996,24.4
95600,22.895999999999997,24.4
95700,22.895999999999997,24.4
95800,22.895999999999997,24.4
95900,22.895999999999997,24.4
96000,22.895999999999997,24.4
96100,22.895999999999997,24.4
96200,22.895999999999997,24.4
96300,22.895999999999997,24.4
96400,22.895999999999997,24.4
96500,22.895999999999997,24.4
96600,22.895999999999997,24.4
96700,22.895999999999997,24.4
96800,22.895999999999997,24.4
96900,22.895999999999997,24.4
97000,22.895999999999997,24.4
97100,22.895999999999997,24.4
97200,22.895999999999997,24.4
97300,22.895999999999997,24.4
97400,22.895999999999997,24.4
97500,22.895999999999997,24.4
97600,22.895999999999997,24.4
97700,22.895999999999997,24.4
97800,22.895999999999997,24.4
97900,22.895999999999997,24.4
98000,22.895999999999997,24.4
98100,22.895999999999997,24.4
98200,22.895999999999997,24.4
98300,22.895999999999997,24.4
98400,22.895999999999997,24.4
98500,22.895999999999997,24.4
98600,22.895999999999997,24.4
98700,22.895999999999997,24.4
98800,22.895999999999997,24.4
98900,22.895999999999997,24.4
99000,22.895999999999997,24.4
99100,22.895999999999997,24.4
99200,22.895999999999997,24.4
99300,22.895999999999997,24.4
99400,22.895999999999997,24.4
99500,22.895999999999997,24.4
99600,22.895999999999997,24.4
99700,22.895999999999997,24.4
99800,22.895999999999997,24.4
99900,22.895999999999997,24.4
100000,22.895999999999997,24.4
100100,22.895999999999997,24.4
100200,22.895999999999997,24.4
100300,22.895999999999997,24.4
100400,22.895999999999997,24.4
100500,22.895999999999997,24.4
100600,22.895999999999997,24.4
100700,22.895999999999997,24.4
100800,22.895999999999997,24.4
100900,22.895999999999997,24.4
101000,22.895999999999997,24.4
101100,22.895999999999997,24.4
101200,22.895999999999997,24.4
101300,22.895999999999997,24.4
101400,22.895999999999997,24.4
101500,22.895999999999997,24.4
101600,22.895999999999997,24.4
101700,22.895999999999997,24.4
101800,22.895999999999997,24.4
101900,22.895999999999997,24.4
102000,22.895999999999997,24.4
102100,22.895999999999997,24.4
102200,22.895999999999997,24.4
102300,22.895999999999997,24.4
102400,22.895999999999997,24.4
102500,22.895999999999997,24.4
102600,22.895999999999997,24.4
102700,22.895999999999997,24.4
102800,22.895999999999997,24.4
102900,22.895999999999997,24.4
103000,22.895999999999997,24.4
103100,22.895999999999997,24.4
103200,22.895999999999997,24.4
103300,22.895999999999997,24.4
103400,22.895999999999997,24.4
103500,22.895999999999997,24.4
103600,22.895999999999997,24.4
103700,22.895999999999997,24.4
103800,22.895999999999997,24.4
103900,22.895999999999997,24.4
104000,22.895999999999997,24.4
104100,22.895999999999997,24.4
104200,22.895999999999997,24.4
104300,22.895999999999997,24.4
104400,22.895999999999997,24.4
104500,22.895999999999997,24.4
104600,22.895999999999997,24.4
104700,22.895999999999997,24.4
104800,22.895999999999997,24.4
104900,22.895999999999997,24.4
105000,22.895999999999997,24.4
105100,22.895999999999997,24.4
105200,22.895999999999997,24.4
105300,22.895999999999997,24.4
105400,22.895999999999997,24.4
105500,22.895999999999997,24.4
105600,22.895999999999997,24.4
105700,22.895999999999997,24.4
105800,22.895999999999997,24.4
105900,22.895999999999997,24.4
106000,22.895999999999997,24.4
106100,22.895999999999997,24.4
106200,22.895999999999997,24.4
106300,22.895999999999997,24.4
106400,22.895999999999997,24.4
106500,22.895999999999997,24.4
106600,22.895999999999997,24.4
106700,22.895999999999997,24.4
106800,22.895999999999997,24.4
106900,22.895999999999997,24.4
107000,22.895999999999997,24.4
107100,22.895999999999997,24.4
107200,22.895999999999997,24.4
107300,22.895999999999997,24.4
107400,22.895999999999997,24.4
107500,22.895999999999997,24.4
107600,22.895999999999997,24.4
107700,22.895999999999997,24.4
107800,22.895999999999997,24.4
107900,22.895999999999997,24.4
108000,22.552,24.4
108100,22.552,24.4
108200,22.552,24.4
108300,22.552,24.4
108400,22.552,24.4
108500,22.552,24.4
108600,22.552,24.4
108700,22.552,24.4
108800,22.552,24.4
108900,22.552,24.4
109000,22.552,24.4
109100,22.552,24.4
109200,22.552,24.4
109300,22.552,24.4
109400,22.552,24.4
109500,22.552,24.4
109600,22.552,24.4
109700,22.552,24.4
109800,22.552,24.4
109900,22.552,24.4
110000,22.552,24.4
110100,22.552,24.4
110200,22.552,24.4
110300,22.552,24.4
110400,21.976,24.4
110500,21.976,24.4
110600,21.976,24.4
110700,21.976,24.4
110800,21.976,24.4
110900,21.976,24.4
111000,21.976,24.4
111100,21.976,24.4
111200,21.976,24.4
111300,21.976,24.4
111400,21.759999999999998,24.4
111500,21.759999999999998,24.4
111600,21.759999999999998,24.4
111700,21.264000000000003,24.4
111800,21.264000000000003,24.4
111900,21.264000000000003,24.4
112000,21.264000000000003,24.4
112100,21.264000000000003,24.4
112200,21.264000000000003,24.4
112300,21.264000000000003,24.4
112400,21.264000000000003,24.4
112500,21.264000000000003,24.4
112600,21.264000000000003,24.4
112700,21.264000000000003,24.4
112800,21.264000000000003,24.4
112900,21.264000000000003,24.4
113000,21.119999999999997,24.6
113100,21.119999999999997,24.6
113200,21.119999999999997,24.6
113300,21.119999999999997,24.6
113400,21.119999999999997,24.6
113500,21.119999999999997,24.6
113600,21.119999999999997,24.6
113700,21.119999999999997,24.6
113800,21.119999999999997,24.6
113900,21.119999999999997,24.6
114000,21.119999999999997,24.6
114100,21.119999999999997,24.6
114200,21.119999999999997,24.6
114300,21.119999999999997,24.6
114400,21.119999999999997,24.6
114500,21.119999999999997,24.6
114600,21.119999999999997,24.6
114700,21.119999999999997,24.6
114800,21.119999999999997,24.6
114900,21.119999999999997,24.6
115000,21.119999999999997,24.6
115100,21.119999999999997,24.6
115200,21.119999999999997,24.6
115300,21.119999999999997,24.6
115400,21.119999999999997,24.6
115500,21.119999999999997,24.6
115600,21.119999999999997,24.6
115700,21.119999999999997,24.6
115800,21.119999999999997,24.6
115900,21.119999999999997,24.6
116000,21.119999999999997,24.6
116100,21.119999999999997,24.6
116200,21.119999999999997,24.6
116300,21.119999999999997,24.6
116400,21.119999999999997,24.6
116500,21.119999999999997,24.6
116600,21.119999999999997,24.6
116700,21.119999999999997,24.6
116800,21.119999999999997,24.6
116900,21.119999999999997,24.6
117000,21.119999999999997,24.6
117100,21.119999999999997,24.6
117200,21.119999999999997,24.6
117300,21.119999999999997,24.6
117400,21.119999999999997,24.6
117500,21.119999999999997,24.6
117600,21.119999999999997,24.6
117700,21.119999999999997,24.6
117800,21.119999999999997,24.6
117900,21.119999999999997,24.6
118000,20.96,24.6
118100,20.96,24.6
118200,20.96,24.6
118300,20.96,24.6
118400,20.96,24.6
118500,20.96,24.6
118600,20.96,24.6
118700,20.96,24.6
118800,20.96,24.6
118900,20.96,24.6
119000,20.96,24.6
119100,20.96,24.6
119200,20.96,24.6
119300,20.96,24.6
119400,20.96,24.6
119500,20.96,24.6
119600,20.96,24.6
119700,20.96,24.6
119800,20.96,24.6
119900,20.96,24.6
120000,20.96,24.6
120100,20.96,24.6
120200,20.96,24.6
120300,20.96,24.6
120400,20.96,24.6
120500,20.96,24.6
120600,20.96,24.6
120700,20.96,24.6
120800,20.96,24.6
120900,20.96,24.6
121000,20.96,24.6
121100,20.96,24.6
121200,20.96,24.6
121300,20.96,24.6
121400,20.96,24.6
121500,20.96,24.6
121600,20.96,24.6
121700,20.96,24.6
121800,20.96,24.6
121900,20.96,24.6
122000,20.96,24.6
122100,20.96,24.6
122200,20.96,24.6
122300,20.96,24.6
122400,20.96,24.6
122500,20.96,24.6
122600,20.96,24.6
122700,20.96,24.6
122800,20.96,24.6
122900,20.96,24.6
123000,20.96,24.6
123100,20.96,24.6
123200,20.96,24.6
123300,20.96,24.6
123400,20.96,24.6
123500,20.96,24.6
123600,20.96,24.6
123700,20.96,24.6
123800,20.96,24.6
123900,20.96,24.6
124000,20.96,24.6
124100,20.96,24.6
124200,20.96,24.6
124300,20.96,24.6
124400,20.96,24.6
124500,20.96,24.6
124600,20.96,24.6
124700,20.96,24.6
124800,20.96,24.6
124900,20.96,24.6
125000,20.96,24.6
125100,20.96,24.6
125200,20.96,24.6
125300,20.96,24.6
125400,20.96,24.6
125500,20.96,24.6
125600,20.96,24.6
125700,20.704,24.6
125800,20.704,24.6
125900,20.704,24.6
126000,20.704,24.6
126100,20.704,24.6
126200,20.704,24.6
126300,20.704,24.6
126400,20.704,24.6
126500,20.704,24.6
126600,20.704,24.6
126700,20.704,24.6
126800,20.704,24.6
126900,20.704,24.6
127000,20.704,24.6
127100,20.704,24.6
127200,20.704,24.6
127300,20.704,24.6
127400,20.704,24.6
127500,20.624000000000002,24.6
127600,20.624000000000002,24.6
127700,20.624000000000002,24.6
127800,20.624000000000002,24.6
127900,20.624000000000002,24.6
128000,20.624000000000002,24.6
128100,20.624000000000002,24.6
128200,20.624000000000002,24.6
128300,20.624000000000002,24.6
128400,20.624000000000002,24.6
128500,20.624000000000002,24.6
128600,20.624000000000002,24.6
128700,20.624000000000002,24.6
128800,20.624000000000002,24.6
128900,20.624000000000002,24.6
129000,20.624000000000002,24.6
129100,20.624000000000002,24.6
129200,20.624000000000002,24.6
129300,20.624000000000002,24.6
129400,20.624000000000002,24.6
129500,20.624000000000002,24.6
129600,20.624000000000002,24.6
129700,20.624000000000002,24.6
129800,20.624000000000002,24.6
129900,20.624000000000002,24.6
130000,20.624000000000002,24.6
130100,20.624000000000002,24.6
130200,20.624000000000002,24.6
130300,20.624000000000002,24.6
130400,20.624000000000002,24.6
130500,20.624000000000002,24.6
130600,20.624000000000002,24.6
130700,20.624000000000002,24.6
130800,20.624000000000002,24.6
130900,20.624000000000002,24.6
131000,20.624000000000002,24.6
131100,20.624000000000002,24.6
131200,20.624000000000002,24.6
131300,20.624000000000002,24.6
131400,20.624000000000002,24.6
131500,20.624000000000002,24.6
131600,20.624000000000002,24.6
131700,20.624000000000002,24.6
131800,20.624000000000002,24.6
131900,20.624000000000002,24.6
132000,20.624000000000002,24.6
132100,20.624000000000002,24.6
132200,20.624000000000002,24.6
132300,20.624000000000002,24.6
132400,20.624000000000002,24.6
132500,20.624000000000002,24.6
132600,20.624000000000002,24.6
132700,20.624000000000002,24.6
132800,20.624000000000002,24.6
132900,20.624000000000002,24.6
133000,20.624000000000002,24.6
133100,20.624000000000002,24.6
133200,20.624000000000002,24.6
133300,20.624000000000002,24.6
133400,20.624000000000002,24.6
133500,20.624000000000002,24.6
133600,20.624000000000002,24.6
133700,20.624000000000002,24.6
133800,20.624000000000002,24.6
133900,20.624000000000002,24.6
134000,20.624000000000002,24.6
134100,20.624000000000002,24.6
134200,20.624000000000002,24.6
134300,20.624000000000002,24.6
134400,20.624000000000002,24.6
134500,20.624000000000002,24.6
134600,20.624000000000002,24.6
134700,20.624000000000002,24.6
134800,20.624000000000002,24.6
134900,20.624000000000002,24.6
135000,20.624000000000002,24.6
135100,20.624000000000002,24.6
135200,20.624000000000002,24.6
135300,20.624000000000002,24.6
135400,20.624000000000002,24.6
135500,20.624000000000002,24.6
135600,20.624000000000002,24.6
135700,20.624000000000002,24.6
135800,20.624000000000002,24.6
135900,20.624000000000002,24.6
136000,20.624000000000002,24.6
136100,20.624000000000002,24.6
136200,20.624000000000002,24.6
136300,20.624000000000002,24.6
136400,20.624000000000002,24.6
136500,20.624000000000002,24.6
136600,20.624000000000002,24.6
136700,20.624000000000002,24.6
136800,20.624000000000002,24.6
136900,20.624000000000002,24.6
137000,20.624000000000002,24.6
137100,20.624000000000002,24.6
137200,20.624000000000002,24.6
137300,20.624000000000002,24.6
137400,20.624000000000002,24.6
137500,20.624000000000002,24.6
137600,20.624000000000002,24.6
137700,20.624000000000002,24.6
137800,20.112,24.4
137900,20.112,24.4
138000,20.112,24.4
138100,20.112,24.4
138200,20.112,24.4
138300,20.112,24.4
138400,20.112,24.4
138500,20.112,24.4
138600,20.112,24.4
138700,20.112,24.4
138800,20.112,24.4
138900,20.112,24.4
139000,20.112,24.4
139100,20.112,24.4
139200,20.112,24.4
139300,20.112,24.4
139400,20.112,24.4
139500,20.112,24.4
139600,20.048,24.4
139700,20.048,24.4
139800,20.048,24.4
139900,20.048,24.4
140000,20.048,24.4
140100,20.048,24.4
140200,20.048,24.4
140300,20.048,24.4
140400,20.048,24.4
140500,20.048,24.4
140600,20.048,24.4
140700,20.048,24.4
140800,20.048,24.4
140900,20.048,24.4
141000,20.048,24.4
141100,20.048,24.4
141200,20.048,24.4
141300,20.048,24.4
141400,20.048,24.4
141500,20.048,24.4
141600,20.048,24.4
141700,20.048,24.4
141800,20.048,24.4
141900,20.048,24.4
142000,20.048,24.4
142100,20.048,24.4
142200,20.048,24.4
142300,20.048,24.4
142400,20.048,24.4
142500,20.048,24.4
142600,20.048,24.4
142700,20.048,24.4
142800,20.048,24.4
142900,20.048,24.4
143000,20.048,24.4
143100,20.048,24.4
143200,20.048,24.4
143300,20.048,24.4
143400,20.048,24.4
143500,20.048,24.4
143600,20.048,24.4
143700,20.048,24.4
143800,20.048,24.4
143900,20.048,24.4
144000,20.048,24.4
144100,20.048,24.4
144200,20.048,24.4
144300,20.048,24.4
144400,20.048,24.4
144500,20.048,24.4
144600,20.048,24.4
144700,20.048,24.4
144800,20.048,24.4
144900,20.048,24.4
145000,20.048,24.4
145100,20.048,24.4
145200,20.048,24.4
145300,20.048,24.4
145400,20.048,24.4
145500,20.048,24.4
145600,20.048,24.4
145700,20.048,24.4
145800,20.048,24.4
145900,20.048,24.4
146000,20.048,24.4
146100,20.048,24.4
146200,20.048,24.4
146300,20.048,24.4
146400,20.048,24.4
146500,20.048,24.4
146600,20.048,24.4
146700,20.048,24.4
146800,20.048,24.4
146900,20.048,24.4
147000,20.048,24.4
147100,20.048,24.4
147200,20.048,24.4
147300,20.048,24.4
147400,20.048,24.4
147500,20.048,24.4
147600,20.048,24.4
147700,20.048,24.4
147800,20.048,24.4
147900,20.048,24.4
148000,20.048,24.4
148100,20.048,24.4
148200,20.048,24.4
148300,20.048,24.4
148400,20.048,24.4
148500,20.048,24.4
148600,20.048,24.4
148700,20.048,24.4
148800,20.048,24.4
148900,20.048,24.4
149000,20.048,24.4
149100,20.048,24.4
149200,20.048,24.4
149300,20.048,24.4
149400,20.048,24.4
149500,20.048,24.4
149600,20.048,24.4
149700,20.048,24.4
149800,20.048,24.4
149900,20.048,24.4
150000,20.048,24.4
150100,20.048,24.4
150200,20.048,24.4
150300,20.048,24.4
150400,20.048,24.4
150500,20.048,24.4
150600,20.048,24.4
150700,20.048,24.4
150800,20.048,24.4
150900,20.048,24.4
151000,20.048,24.4
151100,20.048,24.4
151200,20.048,24.4
151300,20.048,24.4
151400,20.048,24.4
151500,20.048,24.4
151600,20.048,24.4
151700,20.048,24.4
151800,20.048,24.4
151900,20.048,24.4
152000,20.048,24.4
152100,20.048,24.4
152200,20.048,24.4
152300,20.048,24.4
152400,20.048,24.4
152500,20.048,24.4
152600,20.048,24.4
152700,20.048,24.4
152800,20.048,24.4
152900,20.048,24.4
153000,20.048,24.4
153100,20.048,24.4
153200,20.048,24.4
153300,20.048,24.4
153400,20.048,24.4
153500,20.048,24.4
153600,20.048,24.4
153700,20.048,24.4
153800,20.048,24.4
153900,20.048,24.4
154000,20.048,24.4
154100,20.048,24.4
154200,20.048,24.4
154300,20.048,24.4
154400,20.048,24.4
154500,20.048,24.4
154600,20.048,24.4
154700,20.048,24.4
154800,20.048,24.4
154900,20.048,24.4
155000,20.048,24.4
155100,20.048,24.4
155200,20.048,24.4
155300,20.048,24.4
155400,20.048,24.4
155500,20.048,24.4
155600,20.048,24.4
155700,20.048,24.4
155800,20.048,24.4
155900,20.048,24.4
156000,20.048,24.4
156100,20.048,24.4
156200,20.048,24.4
156300,20.048,24.4
156400,20.048,24.4
156500,20.048,24.4
156600,20.048,24.4
156700,20.048,24.4
156800,20.048,24.4
156900,20.048,24.4
157000,20.048,24.4
157100,20.048,24.4
157200,20.048,24.4
157300,20.048,24.4
157400,20.048,24.4
157500,20.048,24.4
157600,20.048,24.4
157700,20.048,24.4
157800,20.048,24.4
157900,20.048,24.4
158000,20.048,24.4
158100,20.048,24.4
158200,20.048,24.4
158300,20.048,24.4
158400,20.048,24.4
158500,20.048,24.4
158600,20.048,24.4
158700,20.048,24.4
158800,20.048,24.4
158900,20.048,24.4
159000,20.048,24.4
159100,20.048,24.4
159200,20.048,24.4
159300,20.048,24.4
159400,20.048,24.4
159500,20.048,24.4
159600,20.048,24.4
159700,20.048,24.4
159800,20.048,24.4
159900,20.048,24.4
160000,20.048,24.4
160100,20.048,24.4
160200,20.048,24.4
160300,20.048,24.4
160400,20.048,24.4
160500,20.048,24.4
160600,20.048,24.4
160700,20.048,24.4
160800,20.048,24.4
160900,20.048,24.4
161000,20.048,24.4
161100,20.048,24.4
161200,20.048,24.4
161300,20.048,24.4
161400,20.048,24.4
161500,20.048,24.4
161600,20.048,24.4
161700,20.048,24.4
161800,20.048,24.4
161900,20.048,24.4
162000,20.048,24.4
162100,20.048,24.4
162200,20.048,24.4
162300,20.048,24.4
162400,20.048,24.4
162500,20.048,24.4
162600,20.048,24.4
162700,20.048,24.4
162800,20.048,24.4
162900,20.048,24.4
163000,20.048,24.4
163100,20.048,24.4
163200,20.048,24.4
163300,20.048,24.4
163400,20.048,24.4
163500,20.048,24.4
163600,20.048,24.4
163700,20.048,24.4
163800,20.048,24.4
163900,20.048,24.4
164000,20.048,24.4
164100,20.048,24.4
164200,20.048,24.4
164300,20.048,24.4
164400,20.048,24.4
164500,20.048,24.4
164600,20.048,24.4
164700,20.048,24.4
164800,20.048,24.4
164900,20.048,24.4
165000,20.048,24.4
165100,20.048,24.4
165200,20.048,24.4
165300,20.048,24.4
165400,20.048,24.4
165500,20.048,24.4
165600,20.048,24.4
165700,20.048,24.4
165800,20.048,24.4
165900,20.048,24.4
166000,20.048,24.4
166100,20.048,24.4
166200,20.048,24.4
166300,20.048,24.4
166400,20.048,24.4
166500,20.048,24.4
166600,20.048,24.4
166700,20.048,24.4
166800,20.048,24.4
166900,20.048,24.4
167000,19.983999999999998,24.6
167100,19.983999999999998,24.6
167200,19.983999999999998,24.6
167300,19.983999999999998,24.6
167400,19.983999999999998,24.6
167500,19.983999999999998,24.6
167600,19.983999999999998,24.6
167700,19.639999999999997,24.6
167800,19.639999999999997,24.6
167900,19.639999999999997,24.6
168000,19.639999999999997,24.6
168100,19.639999999999997,24.6
168200,19.639999999999997,24.6
168300,19.639999999999997,24.6
168400,19.639999999999997,24.6
168500,19.639999999999997,24.6
168600,19.639999999999997,24.6
168700,19.639999999999997,24.6
168800,19.639999999999997,24.6
168900,19.639999999999997,24.6
169000,19.639999999999997,24.6
169100,19.639999999999997,24.6
169200,19.639999999999997,24.6
169300,19.639999999999997,24.6
169400,19.639999999999997,24.6
169500,19.639999999999997,24.6
169600,19.639999999999997,24.6
169700,19.639999999999997,24.6
169800,19.639999999999997,24.6
169900,19.639999999999997,24.6
170000,19.639999999999997,24.6
170100,19.639999999999997,24.6
170200,19.639999999999997,24.6
170300,19.639999999999997,24.6
170400,19.639999999999997,24.6
170500,19.624000000000002,24.6
170600,19.624000000000002,24.6
170700,19.624000000000002,24.6
170800,19.624000000000002,24.6
170900,19.456,24.6
171000,19.456,24.6
171100,19.456,24.6
171200,19.456,24.6
171300,19.456,24.6
171400,19.456,24.6
171500,19.456,24.6
171600,19.456,24.6
171700,19.456,24.6
171800,19.456,24.6
171900,19.456,24.6
172000,19.456,24.6
172100,19.456,24.6
172200,19.456,24.6
172300,19.456,24.6
172400,19.456,24.6
172500,19.456,24.6
172600,19.456,24.6
172700,19.456,24.6
172800,19.456,24.6
172900,19.456,24.6
173000,19.456,24.6
173100,19.456,24.6
173200,19.456,24.6
173300,19.456,24.6
173400,19.456,24.6
173500,19.456,24.6
173600,19.456,24.6
173700,19.456,24.6
173800,19.456,24.6
173900,19.456,24.6
174000,19.456,24.6
174100,19.456,24.6
174200,19.456,24.6
174300,19.456,24.6
174400,19.456,24.6
174500,19.456,24.6
174600,19.456,24.6
174700,19.456,24.6
174800,19.456,24.6
174900,19.456,24.6
175000,19.456,24.6
175100,19.456,24.6
175200,19.456,24.6
175300,19.456,24.6
175400,19.456,24.6
175500,19.456,24.6
175600,19.456,24.6
175700,19.456,24.6
175800,19.456,24.6
175900,19.456,24.6
176000,19.456,24.6
176100,19.456,24.6
176200,19.456,24.6
176300,19.456,24.6
176400,19.456,24.6
176500,19.456,24.6
176600,19.456,24.6
176700,19.456,24.6
176800,19.456,24.6
176900,19.456,24.6
177000,19.456,24.6
177100,19.456,24.6
177200,19.456,24.6
177300,19.456,24.6
177400,19.456,24.6
177500,19.456,24.6
177600,19.456,24.6
177700,19.456,24.6
177800,19.456,24.6
177900,19.456,24.6
178000,19.456,24.6
178100,19.456,24.6
178200,19.456,24.6
178300,19.456,24.6
178400,19.456,24.6
178500,19.456,24.6
178600,19.456,24.6
178700,19.456,24.6
178800,19.456,24.6
178900,19.456,24.6
179000,19.456,24.6
179100,19.456,24.6
179200,19.456,24.6
179300,19.456,24.6
179400,19.456,24.6
179500,19.456,24.6
179600,19.456,24.6
179700,19.456,24.6
179800,19.456,24.6
179900,19.456,24.6
180000,19.456,24.6
180100,19.456,24.6
180200,19.456,24.6
180300,19.456,24.6
180400,19.456,24.6
180500,19.456,24.6
180600,19.456,24.6
180700,19.456,24.6
180800,19.456,24.6
180900,19.456,24.6
181000,19.456,24.6
181100,19.456,24.6
181200,19.456,24.6
181300,19.456,24.6
181400,19.456,24.6
181500,19.456,24.6
181600,19.456,24.6
181700,19.456,24.6
181800,19.456,24.6
181900,19.456,24.6
182000,19.456,24.6
182100,19.456,24.6
182200,19.408,24.6
182300,19.408,24.6
182400,19.408,24.6
182500,19.408,24.6
182600,19.408,24.6
182700,19.408,24.6
182800,19.408,24.6
182900,19.359999999999996,24.6
183000,19.359999999999996,24.6
183100,19.359999999999996,24.6
183200,19.359999999999996,24.6
183300,19.359999999999996,24.6
183400,19.359999999999996,24.6
183500,19.359999999999996,24.6
183600,19.359999999999996,24.6
183700,19.359999999999996,24.6
183800,19.359999999999996,24.6
183900,19.359999999999996,24.6
184000,19.359999999999996,24.6
184100,19.359999999999996,24.6
184200,19.359999999999996,24.6
184300,19.359999999999996,24.6
184400,19.359999999999996,24.6
184500,19.359999999999996,24.6
184600,19.359999999999996,24.6
184700,19.359999999999996,24.6
184800,19.359999999999996,24.6
184900,19.359999999999996,24.6
185000,19.359999999999996,24.6
185100,19.359999999999996,24.6
185200,19.359999999999996,24.6
185300,19.359999999999996,24.6
185400,19.359999999999996,24.6
185500,19.359999999999996,24.6
185600,19.359999999999996,24.6
185700,19.359999999999996,24.6
185800,19.359999999999996,24.6
185900,19.359999999999996,24.6
186000,19.359999999999996,24.6
186100,19.359999999999996,24.6
186200,19.359999999999996,24.6
186300,19.359999999999996,24.6
186400,19.359999999999996,24.6
186500,19.359999999999996,24.6
186600,19.359999999999996,24.6
186700,19.359999999999996,24.6
186800,19.359999999999996,24.6
186900,19.359999999999996,24.6
187000,19.359999999999996,24.6
187100,19.359999999999996,24.6
187200,19.359999999999996,24.6
187300,19.359999999999996,24.6
187400,19.359999999999996,24.6
187500,19.359999999999996,24.6
187600,19.359999999999996,24.6
187700,19.359999999999996,24.6
187800,19.359999999999996,24.6
187900,19.359999999999996,24.6
188000,19.359999999999996,24.6
188100,19.359999999999996,24.6
188200,19.359999999999996,24.6
188300,19.359999999999996,24.6
188400,19.359999999999996,24.6
188500,19.359999999999996,24.6
188600,19.359999999999996,24.6
188700,19.359999999999996,24.6
188800,19.359999999999996,24.6
188900,19.359999999999996,24.6
189000,19.359999999999996,24.6
189100,19.359999999999996,24.6
189200,19.359999999999996,24.6
189300,19.359999999999996,24.6
189400,19.359999999999996,24.6
189500,19.359999999999996,24.6
189600,19.359999999999996,24.6
189700,19.359999999999996,24.6
189800,19.359999999999996,24.6
189900,19.359999999999996,24.6
190000,19.359999999999996,24.6
190100,19.359999999999996,24.6
190200,19.359999999999996,24.6
190300,19.359999999999996,24.6
190400,19.359999999999996,24.6
190500,19.359999999999996,24.6
190600,19.359999999999996,24.6
190700,19.359999999999996,24.6
190800,19.359999999999996,24.6
190900,19.359999999999996,24.6
191000,19.359999999999996,24.6
191100,19.359999999999996,24.6
191200,19.359999999999996,24.6
191300,19.359999999999996,24.6
191400,19.359999999999996,24.6
191500,19.359999999999996,24.6
191600,19.359999999999996,24.6
191700,19.359999999999996,24.6
191800,19.359999999999996,24.6
191900,19.359999999999996,24.6
192000,19.359999999999996,24.6
192100,19.359999999999996,24.6
192200,19.359999999999996,24.6
192300,19.359999999999996,24.6
192400,19.359999999999996,24.6
192500,19.359999999999996,24.6
192600,19.359999999999996,24.6
192700,19.359999999999996,24.6
192800,19.359999999999996,24.6
192900,19.359999999999996,24.6
193000,19.359999999999996,24.6
193100,19.359999999999996,24.6
193200,19.359999999999996,24.6
193300,19.359999999999996,24.6
193400,19.359999999999996,24.6
193500,19.359999999999996,24.6
193600,19.359999999999996,24.6
193700,19.359999999999996,24.6
193800,19.359999999999996,24.6
193900,19.359999999999996,24.6
194000,19.359999999999996,24.6
194100,19.359999999999996,24.6
194200,19.359999999999996,24.6
194300,19.359999999999996,24.6
194400,19.359999999999996,24.6
194500,19.359999999999996,24.6
194600,19.359999999999996,24.6
194700,19.359999999999996,24.6
194800,19.359999999999996,24.6
194900,19.359999999999996,24.6
195000,19.359999999999996,24.6
195100,19.359999999999996,24.6
195200,19.359999999999996,24.6
195300,19.359999999999996,24.6
195400,19.359999999999996,24.6
195500,19.359999999999996,24.6
195600,19.359999999999996,24.6
195700,19.359999999999996,24.6
195800,19.359999999999996,24.6
195900,19.359999999999996,24.6
196000,19.359999999999996,24.6
196100,19.359999999999996,24.6
196200,19.359999999999996,24.6
196300,19.359999999999996,24.6
196400,19.359999999999996,24.6
196500,19.359999999999996,24.6
196600,19.359999999999996,24.6
196700,19.359999999999996,24.6
196800,19.359999999999996,24.6
196900,19.359999999999996,24.6
197000,19.359999999999996,24.6
197100,19.359999999999996,24.6
197200,19.359999999999996,24.6
197300,19.359999999999996,24.6
197400,19.359999999999996,24.6
197500,19.359999999999996,24.6
197600,19.359999999999996,24.6
197700,19.359999999999996,24.6
197800,19.359999999999996,24.6
197900,19.359999999999996,24.6
198000,19.359999999999996,24.6
198100,19.359999999999996,24.6
198200,19.359999999999996,24.6
198300,19.359999999999996,24.6
198400,19.359999999999996,24.6
198500,19.359999999999996,24.6
198600,19.359999999999996,24.6
198700,19.359999999999996,24.6
198800,19.359999999999996,24.6
198900,19.359999999999996,24.6
199000,19.359999999999996,24.6
199100,19.359999999999996,24.6
199200,19.359999999999996,24.6
199300,19.359999999999996,24.6
199400,19.359999999999996,24.6
199500,19.359999999999996,24.6
199600,19.359999999999996,24.6
199700,19.359999999999996,24.6
199800,19.359999999999996,24.6
199900,19.359999999999996,24.6
199999,19.359999999999996,24.6

START ALGORITHM
h3: (-a42) * (b41 + b44 - b31 - b13 - b52 - b52)
h8: (a53 + a35 - a34) * (b21)
h11: (-a53) * (-b43)
h18: (-a43) * (b31 + b35 + b54)
h21: (a23) * (b45 + b21 + b45 + b14 - b32 - b42)
h26: (a43) * (-b25 - b55)
h28: (a44 - a23) * (b41 + b34 - b44 - b12 - b52 - b32)
h29: (a14) * (-b43 - b11 - b21)
h32: (-a24) * (b12 - b44)
h50: (-a51) * (b23)
h58: (a34 + a13 + a51 - a21 - a35) * (-b44)
h66: (a53 + a25 - a42 - a22) * (b51 + b13 + b43 - b23 - b12)
h67: (a32) * (b12 + b12 - b55 - b42)
h68: (a44 + a43 - a21 - a54) * (b55 + b52 + b13 - b25 - b52 - b34)
h72: (-a11) * (b35)
h73: (-a52 - a14) * (b45 - b14)
h76: (a25 - a31) * (-b54 - b21)
h78: (a22) * (b31 + b41 + b43 - b12 - b53)
h82: (a43 - a32) * (b14 - b53)
h86: (-a32 - a11) * (b55 + b13 - b53 - b15)
h89: (a21) * (b52 + b42 - b34 - b54 - b54)
h91: (a53) * (b35 - b32 - b52)
h96: (a35) * (b31 - b25 - b34)
h108: (-a23) * (b54 - b22 - b45)
h117: (-a55) * (b34 + b42 - b25 - b11 - b31)
h120: (-a12) * (-b21)
h124: (-a45) * (b42 - b25)
h129: (a33 - a24 - a22) * (b33)
h130: (a21 - a12) * (-b13)
h255: (-a54) * (-b32)
h274: (a13) * (b14 + b55 - b13 - b35 - b51 - b43 - b51)
h296: (-a54) * (b12)
h317: (a31) * (-b14 - b55)
h382: (-a31) * (b45)
h631: (a22) * (b32 + b33 + b33 + b51 + b21 - b35 - b25 - b11 - b13)
h694: (-a21 - a13) * (b41 - b21 - b24)
h757: (-a53) * (b11)
h4425: (a52) * (b21 - b13)
h4605: (a32 + a12 - a13 - a13) * (b14 - b25)
h8174: (a31 + a13 - a31) * (b11 - b43)
h12194: (a52 + a24 - a11) * (b11 + b42 - b52 - b23 - b42)
h17406: (-a24) * (b21 - b24)
h17442: (a23) * (b33 + b44 - b14 - b32)
h17753: (a14 + a31 + a13 + a44 - a45) * (-b31)
h23085: (a14) * (b44 + b55 + b31 - b13)
h25665: (-a24 - a21 - a24 - a15 - a52) * (b35 + b42 - b25 - b34)
h27908: (a45) * (b34 + b12 - b35)
h28376: (a53 + a34 + a13) * (b33)
h33136: (a25 + a13 - a45 - a22 - a22) * (b32 - b53)
h55576: (a42 + a12) * (b15 + b44 - b54 - b15)
h63668: (a55) * (b34 + b23 + b23 - b42)
h85149: (a44) * (-b45 - b24)
h91426: (a31 + a41 + a34) * (b54 + b24 - b44 - b25)
c11: h91 + h631 
c12: h317 - h28 
c13: h255 - h96 
c14: h120 + h58 + h72 + h76 + h55576 - h3 
c15: h67 + h130 - h78 
c21: h76 + h27908 - h73 
c22: h82 + h28376 - h694 - h25665 
c23: - h66 - h91426 
c24: h274 + h67 
c25: h18 + h296 + h382 - h757 
c31: h86 + h130 + h129 + h89 + h11 + h130 
c32: h117 + h631 + h33136 - h4425 
c33: h68 + h66 - h28 - h129 
c34: h8 + h66 + h68 + h296 - h17753 
c35: h108 + h21 - h23085 
c41: h28 + h78 - h96 
c42: h26 + h296 - h96 - h382 
c43: h124 + h11 + h82 
c44: h26 - h255 
c45: h130 + h78 + h85149 
c51: h72 + h29 + h50 
c52: h89 + h12194 + h757 - h4605 
c53: h91 + h8174 - h17406 - h17442 - h63668 
c54: h120 + h18 
c55: h32 + h108 
