0,176.62399999999997,25
100,143.768,24.8
200,121.28800000000001,25
300,109.112,25
400,100.48800000000001,25
500,95.272,25
600,83.68799999999999,24.8
700,74.48,24.8
800,69.104,24.6
900,66.648,24.6
1000,62.6,24.6
1100,60.384,24.6
1200,52.528,24.6
1300,51.016000000000005,24.6
1400,49.448,24.6
1500,48.583999999999996,24.6
1600,47.25599999999999,24.6
1700,46.376,24.6
1800,46.21600000000001,24.6
1900,45.263999999999996,24.6
2000,45.072,24.6
2100,44.464,24.6
2200,43.279999999999994,24.6
2300,43.128,24.6
2400,43.128,24.6
2500,42.879999999999995,24.6
2600,42.879999999999995,24.6
2700,42.488,24.6
2800,42.488,24.6
2900,42.431999999999995,24.6
3000,41.175999999999995,24.8
3100,41.175999999999995,24.8
3200,41.175999999999995,24.8
3300,41.175999999999995,24.8
3400,41.175999999999995,24.8
3500,40.616,24.8
3600,40.239999999999995,24.8
3700,40.239999999999995,24.8
3800,40.239999999999995,24.8
3900,39.440000000000005,24.8
4000,39.440000000000005,24.8
4100,39.440000000000005,24.8
4200,39.440000000000005,24.8
4300,38.855999999999995,24.8
4400,38.855999999999995,24.8
4500,38.855999999999995,24.8
4600,38.672,24.8
4700,38.512,24.8
4800,38.064,24.8
4900,38.064,24.8
5000,38.064,24.8
5100,38,24.8
5200,37.831999999999994,24.8
5300,37.648,24.8
5400,37.519999999999996,24.8
5500,37.44799999999999,24.8
5600,37.44799999999999,24.8
5700,37.44799999999999,24.8
5800,35.504000000000005,24.8
5900,35.504000000000005,24.8
6000,35.504000000000005,24.8
6100,35.424,24.8
6200,35.424,24.8
6300,35.424,24.8
6400,35.424,24.8
6500,35.424,24.8
6600,35.424,24.8
6700,35.424,24.8
6800,35.424,24.8
6900,35.424,24.8
7000,34.504,24.8
7100,34.504,24.8
7200,34.336,24.8
7300,33.839999999999996,24.8
7400,33.32000000000001,24.6
7500,33.32000000000001,24.6
7600,33.32000000000001,24.6
7700,33.32000000000001,24.6
7800,33.264,24.6
7900,33.264,24.6
8000,33.264,24.6
8100,33.264,24.6
8200,32.656,24.6
8300,32.528000000000006,24.6
8400,32.528000000000006,24.6
8500,32.528000000000006,24.6
8600,32.471999999999994,24.6
8700,32.471999999999994,24.6
8800,32.471999999999994,24.6
8900,32.471999999999994,24.6
9000,32.471999999999994,24.6
9100,32.471999999999994,24.6
9200,32.471999999999994,24.6
9300,32.464,24.6
9400,32.416,24.6
9500,32.416,24.6
9600,32.416,24.6
9700,32.416,24.6
9800,32.04,24.6
9900,31.528,24.6
10000,31.528,24.6
10100,31.528,24.6
10200,31.016000000000002,24.4
10300,30.848000000000003,24.4
10400,30.848000000000003,24.4
10500,30.735999999999997,24.4
10600,30.735999999999997,24.4
10700,30.735999999999997,24.4
10800,30.735999999999997,24.4
10900,30.735999999999997,24.4
11000,30.735999999999997,24.4
11100,30.735999999999997,24.4
11200,30.735999999999997,24.4
11300,30.735999999999997,24.4
11400,30.735999999999997,24.4
11500,30.552000000000003,24.4
11600,30.552000000000003,24.4
11700,29.544,24.4
11800,29.544,24.4
11900,29.544,24.4
12000,29.544,24.4
12100,29.544,24.4
12200,29.544,24.4
12300,29.544,24.4
12400,29.544,24.4
12500,29.544,24.4
12600,29.544,24.4
12700,29.544,24.4
12800,29.167999999999996,24.4
12900,29.167999999999996,24.4
13000,29.167999999999996,24.4
13100,29.167999999999996,24.4
13200,29.167999999999996,24.4
13300,29.167999999999996,24.4
13400,29.167999999999996,24.4
13500,29.167999999999996,24.4
13600,29.167999999999996,24.4
13700,29.167999999999996,24.4
13800,29.167999999999996,24.4
13900,29.167999999999996,24.4
14000,29.167999999999996,24.4
14100,29.167999999999996,24.4
14200,29.167999999999996,24.4
14300,29.167999999999996,24.4
14400,29.167999999999996,24.4
14500,29.167999999999996,24.4
14600,29.167999999999996,24.4
14700,29.167999999999996,24.4
14800,29.167999999999996,24.4
14900,29.167999999999996,24.4
15000,29.167999999999996,24.4
15100,29.167999999999996,24.4
15200,29.167999999999996,24.4
15300,29.167999999999996,24.4
15400,29.167999999999996,24.4
15500,29.167999999999996,24.4
15600,29.167999999999996,24.4
15700,29.167999999999996,24.4
15800,29.167999999999996,24.4
15900,29.167999999999996,24.4
16000,29.167999999999996,24.4
16100,29.167999999999996,24.4
16200,28.984,24.4
16300,28.984,24.4
16400,28.984,24.4
16500,28.984,24.4
16600,28.984,24.4
16700,28.984,24.4
16800,28.984,24.4
16900,28.984,24.4
17000,28.984,24.4
17100,28.944,24.4
17200,28.944,24.4
17300,28.704,24.6
17400,28.416000000000004,24.6
17500,28.416000000000004,24.6
17600,28.136000000000003,24.6
17700,28.104000000000003,24.6
17800,27.792,24.6
17900,27.792,24.6
18000,27.792,24.6
18100,27.792,24.6
18200,27.792,24.6
18300,27.792,24.6
18400,27.792,24.6
18500,27.792,24.6
18600,27.439999999999998,24.6
18700,27.439999999999998,24.6
18800,27.016,24.6
18900,27.016,24.6
19000,26.983999999999998,24.4
19100,26.983999999999998,24.4
19200,26.488,24.6
19300,26.488,24.6
19400,26.151999999999997,24.6
19500,26.151999999999997,24.6
19600,26.151999999999997,24.6
19700,26.151999999999997,24.6
19800,26.151999999999997,24.6
19900,26.151999999999997,24.6
20000,26.151999999999997,24.6
20100,26.151999999999997,24.6
20200,26.151999999999997,24.6
20300,26.151999999999997,24.6
20400,26.151999999999997,24.6
20500,26.151999999999997,24.6
20600,26.151999999999997,24.6
20700,26.151999999999997,24.6
20800,26.151999999999997,24.6
20900,26.151999999999997,24.6
21000,26.151999999999997,24.6
21100,26.151999999999997,24.6
21200,26.151999999999997,24.6
21300,26.103999999999996,24.6
21400,25.615999999999996,24.6
21500,25.615999999999996,24.6
21600,25.615999999999996,24.6
21700,25.615999999999996,24.6
21800,25.615999999999996,24.6
21900,25.615999999999996,24.6
22000,25.615999999999996,24.6
22100,25.615999999999996,24.6
22200,25.615999999999996,24.6
22300,25.615999999999996,24.6
22400,25.615999999999996,24.6
22500,25.615999999999996,24.6
22600,25.615999999999996,24.6
22700,25.615999999999996,24.6
22800,25.615999999999996,24.6
22900,25.615999999999996,24.6
23000,25.615999999999996,24.6
23100,25.615999999999996,24.6
23200,25.615999999999996,24.6
23300,25.512,24.6
23400,25.512,24.6
23500,25.512,24.6
23600,25.512,24.6
23700,25.512,24.6
23800,25.512,24.6
23900,25.512,24.6
24000,25.512,24.6
24100,25.512,24.6
24200,25.512,24.6
24300,25.512,24.6
24400,25.512,24.6
24500,25.512,24.6
24600,25.512,24.6
24700,25.512,24.6
24800,25.512,24.6
24900,25.512,24.6
25000,25.512,24.6
25100,25.512,24.6
25200,25.512,24.6
25300,25.512,24.6
25400,25.512,24.6
25500,25.512,24.6
25600,25.512,24.6
25700,25.512,24.6
25800,25.512,24.6
25900,25.512,24.6
26000,25.512,24.6
26100,25.512,24.6
26200,25.512,24.6
26300,25.512,24.6
26400,25.456,24.6
26500,25.456,24.6
26600,25.456,24.6
26700,25.456,24.6
26800,25.456,24.6
26900,25.456,24.6
27000,25.456,24.6
27100,25.456,24.6
27200,25.456,24.6
27300,25.456,24.6
27400,25.456,24.6
27500,25.456,24.6
27600,25.456,24.6
27700,25.456,24.6
27800,25.456,24.6
27900,25.456,24.6
28000,25.456,24.6
28100,25.456,24.6
28200,25.456,24.6
28300,25.456,24.6
28400,25.456,24.6
28500,25.456,24.6
28600,25.456,24.6
28700,25.456,24.6
28800,25.456,24.6
28900,25.456,24.6
29000,25.456,24.6
29100,25.456,24.6
29200,25.288,24.6
29300,25.288,24.6
29400,25.288,24.6
29500,25.288,24.6
29600,25.288,24.6
29700,25.288,24.6
29800,25.288,24.6
29900,25.288,24.6
30000,25.288,24.6
30100,25.288,24.6
30200,25.288,24.6
30300,25.288,24.6
30400,25.288,24.6
30500,25.288,24.6
30600,25.288,24.6
30700,25.288,24.6
30800,25.288,24.6
30900,25.288,24.6
31000,25.288,24.6
31100,25.288,24.6
31200,25.288,24.6
31300,25.288,24.6
31400,25.288,24.6
31500,24.944,24.6
31600,24.944,24.6
31700,24.944,24.6
31800,24.944,24.6
31900,24.944,24.6
32000,24.944,24.6
32100,24.944,24.6
32200,24.944,24.6
32300,24.944,24.6
32400,24.944,24.6
32500,24.944,24.6
32600,24.944,24.6
32700,24.944,24.6
32800,24.944,24.6
32900,24.944,24.6
33000,24.944,24.6
33100,24.944,24.6
33200,24.944,24.6
33300,24.944,24.6
33400,24.944,24.6
33500,24.944,24.6
33600,24.944,24.6
33700,24.944,24.6
33800,24.944,24.6
33900,24.944,24.6
34000,24.944,24.6
34100,24.944,24.6
34200,24.944,24.6
34300,24.944,24.6
34400,24.944,24.6
34500,24.944,24.6
34600,24.944,24.6
34700,24.944,24.6
34800,24.944,24.6
34900,24.944,24.6
35000,24.944,24.6
35100,24.912,24.6
35200,24.912,24.6
35300,24.912,24.6
35400,24.84,24.6
35500,24.84,24.6
35600,24.84,24.6
35700,24.84,24.6
35800,24.84,24.6
35900,24.84,24.6
36000,24.84,24.6
36100,24.84,24.6
36200,24.84,24.6
36300,24.84,24.6
36400,24.84,24.6
36500,24.84,24.6
36600,24.84,24.6
36700,24.84,24.6
36800,24.84,24.6
36900,24.84,24.6
37000,24.84,24.6
37100,24.84,24.6
37200,24.84,24.6
37300,24.84,24.6
37400,24.84,24.6
37500,24.84,24.6
37600,24.84,24.6
37700,24.84,24.6
37800,24.84,24.6
37900,24.84,24.6
38000,24.84,24.6
38100,24.84,24.6
38200,24.84,24.6
38300,24.84,24.6
38400,24.84,24.6
38500,24.84,24.6
38600,24.84,24.6
38700,24.84,24.6
38800,24.84,24.6
38900,24.84,24.6
39000,24.84,24.6
39100,24.84,24.6
39200,24.84,24.6
39300,24.84,24.6
39400,24.84,24.6
39500,24.84,24.6
39600,24.84,24.6
39700,24.599999999999998,24.6
39800,24.599999999999998,24.6
39900,24.599999999999998,24.6
40000,24.599999999999998,24.6
40100,24.599999999999998,24.6
40200,24.599999999999998,24.6
40300,24.599999999999998,24.6
40400,24.599999999999998,24.6
40500,24.599999999999998,24.6
40600,24.599999999999998,24.6
40700,24.599999999999998,24.6
40800,24.599999999999998,24.6
40900,24.599999999999998,24.6
41000,24.599999999999998,24.6
41100,24.599999999999998,24.6
41200,24.599999999999998,24.6
41300,24.599999999999998,24.6
41400,24.599999999999998,24.6
41500,24.599999999999998,24.6
41600,24.599999999999998,24.6
41700,24.599999999999998,24.6
41800,24.599999999999998,24.6
41900,24.599999999999998,24.6
42000,24.599999999999998,24.6
42100,24.599999999999998,24.6
42200,24.599999999999998,24.6
42300,24.599999999999998,24.6
42400,24.599999999999998,24.6
42500,24.599999999999998,24.6
42600,24.599999999999998,24.6
42700,24.599999999999998,24.6
42800,24.599999999999998,24.6
42900,24.599999999999998,24.6
43000,24.599999999999998,24.6
43100,24.599999999999998,24.6
43200,24.599999999999998,24.6
43300,24.599999999999998,24.6
43400,24.599999999999998,24.6
43500,24.599999999999998,24.6
43600,24.599999999999998,24.6
43700,24.599999999999998,24.6
43800,24.599999999999998,24.6
43900,24.599999999999998,24.6
44000,24.599999999999998,24.6
44100,24.599999999999998,24.6
44200,24.599999999999998,24.6
44300,24.599999999999998,24.6
44400,24.599999999999998,24.6
44500,24.599999999999998,24.6
44600,24.599999999999998,24.6
44700,24.599999999999998,24.6
44800,24.599999999999998,24.6
44900,24.599999999999998,24.6
45000,24.599999999999998,24.6
45100,24.599999999999998,24.6
45200,24.599999999999998,24.6
45300,24.599999999999998,24.6
45400,24.599999999999998,24.6
45500,24.599999999999998,24.6
45600,24.599999999999998,24.6
45700,24.599999999999998,24.6
45800,24.599999999999998,24.6
45900,24.599999999999998,24.6
46000,24.599999999999998,24.6
46100,24.599999999999998,24.6
46200,24.599999999999998,24.6
46300,24.599999999999998,24.6
46400,24.599999999999998,24.6
46500,24.599999999999998,24.6
46600,24.599999999999998,24.6
46700,24.599999999999998,24.6
46800,24.599999999999998,24.6
46900,24.599999999999998,24.6
47000,24.599999999999998,24.6
47100,24.599999999999998,24.6
47200,24.599999999999998,24.6
47300,24.599999999999998,24.6
47400,24.599999999999998,24.6
47500,24.599999999999998,24.6
47600,24.599999999999998,24.6
47700,24.599999999999998,24.6
47800,24.599999999999998,24.6
47900,24.599999999999998,24.6
48000,24.599999999999998,24.6
48100,24.599999999999998,24.6
48200,24.599999999999998,24.6
48300,24.599999999999998,24.6
48400,24.599999999999998,24.6
48500,24.599999999999998,24.6
48600,24.599999999999998,24.6
48700,24.599999999999998,24.6
48800,24.599999999999998,24.6
48900,24.599999999999998,24.6
49000,24.599999999999998,24.6
49100,24.599999999999998,24.6
49200,24.599999999999998,24.6
49300,24.599999999999998,24.6
49400,24.599999999999998,24.6
49500,24.599999999999998,24.6
49600,24.599999999999998,24.6
49700,24.599999999999998,24.6
49800,24.599999999999998,24.6
49900,24.599999999999998,24.6
50000,24.599999999999998,24.6
50100,24.328000000000003,24.6
50200,24.208,24.6
50300,24.208,24.6
50400,24.16,24.6
50500,24.16,24.6
50600,23.951999999999998,24.6
50700,23.936,24.6
50800,23.936,24.6
50900,23.936,24.6
51000,23.936,24.6
51100,23.936,24.6
51200,23.936,24.6
51300,23.936,24.6
51400,23.936,24.6
51500,23.936,24.6
51600,23.936,24.6
51700,23.936,24.6
51800,23.936,24.6
51900,23.936,24.6
52000,23.936,24.6
52100,23.936,24.6
52200,23.936,24.6
52300,23.936,24.6
52400,23.936,24.6
52500,23.936,24.6
52600,23.936,24.6
52700,23.936,24.6
52800,23.936,24.6
52900,23.936,24.6
53000,23.936,24.6
53100,23.936,24.6
53200,23.936,24.6
53300,23.936,24.6
53400,23.936,24.6
53500,23.759999999999998,24.6
53600,23.759999999999998,24.6
53700,23.759999999999998,24.6
53800,23.759999999999998,24.6
53900,23.759999999999998,24.6
54000,23.759999999999998,24.6
54100,23.759999999999998,24.6
54200,23.759999999999998,24.6
54300,23.759999999999998,24.6
54400,23.759999999999998,24.6
54500,23.759999999999998,24.6
54600,23.759999999999998,24.6
54700,23.759999999999998,24.6
54800,23.759999999999998,24.6
54900,23.759999999999998,24.6
55000,23.759999999999998,24.6
55100,23.759999999999998,24.6
55200,23.759999999999998,24.6
55300,23.759999999999998,24.6
55400,23.759999999999998,24.6
55500,23.759999999999998,24.6
55600,23.759999999999998,24.6
55700,23.759999999999998,24.6
55800,23.759999999999998,24.6
55900,23.759999999999998,24.6
56000,23.759999999999998,24.6
56100,23.759999999999998,24.6
56200,23.759999999999998,24.6
56300,23.759999999999998,24.6
56400,23.759999999999998,24.6
56500,23.759999999999998,24.6
56600,23.759999999999998,24.6
56700,23.759999999999998,24.6
56800,23.759999999999998,24.6
56900,23.759999999999998,24.6
57000,23.759999999999998,24.6
57100,23.759999999999998,24.6
57200,23.36,24.4
57300,23.36,24.4
57400,23.36,24.4
57500,23.36,24.4
57600,23.36,24.4
57700,23.36,24.4
57800,23.36,24.4
57900,23.36,24.4
58000,23.36,24.4
58100,23.36,24.4
58200,23.36,24.4
58300,23.36,24.4
58400,23.36,24.4
58500,23.36,24.4
58600,23.36,24.4
58700,23.36,24.4
58800,23.36,24.4
58900,23.36,24.4
59000,23.36,24.4
59100,23.36,24.4
59200,23.36,24.4
59300,23.36,24.4
59400,23.36,24.4
59500,23.36,24.4
59600,23.36,24.4
59700,23.36,24.4
59800,23.36,24.4
59900,23.36,24.4
60000,23.36,24.4
60100,23.36,24.4
60200,23.36,24.4
60300,23.296,24.6
60400,23.264000000000003,24.6
60500,23.264000000000003,24.6
60600,23.264000000000003,24.6
60700,23.264000000000003,24.6
60800,23.264000000000003,24.6
60900,23.264000000000003,24.6
61000,23.264000000000003,24.6
61100,23.264000000000003,24.6
61200,23.264000000000003,24.6
61300,23.264000000000003,24.6
61400,23.264000000000003,24.6
61500,23.264000000000003,24.6
61600,23.264000000000003,24.6
61700,23.264000000000003,24.6
61800,23.264000000000003,24.6
61900,23.264000000000003,24.6
62000,22.912,24.6
62100,22.912,24.6
62200,22.912,24.6
62300,22.912,24.6
62400,22.912,24.6
62500,22.912,24.6
62600,22.912,24.6
62700,22.912,24.6
62800,22.912,24.6
62900,22.912,24.6
63000,22.912,24.6
63100,22.912,24.6
63200,22.912,24.6
63300,22.544,24.6
63400,22.544,24.6
63500,22.544,24.6
63600,22.544,24.6
63700,22.544,24.6
63800,22.544,24.6
63900,22.544,24.6
64000,22.544,24.6
64100,22.544,24.6
64200,22.544,24.6
64300,22.544,24.6
64400,22.544,24.6
64500,22.544,24.6
64600,22.544,24.6
64700,22.544,24.6
64800,22.544,24.6
64900,22.544,24.6
65000,22.544,24.6
65100,22.544,24.6
65200,22.544,24.6
65300,22.544,24.6
65400,22.544,24.6
65500,22.544,24.6
65600,22.544,24.6
65700,22.544,24.6
65800,22.544,24.6
65900,22.544,24.6
66000,22.544,24.6
66100,22.544,24.6
66200,22.544,24.6
66300,22.544,24.6
66400,22.544,24.6
66500,22.544,24.6
66600,22.544,24.6
66700,22.544,24.6
66800,22.544,24.6
66900,22.544,24.6
67000,22.544,24.6
67100,22.544,24.6
67200,22.544,24.6
67300,22.544,24.6
67400,22.544,24.6
67500,22.544,24.6
67600,22.544,24.6
67700,22.232000000000003,24.6
67800,22.232000000000003,24.6
67900,22.232000000000003,24.6
68000,22.232000000000003,24.6
68100,22.232000000000003,24.6
68200,22.232000000000003,24.6
68300,22.232000000000003,24.6
68400,22.232000000000003,24.6
68500,22.232000000000003,24.6
68600,22.232000000000003,24.6
68700,22.232000000000003,24.6
68800,22.232000000000003,24.6
68900,22.232000000000003,24.6
69000,22.232000000000003,24.6
69100,22.232000000000003,24.6
69200,22.232000000000003,24.6
69300,22.232000000000003,24.6
69400,22.232000000000003,24.6
69500,22.232000000000003,24.6
69600,22.232000000000003,24.6
69700,22.232000000000003,24.6
69800,22.232000000000003,24.6
69900,22.232000000000003,24.6
70000,22.232000000000003,24.6
70100,22.232000000000003,24.6
70200,22.232000000000003,24.6
70300,22.232000000000003,24.6
70400,22.232000000000003,24.6
70500,22.232000000000003,24.6
70600,22.232000000000003,24.6
70700,22.232000000000003,24.6
70800,22.232000000000003,24.6
70900,22.232000000000003,24.6
71000,22.232000000000003,24.6
71100,22.232000000000003,24.6
71200,22.232000000000003,24.6
71300,22.232000000000003,24.6
71400,22.232000000000003,24.6
71500,22.232000000000003,24.6
71600,22.232000000000003,24.6
71700,22.232000000000003,24.6
71800,22.232000000000003,24.6
71900,22.232000000000003,24.6
72000,22.232000000000003,24.6
72100,22.232000000000003,24.6
72200,22.232000000000003,24.6
72300,22.232000000000003,24.6
72400,22.232000000000003,24.6
72500,22.232000000000003,24.6
72600,22.232000000000003,24.6
72700,22.232000000000003,24.6
72800,22.232000000000003,24.6
72900,22.232000000000003,24.6
73000,22.232000000000003,24.6
73100,22.232000000000003,24.6
73200,22.232000000000003,24.6
73300,22.232000000000003,24.6
73400,22.232000000000003,24.6
73500,22.232000000000003,24.6
73600,22.232000000000003,24.6
73700,22.232000000000003,24.6
73800,22.232000000000003,24.6
73900,22.232000000000003,24.6
74000,22.232000000000003,24.6
74100,22.232000000000003,24.6
74200,22.232000000000003,24.6
74300,22.232000000000003,24.6
74400,22.232000000000003,24.6
74500,22.232000000000003,24.6
74600,22.232000000000003,24.6
74700,22.232000000000003,24.6
74800,22.232000000000003,24.6
74900,22.232000000000003,24.6
75000,22.232000000000003,24.6
75100,22.232000000000003,24.6
75200,22.232000000000003,24.6
75300,22.232000000000003,24.6
75400,22.232000000000003,24.6
75500,22.232000000000003,24.6
75600,22.232000000000003,24.6
75700,22.232000000000003,24.6
75800,22.223999999999997,24.6
75900,22.223999999999997,24.6
76000,22.223999999999997,24.6
76100,22.223999999999997,24.6
76200,22.223999999999997,24.6
76300,22.223999999999997,24.6
76400,22.223999999999997,24.6
76500,22.223999999999997,24.6
76600,22.223999999999997,24.6
76700,22.223999999999997,24.6
76800,22.223999999999997,24.6
76900,22.223999999999997,24.6
77000,22.223999999999997,24.6
77100,22.223999999999997,24.6
77200,22.223999999999997,24.6
77300,22.223999999999997,24.6
77400,22.223999999999997,24.6
77500,22.223999999999997,24.6
77600,22.223999999999997,24.6
77700,22.176,24.6
77800,22.176,24.6
77900,22.176,24.6
78000,22.176,24.6
78100,22.176,24.6
78200,22.176,24.6
78300,22.176,24.6
78400,21.8,24.6
78500,21.8,24.6
78600,21.8,24.6
78700,21.8,24.6
78800,21.8,24.6
78900,21.8,24.6
79000,21.8,24.6
79100,21.8,24.6
79200,21.8,24.6
79300,21.8,24.6
79400,21.8,24.6
79500,21.8,24.6
79600,21.8,24.6
79700,21.8,24.6
79800,21.648000000000003,24.6
79900,21.648000000000003,24.6
80000,21.64,24.6
80100,21.64,24.6
80200,21.64,24.6
80300,21.64,24.6
80400,21.64,24.6
80500,21.64,24.6
80600,21.64,24.6
80700,21.64,24.6
80800,21.64,24.6
80900,21.64,24.6
81000,21.64,24.6
81100,21.64,24.6
81200,21.64,24.6
81300,21.64,24.6
81400,21.64,24.6
81500,21.64,24.6
81600,21.64,24.6
81700,21.64,24.6
81800,21.64,24.6
81900,21.64,24.6
82000,21.64,24.6
82100,21.64,24.6
82200,21.64,24.6
82300,21.64,24.6
82400,21.64,24.6
82500,21.64,24.6
82600,21.64,24.6
82700,21.64,24.6
82800,21.64,24.6
82900,21.64,24.6
83000,21.64,24.6
83100,21.64,24.6
83200,21.64,24.6
83300,21.64,24.6
83400,21.64,24.6
83500,21.64,24.6
83600,21.64,24.6
83700,21.64,24.6
83800,21.64,24.6
83900,21.64,24.6
84000,21.64,24.6
84100,21.64,24.6
84200,21.64,24.6
84300,21.64,24.6
84400,21.64,24.6
84500,21.64,24.6
84600,21.64,24.6
84700,21.64,24.6
84800,21.64,24.6
84900,21.64,24.6
85000,21.64,24.6
85100,21.64,24.6
85200,21.64,24.6
85300,21.64,24.6
85400,21.64,24.6
85500,21.64,24.6
85600,21.64,24.6
85700,21.64,24.6
85800,21.64,24.6
85900,21.64,24.6
86000,21.64,24.6
86100,21.64,24.6
86200,21.64,24.6
86300,21.64,24.6
86400,21.64,24.6
86500,21.64,24.6
86600,21.64,24.6
86700,21.64,24.6
86800,21.64,24.6
86900,21.64,24.6
87000,21.64,24.6
87100,21.64,24.6
87200,21.64,24.6
87300,21.64,24.6
87400,21.64,24.6
87500,21.64,24.6
87600,21.64,24.6
87700,21.64,24.6
87800,21.64,24.6
87900,21.64,24.6
88000,21.64,24.6
88100,21.64,24.6
88200,21.64,24.6
88300,21.64,24.6
88400,21.64,24.6
88500,21.64,24.6
88600,21.64,24.6
88700,21.64,24.6
88800,21.64,24.6
88900,21.64,24.6
89000,21.64,24.6
89100,21.64,24.6
89200,21.64,24.6
89300,21.168,24.6
89400,21.168,24.6
89500,21.168,24.6
89600,21.168,24.6
89700,21.168,24.6
89800,21.168,24.6
89900,21.168,24.6
90000,21.168,24.6
90100,21.168,24.6
90200,21.168,24.6
90300,21.168,24.6
90400,21.168,24.6
90500,21.168,24.6
90600,21.168,24.6
90700,21.168,24.6
90800,21.168,24.6
90900,21.168,24.6
91000,21.168,24.6
91100,21.168,24.6
91200,21.168,24.6
91300,21.168,24.6
91400,21.168,24.6
91500,21.168,24.6
91600,21.168,24.6
91700,21.168,24.6
91800,21.168,24.6
91900,21.168,24.6
92000,21.168,24.6
92100,21.168,24.6
92200,21.168,24.6
92300,21.168,24.6
92400,21.168,24.6
92500,21.168,24.6
92600,21.168,24.6
92700,21.168,24.6
92800,21.168,24.6
92900,21.168,24.6
93000,21.168,24.6
93100,21.168,24.6
93200,21.168,24.6
93300,21.168,24.6
93400,21.168,24.6
93500,21.168,24.6
93600,21.168,24.6
93700,21.168,24.6
93800,21.168,24.6
93900,21.168,24.6
94000,21.168,24.6
94100,21.168,24.6
94200,21.168,24.6
94300,21.168,24.6
94400,21.168,24.6
94500,21.168,24.6
94600,21.168,24.6
94700,21.168,24.6
94800,21.168,24.6
94900,21.168,24.6
95000,21.168,24.6
95100,21.168,24.6
95200,21.168,24.6
95300,21.168,24.6
95400,21.168,24.6
95500,21.168,24.6
95600,21.168,24.6
95700,21.168,24.6
95800,21.168,24.6
95900,21.168,24.6
96000,21.168,24.6
96100,21.168,24.6
96200,21.168,24.6
96300,21.168,24.6
96400,21.168,24.6
96500,21.168,24.6
96600,21.168,24.6
96700,21.168,24.6
96800,21.168,24.6
96900,21.168,24.6
97000,21.168,24.6
97100,21.168,24.6
97200,21.168,24.6
97300,21.168,24.6
97400,21.168,24.6
97500,21.168,24.6
97600,21.168,24.6
97700,21.168,24.6
97800,21.168,24.6
97900,21.168,24.6
98000,21.168,24.6
98100,21.168,24.6
98200,21.168,24.6
98300,21.168,24.6
98400,21.168,24.6
98500,21.168,24.6
98600,21.168,24.6
98700,21.168,24.6
98800,21.168,24.6
98900,21.168,24.6
99000,21.168,24.6
99100,21.168,24.6
99200,21.168,24.6
99300,21.168,24.6
99400,21.168,24.6
99500,21.168,24.6
99600,21.168,24.6
99700,21.168,24.6
99800,21.168,24.6
99900,21.168,24.6
100000,21.168,24.6
100100,21.168,24.6
100200,21.168,24.6
100300,21.168,24.6
100400,21.168,24.6
100500,21.168,24.6
100600,21.168,24.6
100700,21.168,24.6
100800,21.168,24.6
100900,21.168,24.6
101000,21.168,24.6
101100,21.168,24.6
101200,21.168,24.6
101300,21.168,24.6
101400,21.168,24.6
101500,21.168,24.6
101600,21.168,24.6
101700,21.168,24.6
101800,21.168,24.6
101900,21.168,24.6
102000,21.168,24.6
102100,21.168,24.6
102200,21.168,24.6
102300,21.168,24.6
102400,21.168,24.6
102500,21.168,24.6
102600,21.168,24.6
102700,21.168,24.6
102800,21.168,24.6
102900,21.168,24.6
103000,21.168,24.6
103100,21.168,24.6
103200,21.168,24.6
103300,21.168,24.6
103400,21.168,24.6
103500,21.12,24.6
103600,21.12,24.6
103700,21.12,24.6
103800,21.12,24.6
103900,21.12,24.6
104000,21.12,24.6
104100,21.12,24.6
104200,21.12,24.6
104300,21.12,24.6
104400,21.12,24.6
104500,21.12,24.6
104600,21.12,24.6
104700,21.12,24.6
104800,21.12,24.6
104900,21.12,24.6
105000,21.12,24.6
105100,21.12,24.6
105200,21.12,24.6
105300,21.12,24.6
105400,21,24.6
105500,21,24.6
105600,21,24.6
105700,21,24.6
105800,21,24.6
105900,21,24.6
106000,21,24.6
106100,21,24.6
106200,21,24.6
106300,21,24.6
106400,21,24.6
106500,21,24.6
106600,21,24.6
106700,21,24.6
106800,21,24.6
106900,21,24.6
107000,21,24.6
107100,21,24.6
107200,21,24.6
107300,21,24.6
107400,21,24.6
107500,21,24.6
107600,21,24.6
107700,21,24.6
107800,21,24.6
107900,21,24.6
108000,21,24.6
108100,21,24.6
108200,20.744,24.6
108300,20.744,24.6
108400,20.744,24.6
108500,20.744,24.6
108600,20.744,24.6
108700,20.744,24.6
108800,20.744,24.6
108900,20.744,24.6
109000,20.744,24.6
109100,20.744,24.6
109200,20.744,24.6
109300,20.744,24.6
109400,20.744,24.6
109500,20.744,24.6
109600,20.744,24.6
109700,20.744,24.6
109800,20.744,24.6
109900,20.744,24.6
110000,20.744,24.6
110100,20.744,24.6
110200,20.744,24.6
110300,20.744,24.6
110400,20.744,24.6
110500,20.744,24.6
110600,20.744,24.6
110700,20.744,24.6
110800,20.744,24.6
110900,20.744,24.6
111000,20.744,24.6
111100,20.744,24.6
111200,20.744,24.6
111300,20.744,24.6
111400,20.744,24.6
111500,20.744,24.6
111600,20.744,24.6
111700,20.744,24.6
111800,20.744,24.6
111900,20.744,24.6
112000,20.744,24.6
112100,20.744,24.6
112200,20.744,24.6
112300,20.744,24.6
112400,20.744,24.6
112500,20.744,24.6
112600,20.744,24.6
112700,20.744,24.6
112800,20.744,24.6
112900,20.744,24.6
113000,20.744,24.6
113100,20.744,24.6
113200,20.744,24.6
113300,20.744,24.6
113400,20.744,24.6
113500,20.744,24.6
113600,20.744,24.6
113700,20.744,24.6
113800,20.744,24.6
113900,20.744,24.6
114000,20.744,24.6
114100,20.744,24.6
114200,20.744,24.6
114300,20.744,24.6
114400,20.744,24.6
114500,20.744,24.6
114600,20.744,24.6
114700,20.744,24.6
114800,20.744,24.6
114900,20.744,24.6
115000,20.744,24.6
115100,20.744,24.6
115200,20.744,24.6
115300,20.744,24.6
115400,20.744,24.6
115500,20.744,24.6
115600,20.744,24.6
115700,20.744,24.6
115800,20.744,24.6
115900,20.744,24.6
116000,20.744,24.6
116100,20.744,24.6
116200,20.744,24.6
116300,20.631999999999998,24.6
116400,20.631999999999998,24.6
116500,20.631999999999998,24.6
116600,20.631999999999998,24.6
116700,20.631999999999998,24.6
116800,20.631999999999998,24.6
116900,20.631999999999998,24.6
117000,20.631999999999998,24.6
117100,20.631999999999998,24.6
117200,20.631999999999998,24.6
117300,20.631999999999998,24.6
117400,20.544000000000004,24.6
117500,20.544000000000004,24.6
117600,20.544000000000004,24.6
117700,20.544000000000004,24.6
117800,20.544000000000004,24.6
117900,20.544000000000004,24.6
118000,20.544000000000004,24.6
118100,20.544000000000004,24.6
118200,20.544000000000004,24.6
118300,20.48,24.8
118400,20.48,24.8
118500,20.48,24.8
118600,20.48,24.8
118700,20.48,24.8
118800,20.48,24.8
118900,20.48,24.8
119000,20.48,24.8
119100,20.48,24.8
119200,20.48,24.8
119300,20.48,24.8
119400,20.48,24.8
119500,20.48,24.8
119600,20.48,24.8
119700,20.48,24.8
119800,20.48,24.8
119900,20.48,24.8
120000,20.48,24.8
120100,20.48,24.8
120200,20.48,24.8
120300,20.48,24.8
120400,20.48,24.8
120500,20.48,24.8
120600,20.48,24.8
120700,20.48,24.8
120800,20.48,24.8
120900,20.48,24.8
121000,20.48,24.8
121100,20.48,24.8
121200,20.48,24.8
121300,20.48,24.8
121400,20.48,24.8
121500,20.48,24.8
121600,20.48,24.8
121700,20.48,24.8
121800,20.48,24.8
121900,20.48,24.8
122000,20.48,24.8
122100,20.48,24.8
122200,20.48,24.8
122300,20.48,24.8
122400,20.48,24.8
122500,20.48,24.8
122600,20.48,24.8
122700,20.48,24.8
122800,20.48,24.8
122900,20.48,24.8
123000,20.48,24.8
123100,20.48,24.8
123200,20.48,24.8
123300,20.48,24.8
123400,20.48,24.8
123500,20.48,24.8
123600,20.48,24.8
123700,20.48,24.8
123800,20.48,24.8
123900,20.48,24.8
124000,20.48,24.8
124100,20.48,24.8
124200,20.48,24.8
124300,20.48,24.8
124400,20.48,24.8
124500,20.48,24.8
124600,20.48,24.8
124700,20.48,24.8
124800,20.48,24.8
124900,20.48,24.8
125000,20.48,24.8
125100,20.48,24.8
125200,20.48,24.8
125300,20.48,24.8
125400,20.48,24.8
125500,20.48,24.8
125600,20.48,24.8
125700,20.48,24.8
125800,20.48,24.8
125900,20.48,24.8
126000,20.48,24.8
126100,20.48,24.8
126200,20.48,24.8
126300,20.48,24.8
126400,20.48,24.8
126500,20.48,24.8
126600,20.48,24.8
126700,20.48,24.8
126800,20.48,24.8
126900,20.48,24.8
127000,20.48,24.8
127100,20.48,24.8
127200,20.48,24.8
127300,20.48,24.8
127400,20.48,24.8
127500,20.48,24.8
127600,20.48,24.8
127700,20.48,24.8
127800,20.48,24.8
127900,20.48,24.8
128000,20.48,24.8
128100,20.48,24.8
128200,20.48,24.8
128300,20.48,24.8
128400,20.48,24.8
128500,20.48,24.8
128600,20.48,24.8
128700,20.48,24.8
128800,20.48,24.8
128900,20.48,24.8
129000,20.48,24.8
129100,20.48,24.8
129200,20.48,24.8
129300,20.48,24.8
129400,20.48,24.8
129500,20.48,24.8
129600,20.48,24.8
129700,20.48,24.8
129800,20.48,24.8
129900,20.48,24.8
130000,20.48,24.8
130100,20.48,24.8
130200,20.48,24.8
130300,20.48,24.8
130400,20.48,24.8
130500,20.48,24.8
130600,20.48,24.8
130700,20.48,24.8
130800,20.48,24.8
130900,20.48,24.8
131000,20.48,24.8
131100,20.264,24.8
131200,20.264,24.8
131300,20.264,24.8
131400,20.264,24.8
131500,20.264,24.8
131600,20.264,24.8
131700,20.264,24.8
131800,20.264,24.8
131900,20.264,24.8
132000,20.264,24.8
132100,20.264,24.8
132200,20.264,24.8
132300,20.264,24.8
132400,20.264,24.8
132500,20.264,24.8
132600,20.264,24.8
132700,20.264,24.8
132800,20.264,24.8
132900,20.264,24.8
133000,20.264,24.8
133100,20.264,24.8
133200,20.264,24.8
133300,20.264,24.8
133400,20.264,24.8
133500,20.264,24.8
133600,20.264,24.8
133700,20.264,24.8
133800,20.264,24.8
133900,20.264,24.8
134000,20.264,24.8
134100,20.264,24.8
134200,20.264,24.8
134300,20.264,24.8
134400,20.264,24.8
134500,20.264,24.8
134600,20.264,24.8
134700,20.264,24.8
134800,20.264,24.8
134900,20.264,24.8
135000,20.264,24.8
135100,20.264,24.8
135200,20.264,24.8
135300,20.264,24.8
135400,20.264,24.8
135500,20.264,24.8
135600,20.264,24.8
135700,20.264,24.8
135800,20.264,24.8
135900,20.264,24.8
136000,20.264,24.8
136100,20.264,24.8
136200,20.264,24.8
136300,20.264,24.8
136400,20.264,24.8
136500,20.264,24.8
136600,20.264,24.8
136700,20.264,24.8
136800,20.264,24.8
136900,20.264,24.8
137000,20.264,24.8
137100,20.264,24.8
137200,20.264,24.8
137300,20.264,24.8
137400,20.264,24.8
137500,20.264,24.8
137600,20.264,24.8
137700,20.264,24.8
137800,20.264,24.8
137900,20.264,24.8
138000,20.264,24.8
138100,20.264,24.8
138200,20.264,24.8
138300,20.264,24.8
138400,20.264,24.8
138500,20.264,24.8
138600,20.264,24.8
138700,20.264,24.8
138800,20.264,24.8
138900,20.264,24.8
139000,20.264,24.8
139100,20.264,24.8
139200,20.264,24.8
139300,20.264,24.8
139400,20.264,24.8
139500,20.264,24.8
139600,20.264,24.8
139700,20.264,24.8
139800,20.264,24.8
139900,20.264,24.8
140000,20.264,24.8
140100,20.264,24.8
140200,20.264,24.8
140300,20.264,24.8
140400,20.264,24.8
140500,20.264,24.8
140600,20.264,24.8
140700,20.264,24.8
140800,20.264,24.8
140900,20.264,24.8
141000,20.264,24.8
141100,20.264,24.8
141200,20.264,24.8
141300,20.264,24.8
141400,20.264,24.8
141500,20.264,24.8
141600,20.264,24.8
141700,20.264,24.8
141800,20.264,24.8
141900,20.264,24.8
142000,20.264,24.8
142100,20.264,24.8
142200,20.264,24.8
142300,20.264,24.8
142400,20.264,24.8
142500,20.264,24.8
142600,20.264,24.8
142700,20.264,24.8
142800,20.264,24.8
142900,20.264,24.8
143000,20.264,24.8
143100,20.264,24.8
143200,20.264,24.8
143300,20.264,24.8
143400,20.264,24.8
143500,20.264,24.8
143600,20.264,24.8
143700,20.264,24.8
143800,20.264,24.8
143900,20.264,24.8
144000,20.264,24.8
144100,20.264,24.8
144200,20.264,24.8
144300,20.264,24.8
144400,20.264,24.8
144500,20.264,24.8
144600,20.264,24.8
144700,20.264,24.8
144800,20.264,24.8
144900,20.264,24.8
145000,20.264,24.8
145100,20.264,24.8
145200,20.264,24.8
145300,20.264,24.8
145400,20.264,24.8
145500,20.264,24.8
145600,20.264,24.8
145700,20.264,24.8
145800,20.264,24.8
145900,20.264,24.8
146000,20.264,24.8
146100,20.264,24.8
146200,20.264,24.8
146300,20.264,24.8
146400,20.264,24.8
146500,20.264,24.8
146600,20.264,24.8
146700,20.264,24.8
146800,20.264,24.8
146900,20.264,24.8
147000,20.264,24.8
147100,20.264,24.8
147200,20.264,24.8
147300,20.264,24.8
147400,20.264,24.8
147500,20.264,24.8
147600,20.264,24.8
147700,20.264,24.8
147800,20.264,24.8
147900,20.264,24.8
148000,20.264,24.8
148100,20.264,24.8
148200,20.264,24.8
148300,20.264,24.8
148400,20.264,24.8
148500,20.264,24.8
148600,20.264,24.8
148700,20.088,24.8
148800,20.088,24.8
148900,20.088,24.8
149000,20.088,24.8
149100,20.088,24.8
149200,20.088,24.8
149300,20.088,24.8
149400,20.088,24.8
149500,20.088,24.8
149600,20.088,24.8
149700,20.088,24.8
149800,20.088,24.8
149900,20.088,24.8
150000,20.088,24.8
150100,20.088,24.8
150200,20.088,24.8
150300,20.088,24.8
150400,20.088,24.8
150500,20.088,24.8
150600,20.088,24.8
150700,20.088,24.8
150800,20.088,24.8
150900,20.088,24.8
151000,20.088,24.8
151100,20.088,24.8
151200,20.088,24.8
151300,20.088,24.8
151400,20.088,24.8
151500,20.088,24.8
151600,20.088,24.8
151700,20.088,24.8
151800,20.088,24.8
151900,20.088,24.8
152000,20.088,24.8
152100,20.088,24.8
152200,20.088,24.8
152300,20.088,24.8
152400,20.088,24.8
152500,20.088,24.8
152600,20.088,24.8
152700,20.088,24.8
152800,20.088,24.8
152900,20.088,24.8
153000,20.088,24.8
153100,20.088,24.8
153200,20.088,24.8
153300,20.088,24.8
153400,20.088,24.8
153500,20.088,24.8
153600,20.088,24.8
153700,20.088,24.8
153800,20.088,24.8
153900,20.088,24.8
154000,20.088,24.8
154100,20.088,24.8
154200,20.088,24.8
154300,20.088,24.8
154400,20.088,24.8
154500,20.088,24.8
154600,20.088,24.8
154700,20.088,24.8
154800,20.088,24.8
154900,20.088,24.8
155000,20.088,24.8
155100,20.088,24.8
155200,20.088,24.8
155300,20.088,24.8
155400,20.088,24.8
155500,20.088,24.8
155600,20.088,24.8
155700,20.088,24.8
155800,20.088,24.8
155900,20.088,24.8
156000,20.088,24.8
156100,20.088,24.8
156200,20.088,24.8
156300,20.088,24.8
156400,20.088,24.8
156500,20.088,24.8
156600,20.088,24.8
156700,20.088,24.8
156800,20.088,24.8
156900,20.088,24.8
157000,20.088,24.8
157100,20.088,24.8
157200,20.088,24.8
157300,20.088,24.8
157400,20.088,24.8
157500,20.088,24.8
157600,20.088,24.8
157700,20.088,24.8
157800,20.088,24.8
157900,20.088,24.8
158000,20.088,24.8
158100,20.088,24.8
158200,20.088,24.8
158300,20.088,24.8
158400,20.088,24.8
158500,20.088,24.8
158600,20.088,24.8
158700,20.088,24.8
158800,20.088,24.8
158900,20.088,24.8
159000,20.088,24.8
159100,20.088,24.8
159200,20.088,24.8
159300,20.088,24.8
159400,20.088,24.8
159500,20.088,24.8
159600,20.088,24.8
159700,20.088,24.8
159800,20.088,24.8
159900,20.088,24.8
160000,20.088,24.8
160100,20.088,24.8
160200,20.088,24.8
160300,20.088,24.8
160400,20.088,24.8
160500,20.088,24.8
160600,20.088,24.8
160700,20.088,24.8
160800,20.088,24.8
160900,20.088,24.8
161000,20.088,24.8
161100,20.088,24.8
161200,20.088,24.8
161300,20.088,24.8
161400,20.088,24.8
161500,20.088,24.8
161600,20.088,24.8
161700,20.088,24.8
161800,20.088,24.8
161900,20.088,24.8
162000,20.088,24.8
162100,20.088,24.8
162200,20.088,24.8
162300,20.088,24.8
162400,20.088,24.8
162500,20.088,24.8
162600,20.088,24.8
162700,20.088,24.8
162800,20.088,24.8
162900,20.088,24.8
163000,20.088,24.8
163100,20.088,24.8
163200,20.088,24.8
163300,20.088,24.8
163400,20.088,24.8
163500,20.088,24.8
163600,20.088,24.8
163700,20.088,24.8
163800,20.088,24.8
163900,20.088,24.8
164000,20.088,24.8
164100,20.088,24.8
164200,20.088,24.8
164300,20.088,24.8
164400,20.088,24.8
164500,20.088,24.8
164600,20.088,24.8
164700,20.088,24.8
164800,20.088,24.8
164900,20.088,24.8
165000,20.088,24.8
165100,20.088,24.8
165200,20.088,24.8
165300,20.088,24.8
165400,20.088,24.8
165500,20.088,24.8
165600,20.088,24.8
165700,20.088,24.8
165800,20.088,24.8
165900,20.088,24.8
166000,20.088,24.8
166100,20.088,24.8
166200,20.088,24.8
166300,20.088,24.8
166400,20.088,24.8
166500,20.088,24.8
166600,20.088,24.8
166700,20.088,24.8
166800,20.088,24.8
166900,20.088,24.8
167000,20.088,24.8
167100,20.088,24.8
167200,20.088,24.8
167300,20.088,24.8
167400,20.088,24.8
167500,20.088,24.8
167600,20.088,24.8
167700,20.088,24.8
167800,20.088,24.8
167900,20.088,24.8
168000,20.088,24.8
168100,20.088,24.8
168200,20.088,24.8
168300,20.088,24.8
168400,20.088,24.8
168500,20.088,24.8
168600,20.088,24.8
168700,20.088,24.8
168800,20.088,24.8
168900,20.088,24.8
169000,20.088,24.8
169100,20.088,24.8
169200,20.088,24.8
169300,20.088,24.8
169400,20.088,24.8
169500,20.088,24.8
169600,20.088,24.8
169700,20.088,24.8
169800,20.088,24.8
169900,20.088,24.8
170000,20.088,24.8
170100,20.088,24.8
170200,20.088,24.8
170300,20.088,24.8
170400,20.088,24.8
170500,20.088,24.8
170600,20.088,24.8
170700,20.088,24.8
170800,20.088,24.8
170900,20.088,24.8
171000,20.088,24.8
171100,20.088,24.8
171200,20.088,24.8
171300,20.088,24.8
171400,20.088,24.8
171500,20.088,24.8
171600,20.088,24.8
171700,20.088,24.8
171800,20.088,24.8
171900,20.088,24.8
172000,20.088,24.8
172100,20.088,24.8
172200,20.088,24.8
172300,20.088,24.8
172400,20.088,24.8
172500,20.088,24.8
172600,20.088,24.8
172700,20.088,24.8
172800,20.088,24.8
172900,20.088,24.8
173000,20.088,24.8
173100,20.088,24.8
173200,20.088,24.8
173300,20.088,24.8
173400,20.088,24.8
173500,20.088,24.8
173600,20.088,24.8
173700,20.088,24.8
173800,20.088,24.8
173900,20.088,24.8
174000,20.088,24.8
174100,20.088,24.8
174200,20.088,24.8
174300,20.088,24.8
174400,20.088,24.8
174500,20.088,24.8
174600,20.088,24.8
174700,20.088,24.8
174800,20.088,24.8
174900,20.088,24.8
175000,20.088,24.8
175100,20.088,24.8
175200,20.088,24.8
175300,20.088,24.8
175400,20.088,24.8
175500,20.088,24.8
175600,20.088,24.8
175700,20.088,24.8
175800,20.088,24.8
175900,20.088,24.8
176000,20.088,24.8
176100,20.088,24.8
176200,20.088,24.8
176300,20.088,24.8
176400,20.088,24.8
176500,20.088,24.8
176600,20.088,24.8
176700,20.088,24.8
176800,20.088,24.8
176900,20.088,24.8
177000,20.088,24.8
177100,20.088,24.8
177200,20.088,24.8
177300,20.088,24.8
177400,20.088,24.8
177500,20.088,24.8
177600,20.088,24.8
177700,20.088,24.8
177800,20.088,24.8
177900,20.088,24.8
178000,20.088,24.8
178100,20.088,24.8
178200,20.088,24.8
178300,20.088,24.8
178400,19.688,24.8
178500,19.688,24.8
178600,19.688,24.8
178700,19.688,24.8
178800,19.688,24.8
178900,19.688,24.8
179000,19.688,24.8
179100,19.688,24.8
179200,19.688,24.8
179300,19.688,24.8
179400,19.688,24.8
179500,19.688,24.8
179600,19.688,24.8
179700,19.688,24.8
179800,19.688,24.8
179900,19.688,24.8
180000,19.688,24.8
180100,19.688,24.8
180200,19.688,24.8
180300,19.688,24.8
180400,19.688,24.8
180500,19.688,24.8
180600,19.688,24.8
180700,19.688,24.8
180800,19.688,24.8
180900,19.688,24.8
181000,19.688,24.8
181100,19.688,24.8
181200,19.688,24.8
181300,19.688,24.8
181400,19.688,24.8
181500,19.688,24.8
181600,19.688,24.8
181700,19.688,24.8
181800,19.688,24.8
181900,19.688,24.8
182000,19.688,24.8
182100,19.688,24.8
182200,19.688,24.8
182300,19.688,24.8
182400,19.688,24.8
182500,19.688,24.8
182600,19.688,24.8
182700,19.688,24.8
182800,19.688,24.8
182900,19.688,24.8
183000,19.688,24.8
183100,19.688,24.8
183200,19.688,24.8
183300,19.688,24.8
183400,19.688,24.8
183500,19.688,24.8
183600,19.688,24.8
183700,19.688,24.8
183800,19.688,24.8
183900,19.688,24.8
184000,19.688,24.8
184100,19.688,24.8
184200,19.688,24.8
184300,19.688,24.8
184400,19.688,24.8
184500,19.688,24.8
184600,19.688,24.8
184700,19.688,24.8
184800,19.688,24.8
184900,19.688,24.8
185000,19.688,24.8
185100,19.688,24.8
185200,19.688,24.8
185300,19.688,24.8
185400,19.688,24.8
185500,19.688,24.8
185600,19.688,24.8
185700,19.688,24.8
185800,19.688,24.8
185900,19.688,24.8
186000,19.688,24.8
186100,19.688,24.8
186200,19.688,24.8
186300,19.688,24.8
186400,19.688,24.8
186500,19.688,24.8
186600,19.688,24.8
186700,19.688,24.8
186800,19.688,24.8
186900,19.688,24.8
187000,19.688,24.8
187100,19.688,24.8
187200,19.688,24.8
187300,19.688,24.8
187400,19.688,24.8
187500,19.688,24.8
187600,19.688,24.8
187700,19.688,24.8
187800,19.688,24.8
187900,19.688,24.8
188000,19.688,24.8
188100,19.688,24.8
188200,19.688,24.8
188300,19.688,24.8
188400,19.688,24.8
188500,19.688,24.8
188600,19.688,24.8
188700,19.688,24.8
188800,19.688,24.8
188900,19.688,24.8
189000,19.688,24.8
189100,19.688,24.8
189200,19.688,24.8
189300,19.688,24.8
189400,19.688,24.8
189500,19.688,24.8
189600,19.688,24.8
189700,19.688,24.8
189800,19.688,24.8
189900,19.688,24.8
190000,19.688,24.8
190100,19.688,24.8
190200,19.688,24.8
190300,19.688,24.8
190400,19.688,24.8
190500,19.688,24.8
190600,19.688,24.8
190700,19.688,24.8
190800,19.688,24.8
190900,19.688,24.8
191000,19.688,24.8
191100,19.688,24.8
191200,19.688,24.8
191300,19.688,24.8
191400,19.688,24.8
191500,19.688,24.8
191600,19.688,24.8
191700,19.688,24.8
191800,19.688,24.8
191900,19.688,24.8
192000,19.688,24.8
192100,19.688,24.8
192200,19.48,24.8
192300,19.48,24.8
192400,19.48,24.8
192500,19.48,24.8
192600,19.48,24.8
192700,19.48,24.8
192800,19.48,24.8
192900,19.48,24.8
193000,19.48,24.8
193100,19.48,24.8
193200,19.48,24.8
193300,19.48,24.8
193400,19.48,24.8
193500,19.48,24.8
193600,19.48,24.8
193700,19.48,24.8
193800,19.48,24.8
193900,19.48,24.8
194000,19.48,24.8
194100,19.48,24.8
194200,19.48,24.8
194300,19.48,24.8
194400,19.48,24.8
194500,19.48,24.8
194600,19.48,24.8
194700,19.48,24.8
194800,19.48,24.8
194900,19.48,24.8
195000,19.48,24.8
195100,19.48,24.8
195200,19.48,24.8
195300,19.48,24.8
195400,19.48,24.8
195500,19.48,24.8
195600,19.48,24.8
195700,19.48,24.8
195800,19.48,24.8
195900,19.48,24.8
196000,19.48,24.8
196100,19.48,24.8
196200,19.48,24.8
196300,19.48,24.8
196400,19.48,24.8
196500,19.48,24.8
196600,19.48,24.8
196700,19.48,24.8
196800,19.48,24.8
196900,19.48,24.8
197000,19.48,24.8
197100,19.48,24.8
197200,19.48,24.8
197300,19.48,24.8
197400,19.48,24.8
197500,19.48,24.8
197600,19.48,24.8
197700,19.48,24.8
197800,19.48,24.8
197900,19.48,24.8
198000,19.48,24.8
198100,19.48,24.8
198200,19.48,24.8
198300,19.48,24.8
198400,19.48,24.8
198500,19.48,24.8
198600,19.48,24.8
198700,19.48,24.8
198800,19.48,24.8
198900,19.48,24.8
199000,19.48,24.8
199100,19.48,24.8
199200,19.48,24.8
199300,19.48,24.8
199400,19.48,24.8
199500,19.48,24.8
199600,19.48,24.8
199700,19.48,24.8
199800,19.48,24.8
199900,19.48,24.8
199999,19.48,24.8

START ALGORITHM
h8: (a44 - a51 - a51 - a14 - a31 - a24 - a42) * (b55 - b51)
h15: (a41 - a12 - a34 - a44) * (b32 + b21)
h20: (a32 + a21 + a25 + a52 - a25) * (-b52)
h22: (a41 + a51) * (-b11 - b25 - b33 - b11)
h24: (a51) * (b21 - b51 - b43)
h26: (a33 + a53 + a42 + a22 - a52) * (b22 - b11)
h27: (-a11 - a53 - a35) * (-b24)
h31: (a52 + a53 - a35 - a35 - a15) * (b42 - b24 - b52)
h36: (a55 - a14) * (b44)
h45: (a11 + a53 - a53) * (-b12)
h47: (-a13 - a32 - a23) * (b41 - b21)
h58: (a34) * (b45 + b22 - b51 - b24)
h61: (a42 + a34 + a54 - a25 - a25 - a33 - a54 - a35 - a45 - a43 - a12 - a45 - a52) * (b12 - b43)
h64: (a14 + a34 + a43 + a55 - a24 - a43 - a14 - a35 - a24 - a14 - a54 - a35 - a43) * (-b54)
h71: (a31 - a14 - a32 - a42 - a43) * (-b42)
h72: (a31 + a22 + a21 + a31 + a51 - a32 - a25 - a21) * (b43 - b52 - b15)
h76: (a54 - a41 - a13 - a33 - a22 - a51) * (b53 + b32 + b35 + b24 + b22 - b14 - b55 - b54)
h79: (a55) * (b32)
h82: (a53 + a41 - a51 - a41 - a51 - a13 - a15 - a32 - a12) * (b13 + b21 - b13)
h85: (a22 + a34 + a45 + a45 - a43) * (b12)
h88: (a14 + a13 + a33) * (b45)
h91: (a25 + a41 - a12 - a22) * (-b35 - b24)
h94: (a14 + a21 + a33 - a54 - a45 - a45) * (b24 + b32 - b34 - b53)
h123: (a22 + a54 + a34 + a53 + a11 + a21 + a24 - a35 - a35 - a32 - a12 - a14 - a51) * (-b13)
h128: (a24 - a33 - a54) * (b31 - b51)
h129: (a32 + a42 + a22 + a24 - a33 - a12 - a35 - a21 - a45) * (-b35)
h144: (a21 + a53 + a42 - a53 - a22) * (b14 - b24)
h168: (a52 - a21 - a41) * (b24 + b22 + b42 - b44 - b23)
h182: (a41 + a34 + a14 + a12 + a41) * (-b51 - b24 - b42 - b35)
h203: (a51 - a14 - a32 - a51 - a53) * (b42)
h221: (a21 - a44 - a33) * (b43 - b15)
h222: (a23 + a53 + a31 + a45 + a41 + a24 - a23 - a43) * (b45)
h242: (-a55 - a11) * (-b43)
h262: (a41 + a31 - a34) * (b21 - b34)
h265: (a53 - a31) * (b54 + b53 + b54 + b42)
h279: (a35) * (b43)
h490: (a53 + a11 + a33) * (-b12)
h493: (a32 + a53 - a51) * (b25 - b13 - b42 - b43)
h594: (a13 + a53 - a14 - a24) * (-b54)
h669: (a42 + a22 + a15 + a53 + a52 + a34 + a13 + a34 - a23 - a21 - a14 - a15) * (b41 + b21)
h734: (a21 + a42 + a32 + a22 + a52 + a32 - a41 - a21 - a21 - a32 - a21 - a13 - a12 - a21 - a22 - a34 - a43 - a14 - a25 - a35) * (b22)
h776: (a11 + a14 + a52 + a25 + a52 + a14 + a34 + a22 - a24 - a52 - a55) * (-b54)
h1039: (a11 + a12 + a25 + a33 - a31 - a44 - a33 - a51 - a45) * (-b14 - b13)
h1276: (a24 + a45 + a51 + a13 + a21 + a42 + a45 + a31 - a34 - a14 - a23) * (b41 - b42)
h1568: (a33 + a35 + a41 + a45 + a22 + a21 - a25 - a45 - a21) * (b13)
h4114: (a21 + a55 + a54 + a23 + a51 + a21 + a42 + a54 + a15 + a51 + a45 - a13 - a21 - a34 - a11 - a54 - a11 - a53 - a55 - a54 - a13 - a54 - a42) * (-b34)
h4568: (a35 + a41 - a15 - a13 - a33 - a21 - a51) * (-b43)
h8097: (a54 - a21 - a33 - a53) * (b23)
h11338: (a23 - a33 - a41 - a54) * (b35 + b41 + b33 + b12 - b21)
h14754: (a35 + a54 - a11) * (b42)
h15013: (a12 + a15 + a14 + a51 - a15 - a22 - a45) * (-b25)
h24329: (a11 - a23 - a24) * (b43 - b45)
c11: h221 + h734 + h58 - h76 
c12: h76 + h61 + h72 + h776 + h203 
c13: h776 + h129 - h262 
c14: h31 + h26 
c15: h20 + h94 + h26 + h4114 
c21: h123 + h490 - h123 
c22: h265 + h594 
c23: h222 + h734 + h168 
c24: h79 + h242 + h1039 + h15013 
c25: h144 + h36 + h71 - h82 
c31: h128 + h47 + h24329 - h88 - h242 
c32: h45 + h144 
c33: h85 - h279 
c34: h203 + h20 
c35: h26 + h58 + h8097 + h24 
c41: h71 
c42: h123 + h76 + h594 + h669 + h221 - h8 - h168 - h182 
c43: h27 + h24 - h15 - h14754 
c44: - h36 
c45: h64 + h91 + h1568 
c51: h265 - h22 - h1276 - h11338 
c52: h79 + h91 + h27 + h88 
c53: h58 + h168 + h26 + h493 - h58 
c54: h47 + h26 
c55: h45 + h776 + h129 - h4568 
