0,172.552,25
100,123.016,24.8
200,99.44000000000001,24.8
300,88.184,24.8
400,80.40799999999999,24.8
500,79.072,24.6
600,77.32,24.6
700,77.024,24.6
800,75.208,24.6
900,73.08000000000001,24.6
1000,72.2,24.6
1100,70.752,24.6
1200,69.128,24.6
1300,69.128,24.6
1400,69.072,24.6
1500,67.41600000000001,24.6
1600,66.824,24.6
1700,66.65599999999999,24.6
1800,65.52,24.8
1900,63.176,24.8
2000,61.65599999999999,24.8
2100,61.327999999999996,24.8
2200,59.448,24.8
2300,59.448,24.8
2400,55.384,24.8
2500,54.48,24.8
2600,54.48,24.8
2700,54.2,24.8
2800,53.032000000000004,24.8
2900,52.8,24.8
3000,52.8,24.8
3100,50.44,24.8
3200,50.44,24.8
3300,50.44,24.8
3400,50.44,24.8
3500,50.44,24.8
3600,50.44,24.8
3700,50.44,24.8
3800,49.416,24.8
3900,49.384,24.8
4000,49.384,24.8
4100,49.384,24.8
4200,49.384,24.8
4300,48.08,24.8
4400,48.08,24.8
4500,48.08,24.8
4600,48.08,24.8
4700,47.344,24.8
4800,46.232000000000006,24.8
4900,46.232000000000006,24.8
5000,45.367999999999995,24.8
5100,45.367999999999995,24.8
5200,43.224000000000004,24.8
5300,43.024,24.8
5400,43.024,24.8
5500,42.928,24.8
5600,42.824,24.8
5700,42.6,24.6
5800,42.6,24.6
5900,42.6,24.6
6000,42.6,24.6
6100,42.4,24.8
6200,42.4,24.8
6300,42.4,24.8
6400,42.4,24.8
6500,42.4,24.8
6600,42.4,24.8
6700,42.08,24.8
6800,42.08,24.8
6900,42.08,24.8
7000,42.08,24.8
7100,42.08,24.8
7200,42.08,24.8
7300,42.08,24.8
7400,42.08,24.8
7500,42.007999999999996,24.8
7600,42.007999999999996,24.8
7700,42.007999999999996,24.8
7800,42.007999999999996,24.8
7900,42.007999999999996,24.8
8000,42.007999999999996,24.8
8100,42.007999999999996,24.8
8200,42.007999999999996,24.8
8300,42.007999999999996,24.8
8400,41.704,24.8
8500,41.704,24.8
8600,41.704,24.8
8700,41.704,24.8
8800,41.704,24.8
8900,41.704,24.8
9000,41.704,24.8
9100,41.704,24.8
9200,41.704,24.8
9300,41.704,24.8
9400,41.704,24.8
9500,41.704,24.8
9600,41.704,24.8
9700,41.264,24.8
9800,41.264,24.8
9900,41.264,24.8
10000,40.815999999999995,24.8
10100,40.815999999999995,24.8
10200,40.815999999999995,24.8
10300,40.815999999999995,24.8
10400,40.815999999999995,24.8
10500,40.815999999999995,24.8
10600,40.815999999999995,24.8
10700,40.815999999999995,24.8
10800,40.815999999999995,24.8
10900,40.815999999999995,24.8
11000,40.815999999999995,24.8
11100,40.815999999999995,24.8
11200,40.815999999999995,24.8
11300,40.815999999999995,24.8
11400,40.815999999999995,24.8
11500,40.536,24.8
11600,40.536,24.8
11700,40.536,24.8
11800,40.536,24.8
11900,40.536,24.8
12000,40.536,24.8
12100,40.536,24.8
12200,40.536,24.8
12300,40.536,24.8
12400,40.160000000000004,24.8
12500,40.160000000000004,24.8
12600,40.160000000000004,24.8
12700,40.160000000000004,24.8
12800,40.160000000000004,24.8
12900,40.160000000000004,24.8
13000,40.160000000000004,24.8
13100,40.160000000000004,24.8
13200,40.160000000000004,24.8
13300,40.160000000000004,24.8
13400,40.160000000000004,24.8
13500,40.160000000000004,24.8
13600,39.96,24.8
13700,39.96,24.8
13800,39.96,24.8
13900,39.96,24.8
14000,39.416,24.6
14100,39.416,24.6
14200,39.111999999999995,24.4
14300,39.111999999999995,24.4
14400,39.111999999999995,24.4
14500,39.111999999999995,24.4
14600,39.111999999999995,24.4
14700,38.952000000000005,24.4
14800,38.67999999999999,24.4
14900,37,24.2
15000,35.92,24.2
15100,35.92,24.2
15200,35.92,24.2
15300,35.92,24.2
15400,35.92,24.2
15500,35.92,24.2
15600,35.92,24.2
15700,35.92,24.2
15800,35.92,24.2
15900,35.92,24.2
16000,35.92,24.2
16100,35.92,24.2
16200,35.839999999999996,24.2
16300,35.839999999999996,24.2
16400,35.839999999999996,24.2
16500,35.839999999999996,24.2
16600,35.839999999999996,24.2
16700,35.616,24.2
16800,35.616,24.2
16900,35.616,24.2
17000,35.616,24.2
17100,35.616,24.2
17200,35.616,24.2
17300,35.616,24.2
17400,35.568,24.2
17500,35.448,24.2
17600,35.232000000000006,24.2
17700,33.296,24
17800,33.296,24
17900,32.792,24
18000,32.760000000000005,23.8
18100,32.760000000000005,23.8
18200,32.760000000000005,23.8
18300,32.760000000000005,23.8
18400,32.760000000000005,23.8
18500,32.760000000000005,23.8
18600,32.760000000000005,23.8
18700,32.44,23.8
18800,32.44,23.8
18900,32.44,23.8
19000,32.44,23.8
19100,32.44,23.8
19200,32.44,23.8
19300,32.44,23.8
19400,32.44,23.8
19500,32.44,23.8
19600,32.44,23.8
19700,32.44,23.8
19800,32.44,23.8
19900,32.44,23.8
20000,32.44,23.8
20100,32.44,23.8
20200,32.04,23.8
20300,32.04,23.8
20400,32.04,23.8
20500,32.04,23.8
20600,32.04,23.8
20700,32.04,23.8
20800,32.04,23.8
20900,32.04,23.8
21000,32.04,23.8
21100,32.04,23.8
21200,32.04,23.8
21300,32.04,23.8
21400,32.04,23.8
21500,32.04,23.8
21600,32.04,23.8
21700,32.04,23.8
21800,32.04,23.8
21900,32.04,23.8
22000,32.04,23.8
22100,31.76,23.8
22200,31.76,23.8
22300,31.76,23.8
22400,31.76,23.8
22500,31.76,23.8
22600,31.503999999999998,23.8
22700,31.503999999999998,23.8
22800,31.424,23.8
22900,31.288000000000004,23.8
23000,31.288000000000004,23.8
23100,31.288000000000004,23.8
23200,31.288000000000004,23.8
23300,31.288000000000004,23.8
23400,31.288000000000004,23.8
23500,31.288000000000004,23.8
23600,31.288000000000004,23.8
23700,31.288000000000004,23.8
23800,31.288000000000004,23.8
23900,31.288000000000004,23.8
24000,31.288000000000004,23.8
24100,31.288000000000004,23.8
24200,31.288000000000004,23.8
24300,31.288000000000004,23.8
24400,31.288000000000004,23.8
24500,31.288000000000004,23.8
24600,30.984,23.6
24700,30.984,23.6
24800,30.984,23.6
24900,30.984,23.6
25000,30.984,23.6
25100,30.248,23.6
25200,29.736,23.6
25300,29.648000000000003,23.8
25400,29.488,23.8
25500,29.304000000000002,23.8
25600,29.304000000000002,23.8
25700,29.304000000000002,23.8
25800,29.304000000000002,23.8
25900,29.024,23.8
26000,29.024,23.8
26100,29.024,23.8
26200,29.024,23.8
26300,29.024,23.8
26400,29.024,23.8
26500,29.024,23.8
26600,29.024,23.8
26700,29.024,23.8
26800,29.024,23.8
26900,29.024,23.8
27000,29.024,23.8
27100,29.024,23.8
27200,29.024,23.8
27300,29.024,23.8
27400,28.264,23.8
27500,28.264,23.8
27600,28.264,23.8
27700,28.192,23.8
27800,28.192,23.8
27900,28.192,23.8
28000,28.119999999999997,23.8
28100,28.119999999999997,23.8
28200,28.119999999999997,23.8
28300,28.119999999999997,23.8
28400,28.119999999999997,23.8
28500,27.776,23.6
28600,27.776,23.6
28700,27.776,23.6
28800,27.776,23.6
28900,27.776,23.6
29000,27.776,23.6
29100,27.776,23.6
29200,27.776,23.6
29300,27.776,23.6
29400,27.776,23.6
29500,27.776,23.6
29600,27.776,23.6
29700,27.776,23.6
29800,27.776,23.6
29900,27.776,23.6
30000,27.776,23.6
30100,27.776,23.6
30200,27.776,23.6
30300,27.776,23.6
30400,27.656,23.6
30500,27.656,23.6
30600,27.656,23.6
30700,27.656,23.6
30800,27.656,23.6
30900,27.656,23.6
31000,27.656,23.6
31100,27.656,23.6
31200,27.656,23.6
31300,27.656,23.6
31400,27.656,23.6
31500,27.656,23.6
31600,27.656,23.6
31700,27.656,23.6
31800,27.656,23.6
31900,27.656,23.6
32000,27.656,23.6
32100,27.656,23.6
32200,27.656,23.6
32300,27.656,23.6
32400,27.656,23.6
32500,27.656,23.6
32600,27.656,23.6
32700,27.656,23.6
32800,27.656,23.6
32900,27.656,23.6
33000,27.656,23.6
33100,27.656,23.6
33200,27.656,23.6
33300,27.656,23.6
33400,27.656,23.6
33500,27.656,23.6
33600,27.656,23.6
33700,27.656,23.6
33800,27.656,23.6
33900,27.656,23.6
34000,27.656,23.6
34100,27.656,23.6
34200,27.656,23.6
34300,27.656,23.6
34400,27.656,23.6
34500,27.656,23.6
34600,27.288,23.6
34700,27.288,23.6
34800,27.288,23.6
34900,27.288,23.6
35000,27.288,23.6
35100,27.288,23.6
35200,27.288,23.6
35300,27.288,23.6
35400,27.288,23.6
35500,27.24,23.6
35600,27.24,23.6
35700,27.24,23.6
35800,27.24,23.6
35900,27.24,23.6
36000,26.672000000000004,23.6
36100,26.672000000000004,23.6
36200,26.312,23.6
36300,26.312,23.6
36400,26.312,23.6
36500,26.312,23.6
36600,26.312,23.6
36700,26.312,23.6
36800,26.079999999999995,23.6
36900,26.079999999999995,23.6
37000,26.079999999999995,23.6
37100,26.079999999999995,23.6
37200,26.079999999999995,23.6
37300,26.079999999999995,23.6
37400,26.079999999999995,23.6
37500,26.079999999999995,23.6
37600,26.079999999999995,23.6
37700,26.079999999999995,23.6
37800,26.079999999999995,23.6
37900,26.079999999999995,23.6
38000,26.079999999999995,23.6
38100,26.079999999999995,23.6
38200,26.079999999999995,23.6
38300,26.079999999999995,23.6
38400,26.079999999999995,23.6
38500,26.079999999999995,23.6
38600,26.079999999999995,23.6
38700,26.079999999999995,23.6
38800,26.079999999999995,23.6
38900,26.079999999999995,23.6
39000,26.079999999999995,23.6
39100,26.079999999999995,23.6
39200,26.079999999999995,23.6
39300,26.079999999999995,23.6
39400,26.079999999999995,23.6
39500,26.079999999999995,23.6
39600,26.079999999999995,23.6
39700,26.079999999999995,23.6
39800,26.079999999999995,23.6
39900,25.887999999999998,23.6
40000,25.887999999999998,23.6
40100,25.887999999999998,23.6
40200,25.887999999999998,23.6
40300,25.887999999999998,23.6
40400,25.887999999999998,23.6
40500,25.199999999999996,23.6
40600,25.199999999999996,23.6
40700,25.199999999999996,23.6
40800,25.199999999999996,23.6
40900,25.199999999999996,23.6
41000,25.080000000000002,23.6
41100,25.080000000000002,23.6
41200,25.080000000000002,23.6
41300,25.080000000000002,23.6
41400,25.080000000000002,23.6
41500,25.072000000000003,23.6
41600,25.072000000000003,23.6
41700,25.072000000000003,23.6
41800,25.072000000000003,23.6
41900,25.072000000000003,23.6
42000,25.072000000000003,23.6
42100,25.072000000000003,23.6
42200,25.072000000000003,23.6
42300,25.072000000000003,23.6
42400,25.072000000000003,23.6
42500,25.072000000000003,23.6
42600,25.072000000000003,23.6
42700,25.072000000000003,23.6
42800,25.072000000000003,23.6
42900,25.072000000000003,23.6
43000,25.072000000000003,23.6
43100,25.072000000000003,23.6
43200,25.072000000000003,23.6
43300,25.072000000000003,23.6
43400,25.072000000000003,23.6
43500,25.072000000000003,23.6
43600,25.072000000000003,23.6
43700,25.072000000000003,23.6
43800,25.072000000000003,23.6
43900,25.072000000000003,23.6
44000,25.072000000000003,23.6
44100,25.072000000000003,23.6
44200,25.072000000000003,23.6
44300,25.072000000000003,23.6
44400,25.072000000000003,23.6
44500,25.064,23.6
44600,25.064,23.6
44700,25.064,23.6
44800,25.064,23.6
44900,25.064,23.6
45000,25.064,23.6
45100,25.064,23.6
45200,25.064,23.6
45300,25.064,23.6
45400,25.064,23.6
45500,25.064,23.6
45600,25.064,23.6
45700,25.064,23.6
45800,25.064,23.6
45900,25.064,23.6
46000,25.064,23.6
46100,25.064,23.6
46200,25.064,23.6
46300,25.064,23.6
46400,25.064,23.6
46500,25.064,23.6
46600,25.064,23.6
46700,25.064,23.6
46800,25.064,23.6
46900,25.064,23.6
47000,25.064,23.6
47100,25.064,23.6
47200,25.064,23.6
47300,25.064,23.6
47400,25.064,23.6
47500,25.064,23.6
47600,24.895999999999997,23.6
47700,24.895999999999997,23.6
47800,24.895999999999997,23.6
47900,24.895999999999997,23.6
48000,24.895999999999997,23.6
48100,24.895999999999997,23.6
48200,24.895999999999997,23.6
48300,24.895999999999997,23.6
48400,24.895999999999997,23.6
48500,24.895999999999997,23.6
48600,24.895999999999997,23.6
48700,24.895999999999997,23.6
48800,24.895999999999997,23.6
48900,24.895999999999997,23.6
49000,24.895999999999997,23.6
49100,24.895999999999997,23.6
49200,24.895999999999997,23.6
49300,24.895999999999997,23.6
49400,24.895999999999997,23.6
49500,24.895999999999997,23.6
49600,24.895999999999997,23.6
49700,24.895999999999997,23.6
49800,24.895999999999997,23.6
49900,24.895999999999997,23.6
50000,24.895999999999997,23.6
50100,24.895999999999997,23.6
50200,24.895999999999997,23.6
50300,24.895999999999997,23.6
50400,24.895999999999997,23.6
50500,24.895999999999997,23.6
50600,24.895999999999997,23.6
50700,24.895999999999997,23.6
50800,24.895999999999997,23.6
50900,24.895999999999997,23.6
51000,24.895999999999997,23.6
51100,24.895999999999997,23.6
51200,24.895999999999997,23.6
51300,24.895999999999997,23.6
51400,24.895999999999997,23.6
51500,24.895999999999997,23.6
51600,24.871999999999996,23.8
51700,24.871999999999996,23.8
51800,24.871999999999996,23.8
51900,24.871999999999996,23.8
52000,24.6,23.8
52100,24.6,23.8
52200,24.6,23.8
52300,24.6,23.8
52400,24.6,23.8
52500,24.384,23.8
52600,24.384,23.8
52700,24.384,23.8
52800,24.384,23.8
52900,24.384,23.8
53000,24.384,23.8
53100,24.384,23.8
53200,24.384,23.8
53300,24.384,23.8
53400,24.384,23.8
53500,24.384,23.8
53600,24.384,23.8
53700,24.384,23.8
53800,24.384,23.8
53900,24.383999999999997,23.8
54000,24.383999999999997,23.8
54100,24.383999999999997,23.8
54200,24.383999999999997,23.8
54300,24.383999999999997,23.8
54400,24.383999999999997,23.8
54500,24.383999999999997,23.8
54600,24.383999999999997,23.8
54700,24.383999999999997,23.8
54800,24.383999999999997,23.8
54900,24.383999999999997,23.8
55000,24.383999999999997,23.8
55100,24.383999999999997,23.8
55200,24.383999999999997,23.8
55300,24.383999999999997,23.8
55400,24.383999999999997,23.8
55500,24.383999999999997,23.8
55600,24.383999999999997,23.8
55700,24.383999999999997,23.8
55800,24.383999999999997,23.8
55900,24.383999999999997,23.8
56000,24.383999999999997,23.8
56100,24.383999999999997,23.8
56200,24.368000000000002,23.8
56300,24.368000000000002,23.8
56400,24.368000000000002,23.8
56500,24.368000000000002,23.8
56600,24.368000000000002,23.8
56700,24.368000000000002,23.8
56800,24.368000000000002,23.8
56900,24.368000000000002,23.8
57000,24.368000000000002,23.8
57100,24.368000000000002,23.8
57200,24.368000000000002,23.8
57300,24.368000000000002,23.8
57400,24.368000000000002,23.8
57500,24.368000000000002,23.8
57600,24.368000000000002,23.8
57700,24.368000000000002,23.8
57800,24.368000000000002,23.8
57900,24.368000000000002,23.8
58000,24.368000000000002,23.8
58100,24.368000000000002,23.8
58200,24.144,23.8
58300,24.144,23.8
58400,24.144,23.8
58500,24.144,23.8
58600,24.144,23.8
58700,24.144,23.8
58800,24.144,23.8
58900,24.144,23.8
59000,24.144,23.8
59100,24.144,23.8
59200,24.144,23.8
59300,24.144,23.8
59400,24.144,23.8
59500,24.144,23.8
59600,24.144,23.8
59700,24.144,23.8
59800,24.144,23.8
59900,24.144,23.8
60000,24.144,23.8
60100,24.144,23.8
60200,24.144,23.8
60300,24.144,23.8
60400,24.144,23.8
60500,24.144,23.8
60600,24.144,23.8
60700,24.144,23.8
60800,24.144,23.8
60900,24.144,23.8
61000,24.144,23.8
61100,24.144,23.8
61200,24.144,23.8
61300,24.144,23.8
61400,24.144,23.8
61500,24.144,23.8
61600,24.144,23.8
61700,24.144,23.8
61800,24.144,23.8
61900,24.144,23.8
62000,24.144,23.8
62100,24.144,23.8
62200,24.144,23.8
62300,24.144,23.8
62400,24.144,23.8
62500,24.144,23.8
62600,24.144,23.8
62700,24.144,23.8
62800,24.144,23.8
62900,24.144,23.8
63000,24.144,23.8
63100,24.144,23.8
63200,24.088,23.6
63300,24.088,23.6
63400,23.768,23.8
63500,23.768,23.8
63600,23.768,23.8
63700,23.768,23.8
63800,23.768,23.8
63900,23.768,23.8
64000,23.768,23.8
64100,23.768,23.8
64200,23.768,23.8
64300,23.768,23.8
64400,23.768,23.8
64500,23.768,23.8
64600,23.768,23.8
64700,23.768,23.8
64800,23.768,23.8
64900,23.768,23.8
65000,23.768,23.8
65100,23.768,23.8
65200,23.768,23.8
65300,23.768,23.8
65400,23.768,23.8
65500,23.768,23.8
65600,23.752,23.8
65700,23.752,23.8
65800,23.752,23.8
65900,23.752,23.8
66000,23.752,23.8
66100,23.752,23.8
66200,23.752,23.8
66300,23.752,23.8
66400,23.752,23.8
66500,23.752,23.8
66600,23.752,23.8
66700,23.752,23.8
66800,23.752,23.8
66900,23.752,23.8
67000,23.752,23.8
67100,23.752,23.8
67200,23.752,23.8
67300,23.752,23.8
67400,23.752,23.8
67500,23.752,23.8
67600,23.752,23.8
67700,23.752,23.8
67800,23.752,23.8
67900,23.752,23.8
68000,23.752,23.8
68100,23.752,23.8
68200,23.752,23.8
68300,23.752,23.8
68400,23.752,23.8
68500,23.752,23.8
68600,23.752,23.8
68700,23.752,23.8
68800,23.752,23.8
68900,23.752,23.8
69000,23.752,23.8
69100,23.752,23.8
69200,23.672,23.8
69300,23.672,23.8
69400,23.672,23.8
69500,23.04,23.8
69600,23.04,23.8
69700,23.04,23.8
69800,23.04,23.8
69900,23.04,23.8
70000,23.04,23.8
70100,23.04,23.8
70200,23.04,23.8
70300,23.04,23.8
70400,22.792,23.8
70500,22.792,23.8
70600,22.792,23.8
70700,22.624000000000002,24
70800,22.624000000000002,24
70900,22.624000000000002,24
71000,22.624000000000002,24
71100,22.624000000000002,24
71200,22.624000000000002,24
71300,22.624000000000002,24
71400,22.624000000000002,24
71500,22.624000000000002,24
71600,22.624000000000002,24
71700,22.624000000000002,24
71800,22.624000000000002,24
71900,22.624000000000002,24
72000,22.624000000000002,24
72100,22.624000000000002,24
72200,22.624000000000002,24
72300,22.624000000000002,24
72400,22.624000000000002,24
72500,22.624000000000002,24
72600,22.624000000000002,24
72700,22.624000000000002,24
72800,22.624000000000002,24
72900,22.624000000000002,24
73000,22.624000000000002,24
73100,22.624000000000002,24
73200,22.624000000000002,24
73300,22.624000000000002,24
73400,22.624000000000002,24
73500,22.624000000000002,24
73600,22.624000000000002,24
73700,22.624000000000002,24
73800,22.624000000000002,24
73900,22.624000000000002,24
74000,22.496000000000002,24
74100,22.496000000000002,24
74200,22.464,24
74300,22.464,24
74400,22.464,24
74500,22.464,24
74600,22.464,24
74700,22.464,24
74800,22.464,24
74900,22.464,24
75000,22.464,24
75100,22.464,24
75200,22.464,24
75300,22.464,24
75400,22.464,24
75500,22.464,24
75600,22.464,24
75700,22.464,24
75800,22.464,24
75900,22.464,24
76000,22.464,24
76100,22.464,24
76200,22.464,24
76300,22.464,24
76400,22.464,24
76500,22.464,24
76600,22.464,24
76700,22.464,24
76800,22.464,24
76900,22.464,24
77000,22.464,24
77100,22.464,24
77200,22.464,24
77300,22.464,24
77400,22.464,24
77500,22.464,24
77600,22.464,24
77700,22.464,24
77800,22.464,24
77900,22.464,24
78000,22.464,24
78100,22.464,24
78200,22.464,24
78300,22.464,24
78400,22.464,24
78500,22.464,24
78600,22.464,24
78700,22.464,24
78800,22.464,24
78900,22.464,24
79000,22.464,24
79100,22.464,24
79200,22.464,24
79300,22.464,24
79400,22.464,24
79500,22.464,24
79600,22.464,24
79700,22.464,24
79800,22.464,24
79900,22.464,24
80000,22.464,24
80100,22.464,24
80200,22.464,24
80300,22.464,24
80400,22.464,24
80500,22.464,24
80600,22.464,24
80700,22.464,24
80800,22.464,24
80900,22.464,24
81000,22.464,24
81100,22.464,24
81200,22.464,24
81300,22.464,24
81400,22.464,24
81500,22.464,24
81600,22.464,24
81700,22.464,24
81800,22.464,24
81900,22.464,24
82000,22.464,24
82100,22.464,24
82200,22.464,24
82300,22.464,24
82400,22.464,24
82500,22.464,24
82600,22.464,24
82700,22.464,24
82800,22.464,24
82900,22.464,24
83000,22.464,24
83100,22.464,24
83200,22.464,24
83300,22.464,24
83400,22.464,24
83500,22.464,24
83600,22.464,24
83700,22.464,24
83800,22.464,24
83900,22.464,24
84000,22.464,24
84100,22.464,24
84200,22.464,24
84300,22.464,24
84400,22.464,24
84500,22.464,24
84600,22.464,24
84700,22.464,24
84800,22.464,24
84900,22.464,24
85000,22.464,24
85100,22.464,24
85200,22.464,24
85300,22.464,24
85400,22.464,24
85500,22.464,24
85600,22.464,24
85700,22.464,24
85800,22.464,24
85900,22.464,24
86000,22.464,24
86100,22.464,24
86200,22.464,24
86300,22.464,24
86400,22.464,24
86500,22.464,24
86600,22.464,24
86700,22.464,24
86800,22.464,24
86900,22.464,24
87000,22.464,24
87100,22.464,24
87200,22.464,24
87300,22.464,24
87400,22.464,24
87500,22.464,24
87600,22.464,24
87700,22.464,24
87800,22.464,24
87900,22.464,24
88000,22.464,24
88100,22.464,24
88200,22.464,24
88300,22.464,24
88400,22.464,24
88500,22.464,24
88600,22.464,24
88700,22.464,24
88800,22.464,24
88900,22.464,24
89000,22.464,24
89100,22.464,24
89200,22.464,24
89300,22.464,24
89400,22.464,24
89500,22.464,24
89600,22.464,24
89700,22.464,24
89800,22.464,24
89900,22.464,24
90000,22.464,24
90100,22.464,24
90200,22.464,24
90300,22.464,24
90400,22.464,24
90500,22.464,24
90600,22.464,24
90700,22.464,24
90800,22.464,24
90900,22.464,24
91000,22.464,24
91100,22.464,24
91200,22.464,24
91300,22.464,24
91400,22.464,24
91500,22.464,24
91600,22.464,24
91700,22.464,24
91800,22.392000000000003,24.2
91900,22.392000000000003,24.2
92000,22.392000000000003,24.2
92100,22.392000000000003,24.2
92200,22.392000000000003,24.2
92300,22.392000000000003,24.2
92400,22.392000000000003,24.2
92500,22.392000000000003,24.2
92600,22.392000000000003,24.2
92700,22.392000000000003,24.2
92800,22.392000000000003,24.2
92900,22.392000000000003,24.2
93000,22.392000000000003,24.2
93100,22.392000000000003,24.2
93200,22.392000000000003,24.2
93300,22.392000000000003,24.2
93400,22.392000000000003,24.2
93500,22.392000000000003,24.2
93600,22.392000000000003,24.2
93700,22.392000000000003,24.2
93800,22.392000000000003,24.2
93900,22.392000000000003,24.2
94000,22.392000000000003,24.2
94100,22.392000000000003,24.2
94200,22.392000000000003,24.2
94300,22.392000000000003,24.2
94400,22.392000000000003,24.2
94500,22.392000000000003,24.2
94600,22.392000000000003,24.2
94700,22.392000000000003,24.2
94800,22.392000000000003,24.2
94900,22.392000000000003,24.2
95000,22.392000000000003,24.2
95100,22.392000000000003,24.2
95200,22.392000000000003,24.2
95300,22.392000000000003,24.2
95400,22.392000000000003,24.2
95500,22.392000000000003,24.2
95600,22.392000000000003,24.2
95700,22.392000000000003,24.2
95800,22.312,24.2
95900,22.312,24.2
96000,22.312,24.2
96100,22.312,24.2
96200,22.312,24.2
96300,22.312,24.2
96400,22.312,24.2
96500,22.312,24.2
96600,22.312,24.2
96700,22.312,24.2
96800,22.312,24.2
96900,22.312,24.2
97000,21.983999999999998,24.4
97100,21.983999999999998,24.4
97200,21.983999999999998,24.4
97300,21.983999999999998,24.4
97400,21.983999999999998,24.4
97500,21.983999999999998,24.4
97600,21.983999999999998,24.4
97700,21.983999999999998,24.4
97800,21.983999999999998,24.4
97900,21.983999999999998,24.4
98000,21.983999999999998,24.4
98100,21.983999999999998,24.4
98200,21.983999999999998,24.4
98300,21.983999999999998,24.4
98400,21.983999999999998,24.4
98500,21.983999999999998,24.4
98600,21.983999999999998,24.4
98700,21.983999999999998,24.4
98800,21.983999999999998,24.4
98900,21.983999999999998,24.4
99000,21.983999999999998,24.4
99100,21.983999999999998,24.4
99200,21.983999999999998,24.4
99300,21.983999999999998,24.4
99400,21.983999999999998,24.4
99500,21.983999999999998,24.4
99600,21.983999999999998,24.4
99700,21.983999999999998,24.4
99800,21.983999999999998,24.4
99900,21.983999999999998,24.4
100000,21.983999999999998,24.4
100100,21.983999999999998,24.4
100200,21.983999999999998,24.4
100300,21.983999999999998,24.4
100400,21.983999999999998,24.4
100500,21.983999999999998,24.4
100600,21.983999999999998,24.4
100700,21.983999999999998,24.4
100800,21.983999999999998,24.4
100900,21.983999999999998,24.4
101000,21.983999999999998,24.4
101100,21.983999999999998,24.4
101200,21.983999999999998,24.4
101300,21.983999999999998,24.4
101400,21.983999999999998,24.4
101500,21.983999999999998,24.4
101600,21.983999999999998,24.4
101700,21.983999999999998,24.4
101800,21.983999999999998,24.4
101900,21.983999999999998,24.4
102000,21.983999999999998,24.4
102100,21.983999999999998,24.4
102200,21.983999999999998,24.4
102300,21.983999999999998,24.4
102400,21.983999999999998,24.4
102500,21.983999999999998,24.4
102600,21.983999999999998,24.4
102700,21.983999999999998,24.4
102800,21.983999999999998,24.4
102900,21.983999999999998,24.4
103000,21.983999999999998,24.4
103100,21.983999999999998,24.4
103200,21.983999999999998,24.4
103300,21.983999999999998,24.4
103400,21.983999999999998,24.4
103500,21.983999999999998,24.4
103600,21.983999999999998,24.4
103700,21.983999999999998,24.4
103800,21.983999999999998,24.4
103900,21.983999999999998,24.4
104000,21.983999999999998,24.4
104100,21.983999999999998,24.4
104200,21.983999999999998,24.4
104300,21.983999999999998,24.4
104400,21.983999999999998,24.4
104500,21.983999999999998,24.4
104600,21.983999999999998,24.4
104700,21.983999999999998,24.4
104800,21.983999999999998,24.4
104900,21.983999999999998,24.4
105000,21.983999999999998,24.4
105100,21.983999999999998,24.4
105200,21.983999999999998,24.4
105300,21.983999999999998,24.4
105400,21.983999999999998,24.4
105500,21.983999999999998,24.4
105600,21.983999999999998,24.4
105700,21.983999999999998,24.4
105800,21.983999999999998,24.4
105900,21.983999999999998,24.4
106000,21.983999999999998,24.4
106100,21.983999999999998,24.4
106200,21.983999999999998,24.4
106300,21.983999999999998,24.4
106400,21.983999999999998,24.4
106500,21.983999999999998,24.4
106600,21.983999999999998,24.4
106700,21.983999999999998,24.4
106800,21.983999999999998,24.4
106900,21.983999999999998,24.4
107000,21.983999999999998,24.4
107100,21.983999999999998,24.4
107200,21.983999999999998,24.4
107300,21.983999999999998,24.4
107400,21.983999999999998,24.4
107500,21.983999999999998,24.4
107600,21.983999999999998,24.4
107700,21.983999999999998,24.4
107800,21.983999999999998,24.4
107900,21.983999999999998,24.4
108000,21.983999999999998,24.4
108100,21.983999999999998,24.4
108200,21.983999999999998,24.4
108300,21.983999999999998,24.4
108400,21.983999999999998,24.4
108500,21.983999999999998,24.4
108600,21.983999999999998,24.4
108700,21.983999999999998,24.4
108800,21.983999999999998,24.4
108900,21.983999999999998,24.4
109000,21.983999999999998,24.4
109100,21.983999999999998,24.4
109200,21.983999999999998,24.4
109300,21.983999999999998,24.4
109400,21.983999999999998,24.4
109500,21.983999999999998,24.4
109600,21.983999999999998,24.4
109700,21.983999999999998,24.4
109800,21.96,24.4
109900,21.4,24.4
110000,21.4,24.4
110100,21.4,24.4
110200,21.4,24.4
110300,21.4,24.4
110400,21.4,24.4
110500,21.4,24.4
110600,21.4,24.4
110700,21.4,24.4
110800,21.4,24.4
110900,21.4,24.4
111000,21.4,24.4
111100,21.4,24.4
111200,21.4,24.4
111300,21.4,24.4
111400,21.4,24.4
111500,21.4,24.4
111600,21.4,24.4
111700,21.4,24.4
111800,21.4,24.4
111900,21.4,24.4
112000,21.4,24.4
112100,21.4,24.4
112200,21.4,24.4
112300,21.4,24.4
112400,21.4,24.4
112500,21.4,24.4
112600,21.4,24.4
112700,21.4,24.4
112800,21.4,24.4
112900,21.4,24.4
113000,21.4,24.4
113100,21.4,24.4
113200,21.4,24.4
113300,21.4,24.4
113400,21.4,24.4
113500,21.4,24.4
113600,21.4,24.4
113700,21.4,24.4
113800,21.4,24.4
113900,21.4,24.4
114000,21.4,24.4
114100,21.4,24.4
114200,21.4,24.4
114300,21.4,24.4
114400,21.4,24.4
114500,21.4,24.4
114600,21.4,24.4
114700,21.4,24.4
114800,21.4,24.4
114900,21.4,24.4
115000,21.4,24.4
115100,21.4,24.4
115200,21.4,24.4
115300,21.4,24.4
115400,21.4,24.4
115500,21.4,24.4
115600,21.4,24.4
115700,21.4,24.4
115800,21.4,24.4
115900,21.4,24.4
116000,21.4,24.4
116100,21.4,24.4
116200,21.4,24.4
116300,21.4,24.4
116400,21.4,24.4
116500,21.4,24.4
116600,21.4,24.4
116700,21.4,24.4
116800,21.4,24.4
116900,21.4,24.4
117000,21.4,24.4
117100,21.4,24.4
117200,21.4,24.4
117300,21.4,24.4
117400,21.4,24.4
117500,21.4,24.4
117600,21.4,24.4
117700,21.4,24.4
117800,21.4,24.4
117900,21.4,24.4
118000,21.4,24.4
118100,21.4,24.4
118200,21.4,24.4
118300,21.4,24.4
118400,21.4,24.4
118500,21.4,24.4
118600,21.4,24.4
118700,21.4,24.4
118800,21.4,24.4
118900,21.4,24.4
119000,21.4,24.4
119100,21.4,24.4
119200,21.4,24.4
119300,21.4,24.4
119400,21.4,24.4
119500,21.4,24.4
119600,21.4,24.4
119700,21.4,24.4
119800,21.4,24.4
119900,21.4,24.4
120000,21.4,24.4
120100,21.4,24.4
120200,21.4,24.4
120300,21.4,24.4
120400,21.4,24.4
120500,21.4,24.4
120600,21.4,24.4
120700,21.4,24.4
120800,21.4,24.4
120900,21.4,24.4
121000,21.4,24.4
121100,21.4,24.4
121200,21.4,24.4
121300,21.4,24.4
121400,21.4,24.4
121500,21.4,24.4
121600,21.4,24.4
121700,21.4,24.4
121800,21.4,24.4
121900,21.4,24.4
122000,21.4,24.4
122100,21.4,24.4
122200,21.4,24.4
122300,21.4,24.4
122400,21.4,24.4
122500,21.16,24.4
122600,21.16,24.4
122700,21.16,24.4
122800,21.16,24.4
122900,21.16,24.4
123000,21.16,24.4
123100,21.16,24.4
123200,21.16,24.4
123300,21.16,24.4
123400,21.16,24.4
123500,21.16,24.4
123600,21.16,24.4
123700,21.16,24.4
123800,21.16,24.4
123900,21.16,24.4
124000,21.16,24.4
124100,21.16,24.4
124200,21.16,24.4
124300,21.16,24.4
124400,21.16,24.4
124500,21.16,24.4
124600,21.16,24.4
124700,21.16,24.4
124800,21.16,24.4
124900,21.16,24.4
125000,21.08,24.4
125100,21.08,24.4
125200,21.08,24.4
125300,21.08,24.4
125400,21.072,24.4
125500,21.072,24.4
125600,21.072,24.4
125700,21.072,24.4
125800,21.072,24.4
125900,21.072,24.4
126000,21.072,24.4
126100,21.072,24.4
126200,21.072,24.4
126300,21.072,24.4
126400,21.072,24.4
126500,21.072,24.4
126600,21.072,24.4
126700,21.072,24.4
126800,21.072,24.4
126900,21.072,24.4
127000,21.072,24.4
127100,21.072,24.4
127200,21.072,24.4
127300,21.072,24.4
127400,21.072,24.4
127500,21.072,24.4
127600,21.072,24.4
127700,21.072,24.4
127800,21.072,24.4
127900,21.072,24.4
128000,21.072,24.4
128100,21.072,24.4
128200,21.072,24.4
128300,21.072,24.4
128400,21.072,24.4
128500,21.072,24.4
128600,21.072,24.4
128700,21.072,24.4
128800,21.072,24.4
128900,21.072,24.4
129000,21.072,24.4
129100,21.072,24.4
129200,21.072,24.4
129300,21.072,24.4
129400,21.072,24.4
129500,21.072,24.4
129600,21.072,24.4
129700,21.072,24.4
129800,21.072,24.4
129900,21.072,24.4
130000,21.072,24.4
130100,21.072,24.4
130200,21.072,24.4
130300,21.072,24.4
130400,21.072,24.4
130500,21.072,24.4
130600,21.072,24.4
130700,21.072,24.4
130800,21.072,24.4
130900,21.072,24.4
131000,21.072,24.4
131100,21.072,24.4
131200,21.072,24.4
131300,21.072,24.4
131400,21.072,24.4
131500,21.072,24.4
131600,21.072,24.4
131700,21.072,24.4
131800,21.072,24.4
131900,21.072,24.4
132000,21.072,24.4
132100,21.072,24.4
132200,21.072,24.4
132300,21.072,24.4
132400,21.072,24.4
132500,21.072,24.4
132600,21.072,24.4
132700,21.072,24.4
132800,21.072,24.4
132900,21.072,24.4
133000,21.072,24.4
133100,21.072,24.4
133200,21.072,24.4
133300,21.072,24.4
133400,21.072,24.4
133500,21.072,24.4
133600,21.072,24.4
133700,21.072,24.4
133800,21.072,24.4
133900,21.072,24.4
134000,21.072,24.4
134100,21.072,24.4
134200,21.072,24.4
134300,21.072,24.4
134400,21.072,24.4
134500,21.072,24.4
134600,21.072,24.4
134700,21.072,24.4
134800,21.072,24.4
134900,21.072,24.4
135000,21.072,24.4
135100,21.072,24.4
135200,21.072,24.4
135300,21.072,24.4
135400,21.072,24.4
135500,21.072,24.4
135600,21.072,24.4
135700,21.072,24.4
135800,21.072,24.4
135900,21.072,24.4
136000,21.072,24.4
136100,21.072,24.4
136200,21.072,24.4
136300,21.072,24.4
136400,21.072,24.4
136500,21.072,24.4
136600,21.072,24.4
136700,21.072,24.4
136800,21.072,24.4
136900,21.072,24.4
137000,21.072,24.4
137100,21.072,24.4
137200,21.072,24.4
137300,21.072,24.4
137400,21.072,24.4
137500,21.072,24.4
137600,21.072,24.4
137700,21.072,24.4
137800,21.072,24.4
137900,21.072,24.4
138000,21.072,24.4
138100,21.072,24.4
138200,21.072,24.4
138300,21.072,24.4
138400,21.072,24.4
138500,21.072,24.4
138600,21.072,24.4
138700,21.072,24.4
138800,21.072,24.4
138900,21.072,24.4
139000,21.072,24.4
139100,21.072,24.4
139200,21.072,24.4
139300,21.072,24.4
139400,21.072,24.4
139500,21.072,24.4
139600,21.072,24.4
139700,21.072,24.4
139800,21.072,24.4
139900,21.072,24.4
140000,21.072,24.4
140100,21.072,24.4
140200,21.072,24.4
140300,21.072,24.4
140400,21.072,24.4
140500,21.072,24.4
140600,21.072,24.4
140700,21.072,24.4
140800,21.072,24.4
140900,21.072,24.4
141000,21.072,24.4
141100,21.072,24.4
141200,21.072,24.4
141300,21.072,24.4
141400,21.072,24.4
141500,21.072,24.4
141600,21.072,24.4
141700,21.072,24.4
141800,21.072,24.4
141900,21.072,24.4
142000,21.072,24.4
142100,21.072,24.4
142200,21.072,24.4
142300,21.072,24.4
142400,21.072,24.4
142500,21.072,24.4
142600,21.072,24.4
142700,21.072,24.4
142800,21.072,24.4
142900,21.072,24.4
143000,21.072,24.4
143100,21.072,24.4
143200,21.072,24.4
143300,21.072,24.4
143400,21.072,24.4
143500,21.072,24.4
143600,21.072,24.4
143700,21.072,24.4
143800,21.072,24.4
143900,21.072,24.4
144000,21.072,24.4
144100,21.072,24.4
144200,21.072,24.4
144300,21.072,24.4
144400,21.072,24.4
144500,21.072,24.4
144600,21.072,24.4
144700,21.072,24.4
144800,21.072,24.4
144900,21.072,24.4
145000,21.072,24.4
145100,21.072,24.4
145200,21.072,24.4
145300,21.072,24.4
145400,21.072,24.4
145500,21.072,24.4
145600,21.072,24.4
145700,21.072,24.4
145800,21.072,24.4
145900,21.072,24.4
146000,21.072,24.4
146100,21.072,24.4
146200,21.072,24.4
146300,21.072,24.4
146400,21.072,24.4
146500,21.072,24.4
146600,21.072,24.4
146700,21.072,24.4
146800,21.072,24.4
146900,21.072,24.4
147000,21.072,24.4
147100,21.072,24.4
147200,21.072,24.4
147300,21.072,24.4
147400,21.072,24.4
147500,21.072,24.4
147600,21.072,24.4
147700,21.072,24.4
147800,21.072,24.4
147900,21.072,24.4
148000,21.072,24.4
148100,21.072,24.4
148200,21.072,24.4
148300,21.072,24.4
148400,21.072,24.4
148500,21.072,24.4
148600,21.072,24.4
148700,21.072,24.4
148800,21.072,24.4
148900,21.072,24.4
149000,21.072,24.4
149100,21.072,24.4
149200,21.072,24.4
149300,21.048000000000002,24.4
149400,20.712,24.4
149500,20.712,24.4
149600,20.712,24.4
149700,20.712,24.4
149800,20.712,24.4
149900,20.712,24.4
150000,20.712,24.4
150100,20.712,24.4
150200,20.712,24.4
150300,20.712,24.4
150400,20.712,24.4
150500,20.712,24.4
150600,20.712,24.4
150700,20.712,24.4
150800,20.712,24.4
150900,20.712,24.4
151000,20.712,24.4
151100,20.712,24.4
151200,20.712,24.4
151300,20.712,24.4
151400,20.712,24.4
151500,20.712,24.4
151600,20.712,24.4
151700,20.712,24.4
151800,20.712,24.4
151900,20.712,24.4
152000,20.712,24.4
152100,20.712,24.4
152200,20.712,24.4
152300,20.712,24.4
152400,20.712,24.4
152500,20.712,24.4
152600,20.712,24.4
152700,20.712,24.4
152800,20.712,24.4
152900,20.712,24.4
153000,20.712,24.4
153100,20.712,24.4
153200,20.712,24.4
153300,20.712,24.4
153400,20.712,24.4
153500,20.712,24.4
153600,20.712,24.4
153700,20.712,24.4
153800,20.712,24.4
153900,20.712,24.4
154000,20.712,24.4
154100,20.712,24.4
154200,20.712,24.4
154300,20.712,24.4
154400,20.712,24.4
154500,20.712,24.4
154600,20.712,24.4
154700,20.712,24.4
154800,20.712,24.4
154900,20.712,24.4
155000,20.712,24.4
155100,20.712,24.4
155200,20.712,24.4
155300,20.712,24.4
155400,20.712,24.4
155500,20.712,24.4
155600,20.712,24.4
155700,20.712,24.4
155800,20.712,24.4
155900,20.712,24.4
156000,20.712,24.4
156100,20.712,24.4
156200,20.712,24.4
156300,20.712,24.4
156400,20.712,24.4
156500,20.712,24.4
156600,20.712,24.4
156700,20.712,24.4
156800,20.712,24.4
156900,20.712,24.4
157000,20.712,24.4
157100,20.712,24.4
157200,20.712,24.4
157300,20.712,24.4
157400,20.712,24.4
157500,20.712,24.4
157600,20.712,24.4
157700,20.712,24.4
157800,20.712,24.4
157900,20.712,24.4
158000,20.712,24.4
158100,20.712,24.4
158200,20.712,24.4
158300,20.712,24.4
158400,20.712,24.4
158500,20.712,24.4
158600,20.712,24.4
158700,20.712,24.4
158800,20.712,24.4
158900,20.712,24.4
159000,20.712,24.4
159100,20.712,24.4
159200,20.712,24.4
159300,20.712,24.4
159400,20.712,24.4
159500,20.712,24.4
159600,20.712,24.4
159700,20.712,24.4
159800,20.712,24.4
159900,20.712,24.4
160000,20.712,24.4
160100,20.712,24.4
160200,20.712,24.4
160300,20.712,24.4
160400,20.712,24.4
160500,20.712,24.4
160600,20.712,24.4
160700,20.712,24.4
160800,20.712,24.4
160900,20.712,24.4
161000,20.712,24.4
161100,20.712,24.4
161200,20.712,24.4
161300,20.712,24.4
161400,20.712,24.4
161500,20.712,24.4
161600,20.712,24.4
161700,20.712,24.4
161800,20.712,24.4
161900,20.712,24.4
162000,20.712,24.4
162100,20.712,24.4
162200,20.712,24.4
162300,20.712,24.4
162400,20.712,24.4
162500,20.712,24.4
162600,20.712,24.4
162700,20.712,24.4
162800,20.712,24.4
162900,20.712,24.4
163000,20.712,24.4
163100,20.712,24.4
163200,20.712,24.4
163300,20.712,24.4
163400,20.712,24.4
163500,20.712,24.4
163600,20.712,24.4
163700,20.712,24.4
163800,20.712,24.4
163900,20.712,24.4
164000,20.712,24.4
164100,20.712,24.4
164200,20.712,24.4
164300,20.712,24.4
164400,20.712,24.4
164500,20.712,24.4
164600,20.712,24.4
164700,20.712,24.4
164800,20.712,24.4
164900,20.712,24.4
165000,20.712,24.4
165100,20.712,24.4
165200,20.544000000000004,24.4
165300,20.544000000000004,24.4
165400,20.544000000000004,24.4
165500,20.544000000000004,24.4
165600,20.544000000000004,24.4
165700,20.544000000000004,24.4
165800,20.544000000000004,24.4
165900,20.544000000000004,24.4
166000,20.544000000000004,24.4
166100,20.544000000000004,24.4
166200,20.544000000000004,24.4
166300,20.544000000000004,24.4
166400,20.544000000000004,24.4
166500,20.544000000000004,24.4
166600,20.544000000000004,24.4
166700,20.544000000000004,24.4
166800,20.544000000000004,24.4
166900,20.544000000000004,24.4
167000,20.544000000000004,24.4
167100,20.544000000000004,24.4
167200,20.544000000000004,24.4
167300,20.544000000000004,24.4
167400,20.24,24.4
167500,20.24,24.4
167600,20.24,24.4
167700,20.24,24.4
167800,20.24,24.4
167900,20.24,24.4
168000,20.24,24.4
168100,20.24,24.4
168200,19.936,24.4
168300,19.936,24.4
168400,19.936,24.4
168500,19.936,24.4
168600,19.936,24.4
168700,19.936,24.4
168800,19.936,24.4
168900,19.936,24.4
169000,19.936,24.4
169100,19.936,24.4
169200,19.936,24.4
169300,19.936,24.4
169400,19.824,24.4
169500,19.824,24.4
169600,19.824,24.4
169700,19.824,24.4
169800,19.824,24.4
169900,19.824,24.4
170000,19.824,24.4
170100,19.824,24.4
170200,19.824,24.4
170300,19.824,24.4
170400,19.824,24.4
170500,19.824,24.4
170600,19.824,24.4
170700,19.824,24.4
170800,19.824,24.4
170900,19.824,24.4
171000,19.824,24.4
171100,19.824,24.4
171200,19.824,24.4
171300,19.824,24.4
171400,19.824,24.4
171500,19.824,24.4
171600,19.824,24.4
171700,19.824,24.4
171800,19.824,24.4
171900,19.824,24.4
172000,19.824,24.4
172100,19.824,24.4
172200,19.824,24.4
172300,19.824,24.4
172400,19.824,24.4
172500,19.824,24.4
172600,19.824,24.4
172700,19.824,24.4
172800,19.824,24.4
172900,19.824,24.4
173000,19.824,24.4
173100,19.824,24.4
173200,19.824,24.4
173300,19.824,24.4
173400,19.824,24.4
173500,19.824,24.4
173600,19.824,24.4
173700,19.824,24.4
173800,19.824,24.4
173900,19.824,24.4
174000,19.824,24.4
174100,19.824,24.4
174200,19.824,24.4
174300,19.824,24.4
174400,19.824,24.4
174500,19.824,24.4
174600,19.824,24.4
174700,19.824,24.4
174800,19.824,24.4
174900,19.824,24.4
175000,19.824,24.4
175100,19.824,24.4
175200,19.824,24.4
175300,19.824,24.4
175400,19.824,24.4
175500,19.824,24.4
175600,19.824,24.4
175700,19.824,24.4
175800,19.824,24.4
175900,19.824,24.4
176000,19.824,24.4
176100,19.824,24.4
176200,19.824,24.4
176300,19.824,24.4
176400,19.824,24.4
176500,19.824,24.4
176600,19.824,24.4
176700,19.824,24.4
176800,19.824,24.4
176900,19.824,24.4
177000,19.824,24.4
177100,19.824,24.4
177200,19.824,24.4
177300,19.824,24.4
177400,19.824,24.4
177500,19.824,24.4
177600,19.824,24.4
177700,19.824,24.4
177800,19.824,24.4
177900,19.824,24.4
178000,19.824,24.4
178100,19.824,24.4
178200,19.824,24.4
178300,19.824,24.4
178400,19.824,24.4
178500,19.824,24.4
178600,19.824,24.4
178700,19.824,24.4
178800,19.824,24.4
178900,19.824,24.4
179000,19.824,24.4
179100,19.824,24.4
179200,19.824,24.4
179300,19.824,24.4
179400,19.824,24.4
179500,19.824,24.4
179600,19.824,24.4
179700,19.824,24.4
179800,19.824,24.4
179900,19.824,24.4
180000,19.824,24.4
180100,19.824,24.4
180200,19.824,24.4
180300,19.824,24.4
180400,19.824,24.4
180500,19.824,24.4
180600,19.824,24.4
180700,19.824,24.4
180800,19.824,24.4
180900,19.824,24.4
181000,19.824,24.4
181100,19.824,24.4
181200,19.824,24.4
181300,19.824,24.4
181400,19.824,24.4
181500,19.824,24.4
181600,19.824,24.4
181700,19.824,24.4
181800,19.824,24.4
181900,19.824,24.4
182000,19.824,24.4
182100,19.824,24.4
182200,19.824,24.4
182300,19.824,24.4
182400,19.824,24.4
182500,19.824,24.4
182600,19.824,24.4
182700,19.824,24.4
182800,19.824,24.4
182900,19.824,24.4
183000,19.824,24.4
183100,19.824,24.4
183200,19.824,24.4
183300,19.824,24.4
183400,19.824,24.4
183500,19.824,24.4
183600,19.824,24.4
183700,19.824,24.4
183800,19.824,24.4
183900,19.824,24.4
184000,19.824,24.4
184100,19.824,24.4
184200,19.824,24.4
184300,19.824,24.4
184400,19.824,24.4
184500,19.824,24.4
184600,19.824,24.4
184700,19.824,24.4
184800,19.824,24.4
184900,19.824,24.4
185000,19.824,24.4
185100,19.824,24.4
185200,19.824,24.4
185300,19.824,24.4
185400,19.824,24.4
185500,19.824,24.4
185600,19.824,24.4
185700,19.824,24.4
185800,19.824,24.4
185900,19.824,24.4
186000,19.824,24.4
186100,19.824,24.4
186200,19.824,24.4
186300,19.824,24.4
186400,19.824,24.4
186500,19.824,24.4
186600,19.824,24.4
186700,19.824,24.4
186800,19.824,24.4
186900,19.824,24.4
187000,19.824,24.4
187100,19.824,24.4
187200,19.824,24.4
187300,19.824,24.4
187400,19.824,24.4
187500,19.824,24.4
187600,19.824,24.4
187700,19.824,24.4
187800,19.824,24.4
187900,19.824,24.4
188000,19.824,24.4
188100,19.824,24.4
188200,19.824,24.4
188300,19.824,24.4
188400,19.824,24.4
188500,19.824,24.4
188600,19.824,24.4
188700,19.824,24.4
188800,19.824,24.4
188900,19.824,24.4
189000,19.824,24.4
189100,19.824,24.4
189200,19.824,24.4
189300,19.824,24.4
189400,19.824,24.4
189500,19.824,24.4
189600,19.824,24.4
189700,19.824,24.4
189800,19.824,24.4
189900,19.824,24.4
190000,19.824,24.4
190100,19.824,24.4
190200,19.824,24.4
190300,19.824,24.4
190400,19.824,24.4
190500,19.824,24.4
190600,19.824,24.4
190700,19.824,24.4
190800,19.824,24.4
190900,19.824,24.4
191000,19.824,24.4
191100,19.824,24.4
191200,19.824,24.4
191300,19.824,24.4
191400,19.824,24.4
191500,19.824,24.4
191600,19.824,24.4
191700,19.824,24.4
191800,19.824,24.4
191900,19.824,24.4
192000,19.824,24.4
192100,19.824,24.4
192200,19.824,24.4
192300,19.824,24.4
192400,19.824,24.4
192500,19.824,24.4
192600,19.824,24.4
192700,19.824,24.4
192800,19.824,24.4
192900,19.824,24.4
193000,19.824,24.4
193100,19.824,24.4
193200,19.824,24.4
193300,19.824,24.4
193400,19.824,24.4
193500,19.824,24.4
193600,19.824,24.4
193700,19.824,24.4
193800,19.824,24.4
193900,19.824,24.4
194000,19.824,24.4
194100,19.824,24.4
194200,19.824,24.4
194300,19.824,24.4
194400,19.824,24.4
194500,19.824,24.4
194600,19.824,24.4
194700,19.824,24.4
194800,19.824,24.4
194900,19.824,24.4
195000,19.824,24.4
195100,19.824,24.4
195200,19.824,24.4
195300,19.824,24.4
195400,19.824,24.4
195500,19.824,24.4
195600,19.824,24.4
195700,19.824,24.4
195800,19.824,24.4
195900,19.824,24.4
196000,19.824,24.4
196100,19.824,24.4
196200,19.824,24.4
196300,19.824,24.4
196400,19.824,24.4
196500,19.824,24.4
196600,19.824,24.4
196700,19.824,24.4
196800,19.824,24.4
196900,19.816,24.2
197000,19.816,24.2
197100,19.816,24.2
197200,19.816,24.2
197300,19.816,24.2
197400,19.816,24.2
197500,19.816,24.2
197600,19.816,24.2
197700,19.816,24.2
197800,19.816,24.2
197900,19.816,24.2
198000,19.816,24.2
198100,19.816,24.2
198200,19.816,24.2
198300,19.816,24.2
198400,19.816,24.2
198500,19.816,24.2
198600,19.816,24.2
198700,19.816,24.2
198800,19.816,24.2
198900,19.816,24.2
199000,19.816,24.2
199100,19.816,24.2
199200,19.816,24.2
199300,19.816,24.2
199400,19.816,24.2
199500,19.816,24.2
199600,19.816,24.2
199700,19.816,24.2
199800,19.816,24.2
199900,19.816,24.2
199999,19.816,24.2

START ALGORITHM
h1: (a43 - a51) * (b32)
h10: (a52 + a52) * (-b15)
h12: (-a31) * (b25)
h19: (a42 - a33) * (b35)
h21: (a34 + a22 + a33) * (b11)
h23: (a32 + a52 - a54 - a43 - a45 - a14) * (b13)
h24: (-a25 - a35) * (b24)
h32: (a45 - a12) * (b22)
h34: (a11 + a13 - a35) * (b41)
h37: (a31 + a34 + a13 - a54) * (b12)
h40: (-a52) * (b52)
h43: (a53) * (-b52)
h50: (-a41) * (b12)
h52: (a12 + a14 - a43 - a32 - a44) * (b12)
h56: (a55 - a21) * (-b12)
h61: (a12) * (b13)
h67: (a11 + a15 + a15 + a15 + a51 + a44 - a35 - a53 - a34 - a33) * (b32)
h70: (-a23) * (-b51)
h72: (-a54) * (-b25)
h73: (a44 + a53) * (-b35)
h78: (a55) * (b13 + b22)
h80: (a14 - a53) * (b15)
h81: (a31 + a21 + a14 - a34 - a51 - a53 - a51) * (-b14)
h85: (a52 + a22 + a44 + a35 - a54 - a25) * (b51)
h90: (a35) * (-b54)
h93: (-a12 - a11) * (-b11)
h94: (-a33 - a22) * (b34)
h96: (a12) * (-b54)
h97: (a44 + a41 - a22 - a43 - a42 - a31) * (-b52)
h103: (a44 + a22) * (b32)
h104: (a43) * (b11)
h107: (a55) * (-b41)
h110: (a34 + a44 + a22 + a55 - a11 - a13) * (-b43)
h113: (a44 + a53 + a11 + a42 + a52 + a32 + a31) * (-b31)
h117: (a14 + a32) * (b33)
h119: (-a22) * (-b25 - b24)
h125: (-a34) * (-b25)
h129: (a45 + a33) * (-b25)
h131: (-a34) * (-b31)
h138: (a23 + a34) * (-b33)
h142: (a34 + a15) * (b15)
h143: (a35 + a21 - a34) * (b31)
h153: (a32 + a51 - a51) * (-b25)
h156: (a54 - a54) * (b24)
h161: (a25 + a52 + a32 + a31 - a55 - a51 - a23) * (b11)
h173: (a44 + a44 + a15) * (b54)
h175: (a52 + a13 - a45 - a25 - a24 - a41 - a32 - a51 - a32) * (b24)
h179: (-a35 - a52) * (-b35)
h206: (a24 + a14 + a25 + a12) * (-b31)
h216: (-a55) * (b25)
h218: (a11 + a31) * (-b44)
h233: (-a31) * (-b25)
h249: (a12) * (b15)
h505: (a43 - a42 - a55) * (b11)
h506: (a25 - a55) * (-b45)
h778: (-a35) * (-b45)
h818: (a25 + a42 + a51 - a24) * (b34)
h979: (a53) * (-b32)
h1019: (a23 - a15 - a52) * (b52)
h1095: (a14 - a45) * (b15)
h1133: (a43 + a35 - a23) * (b54)
h1137: (a35 + a44 - a55) * (-b15)
h1166: (a42 + a24 - a31) * (-b14)
h1261: (a14 - a35) * (-b13)
h1863: (a33) * (b32)
h1948: (a21) * (b41)
h2134: (a14 - a31) * (-b33)
h2373: (a35 + a21) * (-b53)
h4800: (a12) * (-b22)
h5678: (-a55) * (b14)
h6667: (a53 + a13 + a44) * (-b11)
h6670: (a32) * (b52)
h8530: (a51 - a53 - a53 - a34 - a31 - a13) * (-b25)
h9608: (a44 + a53 + a55 + a15 - a11 - a52 - a32 - a44) * (b45)
h15215: (a51 + a32 - a51 - a14 - a53 - a44) * (-b25)
h15366: (a13 + a31 + a35 + a42 - a11 - a44 - a54) * (b43)
h17783: (a52 + a23 - a51) * (b11)
h19653: (-a24) * (-b24)
h23702: (a14 + a13 - a51 - a54 - a42) * (b52)
h25976: (a41 + a21) * (-b25)
h41026: (a22) * (b31)
h46969: (a12 - a13 - a23) * (b23)
c11: h61 + h96 + h117 + h129 + h72 - h1 - h80 - h5678 
c12: h94 + h24 + h81 + h23 + h93 + h143 - h10 - h143 
c13: h97 + h173 
c14: h818 + h179 + h1948 + h25976 
c15: h179 
c21: h1261 + h156 - h104 - h249 
c22: h50 + h156 + h10 - h113 
c23: h96 + h9608 - h34 - h43 - h19653 
c24: h778 + h818 - h12 - h72 - h25976 
c25: h37 + h24 + h73 + h2373 - h142 
c31: h96 - h173 - h2134 - h15366 - h23702 
c32: h41026 + h233 - h19 
c33: h103 + h21 + h175 - h78 - h52 
c34: h90 + h8530 
c35: h43 + h1133 + h1095 - h40 
c41: h206 + h107 + h175 + h218 + h979 + h4800 + h216 - h37 - h1019 
c42: h32 + h67 + h129 + h17783 + h125 + h73 - h24 - h73 - h233 - h818 - h1095 
c43: h73 + h143 + h153 - h6667 
c44: h72 + h216 + h506 + h1166 + h2373 - h97 - h85 - h505 - h1137 - h1863 
c45: h61 + h131 
c51: h50 + h206 + h81 - h131 
c52: h70 + h81 + h56 + h107 - h6670 
c53: h110 + h1948 
c54: h104 + h153 + h161 + h15215 - h32 - h119 - h138 
c55: h78 + h46969 
