0,161.224,25
100,108.11999999999998,24.8
200,76.768,24.8
300,75.31200000000001,24.8
400,70.048,24.8
500,68.744,24.8
600,67.88,24.8
700,67.112,25
800,65.904,25
900,65.904,25
1000,65.32000000000001,25
1100,63.69599999999999,25
1200,62.072,25
1300,62.072,25
1400,60.312,25
1500,60.312,25
1600,58.696000000000005,25
1700,57.751999999999995,25
1800,56.376,25
1900,54.76800000000001,24.8
2000,52.8,24.8
2100,52.28799999999999,24.8
2200,51.519999999999996,24.8
2300,51.519999999999996,24.8
2400,51.519999999999996,24.8
2500,51.224000000000004,24.8
2600,50.432,24.8
2700,49.512,24.8
2800,47.736000000000004,24.8
2900,47.432,24.8
3000,47.432,24.8
3100,46.63999999999999,24.8
3200,46.63999999999999,24.8
3300,46.63999999999999,24.8
3400,46.63999999999999,24.8
3500,46.63999999999999,24.8
3600,46.63999999999999,24.8
3700,45.576,24.8
3800,45.576,24.8
3900,45.576,24.8
4000,45.488,24.8
4100,45.448,24.8
4200,45.448,24.8
4300,45.448,24.8
4400,44.576,24.8
4500,44.519999999999996,24.8
4600,44.480000000000004,24.8
4700,44.392,24.8
4800,44.304,24.6
4900,44.2,24.6
5000,44.2,24.6
5100,44.2,24.6
5200,44.2,24.6
5300,43.72,24.6
5400,43.72,24.6
5500,43.68000000000001,24.6
5600,43.68000000000001,24.6
5700,43.46399999999999,24.6
5800,42.496,24.4
5900,42.208000000000006,24.4
6000,41.816,24.4
6100,41.279999999999994,24.4
6200,41.279999999999994,24.4
6300,41.279999999999994,24.4
6400,41.279999999999994,24.4
6500,41.279999999999994,24.4
6600,41.279999999999994,24.4
6700,41.279999999999994,24.4
6800,41.279999999999994,24.4
6900,41.279999999999994,24.4
7000,41.279999999999994,24.4
7100,41.279999999999994,24.4
7200,41.279999999999994,24.4
7300,41.279999999999994,24.4
7400,41.279999999999994,24.4
7500,41.279999999999994,24.4
7600,41.279999999999994,24.4
7700,41.279999999999994,24.4
7800,41.279999999999994,24.4
7900,41.279999999999994,24.4
8000,41.279999999999994,24.4
8100,41.279999999999994,24.4
8200,41.016000000000005,24.4
8300,40.248000000000005,24.4
8400,40.248000000000005,24.4
8500,40.248000000000005,24.4
8600,40.2,24.6
8700,40.2,24.6
8800,40.2,24.6
8900,40.2,24.6
9000,40.024,24.6
9100,40.024,24.6
9200,39.775999999999996,24.6
9300,39.032000000000004,24.6
9400,38.544,24.8
9500,38.544,24.8
9600,38.544,24.8
9700,38.544,24.8
9800,38.544,24.8
9900,38.544,24.8
10000,37.736000000000004,24.8
10100,37.736000000000004,24.8
10200,37.688,24.8
10300,37.688,24.8
10400,37.688,24.8
10500,36.968,24.8
10600,35.608000000000004,24.8
10700,35.608000000000004,24.8
10800,35.608000000000004,24.8
10900,35.608000000000004,24.8
11000,35.608000000000004,24.8
11100,35.608000000000004,24.8
11200,35.608000000000004,24.8
11300,35.608000000000004,24.8
11400,35.608000000000004,24.8
11500,35.608000000000004,24.8
11600,35.608000000000004,24.8
11700,35.608000000000004,24.8
11800,35.608000000000004,24.8
11900,35.608000000000004,24.8
12000,35.608000000000004,24.8
12100,35.608000000000004,24.8
12200,35.608000000000004,24.8
12300,35.608000000000004,24.8
12400,35.464000000000006,24.8
12500,35.464000000000006,24.8
12600,35.464000000000006,24.8
12700,35.464000000000006,24.8
12800,35.464000000000006,24.8
12900,35.464,24.8
13000,35.464,24.8
13100,35.464,24.8
13200,35.128,24.8
13300,35.128,24.8
13400,35.128,24.8
13500,35.128,24.8
13600,35.128,24.8
13700,35.128,24.8
13800,35.128,24.8
13900,35.128,24.8
14000,35.128,24.8
14100,35.128,24.8
14200,35.064,24.8
14300,35.064,24.8
14400,35.064,24.8
14500,35.064,24.8
14600,34.760000000000005,24.8
14700,34.760000000000005,24.8
14800,34.760000000000005,24.8
14900,34.760000000000005,24.8
15000,34.760000000000005,24.8
15100,34.760000000000005,24.8
15200,34.760000000000005,24.8
15300,34.760000000000005,24.8
15400,34.760000000000005,24.8
15500,34.760000000000005,24.8
15600,34.760000000000005,24.8
15700,34.760000000000005,24.8
15800,34.760000000000005,24.8
15900,34.760000000000005,24.8
16000,34.760000000000005,24.8
16100,34.760000000000005,24.8
16200,34.760000000000005,24.8
16300,34.760000000000005,24.8
16400,33.928000000000004,24.6
16500,33.928000000000004,24.6
16600,33.400000000000006,24.6
16700,33.400000000000006,24.6
16800,33.344,24.6
16900,33.344,24.6
17000,33.344,24.6
17100,32.448,24.6
17200,32.448,24.6
17300,32.448,24.6
17400,32.448,24.6
17500,32.448,24.6
17600,32.448,24.6
17700,32.448,24.6
17800,32.448,24.6
17900,32.448,24.6
18000,32.448,24.6
18100,32.448,24.6
18200,32.448,24.6
18300,32.448,24.6
18400,31.752,24.6
18500,31.752,24.6
18600,31.752,24.6
18700,31.752,24.6
18800,31.752,24.6
18900,31.752,24.6
19000,31.752,24.6
19100,31.752,24.6
19200,31.752,24.6
19300,31.752,24.6
19400,31.752,24.6
19500,31.752,24.6
19600,31.752,24.6
19700,31.752,24.6
19800,31.752,24.6
19900,31.752,24.6
20000,31.752,24.6
20100,31.752,24.6
20200,31.288,24.6
20300,30.871999999999996,24.6
20400,30.583999999999996,24.6
20500,30.583999999999996,24.6
20600,30.583999999999996,24.6
20700,30.119999999999997,24.6
20800,30.119999999999997,24.6
20900,30.119999999999997,24.6
21000,30.119999999999997,24.6
21100,30.119999999999997,24.6
21200,30.119999999999997,24.6
21300,30.119999999999997,24.6
21400,30.119999999999997,24.6
21500,30.119999999999997,24.6
21600,30.119999999999997,24.6
21700,30.119999999999997,24.6
21800,30.119999999999997,24.6
21900,30.119999999999997,24.6
22000,30.064000000000004,24.6
22100,29.872000000000003,24.6
22200,29.872000000000003,24.6
22300,29.872000000000003,24.6
22400,29.872000000000003,24.6
22500,29.872000000000003,24.6
22600,29.872000000000003,24.6
22700,29.872000000000003,24.6
22800,29.872000000000003,24.6
22900,29.872000000000003,24.6
23000,29.872000000000003,24.6
23100,29.872000000000003,24.6
23200,29.872000000000003,24.6
23300,29.872000000000003,24.6
23400,29.576,24.6
23500,29.576,24.6
23600,29.568,24.6
23700,29.568,24.6
23800,29.351999999999997,24.6
23900,29.351999999999997,24.6
24000,29.351999999999997,24.6
24100,29.351999999999997,24.6
24200,29.351999999999997,24.6
24300,29.351999999999997,24.6
24400,29.351999999999997,24.6
24500,29.351999999999997,24.6
24600,29.351999999999997,24.6
24700,29.351999999999997,24.6
24800,29.351999999999997,24.6
24900,29.351999999999997,24.6
25000,29.351999999999997,24.6
25100,29.351999999999997,24.6
25200,29.351999999999997,24.6
25300,29.351999999999997,24.6
25400,29.351999999999997,24.6
25500,29.351999999999997,24.6
25600,29.351999999999997,24.6
25700,29.351999999999997,24.6
25800,29.351999999999997,24.6
25900,29.351999999999997,24.6
26000,29.351999999999997,24.6
26100,29.351999999999997,24.6
26200,29.351999999999997,24.6
26300,29.351999999999997,24.6
26400,29.351999999999997,24.6
26500,29.351999999999997,24.6
26600,29.351999999999997,24.6
26700,29.351999999999997,24.6
26800,29.351999999999997,24.6
26900,29.351999999999997,24.6
27000,29.351999999999997,24.6
27100,29.351999999999997,24.6
27200,29.351999999999997,24.6
27300,29.351999999999997,24.6
27400,29.351999999999997,24.6
27500,29.351999999999997,24.6
27600,29.351999999999997,24.6
27700,29.351999999999997,24.6
27800,29.2,24.6
27900,29.2,24.6
28000,29.2,24.6
28100,29.2,24.6
28200,29.2,24.6
28300,29.2,24.6
28400,29.2,24.6
28500,29.2,24.6
28600,29.2,24.6
28700,29.2,24.6
28800,29.2,24.6
28900,29.2,24.6
29000,29.2,24.6
29100,29.2,24.6
29200,29.2,24.6
29300,29.2,24.6
29400,29.2,24.6
29500,29.2,24.6
29600,29.2,24.6
29700,29.2,24.6
29800,29.136000000000003,24.6
29900,29.136000000000003,24.6
30000,29.136000000000003,24.6
30100,29.136000000000003,24.6
30200,29.136000000000003,24.6
30300,29.136000000000003,24.6
30400,29.136000000000003,24.6
30500,29.136000000000003,24.6
30600,29.136000000000003,24.6
30700,29.136000000000003,24.6
30800,29.088,24.6
30900,29.088,24.6
31000,29.088,24.6
31100,29.088,24.6
31200,29.088,24.6
31300,29.088,24.6
31400,29.088,24.6
31500,29.088,24.6
31600,29.088,24.6
31700,29.088,24.6
31800,29.088,24.6
31900,28.848000000000003,24.6
32000,28.848000000000003,24.6
32100,28.848000000000003,24.6
32200,28.848000000000003,24.6
32300,28.848000000000003,24.6
32400,28.848000000000003,24.6
32500,28.848000000000003,24.6
32600,28.848000000000003,24.6
32700,28.848000000000003,24.6
32800,28.848000000000003,24.6
32900,28.848000000000003,24.6
33000,28.848000000000003,24.6
33100,28.848000000000003,24.6
33200,28.848000000000003,24.6
33300,28.848000000000003,24.6
33400,28.391999999999996,24.6
33500,28.391999999999996,24.6
33600,28.391999999999996,24.6
33700,28.391999999999996,24.6
33800,28.391999999999996,24.6
33900,27.76,24.6
34000,27.76,24.6
34100,27.695999999999998,24.8
34200,27.695999999999998,24.8
34300,27.695999999999998,24.8
34400,27.695999999999998,24.8
34500,27.695999999999998,24.8
34600,27.695999999999998,24.8
34700,27.695999999999998,24.8
34800,27.695999999999998,24.8
34900,27.695999999999998,24.8
35000,27.695999999999998,24.8
35100,27.695999999999998,24.8
35200,27.695999999999998,24.8
35300,27.695999999999998,24.8
35400,27.695999999999998,24.8
35500,27.695999999999998,24.8
35600,27.695999999999998,24.8
35700,27.695999999999998,24.8
35800,27.695999999999998,24.8
35900,27.512,24.8
36000,27.512,24.8
36100,27.512,24.8
36200,27.512,24.8
36300,27.512,24.8
36400,27.512,24.8
36500,27.512,24.8
36600,27.512,24.8
36700,27.512,24.8
36800,27.512,24.8
36900,27.512,24.8
37000,27.512,24.8
37100,27.512,24.8
37200,27.512,24.8
37300,27.512,24.8
37400,27.512,24.8
37500,27.512,24.8
37600,27.512,24.8
37700,27.512,24.8
37800,27.512,24.8
37900,27.512,24.8
38000,27.512,24.8
38100,27.512,24.8
38200,27.512,24.8
38300,27.512,24.8
38400,27.512,24.8
38500,27.512,24.8
38600,27.512,24.8
38700,27.512,24.8
38800,27.512,24.8
38900,27.512,24.8
39000,27.512,24.8
39100,27.512,24.8
39200,27.512,24.8
39300,27.512,24.8
39400,27.512,24.8
39500,27.512,24.8
39600,27.512,24.8
39700,27.512,24.8
39800,27.512,24.8
39900,27.512,24.8
40000,27.512,24.8
40100,27.512,24.8
40200,27.512,24.8
40300,27.512,24.8
40400,27.512,24.8
40500,27.512,24.8
40600,27.512,24.8
40700,27.512,24.8
40800,27.512,24.8
40900,27.512,24.8
41000,27.512,24.8
41100,27.512,24.8
41200,27.32,24.8
41300,27.28,24.8
41400,27.28,24.8
41500,27.28,24.8
41600,27.28,24.8
41700,27.28,24.8
41800,27.28,24.8
41900,27.28,24.8
42000,27.28,24.8
42100,27.28,24.8
42200,27.28,24.8
42300,27.28,24.8
42400,27.28,24.8
42500,27.28,24.8
42600,27.28,24.8
42700,27.28,24.8
42800,27.28,24.8
42900,27.28,24.8
43000,27.28,24.8
43100,27.28,24.8
43200,27.28,24.8
43300,27.28,24.8
43400,27.28,24.8
43500,27.28,24.8
43600,27.28,24.8
43700,27.28,24.8
43800,27.28,24.8
43900,27.28,24.8
44000,27.28,24.8
44100,27.28,24.8
44200,27.28,24.8
44300,27.28,24.8
44400,27.28,24.8
44500,27.28,24.8
44600,26.887999999999998,24.8
44700,26.887999999999998,24.8
44800,26.887999999999998,24.8
44900,26.712,24.8
45000,26.712,24.8
45100,26.712,24.8
45200,26.712,24.8
45300,26.712,24.8
45400,26.712,24.8
45500,26.712,24.8
45600,26.712,24.8
45700,26.712,24.8
45800,26.712,24.8
45900,26.712,24.8
46000,26.712,24.8
46100,26.712,24.8
46200,26.712,24.8
46300,26.712,24.8
46400,26.712,24.8
46500,26.712,24.8
46600,26.712,24.8
46700,26.712,24.8
46800,26.712,24.8
46900,26.712,24.8
47000,26.712,24.8
47100,26.712,24.8
47200,26.712,24.8
47300,26.712,24.8
47400,26.712,24.8
47500,26.712,24.8
47600,26.712,24.8
47700,26.712,24.8
47800,26.712,24.8
47900,26.712,24.8
48000,26.712,24.8
48100,26.712,24.8
48200,26.712,24.8
48300,26.712,24.8
48400,26.712,24.8
48500,26.712,24.8
48600,26.712,24.8
48700,26.712,24.8
48800,26.336000000000002,24.8
48900,26.336000000000002,24.8
49000,26.336000000000002,24.8
49100,26.336000000000002,24.8
49200,26.336000000000002,24.8
49300,26.336000000000002,24.8
49400,26.336000000000002,24.8
49500,26.336000000000002,24.8
49600,26.336000000000002,24.8
49700,26.336000000000002,24.8
49800,26.272000000000002,24.8
49900,26.272000000000002,24.8
50000,26.272000000000002,24.8
50100,26.272000000000002,24.8
50200,26.272000000000002,24.8
50300,26.272000000000002,24.8
50400,26.272000000000002,24.8
50500,26.272000000000002,24.8
50600,26.056,24.8
50700,26.056,24.8
50800,26.056,24.8
50900,26.056,24.8
51000,26.056,24.8
51100,26.056,24.8
51200,26.056,24.8
51300,26.056,24.8
51400,26.056,24.8
51500,26.056,24.8
51600,26.032,24.8
51700,26,24.8
51800,26,24.8
51900,25.880000000000003,24.8
52000,25.880000000000003,24.8
52100,25.880000000000003,24.8
52200,25.880000000000003,24.8
52300,25.880000000000003,24.8
52400,25.880000000000003,24.8
52500,25.880000000000003,24.8
52600,25.880000000000003,24.8
52700,25.624000000000002,24.6
52800,25.624000000000002,24.6
52900,25.624000000000002,24.6
53000,25.624000000000002,24.6
53100,25.624000000000002,24.6
53200,25.624000000000002,24.6
53300,25.624000000000002,24.6
53400,25.624000000000002,24.6
53500,25.624000000000002,24.6
53600,25.624000000000002,24.6
53700,25.624000000000002,24.6
53800,25.624000000000002,24.6
53900,25.624000000000002,24.6
54000,25.624000000000002,24.6
54100,25.624000000000002,24.6
54200,25.624000000000002,24.6
54300,25.624000000000002,24.6
54400,25.624000000000002,24.6
54500,25.624000000000002,24.6
54600,25.624000000000002,24.6
54700,24.704,24.4
54800,24.704,24.4
54900,24.704,24.4
55000,24.704,24.4
55100,23.376,24.2
55200,23.376,24.2
55300,23.376,24.2
55400,23.376,24.2
55500,23.376,24.2
55600,23.351999999999997,24.4
55700,23.351999999999997,24.4
55800,23.351999999999997,24.4
55900,23.351999999999997,24.4
56000,23.351999999999997,24.4
56100,23.351999999999997,24.4
56200,23.351999999999997,24.4
56300,23.351999999999997,24.4
56400,23.351999999999997,24.4
56500,23.351999999999997,24.4
56600,23.351999999999997,24.4
56700,23.351999999999997,24.4
56800,23.351999999999997,24.4
56900,23.351999999999997,24.4
57000,23.351999999999997,24.4
57100,23.351999999999997,24.4
57200,23.351999999999997,24.4
57300,23.328000000000003,24.4
57400,23.328000000000003,24.4
57500,23.328000000000003,24.4
57600,23.304,24.4
57700,23.304,24.4
57800,23.304,24.4
57900,23.304,24.4
58000,23.304,24.4
58100,23.304,24.4
58200,23.304,24.4
58300,23.304,24.4
58400,23.304,24.4
58500,23.304,24.4
58600,23.304,24.4
58700,23.304,24.4
58800,23.304,24.4
58900,23.304,24.4
59000,23.304,24.4
59100,23.304,24.4
59200,23.304,24.4
59300,23.304,24.4
59400,23.304,24.4
59500,23.304,24.4
59600,23.304,24.4
59700,23.304,24.4
59800,23.304,24.4
59900,23.304,24.4
60000,23.304,24.4
60100,23.304,24.4
60200,23.304,24.4
60300,23.304,24.4
60400,23.304,24.4
60500,23.304,24.4
60600,23.304,24.4
60700,23.304,24.4
60800,23.304,24.4
60900,23.304,24.4
61000,23.304,24.4
61100,23.304,24.4
61200,23.304,24.4
61300,23.304,24.4
61400,23.304,24.4
61500,23.304,24.4
61600,23.304,24.4
61700,23.304,24.4
61800,23.304,24.4
61900,23.304,24.4
62000,23.304,24.4
62100,23.304,24.4
62200,23.304,24.4
62300,23.151999999999997,24.4
62400,23.151999999999997,24.4
62500,23.151999999999997,24.4
62600,23.151999999999997,24.4
62700,23.151999999999997,24.4
62800,23.151999999999997,24.4
62900,23.151999999999997,24.4
63000,23.151999999999997,24.4
63100,23.151999999999997,24.4
63200,23.088,24.4
63300,23.04,24.4
63400,23.04,24.4
63500,22.880000000000003,24.4
63600,22.880000000000003,24.4
63700,22.839999999999996,24.4
63800,22.839999999999996,24.4
63900,22.839999999999996,24.4
64000,22.839999999999996,24.4
64100,22.839999999999996,24.4
64200,22.839999999999996,24.4
64300,22.839999999999996,24.4
64400,22.839999999999996,24.4
64500,22.839999999999996,24.4
64600,22.839999999999996,24.4
64700,22.839999999999996,24.4
64800,22.839999999999996,24.4
64900,22.839999999999996,24.4
65000,22.839999999999996,24.4
65100,22.839999999999996,24.4
65200,22.839999999999996,24.4
65300,22.839999999999996,24.4
65400,22.839999999999996,24.4
65500,22.839999999999996,24.4
65600,22.839999999999996,24.4
65700,22.839999999999996,24.4
65800,22.839999999999996,24.4
65900,22.839999999999996,24.4
66000,22.839999999999996,24.4
66100,22.839999999999996,24.4
66200,22.839999999999996,24.4
66300,22.839999999999996,24.4
66400,22.839999999999996,24.4
66500,22.839999999999996,24.4
66600,22.839999999999996,24.4
66700,22.839999999999996,24.4
66800,22.839999999999996,24.4
66900,22.839999999999996,24.4
67000,22.839999999999996,24.4
67100,22.839999999999996,24.4
67200,22.839999999999996,24.4
67300,22.839999999999996,24.4
67400,22.839999999999996,24.4
67500,22.839999999999996,24.4
67600,22.839999999999996,24.4
67700,22.839999999999996,24.4
67800,22.839999999999996,24.4
67900,22.839999999999996,24.4
68000,22.839999999999996,24.4
68100,22.839999999999996,24.4
68200,22.839999999999996,24.4
68300,22.839999999999996,24.4
68400,22.839999999999996,24.4
68500,22.839999999999996,24.4
68600,22.839999999999996,24.4
68700,22.839999999999996,24.4
68800,22.368000000000002,24.4
68900,22.368000000000002,24.4
69000,22.208,24.4
69100,22.208,24.4
69200,22.208,24.4
69300,22.208,24.4
69400,22.208,24.4
69500,22.208,24.4
69600,22.208,24.4
69700,22.208,24.4
69800,22.208,24.4
69900,22.208,24.4
70000,22.208,24.4
70100,22.208,24.4
70200,22.208,24.4
70300,22.208,24.4
70400,22.208,24.4
70500,22.208,24.4
70600,22.208,24.4
70700,22.208,24.4
70800,22.208,24.4
70900,22.208,24.4
71000,22.208,24.4
71100,22.208,24.4
71200,22.208,24.4
71300,22.208,24.4
71400,22.208,24.4
71500,22.208,24.4
71600,22.208,24.4
71700,22.208,24.4
71800,22.208,24.4
71900,22.208,24.4
72000,22.208,24.4
72100,22.208,24.4
72200,22.208,24.4
72300,22.208,24.4
72400,22.208,24.4
72500,22.208,24.4
72600,22.208,24.4
72700,22.208,24.4
72800,22.208,24.4
72900,22.208,24.4
73000,22.208,24.4
73100,22.208,24.4
73200,22.208,24.4
73300,22.208,24.4
73400,22.032000000000004,24.4
73500,22.032000000000004,24.4
73600,22.032000000000004,24.4
73700,22.032000000000004,24.4
73800,22.032000000000004,24.4
73900,22.032000000000004,24.4
74000,22.032000000000004,24.4
74100,22.032000000000004,24.4
74200,22.032000000000004,24.4
74300,22.032000000000004,24.4
74400,22.032000000000004,24.4
74500,22.032000000000004,24.4
74600,22.032000000000004,24.4
74700,22.032000000000004,24.4
74800,22.032000000000004,24.4
74900,22.032000000000004,24.4
75000,22.032000000000004,24.4
75100,22.032000000000004,24.4
75200,22.032000000000004,24.4
75300,22.032000000000004,24.4
75400,22.032000000000004,24.4
75500,22.032000000000004,24.4
75600,22.032000000000004,24.4
75700,21.888,24.4
75800,21.888,24.4
75900,21.888,24.4
76000,21.888,24.4
76100,21.888,24.4
76200,21.888,24.4
76300,21.888,24.4
76400,21.888,24.4
76500,21.888,24.4
76600,21.888,24.4
76700,21.888,24.4
76800,21.888,24.4
76900,21.888,24.4
77000,21.888,24.4
77100,21.888,24.4
77200,21.888,24.4
77300,21.888,24.4
77400,21.888,24.4
77500,21.888,24.4
77600,21.888,24.4
77700,21.888,24.4
77800,21.888,24.4
77900,21.887999999999998,24.4
78000,21.887999999999998,24.4
78100,21.887999999999998,24.4
78200,21.887999999999998,24.4
78300,21.887999999999998,24.4
78400,21.887999999999998,24.4
78500,21.887999999999998,24.4
78600,21.887999999999998,24.4
78700,21.887999999999998,24.4
78800,21.887999999999998,24.4
78900,21.887999999999998,24.4
79000,21.887999999999998,24.4
79100,21.887999999999998,24.4
79200,21.887999999999998,24.4
79300,21.887999999999998,24.4
79400,21.887999999999998,24.4
79500,21.887999999999998,24.4
79600,21.887999999999998,24.4
79700,21.887999999999998,24.4
79800,21.887999999999998,24.4
79900,21.887999999999998,24.4
80000,21.887999999999998,24.4
80100,21.887999999999998,24.4
80200,21.887999999999998,24.4
80300,21.887999999999998,24.4
80400,21.887999999999998,24.4
80500,21.887999999999998,24.4
80600,21.887999999999998,24.4
80700,21.887999999999998,24.4
80800,21.887999999999998,24.4
80900,21.887999999999998,24.4
81000,21.887999999999998,24.4
81100,21.887999999999998,24.4
81200,21.887999999999998,24.4
81300,21.887999999999998,24.4
81400,21.887999999999998,24.4
81500,21.887999999999998,24.4
81600,21.887999999999998,24.4
81700,21.887999999999998,24.4
81800,21.887999999999998,24.4
81900,21.887999999999998,24.4
82000,21.887999999999998,24.4
82100,21.887999999999998,24.4
82200,21.887999999999998,24.4
82300,21.887999999999998,24.4
82400,21.887999999999998,24.4
82500,21.887999999999998,24.4
82600,21.887999999999998,24.4
82700,21.887999999999998,24.4
82800,21.887999999999998,24.4
82900,21.887999999999998,24.4
83000,21.887999999999998,24.4
83100,21.887999999999998,24.4
83200,21.887999999999998,24.4
83300,21.887999999999998,24.4
83400,21.887999999999998,24.4
83500,21.887999999999998,24.4
83600,21.887999999999998,24.4
83700,21.887999999999998,24.4
83800,21.887999999999998,24.4
83900,21.887999999999998,24.4
84000,21.887999999999998,24.4
84100,21.887999999999998,24.4
84200,21.887999999999998,24.4
84300,21.887999999999998,24.4
84400,21.887999999999998,24.4
84500,21.887999999999998,24.4
84600,21.887999999999998,24.4
84700,21.887999999999998,24.4
84800,21.887999999999998,24.4
84900,21.887999999999998,24.4
85000,21.887999999999998,24.4
85100,21.887999999999998,24.4
85200,21.887999999999998,24.4
85300,21.887999999999998,24.4
85400,21.887999999999998,24.4
85500,21.887999999999998,24.4
85600,21.887999999999998,24.4
85700,21.887999999999998,24.4
85800,21.887999999999998,24.4
85900,21.887999999999998,24.4
86000,21.887999999999998,24.4
86100,21.887999999999998,24.4
86200,21.887999999999998,24.4
86300,21.887999999999998,24.4
86400,21.887999999999998,24.4
86500,21.887999999999998,24.4
86600,21.887999999999998,24.4
86700,21.887999999999998,24.4
86800,21.887999999999998,24.4
86900,21.887999999999998,24.4
87000,21.887999999999998,24.4
87100,21.887999999999998,24.4
87200,21.887999999999998,24.4
87300,21.887999999999998,24.4
87400,21.887999999999998,24.4
87500,21.887999999999998,24.4
87600,21.887999999999998,24.4
87700,21.887999999999998,24.4
87800,21.887999999999998,24.4
87900,21.887999999999998,24.4
88000,21.887999999999998,24.4
88100,21.887999999999998,24.4
88200,21.887999999999998,24.4
88300,21.887999999999998,24.4
88400,21.887999999999998,24.4
88500,21.887999999999998,24.4
88600,21.887999999999998,24.4
88700,21.887999999999998,24.4
88800,21.887999999999998,24.4
88900,21.887999999999998,24.4
89000,21.887999999999998,24.4
89100,21.887999999999998,24.4
89200,21.887999999999998,24.4
89300,21.887999999999998,24.4
89400,21.887999999999998,24.4
89500,21.887999999999998,24.4
89600,21.887999999999998,24.4
89700,21.887999999999998,24.4
89800,21.887999999999998,24.4
89900,21.887999999999998,24.4
90000,21.887999999999998,24.4
90100,21.887999999999998,24.4
90200,21.887999999999998,24.4
90300,21.887999999999998,24.4
90400,21.887999999999998,24.4
90500,21.887999999999998,24.4
90600,21.887999999999998,24.4
90700,21.880000000000003,24.4
90800,21.880000000000003,24.4
90900,21.880000000000003,24.4
91000,21.880000000000003,24.4
91100,21.880000000000003,24.4
91200,21.880000000000003,24.4
91300,21.880000000000003,24.4
91400,21.880000000000003,24.4
91500,21.880000000000003,24.4
91600,21.880000000000003,24.4
91700,21.880000000000003,24.4
91800,21.880000000000003,24.4
91900,21.880000000000003,24.4
92000,21.880000000000003,24.4
92100,21.880000000000003,24.4
92200,21.880000000000003,24.4
92300,21.880000000000003,24.4
92400,21.880000000000003,24.4
92500,21.880000000000003,24.4
92600,21.880000000000003,24.4
92700,21.880000000000003,24.4
92800,21.880000000000003,24.4
92900,21.880000000000003,24.4
93000,21.880000000000003,24.4
93100,21.880000000000003,24.4
93200,21.880000000000003,24.4
93300,21.880000000000003,24.4
93400,21.880000000000003,24.4
93500,21.880000000000003,24.4
93600,21.880000000000003,24.4
93700,21.880000000000003,24.4
93800,21.880000000000003,24.4
93900,21.880000000000003,24.4
94000,21.880000000000003,24.4
94100,21.880000000000003,24.4
94200,21.880000000000003,24.4
94300,21.880000000000003,24.4
94400,21.880000000000003,24.4
94500,21.880000000000003,24.4
94600,21.880000000000003,24.4
94700,21.880000000000003,24.4
94800,21.880000000000003,24.4
94900,21.880000000000003,24.4
95000,21.880000000000003,24.4
95100,21.880000000000003,24.4
95200,21.880000000000003,24.4
95300,21.880000000000003,24.4
95400,21.880000000000003,24.4
95500,21.880000000000003,24.4
95600,21.880000000000003,24.4
95700,21.880000000000003,24.4
95800,21.880000000000003,24.4
95900,21.880000000000003,24.4
96000,21.880000000000003,24.4
96100,21.880000000000003,24.4
96200,21.880000000000003,24.4
96300,21.880000000000003,24.4
96400,21.880000000000003,24.4
96500,21.880000000000003,24.4
96600,21.880000000000003,24.4
96700,21.880000000000003,24.4
96800,21.880000000000003,24.4
96900,21.880000000000003,24.4
97000,21.880000000000003,24.4
97100,21.880000000000003,24.4
97200,21.880000000000003,24.4
97300,21.880000000000003,24.4
97400,21.880000000000003,24.4
97500,21.880000000000003,24.4
97600,21.880000000000003,24.4
97700,21.880000000000003,24.4
97800,21.880000000000003,24.4
97900,21.880000000000003,24.4
98000,21.880000000000003,24.4
98100,21.880000000000003,24.4
98200,21.880000000000003,24.4
98300,21.880000000000003,24.4
98400,21.880000000000003,24.4
98500,21.880000000000003,24.4
98600,21.768,24.4
98700,21.768,24.4
98800,21.768,24.4
98900,21.768,24.4
99000,21.768,24.4
99100,21.768,24.4
99200,21.768,24.4
99300,21.768,24.4
99400,21.768,24.4
99500,21.768,24.4
99600,21.768,24.4
99700,21.768,24.4
99800,21.768,24.4
99900,21.768,24.4
100000,21.768,24.4
100100,21.768,24.4
100200,21.768,24.4
100300,21.768,24.4
100400,21.768,24.4
100500,21.768,24.4
100600,21.768,24.4
100700,21.768,24.4
100800,21.768,24.4
100900,21.768,24.4
101000,21.768,24.4
101100,21.768,24.4
101200,21.768,24.4
101300,21.768,24.4
101400,21.768,24.4
101500,21.768,24.4
101600,21.768,24.4
101700,21.768,24.4
101800,21.768,24.4
101900,21.768,24.4
102000,21.768,24.4
102100,21.768,24.4
102200,21.768,24.4
102300,21.768,24.4
102400,21.768,24.4
102500,21.768,24.4
102600,21.768,24.4
102700,21.768,24.4
102800,21.768,24.4
102900,21.768,24.4
103000,21.768,24.4
103100,21.768,24.4
103200,21.768,24.4
103300,21.768,24.4
103400,21.768,24.4
103500,21.768,24.4
103600,21.768,24.4
103700,21.768,24.4
103800,21.768,24.4
103900,21.768,24.4
104000,21.768,24.4
104100,21.768,24.4
104200,21.768,24.4
104300,21.768,24.4
104400,21.768,24.4
104500,21.768,24.4
104600,21.768,24.4
104700,21.768,24.4
104800,21.768,24.4
104900,21.768,24.4
105000,21.768,24.4
105100,21.768,24.4
105200,21.768,24.4
105300,21.768,24.4
105400,21.768,24.4
105500,21.768,24.4
105600,21.768,24.4
105700,21.768,24.4
105800,21.768,24.4
105900,21.768,24.4
106000,21.768,24.4
106100,21.768,24.4
106200,21.768,24.4
106300,21.768,24.4
106400,21.768,24.4
106500,21.768,24.4
106600,21.768,24.4
106700,21.768,24.4
106800,21.768,24.4
106900,21.768,24.4
107000,21.768,24.4
107100,21.768,24.4
107200,21.768,24.4
107300,21.768,24.4
107400,21.768,24.4
107500,21.768,24.4
107600,21.768,24.4
107700,21.768,24.4
107800,21.768,24.4
107900,21.768,24.4
108000,21.768,24.4
108100,21.768,24.4
108200,21.768,24.4
108300,21.768,24.4
108400,21.768,24.4
108500,21.768,24.4
108600,21.768,24.4
108700,21.768,24.4
108800,21.768,24.4
108900,21.768,24.4
109000,21.768,24.4
109100,21.768,24.4
109200,21.768,24.4
109300,21.768,24.4
109400,21.768,24.4
109500,21.768,24.4
109600,21.768,24.4
109700,21.768,24.4
109800,21.768,24.4
109900,21.768,24.4
110000,21.768,24.4
110100,21.768,24.4
110200,21.768,24.4
110300,21.768,24.4
110400,21.768,24.4
110500,21.768,24.4
110600,21.768,24.4
110700,21.768,24.4
110800,21.768,24.4
110900,21.768,24.4
111000,21.768,24.4
111100,21.768,24.4
111200,21.768,24.4
111300,21.768,24.4
111400,21.768,24.4
111500,21.768,24.4
111600,21.768,24.4
111700,21.768,24.4
111800,21.768,24.4
111900,21.768,24.4
112000,21.768,24.4
112100,21.768,24.4
112200,21.768,24.4
112300,21.768,24.4
112400,21.768,24.4
112500,21.768,24.4
112600,21.768,24.4
112700,21.768,24.4
112800,21.768,24.4
112900,21.768,24.4
113000,21.768,24.4
113100,21.768,24.4
113200,21.768,24.4
113300,21.768,24.4
113400,21.768,24.4
113500,21.768,24.4
113600,21.768,24.4
113700,21.768,24.4
113800,21.768,24.4
113900,21.768,24.4
114000,21.768,24.4
114100,21.6,24.4
114200,21.6,24.4
114300,21.6,24.4
114400,21.583999999999996,24.4
114500,21.583999999999996,24.4
114600,21.583999999999996,24.4
114700,21.583999999999996,24.4
114800,21.583999999999996,24.4
114900,21.583999999999996,24.4
115000,21.583999999999996,24.4
115100,21.583999999999996,24.4
115200,21.583999999999996,24.4
115300,21.583999999999996,24.4
115400,21.583999999999996,24.4
115500,21.583999999999996,24.4
115600,21.583999999999996,24.4
115700,21.583999999999996,24.4
115800,21.583999999999996,24.4
115900,21.583999999999996,24.4
116000,21.583999999999996,24.4
116100,21.583999999999996,24.4
116200,21.583999999999996,24.4
116300,21.583999999999996,24.4
116400,21.583999999999996,24.4
116500,21.583999999999996,24.4
116600,21.583999999999996,24.4
116700,21.583999999999996,24.4
116800,21.583999999999996,24.4
116900,21.583999999999996,24.4
117000,21.583999999999996,24.4
117100,21.583999999999996,24.4
117200,21.583999999999996,24.4
117300,21.583999999999996,24.4
117400,21.583999999999996,24.4
117500,21.583999999999996,24.4
117600,21.583999999999996,24.4
117700,21.583999999999996,24.4
117800,21.583999999999996,24.4
117900,21.583999999999996,24.4
118000,21.583999999999996,24.4
118100,21.583999999999996,24.4
118200,21.583999999999996,24.4
118300,21.583999999999996,24.4
118400,21.583999999999996,24.4
118500,21.583999999999996,24.4
118600,21.583999999999996,24.4
118700,21.583999999999996,24.4
118800,21.583999999999996,24.4
118900,21.583999999999996,24.4
119000,21.583999999999996,24.4
119100,21.583999999999996,24.4
119200,21.583999999999996,24.4
119300,21.583999999999996,24.4
119400,21.583999999999996,24.4
119500,21.583999999999996,24.4
119600,21.583999999999996,24.4
119700,21.583999999999996,24.4
119800,21.583999999999996,24.4
119900,21.583999999999996,24.4
120000,21.583999999999996,24.4
120100,21.583999999999996,24.4
120200,21.583999999999996,24.4
120300,21.583999999999996,24.4
120400,21.583999999999996,24.4
120500,21.583999999999996,24.4
120600,21.583999999999996,24.4
120700,21.328,24.4
120800,21.328,24.4
120900,21.328,24.4
121000,21.328,24.4
121100,21.328,24.4
121200,21.328,24.4
121300,21.328,24.4
121400,21.328,24.4
121500,21.328,24.4
121600,21.328,24.4
121700,21.328,24.4
121800,21.328,24.4
121900,21.328,24.4
122000,21.328,24.4
122100,21.328,24.4
122200,21.328,24.4
122300,21.328,24.4
122400,21.328,24.4
122500,21.328,24.4
122600,21.328,24.4
122700,21.328,24.4
122800,21.328,24.4
122900,21.328,24.4
123000,21.328,24.4
123100,21.328,24.4
123200,21.328,24.4
123300,21.328,24.4
123400,21.328,24.4
123500,21.328,24.4
123600,21.328,24.4
123700,21.328,24.4
123800,21.328,24.4
123900,21.328,24.4
124000,21.328,24.4
124100,21.328,24.4
124200,21.328,24.4
124300,21.328,24.4
124400,21.328,24.4
124500,21.328,24.4
124600,21.328,24.4
124700,21.328,24.4
124800,21.328,24.4
124900,21.328,24.4
125000,21.328,24.4
125100,21.328,24.4
125200,21.328,24.4
125300,21.328,24.4
125400,21.328,24.4
125500,21.328,24.4
125600,21.328,24.4
125700,21.328,24.4
125800,21.328,24.4
125900,21.328,24.4
126000,21.328,24.4
126100,21.328,24.4
126200,21.328,24.4
126300,21.328,24.4
126400,21.328,24.4
126500,21.328,24.4
126600,21.328,24.4
126700,21.328,24.4
126800,21.328,24.4
126900,21.328,24.4
127000,21.328,24.4
127100,21.328,24.4
127200,21.328,24.4
127300,21.328,24.4
127400,21.328,24.4
127500,21.328,24.4
127600,21.328,24.4
127700,21.328,24.4
127800,21.328,24.4
127900,21.328,24.4
128000,21.328,24.4
128100,21.328,24.4
128200,21.328,24.4
128300,21.328,24.4
128400,21.328,24.4
128500,21.328,24.4
128600,21.328,24.4
128700,21.328,24.4
128800,21.328,24.4
128900,21.328,24.4
129000,21.328,24.4
129100,21.328,24.4
129200,21.328,24.4
129300,21.328,24.4
129400,21.328,24.4
129500,21.328,24.4
129600,21.328,24.4
129700,21.328,24.4
129800,21.328,24.4
129900,21.328,24.4
130000,21.328,24.4
130100,21.328,24.4
130200,21.328,24.4
130300,21.328,24.4
130400,21.328,24.4
130500,21.328,24.4
130600,21.328,24.4
130700,21.328,24.4
130800,21.328,24.4
130900,21.328,24.4
131000,21.328,24.4
131100,21.328,24.4
131200,21.328,24.4
131300,21.328,24.4
131400,21.328,24.4
131500,21.328,24.4
131600,21.328,24.4
131700,21.328,24.4
131800,21.328,24.4
131900,21.328,24.4
132000,21.328,24.4
132100,21.328,24.4
132200,21.328,24.4
132300,21.328,24.4
132400,21.328,24.4
132500,21.328,24.4
132600,21.328,24.4
132700,21.328,24.4
132800,21.328,24.4
132900,21.328,24.4
133000,21.328,24.4
133100,21.328,24.4
133200,21.328,24.4
133300,21.328,24.4
133400,21.328,24.4
133500,21.328,24.4
133600,21.328,24.4
133700,21.328,24.4
133800,21.328,24.4
133900,21.328,24.4
134000,21.328,24.4
134100,21.328,24.4
134200,21.328,24.4
134300,21.328,24.4
134400,21.328,24.4
134500,21.328,24.4
134600,21.328,24.4
134700,21.328,24.4
134800,21.328,24.4
134900,21.328,24.4
135000,21.328,24.4
135100,21.328,24.4
135200,21.328,24.4
135300,21.328,24.4
135400,21.328,24.4
135500,21.328,24.4
135600,21.328,24.4
135700,21.328,24.4
135800,21.328,24.4
135900,21.328,24.4
136000,21.328,24.4
136100,21.328,24.4
136200,21.328,24.4
136300,21.328,24.4
136400,21.328,24.4
136500,21.328,24.4
136600,21.328,24.4
136700,21.328,24.4
136800,21.328,24.4
136900,21.328,24.4
137000,21.328,24.4
137100,21.328,24.4
137200,21.328,24.4
137300,21.328,24.4
137400,21.328,24.4
137500,21.328,24.4
137600,21.328,24.4
137700,21.328,24.4
137800,21.328,24.4
137900,21.328,24.4
138000,21.328,24.4
138100,21.328,24.4
138200,21.328,24.4
138300,21.328,24.4
138400,21.328,24.4
138500,21.328,24.4
138600,21.328,24.4
138700,21.328,24.4
138800,21.328,24.4
138900,21.328,24.4
139000,21.328,24.4
139100,21.328,24.4
139200,21.328,24.4
139300,21.328,24.4
139400,21.328,24.4
139500,21.328,24.4
139600,21.328,24.4
139700,21.328,24.4
139800,21.328,24.4
139900,21.328,24.4
140000,21.328,24.4
140100,21.328,24.4
140200,21.328,24.4
140300,21.328,24.4
140400,21.328,24.4
140500,21.328,24.4
140600,21.328,24.4
140700,21.032000000000004,24.4
140800,21.032000000000004,24.4
140900,21.032000000000004,24.4
141000,21.032000000000004,24.4
141100,21.032000000000004,24.4
141200,21.032000000000004,24.4
141300,21.032000000000004,24.4
141400,21.032000000000004,24.4
141500,21.032000000000004,24.4
141600,21.032000000000004,24.4
141700,21.032000000000004,24.4
141800,21.032000000000004,24.4
141900,21.032000000000004,24.4
142000,21.032000000000004,24.4
142100,21.032000000000004,24.4
142200,21.032000000000004,24.4
142300,20.976,24.4
142400,20.976,24.4
142500,20.976,24.4
142600,20.976,24.4
142700,20.976,24.4
142800,20.976,24.4
142900,20.976,24.4
143000,20.976,24.4
143100,20.976,24.4
143200,20.976,24.4
143300,20.976,24.4
143400,20.976,24.4
143500,20.976,24.4
143600,20.976,24.4
143700,20.976,24.4
143800,20.976,24.4
143900,20.976,24.4
144000,20.976,24.4
144100,20.976,24.4
144200,20.976,24.4
144300,20.976,24.4
144400,20.976,24.4
144500,20.976,24.4
144600,20.976,24.4
144700,20.976,24.4
144800,20.976,24.4
144900,20.976,24.4
145000,20.976,24.4
145100,20.976,24.4
145200,20.976,24.4
145300,20.976,24.4
145400,20.976,24.4
145500,20.976,24.4
145600,20.976,24.4
145700,20.976,24.4
145800,20.976,24.4
145900,20.976,24.4
146000,20.976,24.4
146100,20.976,24.4
146200,20.976,24.4
146300,20.976,24.4
146400,20.976,24.4
146500,20.976,24.4
146600,20.976,24.4
146700,20.976,24.4
146800,20.976,24.4
146900,20.976,24.4
147000,20.976,24.4
147100,20.976,24.4
147200,20.976,24.4
147300,20.976,24.4
147400,20.976,24.4
147500,20.976,24.4
147600,20.976,24.4
147700,20.976,24.4
147800,20.976,24.4
147900,20.976,24.4
148000,20.976,24.4
148100,20.976,24.4
148200,20.976,24.4
148300,20.976,24.4
148400,20.976,24.4
148500,20.976,24.4
148600,20.976,24.4
148700,20.976,24.4
148800,20.976,24.4
148900,20.976,24.4
149000,20.976,24.4
149100,20.976,24.4
149200,20.976,24.4
149300,20.976,24.4
149400,20.976,24.4
149500,20.976,24.4
149600,20.976,24.4
149700,20.976,24.4
149800,20.976,24.4
149900,20.976,24.4
150000,20.976,24.4
150100,20.976,24.4
150200,20.976,24.4
150300,20.976,24.4
150400,20.976,24.4
150500,20.976,24.4
150600,20.976,24.4
150700,20.976,24.4
150800,20.976,24.4
150900,20.976,24.4
151000,20.976,24.4
151100,20.976,24.4
151200,20.976,24.4
151300,20.976,24.4
151400,20.976,24.4
151500,20.976,24.4
151600,20.976,24.4
151700,20.976,24.4
151800,20.976,24.4
151900,20.976,24.4
152000,20.976,24.4
152100,20.976,24.4
152200,20.976,24.4
152300,20.976,24.4
152400,20.976,24.4
152500,20.976,24.4
152600,20.976,24.4
152700,20.976,24.4
152800,20.976,24.4
152900,20.976,24.4
153000,20.976,24.4
153100,20.976,24.4
153200,20.976,24.4
153300,20.976,24.4
153400,20.976,24.4
153500,20.976,24.4
153600,20.976,24.4
153700,20.976,24.4
153800,20.976,24.4
153900,20.976,24.4
154000,20.976,24.4
154100,20.976,24.4
154200,20.976,24.4
154300,20.976,24.4
154400,20.976,24.4
154500,20.976,24.4
154600,20.976,24.4
154700,20.976,24.4
154800,20.976,24.4
154900,20.976,24.4
155000,20.976,24.4
155100,20.976,24.4
155200,20.976,24.4
155300,20.976,24.4
155400,20.976,24.4
155500,20.976,24.4
155600,20.976,24.4
155700,20.976,24.4
155800,20.976,24.4
155900,20.976,24.4
156000,20.976,24.4
156100,20.976,24.4
156200,20.976,24.4
156300,20.976,24.4
156400,20.976,24.4
156500,20.976,24.4
156600,20.976,24.4
156700,20.976,24.4
156800,20.976,24.4
156900,20.976,24.4
157000,20.976,24.4
157100,20.976,24.4
157200,20.976,24.4
157300,20.976,24.4
157400,20.976,24.4
157500,20.976,24.4
157600,20.976,24.4
157700,20.976,24.4
157800,20.976,24.4
157900,20.976,24.4
158000,20.976,24.4
158100,20.976,24.4
158200,20.976,24.4
158300,20.976,24.4
158400,20.976,24.4
158500,20.976,24.4
158600,20.976,24.4
158700,20.976,24.4
158800,20.976,24.4
158900,20.976,24.4
159000,20.976,24.4
159100,20.976,24.4
159200,20.976,24.4
159300,20.976,24.4
159400,20.976,24.4
159500,20.976,24.4
159600,20.976,24.4
159700,20.976,24.4
159800,20.976,24.4
159900,20.976,24.4
160000,20.976,24.4
160100,20.976,24.4
160200,20.976,24.4
160300,20.976,24.4
160400,20.976,24.4
160500,20.976,24.4
160600,20.976,24.4
160700,20.976,24.4
160800,20.976,24.4
160900,20.976,24.4
161000,20.976,24.4
161100,20.976,24.4
161200,20.976,24.4
161300,20.976,24.4
161400,20.976,24.4
161500,20.976,24.4
161600,20.976,24.4
161700,20.976,24.4
161800,20.976,24.4
161900,20.976,24.4
162000,20.976,24.4
162100,20.976,24.4
162200,20.976,24.4
162300,20.976,24.4
162400,20.976,24.4
162500,20.976,24.4
162600,20.976,24.4
162700,20.976,24.4
162800,20.976,24.4
162900,20.976,24.4
163000,20.976,24.4
163100,20.976,24.4
163200,20.976,24.4
163300,20.976,24.4
163400,20.976,24.4
163500,20.976,24.4
163600,20.976,24.4
163700,20.976,24.4
163800,20.976,24.4
163900,20.976,24.4
164000,20.976,24.4
164100,20.976,24.4
164200,20.976,24.4
164300,20.976,24.4
164400,20.976,24.4
164500,20.976,24.4
164600,20.976,24.4
164700,20.976,24.4
164800,20.976,24.4
164900,20.976,24.4
165000,20.976,24.4
165100,20.976,24.4
165200,20.976,24.4
165300,20.976,24.4
165400,20.976,24.4
165500,20.976,24.4
165600,20.976,24.4
165700,20.976,24.4
165800,20.976,24.4
165900,20.976,24.4
166000,20.976,24.4
166100,20.976,24.4
166200,20.976,24.4
166300,20.976,24.4
166400,20.688,24.6
166500,20.464000000000002,24.6
166600,20.464000000000002,24.6
166700,20.464000000000002,24.6
166800,20.464000000000002,24.6
166900,20.464000000000002,24.6
167000,20.464000000000002,24.6
167100,20.464000000000002,24.6
167200,20.464000000000002,24.6
167300,20.464000000000002,24.6
167400,20.464000000000002,24.6
167500,20.464000000000002,24.6
167600,20.464000000000002,24.6
167700,20.464000000000002,24.6
167800,20.464000000000002,24.6
167900,20.464000000000002,24.6
168000,20.464000000000002,24.6
168100,20.464000000000002,24.6
168200,20.464000000000002,24.6
168300,20.464000000000002,24.6
168400,20.464000000000002,24.6
168500,20.464000000000002,24.6
168600,20.464000000000002,24.6
168700,20.464000000000002,24.6
168800,20.464000000000002,24.6
168900,20.464000000000002,24.6
169000,20.464000000000002,24.6
169100,20.464000000000002,24.6
169200,20.464000000000002,24.6
169300,20.464000000000002,24.6
169400,20.464000000000002,24.6
169500,20.464000000000002,24.6
169600,20.464000000000002,24.6
169700,20.464000000000002,24.6
169800,20.464000000000002,24.6
169900,20.464000000000002,24.6
170000,20.464000000000002,24.6
170100,20.464000000000002,24.6
170200,20.464000000000002,24.6
170300,20.464000000000002,24.6
170400,20.464000000000002,24.6
170500,20.464000000000002,24.6
170600,20.464000000000002,24.6
170700,20.464000000000002,24.6
170800,20.464000000000002,24.6
170900,20.464000000000002,24.6
171000,20.464000000000002,24.6
171100,20.464000000000002,24.6
171200,20.184,24.6
171300,20.184,24.6
171400,20.184,24.6
171500,20.184,24.6
171600,20.184,24.6
171700,20.184,24.6
171800,20.184,24.6
171900,20.184,24.6
172000,20.184,24.6
172100,20.184,24.6
172200,20.184,24.6
172300,20.184,24.6
172400,20.184,24.6
172500,20.184,24.6
172600,20.184,24.6
172700,20.184,24.6
172800,20.184,24.6
172900,20.184,24.6
173000,20.184,24.6
173100,20.184,24.6
173200,20.184,24.6
173300,20.184,24.6
173400,20.184,24.6
173500,20.184,24.6
173600,20.184,24.6
173700,20.184,24.6
173800,20.184,24.6
173900,20.184,24.6
174000,20.184,24.6
174100,20.184,24.6
174200,20.184,24.6
174300,20.184,24.6
174400,20.184,24.6
174500,20.184,24.6
174600,20.184,24.6
174700,20.184,24.6
174800,20.184,24.6
174900,20.184,24.6
175000,20.184,24.6
175100,20.184,24.6
175200,20.184,24.6
175300,20.184,24.6
175400,20.184,24.6
175500,20.184,24.6
175600,20.184,24.6
175700,20.184,24.6
175800,20.184,24.6
175900,20.184,24.6
176000,20.184,24.6
176100,20.184,24.6
176200,20.184,24.6
176300,20.184,24.6
176400,20.184,24.6
176500,20.184,24.6
176600,20.184,24.6
176700,20.184,24.6
176800,20.184,24.6
176900,20.184,24.6
177000,20.184,24.6
177100,20.184,24.6
177200,20.184,24.6
177300,20.184,24.6
177400,20.184,24.6
177500,20.184,24.6
177600,20.184,24.6
177700,20.168,24.6
177800,19.848,24.6
177900,19.848,24.6
178000,19.848,24.6
178100,19.848,24.6
178200,19.848,24.6
178300,19.848,24.6
178400,19.848,24.6
178500,19.848,24.6
178600,19.848,24.6
178700,19.848,24.6
178800,19.848,24.6
178900,19.848,24.6
179000,19.848,24.6
179100,19.848,24.6
179200,19.848,24.6
179300,19.848,24.6
179400,19.848,24.6
179500,19.848,24.6
179600,19.848,24.6
179700,19.848,24.6
179800,19.848,24.6
179900,19.848,24.6
180000,19.848,24.6
180100,19.848,24.6
180200,19.848,24.6
180300,19.848,24.6
180400,19.848,24.6
180500,19.848,24.6
180600,19.848,24.6
180700,19.848,24.6
180800,19.848,24.6
180900,19.848,24.6
181000,19.848,24.6
181100,19.848,24.6
181200,19.848,24.6
181300,19.848,24.6
181400,19.848,24.6
181500,19.848,24.6
181600,19.848,24.6
181700,19.848,24.6
181800,19.848,24.6
181900,19.848,24.6
182000,19.848,24.6
182100,19.848,24.6
182200,19.848,24.6
182300,19.848,24.6
182400,19.848,24.6
182500,19.848,24.6
182600,19.848,24.6
182700,19.848,24.6
182800,19.848,24.6
182900,19.848,24.6
183000,19.848,24.6
183100,19.848,24.6
183200,19.848,24.6
183300,19.848,24.6
183400,19.848,24.6
183500,19.848,24.6
183600,19.848,24.6
183700,19.848,24.6
183800,19.848,24.6
183900,19.848,24.6
184000,19.848,24.6
184100,19.848,24.6
184200,19.848,24.6
184300,19.848,24.6
184400,19.848,24.6
184500,19.848,24.6
184600,19.848,24.6
184700,19.848,24.6
184800,19.848,24.6
184900,19.848,24.6
185000,19.848,24.6
185100,19.848,24.6
185200,19.848,24.6
185300,19.848,24.6
185400,19.848,24.6
185500,19.848,24.6
185600,19.848,24.6
185700,19.848,24.6
185800,19.848,24.6
185900,19.848,24.6
186000,19.848,24.6
186100,19.848,24.6
186200,19.848,24.6
186300,19.848,24.6
186400,19.848,24.6
186500,19.848,24.6
186600,19.848,24.6
186700,19.848,24.6
186800,19.848,24.6
186900,19.848,24.6
187000,19.848,24.6
187100,19.848,24.6
187200,19.848,24.6
187300,19.848,24.6
187400,19.848,24.6
187500,19.848,24.6
187600,19.848,24.6
187700,19.848,24.6
187800,19.848,24.6
187900,19.848,24.6
188000,19.848,24.6
188100,19.848,24.6
188200,19.848,24.6
188300,19.848,24.6
188400,19.848,24.6
188500,19.848,24.6
188600,19.848,24.6
188700,19.848,24.6
188800,19.848,24.6
188900,19.848,24.6
189000,19.848,24.6
189100,19.848,24.6
189200,19.848,24.6
189300,19.848,24.6
189400,19.848,24.6
189500,19.848,24.6
189600,19.848,24.6
189700,19.848,24.6
189800,19.848,24.6
189900,19.848,24.6
190000,19.848,24.6
190100,19.848,24.6
190200,19.848,24.6
190300,19.848,24.6
190400,19.848,24.6
190500,19.848,24.6
190600,19.848,24.6
190700,19.848,24.6
190800,19.848,24.6
190900,19.848,24.6
191000,19.848,24.6
191100,19.848,24.6
191200,19.848,24.6
191300,19.848,24.6
191400,19.848,24.6
191500,19.848,24.6
191600,19.848,24.6
191700,19.848,24.6
191800,19.848,24.6
191900,19.848,24.6
192000,19.848,24.6
192100,19.848,24.6
192200,19.848,24.6
192300,19.848,24.6
192400,19.848,24.6
192500,19.848,24.6
192600,19.848,24.6
192700,19.848,24.6
192800,19.848,24.6
192900,19.848,24.6
193000,19.848,24.6
193100,19.848,24.6
193200,19.848,24.6
193300,19.848,24.6
193400,19.848,24.6
193500,19.848,24.6
193600,19.848,24.6
193700,19.848,24.6
193800,19.848,24.6
193900,19.848,24.6
194000,19.848,24.6
194100,19.848,24.6
194200,19.848,24.6
194300,19.848,24.6
194400,19.848,24.6
194500,19.848,24.6
194600,19.848,24.6
194700,19.848,24.6
194800,19.848,24.6
194900,19.848,24.6
195000,19.848,24.6
195100,19.848,24.6
195200,19.848,24.6
195300,19.848,24.6
195400,19.848,24.6
195500,19.848,24.6
195600,19.848,24.6
195700,19.848,24.6
195800,19.848,24.6
195900,19.848,24.6
196000,19.848,24.6
196100,19.848,24.6
196200,19.848,24.6
196300,19.848,24.6
196400,19.848,24.6
196500,19.848,24.6
196600,19.848,24.6
196700,19.848,24.6
196800,19.848,24.6
196900,19.848,24.6
197000,19.848,24.6
197100,19.848,24.6
197200,19.848,24.6
197300,19.848,24.6
197400,19.848,24.6
197500,19.848,24.6
197600,19.848,24.6
197700,19.848,24.6
197800,19.848,24.6
197900,19.848,24.6
198000,19.848,24.6
198100,19.848,24.6
198200,19.848,24.6
198300,19.848,24.6
198400,19.848,24.6
198500,19.848,24.6
198600,19.848,24.6
198700,19.848,24.6
198800,19.848,24.6
198900,19.848,24.6
199000,19.848,24.6
199100,19.848,24.6
199200,19.848,24.6
199300,19.848,24.6
199400,19.848,24.6
199500,19.848,24.6
199600,19.848,24.6
199700,19.848,24.6
199800,19.848,24.6
199900,19.848,24.6
199999,19.848,24.6

START ALGORITHM
h1: (a24 + a14) * (b21)
h2: (-a13 - a14 - a23) * (b32)
h5: (a24 + a21 + a51 + a41) * (-b13)
h7: (a54 + a24 + a13 + a23 + a54 + a54 + a53 - a15 - a51) * (b25 + b23 - b41)
h8: (a35 - a25) * (-b21 - b14 - b23)
h11: (a14 - a24 - a14) * (b51 + b51)
h12: (a45 + a31 + a41 + a41) * (b43 - b35)
h14: (-a15) * (b52 + b53 - b12 - b53)
h22: (a51 + a31 + a11 - a41 - a42 - a52) * (b54)
h23: (-a15) * (-b53)
h31: (a34 + a13 - a33 - a45 - a21) * (-b44)
h33: (a54 - a55) * (b13 + b43)
h34: (a53 - a15) * (b53 + b45 + b41)
h35: (a15 - a55) * (b45)
h39: (-a52 - a53) * (b24)
h43: (-a55) * (b35 - b14)
h47: (-a12) * (-b15)
h48: (a23 + a54 + a23 - a21 - a43 - a14) * (b12)
h57: (-a32) * (b51)
h61: (a44 + a22 - a52 - a42) * (-b45 - b23)
h78: (a31 - a44) * (b21 + b45 - b12 - b12)
h79: (a51 + a35 + a12 - a13 - a55) * (b45 - b35)
h87: (-a41) * (b55 - b22)
h92: (a41 + a21) * (b55)
h93: (a34) * (-b31 - b14 - b12)
h94: (a55 + a31 + a12) * (b31)
h99: (a11 + a31 - a43 - a33 - a51) * (b22 - b42)
h110: (a15 + a23 + a14 - a25 - a12 - a53) * (b55 - b43)
h114: (a34 + a23 - a52 - a15 - a24 - a12 - a14) * (-b43)
h116: (-a41) * (b53 - b24)
h122: (a35 + a44 + a23 - a21 - a25) * (b42 - b22)
h125: (a33) * (-b12)
h135: (a23 + a21 + a11) * (b51)
h136: (a52 + a25 + a51 + a41 - a11 - a22 - a52 - a33 - a54 - a34 - a24 - a25) * (-b21)
h147: (a33 + a14 + a11 - a15 - a32 - a35 - a13) * (b12)
h148: (-a42) * (b21)
h150: (a45) * (b35 - b12)
h163: (a12 + a22 + a31 + a55 - a15 - a42 - a53) * (b15 - b34)
h177: (a32 + a43 - a44 - a44 - a25 - a13) * (b13 + b53 - b41 - b52 - b53 - b13)
h238: (-a15) * (-b31)
h264: (a23 + a32 - a24 - a13) * (b24 - b44)
h284: (a21 + a53 + a42 - a25) * (-b14)
h296: (a51) * (-b13)
h499: (a24 - a12) * (b53 + b32 + b12 + b43)
h513: (a45 + a31) * (b53)
h657: (-a25) * (b42)
h1051: (a34) * (-b23)
h1541: (a42 + a34 - a44 - a53) * (b52)
h2324: (a45 + a15 - a42 - a35 - a21) * (b25 + b12 + b11 - b31)
h3474: (a25 + a51) * (-b41)
h4839: (-a13) * (b54)
h6312: (a23 + a51 - a24 - a55 - a42) * (b22 - b55 - b35)
h8284: (a23 + a11 - a24 - a44) * (-b24)
h8320: (a15 + a51 + a23 + a25 + a54 + a25 - a14 - a13 - a34 - a35) * (b23)
h18378: (a23 + a32 - a13 - a21 - a44) * (b31 - b34)
h19572: (a54) * (b43)
h27682: (-a31) * (b13)
h62462: (a11 + a42 - a22 - a52 - a25 - a22 - a53 - a23 - a54) * (b54 + b24 - b32 - b35)
h64247: (a43 + a15 + a54 - a25) * (b12)
h66770: (-a14 - a31) * (b25 + b13 + b11 + b33 + b11 + b41 + b21 + b14 - b43 - b31 - b23 - b15)
c11: h99 + h238 + h43 
c12: h39 + h19572 
c13: h35 + h79 + h31 + h122 - h14 
c14: h163 + h92 + h5 + h2 + h78 
c15: h99 + h150 + h296 + h22 - h47 - h148 - h62462 
c21: h87 + h33 + h1 + h264 - h11 - h284 
c22: h48 + h12 
c23: h1051 + h8320 - h64247 
c24: h43 + h31 - h23 
c25: h78 + h3474 + h125 + h99 + h114 + h14 - h116 
c31: h99 + h513 - h66770 
c32: h93 + h8 + h110 + h177 - h87 
c33: h22 + h1 + h8284 
c34: h92 + h136 
c35: h57 + h114 - h7 
c41: h31 + h135 + h23 - h61 
c42: h122 + h79 + h5 + h2324 - h5 
c43: h34 + h125 + h39 
c44: h22 - h4839 
c45: h116 - h6312 
c51: h94 + h499 + h39 + h513 
c52: h7 + h147 + h1541 + h125 
c53: h136 + h296 - h18378 - h27682 
c54: h43 + h125 - h94 - h114 
c55: h116 - h2 - h657 
