0,177.248,24.8
100,133.91199999999998,25
200,107.888,24.8
300,88.968,25
400,83.392,25
500,77.91999999999999,25
600,77.256,25
700,75.712,24.8
800,73.45599999999999,25
900,73.03999999999999,24.6
1000,69.672,24.6
1100,66.952,24.6
1200,65.94399999999999,24.6
1300,63.14399999999999,24.6
1400,61.12800000000001,24.2
1500,61.12800000000001,24.2
1600,61,24.2
1700,61,24.2
1800,61,24.2
1900,59.63199999999999,24.2
2000,58.48,24.2
2100,57.80800000000001,24.2
2200,57.80800000000001,24.2
2300,56.416,24.4
2400,56.416,24.4
2500,55.576,24.4
2600,55.576,24.4
2700,55.36,24.4
2800,54.839999999999996,24.4
2900,54.32800000000001,24.4
3000,54.32800000000001,24.4
3100,53.455999999999996,24.6
3200,53.455999999999996,24.6
3300,51.448,24.6
3400,51.048,24.6
3500,50.616,24.4
3600,49.791999999999994,24.4
3700,48.952,24.4
3800,47.751999999999995,24.6
3900,46.664,24.6
4000,45.992000000000004,24.6
4100,45.992000000000004,24.6
4200,45.992000000000004,24.6
4300,45.8,24.6
4400,45.8,24.6
4500,45.8,24.6
4600,45.712,24.6
4700,45.712,24.6
4800,45.456,24.6
4900,45.456,24.6
5000,45.215999999999994,24.4
5100,44.728,24.4
5200,44.224000000000004,24.4
5300,44.224000000000004,24.4
5400,43.896,24.4
5500,43.27199999999999,24.4
5600,43.27199999999999,24.4
5700,43.27199999999999,24.4
5800,43.27199999999999,24.4
5900,42.144000000000005,24.4
6000,42.144000000000005,24.4
6100,42.144000000000005,24.4
6200,42.144000000000005,24.4
6300,42.144000000000005,24.4
6400,42.144000000000005,24.4
6500,42.144000000000005,24.4
6600,42.144000000000005,24.4
6700,42.144000000000005,24.4
6800,42.144000000000005,24.4
6900,42.144000000000005,24.4
7000,42.144000000000005,24.4
7100,42.04,24.4
7200,42.04,24.4
7300,42.04,24.4
7400,42.04,24.4
7500,41.984,24.4
7600,41.984,24.4
7700,41.984,24.4
7800,41.984,24.4
7900,41.984,24.4
8000,41.984,24.4
8100,41.984,24.4
8200,41.984,24.4
8300,41.984,24.4
8400,41.552,24.2
8500,41.432,24.4
8600,41.432,24.4
8700,41.432,24.4
8800,41.432,24.4
8900,40.983999999999995,24.4
9000,40.88,24.4
9100,40.88,24.4
9200,40.88,24.4
9300,40.88,24.4
9400,40.88,24.4
9500,40.751999999999995,24.6
9600,40.751999999999995,24.6
9700,40.688,24.6
9800,40.48799999999999,24.6
9900,40.48799999999999,24.6
10000,40.48799999999999,24.6
10100,40.48799999999999,24.6
10200,40.48799999999999,24.6
10300,40.120000000000005,24.6
10400,40.120000000000005,24.6
10500,39.528000000000006,24.6
10600,39.296,24.6
10700,39.296,24.6
10800,39.239999999999995,24.6
10900,39.239999999999995,24.6
11000,38.96,24.6
11100,38.864,24.6
11200,38.864,24.6
11300,38.583999999999996,24.6
11400,38.583999999999996,24.6
11500,38.583999999999996,24.6
11600,38.583999999999996,24.6
11700,38.583999999999996,24.6
11800,38.583999999999996,24.6
11900,38.583999999999996,24.6
12000,38.583999999999996,24.6
12100,38.583999999999996,24.6
12200,38.583999999999996,24.6
12300,38.583999999999996,24.6
12400,38.583999999999996,24.6
12500,38.583999999999996,24.6
12600,38.583999999999996,24.6
12700,38.583999999999996,24.6
12800,38.583999999999996,24.6
12900,38.583999999999996,24.6
13000,38.583999999999996,24.6
13100,38.583999999999996,24.6
13200,38.583999999999996,24.6
13300,38.583999999999996,24.6
13400,38.583999999999996,24.6
13500,38.583999999999996,24.6
13600,38.583999999999996,24.6
13700,38.583999999999996,24.6
13800,38.583999999999996,24.6
13900,38.583999999999996,24.6
14000,38.583999999999996,24.6
14100,38.583999999999996,24.6
14200,38.583999999999996,24.6
14300,38.583999999999996,24.6
14400,38.583999999999996,24.6
14500,38.583999999999996,24.6
14600,38.583999999999996,24.6
14700,38.583999999999996,24.6
14800,38.583999999999996,24.6
14900,38.583999999999996,24.6
15000,38.583999999999996,24.6
15100,38.583999999999996,24.6
15200,38.583999999999996,24.6
15300,38.583999999999996,24.6
15400,38.583999999999996,24.6
15500,38.352,24.6
15600,38.352,24.6
15700,38.352,24.6
15800,38.352,24.6
15900,38.352,24.6
16000,38.352,24.6
16100,38.352,24.6
16200,38.352,24.6
16300,38.352,24.6
16400,38.352,24.6
16500,38.352,24.6
16600,38.352,24.6
16700,38.208,24.6
16800,37.96,24.6
16900,37.96,24.6
17000,37.96,24.6
17100,37.96,24.6
17200,37.96,24.6
17300,37.96,24.6
17400,37.96,24.6
17500,37.96,24.6
17600,37.96,24.6
17700,37.96,24.6
17800,37.96,24.6
17900,37.96,24.6
18000,37.96,24.6
18100,37.96,24.6
18200,37.96,24.6
18300,37.96,24.6
18400,37.96,24.6
18500,37.96,24.6
18600,37.96,24.6
18700,37.96,24.6
18800,37.96,24.6
18900,37.96,24.6
19000,37.96,24.6
19100,37.96,24.6
19200,37.96,24.6
19300,37.96,24.6
19400,37.96,24.6
19500,37.536,24.6
19600,37.536,24.6
19700,37.536,24.6
19800,37.536,24.6
19900,37.536,24.6
20000,37.536,24.6
20100,37.536,24.6
20200,37.536,24.6
20300,37.536,24.6
20400,37.536,24.6
20500,37.536,24.6
20600,37.536,24.6
20700,37.536,24.6
20800,37.536,24.6
20900,37.536,24.6
21000,36.896,24.6
21100,36.896,24.6
21200,36.896,24.6
21300,36.896,24.6
21400,36.896,24.6
21500,36.896,24.6
21600,36.896,24.6
21700,36.896,24.6
21800,36.896,24.6
21900,36.896,24.6
22000,36.896,24.6
22100,36.896,24.6
22200,36.896,24.6
22300,36.896,24.6
22400,36.896,24.6
22500,36.896,24.6
22600,36.896,24.6
22700,36.896,24.6
22800,36.896,24.6
22900,36.896,24.6
23000,36.896,24.6
23100,36.896,24.6
23200,36.896,24.6
23300,36.896,24.6
23400,36.896,24.6
23500,36.896,24.6
23600,36.896,24.6
23700,36.896,24.6
23800,36.896,24.6
23900,36.896,24.6
24000,36.896,24.6
24100,36.896,24.6
24200,36.896,24.6
24300,36.896,24.6
24400,36.71999999999999,24.6
24500,36.71999999999999,24.6
24600,36.71999999999999,24.6
24700,36.71999999999999,24.6
24800,35.751999999999995,24.6
24900,35.456,24.4
25000,35.456,24.4
25100,35.456,24.4
25200,35.456,24.4
25300,35.456,24.4
25400,35.456,24.4
25500,35.456,24.4
25600,35.456,24.4
25700,35.456,24.4
25800,35.456,24.4
25900,35.456,24.4
26000,35.456,24.4
26100,35.104,24.6
26200,35.104,24.6
26300,35.104,24.6
26400,35.104,24.6
26500,35.104,24.6
26600,35.104,24.6
26700,35.104,24.6
26800,35.104,24.6
26900,35.104,24.6
27000,35.104,24.6
27100,35.104,24.6
27200,35.104,24.6
27300,35.104,24.6
27400,35.104,24.6
27500,35.104,24.6
27600,35.104,24.6
27700,35.104,24.6
27800,35.104,24.6
27900,35.104,24.6
28000,35.104,24.6
28100,35.104,24.6
28200,35.104,24.6
28300,35.104,24.6
28400,35.104,24.6
28500,35.104,24.6
28600,35.104,24.6
28700,35.104,24.6
28800,35.104,24.6
28900,35.104,24.6
29000,35.104,24.6
29100,35.104,24.6
29200,35.104,24.6
29300,35.104,24.6
29400,35.104,24.6
29500,35.104,24.6
29600,35.104,24.6
29700,35.104,24.6
29800,35.104,24.6
29900,35.104,24.6
30000,35.104,24.6
30100,35.104,24.6
30200,35.104,24.6
30300,34.888,24.8
30400,34.888,24.8
30500,34.864,24.8
30600,34.864,24.8
30700,34.864,24.8
30800,34.864,24.8
30900,34.864,24.8
31000,34.864,24.8
31100,34.864,24.8
31200,34.864,24.8
31300,34.864,24.8
31400,34.864,24.8
31500,34.864,24.8
31600,34.864,24.8
31700,34.864,24.8
31800,34.864,24.8
31900,34.864,24.8
32000,34.864,24.8
32100,34.864,24.8
32200,33.896,24.8
32300,33.896,24.8
32400,33.896,24.8
32500,33.896,24.8
32600,33.896,24.8
32700,33.896,24.8
32800,33.896,24.8
32900,33.896,24.8
33000,33.896,24.8
33100,33.896,24.8
33200,33.896,24.8
33300,33.896,24.8
33400,33.896,24.8
33500,33.896,24.8
33600,33.896,24.8
33700,33.896,24.8
33800,33.608000000000004,24.8
33900,33.608000000000004,24.8
34000,33.608000000000004,24.8
34100,32.647999999999996,24.8
34200,32.647999999999996,24.8
34300,32.647999999999996,24.8
34400,32.647999999999996,24.8
34500,32.647999999999996,24.8
34600,32.647999999999996,24.8
34700,32.647999999999996,24.8
34800,32.647999999999996,24.8
34900,32.647999999999996,24.8
35000,32.647999999999996,24.8
35100,32.647999999999996,24.8
35200,32.647999999999996,24.8
35300,32.647999999999996,24.8
35400,32.647999999999996,24.8
35500,32.647999999999996,24.8
35600,32.647999999999996,24.8
35700,32.647999999999996,24.8
35800,32.647999999999996,24.8
35900,32.647999999999996,24.8
36000,32.647999999999996,24.8
36100,32.647999999999996,24.8
36200,32.647999999999996,24.8
36300,32.647999999999996,24.8
36400,32.647999999999996,24.8
36500,32.647999999999996,24.8
36600,32.647999999999996,24.8
36700,32.647999999999996,24.8
36800,32.647999999999996,24.8
36900,32.647999999999996,24.8
37000,32.647999999999996,24.8
37100,32.647999999999996,24.8
37200,32.647999999999996,24.8
37300,32.647999999999996,24.8
37400,32.647999999999996,24.8
37500,32.647999999999996,24.8
37600,32.647999999999996,24.8
37700,32.647999999999996,24.8
37800,32.647999999999996,24.8
37900,32.647999999999996,24.8
38000,32.647999999999996,24.8
38100,32.647999999999996,24.8
38200,32.647999999999996,24.8
38300,32.647999999999996,24.8
38400,32.647999999999996,24.8
38500,32.647999999999996,24.8
38600,32.647999999999996,24.8
38700,32.647999999999996,24.8
38800,32.647999999999996,24.8
38900,32.647999999999996,24.8
39000,32.448,24.8
39100,32.448,24.8
39200,32.448,24.8
39300,32.448,24.8
39400,32.448,24.8
39500,32.448,24.8
39600,32.448,24.8
39700,32.448,24.8
39800,32.448,24.8
39900,32.448,24.8
40000,32.448,24.8
40100,32.448,24.8
40200,32.448,24.8
40300,32.272000000000006,24.8
40400,32.272000000000006,24.8
40500,32.272000000000006,24.8
40600,32.272000000000006,24.8
40700,32.272000000000006,24.8
40800,32.272000000000006,24.8
40900,32.272000000000006,24.8
41000,32.272000000000006,24.8
41100,32.272000000000006,24.8
41200,32.136,24.6
41300,31.064,24.6
41400,31.064,24.6
41500,31.064,24.6
41600,30.656,24.6
41700,30.624000000000002,24.6
41800,30.624000000000002,24.6
41900,30.624000000000002,24.6
42000,30.624000000000002,24.6
42100,30.424,24.6
42200,30.424,24.6
42300,30.424,24.6
42400,30.424,24.6
42500,30.424,24.6
42600,30.424,24.6
42700,30.424,24.6
42800,30.424,24.6
42900,30.424,24.6
43000,30.424,24.6
43100,30.424,24.6
43200,30.424,24.6
43300,30.424,24.6
43400,30.424,24.6
43500,30.424,24.6
43600,30.424,24.6
43700,30.424,24.6
43800,30.424,24.6
43900,30.424,24.6
44000,30.424,24.6
44100,30.424,24.6
44200,30.424,24.6
44300,30.424,24.6
44400,30.424,24.6
44500,30.424,24.6
44600,30.424,24.6
44700,30.424,24.6
44800,30.424,24.6
44900,30.424,24.6
45000,30.424,24.6
45100,30.4,24.8
45200,30.4,24.8
45300,30.4,24.8
45400,30.4,24.8
45500,30.4,24.8
45600,30.4,24.8
45700,30.4,24.8
45800,30.4,24.8
45900,30.4,24.8
46000,30.4,24.8
46100,30.4,24.8
46200,30.4,24.8
46300,30.4,24.8
46400,30.4,24.8
46500,30.4,24.8
46600,30.4,24.8
46700,30.4,24.8
46800,30.4,24.8
46900,30.4,24.8
47000,30.4,24.8
47100,30.4,24.8
47200,30.4,24.8
47300,30.4,24.8
47400,30.4,24.8
47500,30.4,24.8
47600,30.4,24.8
47700,30.4,24.8
47800,30.4,24.8
47900,30.4,24.8
48000,30.4,24.8
48100,30.4,24.8
48200,30.4,24.8
48300,30.4,24.8
48400,30.4,24.8
48500,30.4,24.8
48600,30.4,24.8
48700,30.4,24.8
48800,30.4,24.8
48900,30.4,24.8
49000,30.4,24.8
49100,30.4,24.8
49200,30.4,24.8
49300,30.4,24.8
49400,30.4,24.8
49500,30.4,24.8
49600,30.4,24.8
49700,30.4,24.8
49800,30.4,24.8
49900,30.4,24.8
50000,30.4,24.8
50100,30.4,24.8
50200,30.4,24.8
50300,30.4,24.8
50400,30.4,24.8
50500,30.4,24.8
50600,30.4,24.8
50700,30.4,24.8
50800,30.4,24.8
50900,30.368000000000002,24.8
51000,30.368000000000002,24.8
51100,30.368000000000002,24.8
51200,30.368000000000002,24.8
51300,30.368000000000002,24.8
51400,30.368000000000002,24.8
51500,30.368000000000002,24.8
51600,30.368000000000002,24.8
51700,30.368000000000002,24.8
51800,30.368000000000002,24.8
51900,30.368000000000002,24.8
52000,30.368000000000002,24.8
52100,30.368000000000002,24.8
52200,30.368000000000002,24.8
52300,30.368000000000002,24.8
52400,30.368000000000002,24.8
52500,30.368000000000002,24.8
52600,30.368000000000002,24.8
52700,30.368000000000002,24.8
52800,30.368000000000002,24.8
52900,30.368000000000002,24.8
53000,30.368000000000002,24.8
53100,30.368000000000002,24.8
53200,30.368000000000002,24.8
53300,30.368000000000002,24.8
53400,30.368000000000002,24.8
53500,30.368000000000002,24.8
53600,30.368000000000002,24.8
53700,30.368000000000002,24.8
53800,30.368000000000002,24.8
53900,30.368000000000002,24.8
54000,29.744,24.8
54100,29.744,24.8
54200,29.744,24.8
54300,29.744,24.8
54400,29.744,24.8
54500,29.744,24.8
54600,29.744,24.8
54700,29.744,24.8
54800,29.744,24.8
54900,29.744,24.8
55000,29.407999999999998,24.8
55100,29.407999999999998,24.8
55200,29.407999999999998,24.8
55300,29.407999999999998,24.8
55400,29.407999999999998,24.8
55500,29.407999999999998,24.8
55600,29.407999999999998,24.8
55700,29.407999999999998,24.8
55800,29.407999999999998,24.8
55900,29.407999999999998,24.8
56000,29.407999999999998,24.8
56100,29.407999999999998,24.8
56200,29.407999999999998,24.8
56300,29.407999999999998,24.8
56400,29.407999999999998,24.8
56500,29.407999999999998,24.8
56600,29.407999999999998,24.8
56700,29.407999999999998,24.8
56800,29.407999999999998,24.8
56900,29.407999999999998,24.8
57000,29.072000000000003,24.8
57100,29.072000000000003,24.8
57200,29.072000000000003,24.8
57300,29.072000000000003,24.8
57400,29.072000000000003,24.8
57500,29.072000000000003,24.8
57600,29.072000000000003,24.8
57700,29.072000000000003,24.8
57800,29.072000000000003,24.8
57900,29.072000000000003,24.8
58000,29.072000000000003,24.8
58100,29.072000000000003,24.8
58200,29.072000000000003,24.8
58300,29.072000000000003,24.8
58400,29.072000000000003,24.8
58500,29.072000000000003,24.8
58600,29.072000000000003,24.8
58700,29.072000000000003,24.8
58800,29.072000000000003,24.8
58900,29.072000000000003,24.8
59000,29.072000000000003,24.8
59100,29.072000000000003,24.8
59200,29.072000000000003,24.8
59300,29.072000000000003,24.8
59400,29.072000000000003,24.8
59500,29.072000000000003,24.8
59600,29.072000000000003,24.8
59700,29.072000000000003,24.8
59800,29.072000000000003,24.8
59900,29.072000000000003,24.8
60000,29.072000000000003,24.8
60100,29.072000000000003,24.8
60200,29.072000000000003,24.8
60300,29.072000000000003,24.8
60400,29.072000000000003,24.8
60500,29.072000000000003,24.8
60600,29.072000000000003,24.8
60700,29.072000000000003,24.8
60800,29.072000000000003,24.8
60900,29.072000000000003,24.8
61000,29.072000000000003,24.8
61100,29.072000000000003,24.8
61200,29.072000000000003,24.8
61300,29.072000000000003,24.8
61400,29.072000000000003,24.8
61500,29.072000000000003,24.8
61600,29.072000000000003,24.8
61700,29.072000000000003,24.8
61800,29.072000000000003,24.8
61900,29.072000000000003,24.8
62000,29.072000000000003,24.8
62100,29.072000000000003,24.8
62200,29.072000000000003,24.8
62300,29.072000000000003,24.8
62400,29.072000000000003,24.8
62500,29.072000000000003,24.8
62600,29.072000000000003,24.8
62700,29.072000000000003,24.8
62800,29.072000000000003,24.8
62900,29.072000000000003,24.8
63000,29.072000000000003,24.8
63100,28.912,24.8
63200,28.912,24.8
63300,28.912,24.8
63400,28.912,24.8
63500,28.912,24.8
63600,28.912,24.8
63700,28.912,24.8
63800,28.912,24.8
63900,28.912,24.8
64000,28.912,24.8
64100,28.912,24.8
64200,28.912,24.8
64300,28.912,24.8
64400,28.912,24.8
64500,28.912,24.8
64600,28.912,24.8
64700,28.912,24.8
64800,28.912,24.8
64900,28.912,24.8
65000,28.912,24.8
65100,28.912,24.8
65200,28.912,24.8
65300,28.912,24.8
65400,28.912,24.8
65500,28.912,24.8
65600,28.912,24.8
65700,28.912,24.8
65800,28.912,24.8
65900,28.912,24.8
66000,28.912,24.8
66100,28.912,24.8
66200,28.912,24.8
66300,28.912,24.8
66400,28.912,24.8
66500,28.912,24.8
66600,28.360000000000003,24.8
66700,28.360000000000003,24.8
66800,28.360000000000003,24.8
66900,28.360000000000003,24.8
67000,28.360000000000003,24.8
67100,28.360000000000003,24.8
67200,28.360000000000003,24.8
67300,28.360000000000003,24.8
67400,28.360000000000003,24.8
67500,28.360000000000003,24.8
67600,28.360000000000003,24.8
67700,28.360000000000003,24.8
67800,28.360000000000003,24.8
67900,28.360000000000003,24.8
68000,28.360000000000003,24.8
68100,28.360000000000003,24.8
68200,28.360000000000003,24.8
68300,28.360000000000003,24.8
68400,28.360000000000003,24.8
68500,28.360000000000003,24.8
68600,28.360000000000003,24.8
68700,28.360000000000003,24.8
68800,28.360000000000003,24.8
68900,28.360000000000003,24.8
69000,28.360000000000003,24.8
69100,28.360000000000003,24.8
69200,28.360000000000003,24.8
69300,28.360000000000003,24.8
69400,28.360000000000003,24.8
69500,28.360000000000003,24.8
69600,28.360000000000003,24.8
69700,28.360000000000003,24.8
69800,28.360000000000003,24.8
69900,28.360000000000003,24.8
70000,28.360000000000003,24.8
70100,28.360000000000003,24.8
70200,28.360000000000003,24.8
70300,28.360000000000003,24.8
70400,28.360000000000003,24.8
70500,28.360000000000003,24.8
70600,28.360000000000003,24.8
70700,28.360000000000003,24.8
70800,28.360000000000003,24.8
70900,28.360000000000003,24.8
71000,28.360000000000003,24.8
71100,28.360000000000003,24.8
71200,28.360000000000003,24.8
71300,28.360000000000003,24.8
71400,28.360000000000003,24.8
71500,28.360000000000003,24.8
71600,28.360000000000003,24.8
71700,28.360000000000003,24.8
71800,28.360000000000003,24.8
71900,28.360000000000003,24.8
72000,28.360000000000003,24.8
72100,28.360000000000003,24.8
72200,28.360000000000003,24.8
72300,28.360000000000003,24.8
72400,28.360000000000003,24.8
72500,28.360000000000003,24.8
72600,28.360000000000003,24.8
72700,28.360000000000003,24.8
72800,28.360000000000003,24.8
72900,28.360000000000003,24.8
73000,28.360000000000003,24.8
73100,28.360000000000003,24.8
73200,28.360000000000003,24.8
73300,28.360000000000003,24.8
73400,28.360000000000003,24.8
73500,28.360000000000003,24.8
73600,28.360000000000003,24.8
73700,28.360000000000003,24.8
73800,28.360000000000003,24.8
73900,28.360000000000003,24.8
74000,28.360000000000003,24.8
74100,28.360000000000003,24.8
74200,28.360000000000003,24.8
74300,28.360000000000003,24.8
74400,28.360000000000003,24.8
74500,28.360000000000003,24.8
74600,28.360000000000003,24.8
74700,28.360000000000003,24.8
74800,28.360000000000003,24.8
74900,28.360000000000003,24.8
75000,28.360000000000003,24.8
75100,28.360000000000003,24.8
75200,28.360000000000003,24.8
75300,28.360000000000003,24.8
75400,28.360000000000003,24.8
75500,28.360000000000003,24.8
75600,28.360000000000003,24.8
75700,28.360000000000003,24.8
75800,28.360000000000003,24.8
75900,28.360000000000003,24.8
76000,28.360000000000003,24.8
76100,28.360000000000003,24.8
76200,28.360000000000003,24.8
76300,28.360000000000003,24.8
76400,28.360000000000003,24.8
76500,28.360000000000003,24.8
76600,28.360000000000003,24.8
76700,28.360000000000003,24.8
76800,28.360000000000003,24.8
76900,28.360000000000003,24.8
77000,28.360000000000003,24.8
77100,28.360000000000003,24.8
77200,28.360000000000003,24.8
77300,28.360000000000003,24.8
77400,28.360000000000003,24.8
77500,28.360000000000003,24.8
77600,28.360000000000003,24.8
77700,28.360000000000003,24.8
77800,28.360000000000003,24.8
77900,28.360000000000003,24.8
78000,27.936,24.8
78100,27.936,24.8
78200,27.936,24.8
78300,27.936,24.8
78400,27.936,24.8
78500,27.936,24.8
78600,27.936,24.8
78700,27.936,24.8
78800,27.936,24.8
78900,27.936,24.8
79000,27.936,24.8
79100,27.936,24.8
79200,27.936,24.8
79300,27.936,24.8
79400,27.936,24.8
79500,27.936,24.8
79600,27.936,24.8
79700,27.936,24.8
79800,27.936,24.8
79900,27.936,24.8
80000,27.936,24.8
80100,27.936,24.8
80200,27.936,24.8
80300,27.936,24.8
80400,27.936,24.8
80500,27.936,24.8
80600,27.936,24.8
80700,27.936,24.8
80800,27.936,24.8
80900,27.936,24.8
81000,27.936,24.8
81100,27.936,24.8
81200,27.936,24.8
81300,27.936,24.8
81400,27.936,24.8
81500,27.560000000000002,24.8
81600,27.560000000000002,24.8
81700,27.560000000000002,24.8
81800,27.560000000000002,24.8
81900,27.560000000000002,24.8
82000,27.560000000000002,24.8
82100,27.560000000000002,24.8
82200,27.560000000000002,24.8
82300,27.560000000000002,24.8
82400,27.560000000000002,24.8
82500,27.560000000000002,24.8
82600,27.560000000000002,24.8
82700,27.560000000000002,24.8
82800,27.560000000000002,24.8
82900,27.560000000000002,24.8
83000,27.560000000000002,24.8
83100,27.560000000000002,24.8
83200,27.560000000000002,24.8
83300,27.560000000000002,24.8
83400,27.560000000000002,24.8
83500,27.560000000000002,24.8
83600,27.560000000000002,24.8
83700,27.560000000000002,24.8
83800,27.560000000000002,24.8
83900,27.560000000000002,24.8
84000,27.560000000000002,24.8
84100,27.560000000000002,24.8
84200,27.560000000000002,24.8
84300,27.560000000000002,24.8
84400,27.560000000000002,24.8
84500,27.560000000000002,24.8
84600,27.560000000000002,24.8
84700,27.560000000000002,24.8
84800,27.560000000000002,24.8
84900,27.560000000000002,24.8
85000,27.560000000000002,24.8
85100,27.560000000000002,24.8
85200,27.560000000000002,24.8
85300,27.560000000000002,24.8
85400,27.560000000000002,24.8
85500,27.560000000000002,24.8
85600,27.560000000000002,24.8
85700,27.560000000000002,24.8
85800,27.560000000000002,24.8
85900,27.560000000000002,24.8
86000,27.560000000000002,24.8
86100,27.560000000000002,24.8
86200,27.560000000000002,24.8
86300,27.560000000000002,24.8
86400,27.560000000000002,24.8
86500,27.560000000000002,24.8
86600,27.560000000000002,24.8
86700,27.560000000000002,24.8
86800,27.560000000000002,24.8
86900,27.560000000000002,24.8
87000,27.560000000000002,24.8
87100,27.560000000000002,24.8
87200,27.560000000000002,24.8
87300,27.560000000000002,24.8
87400,27.560000000000002,24.8
87500,27.560000000000002,24.8
87600,27.560000000000002,24.8
87700,27.560000000000002,24.8
87800,27.560000000000002,24.8
87900,27.560000000000002,24.8
88000,27.4,24.8
88100,27.4,24.8
88200,27.4,24.8
88300,27.4,24.8
88400,27.4,24.8
88500,27.312,24.8
88600,27.312,24.8
88700,27.312,24.8
88800,27.312,24.8
88900,27.312,24.8
89000,27.312,24.8
89100,27.312,24.8
89200,27.160000000000004,24.8
89300,27.160000000000004,24.8
89400,27.160000000000004,24.8
89500,27.160000000000004,24.8
89600,27.160000000000004,24.8
89700,27.160000000000004,24.8
89800,26.968,24.8
89900,26.968,24.8
90000,26.968,24.8
90100,26.968,24.8
90200,26.968,24.8
90300,26.968,24.8
90400,26.968,24.8
90500,26.968,24.8
90600,26.968,24.8
90700,26.968,24.8
90800,26.968,24.8
90900,26.968,24.8
91000,26.968,24.8
91100,26.968,24.8
91200,26.968,24.8
91300,26.968,24.8
91400,26.968,24.8
91500,26.968,24.8
91600,26.968,24.8
91700,26.968,24.8
91800,26.968,24.8
91900,26.968,24.8
92000,26.968,24.8
92100,26.968,24.8
92200,26.968,24.8
92300,26.968,24.8
92400,26.968,24.8
92500,26.968,24.8
92600,26.968,24.8
92700,26.968,24.8
92800,26.968,24.8
92900,26.968,24.8
93000,26.968,24.8
93100,26.968,24.8
93200,26.968,24.8
93300,26.968,24.8
93400,26.968,24.8
93500,26.968,24.8
93600,26.968,24.8
93700,26.968,24.8
93800,26.968,24.8
93900,26.968,24.8
94000,26.968,24.8
94100,26.968,24.8
94200,26.968,24.8
94300,26.968,24.8
94400,26.968,24.8
94500,26.968,24.8
94600,26.968,24.8
94700,26.968,24.8
94800,26.968,24.8
94900,26.968,24.8
95000,26.968,24.8
95100,26.968,24.8
95200,26.968,24.8
95300,26.968,24.8
95400,26.968,24.8
95500,26.968,24.8
95600,26.968,24.8
95700,26.968,24.8
95800,26.968,24.8
95900,26.968,24.8
96000,26.968,24.8
96100,26.968,24.8
96200,26.968,24.8
96300,26.968,24.8
96400,26.968,24.8
96500,26.968,24.8
96600,26.904000000000003,24.8
96700,26.904000000000003,24.8
96800,26.904000000000003,24.8
96900,26.904000000000003,24.8
97000,26.904000000000003,24.8
97100,26.904000000000003,24.8
97200,26.904000000000003,24.8
97300,26.904000000000003,24.8
97400,26.904000000000003,24.8
97500,26.904000000000003,24.8
97600,26.904000000000003,24.8
97700,26.904000000000003,24.8
97800,26.904000000000003,24.8
97900,26.904000000000003,24.8
98000,26.904000000000003,24.8
98100,26.904000000000003,24.8
98200,26.904000000000003,24.8
98300,26.904000000000003,24.8
98400,26.904000000000003,24.8
98500,26.904000000000003,24.8
98600,26.904000000000003,24.8
98700,26.904000000000003,24.8
98800,26.904000000000003,24.8
98900,26.904000000000003,24.8
99000,26.904000000000003,24.8
99100,26.904000000000003,24.8
99200,26.872000000000003,24.8
99300,26.872000000000003,24.8
99400,26.856,24.8
99500,26.856,24.8
99600,26.856,24.8
99700,26.856,24.8
99800,26.856,24.8
99900,26.856,24.8
100000,26.856,24.8
100100,26.856,24.8
100200,26.856,24.8
100300,26.856,24.8
100400,26.856,24.8
100500,26.856,24.8
100600,26.856,24.8
100700,26.856,24.8
100800,26.856,24.8
100900,26.856,24.8
101000,26.856,24.8
101100,26.856,24.8
101200,26.856,24.8
101300,26.856,24.8
101400,26.856,24.8
101500,26.856,24.8
101600,26.856,24.8
101700,26.856,24.8
101800,26.856,24.8
101900,26.856,24.8
102000,26.856,24.8
102100,26.856,24.8
102200,26.52,24.8
102300,26.52,24.8
102400,26.52,24.8
102500,26.52,24.8
102600,26.52,24.8
102700,26.52,24.8
102800,26.52,24.8
102900,26.52,24.8
103000,26.52,24.8
103100,26.52,24.8
103200,26.52,24.8
103300,26.52,24.8
103400,26.52,24.8
103500,26.52,24.8
103600,26.52,24.8
103700,26.52,24.8
103800,26.52,24.8
103900,26.52,24.8
104000,26.52,24.8
104100,26.52,24.8
104200,26.52,24.8
104300,26.52,24.8
104400,26.52,24.8
104500,26.52,24.8
104600,26.52,24.8
104700,26.52,24.8
104800,26.52,24.8
104900,26.52,24.8
105000,26.52,24.8
105100,26.52,24.8
105200,26.52,24.8
105300,26.52,24.8
105400,26.52,24.8
105500,26.52,24.8
105600,26.52,24.8
105700,26.52,24.8
105800,26.52,24.8
105900,26.52,24.8
106000,26.52,24.8
106100,26.52,24.8
106200,26.52,24.8
106300,26.52,24.8
106400,26.52,24.8
106500,26.52,24.8
106600,26.52,24.8
106700,26.52,24.8
106800,26.52,24.8
106900,26.52,24.8
107000,26.52,24.8
107100,26.52,24.8
107200,26.52,24.8
107300,26.52,24.8
107400,26.52,24.8
107500,26.52,24.8
107600,26.52,24.8
107700,26.52,24.8
107800,26.52,24.8
107900,26.52,24.8
108000,26.52,24.8
108100,26.52,24.8
108200,26.52,24.8
108300,26.52,24.8
108400,26.52,24.8
108500,26.52,24.8
108600,26.52,24.8
108700,26.52,24.8
108800,26.52,24.8
108900,26.52,24.8
109000,26.52,24.8
109100,26.52,24.8
109200,26.52,24.8
109300,26.52,24.8
109400,26.52,24.8
109500,26.52,24.8
109600,26.48,24.8
109700,26.48,24.8
109800,26.48,24.8
109900,26.48,24.8
110000,26.48,24.8
110100,26.48,24.8
110200,26.48,24.8
110300,26.48,24.8
110400,26.48,24.8
110500,26.48,24.8
110600,26.48,24.8
110700,26.48,24.8
110800,26.48,24.8
110900,26.48,24.8
111000,26.48,24.8
111100,26.48,24.8
111200,26.391999999999996,24.8
111300,26.391999999999996,24.8
111400,26.391999999999996,24.8
111500,26.391999999999996,24.8
111600,26.391999999999996,24.8
111700,26.391999999999996,24.8
111800,26.391999999999996,24.8
111900,26.391999999999996,24.8
112000,26.391999999999996,24.8
112100,26.391999999999996,24.8
112200,26.391999999999996,24.8
112300,26.391999999999996,24.8
112400,26.391999999999996,24.8
112500,26.391999999999996,24.8
112600,26.391999999999996,24.8
112700,26.391999999999996,24.8
112800,26.391999999999996,24.8
112900,26.391999999999996,24.8
113000,26.391999999999996,24.8
113100,26.391999999999996,24.8
113200,26.391999999999996,24.8
113300,26.391999999999996,24.8
113400,26.391999999999996,24.8
113500,26.391999999999996,24.8
113600,26.391999999999996,24.8
113700,26.391999999999996,24.8
113800,26.391999999999996,24.8
113900,26.391999999999996,24.8
114000,26.391999999999996,24.8
114100,26.391999999999996,24.8
114200,26.391999999999996,24.8
114300,26.391999999999996,24.8
114400,26.391999999999996,24.8
114500,26.391999999999996,24.8
114600,26.391999999999996,24.8
114700,26.391999999999996,24.8
114800,26.391999999999996,24.8
114900,26.391999999999996,24.8
115000,26.391999999999996,24.8
115100,26.192,24.8
115200,26.192,24.8
115300,26.192,24.8
115400,26.192,24.8
115500,26.192,24.8
115600,26.192,24.8
115700,26.192,24.8
115800,26.192,24.8
115900,26.192,24.8
116000,26.192,24.8
116100,26.192,24.8
116200,26.192,24.8
116300,26.192,24.8
116400,26.192,24.8
116500,26.192,24.8
116600,26.192,24.8
116700,26.192,24.8
116800,26.192,24.8
116900,26.192,24.8
117000,26.192,24.8
117100,26.192,24.8
117200,26.192,24.8
117300,26.192,24.8
117400,26.192,24.8
117500,26.192,24.8
117600,26.192,24.8
117700,26.192,24.8
117800,26.192,24.8
117900,26.192,24.8
118000,26.192,24.8
118100,26.192,24.8
118200,26.192,24.8
118300,26.192,24.8
118400,26.192,24.8
118500,26.192,24.8
118600,26.192,24.8
118700,26.192,24.8
118800,26.192,24.8
118900,26.192,24.8
119000,26.192,24.8
119100,26.192,24.8
119200,26.192,24.8
119300,26.192,24.8
119400,26.192,24.8
119500,26.192,24.8
119600,26.192,24.8
119700,26.192,24.8
119800,26.192,24.8
119900,26.192,24.8
120000,26.192,24.8
120100,26.192,24.8
120200,26.192,24.8
120300,26.192,24.8
120400,26.192,24.8
120500,26.192,24.8
120600,26.192,24.8
120700,26.192,24.8
120800,26.192,24.8
120900,26.192,24.8
121000,26.192,24.8
121100,26.192,24.8
121200,26.192,24.8
121300,26.192,24.8
121400,26.192,24.8
121500,26.192,24.8
121600,26.192,24.8
121700,26.192,24.8
121800,26.192,24.8
121900,26.192,24.8
122000,26.192,24.8
122100,26.192,24.8
122200,26.192,24.8
122300,26.192,24.8
122400,26.192,24.8
122500,26.192,24.8
122600,26.192,24.8
122700,26.192,24.8
122800,26.192,24.8
122900,26.192,24.8
123000,26.192,24.8
123100,25.887999999999998,24.6
123200,25.887999999999998,24.6
123300,25.887999999999998,24.6
123400,25.887999999999998,24.6
123500,25.887999999999998,24.6
123600,25.887999999999998,24.6
123700,25.887999999999998,24.6
123800,25.887999999999998,24.6
123900,25.887999999999998,24.6
124000,25.887999999999998,24.6
124100,25.887999999999998,24.6
124200,25.887999999999998,24.6
124300,25.887999999999998,24.6
124400,25.887999999999998,24.6
124500,25.887999999999998,24.6
124600,25.887999999999998,24.6
124700,25.887999999999998,24.6
124800,25.887999999999998,24.6
124900,25.887999999999998,24.6
125000,25.887999999999998,24.6
125100,25.887999999999998,24.6
125200,25.887999999999998,24.6
125300,25.776,24.6
125400,25.776,24.6
125500,25.776,24.6
125600,25.776,24.6
125700,25.776,24.6
125800,25.776,24.6
125900,25.776,24.6
126000,25.776,24.6
126100,25.776,24.6
126200,25.776,24.6
126300,25.776,24.6
126400,25.776,24.6
126500,25.776,24.6
126600,25.776,24.6
126700,25.776,24.6
126800,25.776,24.6
126900,25.776,24.6
127000,25.776,24.6
127100,25.776,24.6
127200,25.776,24.6
127300,25.776,24.6
127400,25.776,24.6
127500,25.776,24.6
127600,25.776,24.6
127700,25.776,24.6
127800,25.776,24.6
127900,25.776,24.6
128000,25.776,24.6
128100,25.776,24.6
128200,25.776,24.6
128300,25.776,24.6
128400,25.776,24.6
128500,25.776,24.6
128600,25.776,24.6
128700,25.776,24.6
128800,25.776,24.6
128900,25.776,24.6
129000,25.776,24.6
129100,25.776,24.6
129200,25.776,24.6
129300,25.776,24.6
129400,25.776,24.6
129500,25.776,24.6
129600,25.776,24.6
129700,25.776,24.6
129800,25.776,24.6
129900,25.776,24.6
130000,25.656,24.6
130100,25.656,24.6
130200,25.656,24.6
130300,25.656,24.6
130400,25.656,24.6
130500,25.656,24.6
130600,25.656,24.6
130700,25.656,24.6
130800,25.656,24.6
130900,25.656,24.6
131000,25.656,24.6
131100,25.656,24.6
131200,25.656,24.6
131300,25.656,24.6
131400,25.656,24.6
131500,25.656,24.6
131600,25.656,24.6
131700,25.656,24.6
131800,25.656,24.6
131900,25.656,24.6
132000,25.656,24.6
132100,25.656,24.6
132200,25.656,24.6
132300,25.656,24.6
132400,25.656,24.6
132500,25.656,24.6
132600,25.656,24.6
132700,25.656,24.6
132800,25.656,24.6
132900,25.656,24.6
133000,25.656,24.6
133100,25.656,24.6
133200,25.656,24.6
133300,25.656,24.6
133400,25.656,24.6
133500,25.656,24.6
133600,25.656,24.6
133700,25.656,24.6
133800,25.656,24.6
133900,25.656,24.6
134000,25.656,24.6
134100,25.656,24.6
134200,25.656,24.6
134300,25.656,24.6
134400,25.656,24.6
134500,25.656,24.6
134600,25.656,24.6
134700,25.656,24.6
134800,25.656,24.6
134900,25.656,24.6
135000,25.656,24.6
135100,25.656,24.6
135200,25.656,24.6
135300,25.656,24.6
135400,25.656,24.6
135500,25.656,24.6
135600,25.656,24.6
135700,25.656,24.6
135800,25.656,24.6
135900,25.656,24.6
136000,25.656,24.6
136100,25.656,24.6
136200,25.656,24.6
136300,25.656,24.6
136400,25.656,24.6
136500,25.656,24.6
136600,25.656,24.6
136700,25.656,24.6
136800,25.656,24.6
136900,25.656,24.6
137000,25.656,24.6
137100,25.656,24.6
137200,25.656,24.6
137300,25.656,24.6
137400,25.656,24.6
137500,25.656,24.6
137600,25.656,24.6
137700,25.656,24.6
137800,25.656,24.6
137900,25.656,24.6
138000,25.656,24.6
138100,25.656,24.6
138200,25.656,24.6
138300,25.656,24.6
138400,25.656,24.6
138500,25.656,24.6
138600,25.656,24.6
138700,25.656,24.6
138800,25.656,24.6
138900,25.656,24.6
139000,25.656,24.6
139100,25.656,24.6
139200,25.656,24.6
139300,25.656,24.6
139400,25.656,24.6
139500,25.656,24.6
139600,25.656,24.6
139700,25.656,24.6
139800,25.656,24.6
139900,25.656,24.6
140000,25.656,24.6
140100,25.656,24.6
140200,25.656,24.6
140300,25.656,24.6
140400,25.656,24.6
140500,25.656,24.6
140600,25.656,24.6
140700,25.656,24.6
140800,25.656,24.6
140900,25.656,24.6
141000,25.656,24.6
141100,25.656,24.6
141200,25.656,24.6
141300,25.656,24.6
141400,25.656,24.6
141500,25.656,24.6
141600,25.656,24.6
141700,25.656,24.6
141800,25.656,24.6
141900,25.656,24.6
142000,25.656,24.6
142100,25.656,24.6
142200,25.656,24.6
142300,25.656,24.6
142400,25.656,24.6
142500,25.656,24.6
142600,25.656,24.6
142700,25.656,24.6
142800,25.656,24.6
142900,25.656,24.6
143000,25.656,24.6
143100,25.656,24.6
143200,25.656,24.6
143300,25.656,24.6
143400,25.656,24.6
143500,25.656,24.6
143600,25.656,24.6
143700,25.656,24.6
143800,25.656,24.6
143900,25.656,24.6
144000,25.656,24.6
144100,25.656,24.6
144200,25.656,24.6
144300,25.656,24.6
144400,25.656,24.6
144500,25.656,24.6
144600,25.656,24.6
144700,25.656,24.6
144800,25.656,24.6
144900,25.656,24.6
145000,25.656,24.6
145100,25.656,24.6
145200,25.656,24.6
145300,25.656,24.6
145400,25.656,24.6
145500,25.656,24.6
145600,25.656,24.6
145700,25.656,24.6
145800,25.656,24.6
145900,25.656,24.6
146000,25.656,24.6
146100,25.656,24.6
146200,25.656,24.6
146300,25.656,24.6
146400,25.656,24.6
146500,25.656,24.6
146600,25.648000000000003,24.6
146700,25.648000000000003,24.6
146800,25.648000000000003,24.6
146900,25.648000000000003,24.6
147000,25.648000000000003,24.6
147100,25.648000000000003,24.6
147200,25.648000000000003,24.6
147300,25.648000000000003,24.6
147400,25.648000000000003,24.6
147500,25.648000000000003,24.6
147600,25.648000000000003,24.6
147700,25.648000000000003,24.6
147800,25.648000000000003,24.6
147900,25.648000000000003,24.6
148000,25.648000000000003,24.6
148100,25.648000000000003,24.6
148200,25.648000000000003,24.6
148300,25.648000000000003,24.6
148400,25.648000000000003,24.6
148500,25.648000000000003,24.6
148600,25.648000000000003,24.6
148700,25.648000000000003,24.6
148800,25.648000000000003,24.6
148900,25.648000000000003,24.6
149000,25.648000000000003,24.6
149100,25.648000000000003,24.6
149200,25.648000000000003,24.6
149300,25.648000000000003,24.6
149400,25.648000000000003,24.6
149500,25.648000000000003,24.6
149600,25.648000000000003,24.6
149700,25.648000000000003,24.6
149800,25.648000000000003,24.6
149900,25.648000000000003,24.6
150000,25.648000000000003,24.6
150100,25.648000000000003,24.6
150200,25.648000000000003,24.6
150300,25.648000000000003,24.6
150400,25.648000000000003,24.6
150500,25.648000000000003,24.6
150600,25.648000000000003,24.6
150700,25.648000000000003,24.6
150800,25.648000000000003,24.6
150900,25.648000000000003,24.6
151000,25.648000000000003,24.6
151100,25.648000000000003,24.6
151200,25.648000000000003,24.6
151300,25.648000000000003,24.6
151400,25.648000000000003,24.6
151500,25.648000000000003,24.6
151600,25.648000000000003,24.6
151700,25.648000000000003,24.6
151800,25.648000000000003,24.6
151900,25.648000000000003,24.6
152000,25.648000000000003,24.6
152100,25.648000000000003,24.6
152200,25.648000000000003,24.6
152300,25.648000000000003,24.6
152400,25.648000000000003,24.6
152500,25.648000000000003,24.6
152600,25.648000000000003,24.6
152700,25.648000000000003,24.6
152800,25.648000000000003,24.6
152900,25.648000000000003,24.6
153000,25.648000000000003,24.6
153100,25.648000000000003,24.6
153200,25.648000000000003,24.6
153300,25.648000000000003,24.6
153400,25.648000000000003,24.6
153500,25.648000000000003,24.6
153600,25.648000000000003,24.6
153700,25.648000000000003,24.6
153800,25.648000000000003,24.6
153900,25.648000000000003,24.6
154000,25.648000000000003,24.6
154100,25.648000000000003,24.6
154200,25.648000000000003,24.6
154300,25.648000000000003,24.6
154400,25.648000000000003,24.6
154500,25.648000000000003,24.6
154600,25.648000000000003,24.6
154700,25.648000000000003,24.6
154800,25.648000000000003,24.6
154900,25.648000000000003,24.6
155000,25.648000000000003,24.6
155100,25.648000000000003,24.6
155200,25.648000000000003,24.6
155300,25.648000000000003,24.6
155400,25.648000000000003,24.6
155500,25.648000000000003,24.6
155600,25.648000000000003,24.6
155700,25.648000000000003,24.6
155800,25.648000000000003,24.6
155900,25.648000000000003,24.6
156000,25.648000000000003,24.6
156100,25.648000000000003,24.6
156200,25.648000000000003,24.6
156300,25.648000000000003,24.6
156400,25.648000000000003,24.6
156500,25.648000000000003,24.6
156600,25.648000000000003,24.6
156700,25.648000000000003,24.6
156800,25.648000000000003,24.6
156900,25.648000000000003,24.6
157000,25.648000000000003,24.6
157100,25.648000000000003,24.6
157200,25.648000000000003,24.6
157300,25.648000000000003,24.6
157400,25.648000000000003,24.6
157500,25.648000000000003,24.6
157600,25.648000000000003,24.6
157700,25.648000000000003,24.6
157800,25.648000000000003,24.6
157900,25.648000000000003,24.6
158000,25.648000000000003,24.6
158100,25.648000000000003,24.6
158200,25.648000000000003,24.6
158300,25.648000000000003,24.6
158400,25.648000000000003,24.6
158500,25.648000000000003,24.6
158600,25.648000000000003,24.6
158700,25.648000000000003,24.6
158800,25.648000000000003,24.6
158900,25.648000000000003,24.6
159000,25.648000000000003,24.6
159100,25.648000000000003,24.6
159200,25.648000000000003,24.6
159300,25.648000000000003,24.6
159400,25.648000000000003,24.6
159500,25.648000000000003,24.6
159600,25.648000000000003,24.6
159700,25.648000000000003,24.6
159800,25.648000000000003,24.6
159900,25.648000000000003,24.6
160000,25.648000000000003,24.6
160100,25.648000000000003,24.6
160200,25.648000000000003,24.6
160300,25.648000000000003,24.6
160400,25.648000000000003,24.6
160500,25.648000000000003,24.6
160600,25.648000000000003,24.6
160700,25.648000000000003,24.6
160800,25.648000000000003,24.6
160900,25.648000000000003,24.6
161000,25.648000000000003,24.6
161100,25.648000000000003,24.6
161200,25.648000000000003,24.6
161300,25.648000000000003,24.6
161400,25.648000000000003,24.6
161500,25.648000000000003,24.6
161600,25.648000000000003,24.6
161700,25.648000000000003,24.6
161800,25.648000000000003,24.6
161900,25.648000000000003,24.6
162000,25.648000000000003,24.6
162100,25.648000000000003,24.6
162200,25.615999999999996,24.6
162300,25.615999999999996,24.6
162400,25.615999999999996,24.6
162500,25.615999999999996,24.6
162600,25.615999999999996,24.6
162700,25.615999999999996,24.6
162800,25.615999999999996,24.6
162900,25.615999999999996,24.6
163000,25.615999999999996,24.6
163100,25.615999999999996,24.6
163200,25.615999999999996,24.6
163300,25.615999999999996,24.6
163400,25.615999999999996,24.6
163500,25.615999999999996,24.6
163600,25.615999999999996,24.6
163700,25.615999999999996,24.6
163800,25.615999999999996,24.6
163900,25.615999999999996,24.6
164000,25.615999999999996,24.6
164100,25.615999999999996,24.6
164200,25.615999999999996,24.6
164300,25.615999999999996,24.6
164400,25.615999999999996,24.6
164500,25.615999999999996,24.6
164600,25.615999999999996,24.6
164700,25.615999999999996,24.6
164800,25.615999999999996,24.6
164900,25.615999999999996,24.6
165000,25.615999999999996,24.6
165100,25.615999999999996,24.6
165200,25.615999999999996,24.6
165300,25.615999999999996,24.6
165400,25.615999999999996,24.6
165500,25.615999999999996,24.6
165600,25.615999999999996,24.6
165700,25.615999999999996,24.6
165800,25.615999999999996,24.6
165900,25.615999999999996,24.6
166000,25.615999999999996,24.6
166100,25.615999999999996,24.6
166200,25.615999999999996,24.6
166300,25.615999999999996,24.6
166400,25.615999999999996,24.6
166500,25.615999999999996,24.6
166600,25.615999999999996,24.6
166700,25.615999999999996,24.6
166800,25.615999999999996,24.6
166900,25.615999999999996,24.6
167000,25.615999999999996,24.6
167100,25.615999999999996,24.6
167200,25.615999999999996,24.6
167300,25.615999999999996,24.6
167400,25.615999999999996,24.6
167500,25.615999999999996,24.6
167600,25.615999999999996,24.6
167700,25.615999999999996,24.6
167800,25.615999999999996,24.6
167900,25.615999999999996,24.6
168000,25.615999999999996,24.6
168100,25.615999999999996,24.6
168200,25.615999999999996,24.6
168300,25.615999999999996,24.6
168400,25.615999999999996,24.6
168500,25.615999999999996,24.6
168600,25.615999999999996,24.6
168700,25.615999999999996,24.6
168800,25.615999999999996,24.6
168900,25.615999999999996,24.6
169000,25.615999999999996,24.6
169100,25.615999999999996,24.6
169200,25.615999999999996,24.6
169300,25.615999999999996,24.6
169400,25.615999999999996,24.6
169500,25.615999999999996,24.6
169600,25.615999999999996,24.6
169700,25.615999999999996,24.6
169800,25.615999999999996,24.6
169900,25.615999999999996,24.6
170000,25.615999999999996,24.6
170100,25.615999999999996,24.6
170200,25.615999999999996,24.6
170300,25.615999999999996,24.6
170400,25.615999999999996,24.6
170500,25.615999999999996,24.6
170600,25.615999999999996,24.6
170700,25.615999999999996,24.6
170800,25.615999999999996,24.6
170900,25.615999999999996,24.6
171000,25.615999999999996,24.6
171100,25.615999999999996,24.6
171200,25.615999999999996,24.6
171300,25.615999999999996,24.6
171400,25.615999999999996,24.6
171500,25.615999999999996,24.6
171600,25.615999999999996,24.6
171700,25.615999999999996,24.6
171800,25.615999999999996,24.6
171900,25.615999999999996,24.6
172000,25.615999999999996,24.6
172100,25.615999999999996,24.6
172200,25.615999999999996,24.6
172300,25.615999999999996,24.6
172400,25.615999999999996,24.6
172500,25.615999999999996,24.6
172600,25.615999999999996,24.6
172700,25.615999999999996,24.6
172800,25.615999999999996,24.6
172900,25.615999999999996,24.6
173000,25.615999999999996,24.6
173100,25.615999999999996,24.6
173200,25.615999999999996,24.6
173300,25.615999999999996,24.6
173400,25.615999999999996,24.6
173500,25.615999999999996,24.6
173600,25.615999999999996,24.6
173700,25.615999999999996,24.6
173800,25.615999999999996,24.6
173900,25.615999999999996,24.6
174000,25.615999999999996,24.6
174100,25.615999999999996,24.6
174200,25.615999999999996,24.6
174300,25.615999999999996,24.6
174400,25.615999999999996,24.6
174500,25.615999999999996,24.6
174600,25.615999999999996,24.6
174700,25.615999999999996,24.6
174800,25.615999999999996,24.6
174900,25.615999999999996,24.6
175000,25.615999999999996,24.6
175100,25.615999999999996,24.6
175200,25.615999999999996,24.6
175300,25.615999999999996,24.6
175400,25.615999999999996,24.6
175500,25.615999999999996,24.6
175600,25.615999999999996,24.6
175700,25.615999999999996,24.6
175800,25.615999999999996,24.6
175900,25.615999999999996,24.6
176000,25.615999999999996,24.6
176100,25.615999999999996,24.6
176200,25.615999999999996,24.6
176300,25.615999999999996,24.6
176400,25.615999999999996,24.6
176500,25.615999999999996,24.6
176600,25.615999999999996,24.6
176700,25.615999999999996,24.6
176800,25.615999999999996,24.6
176900,25.615999999999996,24.6
177000,25.615999999999996,24.6
177100,25.615999999999996,24.6
177200,25.615999999999996,24.6
177300,25.615999999999996,24.6
177400,25.615999999999996,24.6
177500,25.615999999999996,24.6
177600,25.615999999999996,24.6
177700,25.615999999999996,24.6
177800,25.615999999999996,24.6
177900,25.615999999999996,24.6
178000,25.615999999999996,24.6
178100,25.615999999999996,24.6
178200,25.615999999999996,24.6
178300,25.615999999999996,24.6
178400,25.615999999999996,24.6
178500,25.615999999999996,24.6
178600,25.615999999999996,24.6
178700,25.615999999999996,24.6
178800,25.615999999999996,24.6
178900,25.615999999999996,24.6
179000,25.615999999999996,24.6
179100,25.615999999999996,24.6
179200,25.615999999999996,24.6
179300,25.615999999999996,24.6
179400,25.615999999999996,24.6
179500,25.615999999999996,24.6
179600,25.615999999999996,24.6
179700,25.615999999999996,24.6
179800,25.615999999999996,24.6
179900,25.615999999999996,24.6
180000,25.615999999999996,24.6
180100,25.615999999999996,24.6
180200,25.615999999999996,24.6
180300,25.615999999999996,24.6
180400,25.615999999999996,24.6
180500,25.615999999999996,24.6
180600,25.615999999999996,24.6
180700,25.615999999999996,24.6
180800,25.615999999999996,24.6
180900,25.615999999999996,24.6
181000,25.615999999999996,24.6
181100,25.615999999999996,24.6
181200,25.615999999999996,24.6
181300,25.615999999999996,24.6
181400,25.615999999999996,24.6
181500,25.615999999999996,24.6
181600,25.615999999999996,24.6
181700,25.615999999999996,24.6
181800,25.615999999999996,24.6
181900,25.615999999999996,24.6
182000,25.615999999999996,24.6
182100,25.615999999999996,24.6
182200,25.615999999999996,24.6
182300,25.615999999999996,24.6
182400,25.615999999999996,24.6
182500,25.615999999999996,24.6
182600,25.615999999999996,24.6
182700,25.615999999999996,24.6
182800,25.615999999999996,24.6
182900,25.615999999999996,24.6
183000,25.615999999999996,24.6
183100,25.615999999999996,24.6
183200,25.615999999999996,24.6
183300,25.615999999999996,24.6
183400,25.615999999999996,24.6
183500,25.615999999999996,24.6
183600,25.615999999999996,24.6
183700,25.615999999999996,24.6
183800,25.615999999999996,24.6
183900,25.615999999999996,24.6
184000,25.615999999999996,24.6
184100,25.615999999999996,24.6
184200,25.615999999999996,24.6
184300,25.615999999999996,24.6
184400,25.615999999999996,24.6
184500,25.615999999999996,24.6
184600,25.615999999999996,24.6
184700,25.615999999999996,24.6
184800,25.615999999999996,24.6
184900,25.615999999999996,24.6
185000,25.615999999999996,24.6
185100,25.615999999999996,24.6
185200,25.615999999999996,24.6
185300,25.615999999999996,24.6
185400,25.615999999999996,24.6
185500,25.615999999999996,24.6
185600,25.615999999999996,24.6
185700,25.615999999999996,24.6
185800,25.615999999999996,24.6
185900,25.615999999999996,24.6
186000,25.615999999999996,24.6
186100,25.615999999999996,24.6
186200,25.615999999999996,24.6
186300,25.615999999999996,24.6
186400,25.615999999999996,24.6
186500,25.615999999999996,24.6
186600,25.615999999999996,24.6
186700,25.615999999999996,24.6
186800,25.615999999999996,24.6
186900,25.615999999999996,24.6
187000,25.615999999999996,24.6
187100,25.615999999999996,24.6
187200,25.615999999999996,24.6
187300,25.615999999999996,24.6
187400,25.615999999999996,24.6
187500,25.615999999999996,24.6
187600,25.615999999999996,24.6
187700,25.615999999999996,24.6
187800,25.615999999999996,24.6
187900,25.615999999999996,24.6
188000,25.615999999999996,24.6
188100,25.615999999999996,24.6
188200,25.615999999999996,24.6
188300,25.615999999999996,24.6
188400,25.615999999999996,24.6
188500,25.615999999999996,24.6
188600,25.615999999999996,24.6
188700,25.615999999999996,24.6
188800,25.615999999999996,24.6
188900,25.615999999999996,24.6
189000,25.615999999999996,24.6
189100,25.615999999999996,24.6
189200,25.615999999999996,24.6
189300,25.615999999999996,24.6
189400,25.615999999999996,24.6
189500,25.615999999999996,24.6
189600,25.615999999999996,24.6
189700,25.615999999999996,24.6
189800,25.615999999999996,24.6
189900,25.615999999999996,24.6
190000,25.615999999999996,24.6
190100,25.615999999999996,24.6
190200,25.615999999999996,24.6
190300,25.615999999999996,24.6
190400,25.615999999999996,24.6
190500,25.615999999999996,24.6
190600,25.615999999999996,24.6
190700,25.615999999999996,24.6
190800,25.615999999999996,24.6
190900,25.615999999999996,24.6
191000,25.615999999999996,24.6
191100,25.615999999999996,24.6
191200,25.615999999999996,24.6
191300,25.615999999999996,24.6
191400,25.615999999999996,24.6
191500,25.615999999999996,24.6
191600,25.615999999999996,24.6
191700,25.615999999999996,24.6
191800,25.615999999999996,24.6
191900,25.615999999999996,24.6
192000,25.615999999999996,24.6
192100,25.615999999999996,24.6
192200,25.615999999999996,24.6
192300,25.615999999999996,24.6
192400,25.615999999999996,24.6
192500,25.615999999999996,24.6
192600,25.615999999999996,24.6
192700,25.615999999999996,24.6
192800,25.615999999999996,24.6
192900,25.615999999999996,24.6
193000,25.615999999999996,24.6
193100,25.615999999999996,24.6
193200,25.615999999999996,24.6
193300,25.615999999999996,24.6
193400,25.615999999999996,24.6
193500,25.615999999999996,24.6
193600,25.615999999999996,24.6
193700,25.615999999999996,24.6
193800,25.615999999999996,24.6
193900,25.615999999999996,24.6
194000,25.615999999999996,24.6
194100,25.615999999999996,24.6
194200,25.615999999999996,24.6
194300,25.615999999999996,24.6
194400,25.615999999999996,24.6
194500,25.615999999999996,24.6
194600,25.615999999999996,24.6
194700,25.615999999999996,24.6
194800,25.615999999999996,24.6
194900,25.615999999999996,24.6
195000,25.615999999999996,24.6
195100,25.615999999999996,24.6
195200,25.615999999999996,24.6
195300,25.615999999999996,24.6
195400,25.615999999999996,24.6
195500,25.615999999999996,24.6
195600,25.615999999999996,24.6
195700,25.615999999999996,24.6
195800,25.615999999999996,24.6
195900,25.615999999999996,24.6
196000,25.615999999999996,24.6
196100,25.615999999999996,24.6
196200,25.615999999999996,24.6
196300,25.615999999999996,24.6
196400,25.615999999999996,24.6
196500,25.615999999999996,24.6
196600,25.615999999999996,24.6
196700,25.615999999999996,24.6
196800,25.615999999999996,24.6
196900,25.615999999999996,24.6
197000,25.615999999999996,24.6
197100,25.615999999999996,24.6
197200,25.615999999999996,24.6
197300,25.615999999999996,24.6
197400,25.615999999999996,24.6
197500,25.615999999999996,24.6
197600,25.615999999999996,24.6
197700,25.615999999999996,24.6
197800,25.615999999999996,24.6
197900,25.615999999999996,24.6
198000,25.615999999999996,24.6
198100,25.232,24.6
198200,25.232,24.6
198300,25.232,24.6
198400,25.232,24.6
198500,25.232,24.6
198600,25.232,24.6
198700,25.232,24.6
198800,25.232,24.6
198900,25.232,24.6
199000,25.232,24.6
199100,25.232,24.6
199200,25.232,24.6
199300,25.232,24.6
199400,25.232,24.6
199500,25.232,24.6
199600,25.232,24.6
199700,25.232,24.6
199800,25.232,24.6
199900,25.232,24.6
199999,25.232,24.6

START ALGORITHM
h14: (a31) * (b31)
h15: (a13 + a33 + a51 + a21 + a55 + a24 - a55 - a24 - a21 - a33 - a12 - a12 - a35 - a15) * (-b33 - b12)
h25: (a22 + a11 + a24 + a33 + a22 - a14 - a45 - a55 - a12 - a42 - a54 - a32 - a12 - a25 - a33 - a54 - a22) * (b35)
h26: (-a54) * (b15 + b35 - b12 - b14 - b45)
h33: (a12 + a24 + a13 - a33 - a51 - a55) * (-b24)
h44: (-a51) * (b44)
h45: (a14 - a12 - a44) * (b52 - b55)
h50: (a14 + a45 + a41 - a21 - a42 - a35 - a52 - a44 - a52) * (b54 + b44)
h65: (a12 + a52 + a23 - a25 - a31 - a13 - a21) * (b52 + b43)
h66: (-a11 - a52) * (-b54)
h75: (a52 + a52 + a24 + a14 + a15 + a41 - a35 - a53 - a11 - a45 - a44) * (b23 + b21)
h76: (a31 + a25 + a45 + a41 + a35 - a33 - a24 - a21 - a45 - a45 - a42) * (b23 - b53)
h81: (a22 + a11 - a54) * (b45)
h84: (-a23) * (-b52)
h106: (a21) * (-b23)
h107: (-a21) * (-b53 - b15)
h111: (a12 + a54 - a32 - a22 - a23 - a51 - a15 - a52) * (-b13)
h120: (a23) * (-b31 - b33)
h132: (a33 + a54 + a53 + a21 + a33 + a42 + a13 + a24 - a11 - a53 - a23 - a12 - a41 - a13 - a23) * (b51)
h139: (a42 + a24 - a32 - a11 - a51 - a35 - a22) * (-b14 - b52)
h156: (-a44 - a42 - a11) * (b12 + b54)
h167: (-a51 - a13 - a12 - a33) * (b22)
h201: (a54 + a14 + a53 + a44 + a52 + a44 + a35 - a44 - a15 - a32 - a24 - a33) * (-b54)
h209: (-a54 - a25) * (b32)
h481: (a32 + a32 + a32 + a23 + a34 + a51 + a23 - a24 - a34 - a31 - a42 - a51 - a13 - a22 - a42 - a52) * (b25)
h504: (a54 + a12 - a11 - a13) * (b31 - b53)
h557: (a41 + a32 + a33 + a54 + a32 - a51 - a12 - a54 - a34 - a15 - a12 - a12 - a33) * (-b24)
h574: (a25 + a21 + a15) * (b45 - b35)
h607: (a31 + a12 + a33 + a15 + a41 + a32 + a21 + a33 + a31 + a43 - a23 - a32 - a41 - a35 - a44 - a54) * (b24)
h646: (a31 + a54 + a45 - a25 - a54) * (-b13)
h1047: (-a41) * (b24)
h1952: (a43) * (b13)
h2044: (a53 + a41 + a34 + a44 + a24 + a15 + a22 + a45 + a33 - a34 - a55 - a43 - a41 - a32 - a24 - a53 - a53 - a12) * (b21)
h5380: (a21 + a15 + a14) * (b55)
h5409: (a41 + a54 + a52 + a31 + a35 + a34 + a52 + a32 + a22 + a42 + a12 + a13 - a23 - a34 - a15 - a55 - a54 - a45) * (-b15 - b21)
h5522: (a45 + a51 + a22 + a42 - a54 - a51 - a42 - a55) * (b32)
h5661: (a41 + a43 + a25 + a41 + a12 + a23 + a21 + a32 + a53 - a35 - a33 - a42 - a22 - a23 - a45 - a35 - a22 - a31 - a51 - a31 - a14) * (b43)
h7798: (a53 + a21 + a23 + a21 + a21 + a14 + a34 + a24 + a42 + a11 - a12 - a32 - a11 - a54 - a15 - a42 - a21) * (-b35)
h12447: (-a14) * (b42 - b25 - b23 - b22)
h17080: (a23 - a31) * (-b24)
h20625: (a32 + a34 + a41 + a21 + a22 + a51 + a43 + a53 - a41 - a41 - a53 - a11 - a44 - a12) * (b55 - b13)
h26943: (a23 + a25 + a23 + a15 + a41 - a33 - a45 - a43 - a32 - a41 - a13 - a15 - a11 - a23 - a14) * (b21 - b32)
h40559: (a12 + a24 + a15 + a44 + a34 + a55 + a35 + a25 - a52 - a33 - a35 - a35 - a21) * (b12 - b43 - b43)
h48107: (a11 + a11 + a44 - a41 - a12 - a13 - a31 - a15 - a52 - a13 - a53 - a11 - a24 - a15 - a22 - a42) * (b44 - b25)
h55357: (a44 + a42 + a32 + a33 + a52 + a11 + a14 + a24 - a53 - a21 - a33 - a14) * (b11)
h55404: (a22 + a52 + a35 + a31 + a14 - a44 - a44 - a43 - a21 - a54) * (b51 - b44 - b13 - b42)
h57382: (a33 + a45 + a43 + a52 - a54 - a22 - a14 - a33) * (-b53)
h61391: (a23 + a51 + a52 + a21 + a52 + a43 + a23 + a33 + a45 + a33 - a44 - a21 - a31 - a43 - a31 - a21) * (b23 + b12 - b31 - b11)
h73040: (a45 + a15 + a11 - a25 - a53 - a44 - a42 - a21 - a15) * (b25)
h98624: (a55 - a33) * (b43)
c11: h111 + h57382 - h84 - h73040 
c12: h20625 - h1047 
c13: h15 
c14: h1047 + h5409 
c15: h26 + h33 + h17080 
c21: h106 + h167 + h574 + h40559 - h201 - h574 
c22: - h107 - h2044 
c23: h156 + h25 + h481 + h107 
c24: h45 + h14 
c25: h14 + h98624 
c31: h607 + h5522 + h66 
c32: h15 - h76 
c33: h7798 + h61391 - h120 
c34: h76 + h48107 
c35: h50 + h5661 + h55357 - h66 - h55404 
c41: h81 + h646 
c42: h111 + h481 
c43: h33 + h132 
c44: h45 - h12447 
c45: h50 + h504 + h5380 + h106 
c51: h65 + h557 + h139 + h26 - h5522 
c52: h45 - h1952 
c53: h81 + h44 + h201 + h1952 
c54: h75 + h84 + h26943 - h209 
c55: h574 + h5661 
