0,197.67199999999997,25
100,167.38400000000001,25
200,145.464,24.8
300,121.66400000000002,25
400,108.78400000000002,24.8
500,97.28,24.6
600,93.576,24.6
700,87.488,24.8
800,80.624,24.6
900,72.928,24.6
1000,72.024,24.8
1100,68.55999999999999,24.4
1200,65.848,24.6
1300,63.072,24.4
1400,59.712,24.8
1500,52.672000000000004,25
1600,52.279999999999994,25
1700,49.472,24.8
1800,48.864,24.6
1900,47.720000000000006,24.6
2000,47.464,24.6
2100,46.024,24.6
2200,44.760000000000005,24.4
2300,44.552,24.4
2400,44.184,24.4
2500,43.08800000000001,24.4
2600,42.767999999999994,24.4
2700,41.928,24.4
2800,38.68,24.4
2900,38.68,24.4
3000,38.656,24.4
3100,37.70399999999999,24.4
3200,37.424,24.2
3300,36.903999999999996,24.2
3400,36.775999999999996,24.2
3500,36.056000000000004,24.2
3600,36.056000000000004,24.2
3700,35.480000000000004,24.4
3800,34.68,24.2
3900,34.68,24.2
4000,33.128,24.2
4100,33.128,24.2
4200,32.688,24.2
4300,32.672000000000004,24.2
4400,31.776,24.2
4500,31.48,24.2
4600,31.48,24.2
4700,30.8,24.2
4800,30.28,24.2
4900,30.28,24.2
5000,29.904000000000003,24.2
5100,29.712,24.4
5200,29.264,24.4
5300,29.080000000000002,24.4
5400,29.024,24.6
5500,28.887999999999998,24.6
5600,27.272000000000002,24.8
5700,26.671999999999997,24.8
5800,26.168,24.8
5900,25.895999999999997,24.8
6000,25.839999999999996,24.8
6100,25.080000000000002,24.8
6200,24.896,24.8
6300,24.824,24.6
6400,24.824,24.6
6500,24.816,24.6
6600,24.616,24.6
6700,24.616,24.6
6800,23.312,24.6
6900,23.2,24.6
7000,22.887999999999998,24.6
7100,22.704,24.6
7200,22.024,24.4
7300,21.304,24.4
7400,21.304,24.4
7500,20.856,24.4
7600,20.784,24.4
7700,20.784,24.4
7800,20.408,24.4
7900,20.192,24.4
8000,19.648000000000003,24.4
8100,19.448,24.4
8200,19.119999999999997,24.6
8300,18.648000000000003,24.6
8400,18.56,24.4
8500,18.56,24.4
8600,18.44,24.4
8700,18.432,24.4
8800,18.432,24.4
8900,18.432,24.4
9000,17.784,24.4
9100,17.784,24.4
9200,17.6,24.4
9300,17.6,24.4
9400,17.6,24.4
9500,17.6,24.4
9600,17.375999999999998,24.4
9700,17.375999999999998,24.4
9800,17.375999999999998,24.4
9900,17.375999999999998,24.4
10000,17.168,24.4
10100,17.072,24.4
10200,17.072,24.4
10300,16.584,24.4
10400,16.584,24.4
10500,16.584,24.4
10600,16.336000000000002,24.4
10700,16.288,24.4
10800,15.943999999999999,24.4
10900,15.919999999999998,24.4
11000,15.919999999999998,24.4
11100,15.895999999999997,24.4
11200,15.895999999999997,24.4
11300,15.791999999999998,24.4
11400,15.791999999999998,24.4
11500,15.791999999999998,24.4
11600,15.791999999999998,24.4
11700,15.791999999999998,24.4
11800,15.552000000000001,24.4
11900,15.552000000000001,24.4
12000,15.463999999999999,24.4
12100,15.463999999999999,24.4
12200,15.151999999999997,24.4
12300,15.151999999999997,24.4
12400,15.039999999999997,24.4
12500,15.039999999999997,24.4
12600,14.975999999999999,24.4
12700,14.975999999999999,24.4
12800,14.888000000000002,24.4
12900,14.847999999999999,24.4
13000,14.847999999999999,24.4
13100,14.847999999999999,24.4
13200,14.847999999999999,24.4
13300,14.847999999999999,24.4
13400,14.576000000000002,24.4
13500,14.52,24.4
13600,14.52,24.4
13700,14.416,24.4
13800,14.408000000000001,24.4
13900,14.408000000000001,24.4
14000,14.408000000000001,24.4
14100,14.272,24.4
14200,14.024000000000001,24.6
14300,14.024000000000001,24.6
14400,14.024000000000001,24.6
14500,14.016,24.6
14600,14.016,24.6
14700,13.839999999999998,24.6
14800,13.112,24.6
14900,13.112,24.6
15000,13.096,24.6
15100,13.095999999999998,24.6
15200,13.095999999999998,24.6
15300,12.943999999999999,24.6
15400,12.912,24.6
15500,12.792,24.6
15600,12.792,24.6
15700,12.792,24.6
15800,12.584,24.6
15900,12.584,24.6
16000,12.584,24.6
16100,12.584,24.6
16200,12.4,24.6
16300,12.4,24.6
16400,12.4,24.6
16500,12.4,24.6
16600,12.4,24.6
16700,12.4,24.6
16800,12.4,24.6
16900,12.4,24.6
17000,12.4,24.6
17100,12.296,24.6
17200,12.288,24.6
17300,12.288,24.6
17400,12.288,24.6
17500,12.288,24.6
17600,12.288,24.6
17700,12.288,24.6
17800,12.288,24.6
17900,12.288,24.6
18000,12.288,24.6
18100,12.288,24.6
18200,12.288,24.6
18300,12.288,24.6
18400,12.288,24.6
18500,12.288,24.6
18600,12.288,24.6
18700,12.288,24.6
18800,12.288,24.6
18900,12.288,24.6
19000,12.288,24.6
19100,12.288,24.6
19200,12.288,24.6
19300,12.288,24.6
19400,12.288,24.6
19500,12.288,24.6
19600,12.288,24.6
19700,12.272,24.6
19800,12.272,24.6
19900,12.207999999999998,24.6
20000,12.168000000000001,24.6
20100,12.168000000000001,24.6
20200,12.168000000000001,24.6
20300,12.168000000000001,24.6
20400,12.168000000000001,24.6
20500,12.168000000000001,24.6
20600,12.168000000000001,24.6
20700,12.168000000000001,24.6
20800,12.168000000000001,24.6
20900,12.168000000000001,24.6
21000,12.168000000000001,24.6
21100,12.168000000000001,24.6
21200,12.080000000000002,24.6
21300,12.080000000000002,24.6
21400,12.080000000000002,24.6
21500,12.080000000000002,24.6
21600,12.080000000000002,24.6
21700,11.960000000000003,24.4
21800,11.488,24.4
21900,11.488,24.4
22000,11.488,24.4
22100,11.488,24.4
22200,11.488,24.4
22300,11.488,24.4
22400,11.488,24.4
22500,11.488,24.4
22600,11.488,24.4
22700,11.488,24.4
22800,11.488,24.4
22900,11.488,24.4
23000,11.447999999999999,24.4
23100,11.447999999999999,24.4
23200,11.447999999999999,24.4
23300,11.447999999999999,24.4
23400,11.192,24.2
23500,11.008,24.2
23600,11.008,24.2
23700,10.927999999999999,24.2
23800,10.584,24.2
23900,10.584,24.2
24000,10.584,24.2
24100,10.584,24.2
24200,10.584,24.2
24300,10.584,24.2
24400,10.584,24.2
24500,10.584,24.2
24600,10.584,24.2
24700,10.472,24.2
24800,10.472,24.2
24900,10.472,24.2
25000,10.472,24.2
25100,10.464,24
25200,10.464,24
25300,10.464,24
25400,10.464,24
25500,10.464,24
25600,10.328,24
25700,10.328,24
25800,10.328,24
25900,10.328,24
26000,10.328,24
26100,10.328,24
26200,10.328,24
26300,10.328,24
26400,10.328,24
26500,10.328,24
26600,10.328,24
26700,10.328,24
26800,10.328,24
26900,10.328,24
27000,10.328,24
27100,10.296000000000001,24
27200,10.296000000000001,24
27300,10.296000000000001,24
27400,10.296000000000001,24
27500,10.296000000000001,24
27600,10.296000000000001,24
27700,10.296000000000001,24
27800,10.296000000000001,24
27900,10.272,24
28000,10.272,24
28100,10.272,24
28200,10.184000000000001,23.8
28300,10.184000000000001,23.8
28400,10.184000000000001,23.8
28500,10.184000000000001,23.8
28600,10.184000000000001,23.8
28700,10.184000000000001,23.8
28800,10.184000000000001,23.8
28900,10.184000000000001,23.8
29000,10.16,23.8
29100,10.16,23.8
29200,10.16,23.8
29300,10.16,23.8
29400,10.16,23.8
29500,10.16,23.8
29600,10.064,23.8
29700,10.064,23.8
29800,10.064,23.8
29900,10.064,23.8
30000,10.064,23.8
30100,10.064,23.8
30200,10.064,23.8
30300,10.064,23.8
30400,10.064,23.8
30500,10.064,23.8
30600,10.064,23.8
30700,10.064,23.8
30800,10.064,23.8
30900,9.88,23.8
31000,9.88,23.8
31100,9.88,23.8
31200,9.872,23.8
31300,9.872,23.8
31400,9.872,23.8
31500,9.872,23.8
31600,9.872,23.8
31700,9.872,23.8
31800,9.872,23.8
31900,9.872,23.8
32000,9.872,23.8
32100,9.872,23.8
32200,9.872,23.8
32300,9.872,23.8
32400,9.872,23.8
32500,9.872,23.8
32600,9.872,23.8
32700,9.872,23.8
32800,9.872,23.8
32900,9.872,23.8
33000,9.872,23.8
33100,9.824000000000002,23.8
33200,9.824000000000002,23.8
33300,9.824000000000002,23.8
33400,9.824000000000002,23.8
33500,9.824000000000002,23.8
33600,9.824000000000002,23.8
33700,9.824000000000002,23.8
33800,9.824000000000002,23.8
33900,9.824000000000002,23.8
34000,9.824000000000002,23.8
34100,9.824000000000002,23.8
34200,9.824000000000002,23.8
34300,9.824000000000002,23.8
34400,9.768,24
34500,9.768,24
34600,9.768,24
34700,9.6,24
34800,9.544,24.2
34900,9.456,24.2
35000,9.456,24.2
35100,9.264,24.2
35200,9.264,24.2
35300,9.264,24.2
35400,9.264,24.2
35500,9.264,24.2
35600,9.264,24.2
35700,9.264,24.2
35800,9.264,24.2
35900,9.264,24.2
36000,9.264,24.2
36100,9.264,24.2
36200,9.264,24.2
36300,9.264,24.2
36400,9.264,24.2
36500,9.239999999999998,24.2
36600,9.239999999999998,24.2
36700,9.224,24.2
36800,9.224,24.2
36900,9.224,24.2
37000,9.224,24.2
37100,9.224,24.2
37200,9.224,24.2
37300,9.224,24.2
37400,9.224,24.2
37500,9.224,24.2
37600,9.224,24.2
37700,9.224,24.2
37800,9.224,24.2
37900,9.224,24.2
38000,9.224,24.2
38100,9.224,24.2
38200,9.224,24.2
38300,9.224,24.2
38400,9.168000000000001,24.2
38500,9.168000000000001,24.2
38600,9.168000000000001,24.2
38700,9.168000000000001,24.2
38800,9.168000000000001,24.2
38900,9.168000000000001,24.2
39000,9.168000000000001,24.2
39100,9.168000000000001,24.2
39200,9.168000000000001,24.2
39300,9.168000000000001,24.2
39400,9.168000000000001,24.2
39500,9.168000000000001,24.2
39600,9.168000000000001,24.2
39700,9.168000000000001,24.2
39800,9.168000000000001,24.2
39900,9.168000000000001,24.2
40000,9.16,24.2
40100,9.16,24.2
40200,9.16,24.2
40300,9.16,24.2
40400,9.16,24.2
40500,9.16,24.2
40600,9.16,24.2
40700,9.16,24.2
40800,9.16,24.2
40900,9.16,24.2
41000,9.16,24.2
41100,9.16,24.2
41200,9.16,24.2
41300,8.943999999999999,24.2
41400,8.943999999999999,24.2
41500,8.943999999999999,24.2
41600,8.943999999999999,24.2
41700,8.888,24
41800,8.8,24
41900,8.8,24
42000,8.8,24
42100,8.8,24
42200,8.8,24
42300,8.8,24
42400,8.8,24
42500,8.8,24
42600,8.8,24
42700,8.8,24
42800,8.8,24
42900,8.768,24
43000,8.768,24
43100,8.768,24
43200,8.696000000000002,24
43300,8.696000000000002,24
43400,8.672,23.8
43500,8.672,23.8
43600,8.672,23.8
43700,8.672,23.8
43800,8.672,23.8
43900,8.672,23.8
44000,8.672,23.8
44100,8.672,23.8
44200,8.672,23.8
44300,8.672,23.8
44400,8.672,23.8
44500,8.672,23.8
44600,8.672,23.8
44700,8.672,23.8
44800,8.672,23.8
44900,8.672,23.8
45000,8.672,23.8
45100,8.672,23.8
45200,8.672,23.8
45300,8.672,23.8
45400,8.672,23.8
45500,8.672,23.8
45600,8.672,23.8
45700,8.672,23.8
45800,8.672,23.8
45900,8.672,23.8
46000,8.672,23.8
46100,8.672,23.8
46200,8.672,23.8
46300,8.672,23.8
46400,8.672,23.8
46500,8.672,23.8
46600,8.559999999999999,23.8
46700,8.559999999999999,23.8
46800,8.559999999999999,23.8
46900,8.559999999999999,23.8
47000,8.559999999999999,23.8
47100,8.559999999999999,23.8
47200,8.559999999999999,23.8
47300,8.559999999999999,23.8
47400,8.559999999999999,23.8
47500,8.376000000000001,23.6
47600,8.376000000000001,23.6
47700,8.376000000000001,23.6
47800,8.376000000000001,23.6
47900,8.376000000000001,23.6
48000,8.376000000000001,23.6
48100,8.336,23.8
48200,8.248,23.6
48300,8.248,23.6
48400,8.248,23.6
48500,8.248,23.6
48600,8.248,23.6
48700,8.224,23.6
48800,8.224,23.6
48900,8.224,23.6
49000,8.224,23.6
49100,8.224,23.6
49200,8.224,23.6
49300,8.224,23.6
49400,8.224,23.6
49500,8.224,23.6
49600,8.224,23.6
49700,8.224,23.6
49800,8.2,23.6
49900,8.2,23.6
50000,8.2,23.6
50100,8.2,23.6
50200,8.2,23.6
50300,8.2,23.6
50400,8.2,23.6
50500,8.2,23.6
50600,8.2,23.6
50700,8.2,23.6
50800,8.2,23.6
50900,8.2,23.6
51000,8.2,23.6
51100,8.2,23.6
51200,8.2,23.6
51300,8.2,23.6
51400,8.2,23.6
51500,8.2,23.6
51600,8.2,23.6
51700,8.2,23.6
51800,8.2,23.6
51900,8.2,23.6
52000,8.2,23.6
52100,8.2,23.6
52200,8.2,23.6
52300,8.2,23.6
52400,8.2,23.6
52500,8.2,23.6
52600,8.2,23.6
52700,8.16,23.6
52800,8.16,23.6
52900,8.16,23.6
53000,8.16,23.6
53100,8.16,23.6
53200,8.16,23.6
53300,8.16,23.6
53400,8.16,23.6
53500,8.16,23.6
53600,8.16,23.6
53700,8.16,23.6
53800,8.16,23.6
53900,8.16,23.6
54000,8.16,23.6
54100,8.16,23.6
54200,8.16,23.6
54300,8.16,23.6
54400,8.16,23.6
54500,8.16,23.6
54600,8.120000000000001,23.6
54700,8.120000000000001,23.6
54800,8.120000000000001,23.6
54900,8.120000000000001,23.6
55000,8.120000000000001,23.6
55100,8.120000000000001,23.6
55200,8.120000000000001,23.6
55300,8.120000000000001,23.6
55400,8.120000000000001,23.6
55500,8.120000000000001,23.6
55600,8.120000000000001,23.6
55700,8.120000000000001,23.6
55800,8.120000000000001,23.6
55900,8.120000000000001,23.6
56000,8.120000000000001,23.6
56100,8.120000000000001,23.6
56200,8.120000000000001,23.6
56300,8.120000000000001,23.6
56400,8.120000000000001,23.6
56500,8.120000000000001,23.6
56600,8.120000000000001,23.6
56700,8.120000000000001,23.6
56800,8.120000000000001,23.6
56900,8.120000000000001,23.6
57000,8.120000000000001,23.6
57100,8.072,23.6
57200,8.072,23.6
57300,8.072,23.6
57400,8.072,23.6
57500,8.072,23.6
57600,8.072,23.6
57700,8.072,23.6
57800,8.072,23.6
57900,8.072,23.6
58000,8.072,23.6
58100,8.072,23.6
58200,8.072,23.6
58300,8.072,23.6
58400,8.072,23.6
58500,8.072,23.6
58600,8.072,23.6
58700,8.072,23.6
58800,8.072,23.6
58900,8.072,23.6
59000,8.072,23.6
59100,8.072,23.6
59200,8.063999999999998,23.4
59300,8.063999999999998,23.4
59400,8.008,23.4
59500,8.008,23.4
59600,8.008,23.4
59700,8.008,23.4
59800,8.008,23.4
59900,8.008,23.4
60000,8.008,23.4
60100,8.008,23.4
60200,8.008,23.4
60300,8.008,23.4
60400,8.008,23.4
60500,8.008,23.4
60600,7.928,23.4
60700,7.928,23.4
60800,7.928,23.4
60900,7.928,23.4
61000,7.928,23.4
61100,7.928,23.4
61200,7.904000000000001,23.4
61300,7.895999999999999,23.6
61400,7.895999999999999,23.6
61500,7.895999999999999,23.6
61600,7.895999999999999,23.6
61700,7.895999999999999,23.6
61800,7.895999999999999,23.6
61900,7.895999999999999,23.6
62000,7.895999999999999,23.6
62100,7.895999999999999,23.6
62200,7.895999999999999,23.6
62300,7.895999999999999,23.6
62400,7.895999999999999,23.6
62500,7.895999999999999,23.6
62600,7.895999999999999,23.6
62700,7.895999999999999,23.6
62800,7.895999999999999,23.6
62900,7.895999999999999,23.6
63000,7.895999999999999,23.6
63100,7.895999999999999,23.6
63200,7.895999999999999,23.6
63300,7.895999999999999,23.6
63400,7.895999999999999,23.6
63500,7.895999999999999,23.6
63600,7.895999999999999,23.6
63700,7.895999999999999,23.6
63800,7.895999999999999,23.6
63900,7.895999999999999,23.6
64000,7.895999999999999,23.6
64100,7.895999999999999,23.6
64200,7.895999999999999,23.6
64300,7.895999999999999,23.6
64400,7.895999999999999,23.6
64500,7.895999999999999,23.6
64600,7.895999999999999,23.6
64700,7.895999999999999,23.6
64800,7.895999999999999,23.6
64900,7.895999999999999,23.6
65000,7.895999999999999,23.6
65100,7.895999999999999,23.6
65200,7.895999999999999,23.6
65300,7.895999999999999,23.6
65400,7.895999999999999,23.6
65500,7.895999999999999,23.6
65600,7.895999999999999,23.6
65700,7.895999999999999,23.6
65800,7.895999999999999,23.6
65900,7.895999999999999,23.6
66000,7.895999999999999,23.6
66100,7.895999999999999,23.6
66200,7.895999999999999,23.6
66300,7.895999999999999,23.6
66400,7.895999999999999,23.6
66500,7.895999999999999,23.6
66600,7.895999999999999,23.6
66700,7.895999999999999,23.6
66800,7.895999999999999,23.6
66900,7.895999999999999,23.6
67000,7.895999999999999,23.6
67100,7.872,23.6
67200,7.872,23.6
67300,7.872,23.6
67400,7.872,23.6
67500,7.872,23.6
67600,7.872,23.6
67700,7.872,23.6
67800,7.872,23.6
67900,7.872,23.6
68000,7.872,23.6
68100,7.847999999999999,23.6
68200,7.847999999999999,23.6
68300,7.847999999999999,23.6
68400,7.847999999999999,23.6
68500,7.847999999999999,23.6
68600,7.847999999999999,23.6
68700,7.847999999999999,23.6
68800,7.847999999999999,23.6
68900,7.847999999999999,23.6
69000,7.847999999999999,23.6
69100,7.847999999999999,23.6
69200,7.847999999999999,23.6
69300,7.847999999999999,23.6
69400,7.847999999999999,23.6
69500,7.847999999999999,23.6
69600,7.847999999999999,23.6
69700,7.847999999999999,23.6
69800,7.847999999999999,23.6
69900,7.847999999999999,23.6
70000,7.847999999999999,23.6
70100,7.847999999999999,23.6
70200,7.847999999999999,23.6
70300,7.847999999999999,23.6
70400,7.847999999999999,23.6
70500,7.847999999999999,23.6
70600,7.847999999999999,23.6
70700,7.847999999999999,23.6
70800,7.847999999999999,23.6
70900,7.847999999999999,23.6
71000,7.847999999999999,23.6
71100,7.847999999999999,23.6
71200,7.847999999999999,23.6
71300,7.847999999999999,23.6
71400,7.847999999999999,23.6
71500,7.847999999999999,23.6
71600,7.847999999999999,23.6
71700,7.847999999999999,23.6
71800,7.847999999999999,23.6
71900,7.840000000000001,23.6
72000,7.832000000000001,23.8
72100,7.832000000000001,23.8
72200,7.832000000000001,23.8
72300,7.832000000000001,23.8
72400,7.832000000000001,23.8
72500,7.832000000000001,23.8
72600,7.832000000000001,23.8
72700,7.832000000000001,23.8
72800,7.832000000000001,23.8
72900,7.832000000000001,23.8
73000,7.832000000000001,23.8
73100,7.8,23.6
73200,7.8,23.6
73300,7.8,23.6
73400,7.8,23.6
73500,7.8,23.6
73600,7.8,23.6
73700,7.8,23.6
73800,7.8,23.6
73900,7.8,23.6
74000,7.8,23.6
74100,7.8,23.6
74200,7.8,23.6
74300,7.8,23.6
74400,7.8,23.6
74500,7.8,23.6
74600,7.8,23.6
74700,7.8,23.6
74800,7.8,23.6
74900,7.8,23.6
75000,7.8,23.6
75100,7.8,23.6
75200,7.8,23.6
75300,7.8,23.6
75400,7.8,23.6
75500,7.8,23.6
75600,7.8,23.6
75700,7.8,23.6
75800,7.8,23.6
75900,7.8,23.6
76000,7.8,23.6
76100,7.8,23.6
76200,7.8,23.6
76300,7.8,23.6
76400,7.8,23.6
76500,7.8,23.6
76600,7.8,23.6
76700,7.8,23.6
76800,7.8,23.6
76900,7.8,23.6
77000,7.8,23.6
77100,7.8,23.6
77200,7.8,23.6
77300,7.8,23.6
77400,7.8,23.6
77500,7.8,23.6
77600,7.8,23.6
77700,7.8,23.6
77800,7.8,23.6
77900,7.8,23.6
78000,7.8,23.6
78100,7.8,23.6
78200,7.744,23.6
78300,7.744,23.6
78400,7.744,23.6
78500,7.744,23.6
78600,7.744,23.6
78700,7.744,23.6
78800,7.744,23.6
78900,7.744,23.6
79000,7.744,23.6
79100,7.744,23.6
79200,7.744,23.6
79300,7.744,23.6
79400,7.744,23.6
79500,7.624,23.6
79600,7.624,23.6
79700,7.624,23.6
79800,7.624,23.6
79900,7.624,23.6
80000,7.624,23.6
80100,7.624,23.6
80200,7.6,23.6
80300,7.6,23.6
80400,7.6,23.6
80500,7.6,23.6
80600,7.6,23.6
80700,7.6,23.6
80800,7.6,23.6
80900,7.6,23.6
81000,7.6,23.6
81100,7.6,23.6
81200,7.6,23.6
81300,7.6,23.6
81400,7.6,23.6
81500,7.6,23.6
81600,7.6,23.6
81700,7.6,23.6
81800,7.6,23.6
81900,7.6,23.6
82000,7.6,23.6
82100,7.6,23.6
82200,7.6,23.6
82300,7.6,23.6
82400,7.6,23.6
82500,7.6,23.6
82600,7.6,23.6
82700,7.6,23.6
82800,7.6,23.6
82900,7.6,23.6
83000,7.6,23.6
83100,7.6,23.6
83200,7.6,23.6
83300,7.6,23.6
83400,7.6,23.6
83500,7.6,23.6
83600,7.6,23.6
83700,7.6,23.6
83800,7.6,23.6
83900,7.6,23.6
84000,7.6,23.6
84100,7.6,23.6
84200,7.6,23.6
84300,7.6,23.6
84400,7.6,23.6
84500,7.6,23.6
84600,7.6,23.6
84700,7.6,23.6
84800,7.6,23.6
84900,7.6,23.6
85000,7.6,23.6
85100,7.6,23.6
85200,7.6,23.6
85300,7.6,23.6
85400,7.6,23.6
85500,7.6,23.6
85600,7.6,23.6
85700,7.6,23.6
85800,7.6,23.6
85900,7.6,23.6
86000,7.6,23.6
86100,7.6,23.6
86200,7.6,23.6
86300,7.6,23.6
86400,7.5920000000000005,23.6
86500,7.504,23.4
86600,7.504,23.4
86700,7.504,23.4
86800,7.504,23.4
86900,7.504,23.4
87000,7.504,23.4
87100,7.504,23.4
87200,7.504,23.4
87300,7.504,23.4
87400,7.504,23.4
87500,7.504,23.4
87600,7.504,23.4
87700,7.504,23.4
87800,7.504,23.4
87900,7.504,23.4
88000,7.504,23.4
88100,7.504,23.4
88200,7.504,23.4
88300,7.504,23.4
88400,7.504,23.4
88500,7.296000000000001,23.6
88600,7.296000000000001,23.6
88700,7.296000000000001,23.6
88800,7.296000000000001,23.6
88900,7.256,23.6
89000,7.175999999999999,23.4
89100,7.175999999999999,23.4
89200,7.175999999999999,23.4
89300,7.175999999999999,23.4
89400,7.175999999999999,23.4
89500,7.175999999999999,23.4
89600,7.08,23.4
89700,7.08,23.4
89800,7.08,23.4
89900,7.08,23.4
90000,7.08,23.4
90100,7.08,23.4
90200,7.08,23.4
90300,7.08,23.4
90400,7.08,23.4
90500,7.08,23.4
90600,7.08,23.4
90700,7.08,23.4
90800,7.08,23.4
90900,7.08,23.4
91000,7.08,23.4
91100,7.08,23.4
91200,7.08,23.4
91300,7.08,23.4
91400,7.08,23.4
91500,7.08,23.4
91600,6.896000000000001,23.4
91700,6.896000000000001,23.4
91800,6.896000000000001,23.4
91900,6.896000000000001,23.4
92000,6.896000000000001,23.4
92100,6.896000000000001,23.4
92200,6.896000000000001,23.4
92300,6.896000000000001,23.4
92400,6.896000000000001,23.4
92500,6.896000000000001,23.4
92600,6.896000000000001,23.4
92700,6.896000000000001,23.4
92800,6.896000000000001,23.4
92900,6.896000000000001,23.4
93000,6.896000000000001,23.4
93100,6.896000000000001,23.4
93200,6.896000000000001,23.4
93300,6.896000000000001,23.4
93400,6.896000000000001,23.4
93500,6.896000000000001,23.4
93600,6.896000000000001,23.4
93700,6.896000000000001,23.4
93800,6.896000000000001,23.4
93900,6.896000000000001,23.4
94000,6.896000000000001,23.4
94100,6.896000000000001,23.4
94200,6.896000000000001,23.4
94300,6.896000000000001,23.4
94400,6.896000000000001,23.4
94500,6.896000000000001,23.4
94600,6.896000000000001,23.4
94700,6.896000000000001,23.4
94800,6.896000000000001,23.4
94900,6.896000000000001,23.4
95000,6.896000000000001,23.4
95100,6.896000000000001,23.4
95200,6.896000000000001,23.4
95300,6.896000000000001,23.4
95400,6.896000000000001,23.4
95500,6.896000000000001,23.4
95600,6.896000000000001,23.4
95700,6.896000000000001,23.4
95800,6.896000000000001,23.4
95900,6.896000000000001,23.4
96000,6.896000000000001,23.4
96100,6.896000000000001,23.4
96200,6.896000000000001,23.4
96300,6.896000000000001,23.4
96400,6.896000000000001,23.4
96500,6.896000000000001,23.4
96600,6.896000000000001,23.4
96700,6.896000000000001,23.4
96800,6.896000000000001,23.4
96900,6.896000000000001,23.4
97000,6.896000000000001,23.4
97100,6.896000000000001,23.4
97200,6.896000000000001,23.4
97300,6.896000000000001,23.4
97400,6.896000000000001,23.4
97500,6.896000000000001,23.4
97600,6.896000000000001,23.4
97700,6.896000000000001,23.4
97800,6.896000000000001,23.4
97900,6.896000000000001,23.4
98000,6.896000000000001,23.4
98100,6.896000000000001,23.4
98200,6.896000000000001,23.4
98300,6.896000000000001,23.4
98400,6.896000000000001,23.4
98500,6.896000000000001,23.4
98600,6.896000000000001,23.4
98700,6.896000000000001,23.4
98800,6.896000000000001,23.4
98900,6.896000000000001,23.4
99000,6.896000000000001,23.4
99100,6.896000000000001,23.4
99200,6.896000000000001,23.4
99300,6.896000000000001,23.4
99400,6.896000000000001,23.4
99500,6.703999999999999,23
99600,6.703999999999999,23
99700,6.703999999999999,23
99800,6.703999999999999,23
99900,6.703999999999999,23
100000,6.703999999999999,23
100100,6.703999999999999,23
100200,6.703999999999999,23
100300,6.703999999999999,23
100400,6.703999999999999,23
100500,6.703999999999999,23
100600,6.703999999999999,23
100700,6.703999999999999,23
100800,6.703999999999999,23
100900,6.703999999999999,23
101000,6.703999999999999,23
101100,6.703999999999999,23
101200,6.703999999999999,23
101300,6.703999999999999,23
101400,6.703999999999999,23
101500,6.703999999999999,23
101600,6.703999999999999,23
101700,6.703999999999999,23
101800,6.703999999999999,23
101900,6.703999999999999,23
102000,6.703999999999999,23
102100,6.703999999999999,23
102200,6.703999999999999,23
102300,6.703999999999999,23
102400,6.703999999999999,23
102500,6.703999999999999,23
102600,6.703999999999999,23
102700,6.703999999999999,23
102800,6.703999999999999,23
102900,6.703999999999999,23
103000,6.703999999999999,23
103100,6.703999999999999,23
103200,6.703999999999999,23
103300,6.703999999999999,23
103400,6.703999999999999,23
103500,6.616,22.8
103600,6.616,22.8
103700,6.616,22.8
103800,6.616,22.8
103900,6.616,22.8
104000,6.616,22.8
104100,6.616,22.8
104200,6.616,22.8
104300,6.616,22.8
104400,6.616,22.8
104500,6.616,22.8
104600,6.616,22.8
104700,6.616,22.8
104800,6.616,22.8
104900,6.616,22.8
105000,6.616,22.8
105100,6.616,22.8
105200,6.616,22.8
105300,6.616,22.8
105400,6.616,22.8
105500,6.616,22.8
105600,6.616,22.8
105700,6.5920000000000005,22.8
105800,6.5920000000000005,22.8
105900,6.5920000000000005,22.8
106000,6.5920000000000005,22.8
106100,6.5920000000000005,22.8
106200,6.5920000000000005,22.8
106300,6.5920000000000005,22.8
106400,6.5920000000000005,22.8
106500,6.5920000000000005,22.8
106600,6.5920000000000005,22.8
106700,6.5920000000000005,22.8
106800,6.5920000000000005,22.8
106900,6.5920000000000005,22.8
107000,6.5920000000000005,22.8
107100,6.5920000000000005,22.8
107200,6.5920000000000005,22.8
107300,6.5120000000000005,23
107400,6.5120000000000005,23
107500,6.5120000000000005,23
107600,6.5120000000000005,23
107700,6.5120000000000005,23
107800,6.5120000000000005,23
107900,6.5120000000000005,23
108000,6.5120000000000005,23
108100,6.5120000000000005,23
108200,6.5120000000000005,23
108300,6.5120000000000005,23
108400,6.5120000000000005,23
108500,6.5120000000000005,23
108600,6.5120000000000005,23
108700,6.5120000000000005,23
108800,6.5120000000000005,23
108900,6.5120000000000005,23
109000,6.5120000000000005,23
109100,6.5120000000000005,23
109200,6.5120000000000005,23
109300,6.5120000000000005,23
109400,6.5120000000000005,23
109500,6.5120000000000005,23
109600,6.5120000000000005,23
109700,6.5120000000000005,23
109800,6.5120000000000005,23
109900,6.5120000000000005,23
110000,6.5120000000000005,23
110100,6.5120000000000005,23
110200,6.5120000000000005,23
110300,6.5120000000000005,23
110400,6.5120000000000005,23
110500,6.5120000000000005,23
110600,6.5120000000000005,23
110700,6.5120000000000005,23
110800,6.5120000000000005,23
110900,6.5120000000000005,23
111000,6.464,23
111100,6.464,23
111200,6.464,23
111300,6.424000000000001,23
111400,6.424000000000001,23
111500,6.424000000000001,23
111600,6.424000000000001,23
111700,6.424000000000001,23
111800,6.424000000000001,23
111900,6.424000000000001,23
112000,6.424000000000001,23
112100,6.424000000000001,23
112200,6.424000000000001,23
112300,6.424000000000001,23
112400,6.424000000000001,23
112500,6.424000000000001,23
112600,6.424000000000001,23
112700,6.424000000000001,23
112800,6.424000000000001,23
112900,6.424000000000001,23
113000,6.424000000000001,23
113100,6.424000000000001,23
113200,6.424000000000001,23
113300,6.424000000000001,23
113400,6.424000000000001,23
113500,6.424000000000001,23
113600,6.424000000000001,23
113700,6.424000000000001,23
113800,6.424000000000001,23
113900,6.424000000000001,23
114000,6.424000000000001,23
114100,6.424000000000001,23
114200,6.424000000000001,23
114300,6.424000000000001,23
114400,6.424000000000001,23
114500,6.424000000000001,23
114600,6.424000000000001,23
114700,6.424000000000001,23
114800,6.4159999999999995,23
114900,6.4159999999999995,23
115000,6.4159999999999995,23
115100,6.4159999999999995,23
115200,6.4159999999999995,23
115300,6.4159999999999995,23
115400,6.4159999999999995,23
115500,6.4159999999999995,23
115600,6.4159999999999995,23
115700,6.4079999999999995,23
115800,6.4079999999999995,23
115900,6.4079999999999995,23
116000,6.4079999999999995,23
116100,6.4079999999999995,23
116200,6.4079999999999995,23
116300,6.4079999999999995,23
116400,6.4079999999999995,23
116500,6.4079999999999995,23
116600,6.4079999999999995,23
116700,6.4079999999999995,23
116800,6.4079999999999995,23
116900,6.4079999999999995,23
117000,6.4079999999999995,23
117100,6.4079999999999995,23
117200,6.4079999999999995,23
117300,6.4079999999999995,23
117400,6.4079999999999995,23
117500,6.4079999999999995,23
117600,6.3759999999999994,23
117700,6.3759999999999994,23
117800,6.3759999999999994,23
117900,6.3759999999999994,23
118000,6.3759999999999994,23
118100,6.3759999999999994,23
118200,6.3759999999999994,23
118300,6.3759999999999994,23
118400,6.3759999999999994,23
118500,6.3759999999999994,23
118600,6.3759999999999994,23
118700,6.3759999999999994,23
118800,6.3759999999999994,23
118900,6.3759999999999994,23
119000,6.3759999999999994,23
119100,6.3759999999999994,23
119200,6.3759999999999994,23
119300,6.3759999999999994,23
119400,6.3759999999999994,23
119500,6.3759999999999994,23
119600,6.3759999999999994,23
119700,6.3759999999999994,23
119800,6.3759999999999994,23
119900,6.3759999999999994,23
120000,6.3759999999999994,23
120100,6.3759999999999994,23
120200,6.3759999999999994,23
120300,6.3759999999999994,23
120400,6.3759999999999994,23
120500,6.3759999999999994,23
120600,6.3759999999999994,23
120700,6.3759999999999994,23
120800,6.3759999999999994,23
120900,6.3759999999999994,23
121000,6.3759999999999994,23
121100,6.3759999999999994,23
121200,6.3759999999999994,23
121300,6.3759999999999994,23
121400,6.3759999999999994,23
121500,6.3759999999999994,23
121600,6.3759999999999994,23
121700,6.3759999999999994,23
121800,6.3759999999999994,23
121900,6.3759999999999994,23
122000,6.3759999999999994,23
122100,6.3759999999999994,23
122200,6.3759999999999994,23
122300,6.3759999999999994,23
122400,6.3759999999999994,23
122500,6.3759999999999994,23
122600,6.3759999999999994,23
122700,6.3759999999999994,23
122800,6.3759999999999994,23
122900,6.3759999999999994,23
123000,6.312,22.8
123100,6.312,22.8
123200,6.312,22.8
123300,6.312,22.8
123400,6.312,22.8
123500,6.312,22.8
123600,6.312,22.8
123700,6.312,22.8
123800,6.312,22.8
123900,6.312,22.8
124000,6.312,22.8
124100,6.24,22.6
124200,6.24,22.6
124300,6.24,22.6
124400,6.24,22.6
124500,6.24,22.6
124600,6.24,22.6
124700,6.24,22.6
124800,6.24,22.6
124900,6.24,22.6
125000,6.24,22.6
125100,6.24,22.6
125200,6.24,22.6
125300,6.24,22.6
125400,6.24,22.6
125500,6.24,22.6
125600,6.24,22.6
125700,6.24,22.6
125800,6.24,22.6
125900,6.24,22.6
126000,6.24,22.6
126100,6.24,22.6
126200,6.24,22.6
126300,6.24,22.6
126400,6.24,22.6
126500,6.24,22.6
126600,6.24,22.6
126700,6.24,22.6
126800,6.24,22.6
126900,6.24,22.6
127000,6.24,22.6
127100,6.2,22.6
127200,6.2,22.6
127300,6.176,22.6
127400,6.176,22.6
127500,6.176,22.6
127600,6.176,22.6
127700,6.176,22.6
127800,6.176,22.6
127900,6.176,22.6
128000,6.176,22.6
128100,6.176,22.6
128200,6.176,22.6
128300,6.176,22.6
128400,6.176,22.6
128500,6.176,22.6
128600,6.176,22.6
128700,6.176,22.6
128800,6.176,22.6
128900,6.176,22.6
129000,6.176,22.6
129100,6.176,22.6
129200,6.176,22.6
129300,6.176,22.6
129400,6.176,22.6
129500,6.176,22.6
129600,6.176,22.6
129700,6.176,22.6
129800,6.176,22.6
129900,6.176,22.6
130000,6.176,22.6
130100,6.176,22.6
130200,6.176,22.6
130300,6.176,22.6
130400,6.176,22.6
130500,6.176,22.6
130600,6.168,22.6
130700,6.168,22.6
130800,6.168,22.6
130900,6.168,22.6
131000,6.168,22.6
131100,6.168,22.6
131200,6.168,22.6
131300,6.168,22.6
131400,6.168,22.6
131500,6.168,22.6
131600,6.168,22.6
131700,6.168,22.6
131800,6.168,22.6
131900,6.168,22.6
132000,6.168,22.6
132100,6.168,22.6
132200,6.168,22.6
132300,6.168,22.6
132400,6.168,22.6
132500,6.168,22.6
132600,6.168,22.6
132700,6.168,22.6
132800,6.168,22.6
132900,6.167999999999999,22.6
133000,6.167999999999999,22.6
133100,6.167999999999999,22.6
133200,6.167999999999999,22.6
133300,6.167999999999999,22.6
133400,6.167999999999999,22.6
133500,6.167999999999999,22.6
133600,6.167999999999999,22.6
133700,6.167999999999999,22.6
133800,6.048,22.4
133900,6.048,22.4
134000,6.048,22.4
134100,6.048,22.4
134200,6.048,22.4
134300,6.048,22.4
134400,6.048,22.4
134500,6.048,22.4
134600,6.048,22.4
134700,6.048,22.4
134800,6.048,22.4
134900,6.048,22.4
135000,6.048,22.4
135100,6.048,22.4
135200,6.048,22.4
135300,6.048,22.4
135400,5.976,22.4
135500,5.976,22.4
135600,5.888,22.2
135700,5.888,22.2
135800,5.888,22.2
135900,5.888,22.2
136000,5.888,22.2
136100,5.888,22.2
136200,5.888,22.2
136300,5.888,22.2
136400,5.888,22.2
136500,5.888,22.2
136600,5.888,22.2
136700,5.888,22.2
136800,5.888,22.2
136900,5.888,22.2
137000,5.888,22.2
137100,5.888,22.2
137200,5.888,22.2
137300,5.888,22.2
137400,5.888,22.2
137500,5.888,22.2
137600,5.888,22.2
137700,5.888,22.2
137800,5.888,22.2
137900,5.888,22.2
138000,5.888,22.2
138100,5.888,22.2
138200,5.888,22.2
138300,5.888,22.2
138400,5.888,22.2
138500,5.768000000000001,22.2
138600,5.768000000000001,22.2
138700,5.768000000000001,22.2
138800,5.768000000000001,22.2
138900,5.728,22.4
139000,5.728,22.4
139100,5.728,22.4
139200,5.728,22.4
139300,5.728,22.4
139400,5.728,22.4
139500,5.728,22.4
139600,5.728,22.4
139700,5.728,22.4
139800,5.728,22.4
139900,5.728,22.4
140000,5.728,22.4
140100,5.728,22.4
140200,5.728,22.4
140300,5.728,22.4
140400,5.728,22.4
140500,5.728,22.4
140600,5.728,22.4
140700,5.728,22.4
140800,5.728,22.4
140900,5.704000000000001,22.4
141000,5.704000000000001,22.4
141100,5.704000000000001,22.4
141200,5.704000000000001,22.4
141300,5.704000000000001,22.4
141400,5.704000000000001,22.4
141500,5.704000000000001,22.4
141600,5.704000000000001,22.4
141700,5.704000000000001,22.4
141800,5.704000000000001,22.4
141900,5.704000000000001,22.4
142000,5.704000000000001,22.4
142100,5.704000000000001,22.4
142200,5.704000000000001,22.4
142300,5.704000000000001,22.4
142400,5.704000000000001,22.4
142500,5.704000000000001,22.4
142600,5.704000000000001,22.4
142700,5.704000000000001,22.4
142800,5.704000000000001,22.4
142900,5.704000000000001,22.4
143000,5.5760000000000005,22.2
143100,5.5760000000000005,22.2
143200,5.5760000000000005,22.2
143300,5.5760000000000005,22.2
143400,5.5200000000000005,22
143500,5.5200000000000005,22
143600,5.5200000000000005,22
143700,5.5200000000000005,22
143800,5.5200000000000005,22
143900,5.5200000000000005,22
144000,5.5200000000000005,22
144100,5.5200000000000005,22
144200,5.5200000000000005,22
144300,5.5200000000000005,22
144400,5.5200000000000005,22
144500,5.5200000000000005,22
144600,5.5200000000000005,22
144700,5.5200000000000005,22
144800,5.5200000000000005,22
144900,5.5200000000000005,22
145000,5.5200000000000005,22
145100,5.5200000000000005,22
145200,5.5200000000000005,22
145300,5.5200000000000005,22
145400,5.5200000000000005,22
145500,5.5200000000000005,22
145600,5.5200000000000005,22
145700,5.5200000000000005,22
145800,5.5200000000000005,22
145900,5.5200000000000005,22
146000,5.5200000000000005,22
146100,5.5200000000000005,22
146200,5.5200000000000005,22
146300,5.5200000000000005,22
146400,5.5200000000000005,22
146500,5.5200000000000005,22
146600,5.424,22.2
146700,5.424,22.2
146800,5.424,22.2
146900,5.424,22.2
147000,5.424,22.2
147100,5.424,22.2
147200,5.424,22.2
147300,5.424,22.2
147400,5.424,22.2
147500,5.424,22.2
147600,5.424,22.2
147700,5.424,22.2
147800,5.424,22.2
147900,5.424,22.2
148000,5.424,22.2
148100,5.424,22.2
148200,5.424,22.2
148300,5.424,22.2
148400,5.424,22.2
148500,5.424,22.2
148600,5.424,22.2
148700,5.424,22.2
148800,5.424,22.2
148900,5.424,22.2
149000,5.424,22.2
149100,5.424,22.2
149200,5.424,22.2
149300,5.424,22.2
149400,5.424,22.2
149500,5.424,22.2
149600,5.424,22.2
149700,5.424,22.2
149800,5.424,22.2
149900,5.424,22.2
150000,5.424,22.2
150100,5.424,22.2
150200,5.424,22.2
150300,5.424,22.2
150400,5.424,22.2
150500,5.424,22.2
150600,5.424,22.2
150700,5.424,22.2
150800,5.424,22.2
150900,5.424,22.2
151000,5.424,22.2
151100,5.424,22.2
151200,5.424,22.2
151300,5.424,22.2
151400,5.424,22.2
151500,5.424,22.2
151600,5.424,22.2
151700,5.424,22.2
151800,5.424,22.2
151900,5.424,22.2
152000,5.424,22.2
152100,5.424,22.2
152200,5.4239999999999995,22.2
152300,5.4239999999999995,22.2
152400,5.4239999999999995,22.2
152500,5.4239999999999995,22.2
152600,5.328,22.2
152700,5.328,22.2
152800,5.328,22.2
152900,5.328,22.2
153000,5.328,22.2
153100,5.328,22.2
153200,5.328,22.2
153300,5.328,22.2
153400,5.328,22.2
153500,5.328,22.2
153600,5.328,22.2
153700,5.328,22.2
153800,5.328,22.2
153900,5.328,22.2
154000,5.328,22.2
154100,5.328,22.2
154200,5.328,22.2
154300,5.328,22.2
154400,5.328,22.2
154500,5.328,22.2
154600,5.328,22.2
154700,5.328,22.2
154800,5.328,22.2
154900,5.328,22.2
155000,5.328,22.2
155100,5.328,22.2
155200,5.328,22.2
155300,5.328,22.2
155400,5.328,22.2
155500,5.328,22.2
155600,5.328,22.2
155700,5.328,22.2
155800,5.328,22.2
155900,5.328,22.2
156000,5.328,22.2
156100,5.328,22.2
156200,5.328,22.2
156300,5.28,22.2
156400,5.28,22.2
156500,5.28,22.2
156600,5.28,22.2
156700,5.28,22.2
156800,5.28,22.2
156900,5.28,22.2
157000,5.28,22.2
157100,5.28,22.2
157200,5.28,22.2
157300,5.28,22.2
157400,5.28,22.2
157500,5.28,22.2
157600,5.223999999999999,22.2
157700,5.223999999999999,22.2
157800,5.223999999999999,22.2
157900,5.223999999999999,22.2
158000,5.223999999999999,22.2
158100,5.223999999999999,22.2
158200,5.223999999999999,22.2
158300,5.223999999999999,22.2
158400,5.223999999999999,22.2
158500,5.223999999999999,22.2
158600,5.223999999999999,22.2
158700,5.223999999999999,22.2
158800,5.223999999999999,22.2
158900,5.208,22.2
159000,5.208,22.2
159100,5.208,22.2
159200,5.208,22.2
159300,5.208,22.2
159400,5.208,22.2
159500,5.208,22.2
159600,5.208,22.2
159700,5.208,22.2
159800,5.208,22.2
159900,5.208,22.2
160000,5.208,22.2
160100,5.208,22.2
160200,5.208,22.2
160300,5.208,22.2
160400,5.208,22.2
160500,5.208,22.2
160600,5.208,22.2
160700,5.208,22.2
160800,5.208,22.2
160900,5.208,22.2
161000,5.208,22.2
161100,5.208,22.2
161200,5.208,22.2
161300,5.208,22.2
161400,5.208,22.2
161500,5.208,22.2
161600,5.208,22.2
161700,5.208,22.2
161800,5.208,22.2
161900,5.208,22.2
162000,5.208,22.2
162100,5.208,22.2
162200,5.208,22.2
162300,5.208,22.2
162400,5.208,22.2
162500,5.208,22.2
162600,5.208,22.2
162700,5.208,22.2
162800,5.208,22.2
162900,5.208,22.2
163000,5.208,22.2
163100,5.208,22.2
163200,5.208,22.2
163300,5.208,22.2
163400,5.208,22.2
163500,5.208,22.2
163600,5.208,22.2
163700,5.208,22.2
163800,5.208,22.2
163900,5.208,22.2
164000,5.208,22.2
164100,5.208,22.2
164200,5.208,22.2
164300,5.208,22.2
164400,5.208,22.2
164500,5.208,22.2
164600,5.208,22.2
164700,5.208,22.2
164800,5.208,22.2
164900,5.208,22.2
165000,5.208,22.2
165100,5.208,22.2
165200,5.208,22.2
165300,5.208,22.2
165400,5.208,22.2
165500,5.208,22.2
165600,5.208,22.2
165700,5.208,22.2
165800,5.208,22.2
165900,5.208,22.2
166000,5.208,22.2
166100,5.208,22.2
166200,5.208,22.2
166300,5.208,22.2
166400,5.208,22.2
166500,5.208,22.2
166600,5.208,22.2
166700,5.208,22.2
166800,5.208,22.2
166900,5.208,22.2
167000,5.208,22.2
167100,5.208,22.2
167200,5.208,22.2
167300,5.208,22.2
167400,5.208,22.2
167500,5.208,22.2
167600,5.208,22.2
167700,5.208,22.2
167800,5.208,22.2
167900,5.208,22.2
168000,5.208,22.2
168100,5.208,22.2
168200,5.208,22.2
168300,5.208,22.2
168400,5.208,22.2
168500,5.208,22.2
168600,5.208,22.2
168700,5.208,22.2
168800,5.208,22.2
168900,5.208,22.2
169000,5.208,22.2
169100,5.208,22.2
169200,5.208,22.2
169300,5.208,22.2
169400,5.208,22.2
169500,5.208,22.2
169600,5.208,22.2
169700,5.208,22.2
169800,5.208,22.2
169900,5.208,22.2
170000,5.208,22.2
170100,5.208,22.2
170200,5.208,22.2
170300,5.208,22.2
170400,5.208,22.2
170500,5.208,22.2
170600,5.208,22.2
170700,5.208,22.2
170800,5.208,22.2
170900,5.176,22.2
171000,5.176,22.2
171100,5.176,22.2
171200,5.176,22.2
171300,5.176,22.2
171400,5.176,22.2
171500,5.176,22.2
171600,5.176,22.2
171700,5.176,22.2
171800,5.176,22.2
171900,5.176,22.2
172000,5.176,22.2
172100,5.176,22.2
172200,5.176,22.2
172300,5.176,22.2
172400,5.176,22.2
172500,5.176,22.2
172600,5.176,22.2
172700,5.176,22.2
172800,5.176,22.2
172900,5.176,22.2
173000,5.176,22.2
173100,5.176,22.2
173200,5.176,22.2
173300,5.176,22.2
173400,5.176,22.2
173500,5.176,22.2
173600,5.176,22.2
173700,5.176,22.2
173800,5.176,22.2
173900,5.176,22.2
174000,5.176,22.2
174100,5.176,22.2
174200,5.176,22.2
174300,5.176,22.2
174400,5.176,22.2
174500,5.176,22.2
174600,5.176,22.2
174700,5.176,22.2
174800,5.176,22.2
174900,5.176,22.2
175000,5.176,22.2
175100,5.176,22.2
175200,5.176,22.2
175300,5.176,22.2
175400,5.176,22.2
175500,5.176,22.2
175600,5.176,22.2
175700,5.176,22.2
175800,5.176,22.2
175900,5.176,22.2
176000,5.176,22.2
176100,5.176,22.2
176200,5.176,22.2
176300,5.176,22.2
176400,5.176,22.2
176500,5.176,22.2
176600,5.176,22.2
176700,5.176,22.2
176800,5.176,22.2
176900,5.176,22.2
177000,5.176,22.2
177100,5.176,22.2
177200,5.176,22.2
177300,5.176,22.2
177400,5.176,22.2
177500,5.176,22.2
177600,5.176,22.2
177700,5.176,22.2
177800,5.176,22.2
177900,5.176,22.2
178000,5.176,22.2
178100,5.16,22.2
178200,5.16,22.2
178300,5.16,22.2
178400,5.16,22.2
178500,5.16,22.2
178600,5.16,22.2
178700,5.16,22.2
178800,5.16,22.2
178900,5.16,22.2
179000,5.16,22.2
179100,5.16,22.2
179200,5.16,22.2
179300,5.16,22.2
179400,5.16,22.2
179500,5.16,22.2
179600,5.16,22.2
179700,5.16,22.2
179800,5.16,22.2
179900,5.16,22.2
180000,5.16,22.2
180100,5.16,22.2
180200,5.16,22.2
180300,5.16,22.2
180400,5.16,22.2
180500,5.16,22.2
180600,5.152,22.4
180700,5.152,22.4
180800,5.152,22.4
180900,5.152,22.4
181000,5.152,22.4
181100,5.152,22.4
181200,5.152,22.4
181300,5.119999999999999,22.4
181400,5.119999999999999,22.4
181500,5.119999999999999,22.4
181600,5.119999999999999,22.4
181700,5.119999999999999,22.4
181800,5.119999999999999,22.4
181900,5.119999999999999,22.4
182000,5.119999999999999,22.4
182100,5.119999999999999,22.4
182200,5.119999999999999,22.4
182300,5.119999999999999,22.4
182400,5.119999999999999,22.4
182500,5.119999999999999,22.4
182600,5.119999999999999,22.4
182700,5.119999999999999,22.4
182800,5.119999999999999,22.4
182900,5.119999999999999,22.4
183000,5.119999999999999,22.4
183100,5.119999999999999,22.4
183200,5.119999999999999,22.4
183300,5.119999999999999,22.4
183400,5.119999999999999,22.4
183500,5.119999999999999,22.4
183600,5.119999999999999,22.4
183700,5.119999999999999,22.4
183800,5.119999999999999,22.4
183900,5.072000000000001,22.4
184000,5.072000000000001,22.4
184100,5.072000000000001,22.4
184200,5.072000000000001,22.4
184300,5.072000000000001,22.4
184400,5.072000000000001,22.4
184500,5.072000000000001,22.4
184600,5.072000000000001,22.4
184700,5.072000000000001,22.4
184800,5.072000000000001,22.4
184900,5.072000000000001,22.4
185000,5.072000000000001,22.4
185100,5.072000000000001,22.4
185200,5.072000000000001,22.4
185300,5.072000000000001,22.4
185400,5.072000000000001,22.4
185500,5.072000000000001,22.4
185600,5.072000000000001,22.4
185700,5.072000000000001,22.4
185800,5.072000000000001,22.4
185900,5.072000000000001,22.4
186000,5.072000000000001,22.4
186100,5.072000000000001,22.4
186200,5.072000000000001,22.4
186300,5.072000000000001,22.4
186400,5.072000000000001,22.4
186500,5.072000000000001,22.4
186600,5.072000000000001,22.4
186700,5.072000000000001,22.4
186800,5.072000000000001,22.4
186900,5.072000000000001,22.4
187000,5.072000000000001,22.4
187100,5.072000000000001,22.4
187200,5.072000000000001,22.4
187300,5.072000000000001,22.4
187400,5.072000000000001,22.4
187500,5.072000000000001,22.4
187600,5.072000000000001,22.4
187700,5.072000000000001,22.4
187800,5.072000000000001,22.4
187900,5.064,22.4
188000,5.064,22.4
188100,5.064,22.4
188200,5.064,22.4
188300,5.064,22.4
188400,5.064,22.4
188500,5.064,22.4
188600,5.064,22.4
188700,5.064,22.4
188800,4.928,22.2
188900,4.928,22.2
189000,4.928,22.2
189100,4.928,22.2
189200,4.928,22.2
189300,4.928,22.2
189400,4.928,22.2
189500,4.928,22.2
189600,4.928,22.2
189700,4.928,22.2
189800,4.928,22.2
189900,4.928,22.2
190000,4.928,22.2
190100,4.928,22.2
190200,4.928,22.2
190300,4.928,22.2
190400,4.928,22.2
190500,4.928,22.2
190600,4.928,22.2
190700,4.928,22.2
190800,4.928,22.2
190900,4.928,22.2
191000,4.928,22.2
191100,4.928,22.2
191200,4.928,22.2
191300,4.928,22.2
191400,4.928,22.2
191500,4.928,22.2
191600,4.928,22.2
191700,4.928,22.2
191800,4.928,22.2
191900,4.928,22.2
192000,4.928,22.2
192100,4.928,22.2
192200,4.928,22.2
192300,4.928,22.2
192400,4.928,22.2
192500,4.928,22.2
192600,4.928,22.2
192700,4.928,22.2
192800,4.928,22.2
192900,4.928,22.2
193000,4.928,22.2
193100,4.928,22.2
193200,4.928,22.2
193300,4.928,22.2
193400,4.928,22.2
193500,4.928,22.2
193600,4.928,22.2
193700,4.928,22.2
193800,4.928,22.2
193900,4.8,22.2
194000,4.8,22.2
194100,4.8,22.2
194200,4.8,22.2
194300,4.8,22.2
194400,4.8,22.2
194500,4.8,22.2
194600,4.8,22.2
194700,4.8,22.2
194800,4.8,22.2
194900,4.8,22.2
195000,4.8,22.2
195100,4.8,22.2
195200,4.8,22.2
195300,4.8,22.2
195400,4.744,22
195500,4.744,22
195600,4.744,22
195700,4.744,22
195800,4.744,22
195900,4.744,22
196000,4.744,22
196100,4.744,22
196200,4.744,22
196300,4.744,22
196400,4.744,22
196500,4.744,22
196600,4.744,22
196700,4.744,22
196800,4.744,22
196900,4.744,22
197000,4.744,22
197100,4.744,22
197200,4.744,22
197300,4.744,22
197400,4.744,22
197500,4.744,22
197600,4.744,22
197700,4.728,21.8
197800,4.728,21.8
197900,4.728,21.8
198000,4.728,21.8
198100,4.728,21.8
198200,4.728,21.8
198300,4.728,21.8
198400,4.728,21.8
198500,4.728,21.8
198600,4.728,21.8
198700,4.728,21.8
198800,4.728,21.8
198900,4.728,21.8
199000,4.728,21.8
199100,4.728,21.8
199200,4.728,21.8
199300,4.728,21.8
199400,4.728,21.8
199500,4.728,21.8
199600,4.728,21.8
199700,4.728,21.8
199800,4.728,21.8
199900,4.728,21.8
199999,4.728,21.8

START ALGORITHM
h1: (a54 + a54 + a22) * (b55 + b11)
h2: (a51) * (b53 - b33 - b23 - b21)
h3: (-a23) * (b15 + b54 + b51 - b22)
h4: (-a11) * (b32 + b15 - b11 - b35)
h8: (-a31) * (b25 - b14 - b25 - b24)
h9: (-a13) * (b13 - b12 - b53 - b44)
h10: (a51 - a22) * (b51 - b14 - b51)
h11: (-a35) * (-b13 - b53 - b14 - b32)
h12: (-a33 - a33) * (b33 + b54 - b12)
h13: (a51 + a12 - a12 - a25) * (-b53)
h14: (a55 + a51) * (b22 + b14 - b42)
h17: (-a45 - a32) * (b21 - b15 - b34)
h18: (a23 + a55 - a42 - a11) * (-b41)
h19: (-a15 - a11) * (b23 + b11 - b24)
h20: (a53 - a33) * (b32 + b33 - b55)
h22: (a45 + a11) * (-b24 - b22 - b21)
h23: (a31 - a51 - a22) * (b35 - b42)
h24: (-a13 - a54) * (-b52 - b53 - b21)
h25: (-a44 - a51 - a35) * (-b53 - b25)
h26: (a33 - a23) * (b41 - b13 - b13)
h28: (a54 + a13 - a22) * (b53 - b41)
h29: (a44 + a21 + a15 - a51) * (-b51)
h30: (a12 + a33 - a11) * (b13 - b33)
h31: (a43 + a11 + a54) * (-b35 - b22)
h32: (-a45 - a14) * (b11 + b51 + b34)
h33: (a53 - a21) * (b32 + b31 - b24)
h34: (-a23 - a53) * (b11 + b32 - b53)
h35: (a43 + a41 - a33) * (-b25 - b11)
h36: (a15 + a33 - a35) * (b25 + b21)
h37: (a43 + a24 - a42 - a21) * (b45)
h38: (a43 + a55 - a15) * (b32 - b12)
h39: (a22 - a44) * (b55 + b14 + b22)
h41: (a24 - a54 - a52) * (-b51 - b13)
h42: (-a55 - a22) * (b15 + b35 + b32)
h43: (a52 + a14 - a43 - a34) * (-b25)
h44: (a11 + a43 - a55) * (b54 + b35)
h45: (a15 + a42 - a21) * (b52 + b35)
h46: (-a11 - a53 - a44) * (b14 + b33)
h48: (-a41) * (b24 + b25 - b24 - b31)
h52: (a24 + a15) * (b45 + b53 - b14)
h53: (a44 - a12) * (-b52 - b25 - b55)
h54: (a53 + a22 - a42 - a34) * (-b41)
h55: (a32 + a24 + a14) * (b31 - b24)
h56: (a45 + a24 + a41) * (-b54 - b35)
h58: (a54 - a45) * (b13 + b25 - b42)
h59: (-a22) * (b11 - b34 - b24 - b32)
h60: (a25 - a35) * (b43 - b42 - b25)
h61: (a55 - a11 - a24) * (b34 + b52)
h62: (a45 - a33) * (b45 - b55 - b53)
h64: (-a33) * (b14 - b12 - b21 - b24)
h65: (a33 + a32) * (b41 + b23 - b11)
h66: (a43 - a41 - a34) * (b34 + b33)
h67: (a22) * (b23 + b14 + b25 + b45)
h68: (a13 - a52) * (-b15 - b41 - b32)
h69: (a44 + a31 - a15 - a44) * (b43)
h70: (a11 + a14 - a44) * (-b22 - b44)
h74: (a43 + a34 - a23) * (b45 + b34)
h75: (a24 + a15 - a44 - a34) * (-b31)
h76: (a31) * (b13 + b43 - b45 - b22)
h77: (a44 - a31 - a11) * (b52 - b55)
h78: (a21 + a32 - a42) * (b23 - b44)
h79: (a51 + a34 - a12) * (b53 - b45)
h80: (a52 - a24) * (b22 + b25 - b25)
h82: (a23) * (b34 - b22 - b53 - b54)
h83: (-a44) * (b51 + b52 + b41 - b52)
h84: (a12 - a24 - a31 - a41) * (b22)
h87: (a25 - a25 - a54) * (b31 - b14)
h88: (a35 + a33 - a42) * (b31 - b43)
h89: (a45 + a45 + a34 - a52) * (-b53)
h90: (-a51) * (b11 + b44 + b15 - b41)
h91: (a35) * (b23 + b54 - b14 - b15)
h92: (a22 + a55 - a55) * (-b35 - b43)
h93: (a52 + a14 - a54 - a43) * (b52)
h94: (-a33) * (b35 + b31 - b33 - b14)
h96: (-a45) * (b12 + b12 + b34 - b31)
h97: (a23 + a42 - a42) * (-b24 - b14)
h98: (a31 - a14 - a31 - a24) * (-b31)
h99: (a51 - a25) * (-b14 - b52 - b22)
h102: (-a24 - a42) * (b45 + b35 - b13)
h103: (-a43 - a11) * (b51 - b21 - b44)
h104: (a13 - a42) * (-b44 - b51 - b13)
h105: (-a21) * (b52 + b21 - b55 - b44)
h106: (a43 - a32) * (b24 - b42 - b25)
h108: (a21 + a51 + a32 - a45) * (-b43)
h111: (a32 - a51) * (-b24 - b41 - b12)
h113: (a22) * (b43 + b14 + b52 - b55)
h114: (a24 - a52 - a21 - a15) * (-b43)
h115: (a23 - a44 - a52) * (-b45 - b33)
h116: (a43 + a55 + a12 - a55) * (b44)
h117: (a45 - a51 - a33) * (b33 - b54)
h118: (-a41 - a34) * (b25 - b51 - b15)
h120: (a43 - a44 - a55) * (b41 - b53)
h121: (a22 - a33 - a31) * (b14 + b33)
h122: (-a52) * (b54 + b34 - b21 - b54)
h123: (a12 - a53) * (b55 + b55 - b55)
h124: (a23 + a21 - a13) * (b13 - b41)
h125: (a34 + a24 - a53) * (-b32 - b22)
h132: (-a13 - a51) * (b21 + b51 + b35)
h134: (a33 - a25 - a21 - a12) * (b24)
h137: (a24 - a15 - a11 - a41) * (-b33)
h138: (-a23) * (b13 + b23 + b43 + b42)
h140: (-a25 - a15) * (b23 + b55 - b33)
h141: (a21 + a51 - a44 - a51) * (b41)
h143: (a42 + a22 - a42 - a33) * (-b13)
h148: (-a55 - a11 - a53 - a42) * (-b44)
h149: (a55) * (b33 - b55 - b25 - b32)
h152: (a34 + a24 - a34) * (-b41 - b14)
h156: (-a51 - a44) * (b15 - b54 - b54)
h157: (a34 - a54) * (b53 - b12 - b35)
h170: (a35 - a41) * (b22 - b34 - b44)
h172: (-a33 - a33) * (b34 - b13 - b53)
h176: (a25 + a21 + a42) * (b25 + b31)
h183: (a14 + a53 + a13 - a11) * (-b13)
h197: (-a44 - a12) * (-b11 - b44 - b14)
h201: (a25 + a35) * (b31 - b15 - b45)
h202: (a43 + a25 + a45 - a35) * (b42)
h207: (a12 - a32) * (b22 - b11 - b24)
h210: (a11 - a34 - a52) * (b24 - b15)
h211: (a13 + a22 - a21) * (b24 - b21)
h214: (-a53) * (b51 + b22 - b21 - b43)
h218: (-a12 - a52 - a55) * (-b11 - b21)
h226: (-a51 - a11) * (b15 + b23 + b43)
h232: (a44 - a55 - a31) * (-b15 - b24)
h241: (a33 - a24 - a35 - a25) * (-b54)
h246: (a45 - a43 - a34 - a34) * (b33)
h251: (a13 - a13 - a11) * (-b22 - b32)
h252: (a55 + a51 - a13) * (b12 - b42)
h260: (a31 - a12 - a12) * (b33 + b22)
h261: (-a23 - a44) * (b31 - b13 - b35)
h275: (a22 + a42 + a15 - a43) * (b13)
h276: (-a13) * (b32 + b35 + b22 + b23)
h290: (-a52 - a45) * (b42 + b41 + b22)
h294: (a42 + a32 - a35) * (b21 + b13)
h330: (a21 - a34 - a12) * (-b33 - b43)
h382: (-a21 - a13 - a12) * (b34 - b33)
h384: (a53 + a51 + a14 - a55) * (-b55)
h415: (a21 - a15 - a21) * (b13 - b24)
h442: (a55 - a13 - a52 - a35) * (b33)
h454: (-a21 - a32) * (b33 - b13 - b44)
h461: (a14 + a13 - a13 - a41) * (b14)
h525: (a12 - a34) * (-b12 - b35 - b43)
h535: (-a14 - a43) * (b42 - b51 - b35)
h567: (a35 + a23 - a35 - a31) * (-b51)
h574: (a55 - a11) * (b15 + b23 - b15)
h596: (a14 + a21 - a35) * (-b24 - b42)
h623: (a43) * (b24 - b13 - b53 - b21)
h626: (a42 - a25 - a13) * (-b11 - b13)
h678: (-a24 - a23) * (b13 + b32 - b23)
h680: (-a24 - a32 - a11) * (-b43 - b34)
h697: (a53 - a53 - a51 - a15) * (b44)
h703: (a44 - a14) * (b22 + b21 - b55)
h710: (a22 - a22 - a34) * (b14 - b22)
h719: (a24 + a11 + a33) * (-b15 - b12)
h754: (a21 - a54 - a11 - a45) * (b14)
h770: (-a22) * (b31 + b41 + b45 - b25)
h775: (a21 + a52 - a15) * (-b52 - b22)
h781: (-a43) * (b14 + b35 + b55 - b54)
h782: (a21 + a12) * (b14 + b44 - b55)
h815: (a45 + a52 - a15 - a33) * (-b55)
h831: (a31 - a31 - a54) * (b53 - b42)
h851: (a25 - a31) * (b44 + b33 - b44)
h896: (a51 - a45) * (b31 - b15 - b12)
h943: (-a51) * (b24 + b11 - b22 - b34)
h948: (a24 + a14) * (b15 + b25 - b34)
h965: (-a42 - a45) * (b32 - b22 - b51)
h977: (-a42 - a14 - a51 - a53) * (-b32)
h1006: (a54 + a25 - a52 - a23) * (-b34)
h1023: (a35 + a11) * (b44 + b14 - b51)
h1048: (a33 + a42 - a13) * (b21 - b52)
h1093: (a32 + a21 - a41 - a35) * (b55)
h1124: (-a35 - a11) * (b52 + b31 - b25)
h1154: (a42 - a31) * (-b54 - b33 - b51)
h1360: (a12 + a52 + a35 - a55) * (b41)
h1421: (-a11) * (b23 - b41 - b12 - b14)
h1441: (a34 - a22 - a34) * (b32 + b21)
h1512: (a13 - a43) * (b51 + b14 - b53)
h1576: (a55 - a42) * (b41 + b13 + b43)
h1577: (a12 + a13 + a21) * (b25 - b41)
h1742: (a21 - a33) * (b33 + b53 - b53)
h1782: (a55) * (b33 - b33 - b45 - b15)
h1930: (a43 - a31) * (b24 - b41 - b25)
h2071: (a32 - a43 - a55) * (-b34 - b51)
h2153: (a23 - a41) * (b13 - b13 - b43)
h2847: (a51 + a15 + a12 - a42) * (-b33)
h3043: (a21 + a14 - a14) * (b15 + b32)
h3591: (a54) * (b41 - b41 - b43 - b24)
h3976: (-a13 - a25) * (b12 + b22 - b14)
h4435: (a34 - a12) * (b53 - b44 - b42)
h5255: (a34 + a44 - a44) * (b42 - b33)
h5403: (-a34) * (b55 + b55 + b32 - b15)
h8977: (a42 - a11) * (b11 + b22 - b15)
h9115: (a55 - a35 - a25 - a55) * (b23)
h9748: (-a55 - a51) * (b25 - b14 - b25)
h11083: (a34 + a41 + a11 - a41) * (-b14)
h15315: (a42 - a31) * (b24 - b33 - b24)
h15823: (a31 - a42) * (b55 + b21 - b24)
h16911: (a11 + a11 - a55) * (b22 - b41)
h18296: (-a12) * (b32 - b35 - b55 - b34)
h22209: (a32 + a53 + a22) * (b25 - b43)
h22593: (a55 - a53) * (b43 - b32 - b33)
h23398: (a45 - a21) * (b14 + b23 - b34)
h24123: (a22 + a23) * (b12 + b42 - b12)
c11: h132 + h148 + h152 + h98 + h574 + h461 - h183 
c12: h143 + h149 + h831 + h382 + h525 + h1512 + h16911 - h65 - h210 - h211 - h782 
c13: h118 + h9 + h294 + h535 + h2071 + h3043 + h703 + h5255 + h5255 - h64 - h105 - h141 - h143 - h275 - h16911 
c14: h4 + h32 + h170 + h58 + h98 + h1512 + h108 + h42 + h5255 + h5255 + h5255 - h105 - h719 - h948 
c15: h260 + h775 + h3976 + h9748 + h1360 + h574 + h15315 - h1421 - h1576 
c21: h138 + h1512 - h98 - h64 - h79 - h76 - h137 
c22: h20 + h25 + h218 + h384 + h87 + h91 + h461 + h83 + h965 + h754 + h214 + h1360 + h84 - h30 - h37 - h123 
c23: h48 + h97 + h1048 + h831 + h1577 + h11083 - h156 - h15823 
c24: h117 + h37 + h157 + h118 + h214 + h1006 + h896 + h260 + h896 + h1577 + h1048 + h11083 + h1154 + h1512 + h22209 - h20 - h330 - h1093 
c25: h241 + h111 + h42 + h710 + h1441 + h1048 + h2153 + h525 + h710 + h10 + h697 + h11083 + h16911 - h98 - h260 
c31: h12 + h4 + h10 + h276 + h1154 + h34 + h3591 + h525 + h3976 - h596 - h23398 
c32: h39 + h113 + h122 + h29 + h176 + h115 + h1023 + h15315 + h15315 - h77 - h232 - h626 
c33: h415 + h710 + h9748 + h1512 + h1512 - h116 - h574 
c34: h76 + h115 + h382 + h680 + h781 + h382 + h831 + h382 + h1512 - h30 - h15315 
c35: h4 + h13 + h896 + h382 + h697 + h754 + h9115 + h574 
c41: h108 + h70 + h170 + h202 + h232 + h84 + h22 + h977 + h2847 + h1154 + h1512 + h24123 - h111 - h5403 
c42: h91 + h91 + h41 + h201 + h82 + h831 + h108 + h754 + h525 + h5255 + h1512 - h261 - h276 
c43: h62 + h170 + h678 + h22 + h48 + h80 + h10 + h1360 + h1512 + h1512 + h1512 - h36 - h815 - h8977 
c44: h90 + h134 + h114 + h896 + h1360 + h1742 + h1782 + h1512 + h18296 - h33 - h851 - h5255 
c45: h46 + h44 + h384 + h623 + h697 + h42 + h574 - h290 - h3976 
c51: h55 + h93 + h113 + h115 + h754 + h415 + h98 + h525 + h1360 + h3976 + h1512 + h15315 - h14 - h442 
c52: h82 + h152 + h108 + h781 + h831 + h1577 + h11083 - h97 - h52 - h207 - h965 
c53: h92 + h781 + h697 + h11 + h170 + h91 + h1360 + h34 + h965 + h3976 + h4435 + h574 + h1360 + h5255 - h36 - h113 - h226 - h246 
c54: h14 + h79 + h251 + h10 + h680 + h5255 + h22593 - h117 - h172 - h770 - h943 
c55: h140 + h156 + h454 + h64 + h567 + h703 + h1577 + h1512 + h11083 + h5255 - h1360 
