0,151.512,25
100,93.272,25
200,73.392,24.8
300,68.728,24.4
400,65.824,24.6
500,60.160000000000004,24.8
600,57.104000000000006,24.8
700,53.855999999999995,24.8
800,53.616,24.8
900,53.096000000000004,24.8
1000,51.512,24.8
1100,49.120000000000005,24.8
1200,47.232000000000006,24.8
1300,45.76,24.8
1400,45.76,24.8
1500,45.344,24.8
1600,44.936,24.8
1700,44.872,24.8
1800,44.791999999999994,24.6
1900,44.248,24.6
2000,43.928000000000004,24.6
2100,43.704,24.6
2200,43.128,24.6
2300,43.128,24.6
2400,42.064,24.4
2500,39.608000000000004,24.4
2600,39.608000000000004,24.4
2700,38.488,24.4
2800,38.488,24.4
2900,38.488,24.4
3000,38.488,24.4
3100,38.136,24.4
3200,37.792,24.4
3300,37.504000000000005,24.4
3400,37.504000000000005,24.4
3500,37.408,24.4
3600,37.104,24.4
3700,37.056,24.4
3800,37.056,24.4
3900,37.056,24.4
4000,37.056,24.4
4100,37.056,24.4
4200,37.007999999999996,24.4
4300,37.007999999999996,24.4
4400,36.896,24.4
4500,36.512,24.4
4600,36.512,24.4
4700,36.368,24.4
4800,36.368,24.4
4900,36.368,24.4
5000,36.368,24.4
5100,36.368,24.4
5200,36.368,24.4
5300,35.70399999999999,24.4
5400,35.384,24.4
5500,35.384,24.4
5600,35.384,24.4
5700,35.384,24.4
5800,35.384,24.4
5900,35.384,24.4
6000,35.384,24.4
6100,35.384,24.4
6200,35.376000000000005,24.4
6300,35.376000000000005,24.4
6400,35.296,24.4
6500,35.296,24.4
6600,35.056,24.2
6700,35.024,24.2
6800,35.024,24.2
6900,35.024,24.2
7000,35.024,24.2
7100,35.024,24.2
7200,35.024,24.2
7300,35.024,24.2
7400,35.024,24.2
7500,34.784000000000006,24.2
7600,34.544,24.2
7700,34.519999999999996,24.2
7800,34.464,24.2
7900,34.12,24.2
8000,34.12,24.2
8100,34.12,24.2
8200,33.952000000000005,24.2
8300,33.928,24.2
8400,33.928,24.2
8500,33.928,24.2
8600,33.928,24.2
8700,33.928,24.2
8800,33.736000000000004,24.2
8900,33.736000000000004,24.2
9000,33.736000000000004,24.2
9100,33.736000000000004,24.2
9200,33.736000000000004,24.2
9300,33.736000000000004,24.2
9400,33.736000000000004,24.2
9500,33.736000000000004,24.2
9600,33.736000000000004,24.2
9700,33.736000000000004,24.2
9800,33.736000000000004,24.2
9900,33.736000000000004,24.2
10000,33.736000000000004,24.2
10100,33.736000000000004,24.2
10200,33.736000000000004,24.2
10300,33.736000000000004,24.2
10400,33.736000000000004,24.2
10500,33.736000000000004,24.2
10600,33.736000000000004,24.2
10700,33.736000000000004,24.2
10800,33.736000000000004,24.2
10900,33.624,24.2
11000,33.624,24.2
11100,33.624,24.2
11200,33.624,24.2
11300,33.464,24.2
11400,33.464,24.2
11500,33.464,24.2
11600,33.464,24.2
11700,33.376,24.2
11800,33.376,24.2
11900,33.376,24.2
12000,33.376,24.2
12100,33.376,24.2
12200,33.376,24.2
12300,33.312,24.2
12400,33.312,24.2
12500,33.312,24.2
12600,33.263999999999996,24.2
12700,33.263999999999996,24.2
12800,33.263999999999996,24.2
12900,33.263999999999996,24.2
13000,33.263999999999996,24.2
13100,33.263999999999996,24.2
13200,33.152,24.2
13300,33.152,24.2
13400,33.152,24.2
13500,33.152,24.2
13600,33.016,24.2
13700,32.864000000000004,24.2
13800,32.864000000000004,24.2
13900,32.864000000000004,24.2
14000,32.784000000000006,24.2
14100,32.784000000000006,24.2
14200,32.784000000000006,24.2
14300,32.784000000000006,24.2
14400,32.784000000000006,24.2
14500,32.784000000000006,24.2
14600,32.784000000000006,24.2
14700,32.784000000000006,24.2
14800,32.784000000000006,24.2
14900,32.784000000000006,24.2
15000,32.784000000000006,24.2
15100,32.784000000000006,24.2
15200,32.784000000000006,24.2
15300,32.784000000000006,24.2
15400,32.775999999999996,24.2
15500,32.775999999999996,24.2
15600,32.775999999999996,24.2
15700,32.775999999999996,24.2
15800,32.775999999999996,24.2
15900,32.056,24
16000,32.056,24
16100,32.056,24
16200,32.056,24
16300,32.056,24
16400,32.056,24
16500,31.927999999999997,24.2
16600,31.927999999999997,24.2
16700,31.927999999999997,24.2
16800,31.927999999999997,24.2
16900,31.927999999999997,24.2
17000,31.927999999999997,24.2
17100,31.927999999999997,24.2
17200,31.927999999999997,24.2
17300,31.927999999999997,24.2
17400,31.927999999999997,24.2
17500,31.927999999999997,24.2
17600,31.927999999999997,24.2
17700,31.927999999999997,24.2
17800,31.927999999999997,24.2
17900,31.927999999999997,24.2
18000,31.927999999999997,24.2
18100,31.927999999999997,24.2
18200,31.927999999999997,24.2
18300,31.927999999999997,24.2
18400,31.927999999999997,24.2
18500,31.927999999999997,24.2
18600,31.927999999999997,24.2
18700,31.887999999999998,24.2
18800,31.887999999999998,24.2
18900,31.887999999999998,24.2
19000,31.887999999999998,24.2
19100,31.887999999999998,24.2
19200,31.887999999999998,24.2
19300,31.887999999999998,24.2
19400,31.887999999999998,24.2
19500,31.887999999999998,24.2
19600,31.887999999999998,24.2
19700,31.887999999999998,24.2
19800,31.887999999999998,24.2
19900,31.887999999999998,24.2
20000,31.887999999999998,24.2
20100,31.887999999999998,24.2
20200,31.512,24.2
20300,31.512,24.2
20400,31.512,24.2
20500,31.512,24.2
20600,31.512,24.2
20700,31.512,24.2
20800,31.512,24.2
20900,31.512,24.2
21000,31.512,24.2
21100,31.512,24.2
21200,31.471999999999998,24.2
21300,31.471999999999998,24.2
21400,31.471999999999998,24.2
21500,31.471999999999998,24.2
21600,31.471999999999998,24.2
21700,31.471999999999998,24.2
21800,31.28,24.2
21900,31.24,24.2
22000,31.24,24.2
22100,31.24,24.2
22200,31.24,24.2
22300,31.24,24.2
22400,31.24,24.2
22500,31.24,24.2
22600,31.151999999999997,24.2
22700,31.151999999999997,24.2
22800,31.151999999999997,24.2
22900,31.151999999999997,24.2
23000,31.151999999999997,24.2
23100,31.151999999999997,24.2
23200,31.151999999999997,24.2
23300,31.151999999999997,24.2
23400,31.151999999999997,24.2
23500,31.151999999999997,24.2
23600,31.151999999999997,24.2
23700,31.151999999999997,24.2
23800,31.151999999999997,24.2
23900,31.151999999999997,24.2
24000,31.151999999999997,24.2
24100,30.336000000000002,24.2
24200,28.840000000000003,24.2
24300,28.840000000000003,24.2
24400,28.840000000000003,24.2
24500,28.656,24.2
24600,28.656,24.2
24700,28.656,24.2
24800,28.656,24.2
24900,28.248,24.2
25000,28.248,24.2
25100,28.248,24.2
25200,28.248,24.2
25300,28.248,24.2
25400,28.248,24.2
25500,28.248,24.2
25600,28.248,24.2
25700,28.248,24.2
25800,28.248,24.2
25900,28.136000000000003,24.2
26000,28.136000000000003,24.2
26100,28.136000000000003,24.2
26200,28.136000000000003,24.2
26300,28.136000000000003,24.2
26400,28.136000000000003,24.2
26500,28.136000000000003,24.2
26600,28.136000000000003,24.2
26700,28.136000000000003,24.2
26800,28.136000000000003,24.2
26900,28.136000000000003,24.2
27000,28.136000000000003,24.2
27100,27.976,24
27200,27.976,24
27300,27.976,24
27400,27.976,24
27500,27.976,24
27600,27.976,24
27700,27.976,24
27800,27.976,24
27900,27.976,24
28000,27.976,24
28100,27.976,24
28200,27.976,24
28300,27.976,24
28400,27.976,24
28500,27.976,24
28600,27.951999999999998,24
28700,27.951999999999998,24
28800,27.951999999999998,24
28900,27.951999999999998,24
29000,27.951999999999998,24
29100,27.951999999999998,24
29200,27.951999999999998,24
29300,27.951999999999998,24
29400,27.951999999999998,24
29500,27.951999999999998,24
29600,27.951999999999998,24
29700,27.951999999999998,24
29800,27.951999999999998,24
29900,27.951999999999998,24
30000,27.951999999999998,24
30100,27.951999999999998,24
30200,27.951999999999998,24
30300,27.576,23.8
30400,27.576,23.8
30500,27.576,23.8
30600,27.576,23.8
30700,27.576,23.8
30800,27.576,23.8
30900,27.576,23.8
31000,27.576,23.8
31100,27.576,23.8
31200,27.576,23.8
31300,27.576,23.8
31400,27.576,23.8
31500,27.576,23.8
31600,27.576,23.8
31700,27.576,23.8
31800,27.576,23.8
31900,27.576,23.8
32000,27.576,23.8
32100,27.576,23.8
32200,27.576,23.8
32300,27.576,23.8
32400,27.576,23.8
32500,27.576,23.8
32600,27.576,23.8
32700,27.576,23.8
32800,27.576,23.8
32900,27.576,23.8
33000,27.576,23.8
33100,27.576,23.8
33200,27.576,23.8
33300,27.576,23.8
33400,27.576,23.8
33500,27.576,23.8
33600,27.576,23.8
33700,27.576,23.8
33800,27.576,23.8
33900,27.576,23.8
34000,27.576,23.8
34100,27.576,23.8
34200,27.576,23.8
34300,27.576,23.8
34400,27.576,23.8
34500,27.576,23.8
34600,27.576,23.8
34700,27.576,23.8
34800,27.576,23.8
34900,27.576,23.8
35000,27.576,23.8
35100,27.576,23.8
35200,27.576,23.8
35300,27.576,23.8
35400,27.576,23.8
35500,27.576,23.8
35600,27.576,23.8
35700,27.576,23.8
35800,27.576,23.8
35900,27.576,23.8
36000,27.576,23.8
36100,27.576,23.8
36200,27.576,23.8
36300,27.576,23.8
36400,27.576,23.8
36500,27.576,23.8
36600,27.576,23.8
36700,27.576,23.8
36800,27.576,23.8
36900,27.576,23.8
37000,27.576,23.8
37100,27.576,23.8
37200,27.576,23.8
37300,27.576,23.8
37400,27.576,23.8
37500,27.576,23.8
37600,27.576,23.8
37700,27.576,23.8
37800,27.576,23.8
37900,27.576,23.8
38000,27.576,23.8
38100,27.576,23.8
38200,27.48,23.8
38300,27.48,23.8
38400,27.48,23.8
38500,27.48,23.8
38600,27.48,23.8
38700,27.48,23.8
38800,27.48,23.8
38900,27.48,23.8
39000,27.48,23.8
39100,27.48,23.8
39200,27.48,23.8
39300,27.48,23.8
39400,27.48,23.8
39500,27.48,23.8
39600,27.48,23.8
39700,27.48,23.8
39800,27.48,23.8
39900,27.48,23.8
40000,27.48,23.8
40100,27.48,23.8
40200,27.48,23.8
40300,27.48,23.8
40400,27.48,23.8
40500,27.48,23.8
40600,27.48,23.8
40700,27.48,23.8
40800,27.48,23.8
40900,27.48,23.8
41000,27.48,23.8
41100,27.48,23.8
41200,27.48,23.8
41300,27.48,23.8
41400,27.48,23.8
41500,27.48,23.8
41600,27.48,23.8
41700,27.48,23.8
41800,27.48,23.8
41900,27.48,23.8
42000,27.48,23.8
42100,27.48,23.8
42200,27.48,23.8
42300,27.48,23.8
42400,27.48,23.8
42500,27.48,23.8
42600,27.48,23.8
42700,27.48,23.8
42800,27.48,23.8
42900,27.48,23.8
43000,27.48,23.8
43100,27.48,23.8
43200,27.48,23.8
43300,27.48,23.8
43400,27.48,23.8
43500,27.48,23.8
43600,27.48,23.8
43700,27.48,23.8
43800,27.48,23.8
43900,27.48,23.8
44000,27.48,23.8
44100,27.48,23.8
44200,27.48,23.8
44300,27.48,23.8
44400,27.48,23.8
44500,27.48,23.8
44600,27.48,23.8
44700,27.48,23.8
44800,27.48,23.8
44900,27.48,23.8
45000,27.48,23.8
45100,27.48,23.8
45200,27.48,23.8
45300,27.48,23.8
45400,27.48,23.8
45500,27.48,23.8
45600,27.48,23.8
45700,27.48,23.8
45800,27.48,23.8
45900,27.48,23.8
46000,27.48,23.8
46100,27.48,23.8
46200,27.48,23.8
46300,27.48,23.8
46400,27.48,23.8
46500,27.48,23.8
46600,27.48,23.8
46700,27.48,23.8
46800,27.48,23.8
46900,27.48,23.8
47000,27.48,23.8
47100,27.48,23.8
47200,27.48,23.8
47300,27.48,23.8
47400,27.48,23.8
47500,27.48,23.8
47600,27.48,23.8
47700,27.48,23.8
47800,27.48,23.8
47900,27.48,23.8
48000,27.48,23.8
48100,27.48,23.8
48200,27.48,23.8
48300,27.48,23.8
48400,27.48,23.8
48500,27.48,23.8
48600,27.48,23.8
48700,27.48,23.8
48800,27.264,23.8
48900,27.264,23.8
49000,27.264,23.8
49100,27.264,23.8
49200,27.264,23.8
49300,27.264,23.8
49400,27.264,23.8
49500,27.264,23.8
49600,27.264,23.8
49700,27.264,23.8
49800,27.264,23.8
49900,27.264,23.8
50000,27.264,23.8
50100,27.264,23.8
50200,27.264,23.8
50300,27.264,23.8
50400,27.264,23.8
50500,27.264,23.8
50600,27.264,23.8
50700,27.264,23.8
50800,27.264,23.8
50900,27.264,23.8
51000,27.264,23.8
51100,27.264,23.8
51200,27.264,23.8
51300,27.264,23.8
51400,27.264,23.8
51500,27.264,23.8
51600,27.264,23.8
51700,27.264,23.8
51800,27.264,23.8
51900,27.264,23.8
52000,27.264,23.8
52100,27.264,23.8
52200,27.264,23.8
52300,27.264,23.8
52400,27.264,23.8
52500,27.264,23.8
52600,27.264,23.8
52700,27.264,23.8
52800,27.264,23.8
52900,27.264,23.8
53000,27.264,23.8
53100,27.264,23.8
53200,27.264,23.8
53300,27.264,23.8
53400,27.264,23.8
53500,27.264,23.8
53600,27.264,23.8
53700,27.264,23.8
53800,27.264,23.8
53900,27.264,23.8
54000,27.264,23.8
54100,27.264,23.8
54200,27.264,23.8
54300,27.264,23.8
54400,27.264,23.8
54500,27.215999999999998,23.8
54600,27.215999999999998,23.8
54700,27.215999999999998,23.8
54800,27.215999999999998,23.8
54900,27.215999999999998,23.8
55000,27.215999999999998,23.8
55100,27.215999999999998,23.8
55200,27.215999999999998,23.8
55300,27.215999999999998,23.8
55400,27.215999999999998,23.8
55500,27.215999999999998,23.8
55600,27.215999999999998,23.8
55700,27.215999999999998,23.8
55800,27.215999999999998,23.8
55900,27.215999999999998,23.8
56000,27.215999999999998,23.8
56100,27.215999999999998,23.8
56200,27.215999999999998,23.8
56300,27.215999999999998,23.8
56400,27.215999999999998,23.8
56500,27.215999999999998,23.8
56600,27.215999999999998,23.8
56700,27.215999999999998,23.8
56800,27.215999999999998,23.8
56900,27.215999999999998,23.8
57000,27.215999999999998,23.8
57100,27.215999999999998,23.8
57200,27.215999999999998,23.8
57300,27.215999999999998,23.8
57400,27.215999999999998,23.8
57500,27.215999999999998,23.8
57600,27.215999999999998,23.8
57700,27.215999999999998,23.8
57800,27.215999999999998,23.8
57900,27.215999999999998,23.8
58000,27.215999999999998,23.8
58100,27.215999999999998,23.8
58200,27.215999999999998,23.8
58300,27.215999999999998,23.8
58400,27.215999999999998,23.8
58500,27.215999999999998,23.8
58600,27.215999999999998,23.8
58700,27.215999999999998,23.8
58800,27.215999999999998,23.8
58900,27.215999999999998,23.8
59000,27.215999999999998,23.8
59100,27.215999999999998,23.8
59200,27.215999999999998,23.8
59300,27.215999999999998,23.8
59400,27.215999999999998,23.8
59500,27.151999999999997,24
59600,27.151999999999997,24
59700,27.151999999999997,24
59800,27.151999999999997,24
59900,27.151999999999997,24
60000,27.151999999999997,24
60100,27.151999999999997,24
60200,27.151999999999997,24
60300,27.151999999999997,24
60400,27.151999999999997,24
60500,27.151999999999997,24
60600,27.151999999999997,24
60700,27.151999999999997,24
60800,27.151999999999997,24
60900,27.151999999999997,24
61000,27.151999999999997,24
61100,27.151999999999997,24
61200,27.151999999999997,24
61300,27.151999999999997,24
61400,27.151999999999997,24
61500,27.151999999999997,24
61600,27.048000000000002,24
61700,27.048000000000002,24
61800,26.744,24
61900,26.744,24
62000,26.744,24
62100,26.744,24
62200,26.744,24
62300,26.744,24
62400,26.744,24
62500,26.744,24
62600,26.744,24
62700,26.744,24
62800,26.744,24
62900,26.744,24
63000,26.744,24
63100,26.744,24
63200,26.679999999999996,23.8
63300,26.679999999999996,23.8
63400,26.679999999999996,23.8
63500,26.679999999999996,23.8
63600,26.679999999999996,23.8
63700,26.679999999999996,23.8
63800,26.679999999999996,23.8
63900,26.679999999999996,23.8
64000,26.679999999999996,23.8
64100,26.679999999999996,23.8
64200,26.679999999999996,23.8
64300,26.679999999999996,23.8
64400,26.679999999999996,23.8
64500,26.679999999999996,23.8
64600,26.679999999999996,23.8
64700,26.679999999999996,23.8
64800,26.679999999999996,23.8
64900,26.679999999999996,23.8
65000,26.679999999999996,23.8
65100,26.679999999999996,23.8
65200,26.679999999999996,23.8
65300,26.608000000000004,23.8
65400,26.608000000000004,23.8
65500,26.608000000000004,23.8
65600,26.608000000000004,23.8
65700,26.608000000000004,23.8
65800,26.608000000000004,23.8
65900,26.608000000000004,23.8
66000,26.608000000000004,23.8
66100,26.608000000000004,23.8
66200,26.608000000000004,23.8
66300,26.608000000000004,23.8
66400,26.608000000000004,23.8
66500,26.608000000000004,23.8
66600,26.608000000000004,23.8
66700,26.608000000000004,23.8
66800,26.608000000000004,23.8
66900,26.608000000000004,23.8
67000,26.608000000000004,23.8
67100,26.608000000000004,23.8
67200,26.608000000000004,23.8
67300,26.608000000000004,23.8
67400,26.608000000000004,23.8
67500,26.608000000000004,23.8
67600,26.608000000000004,23.8
67700,26.608000000000004,23.8
67800,26.608000000000004,23.8
67900,26.608000000000004,23.8
68000,26.608000000000004,23.8
68100,26.608000000000004,23.8
68200,26.608000000000004,23.8
68300,26.608000000000004,23.8
68400,26.608000000000004,23.8
68500,26.608000000000004,23.8
68600,26.608000000000004,23.8
68700,26.608000000000004,23.8
68800,26.608000000000004,23.8
68900,26.608000000000004,23.8
69000,26.608000000000004,23.8
69100,26.608000000000004,23.8
69200,26.608000000000004,23.8
69300,26.608000000000004,23.8
69400,26.608000000000004,23.8
69500,26.608000000000004,23.8
69600,26.608000000000004,23.8
69700,26.608000000000004,23.8
69800,26.608000000000004,23.8
69900,26.608000000000004,23.8
70000,26.608000000000004,23.8
70100,26.608000000000004,23.8
70200,26.608000000000004,23.8
70300,26.608000000000004,23.8
70400,26.608000000000004,23.8
70500,26.608000000000004,23.8
70600,26.608000000000004,23.8
70700,26.608000000000004,23.8
70800,26.608000000000004,23.8
70900,26.608000000000004,23.8
71000,26.608000000000004,23.8
71100,26.608000000000004,23.8
71200,26.608000000000004,23.8
71300,26.608000000000004,23.8
71400,26.608000000000004,23.8
71500,26.608000000000004,23.8
71600,26.608000000000004,23.8
71700,26.608000000000004,23.8
71800,26.608000000000004,23.8
71900,26.608000000000004,23.8
72000,26.608000000000004,23.8
72100,26.608000000000004,23.8
72200,26.608000000000004,23.8
72300,26.608000000000004,23.8
72400,26.608000000000004,23.8
72500,26.608000000000004,23.8
72600,26.608000000000004,23.8
72700,26.608000000000004,23.8
72800,26.608000000000004,23.8
72900,26.608000000000004,23.8
73000,26.608000000000004,23.8
73100,26.608000000000004,23.8
73200,26.608000000000004,23.8
73300,26.608000000000004,23.8
73400,26.608000000000004,23.8
73500,26.608000000000004,23.8
73600,26.608000000000004,23.8
73700,26.608000000000004,23.8
73800,26.608000000000004,23.8
73900,26.608000000000004,23.8
74000,26.608000000000004,23.8
74100,26.608000000000004,23.8
74200,26.608000000000004,23.8
74300,26.608000000000004,23.8
74400,26.608000000000004,23.8
74500,26.608000000000004,23.8
74600,26.608000000000004,23.8
74700,26.608000000000004,23.8
74800,26.608000000000004,23.8
74900,26.608000000000004,23.8
75000,26.608000000000004,23.8
75100,26.608000000000004,23.8
75200,26.608000000000004,23.8
75300,26.608000000000004,23.8
75400,26.608000000000004,23.8
75500,26.568,23.6
75600,26.568,23.6
75700,26.568,23.6
75800,26.568,23.6
75900,26.568,23.6
76000,26.568,23.6
76100,26.568,23.6
76200,26.568,23.6
76300,26.568,23.6
76400,26.560000000000002,23.6
76500,26.560000000000002,23.6
76600,26.560000000000002,23.6
76700,26.560000000000002,23.6
76800,26.560000000000002,23.6
76900,26.560000000000002,23.6
77000,26.560000000000002,23.6
77100,26.560000000000002,23.6
77200,26.560000000000002,23.6
77300,26.560000000000002,23.6
77400,26.560000000000002,23.6
77500,26.560000000000002,23.6
77600,26.560000000000002,23.6
77700,26.560000000000002,23.6
77800,26.560000000000002,23.6
77900,26.560000000000002,23.6
78000,26.560000000000002,23.6
78100,26.560000000000002,23.6
78200,26.560000000000002,23.6
78300,26.560000000000002,23.6
78400,26.560000000000002,23.6
78500,26.560000000000002,23.6
78600,26.560000000000002,23.6
78700,26.560000000000002,23.6
78800,26.560000000000002,23.6
78900,26.560000000000002,23.6
79000,26.560000000000002,23.6
79100,26.560000000000002,23.6
79200,26.496000000000002,23.6
79300,26.496000000000002,23.6
79400,26.496000000000002,23.6
79500,26.496000000000002,23.6
79600,26.496000000000002,23.6
79700,26.496000000000002,23.6
79800,26.496000000000002,23.6
79900,26.496000000000002,23.6
80000,26.496000000000002,23.6
80100,26.496000000000002,23.6
80200,25.912,23.8
80300,25.912,23.8
80400,25.912,23.8
80500,25.912,23.8
80600,25.912,23.8
80700,25.912,23.8
80800,25.912,23.8
80900,25.912,23.8
81000,25.912,23.8
81100,25.912,23.8
81200,25.848000000000003,23.8
81300,25.848000000000003,23.8
81400,25.848000000000003,23.8
81500,25.848000000000003,23.8
81600,25.848000000000003,23.8
81700,25.576,23.8
81800,25.576,23.8
81900,25.576,23.8
82000,25.576,23.8
82100,25.576,23.8
82200,25.576,23.8
82300,25.576,23.8
82400,25.576,23.8
82500,25.576,23.8
82600,25.576,23.8
82700,25.576,23.8
82800,25.576,23.8
82900,25.576,23.8
83000,25.576,23.8
83100,25.576,23.8
83200,25.576,23.8
83300,25.576,23.8
83400,25.568,23.8
83500,25.568,23.8
83600,25.568,23.8
83700,25.568,23.8
83800,25.568,23.8
83900,25.568,23.8
84000,25.568,23.8
84100,25.568,23.8
84200,25.568,23.8
84300,25.568,23.8
84400,25.568,23.8
84500,25.568,23.8
84600,25.568,23.8
84700,25.568,23.8
84800,25.568,23.8
84900,25.568,23.8
85000,25.568,23.8
85100,25.327999999999996,23.8
85200,25.072000000000003,23.8
85300,25.072000000000003,23.8
85400,25.072000000000003,23.8
85500,25.072000000000003,23.8
85600,25.072000000000003,23.8
85700,25.072000000000003,23.8
85800,25.072000000000003,23.8
85900,25.072000000000003,23.8
86000,25.072000000000003,23.8
86100,25.072000000000003,23.8
86200,25.072000000000003,23.8
86300,25.072000000000003,23.8
86400,25.072000000000003,23.8
86500,25.072000000000003,23.8
86600,25.072000000000003,23.8
86700,25.072000000000003,23.8
86800,25.072000000000003,23.8
86900,25.072000000000003,23.8
87000,25.072000000000003,23.8
87100,24.904000000000003,23.8
87200,24.904000000000003,23.8
87300,24.904000000000003,23.8
87400,24.904000000000003,23.8
87500,24.904000000000003,23.8
87600,24.904000000000003,23.8
87700,24.904000000000003,23.8
87800,24.904000000000003,23.8
87900,24.904000000000003,23.8
88000,24.904000000000003,23.8
88100,24.904000000000003,23.8
88200,24.904000000000003,23.8
88300,24.904000000000003,23.8
88400,24.904000000000003,23.8
88500,24.904000000000003,23.8
88600,24.904000000000003,23.8
88700,24.904000000000003,23.8
88800,24.904000000000003,23.8
88900,24.904000000000003,23.8
89000,24.904000000000003,23.8
89100,24.904000000000003,23.8
89200,24.904000000000003,23.8
89300,24.904000000000003,23.8
89400,24.904000000000003,23.8
89500,24.904000000000003,23.8
89600,24.904000000000003,23.8
89700,24.904000000000003,23.8
89800,24.904000000000003,23.8
89900,24.904000000000003,23.8
90000,24.904000000000003,23.8
90100,24.904000000000003,23.8
90200,24.904000000000003,23.8
90300,24.904000000000003,23.8
90400,24.904000000000003,23.8
90500,24.904000000000003,23.8
90600,24.904000000000003,23.8
90700,24.904000000000003,23.8
90800,24.904000000000003,23.8
90900,24.904000000000003,23.8
91000,24.904000000000003,23.8
91100,24.904000000000003,23.8
91200,24.904000000000003,23.8
91300,24.904000000000003,23.8
91400,24.904000000000003,23.8
91500,24.904000000000003,23.8
91600,24.904000000000003,23.8
91700,24.904000000000003,23.8
91800,24.904000000000003,23.8
91900,24.904000000000003,23.8
92000,24.904000000000003,23.8
92100,24.904000000000003,23.8
92200,24.904000000000003,23.8
92300,24.904000000000003,23.8
92400,24.904000000000003,23.8
92500,24.904000000000003,23.8
92600,24.904000000000003,23.8
92700,24.904000000000003,23.8
92800,24.904000000000003,23.8
92900,24.904000000000003,23.8
93000,24.904000000000003,23.8
93100,24.904000000000003,23.8
93200,24.904000000000003,23.8
93300,24.904000000000003,23.8
93400,24.904000000000003,23.8
93500,24.904000000000003,23.8
93600,24.904000000000003,23.8
93700,24.904000000000003,23.8
93800,24.904000000000003,23.8
93900,24.904000000000003,23.8
94000,24.904000000000003,23.8
94100,24.904000000000003,23.8
94200,24.904000000000003,23.8
94300,24.904000000000003,23.8
94400,24.904000000000003,23.8
94500,24.904000000000003,23.8
94600,24.904000000000003,23.8
94700,24.832,23.8
94800,24.832,23.8
94900,24.832,23.8
95000,24.832,23.8
95100,24.832,23.8
95200,24.832,23.8
95300,24.832,23.8
95400,24.832,23.8
95500,24.832,23.8
95600,24.832,23.8
95700,24.832,23.8
95800,24.832,23.8
95900,24.832,23.8
96000,24.832,23.8
96100,24.832,23.8
96200,24.832,23.8
96300,24.832,23.8
96400,24.832,23.8
96500,24.832,23.8
96600,24.832,23.8
96700,24.832,23.8
96800,24.832,23.8
96900,24.832,23.8
97000,24.832,23.8
97100,24.832,23.8
97200,24.832,23.8
97300,24.832,23.8
97400,24.832,23.8
97500,24.832,23.8
97600,24.832,23.8
97700,24.832,23.8
97800,24.832,23.8
97900,24.832,23.8
98000,24.832,23.8
98100,24.832,23.8
98200,24.832,23.8
98300,24.832,23.8
98400,24.832,23.8
98500,24.832,23.8
98600,24.832,23.8
98700,24.832,23.8
98800,24.832,23.8
98900,24.832,23.8
99000,24.832,23.8
99100,24.832,23.8
99200,24.832,23.8
99300,24.832,23.8
99400,24.832,23.8
99500,24.832,23.8
99600,24.832,23.8
99700,24.832,23.8
99800,24.832,23.8
99900,24.832,23.8
100000,24.832,23.8
100100,24.832,23.8
100200,24.832,23.8
100300,24.832,23.8
100400,24.832,23.8
100500,24.832,23.8
100600,24.832,23.8
100700,24.832,23.8
100800,24.832,23.8
100900,24.832,23.8
101000,24.832,23.8
101100,24.832,23.8
101200,24.832,23.8
101300,24.832,23.8
101400,24.832,23.8
101500,24.832,23.8
101600,24.832,23.8
101700,24.832,23.8
101800,24.832,23.8
101900,24.832,23.8
102000,24.832,23.8
102100,24.832,23.8
102200,24.832,23.8
102300,24.832,23.8
102400,24.832,23.8
102500,24.832,23.8
102600,24.832,23.8
102700,24.832,23.8
102800,24.832,23.8
102900,24.832,23.8
103000,24.768000000000004,23.8
103100,24.768000000000004,23.8
103200,24.768000000000004,23.8
103300,24.768000000000004,23.8
103400,24.304000000000002,23.8
103500,24.304000000000002,23.8
103600,24.304000000000002,23.8
103700,24.304000000000002,23.8
103800,24.304000000000002,23.8
103900,24.304000000000002,23.8
104000,24.304000000000002,23.8
104100,24.240000000000002,23.8
104200,24.240000000000002,23.8
104300,24.240000000000002,23.8
104400,24.240000000000002,23.8
104500,24.240000000000002,23.8
104600,24.240000000000002,23.8
104700,24.240000000000002,23.8
104800,24.240000000000002,23.8
104900,24.240000000000002,23.8
105000,24.240000000000002,23.8
105100,24.240000000000002,23.8
105200,24.240000000000002,23.8
105300,24.240000000000002,23.8
105400,24.240000000000002,23.8
105500,24.240000000000002,23.8
105600,24.240000000000002,23.8
105700,24.240000000000002,23.8
105800,24.240000000000002,23.8
105900,24.240000000000002,23.8
106000,24.240000000000002,23.8
106100,24.240000000000002,23.8
106200,24.240000000000002,23.8
106300,24.240000000000002,23.8
106400,24.240000000000002,23.8
106500,24.240000000000002,23.8
106600,24.240000000000002,23.8
106700,24.240000000000002,23.8
106800,24.240000000000002,23.8
106900,24.240000000000002,23.8
107000,24.240000000000002,23.8
107100,24.240000000000002,23.8
107200,24.240000000000002,23.8
107300,24.240000000000002,23.8
107400,24.240000000000002,23.8
107500,24.240000000000002,23.8
107600,24.240000000000002,23.8
107700,24.240000000000002,23.8
107800,24.240000000000002,23.8
107900,24.240000000000002,23.8
108000,24.240000000000002,23.8
108100,24.128000000000004,23.8
108200,24.128000000000004,23.8
108300,24.128000000000004,23.8
108400,24.128000000000004,23.8
108500,24.128000000000004,23.8
108600,24.128000000000004,23.8
108700,24.095999999999997,23.8
108800,23.752000000000002,23.8
108900,23.752000000000002,23.8
109000,23.752000000000002,23.8
109100,23.752000000000002,23.8
109200,23.752000000000002,23.8
109300,23.752000000000002,23.8
109400,23.752000000000002,23.8
109500,23.752000000000002,23.8
109600,23.752000000000002,23.8
109700,23.752000000000002,23.8
109800,23.752000000000002,23.8
109900,23.752000000000002,23.8
110000,23.632,23.8
110100,23.632,23.8
110200,23.144,24
110300,23.104,24
110400,23.104,24
110500,23.104,24
110600,23.104,24
110700,23.104,24
110800,23.104,24
110900,23.104,24
111000,23.104,24
111100,23.104,24
111200,23.104,24
111300,23.104,24
111400,23.104,24
111500,23.104,24
111600,22.584,24
111700,22.584,24
111800,22.584,24
111900,22.584,24
112000,22.584,24
112100,22.584,24
112200,22.496,24
112300,22.496,24
112400,22.496,24
112500,22.496,24
112600,22.496,24
112700,22.496,24
112800,22.496,24
112900,22.496,24
113000,22.368000000000002,24
113100,22.368000000000002,24
113200,22.368000000000002,24
113300,22.368000000000002,24
113400,22.368000000000002,24
113500,22.368000000000002,24
113600,22.368000000000002,24
113700,22.368000000000002,24
113800,22.368000000000002,24
113900,22.368000000000002,24
114000,22.368000000000002,24
114100,22.368000000000002,24
114200,22.368000000000002,24
114300,22.208,24
114400,22.208,24
114500,22.208,24
114600,22.208,24
114700,22.208,24
114800,22.208,24
114900,22.208,24
115000,22.208,24
115100,22.208,24
115200,22.208,24
115300,22.208,24
115400,22.208,24
115500,22.208,24
115600,22.208,24
115700,22.208,24
115800,22.208,24
115900,22.208,24
116000,22.208,24
116100,22.184,24
116200,22.184,24
116300,22.184,24
116400,22.184,24
116500,22.184,24
116600,22.184,24
116700,22.184,24
116800,22.184,24
116900,22.184,24
117000,22.184,24
117100,22.184,24
117200,22.184,24
117300,22.184,24
117400,22.184,24
117500,22.184,24
117600,22.184,24
117700,22.184,24
117800,22.184,24
117900,22.184,24
118000,22.16,24
118100,22.16,24
118200,22.16,24
118300,22.144000000000002,24
118400,22.144000000000002,24
118500,22.144000000000002,24
118600,22.144000000000002,24
118700,22.144000000000002,24
118800,22.144000000000002,24
118900,22.144000000000002,24
119000,22.144000000000002,24
119100,22.144000000000002,24
119200,22.144000000000002,24
119300,22.144000000000002,24
119400,22.144000000000002,24
119500,22.144000000000002,24
119600,22.144000000000002,24
119700,22.144000000000002,24
119800,22.144000000000002,24
119900,22.023999999999997,24
120000,22.023999999999997,24
120100,22.023999999999997,24
120200,22.023999999999997,24
120300,22.023999999999997,24
120400,22.023999999999997,24
120500,22.023999999999997,24
120600,22.023999999999997,24
120700,22.023999999999997,24
120800,22.023999999999997,24
120900,22.023999999999997,24
121000,22.023999999999997,24
121100,22.023999999999997,24
121200,22.023999999999997,24
121300,22.023999999999997,24
121400,22.023999999999997,24
121500,22.023999999999997,24
121600,22.023999999999997,24
121700,22.023999999999997,24
121800,22.023999999999997,24
121900,22.023999999999997,24
122000,22.023999999999997,24
122100,22.023999999999997,24
122200,22.023999999999997,24
122300,22.023999999999997,24
122400,22.023999999999997,24
122500,22.023999999999997,24
122600,22.023999999999997,24
122700,22.023999999999997,24
122800,22.023999999999997,24
122900,22.023999999999997,24
123000,22.023999999999997,24
123100,22.023999999999997,24
123200,22.023999999999997,24
123300,22.023999999999997,24
123400,22.023999999999997,24
123500,22.023999999999997,24
123600,22.023999999999997,24
123700,22.023999999999997,24
123800,22.023999999999997,24
123900,22.023999999999997,24
124000,22.023999999999997,24
124100,22.023999999999997,24
124200,22.023999999999997,24
124300,22.023999999999997,24
124400,22.023999999999997,24
124500,22.023999999999997,24
124600,22.023999999999997,24
124700,22.023999999999997,24
124800,22.023999999999997,24
124900,22.023999999999997,24
125000,22.023999999999997,24
125100,22.023999999999997,24
125200,22.023999999999997,24
125300,22.023999999999997,24
125400,22.023999999999997,24
125500,22.023999999999997,24
125600,22.023999999999997,24
125700,22.023999999999997,24
125800,22.023999999999997,24
125900,22.023999999999997,24
126000,22.023999999999997,24
126100,22.023999999999997,24
126200,22.023999999999997,24
126300,22.023999999999997,24
126400,22.023999999999997,24
126500,22.023999999999997,24
126600,22.023999999999997,24
126700,22.023999999999997,24
126800,22.023999999999997,24
126900,22.023999999999997,24
127000,22.023999999999997,24
127100,22.023999999999997,24
127200,22.023999999999997,24
127300,22.023999999999997,24
127400,22.023999999999997,24
127500,22.023999999999997,24
127600,22.023999999999997,24
127700,22.023999999999997,24
127800,22.023999999999997,24
127900,22.023999999999997,24
128000,22.023999999999997,24
128100,22.023999999999997,24
128200,22.023999999999997,24
128300,22.023999999999997,24
128400,22.023999999999997,24
128500,22.023999999999997,24
128600,22.023999999999997,24
128700,22.023999999999997,24
128800,22.023999999999997,24
128900,22.023999999999997,24
129000,22.023999999999997,24
129100,22.023999999999997,24
129200,22.023999999999997,24
129300,22.023999999999997,24
129400,22.023999999999997,24
129500,22.023999999999997,24
129600,22.023999999999997,24
129700,22.023999999999997,24
129800,22.023999999999997,24
129900,22.023999999999997,24
130000,22.023999999999997,24
130100,22.023999999999997,24
130200,22.023999999999997,24
130300,22.023999999999997,24
130400,22.023999999999997,24
130500,22.023999999999997,24
130600,22.023999999999997,24
130700,22.023999999999997,24
130800,22.023999999999997,24
130900,22.023999999999997,24
131000,22.023999999999997,24
131100,22.023999999999997,24
131200,22.023999999999997,24
131300,22.023999999999997,24
131400,22.023999999999997,24
131500,22.023999999999997,24
131600,22.023999999999997,24
131700,22.023999999999997,24
131800,22.023999999999997,24
131900,22.023999999999997,24
132000,22.023999999999997,24
132100,22.023999999999997,24
132200,22.023999999999997,24
132300,22.023999999999997,24
132400,22.023999999999997,24
132500,22.023999999999997,24
132600,22.023999999999997,24
132700,22.023999999999997,24
132800,22.023999999999997,24
132900,22.023999999999997,24
133000,22.023999999999997,24
133100,22.023999999999997,24
133200,22.023999999999997,24
133300,22.023999999999997,24
133400,22.023999999999997,24
133500,22.023999999999997,24
133600,22.023999999999997,24
133700,22.023999999999997,24
133800,22.023999999999997,24
133900,22.023999999999997,24
134000,22.023999999999997,24
134100,22.023999999999997,24
134200,22.023999999999997,24
134300,22.023999999999997,24
134400,22.023999999999997,24
134500,22.023999999999997,24
134600,22.023999999999997,24
134700,22.023999999999997,24
134800,22.023999999999997,24
134900,22.023999999999997,24
135000,22.023999999999997,24
135100,22.023999999999997,24
135200,22.023999999999997,24
135300,22.023999999999997,24
135400,22.023999999999997,24
135500,22.023999999999997,24
135600,22.023999999999997,24
135700,22.023999999999997,24
135800,22.023999999999997,24
135900,22.023999999999997,24
136000,22.023999999999997,24
136100,22.023999999999997,24
136200,22.023999999999997,24
136300,22.023999999999997,24
136400,22.023999999999997,24
136500,22.023999999999997,24
136600,22.023999999999997,24
136700,22.023999999999997,24
136800,21.896,23.8
136900,21.896,23.8
137000,21.896,23.8
137100,21.896,23.8
137200,21.896,23.8
137300,21.896,23.8
137400,21.896,23.8
137500,21.896,23.8
137600,21.896,23.8
137700,21.896,23.8
137800,21.896,23.8
137900,21.896,23.8
138000,21.896,23.8
138100,21.896,23.8
138200,21.896,23.8
138300,21.896,23.8
138400,21.896,23.8
138500,21.896,23.8
138600,21.896,23.8
138700,21.896,23.8
138800,21.896,23.8
138900,21.896,23.8
139000,21.896,23.8
139100,21.896,23.8
139200,21.896,23.8
139300,21.896,23.8
139400,21.896,23.8
139500,21.896,23.8
139600,21.896,23.8
139700,21.896,23.8
139800,21.896,23.8
139900,21.896,23.8
140000,21.896,23.8
140100,21.896,23.8
140200,21.896,23.8
140300,21.896,23.8
140400,21.896,23.8
140500,21.896,23.8
140600,21.896,23.8
140700,21.896,23.8
140800,21.896,23.8
140900,21.896,23.8
141000,21.896,23.8
141100,21.896,23.8
141200,21.896,23.8
141300,21.896,23.8
141400,21.896,23.8
141500,21.896,23.8
141600,21.896,23.8
141700,21.896,23.8
141800,21.896,23.8
141900,21.896,23.8
142000,21.896,23.8
142100,21.896,23.8
142200,21.728,23.8
142300,21.728,23.8
142400,21.728,23.8
142500,21.728,23.8
142600,21.496000000000002,23.8
142700,21.496000000000002,23.8
142800,21.496000000000002,23.8
142900,21.496000000000002,23.8
143000,21.496000000000002,23.8
143100,21.496000000000002,23.8
143200,21.496000000000002,23.8
143300,21.496000000000002,23.8
143400,21.448,23.8
143500,21.448,23.8
143600,21.448,23.8
143700,21.448,23.8
143800,21.448,23.8
143900,21.448,23.8
144000,21.328,23.8
144100,21.328,23.8
144200,21.328,23.8
144300,21.328,23.8
144400,21.328,23.8
144500,21.328,23.8
144600,21.279999999999998,23.8
144700,21.279999999999998,23.8
144800,21.279999999999998,23.8
144900,21.279999999999998,23.8
145000,21.279999999999998,23.8
145100,21.279999999999998,23.8
145200,21.279999999999998,23.8
145300,21.279999999999998,23.8
145400,21.279999999999998,23.8
145500,21.279999999999998,23.8
145600,21.279999999999998,23.8
145700,21.279999999999998,23.8
145800,21.279999999999998,23.8
145900,21.279999999999998,23.8
146000,21.279999999999998,23.8
146100,21.279999999999998,23.8
146200,21.279999999999998,23.8
146300,21.279999999999998,23.8
146400,21.279999999999998,23.8
146500,21.279999999999998,23.8
146600,21.279999999999998,23.8
146700,21.279999999999998,23.8
146800,21.279999999999998,23.8
146900,21.279999999999998,23.8
147000,21.279999999999998,23.8
147100,21.279999999999998,23.8
147200,21.279999999999998,23.8
147300,21.279999999999998,23.8
147400,21.279999999999998,23.8
147500,21.279999999999998,23.8
147600,21.279999999999998,23.8
147700,21.279999999999998,23.8
147800,21.279999999999998,23.8
147900,21.279999999999998,23.8
148000,21.279999999999998,23.8
148100,21.279999999999998,23.8
148200,21.279999999999998,23.8
148300,21.279999999999998,23.8
148400,21.279999999999998,23.8
148500,21.279999999999998,23.8
148600,21.279999999999998,23.8
148700,21.112000000000002,23.8
148800,21.112000000000002,23.8
148900,21.112000000000002,23.8
149000,21.112000000000002,23.8
149100,21.112000000000002,23.8
149200,21.112000000000002,23.8
149300,21.112000000000002,23.8
149400,21.112000000000002,23.8
149500,21.112000000000002,23.8
149600,21.112000000000002,23.8
149700,21.112000000000002,23.8
149800,21.112000000000002,23.8
149900,21.112000000000002,23.8
150000,21.112000000000002,23.8
150100,21.112000000000002,23.8
150200,21.112000000000002,23.8
150300,21.112000000000002,23.8
150400,21.112000000000002,23.8
150500,21.112000000000002,23.8
150600,21.112000000000002,23.8
150700,20.912,23.8
150800,20.912,23.8
150900,20.912,23.8
151000,20.912,23.8
151100,20.895999999999997,23.8
151200,20.895999999999997,23.8
151300,20.895999999999997,23.8
151400,20.895999999999997,23.8
151500,20.895999999999997,23.8
151600,20.895999999999997,23.8
151700,20.895999999999997,23.8
151800,20.895999999999997,23.8
151900,20.895999999999997,23.8
152000,20.895999999999997,23.8
152100,20.895999999999997,23.8
152200,20.895999999999997,23.8
152300,20.895999999999997,23.8
152400,20.895999999999997,23.8
152500,20.895999999999997,23.8
152600,20.895999999999997,23.8
152700,20.895999999999997,23.8
152800,20.895999999999997,23.8
152900,20.895999999999997,23.8
153000,20.895999999999997,23.8
153100,20.895999999999997,23.8
153200,20.895999999999997,23.8
153300,20.895999999999997,23.8
153400,20.895999999999997,23.8
153500,20.895999999999997,23.8
153600,20.895999999999997,23.8
153700,20.895999999999997,23.8
153800,20.895999999999997,23.8
153900,20.895999999999997,23.8
154000,20.895999999999997,23.8
154100,20.895999999999997,23.8
154200,20.895999999999997,23.8
154300,20.895999999999997,23.8
154400,20.895999999999997,23.8
154500,20.895999999999997,23.8
154600,20.895999999999997,23.8
154700,20.895999999999997,23.8
154800,20.895999999999997,23.8
154900,20.895999999999997,23.8
155000,20.895999999999997,23.8
155100,20.895999999999997,23.8
155200,20.895999999999997,23.8
155300,20.895999999999997,23.8
155400,20.895999999999997,23.8
155500,20.895999999999997,23.8
155600,20.895999999999997,23.8
155700,20.895999999999997,23.8
155800,20.895999999999997,23.8
155900,20.895999999999997,23.8
156000,20.895999999999997,23.8
156100,20.895999999999997,23.8
156200,20.895999999999997,23.8
156300,20.895999999999997,23.8
156400,20.895999999999997,23.8
156500,20.895999999999997,23.8
156600,20.895999999999997,23.8
156700,20.895999999999997,23.8
156800,20.895999999999997,23.8
156900,20.895999999999997,23.8
157000,20.895999999999997,23.8
157100,20.895999999999997,23.8
157200,20.895999999999997,23.8
157300,20.895999999999997,23.8
157400,20.895999999999997,23.8
157500,20.895999999999997,23.8
157600,20.895999999999997,23.8
157700,20.895999999999997,23.8
157800,20.895999999999997,23.8
157900,20.895999999999997,23.8
158000,20.895999999999997,23.8
158100,20.895999999999997,23.8
158200,20.895999999999997,23.8
158300,20.895999999999997,23.8
158400,20.895999999999997,23.8
158500,20.895999999999997,23.8
158600,20.895999999999997,23.8
158700,20.895999999999997,23.8
158800,20.895999999999997,23.8
158900,20.895999999999997,23.8
159000,20.895999999999997,23.8
159100,20.895999999999997,23.8
159200,20.895999999999997,23.8
159300,20.895999999999997,23.8
159400,20.895999999999997,23.8
159500,20.895999999999997,23.8
159600,20.895999999999997,23.8
159700,20.895999999999997,23.8
159800,20.895999999999997,23.8
159900,20.895999999999997,23.8
160000,20.895999999999997,23.8
160100,20.895999999999997,23.8
160200,20.895999999999997,23.8
160300,20.895999999999997,23.8
160400,20.895999999999997,23.8
160500,20.895999999999997,23.8
160600,20.895999999999997,23.8
160700,20.895999999999997,23.8
160800,20.895999999999997,23.8
160900,20.895999999999997,23.8
161000,20.895999999999997,23.8
161100,20.895999999999997,23.8
161200,20.895999999999997,23.8
161300,20.895999999999997,23.8
161400,20.895999999999997,23.8
161500,20.895999999999997,23.8
161600,20.895999999999997,23.8
161700,20.895999999999997,23.8
161800,20.895999999999997,23.8
161900,20.895999999999997,23.8
162000,20.895999999999997,23.8
162100,20.895999999999997,23.8
162200,20.895999999999997,23.8
162300,20.895999999999997,23.8
162400,20.895999999999997,23.8
162500,20.895999999999997,23.8
162600,20.895999999999997,23.8
162700,20.895999999999997,23.8
162800,20.895999999999997,23.8
162900,20.895999999999997,23.8
163000,20.895999999999997,23.8
163100,20.895999999999997,23.8
163200,20.895999999999997,23.8
163300,20.895999999999997,23.8
163400,20.895999999999997,23.8
163500,20.895999999999997,23.8
163600,20.895999999999997,23.8
163700,20.895999999999997,23.8
163800,20.895999999999997,23.8
163900,20.895999999999997,23.8
164000,20.895999999999997,23.8
164100,20.895999999999997,23.8
164200,20.895999999999997,23.8
164300,20.895999999999997,23.8
164400,20.895999999999997,23.8
164500,20.895999999999997,23.8
164600,20.895999999999997,23.8
164700,20.895999999999997,23.8
164800,20.895999999999997,23.8
164900,20.895999999999997,23.8
165000,20.895999999999997,23.8
165100,20.895999999999997,23.8
165200,20.895999999999997,23.8
165300,20.895999999999997,23.8
165400,20.895999999999997,23.8
165500,20.895999999999997,23.8
165600,20.895999999999997,23.8
165700,20.895999999999997,23.8
165800,20.895999999999997,23.8
165900,20.895999999999997,23.8
166000,20.895999999999997,23.8
166100,20.895999999999997,23.8
166200,20.895999999999997,23.8
166300,20.895999999999997,23.8
166400,20.895999999999997,23.8
166500,20.895999999999997,23.8
166600,20.895999999999997,23.8
166700,20.895999999999997,23.8
166800,20.895999999999997,23.8
166900,20.895999999999997,23.8
167000,20.895999999999997,23.8
167100,20.895999999999997,23.8
167200,20.895999999999997,23.8
167300,20.895999999999997,23.8
167400,20.895999999999997,23.8
167500,20.895999999999997,23.8
167600,20.895999999999997,23.8
167700,20.895999999999997,23.8
167800,20.895999999999997,23.8
167900,20.895999999999997,23.8
168000,20.895999999999997,23.8
168100,20.895999999999997,23.8
168200,20.895999999999997,23.8
168300,20.895999999999997,23.8
168400,20.895999999999997,23.8
168500,20.895999999999997,23.8
168600,20.895999999999997,23.8
168700,20.895999999999997,23.8
168800,20.895999999999997,23.8
168900,20.895999999999997,23.8
169000,20.895999999999997,23.8
169100,20.895999999999997,23.8
169200,20.895999999999997,23.8
169300,20.895999999999997,23.8
169400,20.895999999999997,23.8
169500,20.816,23.8
169600,20.816,23.8
169700,20.816,23.8
169800,20.816,23.8
169900,20.704,23.4
170000,20.704,23.4
170100,20.704,23.4
170200,20.704,23.4
170300,20.704,23.4
170400,20.704,23.4
170500,20.704,23.4
170600,20.704,23.4
170700,20.704,23.4
170800,20.704,23.4
170900,20.704,23.4
171000,20.704,23.4
171100,20.704,23.4
171200,20.704,23.4
171300,20.704,23.4
171400,20.704,23.4
171500,20.704,23.4
171600,20.704,23.4
171700,20.704,23.4
171800,20.704,23.4
171900,20.704,23.4
172000,20.704,23.4
172100,20.704,23.4
172200,20.704,23.4
172300,20.704,23.4
172400,20.704,23.4
172500,20.704,23.4
172600,20.704,23.4
172700,20.704,23.4
172800,20.704,23.4
172900,20.704,23.4
173000,20.704,23.4
173100,20.704,23.4
173200,20.704,23.4
173300,20.704,23.4
173400,20.704,23.4
173500,20.704,23.4
173600,20.704,23.4
173700,20.704,23.4
173800,20.704,23.4
173900,20.704,23.4
174000,20.704,23.4
174100,20.704,23.4
174200,20.704,23.4
174300,20.704,23.4
174400,20.704,23.4
174500,20.704,23.4
174600,20.704,23.4
174700,20.704,23.4
174800,20.704,23.4
174900,20.688,23.8
175000,20.688,23.8
175100,20.688,23.8
175200,20.688,23.8
175300,20.688,23.8
175400,20.688,23.8
175500,20.688,23.8
175600,20.688,23.8
175700,20.688,23.8
175800,20.688,23.8
175900,20.688,23.8
176000,20.688,23.8
176100,20.688,23.8
176200,20.688,23.8
176300,20.688,23.8
176400,20.688,23.8
176500,20.688,23.8
176600,20.688,23.8
176700,20.688,23.8
176800,20.688,23.8
176900,20.688,23.8
177000,20.688,23.8
177100,20.688,23.8
177200,20.688,23.8
177300,20.688,23.8
177400,20.688,23.8
177500,20.688,23.8
177600,20.688,23.8
177700,20.688,23.8
177800,20.688,23.8
177900,20.688,23.8
178000,20.688,23.8
178100,20.688,23.8
178200,20.688,23.8
178300,20.688,23.8
178400,20.688,23.8
178500,20.688,23.8
178600,20.688,23.8
178700,20.688,23.8
178800,20.688,23.8
178900,20.688,23.8
179000,20.688,23.8
179100,20.688,23.8
179200,20.688,23.8
179300,20.688,23.8
179400,20.688,23.8
179500,20.688,23.8
179600,20.688,23.8
179700,20.688,23.8
179800,20.688,23.8
179900,20.688,23.8
180000,20.688,23.8
180100,20.688,23.8
180200,20.688,23.8
180300,20.688,23.8
180400,20.688,23.8
180500,20.688,23.8
180600,20.688,23.8
180700,20.688,23.8
180800,20.688,23.8
180900,20.688,23.8
181000,20.688,23.8
181100,20.688,23.8
181200,20.688,23.8
181300,20.688,23.8
181400,20.688,23.8
181500,20.688,23.8
181600,20.688,23.8
181700,20.688,23.8
181800,20.688,23.8
181900,20.688,23.8
182000,20.688,23.8
182100,20.688,23.8
182200,20.688,23.8
182300,20.688,23.8
182400,20.688,23.8
182500,20.688,23.8
182600,20.688,23.8
182700,20.688,23.8
182800,20.688,23.8
182900,20.688,23.8
183000,20.688,23.8
183100,20.544,24
183200,20.544,24
183300,20.544,24
183400,20.544,24
183500,20.544,24
183600,20.544,24
183700,20.544,24
183800,20.544,24
183900,20.544,24
184000,20.544,24
184100,20.432,23.6
184200,20.432,23.6
184300,20.432,23.6
184400,20.432,23.6
184500,20.368000000000002,23.6
184600,20.368000000000002,23.6
184700,20.368000000000002,23.6
184800,20.368000000000002,23.6
184900,20.368000000000002,23.6
185000,20.368000000000002,23.6
185100,20.368000000000002,23.6
185200,20.368000000000002,23.6
185300,20.368000000000002,23.6
185400,20.368000000000002,23.6
185500,20.368000000000002,23.6
185600,20.368000000000002,23.6
185700,20.368000000000002,23.6
185800,20.368000000000002,23.6
185900,20.368000000000002,23.6
186000,20.368000000000002,23.6
186100,20.368000000000002,23.6
186200,20.368000000000002,23.6
186300,20.368000000000002,23.6
186400,20.368000000000002,23.6
186500,20.368000000000002,23.6
186600,20.368000000000002,23.6
186700,20.368000000000002,23.6
186800,20.368000000000002,23.6
186900,20.368000000000002,23.6
187000,20.368000000000002,23.6
187100,20.368000000000002,23.6
187200,20.368000000000002,23.6
187300,20.368000000000002,23.6
187400,20.368000000000002,23.6
187500,20.368000000000002,23.6
187600,20.368000000000002,23.6
187700,20.368000000000002,23.6
187800,20.368000000000002,23.6
187900,20.368000000000002,23.6
188000,20.368000000000002,23.6
188100,20.368000000000002,23.6
188200,20.368000000000002,23.6
188300,20.296,24
188400,20.296,24
188500,20.296,24
188600,20.232,24
188700,20.232,24
188800,20.232,24
188900,20.232,24
189000,20.232,24
189100,20.232,24
189200,20.232,24
189300,20.232,24
189400,20.232,24
189500,20.232,24
189600,20.232,24
189700,20.232,24
189800,20.232,24
189900,20.232,24
190000,20.232,24
190100,20.232,24
190200,20.232,24
190300,20.232,24
190400,20.232,24
190500,20.232,24
190600,20.232,24
190700,20.232,24
190800,20.232,24
190900,20.232,24
191000,20.232,24
191100,20.232,24
191200,20.232,24
191300,20.232,24
191400,20.232,24
191500,20.232,24
191600,20.232,24
191700,20.232,24
191800,20.232,24
191900,20.232,24
192000,20.232,24
192100,20.232,24
192200,20.232,24
192300,20.232,24
192400,20.232,24
192500,20.232,24
192600,20.232,24
192700,20.232,24
192800,20.232,24
192900,20.232,24
193000,20.232,24
193100,20.232,24
193200,20.232,24
193300,20.232,24
193400,20.232,24
193500,20.232,24
193600,20.232,24
193700,20.232,24
193800,20.232,24
193900,20.232,24
194000,20.232,24
194100,20.232,24
194200,20.232,24
194300,20.232,24
194400,20.232,24
194500,20.232,24
194600,20.232,24
194700,20.232,24
194800,20.232,24
194900,20.232,24
195000,20.232,24
195100,20.232,24
195200,20.232,24
195300,20.232,24
195400,20.232,24
195500,20.232,24
195600,20.232,24
195700,20.232,24
195800,20.232,24
195900,20.232,24
196000,20.232,24
196100,20.232,24
196200,20.232,24
196300,20.232,24
196400,20.232,24
196500,20.232,24
196600,20.232,24
196700,20.232,24
196800,20.232,24
196900,20.232,24
197000,20.232,24
197100,20.232,24
197200,20.232,24
197300,20.232,24
197400,20.232,24
197500,20.232,24
197600,20.232,24
197700,20.232,24
197800,20.232,24
197900,20.232,24
198000,20.232,24
198100,20.232,24
198200,20.232,24
198300,20.232,24
198400,20.232,24
198500,20.232,24
198600,20.232,24
198700,20.232,24
198800,20.232,24
198900,20.232,24
199000,20.232,24
199100,20.232,24
199200,20.232,24
199300,20.232,24
199400,20.232,24
199500,20.232,24
199600,20.232,24
199700,20.232,24
199800,20.232,24
199900,20.232,24
199999,20.232,24

START ALGORITHM
h2: (a53 - a42) * (b25 + b24 + b11 - b34 - b22)
h4: (-a52) * (b51 - b24)
h9: (a24) * (b45 - b42)
h10: (-a33) * (b55 - b23 - b54 - b43 - b51 - b55)
h11: (a55 + a13) * (b21 + b31 - b14)
h14: (a43 + a14 - a42 - a43 - a15) * (b55 - b34 - b31)
h15: (a24 + a35 - a45 - a44) * (b51 + b35)
h16: (a13 - a23) * (-b15)
h17: (a52) * (-b43 - b44 - b53 - b31)
h23: (a55 + a42 + a52) * (b22 + b42 + b31)
h24: (a22 + a31 - a11) * (b55 + b32)
h25: (a55 - a54 - a32) * (b24 - b55 - b13 - b31)
h26: (-a24 - a32 - a42 - a24) * (b52)
h28: (a54 + a35) * (b12 + b23 - b52)
h31: (a34 + a13) * (b55 - b44)
h33: (-a31 - a11 - a32) * (b53 + b33)
h35: (a23 + a55) * (b55 + b15)
h40: (a25 - a53) * (b43 + b53 + b33 + b45)
h41: (a45 - a15) * (-b21)
h42: (a43 + a24) * (b23 - b43)
h43: (a31 + a44 - a12) * (-b22)
h44: (a21 + a35 + a22 - a41) * (b13 - b31 - b52 - b22)
h45: (a23) * (b25 + b45 - b43 - b33 - b14)
h46: (a45) * (b21 - b22 - b43 - b31)
h47: (a32 + a55 + a24) * (b55 + b31 + b51 - b12)
h51: (a51 + a33 + a51 - a24) * (b35 - b54)
h52: (-a41) * (b11 + b12 - b44)
h56: (a31) * (b25 + b25)
h57: (a52 - a33 - a55) * (b12 + b15 - b42)
h58: (a34 - a53 - a41) * (b13 - b54 - b45)
h60: (a31 - a24) * (b11)
h61: (a45) * (-b54)
h62: (-a52) * (-b11)
h63: (a11 + a43 + a21 - a11 - a25 - a54) * (-b33)
h64: (a32 + a12) * (-b22)
h65: (a55) * (b52 - b25 - b42)
h67: (a45 - a22 - a14) * (b43 + b34 + b22 + b13 - b21 - b13 - b53 - b44)
h70: (a45 + a43 - a32 - a33) * (-b51 - b23)
h71: (a52) * (b52 + b42 - b52)
h72: (a45 + a13 + a23 - a53 - a24 - a44) * (b11 + b43)
h73: (a35 - a12) * (b34 + b15)
h74: (-a41) * (b13 + b13 - b45 - b13)
h77: (-a54) * (b31 + b41)
h79: (-a13 - a35) * (-b34)
h81: (a34) * (b15 - b43 - b35 - b45 - b55)
h84: (a32 - a43 - a13 - a24 - a53 - a12) * (b13 + b12 + b33 + b22)
h91: (a42) * (-b43)
h95: (a25 + a32 + a22) * (b42)
h97: (a11) * (b42 + b11 + b35)
h98: (a33) * (b15 + b51 + b53)
h102: (a24 + a22 + a23 + a22) * (b45 - b23 - b24)
h103: (-a55 - a14 - a15) * (b11 + b22 - b51 - b22)
h105: (a44 - a31 - a13 - a33) * (b42 + b41 + b54 - b51)
h106: (a51 - a55 - a12 - a34) * (-b14 - b12 - b23 - b12)
h109: (a53) * (-b22)
h110: (a12 + a33 - a53 - a24) * (-b42 - b35 - b13)
h112: (a11 - a35) * (b53 + b42)
h115: (a55 + a24 - a55 - a53 - a34) * (-b12)
h116: (-a44) * (-b15)
h117: (a15 + a53) * (b55)
h119: (-a51) * (b35 - b52)
h120: (a25) * (b45 + b35 - b11)
h121: (a24) * (-b22)
h131: (a42 - a13) * (-b32)
h155: (a35 + a55 - a41) * (b45 + b31 + b51 - b42)
h156: (a11) * (b13 - b42 - b33 - b14)
h157: (a55 + a52) * (b54 - b33 - b51 - b12 - b21)
h166: (a55 - a12 - a32 - a23) * (-b35)
h170: (-a23 - a14 - a44) * (-b13)
h172: (a14 - a14) * (b21)
h174: (a52 + a41 + a22 - a13 - a54) * (b45 + b41)
h180: (a42) * (b15 + b31 + b24 + b14 - b42 - b35)
h184: (a43 - a41 - a51) * (b23 - b44)
h187: (a23) * (-b24 - b24 - b11)
h208: (a51 - a22) * (b33 + b13 - b23 - b55)
h231: (a42 + a43 - a13) * (b44 + b42 - b44)
h232: (-a13 - a44) * (b11 - b55 - b54)
h252: (-a45) * (b43 + b35 - b43 - b11 - b23)
h288: (a44 - a12 - a52 - a14) * (b12)
h315: (a22 - a23 - a55) * (-b51 - b31 - b23)
h324: (a15 - a15 - a54) * (b51 + b23 - b52 - b45)
h339: (a44 + a52 + a42 - a52) * (b22 - b32 - b25)
h340: (a35) * (b24 - b22)
h419: (a13 + a51) * (b41 + b31 - b23 - b42)
h444: (a32 + a22) * (b53)
h616: (a45 + a35 - a11 - a43) * (b25 + b34 + b25 - b21 - b53)
h627: (a13 + a34 + a24 + a23 + a13 - a55 - a14) * (b42 - b25)
h720: (a43 - a54) * (b34 + b51 - b14 - b43)
h1039: (a21 - a53) * (b22)
h1100: (a23 + a53 + a21 + a45) * (-b12)
h1162: (a43 + a35 + a25 - a22) * (b33 - b54)
h1280: (a11) * (b14 + b51)
h1362: (a42 + a51 + a34 + a32) * (-b53)
h2185: (a44) * (b43 + b23)
h2354: (a34 + a13 + a45) * (-b13 - b23)
h2450: (a51 - a45) * (-b35)
h3367: (a12 - a54) * (b55)
h3393: (a23 - a33 - a33) * (-b15)
h3772: (a25) * (b33 - b55 - b15 - b34 - b44)
h3854: (a12 + a22) * (b12 + b34 + b31)
h3879: (a43 - a23 - a21) * (b43 - b52)
h3943: (a44 - a23) * (b13)
h5715: (-a35 - a33) * (b32 - b35 - b42)
h6626: (a24 + a24 + a21 - a43 - a33 - a54 - a41) * (-b21)
h6835: (a44 + a15) * (b24 - b51 - b24 - b32 - b51)
h8327: (a24) * (b32 - b15 - b45 - b33)
h10179: (a53 - a35 - a13) * (-b15 - b55)
h10924: (a12 + a45 - a11) * (b42 - b51 - b44)
h12099: (a13 - a44 - a14 - a25) * (b41 - b51)
h13598: (-a22 - a15) * (b24 - b32 - b31)
h24637: (a11 + a43 + a12 - a52) * (b25)
h31116: (a12) * (b52 + b15)
h31940: (a53 + a23 - a43) * (b42 + b44)
h33013: (a54 - a33) * (b51 + b12 - b22 - b45)
h38137: (a25 + a45 - a11 - a41) * (-b31)
h38549: (-a41 - a54 - a21) * (-b41 - b15)
h40421: (a54 + a13 + a14 - a55) * (b45 - b51)
h42016: (a21 - a53 - a44) * (-b51 - b25)
h42792: (a55) * (b45 + b44 + b11 - b13)
h47605: (-a25 - a34 - a15 - a44) * (-b55)
h51979: (a25 + a15 - a24 - a35) * (b54 - b14 - b34)
h54355: (a32) * (b11 + b21 - b23 - b21)
h54654: (-a23) * (b41 - b23 - b34)
h54683: (-a15) * (b13 + b25 + b35 + b22)
h55416: (-a53 - a21 - a32 - a41) * (-b21 - b41)
h55417: (-a55 - a45) * (b54 + b43 + b34 + b33)
h56437: (a51 - a43 - a15 - a31) * (b12)
h57483: (a12 + a24) * (b24 + b14 - b13)
h58398: (a43) * (b25 + b23 + b43)
h71405: (a25 - a21 - a34) * (b44 - b22)
h71619: (-a53 - a11) * (-b34 - b21 - b25)
h71990: (-a35 - a23 - a51) * (b53 - b34)
h75595: (-a41) * (b42 + b41 + b53 - b41)
c11: h119 + h24637 - h1039 - h33013 
c12: h252 + h57 + h28 + h1100 + h31116 + h116 
c13: h15 + h35 - h77 - h28 
c14: h102 + h51 + h97 + h156 + h174 + h116 + h8327 + h31940 - h62 - h40421 - h42792 
c15: h31 + h73 + h97 + h81 + h57 + h44 + h67 + h24 + h16 + h26 
c21: h51 + h63 + h14 + h116 + h103 + h54355 + h174 + h112 + h339 + h33013 - h25 - h14 - h54683 - h55417 - h58398 
c22: h62 + h105 + h31 + h106 + h9 + h3772 + h56 + h42016 + h156 + h10179 - h5715 
c23: h46 + h9 - h24 - h26 - h315 - h444 
c24: h73 + h81 + h52 + h419 + h25 + h3943 + h170 + h340 + h112 + h3854 + h91 + h112 - h17 
c25: h1280 + h5715 - h3772 - h31940 
c31: h172 + h208 + h102 + h340 - h61 - h74 - h170 - h627 
c32: h63 + h65 + h340 + h3393 - h2450 
c33: h57 + h56 + h31116 + h31940 + h121 
c34: h180 + h231 + h1162 + h156 + h112 + h35 + h15 - h1100 - h38549 - h51979 
c35: h84 + h9 + h15 + h62 - h2 - h155 - h12099 - h13598 
c41: h97 + h10 + h31 + h232 + h47 + h79 - h44 - h42 - h10924 
c42: h324 + h174 + h13598 + h71619 + h33013 - h112 - h38137 - h47605 - h55416 - h57483 - h71990 
c43: h24 + h187 + h60 + h33 - h3367 
c44: h109 + h121 + h2354 - h1362 - h3879 
c45: h65 + h81 + h231 - h720 
c51: h121 + h252 + h70 - h2185 
c52: h40 + h43 + h115 + h23 - h157 
c53: h119 + h102 + h14 - h184 
c54: h110 + h35 + h98 + h63 + h4 + h6626 + h77 + h10179 - h42 - h166 - h8327 
c55: h187 + h24 + h71405 + h56437 + h75595 + h71990 + h75595 
