0,176.16000000000003,25
100,124.856,25
200,88.96000000000001,24.8
300,81.54400000000001,25
400,69.864,24.8
500,66.496,25
600,62.70399999999999,25
700,57.576,24.8
800,57.2,24.8
900,56.767999999999994,24.8
1000,56.767999999999994,24.8
1100,53.936,24.8
1200,52.336,25
1300,49.895999999999994,25
1400,48.55200000000001,25
1500,46.912,25
1600,46.912,25
1700,46.912,25
1800,46.815999999999995,25
1900,46.304,25
2000,46.263999999999996,25
2100,46.263999999999996,25
2200,45.96,25
2300,45.624,25
2400,45.624,25
2500,45.088,25
2600,45.088,25
2700,45.088,25
2800,45.088,25
2900,45.088,25
3000,45.088,25
3100,44.848,25
3200,44.848,25
3300,44.848,25
3400,44.44,25
3500,43.208000000000006,25
3600,43.208000000000006,25
3700,43.208000000000006,25
3800,43.208000000000006,25
3900,43.208000000000006,25
4000,43.208000000000006,25
4100,43.208000000000006,25
4200,43.208000000000006,25
4300,42.936,25
4400,42.16799999999999,25
4500,41.576,24.8
4600,41.576,24.8
4700,41.576,24.8
4800,41.576,24.8
4900,41.576,24.8
5000,41.576,24.8
5100,40.896,24.8
5200,40.608000000000004,24.8
5300,40.608000000000004,24.8
5400,40.608000000000004,24.8
5500,40.608000000000004,24.8
5600,40.608000000000004,24.8
5700,40.608000000000004,24.8
5800,40.608000000000004,24.8
5900,40.608000000000004,24.8
6000,40.608000000000004,24.8
6100,40.608000000000004,24.8
6200,40.608000000000004,24.8
6300,40.608000000000004,24.8
6400,40.608000000000004,24.8
6500,40.36,24.8
6600,40.36,24.8
6700,40.36,24.8
6800,40.36,24.8
6900,40.111999999999995,24.8
7000,40.111999999999995,24.8
7100,40.111999999999995,24.8
7200,40.111999999999995,24.8
7300,40.111999999999995,24.8
7400,40.111999999999995,24.8
7500,40.111999999999995,24.8
7600,40.111999999999995,24.8
7700,40.111999999999995,24.8
7800,39.992,24.8
7900,39.992,24.8
8000,39.992,24.8
8100,39.248,24.8
8200,39.104,24.8
8300,39.104,24.8
8400,38.856,24.8
8500,38.856,24.8
8600,38.856,24.8
8700,38.856,24.8
8800,38.856,24.8
8900,38.856,24.8
9000,38.856,24.8
9100,38.856,24.8
9200,38.856,24.8
9300,38.856,24.8
9400,38.856,24.8
9500,38.856,24.8
9600,38.856,24.8
9700,38.856,24.8
9800,38.856,24.8
9900,38.856,24.8
10000,38.856,24.8
10100,38.856,24.8
10200,38.856,24.8
10300,38.856,24.8
10400,38.856,24.8
10500,38.856,24.8
10600,38.488,24.8
10700,38.488,24.8
10800,37.64,24.8
10900,37.64,24.8
11000,37.64,24.8
11100,37.64,24.8
11200,37.64,24.8
11300,37.64,24.8
11400,37.64,24.8
11500,37.64,24.8
11600,37.64,24.8
11700,37.64,24.8
11800,37.64,24.8
11900,37.64,24.8
12000,37.64,24.8
12100,37.64,24.8
12200,37.64,24.8
12300,37.64,24.8
12400,37.64,24.8
12500,37.64,24.8
12600,37.64,24.8
12700,37.64,24.8
12800,37.64,24.8
12900,37.64,24.8
13000,37.64,24.8
13100,37.64,24.8
13200,37.64,24.8
13300,37.64,24.8
13400,37.64,24.8
13500,37.64,24.8
13600,37.64,24.8
13700,37.64,24.8
13800,37.64,24.8
13900,37.64,24.8
14000,37.64,24.8
14100,37.64,24.8
14200,37.64,24.8
14300,37.64,24.8
14400,37.64,24.8
14500,37.64,24.8
14600,37.64,24.8
14700,37.64,24.8
14800,37.64,24.8
14900,37.64,24.8
15000,37.42400000000001,24.6
15100,37.42400000000001,24.6
15200,37.42400000000001,24.6
15300,37.368,24.6
15400,37.368,24.6
15500,37.368,24.6
15600,37.368,24.6
15700,37.368,24.6
15800,37.368,24.6
15900,37.368,24.6
16000,37.368,24.6
16100,37.368,24.6
16200,37.368,24.6
16300,37.368,24.6
16400,37.368,24.6
16500,37.368,24.6
16600,37.368,24.6
16700,37.368,24.6
16800,37.368,24.6
16900,37.368,24.6
17000,37.368,24.6
17100,37.368,24.6
17200,37.368,24.6
17300,36.696000000000005,24.8
17400,36.696000000000005,24.8
17500,36.696000000000005,24.8
17600,36.696000000000005,24.8
17700,36.696000000000005,24.8
17800,36.696000000000005,24.8
17900,36.696000000000005,24.8
18000,36.696000000000005,24.8
18100,36.696000000000005,24.8
18200,36.696000000000005,24.8
18300,36.696000000000005,24.8
18400,36.696000000000005,24.8
18500,36.696000000000005,24.8
18600,36.696000000000005,24.8
18700,36.696000000000005,24.8
18800,36.696000000000005,24.8
18900,36.696000000000005,24.8
19000,36.696000000000005,24.8
19100,36.696000000000005,24.8
19200,36.696000000000005,24.8
19300,36.696000000000005,24.8
19400,36.696000000000005,24.8
19500,36.696000000000005,24.8
19600,36.696000000000005,24.8
19700,36.696000000000005,24.8
19800,36.696000000000005,24.8
19900,36.624,24.8
20000,36.624,24.8
20100,36.624,24.8
20200,36.624,24.8
20300,36.624,24.8
20400,36.424,25
20500,36.024,25
20600,36.024,25
20700,35.263999999999996,25
20800,35.263999999999996,25
20900,35.263999999999996,25
21000,35.263999999999996,25
21100,35.263999999999996,25
21200,35.263999999999996,25
21300,35.263999999999996,25
21400,35.263999999999996,25
21500,35.263999999999996,25
21600,34.928,24.8
21700,34.928,24.8
21800,34.928,24.8
21900,34.928,24.8
22000,34.928,24.8
22100,34.928,24.8
22200,34.928,24.8
22300,34.928,24.8
22400,34.928,24.8
22500,34.928,24.8
22600,34.928,24.8
22700,34.928,24.8
22800,34.928,24.8
22900,34.928,24.8
23000,34.928,24.8
23100,34.928,24.8
23200,34.928,24.8
23300,34.928,24.8
23400,34.928,24.8
23500,34.928,24.8
23600,34.928,24.8
23700,34.928,24.8
23800,34.928,24.8
23900,34.928,24.8
24000,34.928,24.8
24100,34.84,24.8
24200,34.84,24.8
24300,34.84,24.8
24400,34.84,24.8
24500,34.84,24.8
24600,34.84,24.8
24700,34.84,24.8
24800,34.84,24.8
24900,34.84,24.8
25000,34.84,24.8
25100,34.84,24.8
25200,34.84,24.8
25300,34.504000000000005,25
25400,34.504000000000005,25
25500,34.504000000000005,25
25600,34.504000000000005,25
25700,34.504000000000005,25
25800,34.504000000000005,25
25900,34.504000000000005,25
26000,34.504000000000005,25
26100,34.504000000000005,25
26200,34.504000000000005,25
26300,34.504000000000005,25
26400,34.504000000000005,25
26500,34.504000000000005,25
26600,34.504000000000005,25
26700,34.504000000000005,25
26800,34.504000000000005,25
26900,34.504000000000005,25
27000,34.368,25
27100,34.368,25
27200,34.368,25
27300,34.368,25
27400,34.368,25
27500,34.272000000000006,25
27600,34.272000000000006,25
27700,34.272000000000006,25
27800,34.272000000000006,25
27900,34.272000000000006,25
28000,34.272000000000006,25
28100,34.272000000000006,25
28200,34.272000000000006,25
28300,34.272000000000006,25
28400,34.272000000000006,25
28500,34.272000000000006,25
28600,34.272000000000006,25
28700,34.272000000000006,25
28800,34.272000000000006,25
28900,34.272000000000006,25
29000,34.272000000000006,25
29100,34.272000000000006,25
29200,34.272000000000006,25
29300,34.272000000000006,25
29400,34.272000000000006,25
29500,34.272000000000006,25
29600,34.272000000000006,25
29700,34.272000000000006,25
29800,34.272000000000006,25
29900,34.272000000000006,25
30000,34.272000000000006,25
30100,34.272000000000006,25
30200,34.272000000000006,25
30300,34.272000000000006,25
30400,34.272000000000006,25
30500,34.272000000000006,25
30600,34.272000000000006,25
30700,34.272000000000006,25
30800,34.272000000000006,25
30900,34.272000000000006,25
31000,34.272000000000006,25
31100,34.272000000000006,25
31200,34.272000000000006,25
31300,34.272000000000006,25
31400,34.272000000000006,25
31500,34.272000000000006,25
31600,34.272000000000006,25
31700,34.272000000000006,25
31800,34.272000000000006,25
31900,34.272000000000006,25
32000,34.272000000000006,25
32100,34.272000000000006,25
32200,34.272000000000006,25
32300,34.272000000000006,25
32400,34.272000000000006,25
32500,34.272000000000006,25
32600,34.272000000000006,25
32700,34.272000000000006,25
32800,34.272000000000006,25
32900,34.272000000000006,25
33000,34.272000000000006,25
33100,34.272000000000006,25
33200,34.272000000000006,25
33300,34.272000000000006,25
33400,34.272000000000006,25
33500,34.272000000000006,25
33600,34.272000000000006,25
33700,34.272000000000006,25
33800,34.272000000000006,25
33900,34.272000000000006,25
34000,34.272000000000006,25
34100,34.272000000000006,25
34200,34.215999999999994,25
34300,34.056,25
34400,34.016,25
34500,34.016,25
34600,34.016,25
34700,34.016,25
34800,33.272000000000006,25
34900,33.272000000000006,25
35000,33.272000000000006,25
35100,33.272000000000006,25
35200,33.272000000000006,25
35300,33.272000000000006,25
35400,33.272000000000006,25
35500,33.272000000000006,25
35600,33.272000000000006,25
35700,33.272000000000006,25
35800,32.936,25
35900,32.936,25
36000,32.936,25
36100,32.936,25
36200,32.936,25
36300,32.936,25
36400,32.936,25
36500,32.936,25
36600,32.936,25
36700,32.936,25
36800,32.936,25
36900,32.936,25
37000,32.936,25
37100,32.936,25
37200,32.936,25
37300,32.936,25
37400,32.936,25
37500,32.936,25
37600,32.936,25
37700,32.936,25
37800,32.936,25
37900,32.936,25
38000,32.936,25
38100,32.936,25
38200,32.936,25
38300,32.488,25
38400,32.488,25
38500,32.488,25
38600,32.488,25
38700,32.488,25
38800,32.488,25
38900,32.488,25
39000,32.488,25
39100,32.488,25
39200,32.296,25
39300,32.296,25
39400,32.296,25
39500,32.296,25
39600,32.296,25
39700,32.296,25
39800,32.296,25
39900,32.296,25
40000,32.296,25
40100,32.296,25
40200,32.296,25
40300,32.296,25
40400,32.296,25
40500,32.296,25
40600,32.296,25
40700,32.296,25
40800,32.296,25
40900,32.296,25
41000,32.296,25
41100,32.296,25
41200,32.296,25
41300,32.296,25
41400,32.296,25
41500,32.296,25
41600,32.296,25
41700,32.296,25
41800,32.296,25
41900,32.296,25
42000,32.296,25
42100,32.296,25
42200,32.296,25
42300,32.296,25
42400,32.296,25
42500,32.296,25
42600,32.296,25
42700,32.296,25
42800,32.296,25
42900,32.296,25
43000,32.296,25
43100,32.296,25
43200,32.296,25
43300,32.296,25
43400,32.296,25
43500,32.296,25
43600,32.296,25
43700,32.296,25
43800,32.296,25
43900,32.296,25
44000,32.296,25
44100,32.296,25
44200,32.296,25
44300,32.296,25
44400,32.296,25
44500,32.296,25
44600,32.296,25
44700,32.296,25
44800,32.296,25
44900,32.296,25
45000,32.296,25
45100,32.296,25
45200,32.296,25
45300,32.296,25
45400,32.296,25
45500,32.296,25
45600,32.296,25
45700,32.296,25
45800,32.296,25
45900,32.296,25
46000,32.296,25
46100,32.296,25
46200,32.296,25
46300,32.296,25
46400,32.296,25
46500,32.296,25
46600,32.296,25
46700,32.296,25
46800,32.296,25
46900,32.296,25
47000,32.296,25
47100,32.296,25
47200,32.296,25
47300,32.296,25
47400,32.296,25
47500,32.296,25
47600,32.296,25
47700,32.296,25
47800,32.296,25
47900,32.296,25
48000,32.296,25
48100,32.296,25
48200,32.296,25
48300,32.111999999999995,25
48400,32.111999999999995,25
48500,32.111999999999995,25
48600,32.111999999999995,25
48700,32.111999999999995,25
48800,32.111999999999995,25
48900,32.111999999999995,25
49000,32.111999999999995,25
49100,32.111999999999995,25
49200,32.111999999999995,25
49300,32.111999999999995,25
49400,32.111999999999995,25
49500,32.111999999999995,25
49600,32.111999999999995,25
49700,32.111999999999995,25
49800,32.111999999999995,25
49900,32.111999999999995,25
50000,32.111999999999995,25
50100,32.111999999999995,25
50200,32.111999999999995,25
50300,32.111999999999995,25
50400,32.111999999999995,25
50500,32.111999999999995,25
50600,32.111999999999995,25
50700,32.111999999999995,25
50800,32.111999999999995,25
50900,32.111999999999995,25
51000,32.111999999999995,25
51100,32.111999999999995,25
51200,32.111999999999995,25
51300,32.111999999999995,25
51400,32.111999999999995,25
51500,32.111999999999995,25
51600,32.111999999999995,25
51700,32.111999999999995,25
51800,32.111999999999995,25
51900,32.111999999999995,25
52000,32.111999999999995,25
52100,32.04,24.8
52200,32.04,24.8
52300,32.04,24.8
52400,32.04,24.8
52500,32.04,24.8
52600,32.04,24.8
52700,32.04,24.8
52800,32.04,24.8
52900,32.04,24.8
53000,32.04,24.8
53100,32.04,24.8
53200,32.04,24.8
53300,32.04,24.8
53400,32.04,24.8
53500,32.04,24.8
53600,32.04,24.8
53700,32.04,24.8
53800,31.744,24.8
53900,31.744,24.8
54000,31.744,24.8
54100,31.744,24.8
54200,31.744,24.8
54300,31.744,24.8
54400,31.744,24.8
54500,31.744,24.8
54600,31.744,24.8
54700,31.744,24.8
54800,31.744,24.8
54900,31.744,24.8
55000,31.744,24.8
55100,31.744,24.8
55200,31.744,24.8
55300,31.744,24.8
55400,31.744,24.8
55500,31.744,24.8
55600,31.744,24.8
55700,31.744,24.8
55800,31.744,24.8
55900,31.744,24.8
56000,31.744,24.8
56100,31.744,24.8
56200,31.744,24.8
56300,31.744,24.8
56400,31.744,24.8
56500,31.744,24.8
56600,31.744,24.8
56700,31.744,24.8
56800,31.744,24.8
56900,31.744,24.8
57000,31.744,24.8
57100,31.744,24.8
57200,31.744,24.8
57300,31.744,24.8
57400,31.744,24.8
57500,31.744,24.8
57600,31.744,24.8
57700,31.744,24.8
57800,31.744,24.8
57900,31.176000000000005,24.8
58000,31.176000000000005,24.8
58100,31.176000000000005,24.8
58200,31.176000000000005,24.8
58300,31.176000000000005,24.8
58400,31.176000000000005,24.8
58500,31.176000000000005,24.8
58600,31.176000000000005,24.8
58700,31.176000000000005,24.8
58800,31.176000000000005,24.8
58900,31.176000000000005,24.8
59000,31.176000000000005,24.8
59100,31.176000000000005,24.8
59200,31.176000000000005,24.8
59300,31.176000000000005,24.8
59400,31.176000000000005,24.8
59500,31.176000000000005,24.8
59600,31.176000000000005,24.8
59700,31.176000000000005,24.8
59800,31.176000000000005,24.8
59900,31.176000000000005,24.8
60000,31.176000000000005,24.8
60100,31.176000000000005,24.8
60200,31.176000000000005,24.8
60300,31.176000000000005,24.8
60400,31.176000000000005,24.8
60500,31.176000000000005,24.8
60600,31.176000000000005,24.8
60700,30.759999999999998,24.8
60800,30.759999999999998,24.8
60900,30.759999999999998,24.8
61000,30.759999999999998,24.8
61100,30.759999999999998,24.8
61200,30.759999999999998,24.8
61300,30.759999999999998,24.8
61400,30.759999999999998,24.8
61500,30.759999999999998,24.8
61600,30.759999999999998,24.8
61700,30.759999999999998,24.8
61800,30.759999999999998,24.8
61900,30.759999999999998,24.8
62000,30.759999999999998,24.8
62100,30.759999999999998,24.8
62200,30.759999999999998,24.8
62300,30.759999999999998,24.8
62400,30.759999999999998,24.8
62500,30.759999999999998,24.8
62600,30.759999999999998,24.8
62700,30.759999999999998,24.8
62800,30.759999999999998,24.8
62900,30.759999999999998,24.8
63000,30.759999999999998,24.8
63100,30.759999999999998,24.8
63200,30.759999999999998,24.8
63300,30.759999999999998,24.8
63400,30.759999999999998,24.8
63500,30.759999999999998,24.8
63600,30.759999999999998,24.8
63700,30.759999999999998,24.8
63800,30.759999999999998,24.8
63900,30.759999999999998,24.8
64000,30.759999999999998,24.8
64100,30.759999999999998,24.8
64200,30.759999999999998,24.8
64300,30.759999999999998,24.8
64400,30.759999999999998,24.8
64500,30.759999999999998,24.8
64600,30.759999999999998,24.8
64700,30.759999999999998,24.8
64800,30.759999999999998,24.8
64900,30.759999999999998,24.8
65000,30.759999999999998,24.8
65100,30.759999999999998,24.8
65200,30.759999999999998,24.8
65300,30.759999999999998,24.8
65400,30.759999999999998,24.8
65500,30.759999999999998,24.8
65600,30.759999999999998,24.8
65700,30.759999999999998,24.8
65800,30.68,24.8
65900,30.68,24.8
66000,30.608000000000004,25
66100,30.608000000000004,25
66200,30.608000000000004,25
66300,30.608000000000004,25
66400,30.608000000000004,25
66500,30.544,25
66600,30.544,25
66700,30.544,25
66800,30.544,25
66900,30.544,25
67000,30.544,25
67100,30.544,25
67200,30.544,25
67300,30.544,25
67400,30.544,25
67500,30.544,25
67600,30.544,25
67700,30.544,25
67800,30.544,25
67900,30.360000000000003,25
68000,30.360000000000003,25
68100,30.360000000000003,25
68200,30.360000000000003,25
68300,30.360000000000003,25
68400,30.360000000000003,25
68500,30.360000000000003,25
68600,30.360000000000003,25
68700,30.360000000000003,25
68800,30.360000000000003,25
68900,30.360000000000003,25
69000,30.360000000000003,25
69100,30.360000000000003,25
69200,30.360000000000003,25
69300,30.360000000000003,25
69400,30.360000000000003,25
69500,30.360000000000003,25
69600,30.360000000000003,25
69700,29.912,25
69800,29.912,25
69900,29.912,25
70000,29.912,25
70100,29.912,25
70200,29.912,25
70300,29.912,25
70400,29.912,25
70500,29.912,25
70600,29.912,25
70700,29.912,25
70800,29.912,25
70900,29.912,25
71000,29.912,25
71100,29.912,25
71200,29.912,25
71300,29.912,25
71400,29.912,25
71500,29.912,25
71600,29.912,25
71700,29.744,25
71800,29.744,25
71900,29.744,25
72000,29.744,25
72100,29.744,25
72200,29.744,25
72300,29.744,25
72400,29.744,25
72500,29.744,25
72600,29.744,25
72700,29.744,25
72800,29.744,25
72900,29.744,25
73000,29.744,25
73100,29.744,25
73200,29.744,25
73300,29.744,25
73400,29.744,25
73500,29.744,25
73600,29.744,25
73700,29.744,25
73800,29.744,25
73900,29.744,25
74000,29.744,25
74100,29.744,25
74200,29.744,25
74300,29.744,25
74400,29.744,25
74500,29.744,25
74600,29.744,25
74700,29.095999999999997,25
74800,29.095999999999997,25
74900,28.736,25
75000,28.736,25
75100,28.736,25
75200,28.736,25
75300,28.736,25
75400,28.736,25
75500,28.736,25
75600,28.736,25
75700,28.736,25
75800,28.736,25
75900,28.736,25
76000,28.736,25
76100,28.736,25
76200,28.736,25
76300,28.736,25
76400,28.736,25
76500,28.736,25
76600,28.736,25
76700,28.736,25
76800,28.736,25
76900,28.736,25
77000,28.736,25
77100,28.736,25
77200,28.736,25
77300,28.736,25
77400,28.736,25
77500,28.736,25
77600,28.736,25
77700,28.736,25
77800,28.736,25
77900,28.736,25
78000,28.736,25
78100,28.736,25
78200,28.736,25
78300,28.736,25
78400,28.736,25
78500,28.736,25
78600,28.736,25
78700,28.736,25
78800,28.736,25
78900,28.736,25
79000,28.736,25
79100,28.736,25
79200,28.736,25
79300,28.736,25
79400,28.736,25
79500,28.736,25
79600,28.736,25
79700,28.736,25
79800,28.736,25
79900,28.736,25
80000,28.736,25
80100,28.736,25
80200,28.736,25
80300,28.736,25
80400,28.736,25
80500,28.736,25
80600,28.736,25
80700,28.736,25
80800,28.04,25
80900,28.04,25
81000,28.04,25
81100,28.04,25
81200,28.04,25
81300,28.04,25
81400,28.04,25
81500,28.04,25
81600,28.04,25
81700,28.04,25
81800,28.04,25
81900,28.04,25
82000,28.04,25
82100,28.04,25
82200,28.04,25
82300,28.04,25
82400,28.04,25
82500,28.04,25
82600,28.04,25
82700,28.04,25
82800,28.04,25
82900,28.04,25
83000,28.04,25
83100,28.04,25
83200,28.04,25
83300,28.04,25
83400,28.04,25
83500,28.04,25
83600,28.04,25
83700,28.04,25
83800,28.04,25
83900,28.04,25
84000,28.04,25
84100,28.04,25
84200,28.04,25
84300,28.04,25
84400,28.04,25
84500,28.04,25
84600,28.04,25
84700,28.04,25
84800,28.04,25
84900,28.04,25
85000,27.992,25
85100,27.992,25
85200,27.992,25
85300,27.992,25
85400,27.992,25
85500,27.992,25
85600,27.992,25
85700,27.992,25
85800,27.992,25
85900,27.992,25
86000,27.992,25
86100,27.992,25
86200,27.992,25
86300,27.992,25
86400,27.992,25
86500,27.992,25
86600,27.992,25
86700,27.992,25
86800,27.992,25
86900,27.992,25
87000,27.992,25
87100,27.992,25
87200,27.992,25
87300,27.992,25
87400,27.992,25
87500,27.992,25
87600,27.992,25
87700,27.992,25
87800,27.992,25
87900,27.992,25
88000,27.992,25
88100,27.992,25
88200,27.992,25
88300,27.992,25
88400,27.992,25
88500,27.992,25
88600,27.992,25
88700,27.992,25
88800,27.992,25
88900,27.992,25
89000,27.992,25
89100,27.992,25
89200,27.992,25
89300,27.736,25
89400,27.736,25
89500,27.736,25
89600,27.736,25
89700,27.736,25
89800,27.736,25
89900,27.736,25
90000,27.736,25
90100,27.736,25
90200,27.736,25
90300,27.736,25
90400,27.736,25
90500,27.736,25
90600,27.736,25
90700,27.736,25
90800,27.736,25
90900,27.736,25
91000,27.736,25
91100,27.736,25
91200,27.736,25
91300,27.736,25
91400,27.736,25
91500,27.736,25
91600,27.736,25
91700,27.736,25
91800,27.736,25
91900,27.736,25
92000,27.736,25
92100,27.736,25
92200,27.736,25
92300,27.736,25
92400,27.736,25
92500,27.736,25
92600,27.736,25
92700,27.736,25
92800,27.736,25
92900,27.736,25
93000,27.736,25
93100,27.736,25
93200,27.736,25
93300,27.736,25
93400,27.736,25
93500,27.736,25
93600,27.736,25
93700,27.736,25
93800,27.736,25
93900,27.736,25
94000,27.736,25
94100,27.736,25
94200,27.736,25
94300,27.736,25
94400,27.736,25
94500,27.736,25
94600,27.736,25
94700,27.736,25
94800,27.736,25
94900,27.736,25
95000,27.736,25
95100,27.736,25
95200,27.736,25
95300,27.736,25
95400,27.736,25
95500,27.736,25
95600,27.736,25
95700,27.736,25
95800,27.736,25
95900,27.736,25
96000,27.736,25
96100,27.736,25
96200,27.736,25
96300,27.736,25
96400,27.736,25
96500,27.736,25
96600,27.736,25
96700,27.736,25
96800,27.736,25
96900,27.736,25
97000,27.736,25
97100,27.736,25
97200,27.736,25
97300,27.736,25
97400,27.736,25
97500,27.736,25
97600,27.736,25
97700,27.736,25
97800,27.736,25
97900,27.736,25
98000,27.736,25
98100,27.736,25
98200,27.736,25
98300,27.736,25
98400,27.736,25
98500,27.736,25
98600,27.736,25
98700,27.736,25
98800,27.736,25
98900,27.736,25
99000,27.736,25
99100,27.736,25
99200,27.736,25
99300,27.736,25
99400,27.736,25
99500,27.736,25
99600,27.736,25
99700,27.736,25
99800,27.736,25
99900,27.736,25
100000,27.736,25
100100,27.736,25
100200,27.736,25
100300,27.736,25
100400,27.736,25
100500,27.736,25
100600,27.736,25
100700,27.736,25
100800,27.736,25
100900,27.736,25
101000,27.736,25
101100,27.736,25
101200,27.736,25
101300,27.736,25
101400,27.736,25
101500,27.736,25
101600,27.736,25
101700,27.736,25
101800,27.736,25
101900,27.736,25
102000,27.736,25
102100,27.736,25
102200,27.736,25
102300,27.736,25
102400,27.736,25
102500,27.736,25
102600,27.736,25
102700,27.736,25
102800,27.736,25
102900,27.736,25
103000,27.736,25
103100,27.736,25
103200,27.736,25
103300,27.736,25
103400,27.736,25
103500,27.736,25
103600,27.736,25
103700,27.736,25
103800,27.736,25
103900,27.736,25
104000,27.736,25
104100,27.375999999999998,25
104200,27.375999999999998,25
104300,27.375999999999998,25
104400,27.375999999999998,25
104500,27.375999999999998,25
104600,27.375999999999998,25
104700,27.375999999999998,25
104800,27.375999999999998,25
104900,27.375999999999998,25
105000,27.375999999999998,25
105100,27.375999999999998,25
105200,27.375999999999998,25
105300,27.375999999999998,25
105400,27.375999999999998,25
105500,27.375999999999998,25
105600,27.360000000000003,25
105700,27.360000000000003,25
105800,27.360000000000003,25
105900,27.360000000000003,25
106000,27.360000000000003,25
106100,27.360000000000003,25
106200,27.360000000000003,25
106300,27.360000000000003,25
106400,27.360000000000003,25
106500,27.360000000000003,25
106600,27.360000000000003,25
106700,27.360000000000003,25
106800,27.360000000000003,25
106900,27.360000000000003,25
107000,27.360000000000003,25
107100,27.360000000000003,25
107200,27.360000000000003,25
107300,27.360000000000003,25
107400,27.208,25
107500,27.208,25
107600,27.208,25
107700,27.208,25
107800,27.208,25
107900,27.208,25
108000,27.208,25
108100,27.208,25
108200,27.208,25
108300,27.208,25
108400,27.208,25
108500,27.208,25
108600,27.208,25
108700,27.208,25
108800,27.208,25
108900,27.208,25
109000,27.208,25
109100,27.208,25
109200,27.208,25
109300,26.824,25
109400,26.824,25
109500,26.824,25
109600,26.824,25
109700,26.824,25
109800,26.824,25
109900,26.824,25
110000,26.824,25
110100,26.824,25
110200,26.824,25
110300,26.824,25
110400,26.824,25
110500,26.824,25
110600,26.824,25
110700,26.824,25
110800,26.824,25
110900,26.824,25
111000,26.824,25
111100,26.824,25
111200,26.824,25
111300,26.824,25
111400,26.824,25
111500,26.824,25
111600,26.824,25
111700,26.824,25
111800,26.824,25
111900,26.824,25
112000,26.824,25
112100,26.824,25
112200,26.824,25
112300,26.824,25
112400,26.824,25
112500,26.824,25
112600,26.824,25
112700,26.824,25
112800,26.824,25
112900,26.824,25
113000,26.824,25
113100,26.824,25
113200,26.824,25
113300,26.824,25
113400,26.824,25
113500,26.824,25
113600,26.824,25
113700,26.824,25
113800,26.824,25
113900,26.824,25
114000,26.824,25
114100,26.824,25
114200,26.824,25
114300,26.824,25
114400,26.824,25
114500,26.824,25
114600,26.824,25
114700,26.824,25
114800,26.824,25
114900,26.824,25
115000,26.824,25
115100,26.824,25
115200,26.824,25
115300,26.824,25
115400,26.824,25
115500,26.824,25
115600,26.824,25
115700,26.824,25
115800,26.824,25
115900,26.824,25
116000,26.824,25
116100,26.824,25
116200,26.824,25
116300,26.824,25
116400,26.824,25
116500,26.824,25
116600,26.824,25
116700,26.824,25
116800,26.824,25
116900,26.824,25
117000,26.824,25
117100,26.824,25
117200,26.824,25
117300,26.824,25
117400,26.824,25
117500,26.824,25
117600,26.824,25
117700,26.824,25
117800,26.824,25
117900,26.824,25
118000,26.824,25
118100,26.824,25
118200,26.824,25
118300,26.824,25
118400,26.671999999999997,25
118500,26.671999999999997,25
118600,26.671999999999997,25
118700,26.671999999999997,25
118800,26.671999999999997,25
118900,26.671999999999997,25
119000,26.671999999999997,25
119100,26.671999999999997,25
119200,26.671999999999997,25
119300,26.671999999999997,25
119400,26.671999999999997,25
119500,26.671999999999997,25
119600,26.671999999999997,25
119700,26.671999999999997,25
119800,26.671999999999997,25
119900,26.671999999999997,25
120000,26.671999999999997,25
120100,26.671999999999997,25
120200,26.671999999999997,25
120300,26.671999999999997,25
120400,26.671999999999997,25
120500,26.671999999999997,25
120600,26.671999999999997,25
120700,26.671999999999997,25
120800,26.671999999999997,25
120900,26.671999999999997,25
121000,26.671999999999997,25
121100,26.671999999999997,25
121200,26.671999999999997,25
121300,26.671999999999997,25
121400,26.671999999999997,25
121500,26.671999999999997,25
121600,26.671999999999997,25
121700,26.671999999999997,25
121800,26.671999999999997,25
121900,26.671999999999997,25
122000,26.671999999999997,25
122100,26.671999999999997,25
122200,26.671999999999997,25
122300,26.671999999999997,25
122400,26.671999999999997,25
122500,26.671999999999997,25
122600,26.671999999999997,25
122700,26.671999999999997,25
122800,26.671999999999997,25
122900,26.671999999999997,25
123000,26.671999999999997,25
123100,26.671999999999997,25
123200,26.671999999999997,25
123300,26.671999999999997,25
123400,26.671999999999997,25
123500,26.671999999999997,25
123600,26.671999999999997,25
123700,26.671999999999997,25
123800,26.671999999999997,25
123900,26.671999999999997,25
124000,26.671999999999997,25
124100,26.671999999999997,25
124200,26.671999999999997,25
124300,26.671999999999997,25
124400,26.671999999999997,25
124500,26.671999999999997,25
124600,26.671999999999997,25
124700,26.671999999999997,25
124800,26.671999999999997,25
124900,26.671999999999997,25
125000,26.671999999999997,25
125100,26.671999999999997,25
125200,26.671999999999997,25
125300,26.671999999999997,25
125400,26.671999999999997,25
125500,26.671999999999997,25
125600,26.671999999999997,25
125700,26.671999999999997,25
125800,26.671999999999997,25
125900,26.671999999999997,25
126000,26.671999999999997,25
126100,26.671999999999997,25
126200,26.671999999999997,25
126300,26.671999999999997,25
126400,26.671999999999997,25
126500,26.671999999999997,25
126600,26.671999999999997,25
126700,26.671999999999997,25
126800,26.671999999999997,25
126900,26.671999999999997,25
127000,26.671999999999997,25
127100,26.671999999999997,25
127200,26.671999999999997,25
127300,26.671999999999997,25
127400,26.671999999999997,25
127500,26.671999999999997,25
127600,26.671999999999997,25
127700,26.671999999999997,25
127800,26.671999999999997,25
127900,26.671999999999997,25
128000,26.671999999999997,25
128100,26.671999999999997,25
128200,26.671999999999997,25
128300,26.671999999999997,25
128400,26.671999999999997,25
128500,26.671999999999997,25
128600,26.671999999999997,25
128700,26.671999999999997,25
128800,26.671999999999997,25
128900,26.671999999999997,25
129000,26.671999999999997,25
129100,26.671999999999997,25
129200,26.671999999999997,25
129300,26.671999999999997,25
129400,26.671999999999997,25
129500,26.671999999999997,25
129600,26.671999999999997,25
129700,26.671999999999997,25
129800,26.671999999999997,25
129900,26.671999999999997,25
130000,26.671999999999997,25
130100,26.671999999999997,25
130200,26.671999999999997,25
130300,26.671999999999997,25
130400,26.671999999999997,25
130500,26.671999999999997,25
130600,26.671999999999997,25
130700,26.671999999999997,25
130800,26.671999999999997,25
130900,26.671999999999997,25
131000,26.671999999999997,25
131100,26.671999999999997,25
131200,26.671999999999997,25
131300,26.671999999999997,25
131400,26.671999999999997,25
131500,26.671999999999997,25
131600,26.671999999999997,25
131700,26.671999999999997,25
131800,26.671999999999997,25
131900,26.671999999999997,25
132000,26.671999999999997,25
132100,26.671999999999997,25
132200,26.671999999999997,25
132300,26.671999999999997,25
132400,26.671999999999997,25
132500,26.671999999999997,25
132600,26.671999999999997,25
132700,26.671999999999997,25
132800,26.671999999999997,25
132900,26.671999999999997,25
133000,26.671999999999997,25
133100,26.671999999999997,25
133200,26.671999999999997,25
133300,26.671999999999997,25
133400,26.671999999999997,25
133500,26.671999999999997,25
133600,26.671999999999997,25
133700,26.671999999999997,25
133800,26.671999999999997,25
133900,26.671999999999997,25
134000,26.671999999999997,25
134100,26.671999999999997,25
134200,26.671999999999997,25
134300,26.671999999999997,25
134400,26.671999999999997,25
134500,26.671999999999997,25
134600,26.671999999999997,25
134700,26.671999999999997,25
134800,26.671999999999997,25
134900,26.671999999999997,25
135000,26.671999999999997,25
135100,26.671999999999997,25
135200,26.671999999999997,25
135300,26.671999999999997,25
135400,26.671999999999997,25
135500,26.671999999999997,25
135600,26.671999999999997,25
135700,26.671999999999997,25
135800,26.671999999999997,25
135900,26.671999999999997,25
136000,26.671999999999997,25
136100,26.671999999999997,25
136200,26.671999999999997,25
136300,26.671999999999997,25
136400,26.671999999999997,25
136500,26.671999999999997,25
136600,26.671999999999997,25
136700,26.671999999999997,25
136800,26.671999999999997,25
136900,26.671999999999997,25
137000,26.671999999999997,25
137100,26.671999999999997,25
137200,26.671999999999997,25
137300,26.671999999999997,25
137400,26.671999999999997,25
137500,26.671999999999997,25
137600,26.671999999999997,25
137700,26.671999999999997,25
137800,26.671999999999997,25
137900,26.671999999999997,25
138000,26.671999999999997,25
138100,26.671999999999997,25
138200,26.671999999999997,25
138300,26.671999999999997,25
138400,26.671999999999997,25
138500,26.671999999999997,25
138600,26.671999999999997,25
138700,26.671999999999997,25
138800,26.671999999999997,25
138900,26.671999999999997,25
139000,26.671999999999997,25
139100,26.671999999999997,25
139200,26.671999999999997,25
139300,26.671999999999997,25
139400,26.671999999999997,25
139500,26.671999999999997,25
139600,26.671999999999997,25
139700,26.671999999999997,25
139800,26.671999999999997,25
139900,26.671999999999997,25
140000,26.671999999999997,25
140100,26.671999999999997,25
140200,26.671999999999997,25
140300,26.671999999999997,25
140400,26.671999999999997,25
140500,26.671999999999997,25
140600,26.671999999999997,25
140700,26.671999999999997,25
140800,26.671999999999997,25
140900,26.671999999999997,25
141000,26.671999999999997,25
141100,26.671999999999997,25
141200,26.671999999999997,25
141300,26.671999999999997,25
141400,26.671999999999997,25
141500,26.671999999999997,25
141600,26.671999999999997,25
141700,26.671999999999997,25
141800,26.671999999999997,25
141900,26.671999999999997,25
142000,26.671999999999997,25
142100,26.671999999999997,25
142200,26.671999999999997,25
142300,26.671999999999997,25
142400,26.671999999999997,25
142500,26.671999999999997,25
142600,26.671999999999997,25
142700,26.671999999999997,25
142800,26.671999999999997,25
142900,26.671999999999997,25
143000,26.671999999999997,25
143100,26.671999999999997,25
143200,26.671999999999997,25
143300,26.671999999999997,25
143400,26.671999999999997,25
143500,26.671999999999997,25
143600,26.671999999999997,25
143700,26.671999999999997,25
143800,26.671999999999997,25
143900,26.671999999999997,25
144000,26.671999999999997,25
144100,26.671999999999997,25
144200,26.671999999999997,25
144300,26.671999999999997,25
144400,26.671999999999997,25
144500,26.671999999999997,25
144600,26.496,25
144700,26.496,25
144800,26.496,25
144900,26.496,25
145000,26.496,25
145100,26.496,25
145200,26.496,25
145300,26.496,25
145400,26.496,25
145500,26.184000000000005,25
145600,26.184000000000005,25
145700,26.184000000000005,25
145800,26.184000000000005,25
145900,26.184000000000005,25
146000,26.184000000000005,25
146100,26.184000000000005,25
146200,26.184000000000005,25
146300,26.184000000000005,25
146400,26.184000000000005,25
146500,26.184000000000005,25
146600,26.184000000000005,25
146700,26.184000000000005,25
146800,26.184000000000005,25
146900,26.184000000000005,25
147000,26.184000000000005,25
147100,26.184000000000005,25
147200,26.184000000000005,25
147300,26.184000000000005,25
147400,26.184000000000005,25
147500,26.184000000000005,25
147600,26.184000000000005,25
147700,26.184000000000005,25
147800,26.184000000000005,25
147900,26.184000000000005,25
148000,26.184000000000005,25
148100,26.184000000000005,25
148200,26.184000000000005,25
148300,26.184000000000005,25
148400,26.184000000000005,25
148500,26.184000000000005,25
148600,26.184000000000005,25
148700,26.184000000000005,25
148800,26.184000000000005,25
148900,26.184000000000005,25
149000,26.184000000000005,25
149100,26.184000000000005,25
149200,26.184000000000005,25
149300,26.184000000000005,25
149400,26.184000000000005,25
149500,26.184000000000005,25
149600,26.184000000000005,25
149700,26.184000000000005,25
149800,26.184000000000005,25
149900,26.184000000000005,25
150000,26.184000000000005,25
150100,26.184000000000005,25
150200,26.135999999999996,24.8
150300,26.135999999999996,24.8
150400,26.135999999999996,24.8
150500,26.135999999999996,24.8
150600,26.135999999999996,24.8
150700,26.135999999999996,24.8
150800,26.135999999999996,24.8
150900,26.135999999999996,24.8
151000,26.135999999999996,24.8
151100,26.135999999999996,24.8
151200,26.135999999999996,24.8
151300,26.135999999999996,24.8
151400,26.135999999999996,24.8
151500,26.135999999999996,24.8
151600,26.135999999999996,24.8
151700,25.784000000000002,24.6
151800,25.784000000000002,24.6
151900,25.784000000000002,24.6
152000,25.784000000000002,24.6
152100,25.784000000000002,24.6
152200,25.784000000000002,24.6
152300,25.784000000000002,24.6
152400,25.784000000000002,24.6
152500,25.784000000000002,24.6
152600,25.784000000000002,24.6
152700,25.784000000000002,24.6
152800,25.784000000000002,24.6
152900,25.784000000000002,24.6
153000,25.784000000000002,24.6
153100,25.784000000000002,24.6
153200,25.784000000000002,24.6
153300,25.784000000000002,24.6
153400,25.784000000000002,24.6
153500,25.784000000000002,24.6
153600,25.784000000000002,24.6
153700,25.784000000000002,24.6
153800,25.784000000000002,24.6
153900,25.784000000000002,24.6
154000,25.784000000000002,24.6
154100,25.784000000000002,24.6
154200,25.784000000000002,24.6
154300,25.784000000000002,24.6
154400,25.784000000000002,24.6
154500,25.784000000000002,24.6
154600,25.784000000000002,24.6
154700,25.784000000000002,24.6
154800,25.784000000000002,24.6
154900,25.784000000000002,24.6
155000,25.784000000000002,24.6
155100,25.784000000000002,24.6
155200,25.784000000000002,24.6
155300,25.784000000000002,24.6
155400,25.784000000000002,24.6
155500,25.784000000000002,24.6
155600,25.784000000000002,24.6
155700,25.784000000000002,24.6
155800,25.784000000000002,24.6
155900,25.784000000000002,24.6
156000,25.784000000000002,24.6
156100,25.784000000000002,24.6
156200,25.784000000000002,24.6
156300,25.784000000000002,24.6
156400,25.784000000000002,24.6
156500,25.784000000000002,24.6
156600,25.784000000000002,24.6
156700,25.784000000000002,24.6
156800,25.784000000000002,24.6
156900,25.784000000000002,24.6
157000,25.784000000000002,24.6
157100,25.784000000000002,24.6
157200,25.784000000000002,24.6
157300,25.784000000000002,24.6
157400,25.056,24.6
157500,25.056,24.6
157600,25.056,24.6
157700,25.056,24.6
157800,25.056,24.6
157900,25.056,24.6
158000,25.056,24.6
158100,25.056,24.6
158200,25.056,24.6
158300,25.056,24.6
158400,25.056,24.6
158500,25.056,24.6
158600,25.056,24.6
158700,25.056,24.6
158800,25.056,24.6
158900,25.056,24.6
159000,25.056,24.6
159100,25.056,24.6
159200,25.056,24.6
159300,25.056,24.6
159400,25.056,24.6
159500,25.056,24.6
159600,25.056,24.6
159700,25.056,24.6
159800,25.056,24.6
159900,25.056,24.6
160000,25.056,24.6
160100,25.056,24.6
160200,25.056,24.6
160300,25.056,24.6
160400,25.056,24.6
160500,25.056,24.6
160600,25.056,24.6
160700,25.056,24.6
160800,25.056,24.6
160900,25.056,24.6
161000,25.056,24.6
161100,25.056,24.6
161200,25.056,24.6
161300,25.056,24.6
161400,25.056,24.6
161500,25.056,24.6
161600,25.056,24.6
161700,25.056,24.6
161800,25.056,24.6
161900,25.056,24.6
162000,25.056,24.6
162100,25.056,24.6
162200,25.056,24.6
162300,25.056,24.6
162400,25.056,24.6
162500,25.056,24.6
162600,25.056,24.6
162700,25.056,24.6
162800,25.056,24.6
162900,25.056,24.6
163000,25.056,24.6
163100,25.056,24.6
163200,25.056,24.6
163300,25.056,24.6
163400,25.056,24.6
163500,25.056,24.6
163600,25.056,24.6
163700,25.056,24.6
163800,25.056,24.6
163900,25.056,24.6
164000,25.056,24.6
164100,25.056,24.6
164200,25.056,24.6
164300,25.056,24.6
164400,25.056,24.6
164500,25.056,24.6
164600,25.056,24.6
164700,25.056,24.6
164800,25.056,24.6
164900,25.056,24.6
165000,25.056,24.6
165100,25.056,24.6
165200,25.056,24.6
165300,25.056,24.6
165400,25.056,24.6
165500,25.056,24.6
165600,25.056,24.6
165700,25.056,24.6
165800,25.056,24.6
165900,25.056,24.6
166000,25.056,24.6
166100,25.056,24.6
166200,25.056,24.6
166300,25.056,24.6
166400,25.056,24.6
166500,25.056,24.6
166600,25.056,24.6
166700,25.056,24.6
166800,25.056,24.6
166900,25.056,24.6
167000,25.056,24.6
167100,25.056,24.6
167200,25.056,24.6
167300,25.056,24.6
167400,25.056,24.6
167500,25.056,24.6
167600,25.056,24.6
167700,25.056,24.6
167800,25.056,24.6
167900,25.056,24.6
168000,25.056,24.6
168100,25.056,24.6
168200,25.056,24.6
168300,25.056,24.6
168400,25.056,24.6
168500,25.056,24.6
168600,25.056,24.6
168700,25.056,24.6
168800,25.056,24.6
168900,25.056,24.6
169000,25.056,24.6
169100,25.056,24.6
169200,25.056,24.6
169300,25.056,24.6
169400,25.056,24.6
169500,25.056,24.6
169600,25.056,24.6
169700,25.056,24.6
169800,25.056,24.6
169900,25.056,24.6
170000,25.056,24.6
170100,25.056,24.6
170200,25.056,24.6
170300,25.056,24.6
170400,25.056,24.6
170500,25.056,24.6
170600,25.056,24.6
170700,25.056,24.6
170800,25.056,24.6
170900,25.056,24.6
171000,25.056,24.6
171100,25.056,24.6
171200,25.056,24.6
171300,25.056,24.6
171400,25.056,24.6
171500,25.056,24.6
171600,25.056,24.6
171700,25.056,24.6
171800,25.056,24.6
171900,25.056,24.6
172000,25.056,24.6
172100,25.056,24.6
172200,25.056,24.6
172300,25.056,24.6
172400,25.056,24.6
172500,25.056,24.6
172600,25.056,24.6
172700,25.056,24.6
172800,25.056,24.6
172900,25.056,24.6
173000,25.056,24.6
173100,25.056,24.6
173200,25.056,24.6
173300,25.056,24.6
173400,25.056,24.6
173500,25.056,24.6
173600,25.056,24.6
173700,25.056,24.6
173800,25.056,24.6
173900,25.056,24.6
174000,25.056,24.6
174100,25.056,24.6
174200,25.056,24.6
174300,25.056,24.6
174400,25.056,24.6
174500,25.056,24.6
174600,24.968,24.2
174700,24.968,24.2
174800,24.968,24.2
174900,24.968,24.2
175000,24.968,24.2
175100,24.968,24.2
175200,24.968,24.2
175300,24.968,24.2
175400,24.968,24.2
175500,24.968,24.2
175600,24.968,24.2
175700,24.968,24.2
175800,24.968,24.2
175900,24.968,24.2
176000,24.968,24.2
176100,24.968,24.2
176200,24.968,24.2
176300,24.968,24.2
176400,24.968,24.2
176500,24.968,24.2
176600,24.968,24.2
176700,24.968,24.2
176800,24.968,24.2
176900,24.968,24.2
177000,24.968,24.2
177100,24.968,24.2
177200,24.968,24.2
177300,24.968,24.2
177400,24.968,24.2
177500,24.968,24.2
177600,24.968,24.2
177700,24.968,24.2
177800,24.968,24.2
177900,24.968,24.2
178000,24.968,24.2
178100,24.968,24.2
178200,24.968,24.2
178300,24.968,24.2
178400,24.968,24.2
178500,24.968,24.2
178600,24.968,24.2
178700,24.968,24.2
178800,24.968,24.2
178900,24.968,24.2
179000,24.968,24.2
179100,24.968,24.2
179200,24.968,24.2
179300,24.968,24.2
179400,24.968,24.2
179500,24.968,24.2
179600,24.968,24.2
179700,24.968,24.2
179800,24.968,24.2
179900,24.968,24.2
180000,24.968,24.2
180100,24.968,24.2
180200,24.968,24.2
180300,24.968,24.2
180400,24.968,24.2
180500,24.968,24.2
180600,24.968,24.2
180700,24.968,24.2
180800,24.968,24.2
180900,24.968,24.2
181000,24.968,24.2
181100,24.968,24.2
181200,24.968,24.2
181300,24.968,24.2
181400,24.968,24.2
181500,24.968,24.2
181600,24.968,24.2
181700,24.968,24.2
181800,24.968,24.2
181900,24.968,24.2
182000,24.968,24.2
182100,24.968,24.2
182200,24.968,24.2
182300,24.968,24.2
182400,24.968,24.2
182500,24.968,24.2
182600,24.968,24.2
182700,24.968,24.2
182800,24.968,24.2
182900,24.968,24.2
183000,24.968,24.2
183100,24.968,24.2
183200,24.968,24.2
183300,24.968,24.2
183400,24.968,24.2
183500,24.968,24.2
183600,24.968,24.2
183700,24.968,24.2
183800,24.968,24.2
183900,24.968,24.2
184000,24.968,24.2
184100,24.968,24.2
184200,24.968,24.2
184300,24.968,24.2
184400,24.968,24.2
184500,24.968,24.2
184600,24.968,24.2
184700,24.968,24.2
184800,24.968,24.2
184900,24.968,24.2
185000,24.968,24.2
185100,24.968,24.2
185200,24.968,24.2
185300,24.968,24.2
185400,24.968,24.2
185500,24.968,24.2
185600,24.968,24.2
185700,24.968,24.2
185800,24.968,24.2
185900,24.968,24.2
186000,24.968,24.2
186100,24.968,24.2
186200,24.968,24.2
186300,24.968,24.2
186400,24.968,24.2
186500,24.968,24.2
186600,24.968,24.2
186700,24.968,24.2
186800,24.968,24.2
186900,24.968,24.2
187000,24.968,24.2
187100,24.968,24.2
187200,24.968,24.2
187300,24.968,24.2
187400,24.968,24.2
187500,24.968,24.2
187600,24.968,24.2
187700,24.968,24.2
187800,24.968,24.2
187900,24.968,24.2
188000,24.968,24.2
188100,24.968,24.2
188200,24.968,24.2
188300,24.968,24.2
188400,24.968,24.2
188500,24.968,24.2
188600,24.968,24.2
188700,24.968,24.2
188800,24.968,24.2
188900,24.968,24.2
189000,24.968,24.2
189100,24.968,24.2
189200,24.968,24.2
189300,24.968,24.2
189400,24.968,24.2
189500,24.968,24.2
189600,24.968,24.2
189700,24.968,24.2
189800,24.968,24.2
189900,24.968,24.2
190000,24.968,24.2
190100,24.968,24.2
190200,24.968,24.2
190300,24.968,24.2
190400,24.968,24.2
190500,24.968,24.2
190600,24.968,24.2
190700,24.968,24.2
190800,24.968,24.2
190900,24.968,24.2
191000,24.968,24.2
191100,24.968,24.2
191200,24.968,24.2
191300,24.968,24.2
191400,24.968,24.2
191500,24.968,24.2
191600,24.968,24.2
191700,24.968,24.2
191800,24.968,24.2
191900,24.968,24.2
192000,24.968,24.2
192100,24.968,24.2
192200,24.968,24.2
192300,24.968,24.2
192400,24.968,24.2
192500,24.968,24.2
192600,24.968,24.2
192700,24.968,24.2
192800,24.968,24.2
192900,24.968,24.2
193000,24.968,24.2
193100,24.968,24.2
193200,24.968,24.2
193300,24.968,24.2
193400,24.968,24.2
193500,24.968,24.2
193600,24.968,24.2
193700,24.968,24.2
193800,24.968,24.2
193900,24.968,24.2
194000,24.968,24.2
194100,24.968,24.2
194200,24.968,24.2
194300,24.968,24.2
194400,24.968,24.2
194500,24.968,24.2
194600,24.968,24.2
194700,24.968,24.2
194800,24.416,24
194900,24.416,24
195000,24.416,24
195100,24.416,24
195200,24.416,24
195300,24.416,24
195400,24.416,24
195500,24.416,24
195600,24.416,24
195700,24.416,24
195800,24.416,24
195900,24.416,24
196000,24.416,24
196100,24.416,24
196200,24.416,24
196300,24.416,24
196400,24.416,24
196500,24.416,24
196600,24.416,24
196700,24.416,24
196800,24.416,24
196900,24.416,24
197000,24.416,24
197100,24.416,24
197200,24.416,24
197300,24.416,24
197400,24.416,24
197500,24.416,24
197600,24.416,24
197700,24.416,24
197800,24.416,24
197900,24.416,24
198000,24.416,24
198100,24.416,24
198200,24.416,24
198300,24.416,24
198400,24.416,24
198500,24.416,24
198600,24.416,24
198700,24.416,24
198800,24.416,24
198900,24.416,24
199000,24.416,24
199100,24.416,24
199200,24.416,24
199300,24.416,24
199400,24.416,24
199500,24.416,24
199600,24.416,24
199700,24.416,24
199800,24.416,24
199900,24.416,24
199999,24.416,24

START ALGORITHM
h1: (a14 + a32 + a51 + a24 + a54 + a44 + a11 + a41 + a24 - a21 - a15 - a53) * (b42 + b21 - b12 - b24 - b11 - b33 - b35)
h7: (a25 + a35 + a13 + a21 + a41 + a34 + a25 + a44 + a42 + a12 + a12 - a25 - a35 - a13 - a35 - a41 - a35) * (-b14)
h13: (a33 + a55 + a35 - a35 - a34 - a34 - a31) * (-b55)
h18: (a42 - a15) * (b34 + b53 - b44)
h23: (a21 - a31 - a22) * (b13)
h33: (a32) * (b24 - b33 - b23)
h34: (a24 + a23 + a53 - a11 - a12 - a41) * (b22 - b54 - b34)
h37: (a42 - a35) * (b44 + b14 - b12)
h58: (a13 + a32) * (b12)
h65: (a21 + a14 + a43 + a44 + a14 + a23 - a51) * (b11 + b45 + b23 + b31 + b34 - b23 - b55 - b14 - b31)
h67: (a45 - a14 - a24 - a11) * (b33 + b23 + b51 - b32 - b35)
h77: (a12 + a35) * (b52 - b44 - b54)
h80: (a33 - a35 - a12) * (-b41)
h83: (a45 - a55 - a13 - a51 - a13 - a45 - a54) * (b52 - b12)
h86: (a13 - a21) * (b34)
h91: (a42 + a11 - a53 - a35 - a21 - a52 - a51 - a33) * (-b45)
h99: (a23 - a31) * (b32)
h103: (a42 + a24 - a24 - a11) * (b52 + b22 + b34 - b52)
h115: (a35 + a11 - a34) * (b55 - b14 - b54)
h119: (a24 - a12) * (b13 + b41 + b32 + b55 - b25 - b12)
h123: (a32 - a45 - a13) * (-b32 - b31)
h125: (a45 - a42 - a23 - a45) * (b23)
h148: (a45 + a13 - a52 - a21 - a15 - a54) * (b32 + b31)
h164: (a54 + a55 + a24 - a51 - a45) * (b55 - b32 - b32)
h167: (-a15) * (b12 + b13 - b45)
h170: (a14 + a34 + a55 + a13 - a15 - a41 - a25 - a42 - a15 - a15) * (b32)
h186: (a35) * (b51 + b21 + b21 + b43 + b14 - b25)
h196: (a43 + a51 + a23 - a41 - a15 - a23) * (b11 + b53 - b51 - b42)
h218: (-a34) * (b34 + b25 + b43 + b15 + b41 - b54 - b21)
h224: (a55) * (b53 - b52)
h244: (-a42) * (b42 + b53 + b35 + b12 + b21 + b45 + b23 + b55 + b44 + b31 + b55 + b24 - b35 - b11 - b41)
h252: (-a25) * (b51 + b32 + b53 + b34 - b33 - b23 - b15)
h262: (a25 - a21) * (b34 + b44 + b43 - b43 - b41 - b43)
h275: (a21 + a44 + a22 - a15 - a55) * (b24 + b42 - b33 - b45)
h364: (a25 + a35 - a42 - a12) * (b14 + b24 + b11 + b15 + b34 + b31 - b53 - b44 - b45)
h365: (a11 + a21 - a45) * (b41 + b12 - b53 - b52)
h378: (a15 + a15 + a51 - a31 - a25 - a12 - a51 - a52 - a12 - a45) * (b44 + b33 - b25 - b52 - b41)
h441: (a14 + a13 - a55) * (b41 + b51 + b54 - b43)
h481: (a35 + a32) * (b41 + b14 + b52 - b11 - b31)
h506: (a25 + a31 + a43 - a31 - a31 - a41 - a44 - a34 - a32) * (b41 + b44 - b24)
h761: (a23 + a23 + a25 + a32 + a21 - a13 - a15) * (b11 - b51 - b52)
h828: (a12 + a45 + a52 + a52 + a51 - a32 - a13 - a41 - a53 - a33 - a33 - a51) * (b51 + b32 - b54)
h857: (a31 + a13 + a13 + a31 + a11 + a14 - a34 - a13 - a45 - a33 - a13 - a44 - a21) * (-b15 - b12)
h1338: (a52 + a45 + a41 + a41 + a52 - a35 - a54 - a32 - a13 - a52) * (b25 - b12)
h1999: (a52 + a24 - a41 - a31) * (b35 + b55 + b22 - b21)
h2228: (-a45 - a53) * (b23 + b24)
h4324: (a52 + a34 + a32 + a22 - a32 - a14 - a41) * (b11 + b35)
h6754: (-a43) * (b32)
h9486: (a14 + a42 - a55) * (b11 + b33 + b42 + b45 - b25 - b14 - b24)
h12671: (a52 + a43 + a31 - a55 - a51 - a51 - a13) * (-b12)
h12756: (a45 + a15 - a11) * (b41 + b43 + b32 + b21 + b45 - b43 - b34 - b14 - b12 - b52 - b55 - b25)
h43481: (a54 + a34 + a43 + a45 + a24 - a15 - a34 - a21 - a55 - a52) * (b13 + b25 + b22 + b43 - b21 - b23 - b43 - b55 - b42)
h44750: (a55 - a53 - a25) * (b54)
h50452: (a42 + a51 - a44 - a21) * (b23)
h66025: (-a25) * (-b45)
h90670: (a34) * (b41 + b52 + b43 + b43 - b51 - b15 - b15 - b15 - b44 - b11 - b25 - b31)
h109429: (a21) * (b22 + b44 + b14 - b41)
c11: h65 + h43481 
c12: h196 + h12671 - h1 - h12756 
c13: h119 - h2228 
c14: h275 + h761 - h66025 
c15: - h1 
c21: h186 + h44750 + h828 
c22: h115 - h109429 
c23: h275 + h365 + h828 + h857 + h7 + h481 + h170 - h262 - h1338 
c24: h441 - h196 
c25: h80 + h77 
c31: h33 
c32: h37 - h83 
c33: h224 + h506 + h365 + h441 - h103 
c34: - h164 - h90670 
c35: h252 - h23 - h91 
c41: h23 + h170 
c42: h167 + h481 - h115 
c43: h244 + h218 + h148 - h123 - h99 
c44: h58 + h481 + h67 + h66025 - h86 
c45: h13 + h148 - h9486 
c51: h34 + h364 - h18 - h378 - h4324 
c52: h364 + h83 + h218 + h378 
c53: h77 + h1999 + h50452 - h77 
c54: h123 + h125 + h224 
c55: h37 + h13 + h91 - h218 - h6754 
