0,144.37600000000003,25
100,122.92,24.8
200,113.776,24.8
300,97,24.8
400,82.69600000000001,24.8
500,78.344,24.8
600,65.55199999999999,24.8
700,62.59999999999999,24.8
800,59.343999999999994,24.8
900,56.072,24.8
1000,50.864,24.6
1100,50.432,24.6
1200,47.864000000000004,24.6
1300,47.64,24.6
1400,46.088,24.6
1500,45.44,24.6
1600,44.568,24.4
1700,43.68,24.4
1800,42.552,24.4
1900,41.751999999999995,24.4
2000,41.4,24.4
2100,39.712,24.2
2200,39.04,24.2
2300,39.04,24.2
2400,36.855999999999995,24.2
2500,35.303999999999995,24.2
2600,34.496,24.2
2700,34.4,24.2
2800,33.4,24.4
2900,32.544000000000004,24.4
3000,31.360000000000003,24.4
3100,31.360000000000003,24.4
3200,31.351999999999997,24.4
3300,30.256,24.2
3400,29.912,24.2
3500,29.912,24.2
3600,29.599999999999994,24.2
3700,28.583999999999996,23.8
3800,28.583999999999996,23.8
3900,28.383999999999997,23.8
4000,27.536,23.8
4100,27.048000000000002,23.8
4200,26.983999999999998,23.8
4300,26.631999999999998,23.8
4400,26.631999999999998,23.8
4500,26.192,24
4600,26.192,24
4700,25.784000000000002,23.8
4800,24.919999999999998,23.8
4900,24.448,23.8
5000,24.296000000000003,23.8
5100,23.872,23.8
5200,23.616,23.6
5300,23.616,23.6
5400,23.336000000000002,23.6
5500,22.631999999999998,23.6
5600,22.344,23.8
5700,22.344,23.8
5800,22.296,24
5900,22.296,24
6000,22.272,24
6100,21.656,23.8
6200,21.048000000000002,24.2
6300,21.048000000000002,24.2
6400,20.808,24.2
6500,20.688,24.2
6600,20.119999999999997,24.2
6700,19.688,24.2
6800,19.688,24.2
6900,19.592000000000002,24.2
7000,19.568,24.2
7100,19.375999999999998,24.2
7200,18.887999999999998,24.2
7300,18.887999999999998,24.2
7400,18.887999999999998,24.2
7500,18.744,24.2
7600,18.584,24.2
7700,18.584,24.2
7800,18.368000000000002,24.2
7900,18.32,24.2
8000,18.32,24.2
8100,18.247999999999998,24.4
8200,18.247999999999998,24.4
8300,18.232,24.4
8400,18.232,24.4
8500,18.232,24.4
8600,18.232,24.4
8700,17.727999999999998,24.4
8800,17.592,24.4
8900,17.592,24.4
9000,17.52,24.4
9100,17.392000000000003,24.2
9200,17.344,24.2
9300,17.016,24.2
9400,17.016,24.2
9500,17.016,24.2
9600,17.016,24.2
9700,17.016,24.2
9800,17.016,24.2
9900,17.016,24.2
10000,16.4,24.4
10100,16.4,24.4
10200,16.4,24.4
10300,16.4,24.4
10400,16.392000000000003,24.4
10500,16.128,24.4
10600,15.968,24.4
10700,15.968,24.4
10800,15.831999999999999,24.4
10900,15.831999999999999,24.4
11000,15.288,24.4
11100,15.288,24.4
11200,14.952000000000002,24.2
11300,14.952000000000002,24.2
11400,14.952000000000002,24.2
11500,14.559999999999999,24
11600,14.559999999999999,24
11700,14.512,23.8
11800,14.440000000000001,24
11900,14.440000000000001,24
12000,14.384,24
12100,13.952000000000002,23.8
12200,13.84,23.8
12300,13.712,23.8
12400,13.416000000000002,23.8
12500,13.416000000000002,23.8
12600,13.416000000000002,23.8
12700,13.416000000000002,23.8
12800,13.280000000000001,24
12900,13.280000000000001,24
13000,13.280000000000001,24
13100,13.24,24.2
13200,13.032,24.2
13300,13.032,24.2
13400,13.032,24.2
13500,12.856,24.2
13600,12.856,24.2
13700,12.736,24.2
13800,12.736,24.2
13900,12.736,24.2
14000,12.736,24.2
14100,12.703999999999999,24
14200,12.703999999999999,24
14300,12.672,24
14400,12.672,24
14500,12.672,24
14600,12.496,24
14700,12.48,24
14800,12.48,24
14900,12.48,24
15000,12.48,24
15100,12.48,24
15200,12.48,24
15300,12.48,24
15400,12.48,24
15500,12.256,24.2
15600,12.256,24.2
15700,12.096,24.2
15800,11.912,24.2
15900,11.912,24.2
16000,11.912,24.2
16100,11.912,24.2
16200,11.912,24.2
16300,11.904,24
16400,11.776,24
16500,11.68,24.2
16600,11.68,24.2
16700,11.495999999999999,24.2
16800,11.440000000000001,24.2
16900,11.392,24.2
17000,11.392,24.2
17100,11.392,24.2
17200,11.392,24.2
17300,11.392,24.2
17400,11.392,24.2
17500,11.280000000000001,24.2
17600,11.28,24.2
17700,11.28,24.2
17800,11.28,24.2
17900,11.28,24.2
18000,11.136,24.2
18100,11.136,24.2
18200,11.136,24.2
18300,11.136,24.2
18400,11.136,24.2
18500,10.992,23.8
18600,10.992,23.8
18700,10.992,23.8
18800,10.992,23.8
18900,10.992,23.8
19000,10.992,23.8
19100,10.992,23.8
19200,10.992,23.8
19300,10.992,23.8
19400,10.992,23.8
19500,10.904,23.8
19600,10.904,23.8
19700,10.904,23.8
19800,10.84,23.8
19900,10.84,23.8
20000,10.84,23.8
20100,10.823999999999998,23.8
20200,10.823999999999998,23.8
20300,10.823999999999998,23.8
20400,10.823999999999998,23.8
20500,10.823999999999998,23.8
20600,10.823999999999998,23.8
20700,10.823999999999998,23.8
20800,10.823999999999998,23.8
20900,10.823999999999998,23.8
21000,10.823999999999998,23.8
21100,10.744,23.6
21200,10.744,23.6
21300,10.744,23.6
21400,10.744,23.6
21500,10.456,23.6
21600,10.456,23.6
21700,10.456,23.6
21800,10.456,23.6
21900,10.456,23.6
22000,10.456,23.6
22100,10.456,23.6
22200,10.456,23.6
22300,10.456,23.6
22400,10.376,23.6
22500,10.376,23.6
22600,10.272,23.6
22700,10.272,23.6
22800,10.272,23.6
22900,10.272,23.6
23000,10.272,23.6
23100,10.272,23.6
23200,10.272,23.6
23300,10.272,23.6
23400,10.272,23.6
23500,10.272,23.6
23600,10.272,23.6
23700,10.272,23.6
23800,10.272,23.6
23900,10.272,23.6
24000,10.272,23.6
24100,10.272,23.6
24200,10.272,23.6
24300,10.272,23.6
24400,10.2,23.6
24500,10.2,23.6
24600,10.2,23.6
24700,10.2,23.6
24800,10.144,23.6
24900,10.144,23.6
25000,10.144,23.6
25100,10.047999999999998,23.6
25200,10.047999999999998,23.6
25300,9.919999999999998,23.6
25400,9.919999999999998,23.6
25500,9.919999999999998,23.6
25600,9.919999999999998,23.6
25700,9.808,23.6
25800,9.808,23.6
25900,9.808,23.6
26000,9.808,23.6
26100,9.808,23.6
26200,9.808,23.6
26300,9.808,23.6
26400,9.808,23.6
26500,9.808,23.6
26600,9.808,23.6
26700,9.768,23.6
26800,9.751999999999999,23.6
26900,9.736,23.6
27000,9.736,23.6
27100,9.736,23.6
27200,9.736,23.6
27300,9.736,23.6
27400,9.672,23.6
27500,9.527999999999999,23.6
27600,9.472000000000001,23.8
27700,9.472000000000001,23.8
27800,9.4,23.8
27900,9.296000000000001,23.6
28000,9.296000000000001,23.6
28100,9.224,23.6
28200,9.2,23.4
28300,9.120000000000001,23.4
28400,9.048,23.2
28500,8.984,23.2
28600,8.984,23.2
28700,8.943999999999999,23.2
28800,8.88,23.2
28900,8.88,23.2
29000,8.88,23.2
29100,8.88,23.2
29200,8.88,23.2
29300,8.88,23.2
29400,8.88,23.2
29500,8.88,23.2
29600,8.88,23.2
29700,8.88,23.2
29800,8.88,23.2
29900,8.88,23.2
30000,8.88,23.2
30100,8.88,23.2
30200,8.88,23.2
30300,8.88,23.2
30400,8.808000000000002,23
30500,8.808000000000002,23
30600,8.808000000000002,23
30700,8.808000000000002,23
30800,8.808000000000002,23
30900,8.808000000000002,23
31000,8.664,23
31100,8.664,23
31200,8.416,23
31300,8.416,23
31400,8.416,23
31500,8.416,23
31600,8.416,23
31700,8.416,23
31800,8.416,23
31900,8.416,23
32000,8.416,23
32100,8.416,23
32200,8.416,23
32300,8.336000000000002,22.6
32400,8.336000000000002,22.6
32500,8.336000000000002,22.6
32600,8.336000000000002,22.6
32700,8.175999999999998,22.8
32800,8.175999999999998,22.8
32900,8.175999999999998,22.8
33000,8.168000000000001,22.6
33100,8.168000000000001,22.6
33200,8.168000000000001,22.6
33300,8.168000000000001,22.6
33400,8.168000000000001,22.6
33500,8.168000000000001,22.6
33600,8.168000000000001,22.6
33700,8.168000000000001,22.6
33800,8.168000000000001,22.6
33900,8.16,22.6
34000,8.088,22.6
34100,8.088,22.6
34200,7.967999999999999,22.6
34300,7.967999999999999,22.6
34400,7.967999999999999,22.6
34500,7.967999999999999,22.6
34600,7.967999999999999,22.6
34700,7.967999999999999,22.6
34800,7.967999999999999,22.6
34900,7.967999999999999,22.6
35000,7.967999999999999,22.6
35100,7.896000000000001,22.6
35200,7.896000000000001,22.6
35300,7.896000000000001,22.6
35400,7.896000000000001,22.6
35500,7.896000000000001,22.6
35600,7.88,22.6
35700,7.856,22.6
35800,7.856,22.6
35900,7.856,22.6
36000,7.856,22.6
36100,7.856,22.6
36200,7.856,22.6
36300,7.856,22.6
36400,7.856,22.6
36500,7.856,22.6
36600,7.856,22.6
36700,7.856,22.6
36800,7.856,22.6
36900,7.752,22.6
37000,7.752,22.6
37100,7.752,22.6
37200,7.752,22.6
37300,7.752,22.6
37400,7.752,22.6
37500,7.752,22.6
37600,7.752,22.6
37700,7.752,22.6
37800,7.752,22.6
37900,7.752,22.6
38000,7.752,22.6
38100,7.752,22.6
38200,7.752,22.6
38300,7.752,22.6
38400,7.752,22.6
38500,7.752,22.6
38600,7.752,22.6
38700,7.752,22.6
38800,7.752,22.6
38900,7.752,22.6
39000,7.752,22.6
39100,7.752,22.6
39200,7.752,22.6
39300,7.752,22.6
39400,7.752,22.6
39500,7.752,22.6
39600,7.752,22.6
39700,7.752,22.6
39800,7.752,22.6
39900,7.752,22.6
40000,7.752,22.6
40100,7.752,22.6
40200,7.752,22.6
40300,7.752,22.6
40400,7.752,22.6
40500,7.752,22.6
40600,7.752,22.6
40700,7.752,22.6
40800,7.752,22.6
40900,7.752,22.6
41000,7.752,22.6
41100,7.752,22.6
41200,7.752,22.6
41300,7.752,22.6
41400,7.752,22.6
41500,7.752,22.6
41600,7.752,22.6
41700,7.752,22.6
41800,7.752,22.6
41900,7.752,22.6
42000,7.752,22.6
42100,7.752,22.6
42200,7.752,22.6
42300,7.752,22.6
42400,7.752,22.6
42500,7.752,22.6
42600,7.752,22.6
42700,7.752,22.6
42800,7.752,22.6
42900,7.752,22.6
43000,7.752,22.6
43100,7.752,22.6
43200,7.752,22.6
43300,7.752,22.6
43400,7.752,22.6
43500,7.752,22.6
43600,7.752,22.6
43700,7.752,22.6
43800,7.752,22.6
43900,7.752,22.6
44000,7.752,22.6
44100,7.640000000000001,22.4
44200,7.640000000000001,22.4
44300,7.640000000000001,22.4
44400,7.640000000000001,22.4
44500,7.640000000000001,22.4
44600,7.640000000000001,22.4
44700,7.640000000000001,22.4
44800,7.640000000000001,22.4
44900,7.640000000000001,22.4
45000,7.640000000000001,22.4
45100,7.640000000000001,22.4
45200,7.640000000000001,22.4
45300,7.640000000000001,22.4
45400,7.5760000000000005,22.4
45500,7.5760000000000005,22.4
45600,7.5760000000000005,22.4
45700,7.5760000000000005,22.4
45800,7.5760000000000005,22.4
45900,7.5760000000000005,22.4
46000,7.544,22.2
46100,7.511999999999999,22.2
46200,7.511999999999999,22.2
46300,7.511999999999999,22.2
46400,7.511999999999999,22.2
46500,7.511999999999999,22.2
46600,7.511999999999999,22.2
46700,7.511999999999999,22.2
46800,7.4879999999999995,22
46900,7.4879999999999995,22
47000,7.4879999999999995,22
47100,7.4879999999999995,22
47200,7.4879999999999995,22
47300,7.4879999999999995,22
47400,7.4879999999999995,22
47500,7.4879999999999995,22
47600,7.4879999999999995,22
47700,7.4879999999999995,22
47800,7.4879999999999995,22
47900,7.4879999999999995,22
48000,7.4879999999999995,22
48100,7.4879999999999995,22
48200,7.4879999999999995,22
48300,7.4879999999999995,22
48400,7.4879999999999995,22
48500,7.4879999999999995,22
48600,7.4879999999999995,22
48700,7.4879999999999995,22
48800,7.4399999999999995,22.2
48900,7.4399999999999995,22.2
49000,7.4399999999999995,22.2
49100,7.4399999999999995,22.2
49200,7.4399999999999995,22.2
49300,7.4399999999999995,22.2
49400,7.4399999999999995,22.2
49500,7.4399999999999995,22.2
49600,7.4399999999999995,22.2
49700,7.4399999999999995,22.2
49800,7.4399999999999995,22.2
49900,7.4399999999999995,22.2
50000,7.4399999999999995,22.2
50100,7.4399999999999995,22.2
50200,7.4399999999999995,22.2
50300,7.4399999999999995,22.2
50400,7.4399999999999995,22.2
50500,7.4399999999999995,22.2
50600,7.4399999999999995,22.2
50700,7.4399999999999995,22.2
50800,7.4399999999999995,22.2
50900,7.4399999999999995,22.2
51000,7.4399999999999995,22.2
51100,7.4399999999999995,22.2
51200,7.4399999999999995,22.2
51300,7.4399999999999995,22.2
51400,7.4399999999999995,22.2
51500,7.4399999999999995,22.2
51600,7.4399999999999995,22.2
51700,7.360000000000001,22.2
51800,7.360000000000001,22.2
51900,7.360000000000001,22.2
52000,7.360000000000001,22.2
52100,7.360000000000001,22.2
52200,7.360000000000001,22.2
52300,7.360000000000001,22.2
52400,7.360000000000001,22.2
52500,7.360000000000001,22.2
52600,7.360000000000001,22.2
52700,7.360000000000001,22.2
52800,7.360000000000001,22.2
52900,7.360000000000001,22.2
53000,7.360000000000001,22.2
53100,7.360000000000001,22.2
53200,7.360000000000001,22.2
53300,7.360000000000001,22.2
53400,7.360000000000001,22.2
53500,7.360000000000001,22.2
53600,7.360000000000001,22.2
53700,7.360000000000001,22.2
53800,7.360000000000001,22.2
53900,7.360000000000001,22.2
54000,7.360000000000001,22.2
54100,7.360000000000001,22.2
54200,7.360000000000001,22.2
54300,7.360000000000001,22.2
54400,7.360000000000001,22.2
54500,7.360000000000001,22.2
54600,7.360000000000001,22.2
54700,7.360000000000001,22.2
54800,7.360000000000001,22.2
54900,7.360000000000001,22.2
55000,7.231999999999999,22.2
55100,7.231999999999999,22.2
55200,7.231999999999999,22.2
55300,7.231999999999999,22.2
55400,7.231999999999999,22.2
55500,7.231999999999999,22.2
55600,7.192,22.2
55700,7.192,22.2
55800,7.192,22.2
55900,7.151999999999999,22.2
56000,7.151999999999999,22.2
56100,7.151999999999999,22.2
56200,7.151999999999999,22.2
56300,6.928,22.4
56400,6.928,22.4
56500,6.928,22.4
56600,6.928,22.4
56700,6.928,22.4
56800,6.928,22.4
56900,6.928,22.4
57000,6.928,22.4
57100,6.928,22.4
57200,6.928,22.4
57300,6.928,22.4
57400,6.784000000000001,22.4
57500,6.784000000000001,22.4
57600,6.784000000000001,22.4
57700,6.784000000000001,22.4
57800,6.784000000000001,22.4
57900,6.784000000000001,22.4
58000,6.784000000000001,22.4
58100,6.784000000000001,22.4
58200,6.784000000000001,22.4
58300,6.784000000000001,22.4
58400,6.784000000000001,22.4
58500,6.784000000000001,22.4
58600,6.784000000000001,22.4
58700,6.784000000000001,22.4
58800,6.784000000000001,22.4
58900,6.784000000000001,22.4
59000,6.784000000000001,22.4
59100,6.784000000000001,22.4
59200,6.784000000000001,22.4
59300,6.784000000000001,22.4
59400,6.784000000000001,22.4
59500,6.784000000000001,22.4
59600,6.784000000000001,22.4
59700,6.784000000000001,22.4
59800,6.784000000000001,22.4
59900,6.784000000000001,22.4
60000,6.5840000000000005,22.4
60100,6.5840000000000005,22.4
60200,6.5840000000000005,22.4
60300,6.5840000000000005,22.4
60400,6.5840000000000005,22.4
60500,6.5840000000000005,22.4
60600,6.5840000000000005,22.4
60700,6.5840000000000005,22.4
60800,6.5840000000000005,22.4
60900,6.5840000000000005,22.4
61000,6.5840000000000005,22.4
61100,6.5840000000000005,22.4
61200,6.5840000000000005,22.4
61300,6.5840000000000005,22.4
61400,6.5840000000000005,22.4
61500,6.5840000000000005,22.4
61600,6.5840000000000005,22.4
61700,6.5840000000000005,22.4
61800,6.552,22.2
61900,6.552,22.2
62000,6.552,22.2
62100,6.552,22.2
62200,6.552,22.2
62300,6.552,22.2
62400,6.552,22.2
62500,6.552,22.2
62600,6.544,22.2
62700,6.544,22.2
62800,6.544,22.2
62900,6.544,22.2
63000,6.544,22.2
63100,6.504,22.2
63200,6.4799999999999995,22.2
63300,6.4799999999999995,22.2
63400,6.4799999999999995,22.2
63500,6.4799999999999995,22.2
63600,6.4799999999999995,22.2
63700,6.4799999999999995,22.2
63800,6.4799999999999995,22.2
63900,6.4799999999999995,22.2
64000,6.4799999999999995,22.2
64100,6.4799999999999995,22.2
64200,6.4799999999999995,22.2
64300,6.4799999999999995,22.2
64400,6.4799999999999995,22.2
64500,6.4799999999999995,22.2
64600,6.4799999999999995,22.2
64700,6.4799999999999995,22.2
64800,6.4799999999999995,22.2
64900,6.4799999999999995,22.2
65000,6.4799999999999995,22.2
65100,6.4799999999999995,22.2
65200,6.4799999999999995,22.2
65300,6.4799999999999995,22.2
65400,6.4799999999999995,22.2
65500,6.4799999999999995,22.2
65600,6.4799999999999995,22.2
65700,6.4719999999999995,22.2
65800,6.4719999999999995,22.2
65900,6.4719999999999995,22.2
66000,6.4719999999999995,22.2
66100,6.4719999999999995,22.2
66200,6.4719999999999995,22.2
66300,6.4719999999999995,22.2
66400,6.4719999999999995,22.2
66500,6.4319999999999995,22.2
66600,6.4319999999999995,22.2
66700,6.4319999999999995,22.2
66800,6.4319999999999995,22.2
66900,6.312000000000001,22.2
67000,6.312000000000001,22.2
67100,6.312000000000001,22.2
67200,6.312000000000001,22.2
67300,6.312000000000001,22.2
67400,6.311999999999999,22.2
67500,6.311999999999999,22.2
67600,6.311999999999999,22.2
67700,6.311999999999999,22.2
67800,6.279999999999999,22.4
67900,6.279999999999999,22.4
68000,6.279999999999999,22.4
68100,6.279999999999999,22.4
68200,6.279999999999999,22.4
68300,6.279999999999999,22.4
68400,6.279999999999999,22.4
68500,6.279999999999999,22.4
68600,6.279999999999999,22.4
68700,6.279999999999999,22.4
68800,6.279999999999999,22.4
68900,6.279999999999999,22.4
69000,6.279999999999999,22.4
69100,6.279999999999999,22.4
69200,6.279999999999999,22.4
69300,6.279999999999999,22.4
69400,6.279999999999999,22.4
69500,6.279999999999999,22.4
69600,6.279999999999999,22.4
69700,6.279999999999999,22.4
69800,6.279999999999999,22.4
69900,6.279999999999999,22.4
70000,6.279999999999999,22.4
70100,6.279999999999999,22.4
70200,6.279999999999999,22.4
70300,6.279999999999999,22.4
70400,6.279999999999999,22.4
70500,6.279999999999999,22.4
70600,6.279999999999999,22.4
70700,6.279999999999999,22.4
70800,6.279999999999999,22.4
70900,6.279999999999999,22.4
71000,6.279999999999999,22.4
71100,6.279999999999999,22.4
71200,6.279999999999999,22.4
71300,6.279999999999999,22.4
71400,6.279999999999999,22.4
71500,6.279999999999999,22.4
71600,6.279999999999999,22.4
71700,6.279999999999999,22.4
71800,6.279999999999999,22.4
71900,6.279999999999999,22.4
72000,6.256,22.4
72100,6.256,22.4
72200,6.256,22.4
72300,6.256,22.4
72400,6.256,22.4
72500,6.256,22.4
72600,6.256,22.4
72700,6.256,22.4
72800,6.256,22.4
72900,6.256,22.4
73000,6.256,22.4
73100,6.256,22.4
73200,6.256,22.4
73300,6.256,22.4
73400,6.256,22.4
73500,6.256,22.4
73600,6.256,22.4
73700,6.256,22.4
73800,6.256,22.4
73900,6.256,22.4
74000,6.256,22.4
74100,6.256,22.4
74200,6.256,22.4
74300,6.256,22.4
74400,6.256,22.4
74500,6.256,22.4
74600,6.256,22.4
74700,6.256,22.4
74800,6.256,22.4
74900,6.256,22.4
75000,6.256,22.4
75100,6.256,22.4
75200,6.256,22.4
75300,6.256,22.4
75400,6.256,22.4
75500,6.256,22.4
75600,6.256,22.4
75700,6.256,22.4
75800,6.256,22.4
75900,6.256,22.4
76000,6.256,22.4
76100,6.256,22.4
76200,6.256,22.4
76300,6.256,22.4
76400,6.256,22.4
76500,6.256,22.4
76600,6.256,22.4
76700,6.256,22.4
76800,6.256,22.4
76900,6.256,22.4
77000,6.256,22.4
77100,6.256,22.4
77200,6.256,22.4
77300,6.256,22.4
77400,6.256,22.4
77500,6.256,22.4
77600,6.256,22.4
77700,6.256,22.4
77800,6.256,22.4
77900,6.256,22.4
78000,6.256,22.4
78100,6.256,22.4
78200,6.256,22.4
78300,6.256,22.4
78400,6.256,22.4
78500,6.256,22.4
78600,6.256,22.4
78700,6.256,22.4
78800,6.256,22.4
78900,6.256,22.4
79000,6.256,22.4
79100,6.256,22.4
79200,6.256,22.4
79300,6.256,22.4
79400,6.256,22.4
79500,6.256,22.4
79600,6.24,22.6
79700,6.24,22.6
79800,6.24,22.6
79900,6.24,22.6
80000,6.24,22.6
80100,6.24,22.6
80200,6.24,22.6
80300,6.24,22.6
80400,6.176,22.6
80500,6.176,22.6
80600,6.176,22.6
80700,6.176,22.6
80800,6.176,22.6
80900,6.176,22.6
81000,6.176,22.6
81100,6.176,22.6
81200,6.176,22.6
81300,6.176,22.6
81400,6.176,22.6
81500,6.176,22.6
81600,6.176,22.6
81700,6.176,22.6
81800,6.176,22.6
81900,6.176,22.6
82000,6.176,22.6
82100,6.176,22.6
82200,6.176,22.6
82300,6.072,22.4
82400,6.072,22.4
82500,6.063999999999999,22.4
82600,6.063999999999999,22.4
82700,6.063999999999999,22.4
82800,6.063999999999999,22.4
82900,6.063999999999999,22.4
83000,6.063999999999999,22.4
83100,6.063999999999999,22.4
83200,6.063999999999999,22.4
83300,6.063999999999999,22.4
83400,6.063999999999999,22.4
83500,6.063999999999999,22.4
83600,6.063999999999999,22.4
83700,6.063999999999999,22.4
83800,6.063999999999999,22.4
83900,6.063999999999999,22.4
84000,6.063999999999999,22.4
84100,6.063999999999999,22.4
84200,6.063999999999999,22.4
84300,6.063999999999999,22.4
84400,6.063999999999999,22.4
84500,6.063999999999999,22.4
84600,6.063999999999999,22.4
84700,6.063999999999999,22.4
84800,6.063999999999999,22.4
84900,6.063999999999999,22.4
85000,6.063999999999999,22.4
85100,5.976,22.4
85200,5.976,22.4
85300,5.976,22.4
85400,5.952,22.2
85500,5.952,22.2
85600,5.952,22.2
85700,5.952,22.2
85800,5.92,22.2
85900,5.92,22.2
86000,5.92,22.2
86100,5.92,22.2
86200,5.92,22.2
86300,5.92,22.2
86400,5.92,22.2
86500,5.92,22.2
86600,5.92,22.2
86700,5.92,22.2
86800,5.92,22.2
86900,5.92,22.2
87000,5.92,22.2
87100,5.92,22.2
87200,5.92,22.2
87300,5.92,22.2
87400,5.92,22.2
87500,5.92,22.2
87600,5.92,22.2
87700,5.92,22.2
87800,5.92,22.2
87900,5.92,22.2
88000,5.92,22.2
88100,5.92,22.2
88200,5.92,22.2
88300,5.92,22.2
88400,5.92,22.2
88500,5.92,22.2
88600,5.92,22.2
88700,5.92,22.2
88800,5.92,22.2
88900,5.92,22.2
89000,5.92,22.2
89100,5.92,22.2
89200,5.92,22.2
89300,5.92,22.2
89400,5.92,22.2
89500,5.92,22.2
89600,5.92,22.2
89700,5.92,22.2
89800,5.92,22.2
89900,5.92,22.2
90000,5.92,22.2
90100,5.92,22.2
90200,5.92,22.2
90300,5.880000000000001,22.2
90400,5.880000000000001,22.2
90500,5.880000000000001,22.2
90600,5.880000000000001,22.2
90700,5.880000000000001,22.2
90800,5.880000000000001,22.2
90900,5.880000000000001,22.2
91000,5.880000000000001,22.2
91100,5.880000000000001,22.2
91200,5.880000000000001,22.2
91300,5.864000000000001,22.4
91400,5.864000000000001,22.4
91500,5.864000000000001,22.4
91600,5.864000000000001,22.4
91700,5.864000000000001,22.4
91800,5.864000000000001,22.4
91900,5.864000000000001,22.4
92000,5.864000000000001,22.4
92100,5.864000000000001,22.4
92200,5.864000000000001,22.4
92300,5.864000000000001,22.4
92400,5.864000000000001,22.4
92500,5.864000000000001,22.4
92600,5.864000000000001,22.4
92700,5.864000000000001,22.4
92800,5.864000000000001,22.4
92900,5.864000000000001,22.4
93000,5.864000000000001,22.4
93100,5.864000000000001,22.4
93200,5.864000000000001,22.4
93300,5.864,22.6
93400,5.864,22.6
93500,5.864,22.6
93600,5.864,22.6
93700,5.864,22.6
93800,5.864,22.6
93900,5.864,22.6
94000,5.864,22.6
94100,5.864,22.6
94200,5.864,22.6
94300,5.864,22.6
94400,5.864,22.6
94500,5.864,22.6
94600,5.864,22.6
94700,5.864,22.6
94800,5.864,22.6
94900,5.864,22.6
95000,5.864,22.6
95100,5.864,22.6
95200,5.864,22.6
95300,5.864,22.6
95400,5.864,22.6
95500,5.864,22.6
95600,5.864,22.6
95700,5.864,22.6
95800,5.864,22.6
95900,5.864,22.6
96000,5.864,22.6
96100,5.864,22.6
96200,5.864,22.6
96300,5.864,22.6
96400,5.864,22.6
96500,5.864,22.6
96600,5.864,22.6
96700,5.824,22.6
96800,5.824,22.6
96900,5.824,22.6
97000,5.824,22.6
97100,5.824,22.6
97200,5.824,22.6
97300,5.824,22.6
97400,5.824,22.6
97500,5.824,22.6
97600,5.824,22.6
97700,5.824,22.6
97800,5.824,22.6
97900,5.824,22.6
98000,5.824,22.6
98100,5.824,22.6
98200,5.824,22.6
98300,5.824,22.6
98400,5.824,22.6
98500,5.824,22.6
98600,5.824,22.6
98700,5.824,22.6
98800,5.824,22.6
98900,5.824,22.6
99000,5.824,22.6
99100,5.824,22.6
99200,5.824,22.6
99300,5.824,22.6
99400,5.824,22.6
99500,5.824,22.6
99600,5.824,22.6
99700,5.824,22.6
99800,5.824,22.6
99900,5.824,22.6
100000,5.824,22.6
100100,5.824,22.6
100200,5.824,22.6
100300,5.824,22.6
100400,5.824,22.6
100500,5.824,22.6
100600,5.824,22.6
100700,5.824,22.6
100800,5.824,22.6
100900,5.824,22.6
101000,5.824,22.6
101100,5.824,22.6
101200,5.824,22.6
101300,5.824,22.6
101400,5.824,22.6
101500,5.824,22.6
101600,5.824,22.6
101700,5.824,22.6
101800,5.824,22.6
101900,5.824,22.6
102000,5.824,22.6
102100,5.824,22.6
102200,5.824,22.6
102300,5.824,22.6
102400,5.824,22.6
102500,5.824,22.6
102600,5.824,22.6
102700,5.824,22.6
102800,5.824,22.6
102900,5.824,22.6
103000,5.824,22.6
103100,5.816,22.6
103200,5.816,22.6
103300,5.816,22.6
103400,5.816,22.6
103500,5.816,22.6
103600,5.816,22.6
103700,5.816,22.6
103800,5.816,22.6
103900,5.816,22.6
104000,5.816,22.6
104100,5.816,22.6
104200,5.816,22.6
104300,5.816,22.6
104400,5.816,22.6
104500,5.816,22.6
104600,5.816,22.6
104700,5.816,22.6
104800,5.816,22.6
104900,5.816,22.6
105000,5.816,22.6
105100,5.816,22.6
105200,5.816,22.6
105300,5.816,22.6
105400,5.744000000000001,22.6
105500,5.744000000000001,22.6
105600,5.744000000000001,22.6
105700,5.744000000000001,22.6
105800,5.744000000000001,22.6
105900,5.744000000000001,22.6
106000,5.744000000000001,22.6
106100,5.744000000000001,22.6
106200,5.744000000000001,22.6
106300,5.744000000000001,22.6
106400,5.744000000000001,22.6
106500,5.720000000000001,22.8
106600,5.720000000000001,22.8
106700,5.720000000000001,22.8
106800,5.720000000000001,22.8
106900,5.720000000000001,22.8
107000,5.720000000000001,22.8
107100,5.720000000000001,22.8
107200,5.720000000000001,22.8
107300,5.720000000000001,22.8
107400,5.720000000000001,22.8
107500,5.720000000000001,22.8
107600,5.720000000000001,22.8
107700,5.720000000000001,22.8
107800,5.720000000000001,22.8
107900,5.720000000000001,22.8
108000,5.720000000000001,22.8
108100,5.720000000000001,22.8
108200,5.720000000000001,22.8
108300,5.720000000000001,22.8
108400,5.720000000000001,22.8
108500,5.720000000000001,22.8
108600,5.720000000000001,22.8
108700,5.720000000000001,22.8
108800,5.720000000000001,22.8
108900,5.720000000000001,22.8
109000,5.720000000000001,22.8
109100,5.720000000000001,22.8
109200,5.720000000000001,22.8
109300,5.720000000000001,22.8
109400,5.720000000000001,22.8
109500,5.720000000000001,22.8
109600,5.720000000000001,22.8
109700,5.720000000000001,22.8
109800,5.720000000000001,22.8
109900,5.720000000000001,22.8
110000,5.720000000000001,22.8
110100,5.720000000000001,22.8
110200,5.720000000000001,22.8
110300,5.720000000000001,22.8
110400,5.720000000000001,22.8
110500,5.720000000000001,22.8
110600,5.72,22.6
110700,5.72,22.6
110800,5.72,22.6
110900,5.72,22.6
111000,5.72,22.6
111100,5.72,22.6
111200,5.72,22.6
111300,5.72,22.6
111400,5.72,22.6
111500,5.72,22.6
111600,5.72,22.6
111700,5.72,22.6
111800,5.72,22.6
111900,5.72,22.6
112000,5.72,22.6
112100,5.72,22.6
112200,5.72,22.6
112300,5.72,22.6
112400,5.72,22.6
112500,5.72,22.6
112600,5.72,22.6
112700,5.72,22.6
112800,5.72,22.6
112900,5.72,22.6
113000,5.72,22.6
113100,5.72,22.6
113200,5.72,22.6
113300,5.72,22.6
113400,5.72,22.6
113500,5.72,22.6
113600,5.72,22.6
113700,5.72,22.6
113800,5.72,22.6
113900,5.72,22.6
114000,5.72,22.6
114100,5.72,22.6
114200,5.72,22.6
114300,5.72,22.6
114400,5.72,22.6
114500,5.72,22.6
114600,5.72,22.6
114700,5.72,22.6
114800,5.72,22.6
114900,5.72,22.6
115000,5.72,22.6
115100,5.72,22.6
115200,5.72,22.6
115300,5.591999999999999,22.8
115400,5.591999999999999,22.8
115500,5.591999999999999,22.8
115600,5.591999999999999,22.8
115700,5.591999999999999,22.8
115800,5.591999999999999,22.8
115900,5.591999999999999,22.8
116000,5.591999999999999,22.8
116100,5.591999999999999,22.8
116200,5.591999999999999,22.8
116300,5.591999999999999,22.8
116400,5.591999999999999,22.8
116500,5.591999999999999,22.8
116600,5.591999999999999,22.8
116700,5.591999999999999,22.8
116800,5.591999999999999,22.8
116900,5.591999999999999,22.8
117000,5.591999999999999,22.8
117100,5.591999999999999,22.8
117200,5.591999999999999,22.8
117300,5.591999999999999,22.8
117400,5.591999999999999,22.8
117500,5.591999999999999,22.8
117600,5.591999999999999,22.8
117700,5.591999999999999,22.8
117800,5.591999999999999,22.8
117900,5.591999999999999,22.8
118000,5.591999999999999,22.8
118100,5.591999999999999,22.8
118200,5.591999999999999,22.8
118300,5.591999999999999,22.8
118400,5.591999999999999,22.8
118500,5.591999999999999,22.8
118600,5.591999999999999,22.8
118700,5.591999999999999,22.8
118800,5.591999999999999,22.8
118900,5.591999999999999,22.8
119000,5.591999999999999,22.8
119100,5.591999999999999,22.8
119200,5.591999999999999,22.8
119300,5.591999999999999,22.8
119400,5.4959999999999996,22.8
119500,5.4959999999999996,22.8
119600,5.4959999999999996,22.8
119700,5.4959999999999996,22.8
119800,5.4959999999999996,22.8
119900,5.4959999999999996,22.8
120000,5.4959999999999996,22.8
120100,5.4959999999999996,22.8
120200,5.4959999999999996,22.8
120300,5.4959999999999996,22.8
120400,5.4959999999999996,22.8
120500,5.4959999999999996,22.8
120600,5.4959999999999996,22.8
120700,5.4959999999999996,22.8
120800,5.4959999999999996,22.8
120900,5.4959999999999996,22.8
121000,5.4959999999999996,22.8
121100,5.4959999999999996,22.8
121200,5.4959999999999996,22.8
121300,5.4959999999999996,22.8
121400,5.4959999999999996,22.8
121500,5.4959999999999996,22.8
121600,5.4959999999999996,22.8
121700,5.4959999999999996,22.8
121800,5.4959999999999996,22.8
121900,5.4959999999999996,22.8
122000,5.4959999999999996,22.8
122100,5.4959999999999996,22.8
122200,5.4959999999999996,22.8
122300,5.4959999999999996,22.8
122400,5.4959999999999996,22.8
122500,5.4959999999999996,22.8
122600,5.4959999999999996,22.8
122700,5.4959999999999996,22.8
122800,5.4959999999999996,22.8
122900,5.4959999999999996,22.8
123000,5.4959999999999996,22.8
123100,5.4959999999999996,22.8
123200,5.4959999999999996,22.8
123300,5.4879999999999995,22.6
123400,5.4879999999999995,22.6
123500,5.4879999999999995,22.6
123600,5.4879999999999995,22.6
123700,5.4879999999999995,22.6
123800,5.4879999999999995,22.6
123900,5.4879999999999995,22.6
124000,5.448,22.6
124100,5.448,22.6
124200,5.448,22.6
124300,5.448,22.6
124400,5.448,22.6
124500,5.448,22.6
124600,5.448,22.6
124700,5.448,22.6
124800,5.448,22.6
124900,5.448,22.6
125000,5.448,22.6
125100,5.448,22.6
125200,5.448,22.6
125300,5.448,22.6
125400,5.448,22.6
125500,5.448,22.6
125600,5.448,22.6
125700,5.448,22.6
125800,5.448,22.6
125900,5.448,22.6
126000,5.448,22.6
126100,5.448,22.6
126200,5.448,22.6
126300,5.416,22.6
126400,5.416,22.6
126500,5.416,22.6
126600,5.416,22.6
126700,5.416,22.6
126800,5.416,22.6
126900,5.416,22.6
127000,5.416,22.6
127100,5.416,22.6
127200,5.416,22.6
127300,5.416,22.6
127400,5.392,22.6
127500,5.392,22.6
127600,5.392,22.6
127700,5.392,22.6
127800,5.392,22.6
127900,5.392,22.6
128000,5.392,22.6
128100,5.392,22.6
128200,5.392,22.6
128300,5.392,22.6
128400,5.392,22.6
128500,5.392,22.6
128600,5.392,22.6
128700,5.392,22.6
128800,5.392,22.6
128900,5.392,22.6
129000,5.392,22.6
129100,5.352,22.6
129200,5.352,22.6
129300,5.352,22.6
129400,5.352,22.6
129500,5.352,22.6
129600,5.352,22.6
129700,5.352,22.6
129800,5.352,22.6
129900,5.352,22.6
130000,5.352,22.6
130100,5.352,22.6
130200,5.352,22.6
130300,5.352,22.6
130400,5.352,22.6
130500,5.352,22.6
130600,5.352,22.6
130700,5.352,22.6
130800,5.352,22.6
130900,5.352,22.6
131000,5.352,22.6
131100,5.352,22.6
131200,5.352,22.6
131300,5.352,22.6
131400,5.352,22.6
131500,5.352,22.6
131600,5.352,22.6
131700,5.352,22.6
131800,5.352,22.6
131900,5.352,22.6
132000,5.352,22.6
132100,5.352,22.6
132200,5.352,22.6
132300,5.352,22.6
132400,5.352,22.6
132500,5.352,22.6
132600,5.352,22.6
132700,5.352,22.6
132800,5.352,22.6
132900,5.352,22.6
133000,5.352,22.6
133100,5.352,22.6
133200,5.352,22.6
133300,5.352,22.6
133400,5.352,22.6
133500,5.352,22.6
133600,5.352,22.6
133700,5.352,22.6
133800,5.352,22.6
133900,5.352,22.6
134000,5.352,22.6
134100,5.352,22.6
134200,5.352,22.6
134300,5.352,22.6
134400,5.352,22.6
134500,5.352,22.6
134600,5.352,22.6
134700,5.352,22.6
134800,5.352,22.6
134900,5.352,22.6
135000,5.352,22.6
135100,5.352,22.6
135200,5.352,22.6
135300,5.352,22.6
135400,5.352,22.6
135500,5.352,22.6
135600,5.352,22.6
135700,5.352,22.6
135800,5.352,22.6
135900,5.351999999999999,22.4
136000,5.351999999999999,22.4
136100,5.351999999999999,22.4
136200,5.351999999999999,22.4
136300,5.351999999999999,22.4
136400,5.351999999999999,22.4
136500,5.351999999999999,22.4
136600,5.351999999999999,22.4
136700,5.351999999999999,22.4
136800,5.351999999999999,22.4
136900,5.351999999999999,22.4
137000,5.311999999999999,22.4
137100,5.311999999999999,22.4
137200,5.272,22.4
137300,5.272,22.4
137400,5.272,22.4
137500,5.272,22.4
137600,5.272,22.4
137700,5.272,22.4
137800,5.272,22.4
137900,5.272,22.4
138000,5.272,22.4
138100,5.272,22.4
138200,5.272,22.4
138300,5.272,22.4
138400,5.272,22.4
138500,5.272,22.4
138600,5.272,22.4
138700,5.272,22.4
138800,5.272,22.4
138900,5.272,22.4
139000,5.264,22.4
139100,5.264,22.4
139200,5.264,22.4
139300,5.264,22.4
139400,5.264,22.4
139500,5.2,22.4
139600,5.2,22.4
139700,5.2,22.4
139800,5.2,22.4
139900,5.2,22.4
140000,5.2,22.4
140100,5.088,22.4
140200,5.088,22.4
140300,5.088,22.4
140400,5.088,22.4
140500,5.088,22.4
140600,5.088,22.4
140700,5.088,22.4
140800,5.088,22.4
140900,5.088,22.4
141000,5.088,22.4
141100,5.088,22.4
141200,5.088,22.4
141300,5.088,22.4
141400,5.088,22.4
141500,5.088,22.4
141600,5.088,22.4
141700,5.088,22.4
141800,5.088,22.4
141900,5.088,22.4
142000,5.088,22.4
142100,5.088,22.4
142200,5.088,22.4
142300,5.088,22.4
142400,5.088,22.4
142500,5.088,22.4
142600,5.088,22.4
142700,5.088,22.4
142800,5.088,22.4
142900,5.088,22.4
143000,5.088,22.4
143100,5.088,22.4
143200,5.088,22.4
143300,5.088,22.4
143400,5.088,22.4
143500,5.088,22.4
143600,5.088,22.4
143700,5.088,22.4
143800,5.088,22.4
143900,5.088,22.4
144000,5.088,22.4
144100,5.088,22.4
144200,5.088,22.4
144300,5.088,22.4
144400,5.088,22.4
144500,5.088,22.4
144600,5.088,22.4
144700,5.088,22.4
144800,5.088,22.4
144900,5.088,22.4
145000,5.088,22.4
145100,5.088,22.4
145200,5.088,22.4
145300,5.088,22.4
145400,5.088,22.4
145500,5.088,22.4
145600,5.088,22.4
145700,5.088,22.4
145800,5.088,22.4
145900,5.088,22.4
146000,5.088,22.4
146100,5.088,22.4
146200,5.088,22.4
146300,5.088,22.4
146400,5.088,22.4
146500,5.088,22.4
146600,5.088,22.4
146700,5.088,22.4
146800,5.088,22.4
146900,5.088,22.4
147000,5.088,22.4
147100,5.088,22.4
147200,5.088,22.4
147300,5.088,22.4
147400,5.088,22.4
147500,5.088,22.4
147600,5.088,22.4
147700,5.088,22.4
147800,5.088,22.4
147900,5.088,22.4
148000,5.088,22.4
148100,5.088,22.4
148200,5.088,22.4
148300,5.088,22.4
148400,5.088,22.4
148500,5.088,22.4
148600,5.088,22.4
148700,5.088,22.4
148800,5.088,22.4
148900,5.088,22.4
149000,5.088,22.4
149100,5.088,22.4
149200,5.088,22.4
149300,5.088,22.4
149400,5.088,22.4
149500,5.088,22.4
149600,5.088,22.4
149700,5.088,22.4
149800,5.088,22.4
149900,5.088,22.4
150000,5.088,22.4
150100,5.088,22.4
150200,5.088,22.4
150300,5.088,22.4
150400,5.088,22.4
150500,5.088,22.4
150600,5.088,22.4
150700,5.088,22.4
150800,5.088,22.4
150900,5.088,22.4
151000,5.088,22.4
151100,5.088,22.4
151200,5.088,22.4
151300,5.048,22.2
151400,5.048,22.2
151500,5.048,22.2
151600,5.048,22.2
151700,5.048,22.2
151800,5.048,22.2
151900,5.048,22.2
152000,5.048,22.2
152100,5.048,22.2
152200,5.048,22.2
152300,5.048,22.2
152400,5.048,22.2
152500,5.048,22.2
152600,5.048,22.2
152700,5.048,22.2
152800,5.048,22.2
152900,5.048,22.2
153000,5.048,22.2
153100,5.048,22.2
153200,5.048,22.2
153300,5.048,22.2
153400,5.048,22.2
153500,5.048,22.2
153600,5.048,22.2
153700,5.048,22.2
153800,5.048,22.2
153900,5.048,22.2
154000,5.048,22.2
154100,5.048,22.2
154200,5.048,22.2
154300,5.048,22.2
154400,5.048,22.2
154500,5.048,22.2
154600,5.048,22.2
154700,5.016,22.4
154800,5.016,22.4
154900,5.016,22.4
155000,5.016,22.4
155100,5.016,22.4
155200,5.016,22.4
155300,5.016,22.4
155400,5.016,22.4
155500,5.016,22.4
155600,5.016,22.4
155700,5.016,22.4
155800,5.016,22.4
155900,5.016,22.4
156000,5.016,22.4
156100,5.016,22.4
156200,5.016,22.4
156300,4.975999999999999,22.4
156400,4.975999999999999,22.4
156500,4.975999999999999,22.4
156600,4.975999999999999,22.4
156700,4.975999999999999,22.4
156800,4.975999999999999,22.4
156900,4.975999999999999,22.4
157000,4.975999999999999,22.4
157100,4.975999999999999,22.4
157200,4.975999999999999,22.4
157300,4.975999999999999,22.4
157400,4.944,22.6
157500,4.944,22.6
157600,4.944,22.6
157700,4.944,22.6
157800,4.944,22.6
157900,4.944,22.6
158000,4.944,22.6
158100,4.944,22.6
158200,4.944,22.6
158300,4.944,22.6
158400,4.944,22.6
158500,4.944,22.6
158600,4.944,22.6
158700,4.944,22.6
158800,4.944,22.6
158900,4.944,22.6
159000,4.944,22.6
159100,4.944,22.6
159200,4.944,22.6
159300,4.944,22.6
159400,4.944,22.6
159500,4.944,22.6
159600,4.944,22.6
159700,4.944,22.6
159800,4.944,22.6
159900,4.944,22.6
160000,4.928,22.4
160100,4.928,22.4
160200,4.928,22.4
160300,4.928,22.4
160400,4.928,22.4
160500,4.928,22.4
160600,4.928,22.4
160700,4.848,22.4
160800,4.848,22.4
160900,4.848,22.4
161000,4.848,22.4
161100,4.848,22.4
161200,4.848,22.4
161300,4.848,22.4
161400,4.848,22.4
161500,4.848,22.4
161600,4.848,22.4
161700,4.848,22.4
161800,4.848,22.4
161900,4.848,22.4
162000,4.848,22.4
162100,4.848,22.4
162200,4.848,22.4
162300,4.848,22.4
162400,4.848,22.4
162500,4.848,22.4
162600,4.848,22.4
162700,4.848,22.4
162800,4.848,22.4
162900,4.848,22.4
163000,4.848,22.4
163100,4.848,22.4
163200,4.848,22.4
163300,4.848,22.4
163400,4.848,22.4
163500,4.848,22.4
163600,4.848,22.4
163700,4.848,22.4
163800,4.848,22.4
163900,4.848,22.4
164000,4.848,22.4
164100,4.848,22.4
164200,4.848,22.4
164300,4.848,22.4
164400,4.848,22.4
164500,4.848,22.4
164600,4.848,22.4
164700,4.848,22.4
164800,4.848,22.4
164900,4.848,22.4
165000,4.848,22.4
165100,4.848,22.4
165200,4.848,22.4
165300,4.848,22.4
165400,4.848,22.4
165500,4.848,22.4
165600,4.848,22.4
165700,4.848,22.4
165800,4.848,22.4
165900,4.848,22.4
166000,4.848,22.4
166100,4.848,22.4
166200,4.848,22.4
166300,4.848,22.4
166400,4.848,22.4
166500,4.848,22.4
166600,4.848,22.4
166700,4.848,22.4
166800,4.848,22.4
166900,4.848,22.4
167000,4.848,22.4
167100,4.848,22.4
167200,4.848,22.4
167300,4.848,22.4
167400,4.848,22.4
167500,4.848,22.4
167600,4.848,22.4
167700,4.848,22.4
167800,4.848,22.4
167900,4.848,22.4
168000,4.848,22.4
168100,4.848,22.4
168200,4.848,22.4
168300,4.848,22.4
168400,4.848,22.4
168500,4.848,22.4
168600,4.848,22.4
168700,4.848,22.4
168800,4.848,22.4
168900,4.848,22.4
169000,4.848,22.4
169100,4.848,22.4
169200,4.848,22.4
169300,4.848,22.4
169400,4.848,22.4
169500,4.848,22.4
169600,4.848,22.4
169700,4.848,22.4
169800,4.848,22.4
169900,4.784000000000001,22.4
170000,4.784000000000001,22.4
170100,4.784000000000001,22.4
170200,4.784000000000001,22.4
170300,4.784000000000001,22.4
170400,4.784000000000001,22.4
170500,4.784000000000001,22.4
170600,4.784000000000001,22.4
170700,4.784000000000001,22.4
170800,4.784000000000001,22.4
170900,4.784000000000001,22.4
171000,4.784000000000001,22.4
171100,4.784000000000001,22.4
171200,4.784000000000001,22.4
171300,4.784000000000001,22.4
171400,4.784000000000001,22.4
171500,4.784000000000001,22.4
171600,4.784000000000001,22.4
171700,4.784000000000001,22.4
171800,4.784000000000001,22.4
171900,4.784000000000001,22.4
172000,4.784000000000001,22.4
172100,4.784000000000001,22.4
172200,4.784000000000001,22.4
172300,4.784000000000001,22.4
172400,4.784000000000001,22.4
172500,4.784000000000001,22.4
172600,4.784000000000001,22.4
172700,4.784000000000001,22.4
172800,4.784000000000001,22.4
172900,4.784000000000001,22.4
173000,4.784000000000001,22.4
173100,4.784000000000001,22.4
173200,4.784000000000001,22.4
173300,4.784000000000001,22.4
173400,4.784000000000001,22.4
173500,4.784000000000001,22.4
173600,4.784000000000001,22.4
173700,4.784000000000001,22.4
173800,4.784000000000001,22.4
173900,4.784000000000001,22.4
174000,4.784000000000001,22.4
174100,4.784000000000001,22.4
174200,4.784000000000001,22.4
174300,4.784000000000001,22.4
174400,4.784000000000001,22.4
174500,4.784000000000001,22.4
174600,4.784000000000001,22.4
174700,4.784000000000001,22.4
174800,4.784000000000001,22.4
174900,4.784000000000001,22.4
175000,4.784000000000001,22.4
175100,4.784000000000001,22.4
175200,4.784000000000001,22.4
175300,4.784000000000001,22.4
175400,4.784000000000001,22.4
175500,4.784000000000001,22.4
175600,4.784000000000001,22.4
175700,4.784000000000001,22.4
175800,4.784000000000001,22.4
175900,4.784000000000001,22.4
176000,4.784000000000001,22.4
176100,4.784000000000001,22.4
176200,4.784000000000001,22.4
176300,4.784000000000001,22.4
176400,4.784000000000001,22.4
176500,4.784000000000001,22.4
176600,4.784000000000001,22.4
176700,4.784000000000001,22.4
176800,4.784000000000001,22.4
176900,4.784000000000001,22.4
177000,4.784000000000001,22.4
177100,4.784000000000001,22.4
177200,4.784000000000001,22.4
177300,4.784000000000001,22.4
177400,4.784000000000001,22.4
177500,4.784000000000001,22.4
177600,4.784000000000001,22.4
177700,4.784000000000001,22.4
177800,4.784000000000001,22.4
177900,4.784000000000001,22.4
178000,4.784000000000001,22.4
178100,4.784000000000001,22.4
178200,4.784000000000001,22.4
178300,4.784000000000001,22.4
178400,4.784000000000001,22.4
178500,4.784000000000001,22.4
178600,4.784000000000001,22.4
178700,4.784000000000001,22.4
178800,4.784000000000001,22.4
178900,4.784000000000001,22.4
179000,4.784000000000001,22.4
179100,4.784000000000001,22.4
179200,4.784000000000001,22.4
179300,4.784000000000001,22.4
179400,4.784000000000001,22.4
179500,4.784000000000001,22.4
179600,4.784000000000001,22.4
179700,4.784000000000001,22.4
179800,4.784000000000001,22.4
179900,4.784000000000001,22.4
180000,4.784000000000001,22.4
180100,4.784000000000001,22.4
180200,4.784000000000001,22.4
180300,4.784000000000001,22.4
180400,4.784000000000001,22.4
180500,4.784000000000001,22.4
180600,4.784000000000001,22.4
180700,4.784000000000001,22.4
180800,4.784000000000001,22.4
180900,4.784000000000001,22.4
181000,4.784000000000001,22.4
181100,4.784000000000001,22.4
181200,4.784000000000001,22.4
181300,4.784000000000001,22.4
181400,4.784000000000001,22.4
181500,4.784000000000001,22.4
181600,4.784000000000001,22.4
181700,4.784000000000001,22.4
181800,4.784000000000001,22.4
181900,4.784000000000001,22.4
182000,4.784000000000001,22.4
182100,4.784000000000001,22.4
182200,4.784000000000001,22.4
182300,4.784000000000001,22.4
182400,4.784000000000001,22.4
182500,4.784000000000001,22.4
182600,4.784000000000001,22.4
182700,4.784000000000001,22.4
182800,4.784000000000001,22.4
182900,4.784000000000001,22.4
183000,4.784000000000001,22.4
183100,4.784000000000001,22.4
183200,4.784000000000001,22.4
183300,4.784000000000001,22.4
183400,4.784000000000001,22.4
183500,4.784000000000001,22.4
183600,4.784000000000001,22.4
183700,4.744000000000001,22.4
183800,4.744000000000001,22.4
183900,4.744000000000001,22.4
184000,4.744000000000001,22.4
184100,4.744000000000001,22.4
184200,4.744000000000001,22.4
184300,4.744000000000001,22.4
184400,4.744000000000001,22.4
184500,4.744000000000001,22.4
184600,4.744000000000001,22.4
184700,4.744000000000001,22.4
184800,4.744000000000001,22.4
184900,4.744000000000001,22.4
185000,4.744000000000001,22.4
185100,4.744000000000001,22.4
185200,4.744000000000001,22.4
185300,4.744000000000001,22.4
185400,4.744000000000001,22.4
185500,4.744000000000001,22.4
185600,4.744000000000001,22.4
185700,4.744000000000001,22.4
185800,4.744000000000001,22.4
185900,4.744000000000001,22.4
186000,4.744000000000001,22.4
186100,4.744000000000001,22.4
186200,4.744000000000001,22.4
186300,4.744000000000001,22.4
186400,4.744000000000001,22.4
186500,4.744000000000001,22.4
186600,4.744000000000001,22.4
186700,4.744000000000001,22.4
186800,4.744000000000001,22.4
186900,4.744000000000001,22.4
187000,4.744000000000001,22.4
187100,4.744000000000001,22.4
187200,4.744000000000001,22.4
187300,4.744000000000001,22.4
187400,4.744000000000001,22.4
187500,4.744000000000001,22.4
187600,4.744000000000001,22.4
187700,4.744000000000001,22.4
187800,4.744000000000001,22.4
187900,4.744000000000001,22.4
188000,4.744000000000001,22.4
188100,4.744000000000001,22.4
188200,4.744000000000001,22.4
188300,4.744000000000001,22.4
188400,4.744000000000001,22.4
188500,4.744000000000001,22.4
188600,4.744000000000001,22.4
188700,4.744000000000001,22.4
188800,4.744000000000001,22.4
188900,4.744000000000001,22.4
189000,4.744000000000001,22.4
189100,4.744000000000001,22.4
189200,4.744000000000001,22.4
189300,4.744000000000001,22.4
189400,4.744000000000001,22.4
189500,4.744000000000001,22.4
189600,4.744000000000001,22.4
189700,4.744000000000001,22.4
189800,4.744000000000001,22.4
189900,4.744000000000001,22.4
190000,4.744000000000001,22.4
190100,4.744000000000001,22.4
190200,4.744000000000001,22.4
190300,4.744000000000001,22.4
190400,4.744000000000001,22.4
190500,4.744000000000001,22.4
190600,4.744000000000001,22.4
190700,4.744000000000001,22.4
190800,4.744000000000001,22.4
190900,4.744000000000001,22.4
191000,4.744000000000001,22.4
191100,4.744000000000001,22.4
191200,4.744000000000001,22.4
191300,4.744000000000001,22.4
191400,4.744000000000001,22.4
191500,4.744000000000001,22.4
191600,4.744000000000001,22.4
191700,4.744000000000001,22.4
191800,4.744000000000001,22.4
191900,4.744000000000001,22.4
192000,4.744000000000001,22.4
192100,4.744000000000001,22.4
192200,4.744000000000001,22.4
192300,4.744000000000001,22.4
192400,4.744000000000001,22.4
192500,4.744000000000001,22.4
192600,4.744000000000001,22.4
192700,4.744000000000001,22.4
192800,4.744000000000001,22.4
192900,4.744000000000001,22.4
193000,4.744000000000001,22.4
193100,4.744000000000001,22.4
193200,4.744000000000001,22.4
193300,4.744000000000001,22.4
193400,4.744000000000001,22.4
193500,4.744000000000001,22.4
193600,4.744000000000001,22.4
193700,4.744000000000001,22.4
193800,4.744000000000001,22.4
193900,4.744000000000001,22.4
194000,4.744000000000001,22.4
194100,4.744000000000001,22.4
194200,4.744000000000001,22.4
194300,4.744000000000001,22.4
194400,4.744000000000001,22.4
194500,4.744000000000001,22.4
194600,4.744000000000001,22.4
194700,4.744000000000001,22.4
194800,4.744000000000001,22.4
194900,4.744000000000001,22.4
195000,4.744000000000001,22.4
195100,4.744000000000001,22.4
195200,4.744000000000001,22.4
195300,4.744000000000001,22.4
195400,4.744000000000001,22.4
195500,4.744000000000001,22.4
195600,4.744000000000001,22.4
195700,4.744000000000001,22.4
195800,4.744000000000001,22.4
195900,4.744000000000001,22.4
196000,4.744000000000001,22.4
196100,4.744000000000001,22.4
196200,4.744000000000001,22.4
196300,4.744000000000001,22.4
196400,4.744000000000001,22.4
196500,4.744000000000001,22.4
196600,4.744000000000001,22.4
196700,4.744000000000001,22.4
196800,4.744000000000001,22.4
196900,4.744000000000001,22.4
197000,4.744000000000001,22.4
197100,4.744000000000001,22.4
197200,4.744000000000001,22.4
197300,4.744000000000001,22.4
197400,4.744000000000001,22.4
197500,4.744000000000001,22.4
197600,4.744000000000001,22.4
197700,4.744000000000001,22.4
197800,4.744000000000001,22.4
197900,4.744000000000001,22.4
198000,4.744000000000001,22.4
198100,4.744000000000001,22.4
198200,4.744000000000001,22.4
198300,4.744000000000001,22.4
198400,4.744000000000001,22.4
198500,4.744000000000001,22.4
198600,4.744000000000001,22.4
198700,4.744000000000001,22.4
198800,4.744000000000001,22.4
198900,4.744000000000001,22.4
199000,4.744000000000001,22.4
199100,4.744000000000001,22.4
199200,4.744000000000001,22.4
199300,4.744000000000001,22.4
199400,4.744000000000001,22.4
199500,4.744000000000001,22.4
199600,4.744000000000001,22.4
199700,4.744000000000001,22.4
199800,4.744000000000001,22.4
199900,4.744000000000001,22.4
199999,4.744000000000001,22.4

START ALGORITHM
h1: (a14 - a45 - a41) * (b35 - b42)
h3: (a42 - a15 - a45) * (b54 - b42)
h4: (a23 - a52) * (-b43 - b53 - b45)
h6: (a14 - a33) * (b54 - b31 - b53)
h7: (-a12) * (b41 + b24 + b33 - b32)
h8: (a33 - a32 - a35) * (b41 + b51)
h9: (a53 + a21 - a11) * (b23 + b12)
h10: (-a42 - a51) * (b51 + b32 - b25)
h12: (a43 + a43) * (b44 + b44 - b33)
h13: (a13 - a22 - a25) * (b43 - b33)
h14: (a35 + a24 + a14) * (-b53 - b24)
h15: (a25 + a41 + a22) * (b32 - b14)
h16: (a44 - a14 - a52) * (b41 + b41)
h17: (-a31 - a42) * (b15 + b44 - b34)
h18: (a32) * (b15 + b52 + b34 - b11)
h19: (a25 - a51 - a54) * (b33 - b23)
h20: (a12 - a45) * (-b33 - b51 - b42)
h21: (a21 + a12 - a24) * (b42 - b42)
h22: (a21 + a35) * (-b32 - b43 - b44)
h23: (a52 + a54) * (b34 + b54 - b11)
h24: (a21 - a32 - a33) * (b33 + b32)
h25: (-a23 - a32 - a51) * (b45 - b35)
h26: (a12 - a35) * (b44 - b14 - b45)
h27: (a22 + a12 - a14 - a11) * (b35)
h28: (-a23) * (b55 + b51 + b23 + b41)
h29: (a53 - a14) * (b22 - b15 - b14)
h30: (a52 - a55) * (b24 - b25 - b41)
h31: (a32) * (b21 + b25 + b51 - b22)
h32: (a33 - a15) * (b41 + b53 - b55)
h33: (-a33 - a54 - a13) * (b14 + b45)
h35: (a25 - a32) * (b51 - b52 - b13)
h36: (a41 - a55) * (b34 + b25 - b13)
h37: (a11 + a52 - a44) * (b31 - b24)
h38: (a25 + a55 - a21) * (b54 + b21)
h39: (a14 + a33) * (b44 - b35 - b14)
h40: (a52 + a22 - a15) * (b53 + b14)
h41: (a33 - a24) * (b52 + b31 - b13)
h42: (a42 + a21 - a43) * (b22 - b33)
h43: (a15) * (b41 - b34 - b51 - b34)
h46: (a22) * (b34 - b45 - b22 - b53)
h47: (a35) * (b52 - b34 - b21 - b34)
h49: (a22 - a13 - a34) * (b51 - b52)
h50: (a54 + a24 - a45 - a43) * (-b35)
h51: (a54 - a21 - a45 - a42) * (-b15)
h53: (a35 + a22 - a43) * (b25 + b33)
h55: (a34 - a33) * (-b53 - b35 - b35)
h56: (-a55) * (-b33 - b13 - b35 - b21)
h57: (-a21 - a52) * (-b31 - b14 - b34)
h58: (a41 - a22) * (-b41 - b52 - b52)
h59: (a15 + a52) * (b14 - b31 - b55)
h60: (a11 - a24 - a15) * (b33 + b41)
h61: (a32 + a25 + a25 + a53) * (b25)
h62: (a31 + a25 - a24) * (b12 - b54)
h64: (a12) * (b45 - b34 - b52 - b32)
h65: (a45 + a11 - a52) * (b33 + b11)
h66: (a15 + a45 - a22) * (b23 - b33)
h67: (a13 - a44 - a11) * (b53 - b13)
h68: (a34 - a23) * (b12 - b45 - b42)
h69: (a41 - a52) * (b44 + b32 - b32)
h70: (a43 - a54) * (b55 + b14 + b42)
h71: (a22 - a15) * (-b33 - b13 - b14)
h72: (-a31) * (b53 + b33 - b15 - b52)
h73: (a41 - a13 - a24 - a21) * (b22)
h74: (a41 + a34 - a54 - a34) * (-b52)
h75: (a54 + a44) * (b52 + b31 - b41)
h76: (a13 - a24 - a41) * (b11 - b32)
h77: (a23 + a45 - a54 - a15) * (b13)
h78: (a54 + a55 + a52 - a42) * (-b43)
h79: (a45 - a45 - a23 - a55) * (-b44)
h80: (a44 + a23 - a53 - a11) * (b33)
h81: (-a35) * (b32 - b43 - b14 - b55)
h82: (a11 - a11) * (-b41 - b51 - b44)
h83: (a44 - a45) * (-b21 - b14 - b51)
h84: (a12 + a45 + a41 - a31) * (b52)
h85: (a31 + a13) * (b55 - b43 - b14)
h86: (-a52 - a25) * (b13 - b45 - b11)
h88: (a15 + a33 + a11 + a55) * (-b43)
h89: (a34 - a41) * (-b54 - b35 - b21)
h90: (-a35) * (b35 - b21 - b45 - b15)
h91: (a11) * (b44 + b43 - b33 - b25)
h92: (a13 - a55) * (b44 + b41 - b15)
h95: (a12) * (b15 + b32 + b35 - b51)
h96: (-a52 - a55) * (-b14 - b13 - b23)
h97: (-a45 - a51) * (b21 - b22 - b41)
h98: (a44 - a35) * (b45 + b34 + b53)
h103: (a21 - a14) * (b33 - b43 - b14)
h104: (-a52 - a15) * (b52 + b32 + b53)
h105: (a23 + a45 - a12 - a42) * (-b32)
h106: (a11 - a34 - a52 - a54) * (-b25)
h107: (a54) * (b51 + b41 + b41 - b11)
h108: (a33) * (b21 + b43 + b41 - b43)
h109: (a21 + a25 - a15 - a34) * (-b43)
h110: (-a11) * (b44 + b41 + b12 - b33)
h112: (a41 + a35) * (b53 + b54 - b43)
h113: (-a31) * (b23 + b32 + b14 - b45)
h115: (a24 + a41 - a12) * (b13 + b41)
h116: (-a15 - a44) * (b31 - b31 - b35)
h118: (a51 + a43 - a22) * (b52 - b13)
h119: (a51 - a33 - a43) * (b25 - b13)
h120: (a33 - a42 - a22) * (b42 - b54)
h121: (a21 - a35) * (b33 + b23 - b55)
h122: (a15 + a51 + a55 + a45) * (-b11)
h123: (a24 - a54) * (-b12 - b13 - b31)
h124: (-a23 - a32) * (-b32 - b44 - b41)
h126: (a43) * (b31 + b55 - b15 - b22)
h127: (a13 - a44) * (b42 + b11 - b13)
h128: (-a22 - a11 - a11) * (b42 - b13)
h135: (-a23 - a14) * (b43 + b14 - b12)
h137: (a14 - a55) * (b15 + b24 - b11)
h138: (a42 - a23) * (b51 + b53 - b11)
h139: (a12 - a35 - a21) * (b34 + b41)
h141: (a22) * (b33 + b55 + b23 - b34)
h151: (a34 - a55 - a25) * (b25 + b41)
h155: (-a22) * (b35 + b51 + b25 + b53)
h156: (a32) * (-b52 - b12 - b54 - b11)
h158: (a52 + a42 - a12 - a23) * (-b52)
h161: (-a24) * (b52 - b32 - b44 - b35)
h163: (-a54 - a35) * (b53 + b55 + b12)
h164: (-a43) * (b54 + b32 + b52 - b54)
h165: (a52 + a32 - a55) * (-b44 - b52)
h166: (-a23 - a42) * (-b52 - b54 - b15)
h170: (a13 - a22) * (b51 - b22 - b41)
h174: (a24 + a35 - a21 - a55) * (b55)
h176: (a34 + a53 - a43 - a21) * (-b31)
h178: (-a53) * (b41 + b51 + b11 - b45)
h191: (a51 - a53 - a35) * (b45 + b33)
h203: (a42 - a54) * (-b45 - b13 - b15)
h207: (-a32 - a34) * (-b43 - b15 - b51)
h208: (-a44 - a21) * (b45 + b52 - b41)
h217: (a25) * (b12 + b34 - b23 - b44)
h218: (-a51) * (b42 + b44 + b31 - b32)
h225: (a24 - a12) * (b11 + b22 - b52)
h226: (-a21) * (b44 - b45 - b51 - b14)
h247: (a42 + a44 + a22) * (b25 + b45)
h248: (-a21 - a52) * (b14 - b42 - b15)
h249: (a44 + a45 - a51) * (b43 + b34)
h252: (a54 + a33) * (b11 + b31 + b43)
h254: (-a14 - a33) * (b51 + b13 - b32)
h258: (a53 + a24 - a14) * (b12 - b55)
h280: (a51) * (b12 - b45 - b13 - b35)
h300: (a11 + a13) * (b25 + b43 + b41)
h325: (a53 + a15 - a24 - a33) * (b11)
h331: (a42 - a24 - a41 - a22) * (-b31)
h345: (a13 - a15 - a45) * (b54 - b43)
h354: (-a35 - a25) * (b45 + b43 - b43)
h369: (a21 + a13) * (b24 + b12 - b43)
h370: (a25 - a13 - a15 - a53) * (b51)
h389: (a41 - a53) * (b12 + b34 - b12)
h398: (-a13 - a53 - a44) * (-b52 - b32)
h402: (a35 + a55 - a55) * (b41 - b43)
h404: (a44) * (b45 + b52 - b12 - b52)
h411: (-a32 - a21) * (b43 - b35 - b12)
h435: (a41 - a25) * (b55 + b33 - b42)
h441: (a35 - a43) * (b45 + b32 - b12)
h445: (a21 + a32 - a32) * (-b11 - b14)
h456: (a31 - a22) * (b31 + b53 + b14)
h457: (a12) * (b55 + b15 - b14 - b15)
h482: (a13 - a25) * (-b55 - b55 - b55)
h489: (a22 + a31 - a13 - a24) * (-b22)
h497: (-a25) * (b51 - b43 - b51 - b22)
h498: (a41 - a42 - a44) * (b31 - b43)
h543: (a41 - a21) * (b12 - b12 - b31)
h546: (a52) * (b54 + b31 - b33 - b42)
h599: (a21 - a31 - a13) * (b52 + b24)
h681: (a31 + a25 - a44) * (b34 - b15)
h734: (a21 - a41) * (b24 + b44 - b34)
h738: (a44) * (b42 + b12 - b22 - b35)
h749: (a15 - a45 - a44) * (-b34 - b11)
h752: (a42 - a23 - a45) * (b34 + b15)
h770: (-a12) * (b52 - b41 - b11 - b43)
h787: (a22 + a53 - a31) * (b43 - b34)
h790: (a34) * (b45 + b15 - b12 - b24)
h804: (a13 + a54) * (-b24 - b35 - b32)
h916: (a44 - a52) * (b32 - b33 - b42)
h927: (a12 + a51 + a33 - a33) * (b14)
h966: (a45 + a42 - a53) * (b23 - b31)
h1085: (a22 - a44 - a14) * (b24 - b25)
h1099: (-a21 - a42) * (b42 + b11 - b44)
h1173: (a41 + a55 - a44) * (-b32 - b22)
h1296: (-a24) * (b33 + b44 - b32 - b31)
h1422: (a43 - a43 - a42) * (b51 - b42)
h1496: (a13 - a45) * (b22 - b22 - b41)
h1522: (a33 + a53 - a42) * (b54 + b31)
h1563: (a54 - a22) * (b45 + b43 - b41)
h1809: (a52 + a25 - a22 - a23) * (-b34)
h2301: (-a14 - a23) * (b15 + b12 - b54)
h2378: (a45 + a15 - a44) * (b53 + b43)
h2627: (a44 - a54 - a44) * (b43 - b32)
h2859: (a13) * (b11 + b22 - b14 - b15)
h3195: (-a31 - a54 - a12) * (b44 - b42)
h3476: (a13 - a43 - a11) * (b33 - b53)
h3654: (a25) * (b15 + b31 - b51 - b11)
h3745: (a51 - a15) * (b23 - b44 - b13)
h4192: (a15) * (b54 + b21 + b11 + b45)
h7054: (a32 - a31) * (b23 - b42 - b21)
h7124: (a45 + a25 - a12) * (b51 - b31)
h7930: (a34 - a23) * (b55 + b15 - b15)
h8576: (a12 - a21) * (b15 - b33 - b33)
h9176: (-a54) * (b24 + b31 - b41 - b53)
h10813: (a22 + a55 - a42) * (-b53 - b34)
h10853: (-a41 - a52) * (-b34 - b25 - b31)
h11596: (a23 - a33 - a34) * (b54 + b31)
h14548: (a24 + a53 + a24) * (-b12 - b23)
h15949: (a41) * (b52 - b34 - b52 - b53)
h16110: (a54 + a31 + a15 - a35) * (-b34)
h21394: (a55 - a53) * (b32 + b45 + b25)
c11: h27 + h50 + h112 + h81 + h68 + h3476 + h247 + h7124 + h2627 + h7124 - h61 - h389 
c12: h599 + h174 + h49 + h135 + h1809 + h155 - h33 - h161 - h1085 
c13: h70 + h138 + h95 + h254 + h138 + h16 + h24 + h26 + h28 + h1496 + h17 + h26 - h71 - h120 - h166 - h218 
c14: h21 + h66 + h456 + h141 + h30 + h787 + h135 + h749 + h7124 + h14548 + h15949 + h7124 - h24 - h25 - h83 - h2378 - h3745 
c15: h24 + h43 + h325 + h734 + h752 + h1099 + h68 + h1085 + h1173 + h457 + h1173 - h58 - h112 - h21 
c21: h25 + h66 + h57 + h40 + h139 + h141 + h14 + h165 + h123 + h178 + h81 + h126 + h300 + h155 + h2627 + h26 + h9176 - h69 
c22: h109 + h4 + h19 + h50 + h163 + h116 + h51 + h57 + h749 + h15949 - h489 - h927 - h1296 
c23: h174 + h66 + h49 + h90 + h546 + h57 + h787 + h354 + h7124 - h106 - h482 - h4192 - h16110 
c24: h36 + h203 + h77 + h331 + h51 + h354 - h56 - h191 - h497 - h8576 
c25: h74 + h17 + h790 + h155 + h1173 + h3654 + h15949 + h15949 - h498 
c31: h55 + h207 + h738 + h749 + h7124 + h7124 - h247 - h1563 - h7930 - h9176 
c32: h55 + h21 + h30 + h68 + h247 + h14 + h226 + h681 + h354 + h1085 - h248 
c33: h35 + h103 + h108 + h435 + h435 + h738 + h1173 + h156 + h254 + h1085 + h26 + h9176 - h29 - h217 - h457 - h804 
c34: h57 + h41 + h69 + h170 + h42 + h19 + h17 + h354 + h17 + h11596 + h9176 + h9176 - h16 - h137 - h151 - h7124 
c35: h258 + h345 + h441 + h178 + h916 + h7 + h354 + h7124 - h225 - h1422 - h21394 
c41: h226 + h13 + h966 + h10853 - h155 - h331 - h1496 
c42: h65 + h128 + h61 + h249 + h252 + h46 + h1085 + h966 + h10813 + h15949 - h83 - h120 - h158 - h404 
c43: h39 + h354 + h2378 
c44: h161 + h445 + h217 + h1099 + h2859 + h3654 + h135 + h2627 + h7124 + h7124 + h7124 - h55 - h398 - h543 
c45: h72 + h176 + h280 + h163 + h137 + h411 + h411 + h95 + h389 + h74 + h80 + h7124 + h7124 - h104 - h29 - h7054 
c51: h27 + h369 + h19 + h546 + h457 + h354 + h734 + h749 + h135 + h354 + h325 + h7124 + h7124 + h2627 - h55 - h15949 
c52: h1 + h41 + h104 + h30 + h51 + h7 + h14 + h1173 + h135 + h1173 + h14548 - h109 - h325 - h3195 
c53: h126 + h370 + h74 + h966 + h325 + h1085 - h47 - h97 - h17 
c54: h138 + h787 + h26 + h155 + h787 + h8576 - h68 - h30 - h402 - h770 
c55: h17 + h300 + h137 + h370 + h966 + h966 + h1173 - h24 - h2301 
