0,166.224,25
100,116.6,25
200,90.272,25
300,72.656,25
400,60.720000000000006,25
500,57.648,25
600,56.272000000000006,25
700,54.48,25
800,52.63199999999999,25
900,51.967999999999996,25
1000,51.432,25
1100,51.24000000000001,24.8
1200,50.92,24.8
1300,49.70399999999999,25
1400,49.58399999999999,25
1500,49.58399999999999,25
1600,48.968,25
1700,48.352000000000004,25
1800,48.352000000000004,25
1900,48.352000000000004,25
2000,48.352000000000004,25
2100,48.352000000000004,25
2200,46.736000000000004,25
2300,46.288,25
2400,45.176,25
2500,44.592,24.8
2600,44.432,25
2700,44.424,25
2800,44.424,25
2900,44.424,25
3000,44.424,25
3100,44.328,25
3200,44.328,25
3300,43.4,25
3400,42.808,25
3500,42.808,25
3600,42.808,25
3700,42.808,25
3800,42.656,25
3900,42.488,25
4000,42.488,25
4100,42.488,25
4200,42.400000000000006,25
4300,42.224000000000004,25
4400,42.224000000000004,25
4500,42.02400000000001,25
4600,42.02400000000001,25
4700,41.648,25
4800,41.648,25
4900,41.648,25
5000,41.64,24.8
5100,41.64,24.8
5200,41.64,24.8
5300,41.64,24.6
5400,41.64,24.6
5500,41.64,24.6
5600,41.64,24.6
5700,41.64,24.6
5800,41.64,24.6
5900,41.64,24.6
6000,41.184000000000005,24.6
6100,41.184000000000005,24.6
6200,41.184000000000005,24.6
6300,41.064,24.6
6400,40.727999999999994,24.6
6500,40.536,24.6
6600,40.495999999999995,24.6
6700,40.152,24.6
6800,40.152,24.6
6900,40.152,24.6
7000,40.152,24.6
7100,40.152,24.6
7200,39.824,24.6
7300,39.824,24.6
7400,39.824,24.6
7500,39.824,24.6
7600,39.824,24.6
7700,39.824,24.6
7800,39.824,24.6
7900,39.824,24.6
8000,39.824,24.6
8100,39.824,24.6
8200,39.824,24.6
8300,39.824,24.6
8400,39.824,24.6
8500,39.672,24.6
8600,39.672,24.6
8700,39.672,24.6
8800,39.208000000000006,24.6
8900,39.208000000000006,24.6
9000,39.208000000000006,24.6
9100,39.208000000000006,24.6
9200,39.208000000000006,24.6
9300,39.208000000000006,24.6
9400,39.208000000000006,24.6
9500,39.208000000000006,24.6
9600,39.208000000000006,24.6
9700,39.208000000000006,24.6
9800,39.208000000000006,24.6
9900,39.208000000000006,24.6
10000,39.208000000000006,24.6
10100,39.208000000000006,24.6
10200,39.208000000000006,24.6
10300,39.208000000000006,24.6
10400,39.208000000000006,24.6
10500,39.208000000000006,24.6
10600,39.208000000000006,24.6
10700,39.208000000000006,24.6
10800,38.336,24.8
10900,38.336,24.8
11000,37.943999999999996,24.8
11100,37.832,24.8
11200,37.832,24.8
11300,37.832,24.8
11400,37.832,24.8
11500,37.808,24.8
11600,37.808,24.8
11700,37.808,24.8
11800,37.808,24.8
11900,36.976,24.8
12000,36.976,24.8
12100,36.976,24.8
12200,36.976,24.8
12300,36.976,24.8
12400,36.976,24.8
12500,36.976,24.8
12600,36.088,24.8
12700,36.088,24.8
12800,36.088,24.8
12900,36.088,24.8
13000,36.088,24.8
13100,36.088,24.8
13200,36.032000000000004,24.8
13300,36.032000000000004,24.8
13400,36.032000000000004,24.8
13500,36.032000000000004,24.8
13600,35.992000000000004,24.8
13700,35.992000000000004,24.8
13800,35.992000000000004,24.8
13900,35.992000000000004,24.8
14000,35.992000000000004,24.8
14100,35.992000000000004,24.8
14200,35.992000000000004,24.8
14300,35.992000000000004,24.8
14400,35.992000000000004,24.8
14500,35.992000000000004,24.8
14600,35.992000000000004,24.8
14700,35.992000000000004,24.8
14800,35.992000000000004,24.8
14900,35.784000000000006,24.8
15000,35.784000000000006,24.8
15100,35.784000000000006,24.8
15200,35.784000000000006,24.8
15300,35.784000000000006,24.8
15400,35.784000000000006,24.8
15500,35.784000000000006,24.8
15600,35.279999999999994,24.8
15700,35.279999999999994,24.8
15800,35.279999999999994,24.8
15900,35.136,24.8
16000,35.136,24.8
16100,35.136,24.8
16200,35.136,24.8
16300,35.136,24.8
16400,35.136,24.8
16500,35.136,24.8
16600,35.136,24.8
16700,35.136,24.8
16800,35.136,24.8
16900,34.904,24.8
17000,34.904,24.8
17100,34.904,24.8
17200,34.904,24.8
17300,34.904,24.8
17400,34.888,24.8
17500,34.888,24.8
17600,34.888,24.8
17700,34.888,24.8
17800,34.848,24.8
17900,34.848,24.8
18000,34.848,24.8
18100,34.848,24.8
18200,34.848,24.8
18300,34.848,24.8
18400,34.84,24.8
18500,34.84,24.8
18600,34.84,24.8
18700,34.84,24.8
18800,34.84,24.8
18900,34.84,24.8
19000,34.84,24.8
19100,34.84,24.8
19200,34.84,24.8
19300,34.84,24.8
19400,34.84,24.8
19500,34.84,24.8
19600,34.84,24.8
19700,34.84,24.8
19800,34.552,24.8
19900,34.552,24.8
20000,34.552,24.8
20100,34.552,24.8
20200,34.552,24.8
20300,34.288,24.8
20400,34.144,24.8
20500,34,24.8
20600,34,24.8
20700,34,24.8
20800,34,24.8
20900,34,24.8
21000,33.896,24.8
21100,33.896,24.8
21200,33.896,24.8
21300,33.896,24.8
21400,33.896,24.8
21500,33.896,24.8
21600,33.391999999999996,24.8
21700,33.391999999999996,24.8
21800,33.391999999999996,24.8
21900,33.391999999999996,24.8
22000,33.391999999999996,24.8
22100,33.391999999999996,24.8
22200,33.391999999999996,24.8
22300,33.391999999999996,24.8
22400,33.391999999999996,24.8
22500,33.391999999999996,24.8
22600,33.391999999999996,24.8
22700,33.391999999999996,24.8
22800,33.391999999999996,24.8
22900,33.391999999999996,24.8
23000,33.391999999999996,24.8
23100,33.391999999999996,24.8
23200,33.391999999999996,24.8
23300,33.391999999999996,24.8
23400,33.391999999999996,24.8
23500,33.391999999999996,24.8
23600,33.391999999999996,24.8
23700,33.391999999999996,24.8
23800,33.391999999999996,24.8
23900,33.391999999999996,24.8
24000,33.391999999999996,24.8
24100,33.391999999999996,24.8
24200,33.391999999999996,24.8
24300,33.391999999999996,24.8
24400,33.391999999999996,24.8
24500,33.391999999999996,24.8
24600,33.391999999999996,24.8
24700,33.391999999999996,24.8
24800,33.391999999999996,24.8
24900,33.391999999999996,24.8
25000,33.391999999999996,24.8
25100,33.391999999999996,24.8
25200,33.391999999999996,24.8
25300,33.391999999999996,24.8
25400,33.391999999999996,24.8
25500,33.391999999999996,24.8
25600,33.391999999999996,24.8
25700,33.391999999999996,24.8
25800,33.288,24.8
25900,33.288,24.8
26000,33.288,24.8
26100,33.288,24.8
26200,33.288,24.8
26300,33.288,24.8
26400,33.288,24.8
26500,33.288,24.8
26600,33.288,24.8
26700,33.288,24.8
26800,33.288,24.8
26900,33.048,24.8
27000,33.048,24.8
27100,33.048,24.8
27200,33.048,24.8
27300,33.048,24.8
27400,33.048,24.8
27500,33.048,24.8
27600,33.048,24.8
27700,32.96,25
27800,32.96,25
27900,32.784000000000006,25
28000,32.784000000000006,25
28100,32.784000000000006,25
28200,32.784000000000006,25
28300,32.784000000000006,25
28400,32.784000000000006,25
28500,32.784000000000006,25
28600,32.784000000000006,25
28700,32.784000000000006,25
28800,32.784000000000006,25
28900,32.784000000000006,25
29000,32.784000000000006,25
29100,32.784000000000006,25
29200,32.784000000000006,25
29300,32.76,25
29400,32.76,25
29500,32.76,25
29600,32.76,25
29700,32.632000000000005,25
29800,32.632000000000005,25
29900,32.632000000000005,25
30000,32.632000000000005,25
30100,32.632000000000005,25
30200,32.632000000000005,25
30300,32.632000000000005,25
30400,32.632000000000005,25
30500,32.632000000000005,25
30600,32.632000000000005,25
30700,32.632000000000005,25
30800,32.632000000000005,25
30900,32.288,25
31000,32.288,25
31100,32.288,25
31200,32.288,25
31300,32.288,25
31400,32.288,25
31500,32.288,25
31600,32.288,25
31700,32.288,25
31800,32.288,25
31900,32.288,25
32000,32.288,25
32100,32.288,25
32200,32.288,25
32300,32.288,25
32400,32.288,25
32500,32.288,25
32600,32.288,25
32700,32.288,25
32800,32.288,25
32900,32.288,25
33000,32.288,25
33100,32.288,25
33200,32.288,25
33300,32.288,25
33400,32.072,25
33500,32.072,25
33600,32.072,25
33700,32.072,25
33800,31.887999999999998,25
33900,31.887999999999998,25
34000,31.887999999999998,25
34100,31.887999999999998,25
34200,31.887999999999998,25
34300,31.672000000000004,25
34400,31.535999999999994,25
34500,31.535999999999994,25
34600,31.535999999999994,25
34700,31.535999999999994,25
34800,31.535999999999994,25
34900,31.512,25
35000,31.512,25
35100,31.512,25
35200,31.512,25
35300,31.448,25
35400,31.448,25
35500,31.448,25
35600,31.448,25
35700,31.448,25
35800,31.448,25
35900,31.360000000000003,25
36000,31.360000000000003,25
36100,30.695999999999998,25
36200,30.695999999999998,25
36300,30.695999999999998,25
36400,30.695999999999998,25
36500,30.415999999999997,25
36600,30.415999999999997,25
36700,30.368000000000002,25
36800,30.368000000000002,25
36900,29.576,25
37000,29.576,25
37100,29.576,25
37200,29.576,25
37300,29.576,25
37400,29.24,25
37500,29.24,25
37600,29.176,25
37700,29.176,25
37800,29.151999999999997,25
37900,29.151999999999997,25
38000,29.151999999999997,25
38100,29.151999999999997,25
38200,29.151999999999997,25
38300,28.887999999999998,25
38400,28.887999999999998,25
38500,28.887999999999998,25
38600,28.887999999999998,25
38700,28.887999999999998,25
38800,28.887999999999998,25
38900,28.887999999999998,25
39000,28.791999999999994,25
39100,28.791999999999994,25
39200,28.736,25
39300,28.736,25
39400,28.736,25
39500,28.736,25
39600,28.736,25
39700,28.736,25
39800,28.736,25
39900,28.736,25
40000,28.736,25
40100,28.736,25
40200,28.736,25
40300,28.736,25
40400,28.736,25
40500,28.736,25
40600,28.736,25
40700,28.736,25
40800,28.736,25
40900,28.736,25
41000,28.736,25
41100,28.736,25
41200,28.736,25
41300,28.736,25
41400,28.736,25
41500,28.736,25
41600,28.736,25
41700,28.679999999999996,24.8
41800,28.679999999999996,24.8
41900,28.679999999999996,24.8
42000,28.679999999999996,24.8
42100,28.679999999999996,24.8
42200,28.679999999999996,24.8
42300,28.679999999999996,24.8
42400,28.679999999999996,24.8
42500,28.679999999999996,24.8
42600,28.679999999999996,24.8
42700,28.679999999999996,24.8
42800,28.679999999999996,24.8
42900,28.679999999999996,24.8
43000,28.648000000000003,24.8
43100,28.648000000000003,24.8
43200,28.648000000000003,24.8
43300,28.648000000000003,24.8
43400,28.648000000000003,24.8
43500,28.648000000000003,24.8
43600,28.648000000000003,24.8
43700,28.648000000000003,24.8
43800,28.648000000000003,24.8
43900,28.648000000000003,24.8
44000,28.648000000000003,24.8
44100,28.648000000000003,24.8
44200,28.648000000000003,24.8
44300,28.648000000000003,24.8
44400,28.648000000000003,24.8
44500,28.648000000000003,24.8
44600,28.648000000000003,24.8
44700,28.648000000000003,24.8
44800,28.648000000000003,24.8
44900,28.648000000000003,24.8
45000,28.648000000000003,24.8
45100,28.648000000000003,24.8
45200,28.648000000000003,24.8
45300,28.648000000000003,24.8
45400,28.648000000000003,24.8
45500,28.648000000000003,24.8
45600,28.648000000000003,24.8
45700,28.648000000000003,24.8
45800,28.648000000000003,24.8
45900,28.648000000000003,24.8
46000,28.648000000000003,24.8
46100,28.648000000000003,24.8
46200,28.648000000000003,24.8
46300,28.648000000000003,24.8
46400,28.648000000000003,24.8
46500,28.648000000000003,24.8
46600,28.648000000000003,24.8
46700,28.648000000000003,24.8
46800,28.648000000000003,24.8
46900,28.648000000000003,24.8
47000,28.648000000000003,24.8
47100,28.648000000000003,24.8
47200,28.648000000000003,24.8
47300,28.648000000000003,24.8
47400,28.648000000000003,24.8
47500,28.648000000000003,24.8
47600,28.648000000000003,24.8
47700,28.648000000000003,24.8
47800,28.648000000000003,24.8
47900,28.648000000000003,24.8
48000,28.648000000000003,24.8
48100,28.648000000000003,24.8
48200,28.648000000000003,24.8
48300,28.648000000000003,24.8
48400,28.648000000000003,24.8
48500,28.648000000000003,24.8
48600,28.648000000000003,24.8
48700,28.648000000000003,24.8
48800,28.648000000000003,24.8
48900,28.648000000000003,24.8
49000,28.648000000000003,24.8
49100,28.648000000000003,24.8
49200,28.648000000000003,24.8
49300,28.648000000000003,24.8
49400,28.648000000000003,24.8
49500,28.648000000000003,24.8
49600,28.648000000000003,24.8
49700,28.648000000000003,24.8
49800,28.648000000000003,24.8
49900,28.648000000000003,24.8
50000,28.648000000000003,24.8
50100,28.648000000000003,24.8
50200,28.648000000000003,24.8
50300,28.648000000000003,24.8
50400,28.648000000000003,24.8
50500,28.648000000000003,24.8
50600,28.648000000000003,24.8
50700,28.648000000000003,24.8
50800,28.648000000000003,24.8
50900,28.648000000000003,24.8
51000,28.648000000000003,24.8
51100,28.648000000000003,24.8
51200,28.648000000000003,24.8
51300,28.648000000000003,24.8
51400,28.648000000000003,24.8
51500,28.512,24.8
51600,28.512,24.8
51700,28.512,24.8
51800,28.512,24.8
51900,28.512,24.8
52000,28.512,24.8
52100,28.512,24.8
52200,28.512,24.8
52300,28.512,24.8
52400,28.512,24.8
52500,28.512,24.8
52600,28.512,24.8
52700,28.512,24.8
52800,28.512,24.8
52900,28.512,24.8
53000,28.512,24.8
53100,28.512,24.8
53200,28.512,24.8
53300,28.512,24.8
53400,28.512,24.8
53500,28.512,24.8
53600,28.512,24.8
53700,28.512,24.8
53800,28.512,24.8
53900,28.512,24.8
54000,28.512,24.8
54100,28.512,24.8
54200,28.512,24.8
54300,28.512,24.8
54400,28.512,24.8
54500,28.512,24.8
54600,28.512,24.8
54700,28.512,24.8
54800,28.512,24.8
54900,28.512,24.8
55000,28.512,24.8
55100,28.512,24.8
55200,28.512,24.8
55300,28.512,24.8
55400,28.512,24.8
55500,28.512,24.8
55600,28.512,24.8
55700,28.512,24.8
55800,28.512,24.8
55900,28.512,24.8
56000,28.512,24.8
56100,28.512,24.8
56200,28.512,24.8
56300,28.512,24.8
56400,28.512,24.8
56500,28.512,24.8
56600,28.336000000000002,24.8
56700,28.336000000000002,24.8
56800,28.336000000000002,24.8
56900,28.336000000000002,24.8
57000,28.336000000000002,24.8
57100,28.336000000000002,24.8
57200,28.336000000000002,24.8
57300,28.336000000000002,24.8
57400,28.336000000000002,24.8
57500,28.336000000000002,24.8
57600,28.336000000000002,24.8
57700,28.336000000000002,24.8
57800,28.336000000000002,24.8
57900,28.336000000000002,24.8
58000,28.336000000000002,24.8
58100,28.336000000000002,24.8
58200,28.127999999999997,24.8
58300,28.127999999999997,24.8
58400,28.127999999999997,24.8
58500,28.127999999999997,24.8
58600,28.127999999999997,24.8
58700,28.127999999999997,24.8
58800,28.127999999999997,24.8
58900,28.127999999999997,24.8
59000,28.071999999999996,24.8
59100,28.071999999999996,24.8
59200,28.071999999999996,24.8
59300,28.071999999999996,24.8
59400,28.071999999999996,24.8
59500,28.071999999999996,24.8
59600,28.071999999999996,24.8
59700,28.071999999999996,24.8
59800,28.071999999999996,24.8
59900,28.071999999999996,24.8
60000,28.071999999999996,24.8
60100,28.071999999999996,24.8
60200,28.071999999999996,24.8
60300,28.071999999999996,24.8
60400,28.071999999999996,24.8
60500,28.071999999999996,24.8
60600,28.071999999999996,24.8
60700,28.071999999999996,24.8
60800,28.071999999999996,24.8
60900,28.071999999999996,24.8
61000,28.071999999999996,24.8
61100,28.071999999999996,24.8
61200,28.071999999999996,24.8
61300,28.071999999999996,24.8
61400,28.071999999999996,24.8
61500,28.071999999999996,24.8
61600,28.071999999999996,24.8
61700,28.071999999999996,24.8
61800,28.071999999999996,24.8
61900,28.071999999999996,24.8
62000,28.071999999999996,24.8
62100,28.071999999999996,24.8
62200,28.071999999999996,24.8
62300,28.071999999999996,24.8
62400,28.071999999999996,24.8
62500,28.071999999999996,24.8
62600,28.071999999999996,24.8
62700,28.071999999999996,24.8
62800,28.071999999999996,24.8
62900,28.071999999999996,24.8
63000,28.071999999999996,24.8
63100,28.071999999999996,24.8
63200,28.071999999999996,24.8
63300,28.071999999999996,24.8
63400,28.071999999999996,24.8
63500,28.071999999999996,24.8
63600,28.071999999999996,24.8
63700,28.071999999999996,24.8
63800,28.071999999999996,24.8
63900,28.071999999999996,24.8
64000,28.071999999999996,24.8
64100,28.071999999999996,24.8
64200,28.071999999999996,24.8
64300,28.071999999999996,24.8
64400,28.071999999999996,24.8
64500,28.071999999999996,24.8
64600,28.071999999999996,24.8
64700,28.071999999999996,24.8
64800,28.071999999999996,24.8
64900,28.071999999999996,24.8
65000,28.071999999999996,24.8
65100,28.071999999999996,24.8
65200,28.071999999999996,24.8
65300,28.071999999999996,24.8
65400,28.071999999999996,24.8
65500,28.071999999999996,24.8
65600,28.071999999999996,24.8
65700,28.071999999999996,24.8
65800,28.071999999999996,24.8
65900,28.071999999999996,24.8
66000,28.071999999999996,24.8
66100,28.071999999999996,24.8
66200,28.071999999999996,24.8
66300,28.071999999999996,24.8
66400,28.071999999999996,24.8
66500,28.071999999999996,24.8
66600,28.071999999999996,24.8
66700,28.071999999999996,24.8
66800,28.071999999999996,24.8
66900,28.071999999999996,24.8
67000,28.071999999999996,24.8
67100,28.071999999999996,24.8
67200,28.071999999999996,24.8
67300,28.071999999999996,24.8
67400,28.071999999999996,24.8
67500,28.071999999999996,24.8
67600,28.071999999999996,24.8
67700,28.071999999999996,24.8
67800,28.048000000000002,25
67900,28.048000000000002,25
68000,28.048000000000002,25
68100,28.048000000000002,25
68200,28.048000000000002,25
68300,28.048000000000002,25
68400,28.048000000000002,25
68500,28.048000000000002,25
68600,28.048000000000002,25
68700,28.048000000000002,25
68800,28.048000000000002,25
68900,28.048000000000002,25
69000,28.048000000000002,25
69100,28.048000000000002,25
69200,28.048000000000002,25
69300,28.048000000000002,25
69400,28.048000000000002,25
69500,28.048000000000002,25
69600,28.048000000000002,25
69700,28.048000000000002,25
69800,28.048000000000002,25
69900,28.048000000000002,25
70000,28.048000000000002,25
70100,28.048000000000002,25
70200,28.048000000000002,25
70300,27.840000000000003,25
70400,27.840000000000003,25
70500,27.840000000000003,25
70600,27.840000000000003,25
70700,27.840000000000003,25
70800,27.840000000000003,25
70900,27.840000000000003,25
71000,27.840000000000003,25
71100,27.840000000000003,25
71200,27.840000000000003,25
71300,27.840000000000003,25
71400,27.648000000000003,25
71500,27.648000000000003,25
71600,27.368000000000002,25
71700,27.368000000000002,25
71800,27.368000000000002,25
71900,27.368000000000002,25
72000,27.368000000000002,25
72100,27.368000000000002,25
72200,27.368000000000002,25
72300,27.368000000000002,25
72400,27.368000000000002,25
72500,27.368000000000002,25
72600,27.368000000000002,25
72700,27.368000000000002,25
72800,27.368000000000002,25
72900,27.368000000000002,25
73000,27.368000000000002,25
73100,27.368000000000002,25
73200,27.368000000000002,25
73300,27.368000000000002,25
73400,27.368000000000002,25
73500,27.368000000000002,25
73600,27.368000000000002,25
73700,27.368000000000002,25
73800,27.216,25
73900,27.216,25
74000,27.216,25
74100,27.216,25
74200,27.216,25
74300,27.216,25
74400,27.216,25
74500,27.216,25
74600,27.216,25
74700,27.216,25
74800,27.216,25
74900,27.216,25
75000,27.216,25
75100,27.216,25
75200,27.216,25
75300,27.216,25
75400,27.216,25
75500,27.216,25
75600,27.216,25
75700,27.216,25
75800,27.216,25
75900,27.216,25
76000,27.216,25
76100,27.216,25
76200,27.216,25
76300,27.216,25
76400,27.208000000000006,25
76500,27.208000000000006,25
76600,27.208000000000006,25
76700,27.208000000000006,25
76800,27.208000000000006,25
76900,27.208000000000006,25
77000,27.208000000000006,25
77100,27.208000000000006,25
77200,27.208000000000006,25
77300,27.208000000000006,25
77400,27.208000000000006,25
77500,27.208000000000006,25
77600,27.208000000000006,25
77700,27.208000000000006,25
77800,27.032,25
77900,27.032,25
78000,27.032,25
78100,27.032,25
78200,27.032,25
78300,27.032,25
78400,27.032,25
78500,27.032,25
78600,27.032,25
78700,27.032,25
78800,27.032,25
78900,27.032,25
79000,27.032,25
79100,27.032,25
79200,27.032,25
79300,27.032,25
79400,27.032,25
79500,27.032,25
79600,27.032,25
79700,27.032,25
79800,27.032,25
79900,27.032,25
80000,27.032,25
80100,27.032,25
80200,27.032,25
80300,27.032,25
80400,27.032,25
80500,27.032,25
80600,27.032,25
80700,27.032,25
80800,27.032,25
80900,27.032,25
81000,27.032,25
81100,27.032,25
81200,27.032,25
81300,27.032,25
81400,27.032,25
81500,27.032,25
81600,27.032,25
81700,27.032,25
81800,27.032,25
81900,27.032,25
82000,27.032,25
82100,27.032,25
82200,27.032,25
82300,27.032,25
82400,27.032,25
82500,27.032,25
82600,27.032,25
82700,27.032,25
82800,27.032,25
82900,27.032,25
83000,27.032,25
83100,27.032,25
83200,27.032,25
83300,27.032,25
83400,27.032,25
83500,27.032,25
83600,27.032,25
83700,27.032,25
83800,27.032,25
83900,27.032,25
84000,26.439999999999998,25
84100,26.32,25
84200,26.32,25
84300,26.32,25
84400,26.32,25
84500,26.32,25
84600,26.32,25
84700,26.32,25
84800,26.32,25
84900,26.32,25
85000,26.32,25
85100,26.32,25
85200,26.32,25
85300,26.32,25
85400,26.32,25
85500,26.32,25
85600,26.32,25
85700,26.32,25
85800,26.32,25
85900,26.32,25
86000,26.32,25
86100,26.32,25
86200,26.32,25
86300,26.32,25
86400,26.32,25
86500,26.32,25
86600,26.32,25
86700,26.32,25
86800,26.32,25
86900,26.32,25
87000,26.32,25
87100,26.32,25
87200,26.32,25
87300,26.32,25
87400,26.32,25
87500,26.32,25
87600,26.32,25
87700,26.32,25
87800,26.32,25
87900,26.32,25
88000,26.32,25
88100,26.32,25
88200,26.32,25
88300,26.32,25
88400,26.32,25
88500,26.32,25
88600,26.32,25
88700,26.32,25
88800,26.32,25
88900,26.32,25
89000,26.32,25
89100,26.32,25
89200,26.32,25
89300,26.32,25
89400,26.32,25
89500,26.32,25
89600,26.32,25
89700,26.32,25
89800,26.32,25
89900,26.32,25
90000,26.32,25
90100,26.32,25
90200,26.32,25
90300,26.32,25
90400,26.32,25
90500,26.32,25
90600,26.32,25
90700,26.136000000000003,25
90800,26.136000000000003,25
90900,26.136000000000003,25
91000,25.96,25
91100,25.96,25
91200,25.880000000000003,25
91300,25.880000000000003,25
91400,25.880000000000003,25
91500,25.880000000000003,25
91600,25.880000000000003,25
91700,25.880000000000003,25
91800,25.880000000000003,25
91900,25.880000000000003,25
92000,25.880000000000003,25
92100,25.880000000000003,25
92200,25.880000000000003,25
92300,25.880000000000003,25
92400,25.880000000000003,25
92500,25.880000000000003,25
92600,25.880000000000003,25
92700,25.880000000000003,25
92800,25.880000000000003,25
92900,25.880000000000003,25
93000,25.880000000000003,25
93100,25.639999999999997,25
93200,25.639999999999997,25
93300,25.639999999999997,25
93400,25.639999999999997,25
93500,25.639999999999997,25
93600,25.639999999999997,25
93700,25.639999999999997,25
93800,25.639999999999997,25
93900,25.639999999999997,25
94000,25.639999999999997,25
94100,25.639999999999997,25
94200,25.639999999999997,25
94300,25.639999999999997,25
94400,25.503999999999998,25
94500,25.503999999999998,25
94600,25.439999999999998,25
94700,25.439999999999998,25
94800,25.439999999999998,25
94900,25.439999999999998,25
95000,25.439999999999998,25
95100,25.439999999999998,25
95200,25.439999999999998,25
95300,25.439999999999998,25
95400,25.439999999999998,25
95500,25.439999999999998,25
95600,25.439999999999998,25
95700,25.439999999999998,25
95800,25.439999999999998,25
95900,25.439999999999998,25
96000,25.439999999999998,25
96100,25.439999999999998,25
96200,25.439999999999998,25
96300,25.439999999999998,25
96400,25.439999999999998,25
96500,25.439999999999998,25
96600,25.439999999999998,25
96700,25.439999999999998,25
96800,25.439999999999998,25
96900,25.439999999999998,25
97000,25.439999999999998,25
97100,25.439999999999998,25
97200,25.439999999999998,25
97300,25.439999999999998,25
97400,25.439999999999998,25
97500,25.439999999999998,25
97600,25.439999999999998,25
97700,25.439999999999998,25
97800,25.439999999999998,25
97900,25.439999999999998,25
98000,25.439999999999998,25
98100,25.439999999999998,25
98200,25.439999999999998,25
98300,25.439999999999998,25
98400,25.439999999999998,25
98500,25.439999999999998,25
98600,25.439999999999998,25
98700,25.439999999999998,25
98800,25.439999999999998,25
98900,25.439999999999998,25
99000,25.439999999999998,25
99100,25.439999999999998,25
99200,25.439999999999998,25
99300,25.439999999999998,25
99400,25.407999999999998,25
99500,25.407999999999998,25
99600,25.407999999999998,25
99700,25.407999999999998,25
99800,25.407999999999998,25
99900,25.407999999999998,25
100000,25.407999999999998,25
100100,25.407999999999998,25
100200,25.407999999999998,25
100300,25.407999999999998,25
100400,25.407999999999998,25
100500,25.407999999999998,25
100600,25.407999999999998,25
100700,25.407999999999998,25
100800,25.407999999999998,25
100900,25.407999999999998,25
101000,25.407999999999998,25
101100,25.407999999999998,25
101200,25.407999999999998,25
101300,25.407999999999998,25
101400,25.407999999999998,25
101500,25.407999999999998,25
101600,25.407999999999998,25
101700,25.407999999999998,25
101800,25.407999999999998,25
101900,25.407999999999998,25
102000,25.407999999999998,25
102100,25.407999999999998,25
102200,25.407999999999998,25
102300,25.407999999999998,25
102400,25.407999999999998,25
102500,25.407999999999998,25
102600,25.407999999999998,25
102700,25.407999999999998,25
102800,25.407999999999998,25
102900,25.407999999999998,25
103000,25.407999999999998,25
103100,25.407999999999998,25
103200,25.407999999999998,25
103300,25.407999999999998,25
103400,25.407999999999998,25
103500,25.407999999999998,25
103600,25.407999999999998,25
103700,25.407999999999998,25
103800,25.407999999999998,25
103900,25.407999999999998,25
104000,25.407999999999998,25
104100,25.407999999999998,25
104200,25.407999999999998,25
104300,25.407999999999998,25
104400,25.407999999999998,25
104500,25.407999999999998,25
104600,25.407999999999998,25
104700,25.407999999999998,25
104800,25.407999999999998,25
104900,25.407999999999998,25
105000,25.407999999999998,25
105100,25.407999999999998,25
105200,25.407999999999998,25
105300,25.407999999999998,25
105400,25.407999999999998,25
105500,25.407999999999998,25
105600,25.407999999999998,25
105700,24.896000000000004,25
105800,24.896000000000004,25
105900,24.896000000000004,25
106000,24.896000000000004,25
106100,24.896000000000004,25
106200,24.896000000000004,25
106300,24.896000000000004,25
106400,24.896000000000004,25
106500,24.896000000000004,25
106600,24.896000000000004,25
106700,24.896000000000004,25
106800,24.896000000000004,25
106900,24.727999999999998,25
107000,24.727999999999998,25
107100,24.727999999999998,25
107200,24.727999999999998,25
107300,24.727999999999998,25
107400,24.727999999999998,25
107500,24.727999999999998,25
107600,24.727999999999998,25
107700,24.727999999999998,25
107800,24.727999999999998,25
107900,24.727999999999998,25
108000,24.727999999999998,25
108100,24.727999999999998,25
108200,24.727999999999998,25
108300,24.727999999999998,25
108400,24.727999999999998,25
108500,24.727999999999998,25
108600,24.727999999999998,25
108700,24.727999999999998,25
108800,24.727999999999998,25
108900,24.727999999999998,25
109000,24.727999999999998,25
109100,24.727999999999998,25
109200,24.727999999999998,25
109300,24.727999999999998,25
109400,24.727999999999998,25
109500,24.727999999999998,25
109600,24.727999999999998,25
109700,24.727999999999998,25
109800,24.727999999999998,25
109900,24.727999999999998,25
110000,24.727999999999998,25
110100,24.727999999999998,25
110200,24.727999999999998,25
110300,24.727999999999998,25
110400,24.727999999999998,25
110500,24.727999999999998,25
110600,24.727999999999998,25
110700,24.727999999999998,25
110800,24.727999999999998,25
110900,24.727999999999998,25
111000,24.727999999999998,25
111100,24.727999999999998,25
111200,24.727999999999998,25
111300,24.727999999999998,25
111400,24.384,25
111500,24.384,25
111600,24.384,25
111700,24.384,25
111800,24.384,25
111900,24.136,25
112000,24.136,25
112100,24.136,25
112200,24.136,25
112300,24.136,25
112400,24.136,25
112500,24.136,25
112600,23.991999999999997,25
112700,23.991999999999997,25
112800,23.991999999999997,25
112900,23.991999999999997,25
113000,23.991999999999997,25
113100,23.991999999999997,25
113200,23.991999999999997,25
113300,23.991999999999997,25
113400,23.991999999999997,25
113500,23.991999999999997,25
113600,23.991999999999997,25
113700,23.991999999999997,25
113800,23.991999999999997,25
113900,23.991999999999997,25
114000,23.991999999999997,25
114100,23.991999999999997,25
114200,23.991999999999997,25
114300,23.991999999999997,25
114400,23.991999999999997,25
114500,23.991999999999997,25
114600,23.991999999999997,25
114700,23.991999999999997,25
114800,23.991999999999997,25
114900,23.991999999999997,25
115000,23.991999999999997,25
115100,23.936,25
115200,23.936,25
115300,23.936,25
115400,23.936,25
115500,23.936,25
115600,23.936,25
115700,23.936,25
115800,23.936,25
115900,23.936,25
116000,23.936,25
116100,23.936,25
116200,23.936,25
116300,23.936,25
116400,23.936,25
116500,23.936,25
116600,23.936,25
116700,23.936,25
116800,23.936,25
116900,23.936,25
117000,23.936,25
117100,23.936,25
117200,23.936,25
117300,23.936,25
117400,23.936,25
117500,23.8,25
117600,23.8,25
117700,23.8,25
117800,23.8,25
117900,23.8,25
118000,23.8,25
118100,23.8,25
118200,23.8,25
118300,23.8,25
118400,23.8,25
118500,23.8,25
118600,23.8,25
118700,23.8,25
118800,23.8,25
118900,23.8,25
119000,23.8,25
119100,23.8,25
119200,23.8,25
119300,23.8,25
119400,23.8,25
119500,23.8,25
119600,23.8,25
119700,23.8,25
119800,23.8,25
119900,23.8,25
120000,23.8,25
120100,23.8,25
120200,23.8,25
120300,23.8,25
120400,23.8,25
120500,23.8,25
120600,23.8,25
120700,23.8,25
120800,23.8,25
120900,23.8,25
121000,23.8,25
121100,23.8,25
121200,23.8,25
121300,23.8,25
121400,23.8,25
121500,23.8,25
121600,23.8,25
121700,23.8,25
121800,23.8,25
121900,23.8,25
122000,23.8,25
122100,23.8,25
122200,23.8,25
122300,23.8,25
122400,23.8,25
122500,23.8,25
122600,23.8,25
122700,23.8,25
122800,23.8,25
122900,23.8,25
123000,23.8,25
123100,23.8,25
123200,23.8,25
123300,23.8,25
123400,23.8,25
123500,23.8,25
123600,23.8,25
123700,23.8,25
123800,23.8,25
123900,23.799999999999997,25
124000,23.799999999999997,25
124100,23.799999999999997,25
124200,23.375999999999998,25
124300,23.375999999999998,25
124400,23.375999999999998,25
124500,23.375999999999998,25
124600,23.375999999999998,25
124700,23.375999999999998,25
124800,23.375999999999998,25
124900,23.375999999999998,25
125000,23.375999999999998,25
125100,23.375999999999998,25
125200,23.375999999999998,25
125300,23.375999999999998,25
125400,23.368000000000002,25
125500,23.368000000000002,25
125600,23.368000000000002,25
125700,23.368000000000002,25
125800,23.368000000000002,25
125900,23.368000000000002,25
126000,23.368000000000002,25
126100,23.368000000000002,25
126200,23.368000000000002,25
126300,23.368000000000002,25
126400,23.368000000000002,25
126500,23.368000000000002,25
126600,23.368000000000002,25
126700,23.368000000000002,25
126800,23.368000000000002,25
126900,23.368000000000002,25
127000,23.368000000000002,25
127100,23.368000000000002,25
127200,23.368000000000002,25
127300,23.368000000000002,25
127400,23.368000000000002,25
127500,23.368000000000002,25
127600,23.368000000000002,25
127700,23.368000000000002,25
127800,23.368000000000002,25
127900,23.368000000000002,25
128000,23.368000000000002,25
128100,23.368000000000002,25
128200,23.368000000000002,25
128300,23.368000000000002,25
128400,23.368000000000002,25
128500,23.160000000000004,25
128600,23.160000000000004,25
128700,23.160000000000004,25
128800,23.160000000000004,25
128900,23.160000000000004,25
129000,23.160000000000004,25
129100,22.832,24.8
129200,22.832,24.8
129300,22.832,24.8
129400,22.832,24.8
129500,22.832,24.8
129600,22.832,24.8
129700,22.832,24.8
129800,22.832,24.8
129900,22.832,24.8
130000,22.832,24.8
130100,22.832,24.8
130200,22.832,24.8
130300,22.832,24.8
130400,22.832,24.8
130500,22.832,24.8
130600,22.832,24.8
130700,22.832,24.8
130800,22.832,24.8
130900,22.832,24.8
131000,22.832,24.8
131100,22.832,24.8
131200,22.832,24.8
131300,22.832,24.8
131400,22.832,24.8
131500,22.832,24.8
131600,22.832,24.8
131700,22.832,24.8
131800,22.832,24.8
131900,22.832,24.8
132000,22.832,24.8
132100,22.832,24.8
132200,22.832,24.8
132300,22.832,24.8
132400,22.832,24.8
132500,22.832,24.8
132600,22.832,24.8
132700,22.832,24.8
132800,22.832,24.8
132900,22.832,24.8
133000,22.832,24.8
133100,22.832,24.8
133200,22.832,24.8
133300,22.832,24.8
133400,22.832,24.8
133500,22.832,24.8
133600,22.832,24.8
133700,22.832,24.8
133800,22.832,24.8
133900,22.832,24.8
134000,22.832,24.8
134100,22.832,24.8
134200,22.832,24.8
134300,22.832,24.8
134400,22.832,24.8
134500,22.832,24.8
134600,22.832,24.8
134700,22.832,24.8
134800,22.832,24.8
134900,22.832,24.8
135000,22.832,24.8
135100,22.832,24.8
135200,22.832,24.8
135300,22.832,24.8
135400,22.832,24.8
135500,22.832,24.8
135600,22.832,24.8
135700,22.832,24.8
135800,22.832,24.8
135900,22.832,24.8
136000,22.832,24.8
136100,22.832,24.8
136200,22.832,24.8
136300,22.832,24.8
136400,22.832,24.8
136500,22.832,24.8
136600,22.832,24.8
136700,22.832,24.8
136800,22.832,24.8
136900,22.832,24.8
137000,22.832,24.8
137100,22.832,24.8
137200,22.832,24.8
137300,22.832,24.8
137400,22.832,24.8
137500,22.832,24.8
137600,22.832,24.8
137700,22.832,24.8
137800,22.832,24.8
137900,22.688,24.8
138000,22.688,24.8
138100,22.688,24.8
138200,22.688,24.8
138300,22.688,24.8
138400,22.688,24.8
138500,22.688,24.8
138600,22.688,24.8
138700,22.688,24.8
138800,22.688,24.8
138900,22.688,24.8
139000,22.688,24.8
139100,22.688,24.8
139200,22.688,24.8
139300,22.688,24.8
139400,22.688,24.8
139500,22.688,24.8
139600,22.688,24.8
139700,22.688,24.8
139800,22.688,24.8
139900,22.688,24.8
140000,22.688,24.8
140100,22.688,24.8
140200,22.688,24.8
140300,22.688,24.8
140400,22.688,24.8
140500,22.688,24.8
140600,22.688,24.8
140700,22.688,24.8
140800,22.688,24.8
140900,22.688,24.8
141000,22.688,24.8
141100,22.688,24.8
141200,22.688,24.8
141300,22.688,24.8
141400,22.688,24.8
141500,22.688,24.8
141600,22.688,24.8
141700,22.688,24.8
141800,22.688,24.8
141900,22.688,24.8
142000,22.688,24.8
142100,22.688,24.8
142200,22.688,24.8
142300,22.688,24.8
142400,22.688,24.8
142500,22.688,24.8
142600,22.688,24.8
142700,22.688,24.8
142800,22.688,24.8
142900,22.688,24.8
143000,22.688,24.8
143100,22.688,24.8
143200,22.688,24.8
143300,22.688,24.8
143400,22.688,24.8
143500,22.688,24.8
143600,22.688,24.8
143700,22.688,24.8
143800,22.688,24.8
143900,22.688,24.8
144000,22.688,24.8
144100,22.688,24.8
144200,22.688,24.8
144300,22.688,24.8
144400,22.688,24.8
144500,22.424,25
144600,22.424,25
144700,22.424,25
144800,22.424,25
144900,22.424,25
145000,22.424,25
145100,22.424,25
145200,22.424,25
145300,22.424,25
145400,22.424,25
145500,22.424,25
145600,22.424,25
145700,22.424,25
145800,22.424,25
145900,22.424,25
146000,22.424,25
146100,22.424,25
146200,22.424,25
146300,22.424,25
146400,22.424,25
146500,22.424,25
146600,22.424,25
146700,22.424,25
146800,22.424,25
146900,22.424,25
147000,22.424,25
147100,22.424,25
147200,22.424,25
147300,22.424,25
147400,22.424,25
147500,22.424,25
147600,22.424,25
147700,22.424,25
147800,22.424,25
147900,22.424,25
148000,22.424,25
148100,22.424,25
148200,22.424,25
148300,22.424,25
148400,22.424,25
148500,22.360000000000003,25
148600,22.360000000000003,25
148700,22.360000000000003,25
148800,22.360000000000003,25
148900,22.360000000000003,25
149000,22.360000000000003,25
149100,22.360000000000003,25
149200,22.360000000000003,25
149300,22.360000000000003,25
149400,22.360000000000003,25
149500,22.360000000000003,25
149600,22.360000000000003,25
149700,22.360000000000003,25
149800,22.360000000000003,25
149900,22.360000000000003,25
150000,22.360000000000003,25
150100,22.360000000000003,25
150200,22.360000000000003,25
150300,22.360000000000003,25
150400,22.360000000000003,25
150500,22.360000000000003,25
150600,22.360000000000003,25
150700,22.360000000000003,25
150800,22.360000000000003,25
150900,22.360000000000003,25
151000,22.360000000000003,25
151100,22.360000000000003,25
151200,22.360000000000003,25
151300,22.360000000000003,25
151400,22.360000000000003,25
151500,22.360000000000003,25
151600,22.360000000000003,25
151700,22.360000000000003,25
151800,22.360000000000003,25
151900,22.360000000000003,25
152000,22.360000000000003,25
152100,22.360000000000003,25
152200,22.360000000000003,25
152300,22.360000000000003,25
152400,22.360000000000003,25
152500,22.360000000000003,25
152600,22.360000000000003,25
152700,22.360000000000003,25
152800,22.360000000000003,25
152900,22.360000000000003,25
153000,22.360000000000003,25
153100,22.360000000000003,25
153200,22.360000000000003,25
153300,22.360000000000003,25
153400,22.360000000000003,25
153500,22.360000000000003,25
153600,22.360000000000003,25
153700,22.360000000000003,25
153800,22.360000000000003,25
153900,22.360000000000003,25
154000,22.360000000000003,25
154100,22.360000000000003,25
154200,22.360000000000003,25
154300,22.360000000000003,25
154400,22.360000000000003,25
154500,22.360000000000003,25
154600,22.360000000000003,25
154700,22.360000000000003,25
154800,22.360000000000003,25
154900,22.360000000000003,25
155000,22.360000000000003,25
155100,22.360000000000003,25
155200,22.360000000000003,25
155300,22.360000000000003,25
155400,22.360000000000003,25
155500,22.360000000000003,25
155600,22.360000000000003,25
155700,22.360000000000003,25
155800,22.360000000000003,25
155900,22.360000000000003,25
156000,22.360000000000003,25
156100,22.360000000000003,25
156200,22.360000000000003,25
156300,22.360000000000003,25
156400,22.360000000000003,25
156500,22.360000000000003,25
156600,22.360000000000003,25
156700,22.360000000000003,25
156800,22.360000000000003,25
156900,22.360000000000003,25
157000,22.360000000000003,25
157100,22.360000000000003,25
157200,22.360000000000003,25
157300,22.360000000000003,25
157400,22.360000000000003,25
157500,22.360000000000003,25
157600,22.360000000000003,25
157700,22.360000000000003,25
157800,22.360000000000003,25
157900,22.360000000000003,25
158000,22.360000000000003,25
158100,22.360000000000003,25
158200,22.360000000000003,25
158300,22.360000000000003,25
158400,22.360000000000003,25
158500,22.360000000000003,25
158600,22.360000000000003,25
158700,22.360000000000003,25
158800,22.360000000000003,25
158900,22.360000000000003,25
159000,22.360000000000003,25
159100,22.360000000000003,25
159200,22.360000000000003,25
159300,22.360000000000003,25
159400,22.360000000000003,25
159500,22.360000000000003,25
159600,22.360000000000003,25
159700,22.360000000000003,25
159800,22.360000000000003,25
159900,22.360000000000003,25
160000,22.360000000000003,25
160100,22.360000000000003,25
160200,22.360000000000003,25
160300,22.360000000000003,25
160400,22.360000000000003,25
160500,22.360000000000003,25
160600,22.360000000000003,25
160700,22.360000000000003,25
160800,22.360000000000003,25
160900,22.360000000000003,25
161000,22.360000000000003,25
161100,22.360000000000003,25
161200,22.360000000000003,25
161300,21.696,25
161400,21.696,25
161500,21.696,25
161600,21.696,25
161700,21.696,25
161800,21.696,25
161900,21.696,25
162000,21.696,25
162100,21.696,25
162200,21.696,25
162300,21.696,25
162400,21.696,25
162500,21.696,25
162600,21.696,25
162700,21.696,25
162800,21.696,25
162900,21.696,25
163000,21.696,25
163100,21.696,25
163200,21.696,25
163300,21.696,25
163400,21.696,25
163500,21.696,25
163600,21.696,25
163700,21.696,25
163800,21.696,25
163900,21.663999999999998,24.8
164000,21.663999999999998,24.8
164100,21.663999999999998,24.8
164200,21.663999999999998,24.8
164300,21.663999999999998,24.8
164400,21.663999999999998,24.8
164500,21.663999999999998,24.8
164600,21.663999999999998,24.8
164700,21.663999999999998,24.8
164800,21.663999999999998,24.8
164900,21.663999999999998,24.8
165000,21.663999999999998,24.8
165100,21.663999999999998,24.8
165200,21.663999999999998,24.8
165300,21.663999999999998,24.8
165400,21.663999999999998,24.8
165500,21.663999999999998,24.8
165600,21.663999999999998,24.8
165700,21.663999999999998,24.8
165800,21.663999999999998,24.8
165900,21.479999999999997,24.8
166000,21.479999999999997,24.8
166100,21.479999999999997,24.8
166200,21.479999999999997,24.8
166300,21.479999999999997,24.8
166400,21.479999999999997,24.8
166500,21.479999999999997,24.8
166600,21.479999999999997,24.8
166700,21.479999999999997,24.8
166800,21.479999999999997,24.8
166900,21.479999999999997,24.8
167000,21.479999999999997,24.8
167100,21.479999999999997,24.8
167200,21.479999999999997,24.8
167300,21.479999999999997,24.8
167400,21.479999999999997,24.8
167500,21.479999999999997,24.8
167600,21.479999999999997,24.8
167700,21.479999999999997,24.8
167800,21.479999999999997,24.8
167900,21.479999999999997,24.8
168000,21.479999999999997,24.8
168100,21.479999999999997,24.8
168200,21.479999999999997,24.8
168300,21.479999999999997,24.8
168400,21.479999999999997,24.8
168500,21.479999999999997,24.8
168600,21.479999999999997,24.8
168700,21.479999999999997,24.8
168800,21.479999999999997,24.8
168900,21.479999999999997,24.8
169000,21.479999999999997,24.8
169100,21.479999999999997,24.8
169200,21.479999999999997,24.8
169300,21.479999999999997,24.8
169400,21.479999999999997,24.8
169500,21.479999999999997,24.8
169600,21.479999999999997,24.8
169700,21.479999999999997,24.8
169800,21.479999999999997,24.8
169900,21.479999999999997,24.8
170000,21.479999999999997,24.8
170100,21.479999999999997,24.8
170200,21.479999999999997,24.8
170300,21.479999999999997,24.8
170400,21.479999999999997,24.8
170500,21.479999999999997,24.8
170600,21.479999999999997,24.8
170700,21.479999999999997,24.8
170800,21.479999999999997,24.8
170900,21.479999999999997,24.8
171000,21.479999999999997,24.8
171100,21.479999999999997,24.8
171200,21.479999999999997,24.8
171300,21.479999999999997,24.8
171400,21.479999999999997,24.8
171500,21.479999999999997,24.8
171600,21.479999999999997,24.8
171700,21.479999999999997,24.8
171800,21.479999999999997,24.8
171900,21.479999999999997,24.8
172000,21.479999999999997,24.8
172100,21.479999999999997,24.8
172200,21.479999999999997,24.8
172300,21.479999999999997,24.8
172400,21.479999999999997,24.8
172500,21.479999999999997,24.8
172600,21.479999999999997,24.8
172700,21.479999999999997,24.8
172800,21.479999999999997,24.8
172900,21.479999999999997,24.8
173000,21.479999999999997,24.8
173100,21.479999999999997,24.8
173200,21.479999999999997,24.8
173300,21.479999999999997,24.8
173400,21.479999999999997,24.8
173500,21.479999999999997,24.8
173600,21.479999999999997,24.8
173700,21.479999999999997,24.8
173800,21.479999999999997,24.8
173900,21.479999999999997,24.8
174000,21.479999999999997,24.8
174100,21.479999999999997,24.8
174200,21.479999999999997,24.8
174300,21.464,24.8
174400,21.464,24.8
174500,21.464,24.8
174600,21.464,24.8
174700,21.464,24.8
174800,21.464,24.8
174900,21.464,24.8
175000,21.464,24.8
175100,21.464,24.8
175200,21.464,24.8
175300,21.464,24.8
175400,21.464,24.8
175500,21.464,24.8
175600,21.464,24.8
175700,21.464,24.8
175800,21.464,24.8
175900,21.464,24.8
176000,21.464,24.8
176100,21.464,24.8
176200,21.464,24.8
176300,21.464,24.8
176400,21.464,24.8
176500,21.464,24.8
176600,21.464,24.8
176700,21.464,24.8
176800,21.464,24.8
176900,21.464,24.8
177000,21.464,24.8
177100,21.464,24.8
177200,21.464,24.8
177300,21.464,24.8
177400,21.464,24.8
177500,21.464,24.8
177600,21.464,24.8
177700,21.464,24.8
177800,21.464,24.8
177900,21.464,24.8
178000,21.464,24.8
178100,21.464,24.8
178200,21.464,24.8
178300,21.464,24.8
178400,21.464,24.8
178500,21.415999999999997,24.8
178600,21.415999999999997,24.8
178700,21.415999999999997,24.8
178800,21.415999999999997,24.8
178900,21.415999999999997,24.8
179000,21.415999999999997,24.8
179100,21.415999999999997,24.8
179200,21.415999999999997,24.8
179300,21.415999999999997,24.8
179400,21.415999999999997,24.8
179500,21.415999999999997,24.8
179600,21.415999999999997,24.8
179700,21.415999999999997,24.8
179800,21.415999999999997,24.8
179900,21.415999999999997,24.8
180000,21.415999999999997,24.8
180100,21.415999999999997,24.8
180200,21.415999999999997,24.8
180300,21.415999999999997,24.8
180400,21.415999999999997,24.8
180500,21.415999999999997,24.8
180600,21.415999999999997,24.8
180700,21.415999999999997,24.8
180800,21.415999999999997,24.8
180900,21.415999999999997,24.8
181000,21.415999999999997,24.8
181100,21.415999999999997,24.8
181200,21.415999999999997,24.8
181300,21.415999999999997,24.8
181400,21.415999999999997,24.8
181500,21.415999999999997,24.8
181600,21.415999999999997,24.8
181700,21.415999999999997,24.8
181800,21.415999999999997,24.8
181900,21.415999999999997,24.8
182000,21.415999999999997,24.8
182100,21.415999999999997,24.8
182200,21.415999999999997,24.8
182300,21.415999999999997,24.8
182400,21.415999999999997,24.8
182500,21.415999999999997,24.8
182600,21.415999999999997,24.8
182700,21.415999999999997,24.8
182800,21.415999999999997,24.8
182900,21.415999999999997,24.8
183000,21.415999999999997,24.8
183100,21.415999999999997,24.8
183200,21.415999999999997,24.8
183300,21.415999999999997,24.8
183400,21.415999999999997,24.8
183500,21.415999999999997,24.8
183600,21.415999999999997,24.8
183700,21.415999999999997,24.8
183800,21.415999999999997,24.8
183900,21.415999999999997,24.8
184000,21.415999999999997,24.8
184100,21.415999999999997,24.8
184200,21.415999999999997,24.8
184300,21.415999999999997,24.8
184400,21.415999999999997,24.8
184500,21.415999999999997,24.8
184600,21.415999999999997,24.8
184700,21.415999999999997,24.8
184800,21.415999999999997,24.8
184900,21.415999999999997,24.8
185000,21.415999999999997,24.8
185100,21.415999999999997,24.8
185200,21.415999999999997,24.8
185300,21.415999999999997,24.8
185400,21.415999999999997,24.8
185500,21.415999999999997,24.8
185600,21.415999999999997,24.8
185700,21.415999999999997,24.8
185800,21.415999999999997,24.8
185900,21.415999999999997,24.8
186000,21.415999999999997,24.8
186100,21.415999999999997,24.8
186200,21.415999999999997,24.8
186300,21.415999999999997,24.8
186400,21.415999999999997,24.8
186500,21.415999999999997,24.8
186600,21.415999999999997,24.8
186700,21.415999999999997,24.8
186800,21.415999999999997,24.8
186900,21.415999999999997,24.8
187000,21.415999999999997,24.8
187100,21.415999999999997,24.8
187200,21.415999999999997,24.8
187300,21.415999999999997,24.8
187400,21.415999999999997,24.8
187500,21.415999999999997,24.8
187600,21.415999999999997,24.8
187700,21.415999999999997,24.8
187800,21.415999999999997,24.8
187900,21.415999999999997,24.8
188000,21.415999999999997,24.8
188100,21.415999999999997,24.8
188200,21.415999999999997,24.8
188300,21.415999999999997,24.8
188400,21.415999999999997,24.8
188500,21.415999999999997,24.8
188600,21.415999999999997,24.8
188700,21.415999999999997,24.8
188800,21.415999999999997,24.8
188900,21.415999999999997,24.8
189000,21.415999999999997,24.8
189100,21.415999999999997,24.8
189200,21.415999999999997,24.8
189300,21.415999999999997,24.8
189400,21.415999999999997,24.8
189500,21.415999999999997,24.8
189600,21.415999999999997,24.8
189700,21.415999999999997,24.8
189800,21.415999999999997,24.8
189900,21.415999999999997,24.8
190000,21.415999999999997,24.8
190100,21.415999999999997,24.8
190200,21.415999999999997,24.8
190300,21.415999999999997,24.8
190400,21.415999999999997,24.8
190500,21.415999999999997,24.8
190600,21.415999999999997,24.8
190700,21.415999999999997,24.8
190800,21.415999999999997,24.8
190900,21.415999999999997,24.8
191000,21.415999999999997,24.8
191100,21.415999999999997,24.8
191200,21.415999999999997,24.8
191300,21.415999999999997,24.8
191400,21.415999999999997,24.8
191500,21.415999999999997,24.8
191600,21.415999999999997,24.8
191700,21.415999999999997,24.8
191800,21.415999999999997,24.8
191900,21.415999999999997,24.8
192000,21.415999999999997,24.8
192100,21.415999999999997,24.8
192200,21.415999999999997,24.8
192300,21.415999999999997,24.8
192400,21.415999999999997,24.8
192500,21.415999999999997,24.8
192600,21.415999999999997,24.8
192700,21.415999999999997,24.8
192800,21.415999999999997,24.8
192900,21.415999999999997,24.8
193000,21.415999999999997,24.8
193100,21.415999999999997,24.8
193200,21.415999999999997,24.8
193300,21.415999999999997,24.8
193400,21.415999999999997,24.8
193500,21.415999999999997,24.8
193600,21.415999999999997,24.8
193700,21.415999999999997,24.8
193800,21.415999999999997,24.8
193900,21.415999999999997,24.8
194000,21.415999999999997,24.8
194100,21.415999999999997,24.8
194200,21.415999999999997,24.8
194300,21.415999999999997,24.8
194400,21.415999999999997,24.8
194500,21.415999999999997,24.8
194600,21.415999999999997,24.8
194700,21.415999999999997,24.8
194800,21.415999999999997,24.8
194900,21.415999999999997,24.8
195000,21.415999999999997,24.8
195100,21.415999999999997,24.8
195200,21.415999999999997,24.8
195300,21.415999999999997,24.8
195400,21.415999999999997,24.8
195500,21.415999999999997,24.8
195600,21.415999999999997,24.8
195700,21.415999999999997,24.8
195800,21.415999999999997,24.8
195900,21.415999999999997,24.8
196000,21.415999999999997,24.8
196100,21.415999999999997,24.8
196200,21.415999999999997,24.8
196300,21.415999999999997,24.8
196400,21.415999999999997,24.8
196500,21.415999999999997,24.8
196600,21.415999999999997,24.8
196700,21.415999999999997,24.8
196800,21.36,24.8
196900,21.36,24.8
197000,21.36,24.8
197100,21.36,24.8
197200,21.36,24.8
197300,21.36,24.8
197400,21.36,24.8
197500,21.36,24.8
197600,21.36,24.8
197700,21.36,24.8
197800,21.36,24.8
197900,21.36,24.8
198000,21.36,24.8
198100,21.36,24.8
198200,21.36,24.8
198300,21.36,24.8
198400,21.36,24.8
198500,21.36,24.8
198600,21.36,24.8
198700,21.36,24.8
198800,21.36,24.8
198900,21.36,24.8
199000,21.36,24.8
199100,21.36,24.8
199200,21.36,24.8
199300,21.36,24.8
199400,21.36,24.8
199500,21.36,24.8
199600,21.36,24.8
199700,21.36,24.8
199800,21.36,24.8
199900,21.36,24.8
199999,21.36,24.8

START ALGORITHM
h10: (a31) * (b45 - b41 - b45 - b13 - b42)
h24: (a13) * (-b55)
h30: (-a14) * (b31 + b21 + b15 + b54 + b14 - b51 - b51)
h38: (a45 - a23) * (-b35 - b42)
h47: (a42) * (b34 - b21 - b21)
h53: (a52 - a14 - a25) * (-b34)
h54: (a54 + a51) * (-b12 - b35)
h66: (a22 + a14 + a11 - a31 - a23 - a51) * (b55)
h71: (a42 + a45 - a42) * (b45 - b12)
h83: (-a22) * (b34 - b33 - b13 - b42)
h84: (a22 - a34 - a23 - a44 - a22) * (b33 - b52)
h86: (a13) * (b15 - b43 - b33)
h91: (a52 + a21 + a55 - a13) * (b12 + b22 - b24)
h95: (a33 + a11 + a42) * (b24 + b11 - b15 - b41)
h100: (a53) * (b11)
h101: (-a52) * (-b33)
h104: (a45 + a43 + a32) * (-b23)
h118: (a52 + a51) * (b22 - b55)
h122: (a23) * (b14 - b54)
h132: (a55) * (-b54)
h135: (a35 - a43) * (b53 - b11 - b51)
h144: (-a45) * (b34)
h215: (-a52) * (-b25)
h259: (a41 - a22 - a12) * (-b51)
h261: (a25 + a35) * (b51 - b43 - b13 - b54)
h276: (a44 - a13 - a52 - a11) * (b54 - b52)
h306: (-a11) * (b34 + b42 + b11 + b33 - b13 - b31 - b34 - b35)
h313: (-a55) * (b54 + b55 + b41 - b53 - b32)
h487: (a12 + a31 + a15 + a55 - a15 - a43) * (b41)
h913: (a35) * (b42)
h1226: (-a23) * (-b43 - b22 - b33 - b52 - b33)
h1305: (a31 - a31) * (b54)
h1348: (a22 - a42) * (b32 + b54 + b43 + b45 - b42)
h1802: (a45) * (b21 + b51 + b41 + b13 - b23 - b51 - b22)
h1804: (a44 - a53) * (b32)
h3176: (-a43) * (b33 - b42 - b21)
h6005: (-a54) * (b31)
h7987: (-a51 - a15 - a51 - a24) * (b42 + b24 - b14)
h8463: (-a32) * (b34 - b21)
h8697: (-a53) * (b53 - b41 - b51 - b52 - b13)
h13922: (-a42) * (b51 + b24)
h14898: (-a32 - a44) * (b52 + b53 - b43 - b42 - b33 - b43 - b32)
h17253: (a23 + a21 + a55 + a34 + a22 + a53 - a31 - a52) * (b53 - b44)
h18228: (-a33) * (b33 - b11)
h18502: (a15) * (b11 + b24 + b24 + b43 + b15 + b22 + b35)
h25906: (a34 + a24) * (b42)
h35949: (-a41) * (b33)
h45470: (a33 + a33) * (-b53)
h46628: (a15 + a32 - a54 - a31) * (b51 - b13 - b52)
h47344: (a12 + a52 + a53 - a51) * (-b45)
h56574: (a22) * (b52)
h64776: (-a35) * (b24)
h72452: (a55) * (b23 - b45)
h82182: (a53 - a32) * (b12 + b42)
h87411: (a21 + a52 - a12 - a22) * (b25 - b11 - b45)
h89440: (a43) * (b13 + b43 + b12 + b24 + b24 + b43 - b54 - b33)
c11: h54 + h71 
c12: h100 - h47344 
c13: h46628 - h56574 
c14: h66 + h135 + h10 + h46628 - h10 
c15: h101 + h1226 
c21: h54 + h100 + h1802 
c22: h10 - h38 - h89440 
c23: h18228 + h215 
c24: h101 + h1348 - h86 - h132 
c25: h306 - h14898 
c31: h1802 + h8697 + h35949 - h1804 
c32: h38 + h13922 - h17253 
c33: h118 + h118 
c34: h913 - h18502 - h82182 
c35: h135 + h313 
c41: h71 + h1802 + h8463 - h71 - h122 
c42: h84 + h313 + h259 + h53 - h261 
c43: h84 + h104 + h72452 - h7987 - h64776 
c44: h30 + h24 + h7987 
c45: h259 + h95 - h83 - h6005 
c51: h276 + h487 
c52: h3176 + h144 - h25906 
c53: h144 + h95 - h91 - h215 
c54: h1305 + h45470 + h87411 - h8697 
c55: h47 + h104 - h53 
