0,184.85600000000002,25
100,135.96800000000002,24.8
200,104.43199999999999,24.8
300,89.48800000000001,24.8
400,88.32000000000001,24.8
500,77.26400000000001,25
600,71.12,24.8
700,66.72,25
800,60.176,25
900,52.56,25
1000,52.19199999999999,25
1100,51.056,25
1200,50.28000000000001,25
1300,48.44,25
1400,48.37599999999999,25
1500,48.37599999999999,25
1600,47.672000000000004,25
1700,47.216,25
1800,47.088,25
1900,47.088,25
2000,46.504000000000005,25
2100,45.448,25
2200,45.088,25
2300,44.872,25
2400,44.872,25
2500,44.872,25
2600,43.656,25
2700,43.656,25
2800,43.352,25
2900,43.352,25
3000,43.2,25
3100,43,25
3200,43,25
3300,43,25
3400,43,25
3500,43,25
3600,43,25
3700,43,25
3800,43,25
3900,43,25
4000,43,25
4100,43,25
4200,43,25
4300,43,25
4400,43,25
4500,43,25
4600,42.096,25
4700,42.096,25
4800,42.096,25
4900,42.047999999999995,25
5000,42.047999999999995,25
5100,42.047999999999995,25
5200,42.047999999999995,25
5300,42.047999999999995,25
5400,42.047999999999995,25
5500,42.047999999999995,25
5600,42.047999999999995,25
5700,42.047999999999995,25
5800,41.992000000000004,25
5900,41.992000000000004,25
6000,41.504,25
6100,41.504,25
6200,41.504,25
6300,41.504,25
6400,41.504,25
6500,41.504,25
6600,41.504,25
6700,41.504,25
6800,41.504,25
6900,41.504,25
7000,41.336,25
7100,40.856,25
7200,40.568000000000005,25
7300,40.568000000000005,25
7400,40.568000000000005,25
7500,40.44,25
7600,40.432,24.6
7700,40.408,24.6
7800,39.072,24.6
7900,39.072,24.6
8000,39.072,24.6
8100,39.072,24.6
8200,38.84,24.6
8300,38.84,24.6
8400,38.84,24.6
8500,38.8,24.6
8600,38.8,24.6
8700,38.8,24.6
8800,38.8,24.6
8900,38.8,24.6
9000,38.8,24.6
9100,38.8,24.6
9200,38.8,24.6
9300,38.8,24.6
9400,38.8,24.6
9500,38.8,24.6
9600,38.568,24.6
9700,38.568,24.6
9800,38.568,24.6
9900,38.568,24.6
10000,38.36800000000001,24.6
10100,38.36800000000001,24.6
10200,38.36800000000001,24.6
10300,38.12800000000001,24.6
10400,38.12800000000001,24.6
10500,37.879999999999995,24.2
10600,37.879999999999995,24.2
10700,37.879999999999995,24.2
10800,37.879999999999995,24.2
10900,37.784000000000006,24.2
11000,37.784000000000006,24.2
11100,37.784000000000006,24.2
11200,37.344,24.2
11300,37.344,24.2
11400,37.344,24.2
11500,37.344,24.2
11600,37.344,24.2
11700,37.344,24.2
11800,37.31999999999999,24
11900,37.071999999999996,24.2
12000,37.071999999999996,24.2
12100,36.336,24.2
12200,36.336,24.2
12300,36.336,24.2
12400,36.336,24.2
12500,36.336,24.2
12600,36.336,24.2
12700,36.336,24.2
12800,36.336,24.2
12900,36.336,24.2
13000,36.216,24.2
13100,36.216,24.2
13200,36.216,24.2
13300,36.216,24.2
13400,36.216,24.2
13500,36.216,24.2
13600,36.216,24.2
13700,36.216,24.2
13800,36.216,24.2
13900,36.216,24.2
14000,36.216,24.2
14100,35.839999999999996,24.2
14200,35.839999999999996,24.2
14300,35.839999999999996,24.2
14400,35.839999999999996,24.2
14500,35.839999999999996,24.2
14600,35.839999999999996,24.2
14700,35.64,24.2
14800,35.64,24.2
14900,35.64,24.2
15000,35.64,24.2
15100,35.64,24.2
15200,35.64,24.2
15300,35.64,24.2
15400,35.64,24.2
15500,35.64,24.2
15600,35.64,24.2
15700,35.64,24.2
15800,35.64,24.2
15900,35.64,24.2
16000,35.64,24.2
16100,35.64,24.2
16200,35.64,24.2
16300,35.64,24.2
16400,35.64,24.2
16500,35.64,24.2
16600,35.64,24.2
16700,35.64,24.2
16800,35.64,24.2
16900,35.64,24.2
17000,35.64,24.2
17100,35.64,24.2
17200,35.64,24.2
17300,35.64,24.2
17400,35.64,24.2
17500,35.64,24.2
17600,35.64,24.2
17700,35.64,24.2
17800,35.64,24.2
17900,35.64,24.2
18000,35.64,24.2
18100,35.64,24.2
18200,35.64,24.2
18300,35.64,24.2
18400,35.64,24.2
18500,35.64,24.2
18600,35.64,24.2
18700,35.64,24.2
18800,35.64,24.2
18900,35.64,24.2
19000,35.64,24.2
19100,35.64,24.2
19200,35.64,24.2
19300,35.64,24.2
19400,35.64,24.2
19500,35.64,24.2
19600,35.64,24.2
19700,35.64,24.2
19800,35.64,24.2
19900,35.64,24.2
20000,35.64,24.2
20100,35.64,24.2
20200,35.64,24.2
20300,35.64,24.2
20400,35.64,24.2
20500,35.64,24.2
20600,35.64,24.2
20700,35.536,24.2
20800,35.184000000000005,24.2
20900,35.184000000000005,24.2
21000,35.184000000000005,24.2
21100,35.056,24.2
21200,35.056,24.2
21300,35.056,24.2
21400,35.056,24.2
21500,35.056,24.2
21600,35.056,24.2
21700,34.88000000000001,24.2
21800,34.88000000000001,24.2
21900,34.88000000000001,24.2
22000,34.88000000000001,24.2
22100,34.70399999999999,24.2
22200,34.6,24.2
22300,34.6,24.2
22400,34.6,24.2
22500,34.6,24.2
22600,34.6,24.2
22700,34.528,24.2
22800,34.528,24.2
22900,34.528,24.2
23000,34.528,24.2
23100,34.104,24.6
23200,34.104,24.6
23300,33.839999999999996,24.6
23400,33.839999999999996,24.6
23500,33.80800000000001,24.6
23600,33.80800000000001,24.6
23700,33.80800000000001,24.6
23800,33.80800000000001,24.6
23900,33.80800000000001,24.6
24000,33.80800000000001,24.6
24100,33.80800000000001,24.6
24200,33.80800000000001,24.6
24300,33.80800000000001,24.6
24400,33.80800000000001,24.6
24500,33.80800000000001,24.6
24600,33.80800000000001,24.6
24700,33.80800000000001,24.6
24800,33.775999999999996,24.6
24900,33.775999999999996,24.6
25000,33.775999999999996,24.6
25100,33.775999999999996,24.6
25200,33.775999999999996,24.6
25300,33.775999999999996,24.6
25400,33.775999999999996,24.6
25500,33.775999999999996,24.6
25600,33.775999999999996,24.6
25700,33.775999999999996,24.6
25800,33.775999999999996,24.6
25900,33.775999999999996,24.6
26000,33.544000000000004,24.6
26100,33.52,24.6
26200,33.416000000000004,24.6
26300,33.416000000000004,24.6
26400,32.824,24.6
26500,32.824,24.6
26600,32.824,24.6
26700,32.824,24.6
26800,32.824,24.6
26900,32.824,24.6
27000,32.824,24.6
27100,32.824,24.6
27200,32.824,24.6
27300,32.824,24.6
27400,32.824,24.6
27500,32.824,24.6
27600,32.824,24.6
27700,32.824,24.6
27800,32.824,24.6
27900,32.824,24.6
28000,32.416000000000004,24.6
28100,32.416000000000004,24.6
28200,32.416000000000004,24.6
28300,32.416000000000004,24.6
28400,32.416000000000004,24.6
28500,32.416000000000004,24.6
28600,32.416000000000004,24.6
28700,32.416000000000004,24.6
28800,32.416000000000004,24.6
28900,32.416000000000004,24.6
29000,32.416000000000004,24.6
29100,31.863999999999997,24.6
29200,31.863999999999997,24.6
29300,31.863999999999997,24.6
29400,31.863999999999997,24.6
29500,31.863999999999997,24.6
29600,31.863999999999997,24.6
29700,31.863999999999997,24.6
29800,31.863999999999997,24.6
29900,31.863999999999997,24.6
30000,31.863999999999997,24.6
30100,31.639999999999997,24.6
30200,31.639999999999997,24.6
30300,31.639999999999997,24.6
30400,31.639999999999997,24.6
30500,31.639999999999997,24.6
30600,31.639999999999997,24.6
30700,31.639999999999997,24.6
30800,31.639999999999997,24.6
30900,31.248,24.4
31000,31.248,24.4
31100,31.248,24.4
31200,31.248,24.4
31300,31.248,24.4
31400,31.248,24.4
31500,31.248,24.4
31600,31.248,24.4
31700,31.248,24.4
31800,31.248,24.4
31900,31.248,24.4
32000,31.248,24.4
32100,31.248,24.4
32200,31.088,24.8
32300,31.088,24.8
32400,31.088,24.8
32500,31.088,24.8
32600,31.088,24.8
32700,31.088,24.8
32800,31.088,24.8
32900,31.088,24.8
33000,31.088,24.8
33100,31.088,24.8
33200,31.088,24.8
33300,31.088,24.8
33400,31.088,24.8
33500,31.088,24.8
33600,31.088,24.8
33700,31.088,24.8
33800,31.088,24.8
33900,31.088,24.8
34000,30.887999999999998,24.8
34100,30.887999999999998,24.8
34200,30.887999999999998,24.8
34300,30.887999999999998,24.8
34400,30.887999999999998,24.8
34500,30.887999999999998,24.8
34600,30.887999999999998,24.8
34700,30.887999999999998,24.8
34800,30.887999999999998,24.8
34900,30.887999999999998,24.8
35000,30.887999999999998,24.8
35100,30.887999999999998,24.8
35200,30.695999999999998,24.8
35300,30.695999999999998,24.8
35400,30.695999999999998,24.8
35500,30.695999999999998,24.8
35600,30.695999999999998,24.8
35700,30.695999999999998,24.8
35800,30.695999999999998,24.8
35900,30.695999999999998,24.8
36000,30.695999999999998,24.8
36100,30.695999999999998,24.8
36200,30.695999999999998,24.8
36300,30.695999999999998,24.8
36400,30.695999999999998,24.8
36500,30.6,24.6
36600,30.6,24.6
36700,30.592000000000002,24.6
36800,30.592000000000002,24.6
36900,30.592000000000002,24.6
37000,30.592000000000002,24.6
37100,30.592000000000002,24.6
37200,30.592000000000002,24.6
37300,30.592000000000002,24.6
37400,30.592000000000002,24.6
37500,30.592000000000002,24.6
37600,30.592000000000002,24.6
37700,30.592000000000002,24.6
37800,30.592000000000002,24.6
37900,30.592000000000002,24.6
38000,30.576,24.6
38100,30.576,24.6
38200,30.503999999999998,24.6
38300,30.503999999999998,24.6
38400,30.503999999999998,24.6
38500,30.503999999999998,24.6
38600,30.503999999999998,24.6
38700,30.503999999999998,24.6
38800,30.503999999999998,24.6
38900,30.503999999999998,24.6
39000,30.503999999999998,24.6
39100,30.503999999999998,24.6
39200,30.503999999999998,24.6
39300,30.503999999999998,24.6
39400,30.503999999999998,24.6
39500,30.503999999999998,24.6
39600,30.503999999999998,24.6
39700,30.503999999999998,24.6
39800,30.503999999999998,24.6
39900,30.503999999999998,24.6
40000,30.503999999999998,24.6
40100,29.992,24.6
40200,29.992,24.6
40300,29.992,24.6
40400,29.992,24.6
40500,29.992,24.6
40600,29.992,24.6
40700,29.992,24.6
40800,29.992,24.6
40900,29.992,24.6
41000,29.992,24.6
41100,29.992,24.6
41200,29.992,24.6
41300,29.992,24.6
41400,29.992,24.6
41500,29.992,24.6
41600,29.992,24.6
41700,29.992,24.6
41800,29.992,24.6
41900,29.992,24.6
42000,29.992,24.6
42100,29.992,24.6
42200,29.992,24.6
42300,29.992,24.6
42400,29.992,24.6
42500,29.992,24.6
42600,29.992,24.6
42700,29.992,24.6
42800,29.992,24.6
42900,29.992,24.6
43000,29.992,24.6
43100,29.880000000000003,24.6
43200,29.880000000000003,24.6
43300,29.880000000000003,24.6
43400,29.880000000000003,24.6
43500,29.880000000000003,24.6
43600,29.880000000000003,24.6
43700,29.880000000000003,24.6
43800,29.880000000000003,24.6
43900,29.880000000000003,24.6
44000,29.880000000000003,24.6
44100,29.880000000000003,24.6
44200,29.880000000000003,24.6
44300,29.880000000000003,24.6
44400,29.752,24.6
44500,29.752,24.6
44600,29.528000000000002,24.6
44700,29.208,24.6
44800,29.208,24.6
44900,29.208,24.6
45000,29.208,24.6
45100,29.208,24.6
45200,29.208,24.6
45300,29.208,24.6
45400,29.208,24.6
45500,29.2,24.6
45600,29.2,24.6
45700,29.2,24.6
45800,29.2,24.6
45900,29.2,24.6
46000,29.2,24.6
46100,29.2,24.6
46200,29.2,24.6
46300,29.2,24.6
46400,29.2,24.6
46500,29.2,24.6
46600,29.2,24.6
46700,29.2,24.6
46800,29.2,24.6
46900,29.2,24.6
47000,29.2,24.6
47100,29.2,24.6
47200,29.2,24.6
47300,29.2,24.6
47400,29.2,24.6
47500,29.2,24.6
47600,29.2,24.6
47700,29.2,24.6
47800,29.2,24.6
47900,29.2,24.6
48000,29.2,24.6
48100,29.2,24.6
48200,29.2,24.6
48300,29.2,24.6
48400,29.2,24.6
48500,29.2,24.6
48600,29.2,24.6
48700,29.2,24.6
48800,29.2,24.6
48900,29.2,24.6
49000,28.68,24.6
49100,28.68,24.6
49200,28.68,24.6
49300,28.68,24.6
49400,28.68,24.6
49500,28.68,24.6
49600,28.68,24.6
49700,28.68,24.6
49800,28.68,24.6
49900,28.68,24.6
50000,28.68,24.6
50100,28.68,24.6
50200,28.68,24.6
50300,28.68,24.6
50400,28.68,24.6
50500,28.68,24.6
50600,28.68,24.6
50700,28.68,24.6
50800,28.68,24.6
50900,28.68,24.6
51000,28.68,24.6
51100,28.68,24.6
51200,28.68,24.6
51300,28.68,24.6
51400,28.68,24.6
51500,28.68,24.6
51600,28.68,24.6
51700,28.68,24.6
51800,28.68,24.6
51900,28.68,24.6
52000,28.68,24.6
52100,28.68,24.6
52200,28.68,24.6
52300,28.68,24.6
52400,28.68,24.6
52500,28.68,24.6
52600,28.68,24.6
52700,28.68,24.6
52800,28.68,24.6
52900,28.68,24.6
53000,28.68,24.6
53100,28.68,24.6
53200,28.68,24.6
53300,28.68,24.6
53400,28.68,24.6
53500,28.68,24.6
53600,28.68,24.6
53700,28.68,24.6
53800,28.68,24.6
53900,28.68,24.6
54000,28.68,24.6
54100,28.68,24.6
54200,28.68,24.6
54300,28.68,24.6
54400,28.68,24.6
54500,28.68,24.6
54600,28.68,24.6
54700,28.68,24.6
54800,28.68,24.6
54900,28.68,24.6
55000,28.68,24.6
55100,28.68,24.6
55200,28.68,24.6
55300,28.68,24.6
55400,28.68,24.6
55500,28.68,24.6
55600,28.68,24.6
55700,28.68,24.6
55800,28.68,24.6
55900,28.68,24.6
56000,28.68,24.6
56100,28.68,24.6
56200,28.68,24.6
56300,28.68,24.6
56400,28.68,24.6
56500,28.68,24.6
56600,28.68,24.6
56700,28.68,24.6
56800,28.68,24.6
56900,28.68,24.6
57000,28.68,24.6
57100,28.68,24.6
57200,28.68,24.6
57300,28.68,24.6
57400,28.4,24.8
57500,28.4,24.8
57600,28.4,24.8
57700,28.4,24.8
57800,28.4,24.8
57900,28.4,24.8
58000,28.4,24.8
58100,28.4,24.8
58200,28.4,24.8
58300,28.4,24.8
58400,28.4,24.8
58500,28.4,24.8
58600,28.4,24.8
58700,28.4,24.8
58800,28.4,24.8
58900,28.4,24.8
59000,28.4,24.8
59100,28.4,24.8
59200,28.4,24.8
59300,28.4,24.8
59400,28.4,24.8
59500,28.4,24.8
59600,28.4,24.8
59700,28.4,24.8
59800,28.4,24.8
59900,28.4,24.8
60000,28.4,24.8
60100,28.4,24.8
60200,28.4,24.8
60300,28.4,24.8
60400,28.4,24.8
60500,28.4,24.8
60600,28.4,24.8
60700,28.4,24.8
60800,28.4,24.8
60900,28.4,24.8
61000,28.4,24.8
61100,28.4,24.8
61200,28.4,24.8
61300,28.4,24.8
61400,28.4,24.8
61500,28.4,24.8
61600,28.4,24.8
61700,28.4,24.8
61800,28.4,24.8
61900,28.4,24.8
62000,28.4,24.8
62100,28.4,24.8
62200,28.4,24.8
62300,28.4,24.8
62400,28.4,24.8
62500,28.4,24.8
62600,28.4,24.8
62700,28.4,24.8
62800,28.4,24.8
62900,28.4,24.8
63000,28.4,24.8
63100,28.256,24.6
63200,28.256,24.6
63300,28.256,24.6
63400,28.256,24.6
63500,28.256,24.6
63600,28.256,24.6
63700,28.256,24.6
63800,28.256,24.6
63900,28.256,24.6
64000,28.256,24.6
64100,28.256,24.6
64200,28.256,24.6
64300,28.256,24.6
64400,28.256,24.6
64500,28.256,24.6
64600,28.256,24.6
64700,28.256,24.6
64800,28.256,24.6
64900,28.256,24.6
65000,28.256,24.6
65100,28.256,24.6
65200,28.256,24.6
65300,28.256,24.6
65400,28.256,24.6
65500,28.256,24.6
65600,28.256,24.6
65700,28.256,24.6
65800,28.256,24.6
65900,28.256,24.6
66000,28.256,24.6
66100,28.256,24.6
66200,28.256,24.6
66300,28.256,24.6
66400,28.256,24.6
66500,28.256,24.6
66600,28.256,24.6
66700,28.256,24.6
66800,28.256,24.6
66900,28.256,24.6
67000,28.256,24.6
67100,28.256,24.6
67200,28.256,24.6
67300,28.256,24.6
67400,28.256,24.6
67500,28.256,24.6
67600,28.256,24.6
67700,28.256,24.6
67800,28.256,24.6
67900,28.256,24.6
68000,28.256,24.6
68100,28.256,24.6
68200,28.256,24.6
68300,28.256,24.6
68400,28.256,24.6
68500,28.256,24.6
68600,28.256,24.6
68700,28.256,24.6
68800,28.256,24.6
68900,28.256,24.6
69000,28.256,24.6
69100,28.256,24.6
69200,28.112000000000002,24.6
69300,28.112000000000002,24.6
69400,28.112000000000002,24.6
69500,28.112000000000002,24.6
69600,28.112000000000002,24.6
69700,27.712,24.6
69800,27.712,24.6
69900,27.712,24.6
70000,27.671999999999997,24.6
70100,27.671999999999997,24.6
70200,27.671999999999997,24.6
70300,27.671999999999997,24.6
70400,27.671999999999997,24.6
70500,27.671999999999997,24.6
70600,27.671999999999997,24.6
70700,27.671999999999997,24.6
70800,27.624000000000002,24.6
70900,27.624000000000002,24.6
71000,27.624000000000002,24.6
71100,27.624000000000002,24.6
71200,27.624000000000002,24.6
71300,27.624000000000002,24.6
71400,27.624000000000002,24.6
71500,27.624000000000002,24.6
71600,27.624000000000002,24.6
71700,27.624000000000002,24.6
71800,27.624000000000002,24.6
71900,27.312,24.6
72000,27.312,24.6
72100,27.312,24.6
72200,27.312,24.6
72300,27.312,24.6
72400,27.312,24.6
72500,27.312,24.6
72600,27.312,24.6
72700,27.312,24.6
72800,27.312,24.6
72900,27.312,24.6
73000,27.312,24.6
73100,27.312,24.6
73200,27.312,24.6
73300,27.312,24.6
73400,27.312,24.6
73500,27.312,24.6
73600,27.312,24.6
73700,27.312,24.6
73800,27.312,24.6
73900,27.312,24.6
74000,27.312,24.6
74100,27.312,24.6
74200,27.312,24.6
74300,27.312,24.6
74400,27.312,24.6
74500,27.312,24.6
74600,27.312,24.6
74700,27.312,24.6
74800,27.312,24.6
74900,27.312,24.6
75000,27.312,24.6
75100,27.312,24.6
75200,27.312,24.6
75300,27.312,24.6
75400,27.312,24.6
75500,27.312,24.6
75600,27.312,24.6
75700,27.312,24.6
75800,27.312,24.6
75900,27.312,24.6
76000,27.312,24.6
76100,27.312,24.6
76200,27.312,24.6
76300,27.312,24.6
76400,27.312,24.6
76500,27.312,24.6
76600,27.312,24.6
76700,27.312,24.6
76800,27.312,24.6
76900,27.312,24.6
77000,27.312,24.6
77100,27.312,24.6
77200,27.312,24.6
77300,27.312,24.6
77400,27.312,24.6
77500,27.312,24.6
77600,27.312,24.6
77700,27.312,24.6
77800,27.312,24.6
77900,27.312,24.6
78000,27.312,24.6
78100,27.312,24.6
78200,27.312,24.6
78300,27.312,24.6
78400,27.312,24.6
78500,27.312,24.6
78600,27.312,24.6
78700,27.312,24.6
78800,27.312,24.6
78900,27.312,24.6
79000,27.312,24.6
79100,27.312,24.6
79200,27.312,24.6
79300,27.312,24.6
79400,27.312,24.6
79500,27.312,24.6
79600,27.176,24.6
79700,27.176,24.6
79800,27.176,24.6
79900,27.176,24.6
80000,27.176,24.6
80100,27.176,24.6
80200,27.176,24.6
80300,27.176,24.6
80400,27.176,24.6
80500,27.176,24.6
80600,27.176,24.6
80700,27.176,24.6
80800,27.176,24.6
80900,27.176,24.6
81000,27.176,24.6
81100,27.176,24.6
81200,27.176,24.6
81300,27.176,24.6
81400,27.176,24.6
81500,27.176,24.6
81600,27.176,24.6
81700,27.176,24.6
81800,27.176,24.6
81900,27.176,24.6
82000,27.176,24.6
82100,27.064,24.6
82200,27.064,24.6
82300,27.064,24.6
82400,27.064,24.6
82500,27.064,24.6
82600,27.064,24.6
82700,27.064,24.6
82800,27.064,24.6
82900,27.064,24.6
83000,27.064,24.6
83100,27.064,24.6
83200,27.064,24.6
83300,27.064,24.6
83400,27.064,24.6
83500,27.064,24.6
83600,27.064,24.6
83700,27.064,24.6
83800,27.064,24.6
83900,27.064,24.6
84000,27.064,24.6
84100,27.064,24.6
84200,27.064,24.6
84300,27.064,24.6
84400,27.064,24.6
84500,27.064,24.6
84600,27.064,24.6
84700,27.064,24.6
84800,27.064,24.6
84900,27.064,24.6
85000,27.064,24.6
85100,27.064,24.6
85200,27.064,24.6
85300,27.064,24.6
85400,27.064,24.6
85500,27.064,24.6
85600,27.064,24.6
85700,27.064,24.6
85800,27.064,24.6
85900,27.064,24.6
86000,27.064,24.6
86100,27.064,24.6
86200,27.064,24.6
86300,27.064,24.6
86400,27.064,24.6
86500,27.064,24.6
86600,27.064,24.6
86700,27.064,24.6
86800,27.064,24.6
86900,27.064,24.6
87000,27.064,24.6
87100,27.064,24.6
87200,27.064,24.6
87300,27.064,24.6
87400,27.064,24.6
87500,27.064,24.6
87600,27.064,24.6
87700,27.064,24.6
87800,27.064,24.6
87900,27.064,24.6
88000,27.064,24.6
88100,27.064,24.6
88200,27.064,24.6
88300,27.064,24.6
88400,27.064,24.6
88500,27.064,24.6
88600,27.064,24.6
88700,27.064,24.6
88800,27.064,24.6
88900,27.064,24.6
89000,27.064,24.6
89100,27.064,24.6
89200,27.064,24.6
89300,27.064,24.6
89400,27.064,24.6
89500,27.064,24.6
89600,27.064,24.6
89700,27.064,24.6
89800,27.064,24.6
89900,27.064,24.6
90000,27.064,24.6
90100,27.064,24.6
90200,27.064,24.6
90300,27.064,24.6
90400,27.064,24.6
90500,27.064,24.6
90600,27.064,24.6
90700,27.064,24.6
90800,27.064,24.6
90900,27.064,24.6
91000,27.064,24.6
91100,27.064,24.6
91200,27.064,24.6
91300,27.064,24.6
91400,27.064,24.6
91500,27.064,24.6
91600,27.064,24.6
91700,27.064,24.6
91800,27.064,24.6
91900,27.064,24.6
92000,27.064,24.6
92100,27.064,24.6
92200,27.064,24.6
92300,27.064,24.6
92400,27.064,24.6
92500,27.064,24.6
92600,27.064,24.6
92700,27.064,24.6
92800,27.064,24.6
92900,27.064,24.6
93000,27.064,24.6
93100,27.064,24.6
93200,27.064,24.6
93300,27.064,24.6
93400,27.064,24.6
93500,27.064,24.6
93600,27.064,24.6
93700,26.904000000000003,24.4
93800,26.904000000000003,24.4
93900,26.904000000000003,24.4
94000,26.904000000000003,24.4
94100,26.904000000000003,24.4
94200,26.904000000000003,24.4
94300,26.904000000000003,24.4
94400,26.904000000000003,24.4
94500,26.904000000000003,24.4
94600,26.904000000000003,24.4
94700,26.904000000000003,24.4
94800,26.904000000000003,24.4
94900,26.904000000000003,24.4
95000,26.904000000000003,24.4
95100,26.904000000000003,24.4
95200,26.904000000000003,24.4
95300,26.904000000000003,24.4
95400,26.904000000000003,24.4
95500,26.904000000000003,24.4
95600,26.904000000000003,24.4
95700,26.904000000000003,24.4
95800,26.904000000000003,24.4
95900,26.904000000000003,24.4
96000,26.904000000000003,24.4
96100,26.904000000000003,24.4
96200,26.904000000000003,24.4
96300,26.904000000000003,24.4
96400,26.904000000000003,24.4
96500,26.904000000000003,24.4
96600,26.904000000000003,24.4
96700,26.904000000000003,24.4
96800,26.904000000000003,24.4
96900,26.904000000000003,24.4
97000,26.904000000000003,24.4
97100,26.904000000000003,24.4
97200,26.904000000000003,24.4
97300,26.904000000000003,24.4
97400,26.904000000000003,24.4
97500,26.904000000000003,24.4
97600,26.904000000000003,24.4
97700,26.904000000000003,24.4
97800,26.904000000000003,24.4
97900,26.904000000000003,24.4
98000,26.904000000000003,24.4
98100,26.904000000000003,24.4
98200,26.904000000000003,24.4
98300,26.904000000000003,24.4
98400,26.904000000000003,24.4
98500,26.904000000000003,24.4
98600,26.904000000000003,24.4
98700,26.904000000000003,24.4
98800,26.904000000000003,24.4
98900,26.904000000000003,24.4
99000,26.904000000000003,24.4
99100,26.904000000000003,24.4
99200,26.904000000000003,24.4
99300,26.904000000000003,24.4
99400,26.904000000000003,24.4
99500,26.904000000000003,24.4
99600,26.904000000000003,24.4
99700,26.904000000000003,24.4
99800,26.904000000000003,24.4
99900,26.904000000000003,24.4
100000,26.904000000000003,24.4
100100,26.904000000000003,24.4
100200,26.904000000000003,24.4
100300,26.904000000000003,24.4
100400,26.904000000000003,24.4
100500,26.904000000000003,24.4
100600,26.904000000000003,24.4
100700,26.904000000000003,24.4
100800,26.904000000000003,24.4
100900,26.904000000000003,24.4
101000,26.904000000000003,24.4
101100,26.904000000000003,24.4
101200,26.904000000000003,24.4
101300,26.904000000000003,24.4
101400,26.904000000000003,24.4
101500,26.904000000000003,24.4
101600,26.4,24.4
101700,26.4,24.4
101800,26.4,24.4
101900,26.4,24.4
102000,26.4,24.4
102100,26.4,24.4
102200,26.4,24.4
102300,26.4,24.4
102400,26.4,24.4
102500,26.4,24.4
102600,26.4,24.4
102700,26.119999999999997,24.2
102800,26.119999999999997,24.2
102900,25.871999999999996,24.4
103000,25.871999999999996,24.4
103100,25.871999999999996,24.4
103200,25.871999999999996,24.4
103300,25.871999999999996,24.4
103400,25.871999999999996,24.4
103500,25.871999999999996,24.4
103600,25.871999999999996,24.4
103700,25.871999999999996,24.4
103800,25.871999999999996,24.4
103900,25.871999999999996,24.4
104000,25.871999999999996,24.4
104100,25.871999999999996,24.4
104200,25.871999999999996,24.4
104300,25.871999999999996,24.4
104400,25.871999999999996,24.4
104500,25.871999999999996,24.4
104600,25.871999999999996,24.4
104700,25.871999999999996,24.4
104800,25.871999999999996,24.4
104900,25.871999999999996,24.4
105000,25.871999999999996,24.4
105100,25.871999999999996,24.4
105200,25.871999999999996,24.4
105300,25.871999999999996,24.4
105400,25.871999999999996,24.4
105500,25.871999999999996,24.4
105600,25.871999999999996,24.4
105700,25.871999999999996,24.4
105800,25.871999999999996,24.4
105900,25.871999999999996,24.4
106000,25.871999999999996,24.4
106100,25.871999999999996,24.4
106200,25.871999999999996,24.4
106300,25.871999999999996,24.4
106400,25.871999999999996,24.4
106500,25.871999999999996,24.4
106600,25.871999999999996,24.4
106700,25.871999999999996,24.4
106800,25.871999999999996,24.4
106900,25.871999999999996,24.4
107000,25.871999999999996,24.4
107100,25.871999999999996,24.4
107200,25.871999999999996,24.4
107300,25.871999999999996,24.4
107400,25.871999999999996,24.4
107500,25.871999999999996,24.4
107600,25.871999999999996,24.4
107700,25.871999999999996,24.4
107800,25.871999999999996,24.4
107900,25.871999999999996,24.4
108000,25.871999999999996,24.4
108100,25.871999999999996,24.4
108200,25.871999999999996,24.4
108300,25.871999999999996,24.4
108400,25.871999999999996,24.4
108500,25.871999999999996,24.4
108600,25.871999999999996,24.4
108700,25.871999999999996,24.4
108800,25.871999999999996,24.4
108900,25.871999999999996,24.4
109000,25.871999999999996,24.4
109100,25.871999999999996,24.4
109200,25.871999999999996,24.4
109300,25.871999999999996,24.4
109400,25.871999999999996,24.4
109500,25.871999999999996,24.4
109600,25.871999999999996,24.4
109700,25.871999999999996,24.4
109800,25.871999999999996,24.4
109900,25.871999999999996,24.4
110000,25.871999999999996,24.4
110100,25.871999999999996,24.4
110200,25.871999999999996,24.4
110300,25.871999999999996,24.4
110400,25.871999999999996,24.4
110500,25.695999999999998,24.4
110600,25.695999999999998,24.4
110700,25.695999999999998,24.4
110800,25.695999999999998,24.4
110900,25.695999999999998,24.4
111000,25.695999999999998,24.4
111100,25.695999999999998,24.4
111200,25.695999999999998,24.4
111300,25.695999999999998,24.4
111400,25.695999999999998,24.4
111500,25.695999999999998,24.4
111600,25.695999999999998,24.4
111700,25.695999999999998,24.4
111800,25.695999999999998,24.4
111900,25.695999999999998,24.4
112000,25.695999999999998,24.4
112100,25.695999999999998,24.4
112200,25.695999999999998,24.4
112300,25.695999999999998,24.4
112400,25.695999999999998,24.4
112500,25.695999999999998,24.4
112600,25.695999999999998,24.4
112700,25.695999999999998,24.4
112800,25.695999999999998,24.4
112900,25.695999999999998,24.4
113000,25.695999999999998,24.4
113100,25.695999999999998,24.4
113200,25.695999999999998,24.4
113300,25.695999999999998,24.4
113400,25.695999999999998,24.4
113500,25.695999999999998,24.4
113600,25.695999999999998,24.4
113700,25.695999999999998,24.4
113800,25.695999999999998,24.4
113900,25.695999999999998,24.4
114000,25.695999999999998,24.4
114100,25.695999999999998,24.4
114200,25.695999999999998,24.4
114300,25.695999999999998,24.4
114400,25.695999999999998,24.4
114500,25.695999999999998,24.4
114600,25.695999999999998,24.4
114700,25.695999999999998,24.4
114800,25.695999999999998,24.4
114900,25.695999999999998,24.4
115000,25.695999999999998,24.4
115100,25.695999999999998,24.4
115200,25.695999999999998,24.4
115300,25.695999999999998,24.4
115400,25.695999999999998,24.4
115500,25.695999999999998,24.4
115600,25.695999999999998,24.4
115700,25.695999999999998,24.4
115800,25.695999999999998,24.4
115900,25.695999999999998,24.4
116000,25.695999999999998,24.4
116100,25.695999999999998,24.4
116200,25.695999999999998,24.4
116300,25.695999999999998,24.4
116400,25.695999999999998,24.4
116500,25.695999999999998,24.4
116600,25.695999999999998,24.4
116700,25.695999999999998,24.4
116800,25.695999999999998,24.4
116900,25.695999999999998,24.4
117000,25.695999999999998,24.4
117100,25.695999999999998,24.4
117200,25.695999999999998,24.4
117300,25.695999999999998,24.4
117400,25.695999999999998,24.4
117500,25.695999999999998,24.4
117600,25.695999999999998,24.4
117700,25.695999999999998,24.4
117800,25.695999999999998,24.4
117900,25.695999999999998,24.4
118000,25.695999999999998,24.4
118100,25.695999999999998,24.4
118200,25.695999999999998,24.4
118300,25.695999999999998,24.4
118400,25.695999999999998,24.4
118500,25.695999999999998,24.4
118600,25.695999999999998,24.4
118700,25.695999999999998,24.4
118800,25.695999999999998,24.4
118900,25.695999999999998,24.4
119000,25.695999999999998,24.4
119100,25.695999999999998,24.4
119200,25.695999999999998,24.4
119300,25.695999999999998,24.4
119400,25.695999999999998,24.4
119500,25.695999999999998,24.4
119600,25.695999999999998,24.4
119700,25.695999999999998,24.4
119800,25.695999999999998,24.4
119900,25.695999999999998,24.4
120000,25.695999999999998,24.4
120100,25.695999999999998,24.4
120200,25.695999999999998,24.4
120300,25.695999999999998,24.4
120400,25.695999999999998,24.4
120500,25.695999999999998,24.4
120600,25.695999999999998,24.4
120700,25.695999999999998,24.4
120800,25.695999999999998,24.4
120900,25.695999999999998,24.4
121000,25.695999999999998,24.4
121100,25.695999999999998,24.4
121200,25.695999999999998,24.4
121300,25.695999999999998,24.4
121400,25.695999999999998,24.4
121500,25.695999999999998,24.4
121600,25.695999999999998,24.4
121700,25.695999999999998,24.4
121800,25.695999999999998,24.4
121900,25.695999999999998,24.4
122000,25.695999999999998,24.4
122100,25.695999999999998,24.4
122200,25.695999999999998,24.4
122300,25.695999999999998,24.4
122400,25.695999999999998,24.4
122500,25.695999999999998,24.4
122600,25.695999999999998,24.4
122700,25.695999999999998,24.4
122800,25.695999999999998,24.4
122900,25.695999999999998,24.4
123000,25.695999999999998,24.4
123100,25.695999999999998,24.4
123200,25.695999999999998,24.4
123300,25.695999999999998,24.4
123400,25.695999999999998,24.4
123500,25.695999999999998,24.4
123600,25.695999999999998,24.4
123700,25.695999999999998,24.4
123800,25.695999999999998,24.4
123900,25.695999999999998,24.4
124000,25.695999999999998,24.4
124100,25.695999999999998,24.4
124200,25.695999999999998,24.4
124300,25.695999999999998,24.4
124400,25.695999999999998,24.4
124500,25.695999999999998,24.4
124600,25.695999999999998,24.4
124700,25.695999999999998,24.4
124800,25.695999999999998,24.4
124900,25.695999999999998,24.4
125000,25.695999999999998,24.4
125100,25.695999999999998,24.4
125200,25.695999999999998,24.4
125300,25.695999999999998,24.4
125400,25.695999999999998,24.4
125500,25.695999999999998,24.4
125600,25.695999999999998,24.4
125700,25.695999999999998,24.4
125800,25.695999999999998,24.4
125900,25.695999999999998,24.4
126000,25.695999999999998,24.4
126100,25.695999999999998,24.4
126200,25.695999999999998,24.4
126300,25.695999999999998,24.4
126400,25.695999999999998,24.4
126500,25.695999999999998,24.4
126600,25.695999999999998,24.4
126700,25.695999999999998,24.4
126800,25.695999999999998,24.4
126900,25.695999999999998,24.4
127000,25.695999999999998,24.4
127100,25.695999999999998,24.4
127200,25.695999999999998,24.4
127300,25.695999999999998,24.4
127400,25.695999999999998,24.4
127500,25.695999999999998,24.4
127600,25.695999999999998,24.4
127700,25.695999999999998,24.4
127800,25.695999999999998,24.4
127900,25.695999999999998,24.4
128000,25.695999999999998,24.4
128100,25.695999999999998,24.4
128200,25.119999999999997,24.4
128300,25.119999999999997,24.4
128400,25.119999999999997,24.4
128500,25.119999999999997,24.4
128600,25.119999999999997,24.4
128700,25.119999999999997,24.4
128800,25.119999999999997,24.4
128900,25.119999999999997,24.4
129000,25.119999999999997,24.4
129100,25.119999999999997,24.4
129200,25.119999999999997,24.4
129300,25.119999999999997,24.4
129400,25.119999999999997,24.4
129500,25.119999999999997,24.4
129600,24.912,24.4
129700,24.912,24.4
129800,24.912,24.4
129900,24.912,24.4
130000,24.912,24.4
130100,24.912,24.4
130200,24.912,24.4
130300,24.912,24.4
130400,24.912,24.4
130500,24.912,24.4
130600,24.912,24.4
130700,24.912,24.4
130800,24.912,24.4
130900,24.912,24.4
131000,24.912,24.4
131100,24.912,24.4
131200,24.912,24.4
131300,24.912,24.4
131400,24.912,24.4
131500,24.912,24.4
131600,24.912,24.4
131700,24.912,24.4
131800,24.912,24.4
131900,24.912,24.4
132000,24.912,24.4
132100,24.912,24.4
132200,24.912,24.4
132300,24.912,24.4
132400,24.912,24.4
132500,24.912,24.4
132600,24.912,24.4
132700,24.912,24.4
132800,24.912,24.4
132900,24.912,24.4
133000,24.912,24.4
133100,24.912,24.4
133200,24.912,24.4
133300,24.912,24.4
133400,24.912,24.4
133500,24.912,24.4
133600,24.912,24.4
133700,24.912,24.4
133800,24.912,24.4
133900,24.912,24.4
134000,24.912,24.4
134100,24.912,24.4
134200,24.912,24.4
134300,24.912,24.4
134400,24.912,24.4
134500,24.912,24.4
134600,24.912,24.4
134700,24.912,24.4
134800,24.912,24.4
134900,24.912,24.4
135000,24.912,24.4
135100,24.912,24.4
135200,24.912,24.4
135300,24.912,24.4
135400,24.912,24.4
135500,24.912,24.4
135600,24.912,24.4
135700,24.912,24.4
135800,24.912,24.4
135900,24.912,24.4
136000,24.912,24.4
136100,24.912,24.4
136200,24.696,24.4
136300,24.456,24.4
136400,24.456,24.4
136500,24.456,24.4
136600,24.456,24.4
136700,24.456,24.4
136800,24.456,24.4
136900,24.456,24.4
137000,24.456,24.4
137100,24.456,24.4
137200,24.456,24.4
137300,24.456,24.4
137400,24.456,24.4
137500,24.456,24.4
137600,24.456,24.4
137700,24.456,24.4
137800,24.456,24.4
137900,24.456,24.4
138000,24.456,24.4
138100,24.456,24.4
138200,24.456,24.4
138300,24.456,24.4
138400,24.456,24.4
138500,24.456,24.4
138600,24.456,24.4
138700,24.456,24.4
138800,24.456,24.4
138900,24.456,24.4
139000,24.456,24.4
139100,24.456,24.4
139200,24.456,24.4
139300,24.456,24.4
139400,24.456,24.4
139500,24.456,24.4
139600,24.456,24.4
139700,24.456,24.4
139800,24.456,24.4
139900,24.456,24.4
140000,24.456,24.4
140100,24.456,24.4
140200,24.456,24.4
140300,24.456,24.4
140400,24.456,24.4
140500,24.456,24.4
140600,24.456,24.4
140700,24.456,24.4
140800,24.456,24.4
140900,24.456,24.4
141000,24.456,24.4
141100,24.456,24.4
141200,24.456,24.4
141300,24.456,24.4
141400,24.456,24.4
141500,24.456,24.4
141600,24.456,24.4
141700,24.456,24.4
141800,24.456,24.4
141900,24.456,24.4
142000,24.456,24.4
142100,24.456,24.4
142200,24.456,24.4
142300,24.456,24.4
142400,24.456,24.4
142500,24.456,24.4
142600,24.456,24.4
142700,24.456,24.4
142800,24.456,24.4
142900,24.456,24.4
143000,24.456,24.4
143100,24.456,24.4
143200,24.456,24.4
143300,24.456,24.4
143400,24.456,24.4
143500,24.456,24.4
143600,24.456,24.4
143700,24.456,24.4
143800,24.456,24.4
143900,24.456,24.4
144000,24.456,24.4
144100,24.456,24.4
144200,24.456,24.4
144300,24.456,24.4
144400,24.456,24.4
144500,24.456,24.4
144600,24.456,24.4
144700,24.456,24.4
144800,24.456,24.4
144900,24.456,24.4
145000,24.456,24.4
145100,24.456,24.4
145200,24.456,24.4
145300,24.456,24.4
145400,24.456,24.4
145500,24.456,24.4
145600,24.456,24.4
145700,24.456,24.4
145800,24.456,24.4
145900,24.456,24.4
146000,24.456,24.4
146100,24.456,24.4
146200,24.456,24.4
146300,24.456,24.4
146400,24.456,24.4
146500,24.456,24.4
146600,24.456,24.4
146700,24.456,24.4
146800,24.456,24.4
146900,24.456,24.4
147000,24.456,24.4
147100,24.456,24.4
147200,24.456,24.4
147300,24.456,24.4
147400,24.456,24.4
147500,24.456,24.4
147600,24.456,24.4
147700,24.456,24.4
147800,24.456,24.4
147900,24.456,24.4
148000,24.456,24.4
148100,24.456,24.4
148200,24.456,24.4
148300,24.456,24.4
148400,24.456,24.4
148500,24.456,24.4
148600,24.456,24.4
148700,24.456,24.4
148800,24.456,24.4
148900,24.456,24.4
149000,24.456,24.4
149100,24.456,24.4
149200,24.456,24.4
149300,24.456,24.4
149400,24.456,24.4
149500,24.456,24.4
149600,24.456,24.4
149700,24.456,24.4
149800,24.456,24.4
149900,24.456,24.4
150000,24.456,24.4
150100,24.456,24.4
150200,24.456,24.4
150300,24.456,24.4
150400,24.456,24.4
150500,24.456,24.4
150600,24.456,24.4
150700,24.456,24.4
150800,24.456,24.4
150900,24.456,24.4
151000,24.456,24.4
151100,24.456,24.4
151200,24.456,24.4
151300,24.456,24.4
151400,24.456,24.4
151500,24.456,24.4
151600,24.456,24.4
151700,24.456,24.4
151800,24.456,24.4
151900,24.456,24.4
152000,24.456,24.4
152100,24.456,24.4
152200,24.456,24.4
152300,24.456,24.4
152400,24.456,24.4
152500,24.456,24.4
152600,24.456,24.4
152700,24.456,24.4
152800,24.456,24.4
152900,24.456,24.4
153000,24.456,24.4
153100,24.456,24.4
153200,24.456,24.4
153300,24.456,24.4
153400,24.456,24.4
153500,24.456,24.4
153600,24.456,24.4
153700,24.456,24.4
153800,24.456,24.4
153900,24.456,24.4
154000,24.456,24.4
154100,24.456,24.4
154200,24.456,24.4
154300,24.456,24.4
154400,24.456,24.4
154500,24.456,24.4
154600,24.456,24.4
154700,24.456,24.4
154800,24.456,24.4
154900,24.456,24.4
155000,24.456,24.4
155100,24.456,24.4
155200,24.456,24.4
155300,24.456,24.4
155400,24.456,24.4
155500,24.456,24.4
155600,24.456,24.4
155700,24.456,24.4
155800,24.456,24.4
155900,24.456,24.4
156000,24.456,24.4
156100,24.456,24.4
156200,24.456,24.4
156300,24.456,24.4
156400,24.456,24.4
156500,24.456,24.4
156600,24.456,24.4
156700,24.456,24.4
156800,24.456,24.4
156900,24.456,24.4
157000,24.456,24.4
157100,24.456,24.4
157200,24.456,24.4
157300,24.456,24.4
157400,24.456,24.4
157500,24.456,24.4
157600,24.456,24.4
157700,24.456,24.4
157800,24.456,24.4
157900,24.456,24.4
158000,24.456,24.4
158100,24.456,24.4
158200,24.456,24.4
158300,24.456,24.4
158400,24.456,24.4
158500,24.456,24.4
158600,24.456,24.4
158700,24.456,24.4
158800,24.44,24.2
158900,24.44,24.2
159000,24.44,24.2
159100,24.44,24.2
159200,24.44,24.2
159300,24.44,24.2
159400,24.44,24.2
159500,24.44,24.2
159600,24.44,24.2
159700,24.44,24.2
159800,24.44,24.2
159900,24.44,24.2
160000,24.44,24.2
160100,24.44,24.2
160200,24.44,24.2
160300,24.44,24.2
160400,24.44,24.2
160500,24.44,24.2
160600,24.44,24.2
160700,24.44,24.2
160800,24.44,24.2
160900,24.44,24.2
161000,24.44,24.2
161100,24.44,24.2
161200,24.44,24.2
161300,24.44,24.2
161400,24.44,24.2
161500,24.44,24.2
161600,24.44,24.2
161700,24.44,24.2
161800,24.44,24.2
161900,24.44,24.2
162000,24.44,24.2
162100,24.44,24.2
162200,24.44,24.2
162300,24.44,24.2
162400,24.44,24.2
162500,24.44,24.2
162600,24.44,24.2
162700,24.44,24.2
162800,24.44,24.2
162900,24.44,24.2
163000,24.44,24.2
163100,24.44,24.2
163200,24.44,24.2
163300,24.44,24.2
163400,24.44,24.2
163500,24.44,24.2
163600,24.44,24.2
163700,24.44,24.2
163800,24.44,24.2
163900,24.2,24.2
164000,24.2,24.2
164100,24.2,24.2
164200,24.2,24.2
164300,24.2,24.2
164400,24.096,24.4
164500,24.096,24.4
164600,24.096,24.4
164700,24.096,24.4
164800,24.096,24.4
164900,24.096,24.4
165000,24.096,24.4
165100,24.096,24.4
165200,24.096,24.4
165300,24.096,24.4
165400,24.096,24.4
165500,24.096,24.4
165600,24.048,24.4
165700,24.048,24.4
165800,24.048,24.4
165900,24.048,24.4
166000,24.048,24.4
166100,24.048,24.4
166200,24.048,24.4
166300,24.048,24.4
166400,24.048,24.4
166500,24.048,24.4
166600,24.048,24.4
166700,24.048,24.4
166800,24.048,24.4
166900,24.048,24.4
167000,24.048,24.4
167100,24.048,24.4
167200,24.048,24.4
167300,24.048,24.4
167400,24.048,24.4
167500,24.048,24.4
167600,24.048,24.4
167700,24.048,24.4
167800,24.048,24.4
167900,24.048,24.4
168000,24.048,24.4
168100,24.048,24.4
168200,24.048,24.4
168300,24.048,24.4
168400,24.048,24.4
168500,24.048,24.4
168600,24.048,24.4
168700,24.048,24.4
168800,24.048,24.4
168900,24.048,24.4
169000,24.048,24.4
169100,24.048,24.4
169200,24.048,24.4
169300,24.048,24.4
169400,24.048,24.4
169500,24.048,24.4
169600,24.048,24.4
169700,24.048,24.4
169800,24.048,24.4
169900,24.048,24.4
170000,24.048,24.4
170100,24.048,24.4
170200,24.048,24.4
170300,24.048,24.4
170400,24.048,24.4
170500,24.048,24.4
170600,24.048,24.4
170700,24.048,24.4
170800,24.048,24.4
170900,24.048,24.4
171000,24.048,24.4
171100,24.048,24.4
171200,24.048,24.4
171300,24.048,24.4
171400,24.048,24.4
171500,24.048,24.4
171600,24.048,24.4
171700,24.048,24.4
171800,24.048,24.4
171900,24.048,24.4
172000,24.048,24.4
172100,24.048,24.4
172200,24.048,24.4
172300,24.048,24.4
172400,24.048,24.4
172500,24.048,24.4
172600,24.048,24.4
172700,24.048,24.4
172800,24.048,24.4
172900,24.048,24.4
173000,24.048,24.4
173100,24.048,24.4
173200,24.048,24.4
173300,24.048,24.4
173400,24.048,24.4
173500,24.048,24.4
173600,24.048,24.4
173700,24.048,24.4
173800,24.048,24.4
173900,24.048,24.4
174000,24.048,24.4
174100,24.048,24.4
174200,24.048,24.4
174300,24.048,24.4
174400,24.048,24.4
174500,24.048,24.4
174600,24.048,24.4
174700,24.048,24.4
174800,24.048,24.4
174900,24.048,24.4
175000,24.048,24.4
175100,24.048,24.4
175200,24.048,24.4
175300,24.048,24.4
175400,24.048,24.4
175500,24.048,24.4
175600,24.048,24.4
175700,24.048,24.4
175800,24.048,24.4
175900,24.048,24.4
176000,24.048,24.4
176100,24.048,24.4
176200,24.048,24.4
176300,24.048,24.4
176400,24.048,24.4
176500,24.048,24.4
176600,24.048,24.4
176700,23.76,24.4
176800,23.76,24.4
176900,23.76,24.4
177000,23.76,24.4
177100,23.76,24.4
177200,23.76,24.4
177300,23.76,24.4
177400,23.76,24.4
177500,23.76,24.4
177600,23.76,24.4
177700,23.76,24.4
177800,23.76,24.4
177900,23.76,24.4
178000,23.76,24.4
178100,23.76,24.4
178200,23.76,24.4
178300,23.76,24.4
178400,23.76,24.4
178500,23.76,24.4
178600,23.76,24.4
178700,23.76,24.4
178800,23.76,24.4
178900,23.76,24.4
179000,23.76,24.4
179100,23.76,24.4
179200,23.76,24.4
179300,23.76,24.4
179400,23.76,24.4
179500,23.76,24.4
179600,23.76,24.4
179700,23.76,24.4
179800,23.76,24.4
179900,23.76,24.4
180000,23.76,24.4
180100,23.76,24.4
180200,23.76,24.4
180300,23.76,24.4
180400,23.76,24.4
180500,23.76,24.4
180600,23.76,24.4
180700,23.76,24.4
180800,23.76,24.4
180900,23.76,24.4
181000,23.76,24.4
181100,23.76,24.4
181200,23.76,24.4
181300,23.76,24.4
181400,23.76,24.4
181500,23.76,24.4
181600,23.76,24.4
181700,23.76,24.4
181800,23.76,24.4
181900,23.76,24.4
182000,23.76,24.4
182100,23.76,24.4
182200,23.76,24.4
182300,23.76,24.4
182400,23.76,24.4
182500,23.76,24.4
182600,23.76,24.4
182700,23.76,24.4
182800,23.76,24.4
182900,23.76,24.4
183000,23.76,24.4
183100,23.76,24.4
183200,23.76,24.4
183300,23.76,24.4
183400,23.76,24.4
183500,23.76,24.4
183600,23.76,24.4
183700,23.76,24.4
183800,23.76,24.4
183900,23.76,24.4
184000,23.76,24.4
184100,23.76,24.4
184200,23.76,24.4
184300,23.76,24.4
184400,23.76,24.4
184500,23.76,24.4
184600,23.76,24.4
184700,23.76,24.4
184800,23.76,24.4
184900,23.76,24.4
185000,23.76,24.4
185100,23.76,24.4
185200,23.76,24.4
185300,23.76,24.4
185400,23.76,24.4
185500,23.76,24.4
185600,23.76,24.4
185700,23.76,24.4
185800,23.76,24.4
185900,23.76,24.4
186000,23.76,24.4
186100,23.76,24.4
186200,23.76,24.4
186300,23.76,24.4
186400,23.76,24.4
186500,23.76,24.4
186600,23.76,24.4
186700,23.76,24.4
186800,23.76,24.4
186900,23.76,24.4
187000,23.76,24.4
187100,23.76,24.4
187200,23.76,24.4
187300,23.76,24.4
187400,23.76,24.4
187500,23.76,24.4
187600,23.76,24.4
187700,23.76,24.4
187800,23.76,24.4
187900,23.76,24.4
188000,23.76,24.4
188100,23.76,24.4
188200,23.76,24.4
188300,23.76,24.4
188400,23.76,24.4
188500,23.76,24.4
188600,23.76,24.4
188700,23.76,24.4
188800,23.76,24.4
188900,23.76,24.4
189000,23.76,24.4
189100,23.76,24.4
189200,23.503999999999998,24.4
189300,23.503999999999998,24.4
189400,23.503999999999998,24.4
189500,23.503999999999998,24.4
189600,23.503999999999998,24.4
189700,23.503999999999998,24.4
189800,23.503999999999998,24.4
189900,23.503999999999998,24.4
190000,23.503999999999998,24.4
190100,23.503999999999998,24.4
190200,23.503999999999998,24.4
190300,23.503999999999998,24.4
190400,23.503999999999998,24.4
190500,23.503999999999998,24.4
190600,23.503999999999998,24.4
190700,23.503999999999998,24.4
190800,23.503999999999998,24.4
190900,23.503999999999998,24.4
191000,23.503999999999998,24.4
191100,23.503999999999998,24.4
191200,23.128,24.4
191300,23.128,24.4
191400,23.128,24.4
191500,23.128,24.4
191600,23.128,24.4
191700,23.128,24.4
191800,23.128,24.4
191900,23.128,24.4
192000,23.128,24.4
192100,23.128,24.4
192200,23.128,24.4
192300,23.128,24.4
192400,23.128,24.4
192500,23.128,24.4
192600,23.128,24.4
192700,23.128,24.4
192800,23.128,24.4
192900,23.128,24.4
193000,23.128,24.4
193100,23.128,24.4
193200,23.128,24.4
193300,23.128,24.4
193400,23.128,24.4
193500,23.128,24.4
193600,23.128,24.4
193700,23.128,24.4
193800,23.128,24.4
193900,23.128,24.4
194000,23.128,24.4
194100,23.128,24.4
194200,23.128,24.4
194300,23.128,24.4
194400,23.128,24.4
194500,23.128,24.4
194600,23.128,24.4
194700,23.128,24.4
194800,23.128,24.4
194900,23.128,24.4
195000,23.128,24.4
195100,23.128,24.4
195200,23.128,24.4
195300,23.128,24.4
195400,23.128,24.4
195500,23.128,24.4
195600,23.128,24.4
195700,23.128,24.4
195800,23.128,24.4
195900,23.128,24.4
196000,23.128,24.4
196100,23.128,24.4
196200,23.128,24.4
196300,23.128,24.4
196400,23.128,24.4
196500,23.128,24.4
196600,23.128,24.4
196700,23.128,24.4
196800,23.128,24.4
196900,23.128,24.4
197000,23.128,24.4
197100,23.128,24.4
197200,23.128,24.4
197300,23.128,24.4
197400,23.04,24.2
197500,23.04,24.2
197600,23.04,24.2
197700,23.04,24.2
197800,23.04,24.2
197900,23.04,24.2
198000,23.04,24.2
198100,23.04,24.2
198200,23.04,24.2
198300,23.04,24.2
198400,23.04,24.2
198500,23.04,24.2
198600,23.04,24.2
198700,23.04,24.2
198800,23.04,24.2
198900,23.04,24.2
199000,23.04,24.2
199100,23.04,24.2
199200,23.04,24.2
199300,23.04,24.2
199400,23.04,24.2
199500,23.04,24.2
199600,23.04,24.2
199700,23.04,24.2
199800,23.04,24.2
199900,23.04,24.2
199999,23.04,24.2

START ALGORITHM
h20: (a22 + a33 + a24 - a51 - a44 - a15 - a41 - a11 - a41 - a41) * (b21 + b25 - b43 - b32 - b41)
h22: (a15 - a44) * (b25 + b54 - b25 - b45)
h23: (a43 + a33 - a14 - a31 - a31 - a31) * (b44 + b22 + b42 + b52 - b41 - b24 - b55 - b31 - b13)
h38: (a53 - a22) * (b31)
h44: (a41) * (b33 + b12 + b41 - b55 - b42)
h45: (a54) * (b23)
h49: (a13 - a54 - a44 - a31) * (b14 + b24 + b25 - b14 - b31 - b22 - b34 - b54)
h51: (a41 + a21 + a45 + a41 + a45 + a35 - a13) * (-b52)
h54: (a43 - a54) * (b35 - b11 - b12 - b12)
h59: (a22 + a14 + a51) * (b44 - b25 - b13 - b25)
h75: (a31) * (b44 + b42 + b34 + b32 - b45 - b12 - b42 - b51)
h76: (a42 + a43) * (b21 + b35 + b41 + b51 + b22 + b41 + b54 - b24 - b43 - b33 - b51 - b51 - b31 - b45 - b44 - b42 - b22)
h82: (a31 - a53) * (b41)
h98: (a35 + a24 + a33 - a35) * (b54 + b35 - b22 - b12 - b51 - b55)
h119: (-a51) * (b53)
h142: (-a11) * (b51)
h144: (a12 - a44) * (b35 + b42 + b43)
h155: (-a31) * (b52 - b45 - b15 - b11 - b13)
h161: (a53 - a21 - a54) * (b45 + b44 + b15 + b11 - b51 - b41 - b33 - b53)
h179: (-a53 - a51) * (b25 - b25 - b33 - b24 - b54 - b12 - b42)
h184: (a42 - a43) * (b32 + b44 + b24 + b13 - b52 - b41 - b34 - b22 - b23 - b25)
h235: (a31 + a11 - a35) * (b12 - b31 - b21)
h242: (a32 + a15) * (b15 + b11 + b53 + b34 + b13 + b11 + b34 + b53 + b35 - b21 - b11 - b21 - b55 - b43 - b43 - b12 - b11 - b32)
h264: (-a51) * (b13 + b44 + b45 + b32 + b44 + b24 + b31 + b14 + b24 + b22 + b31 + b51 - b34 - b44 - b22 - b11 - b24 - b12 - b43 - b24 - b33 - b14 - b43)
h271: (-a41 - a23) * (b24 - b51 - b55 - b15 - b55)
h481: (-a53 - a52 - a43) * (b13 + b25 + b13 + b51 + b34 + b32 + b25 + b24 + b23 + b43 + b43 - b45 - b15 - b42 - b53 - b45 - b14 - b55 - b24 - b42 - b43 - b23 - b35 - b54 - b41)
h482: (a32 + a13 - a15 - a42) * (b11 + b22 + b31 + b35 - b24)
h536: (a45 + a23 + a15) * (b25 + b15 + b51 + b32 + b44 - b15 - b24 - b23 - b32 - b34 - b33 - b34 - b25 - b52 - b23 - b42 - b21)
h645: (a24 - a25) * (b33 + b43 - b15 - b34)
h665: (a23) * (b45 + b41 + b25 - b54 - b14 - b34 - b53 - b44 - b31)
h1410: (a42) * (b21 + b14 + b55 + b43 + b42 + b25 - b52 - b53 - b35 - b55 - b22 - b54 - b31 - b15 - b14 - b32)
h1683: (a44 + a23 + a51 - a44) * (-b21 - b35)
h2640: (a52) * (b45 + b13 + b11 + b21 + b53 + b15 - b23 - b52 - b11)
h2976: (a15 - a14) * (b45 + b12 + b32 + b42 + b53 + b11 + b22 + b14 + b45 + b24 - b41 - b51 - b11 - b34 - b55 - b14 - b13 - b42)
h9019: (-a33) * (b41 + b23 + b41 + b52 + b24 + b25 + b35 - b34 - b23)
h11363: (a32) * (b24 - b13)
h17379: (-a33 - a13 - a54 - a11 - a42 - a45 - a42) * (-b24)
h23487: (a51 - a25 - a41 - a24) * (b15 + b24 + b32 - b12 - b15)
h25477: (-a21 - a42) * (b55 - b55 - b12 - b31 - b43)
h41018: (a34 - a12) * (b53 + b53 + b34 + b44 + b21 + b12 - b52 - b15 - b22 - b11 - b23 - b21 - b32 - b54 - b21)
h49440: (a31 + a35 + a41 + a14 - a31 - a33) * (b15 + b43 + b13 - b42 - b11)
c11: h242 + h1683 
c12: h2640 - h82 
c13: h536 - h38 
c14: h665 
c15: h536 - h1410 
c21: h645 + h2976 
c22: h20 + h45 + h119 + h44 + h51 - h75 
c23: h20 + h45 
c24: h179 - h98 
c25: h49 + h54 - h22 - h161 - h184 - h11363 
c31: h23 
c32: h51 + h20 + h41018 
c33: h44 + h25477 - h235 
c34: h76 + h142 + h271 + h1683 + h11363 
c35: h51 - h76 
c41: h119 + h22 + h264 + h23487 
c42: h144 - h481 - h2976 
c43: h44 - h59 
c44: h155 - h665 - h17379 
c45: h144 
c51: h536 + h271 - h482 
c52: - h271 
c53: h23 
c54: h38 + h49440 
c55: h38 + h142 + h179 + h9019 - h44 - h82 
