0,154.00799999999998,25
100,112.97599999999997,24.8
200,100.75999999999999,24.8
300,94.4,24.8
400,87.736,24.6
500,75.808,24.6
600,71.064,24.6
700,68.912,24.6
800,64.94399999999999,24.6
900,64.536,24.6
1000,64.536,24.6
1100,60.976,24.6
1200,59.760000000000005,24.6
1300,58.104,24.6
1400,56.760000000000005,24.6
1500,55.29600000000001,24.6
1600,54.616,24.6
1700,54.263999999999996,24.6
1800,53.96,24.6
1900,53.96,24.6
2000,53.96,24.6
2100,53.96,24.6
2200,53.96,24.6
2300,53.864,24.6
2400,52.791999999999994,24.6
2500,52.791999999999994,24.6
2600,51.70399999999999,24.6
2700,51.70399999999999,24.6
2800,51.70399999999999,24.6
2900,51.70399999999999,24.6
3000,51.4,24.6
3100,50.464,24.4
3200,49.808,24.4
3300,49.303999999999995,24.4
3400,49.303999999999995,24.4
3500,49.303999999999995,24.4
3600,48.056,24.6
3700,47.976,24.8
3800,47.495999999999995,24.8
3900,47.239999999999995,24.8
4000,46.36,24.8
4100,46.36,24.8
4200,46.36,24.8
4300,46.36,24.8
4400,46.36,24.8
4500,46.2,24.8
4600,46.2,24.8
4700,45.808,24.8
4800,45.808,24.8
4900,45.808,24.8
5000,44.656,24.8
5100,44.512,24.8
5200,44.352,24.8
5300,44.032,24.8
5400,43.192,25
5500,43.192,25
5600,43.192,25
5700,43.184,25
5800,43.184,25
5900,42.440000000000005,25
6000,42.440000000000005,25
6100,41.744,24.8
6200,41.744,24.8
6300,41.744,24.8
6400,41.744,24.8
6500,41.744,24.8
6600,41.559999999999995,25
6700,41.456,25
6800,41.456,25
6900,40.416000000000004,25
7000,39.959999999999994,25
7100,39.42399999999999,25
7200,39.42399999999999,25
7300,38.535999999999994,25
7400,38.519999999999996,25
7500,38.519999999999996,25
7600,38.519999999999996,25
7700,38.519999999999996,25
7800,38.519999999999996,25
7900,36.352,25
8000,36.00000000000001,25
8100,36.00000000000001,25
8200,35.68,25
8300,35.68,25
8400,35.68,25
8500,35.559999999999995,25
8600,35.559999999999995,25
8700,35.559999999999995,25
8800,35.559999999999995,25
8900,35.36,25
9000,35.36,25
9100,35.36,25
9200,35.36,25
9300,35.36,25
9400,34.68,25
9500,34.68,25
9600,34.616,25
9700,34.616,25
9800,34.616,25
9900,34.616,25
10000,34.272,25
10100,34.272,25
10200,34.272,25
10300,34.272,25
10400,34.272,25
10500,34.272,25
10600,34.272,25
10700,34.272,25
10800,34.272,25
10900,34.25600000000001,25
11000,34.25600000000001,25
11100,34.25600000000001,25
11200,34.25600000000001,25
11300,33.656,25
11400,32.83200000000001,25
11500,32.83200000000001,25
11600,32.83200000000001,25
11700,32.384,25
11800,32.384,25
11900,32.384,25
12000,32.384,25
12100,32.384,25
12200,32.352,25
12300,32.352,25
12400,32.352,25
12500,32.303999999999995,25
12600,32.303999999999995,25
12700,32.303999999999995,25
12800,32.303999999999995,25
12900,32.303999999999995,25
13000,32.303999999999995,25
13100,32.303999999999995,25
13200,32.303999999999995,25
13300,32.303999999999995,25
13400,32.303999999999995,25
13500,32.303999999999995,25
13600,32.303999999999995,25
13700,32.303999999999995,25
13800,32.303999999999995,25
13900,32.303999999999995,25
14000,32.303999999999995,25
14100,32.303999999999995,25
14200,32.303999999999995,25
14300,32.303999999999995,25
14400,32.303999999999995,25
14500,32.248,25
14600,32.248,25
14700,32.248,25
14800,32.248,25
14900,32.248,25
15000,32.248,25
15100,32.248,25
15200,32.248,25
15300,32.248,25
15400,32.248,25
15500,32.248,25
15600,32.248,25
15700,32.248,25
15800,32.248,25
15900,32.248,25
16000,32.248,25
16100,32.248,25
16200,32.248,25
16300,32.136,25
16400,32.136,25
16500,32.136,25
16600,32.136,25
16700,32.136,25
16800,32.136,25
16900,32.136,25
17000,32.136,25
17100,32.136,25
17200,32.136,25
17300,32.136,25
17400,32.136,25
17500,32.136,25
17600,32.136,25
17700,32.136,25
17800,31.848000000000003,25
17900,31.072000000000003,24.8
18000,31.072000000000003,24.8
18100,31.072000000000003,24.8
18200,31.072000000000003,24.8
18300,31.072000000000003,24.8
18400,31.072000000000003,24.8
18500,31.072000000000003,24.8
18600,31.072000000000003,24.8
18700,31.072000000000003,24.8
18800,31.072000000000003,24.8
18900,31.072000000000003,24.8
19000,31.072000000000003,24.8
19100,31.072000000000003,24.8
19200,31.072000000000003,24.8
19300,30.6,24.6
19400,30.6,24.6
19500,30.6,24.6
19600,30.6,24.6
19700,30.6,24.6
19800,30.6,24.6
19900,30.6,24.6
20000,30.6,24.6
20100,30.6,24.6
20200,30.6,24.6
20300,30.6,24.6
20400,30.6,24.6
20500,30.6,24.6
20600,30.6,24.6
20700,30.6,24.6
20800,30.6,24.6
20900,30.6,24.6
21000,30.6,24.6
21100,30.6,24.6
21200,30.6,24.6
21300,30.6,24.6
21400,30.6,24.6
21500,30.6,24.6
21600,30.448,24.6
21700,30.448,24.6
21800,30.448,24.6
21900,30.448,24.6
22000,30.448,24.6
22100,29.832,24.6
22200,29.832,24.6
22300,29.832,24.6
22400,29.424,24.6
22500,29.424,24.6
22600,29.424,24.6
22700,29.424,24.6
22800,29.424,24.6
22900,29.424,24.6
23000,29.424,24.6
23100,29.424,24.6
23200,29.424,24.6
23300,29.424,24.6
23400,29.424,24.6
23500,29.424,24.6
23600,29.424,24.6
23700,29.424,24.6
23800,29.424,24.6
23900,29.424,24.6
24000,29.424,24.6
24100,29.424,24.6
24200,29.424,24.6
24300,29.424,24.6
24400,29.424,24.6
24500,29.424,24.6
24600,29.424,24.6
24700,29.424,24.6
24800,29.424,24.6
24900,29.424,24.6
25000,29.424,24.6
25100,29.424,24.6
25200,29.424,24.6
25300,29.424,24.6
25400,29.424,24.6
25500,29.424,24.6
25600,29.424,24.6
25700,29.424,24.6
25800,29.424,24.6
25900,29.424,24.6
26000,28.24,24.6
26100,28.24,24.6
26200,28.24,24.6
26300,28.24,24.6
26400,28.24,24.6
26500,28.24,24.6
26600,28.24,24.6
26700,28.24,24.6
26800,28.24,24.6
26900,28.24,24.6
27000,28.24,24.6
27100,28.24,24.6
27200,28.24,24.6
27300,28.24,24.6
27400,28.215999999999998,24.6
27500,27.96,24.6
27600,27.96,24.6
27700,27.96,24.6
27800,27.96,24.6
27900,27.96,24.6
28000,27.96,24.6
28100,27.96,24.6
28200,27.96,24.6
28300,27.96,24.6
28400,27.96,24.6
28500,27.96,24.6
28600,27.96,24.6
28700,27.96,24.6
28800,27.96,24.6
28900,27.96,24.6
29000,27.96,24.6
29100,27.96,24.6
29200,27.96,24.6
29300,27.96,24.6
29400,27.96,24.6
29500,27.96,24.6
29600,27.96,24.6
29700,27.96,24.6
29800,27.96,24.6
29900,27.96,24.6
30000,27.96,24.6
30100,27.96,24.6
30200,27.96,24.6
30300,27.96,24.6
30400,27.96,24.6
30500,27.96,24.6
30600,27.96,24.6
30700,27.96,24.6
30800,27.96,24.6
30900,27.96,24.6
31000,27.96,24.6
31100,27.96,24.6
31200,27.96,24.6
31300,27.96,24.6
31400,27.96,24.6
31500,27.96,24.6
31600,27.96,24.6
31700,27.96,24.6
31800,27.96,24.6
31900,27.96,24.6
32000,27.96,24.6
32100,27.96,24.6
32200,27.96,24.6
32300,27.96,24.6
32400,27.96,24.6
32500,27.96,24.6
32600,27.96,24.6
32700,27.96,24.6
32800,27.96,24.6
32900,27.96,24.6
33000,27.96,24.6
33100,27.96,24.6
33200,27.96,24.6
33300,27.96,24.6
33400,27.96,24.6
33500,27.96,24.6
33600,27.96,24.6
33700,27.96,24.6
33800,27.96,24.6
33900,27.96,24.6
34000,27.96,24.6
34100,27.96,24.6
34200,27.96,24.6
34300,27.96,24.6
34400,27.96,24.6
34500,27.96,24.6
34600,27.96,24.6
34700,27.96,24.6
34800,27.96,24.6
34900,27.96,24.6
35000,27.96,24.6
35100,27.96,24.6
35200,27.96,24.6
35300,27.96,24.6
35400,27.96,24.6
35500,27.96,24.6
35600,27.96,24.6
35700,27.96,24.6
35800,27.840000000000003,24.6
35900,27.840000000000003,24.6
36000,27.840000000000003,24.6
36100,27.840000000000003,24.6
36200,27.840000000000003,24.6
36300,27.840000000000003,24.6
36400,27.840000000000003,24.6
36500,27.840000000000003,24.6
36600,27.840000000000003,24.6
36700,27.840000000000003,24.6
36800,27.840000000000003,24.6
36900,27.840000000000003,24.6
37000,27.840000000000003,24.6
37100,27.840000000000003,24.6
37200,27.784000000000002,24.6
37300,27.784000000000002,24.6
37400,27.784000000000002,24.6
37500,27.784000000000002,24.6
37600,27.784000000000002,24.6
37700,27.784000000000002,24.6
37800,27.784000000000002,24.6
37900,27.784000000000002,24.6
38000,27.784000000000002,24.6
38100,27.784000000000002,24.6
38200,27.784000000000002,24.6
38300,27.784000000000002,24.6
38400,27.784000000000002,24.6
38500,27.784000000000002,24.6
38600,27.784000000000002,24.6
38700,27.784000000000002,24.6
38800,27.704,24.6
38900,27.704,24.6
39000,27.704,24.6
39100,27.704,24.6
39200,27.704,24.6
39300,27.704,24.6
39400,27.704,24.6
39500,27.704,24.6
39600,27.704,24.6
39700,27.704,24.6
39800,27.704,24.6
39900,27.704,24.6
40000,27.704,24.6
40100,27.704,24.6
40200,27.704,24.6
40300,27.704,24.6
40400,27.704,24.6
40500,27.704,24.6
40600,27.704,24.6
40700,27.704,24.6
40800,27.704,24.6
40900,27.704,24.6
41000,27.704,24.6
41100,27.704,24.6
41200,27.704,24.6
41300,27.704,24.6
41400,27.704,24.6
41500,27.704,24.6
41600,27.704,24.6
41700,27.704,24.6
41800,27.704,24.6
41900,27.704,24.6
42000,27.704,24.6
42100,27.704,24.6
42200,27.704,24.6
42300,27.704,24.6
42400,27.704,24.6
42500,27.704,24.6
42600,27.704,24.6
42700,27.704,24.6
42800,27.704,24.6
42900,27.704,24.6
43000,27.704,24.6
43100,27.704,24.6
43200,27.704,24.6
43300,27.704,24.6
43400,27.704,24.6
43500,27.704,24.6
43600,27.704,24.6
43700,27.704,24.6
43800,27.704,24.6
43900,27.704,24.6
44000,27.704,24.6
44100,27.704,24.6
44200,27.704,24.6
44300,27.704,24.6
44400,27.704,24.6
44500,27.704,24.6
44600,27.704,24.6
44700,27.703999999999997,24.6
44800,27.703999999999997,24.6
44900,27.703999999999997,24.6
45000,27.703999999999997,24.6
45100,27.703999999999997,24.6
45200,27.703999999999997,24.6
45300,27.703999999999997,24.6
45400,27.703999999999997,24.6
45500,27.703999999999997,24.6
45600,27.703999999999997,24.6
45700,27.703999999999997,24.6
45800,27.703999999999997,24.6
45900,27.703999999999997,24.6
46000,27.703999999999997,24.6
46100,27.703999999999997,24.6
46200,27.703999999999997,24.6
46300,27.703999999999997,24.6
46400,27.703999999999997,24.6
46500,27.703999999999997,24.6
46600,27.703999999999997,24.6
46700,27.703999999999997,24.6
46800,27.703999999999997,24.6
46900,27.703999999999997,24.6
47000,27.703999999999997,24.6
47100,27.703999999999997,24.6
47200,27.703999999999997,24.6
47300,27.703999999999997,24.6
47400,27.703999999999997,24.6
47500,27.703999999999997,24.6
47600,27.703999999999997,24.6
47700,27.703999999999997,24.6
47800,27.703999999999997,24.6
47900,27.703999999999997,24.6
48000,27.703999999999997,24.6
48100,27.703999999999997,24.6
48200,27.703999999999997,24.6
48300,27.703999999999997,24.6
48400,27.703999999999997,24.6
48500,27.703999999999997,24.6
48600,27.703999999999997,24.6
48700,27.703999999999997,24.6
48800,27.703999999999997,24.6
48900,27.703999999999997,24.6
49000,27.703999999999997,24.6
49100,27.703999999999997,24.6
49200,27.671999999999997,24.6
49300,27.671999999999997,24.6
49400,27.671999999999997,24.6
49500,27.671999999999997,24.6
49600,27.671999999999997,24.6
49700,27.639999999999997,24.4
49800,27.639999999999997,24.4
49900,27.639999999999997,24.4
50000,27.639999999999997,24.4
50100,27.639999999999997,24.4
50200,27.639999999999997,24.4
50300,27.639999999999997,24.4
50400,27.639999999999997,24.4
50500,27.639999999999997,24.4
50600,27.639999999999997,24.4
50700,27.639999999999997,24.4
50800,27.639999999999997,24.4
50900,27.639999999999997,24.4
51000,27.639999999999997,24.4
51100,27.639999999999997,24.4
51200,27.639999999999997,24.4
51300,27.639999999999997,24.4
51400,27.608000000000004,24.4
51500,27.608000000000004,24.4
51600,27.608000000000004,24.4
51700,27.047999999999995,24.4
51800,27.047999999999995,24.4
51900,27.047999999999995,24.4
52000,27.047999999999995,24.4
52100,27.047999999999995,24.4
52200,27.047999999999995,24.4
52300,27.047999999999995,24.4
52400,27.047999999999995,24.4
52500,27.047999999999995,24.4
52600,27.047999999999995,24.4
52700,27.047999999999995,24.4
52800,27.047999999999995,24.4
52900,27.047999999999995,24.4
53000,26.976,24.4
53100,26.976,24.4
53200,26.976,24.4
53300,26.976,24.4
53400,26.312,24.4
53500,26.312,24.4
53600,26.312,24.4
53700,26.080000000000002,24.4
53800,26.080000000000002,24.4
53900,26.080000000000002,24.4
54000,26.080000000000002,24.4
54100,26.080000000000002,24.4
54200,26.080000000000002,24.4
54300,26.080000000000002,24.4
54400,26.080000000000002,24.4
54500,26.080000000000002,24.4
54600,26.080000000000002,24.4
54700,26.080000000000002,24.4
54800,26.080000000000002,24.4
54900,26.080000000000002,24.4
55000,26.080000000000002,24.4
55100,26.080000000000002,24.4
55200,26.080000000000002,24.4
55300,26.080000000000002,24.4
55400,26.080000000000002,24.4
55500,26.080000000000002,24.4
55600,26.080000000000002,24.4
55700,25.951999999999998,24.4
55800,25.951999999999998,24.4
55900,25.951999999999998,24.4
56000,25.951999999999998,24.4
56100,25.951999999999998,24.4
56200,25.951999999999998,24.4
56300,25.951999999999998,24.4
56400,25.951999999999998,24.4
56500,25.951999999999998,24.4
56600,25.951999999999998,24.4
56700,25.951999999999998,24.4
56800,25.951999999999998,24.4
56900,25.776,24.2
57000,25.272000000000002,24.4
57100,25.272000000000002,24.4
57200,25.272000000000002,24.4
57300,25.272000000000002,24.4
57400,25.272000000000002,24.4
57500,25.272000000000002,24.4
57600,25.272000000000002,24.4
57700,25.272000000000002,24.4
57800,25.272000000000002,24.4
57900,25.272000000000002,24.4
58000,25.272000000000002,24.4
58100,24.904,24.2
58200,24.904,24.2
58300,24.904,24.2
58400,24.904,24.2
58500,24.904,24.2
58600,24.904,24.2
58700,24.904,24.2
58800,24.904,24.2
58900,24.904,24.2
59000,24.904,24.2
59100,24.904,24.2
59200,24.904,24.2
59300,24.904,24.2
59400,24.904,24.2
59500,24.904,24.2
59600,24.904,24.2
59700,24.904,24.2
59800,24.904,24.2
59900,24.904,24.2
60000,24.904,24.2
60100,24.904,24.2
60200,24.904,24.2
60300,24.88,24.2
60400,24.88,24.2
60500,24.88,24.2
60600,24.88,24.2
60700,24.88,24.2
60800,24.88,24.2
60900,24.88,24.2
61000,24.88,24.2
61100,24.88,24.2
61200,24.88,24.2
61300,24.88,24.2
61400,24.88,24.2
61500,24.88,24.2
61600,24.88,24.2
61700,24.88,24.2
61800,24.88,24.2
61900,24.88,24.2
62000,24.88,24.2
62100,24.88,24.2
62200,24.88,24.2
62300,24.88,24.2
62400,24.88,24.2
62500,24.88,24.2
62600,24.88,24.2
62700,24.88,24.2
62800,24.88,24.2
62900,24.639999999999997,24
63000,24.632,24.2
63100,24.456,24.2
63200,24.352,24.2
63300,24.312,24.2
63400,24.312,24.2
63500,24.312,24.2
63600,24.312,24.2
63700,24.312,24.2
63800,24.312,24.2
63900,24.312,24.2
64000,24.312,24.2
64100,24.312,24.2
64200,24.312,24.2
64300,24.312,24.2
64400,24.312,24.2
64500,24.312,24.2
64600,24.312,24.2
64700,24.312,24.2
64800,24.312,24.2
64900,24.312,24.2
65000,24.312,24.2
65100,24.312,24.2
65200,24.312,24.2
65300,24.312,24.2
65400,24.312,24.2
65500,24.312,24.2
65600,24.312,24.2
65700,24.312,24.2
65800,24.312,24.2
65900,24.312,24.2
66000,24.312,24.2
66100,24.312,24.2
66200,24.312,24.2
66300,24.312,24.2
66400,24.312,24.2
66500,24.312,24.2
66600,24.312,24.2
66700,24.312,24.2
66800,24.312,24.2
66900,24.312,24.2
67000,24.312,24.2
67100,24.312,24.2
67200,24.312,24.2
67300,24.312,24.2
67400,24.312,24.2
67500,24.312,24.2
67600,24.312,24.2
67700,24.312,24.2
67800,24.312,24.2
67900,23.928,24.2
68000,23.928,24.2
68100,23.928,24.2
68200,23.928,24.2
68300,23.928,24.2
68400,23.928,24.2
68500,23.928,24.2
68600,23.928,24.2
68700,23.928,24.2
68800,23.928,24.2
68900,23.928,24.2
69000,23.928,24.2
69100,23.928,24.2
69200,23.928,24.2
69300,23.928,24.2
69400,23.928,24.2
69500,23.928,24.2
69600,23.928,24.2
69700,23.928,24.2
69800,23.928,24.2
69900,23.928,24.2
70000,23.567999999999998,24.2
70100,23.567999999999998,24.2
70200,23.567999999999998,24.2
70300,23.567999999999998,24.2
70400,23.567999999999998,24.2
70500,23.567999999999998,24.2
70600,23.567999999999998,24.2
70700,23.567999999999998,24.2
70800,23.567999999999998,24.2
70900,23.567999999999998,24.2
71000,23.567999999999998,24.2
71100,23.567999999999998,24.2
71200,23.567999999999998,24.2
71300,23.567999999999998,24.2
71400,23.567999999999998,24.2
71500,23.567999999999998,24.2
71600,23.567999999999998,24.2
71700,23.567999999999998,24.2
71800,23.567999999999998,24.2
71900,23.567999999999998,24.2
72000,23.567999999999998,24.2
72100,23.567999999999998,24.2
72200,23.567999999999998,24.2
72300,23.567999999999998,24.2
72400,23.567999999999998,24.2
72500,23.567999999999998,24.2
72600,23.567999999999998,24.2
72700,23.567999999999998,24.2
72800,23.567999999999998,24.2
72900,23.567999999999998,24.2
73000,23.567999999999998,24.2
73100,23.567999999999998,24.2
73200,23.567999999999998,24.2
73300,23.567999999999998,24.2
73400,23.567999999999998,24.2
73500,23.567999999999998,24.2
73600,23.488,24.2
73700,23.488,24.2
73800,23.488,24.2
73900,23.488,24.2
74000,23.488,24.2
74100,23.488,24.2
74200,23.488,24.2
74300,23.488,24.2
74400,23.488,24.2
74500,23.488,24.2
74600,23.488,24.2
74700,23.488,24.2
74800,23.488,24.2
74900,23.488,24.2
75000,23.488,24.2
75100,23.488,24.2
75200,23.488,24.2
75300,23.04,24.2
75400,23.04,24.2
75500,23.04,24.2
75600,23.04,24.2
75700,23.04,24.2
75800,23.04,24.2
75900,23.04,24.2
76000,23.04,24.2
76100,23.04,24.2
76200,23.04,24.2
76300,23.04,24.2
76400,23.04,24.2
76500,23.04,24.2
76600,23.04,24.2
76700,23.04,24.2
76800,23.04,24.2
76900,23.04,24.2
77000,23.04,24.2
77100,23.04,24.2
77200,23.04,24.2
77300,23.04,24.2
77400,23.04,24.2
77500,23.04,24.2
77600,23.04,24.2
77700,23.04,24.2
77800,23.04,24.2
77900,23.04,24.2
78000,23.04,24.2
78100,23.04,24.2
78200,23.04,24.2
78300,23.04,24.2
78400,23.04,24.2
78500,23.04,24.2
78600,23.04,24.2
78700,23.04,24.2
78800,23.04,24.2
78900,23.04,24.2
79000,23.04,24.2
79100,23.04,24.2
79200,23.04,24.2
79300,23.04,24.2
79400,23.04,24.2
79500,23.04,24.2
79600,23.04,24.2
79700,23.04,24.2
79800,23.04,24.2
79900,23.04,24.2
80000,23.04,24.2
80100,23.04,24.2
80200,23.04,24.2
80300,23.04,24.2
80400,23.04,24.2
80500,23.04,24.2
80600,23.04,24.2
80700,23.04,24.2
80800,23.04,24.2
80900,23.04,24.2
81000,23.04,24.2
81100,23.04,24.2
81200,23.04,24.2
81300,23.04,24.2
81400,23.04,24.2
81500,23.04,24.2
81600,23.04,24.2
81700,23.04,24.2
81800,23.04,24.2
81900,23.04,24.2
82000,23.04,24.2
82100,23.04,24.2
82200,23.04,24.2
82300,22.6,24.2
82400,22.6,24.2
82500,22.6,24.2
82600,22.6,24.2
82700,22.6,24.2
82800,22.6,24.2
82900,22.6,24.2
83000,22.6,24.2
83100,22.6,24.2
83200,22.6,24.2
83300,22.6,24.2
83400,22.6,24.2
83500,22.6,24.2
83600,22.6,24.2
83700,22.6,24.2
83800,22.6,24.2
83900,22.6,24.2
84000,22.6,24.2
84100,22.6,24.2
84200,22.6,24.2
84300,22.6,24.2
84400,22.6,24.2
84500,22.6,24.2
84600,22.6,24.2
84700,22.6,24.2
84800,22.6,24.2
84900,22.6,24.2
85000,22.6,24.2
85100,22.6,24.2
85200,22.6,24.2
85300,22.6,24.2
85400,22.6,24.2
85500,22.6,24.2
85600,22.6,24.2
85700,22.6,24.2
85800,22.6,24.2
85900,22.6,24.2
86000,22.6,24.2
86100,22.6,24.2
86200,22.6,24.2
86300,22.6,24.2
86400,22.6,24.2
86500,22.6,24.2
86600,22.6,24.2
86700,22.6,24.2
86800,22.6,24.2
86900,22.6,24.2
87000,22.6,24.2
87100,22.6,24.2
87200,22.6,24.2
87300,22.6,24.2
87400,22.6,24.2
87500,22.6,24.2
87600,22.503999999999998,24.2
87700,22.503999999999998,24.2
87800,22.503999999999998,24.2
87900,22.503999999999998,24.2
88000,22.503999999999998,24.2
88100,22.503999999999998,24.2
88200,22.503999999999998,24.2
88300,22.503999999999998,24.2
88400,22.503999999999998,24.2
88500,22.503999999999998,24.2
88600,22.503999999999998,24.2
88700,22.503999999999998,24.2
88800,22.503999999999998,24.2
88900,22.503999999999998,24.2
89000,22.503999999999998,24.2
89100,22.296,24.4
89200,22.296,24.4
89300,22.296,24.4
89400,22.296,24.4
89500,22.168,24.4
89600,22.168,24.4
89700,22.168,24.4
89800,22.168,24.4
89900,22.168,24.4
90000,22.168,24.4
90100,21.968,24.4
90200,21.968,24.4
90300,21.968,24.4
90400,21.968,24.4
90500,21.968,24.4
90600,21.968,24.4
90700,21.968,24.4
90800,21.968,24.4
90900,21.968,24.4
91000,21.968,24.4
91100,21.968,24.4
91200,21.968,24.4
91300,21.968,24.4
91400,21.968,24.4
91500,21.968,24.4
91600,21.968,24.4
91700,21.968,24.4
91800,21.968,24.4
91900,21.968,24.4
92000,21.968,24.4
92100,21.968,24.4
92200,21.968,24.4
92300,21.968,24.4
92400,21.968,24.4
92500,21.968,24.4
92600,21.968,24.4
92700,21.968,24.4
92800,21.968,24.4
92900,21.968,24.4
93000,21.968,24.4
93100,21.968,24.4
93200,21.968,24.4
93300,21.968,24.4
93400,21.968,24.4
93500,21.968,24.4
93600,21.968,24.4
93700,21.968,24.4
93800,21.968,24.4
93900,21.968,24.4
94000,21.968,24.4
94100,21.968,24.4
94200,21.968,24.4
94300,21.895999999999997,24.4
94400,21.895999999999997,24.4
94500,21.895999999999997,24.4
94600,21.895999999999997,24.4
94700,21.895999999999997,24.4
94800,21.895999999999997,24.4
94900,21.456,24.4
95000,21.264000000000003,24.4
95100,21.264000000000003,24.4
95200,21.264000000000003,24.4
95300,21.264000000000003,24.4
95400,21.264000000000003,24.4
95500,21.264000000000003,24.4
95600,21.264000000000003,24.4
95700,21.264000000000003,24.4
95800,21.264000000000003,24.4
95900,21.264000000000003,24.4
96000,21.264000000000003,24.4
96100,21.264000000000003,24.4
96200,21.264000000000003,24.4
96300,21.264000000000003,24.4
96400,21.264000000000003,24.4
96500,21.264000000000003,24.4
96600,21.264000000000003,24.4
96700,21.264000000000003,24.4
96800,21.264000000000003,24.4
96900,21.264000000000003,24.4
97000,21.264000000000003,24.4
97100,21.264000000000003,24.4
97200,21.264000000000003,24.4
97300,21.264000000000003,24.4
97400,21.264000000000003,24.4
97500,20.919999999999998,24.4
97600,20.919999999999998,24.4
97700,20.919999999999998,24.4
97800,20.919999999999998,24.4
97900,20.608,24.4
98000,20.608,24.4
98100,20.608,24.4
98200,20.608,24.4
98300,20.608,24.4
98400,20.608,24.4
98500,20.608,24.4
98600,20.608,24.4
98700,20.608,24.4
98800,20.608,24.4
98900,20.608,24.4
99000,20.608,24.4
99100,20.608,24.4
99200,20.608,24.4
99300,20.608,24.4
99400,20.608,24.4
99500,20.608,24.4
99600,20.608,24.4
99700,20.608,24.4
99800,20.608,24.4
99900,20.608,24.4
100000,20.608,24.4
100100,20.608,24.4
100200,20.608,24.4
100300,20.608,24.4
100400,20.608,24.4
100500,20.608,24.4
100600,20.608,24.4
100700,20.608,24.4
100800,20.608,24.4
100900,20.608,24.4
101000,20.608,24.4
101100,20.608,24.4
101200,20.608,24.4
101300,20.608,24.4
101400,20.608,24.4
101500,20.608,24.4
101600,20.608,24.4
101700,20.608,24.4
101800,20.608,24.4
101900,20.608,24.4
102000,20.608,24.4
102100,20.608,24.4
102200,20.608,24.4
102300,20.608,24.4
102400,20.608,24.4
102500,20.608,24.4
102600,20.608,24.4
102700,20.608,24.4
102800,20.608,24.4
102900,20.608,24.4
103000,20.608,24.4
103100,20.608,24.4
103200,20.608,24.4
103300,20.608,24.4
103400,20.608,24.4
103500,20.608,24.4
103600,20.608,24.4
103700,20.608,24.4
103800,20.608,24.4
103900,20.608,24.4
104000,20.608,24.4
104100,20.608,24.4
104200,20.608,24.4
104300,20.608,24.4
104400,20.608,24.4
104500,20.608,24.4
104600,20.608,24.4
104700,20.608,24.4
104800,20.608,24.4
104900,20.608,24.4
105000,20.608,24.4
105100,20.608,24.4
105200,20.608,24.4
105300,20.608,24.4
105400,20.608,24.4
105500,20.608,24.4
105600,20.608,24.4
105700,20.608,24.4
105800,20.608,24.4
105900,20.608,24.4
106000,20.608,24.4
106100,20.608,24.4
106200,20.608,24.4
106300,20.608,24.4
106400,20.608,24.4
106500,20.608,24.4
106600,20.608,24.4
106700,20.608,24.4
106800,20.608,24.4
106900,20.608,24.4
107000,20.608,24.4
107100,20.608,24.4
107200,20.608,24.4
107300,20.608,24.4
107400,20.608,24.4
107500,20.608,24.4
107600,20.608,24.4
107700,20.608,24.4
107800,20.608,24.4
107900,20.608,24.4
108000,20.608,24.4
108100,20.608,24.4
108200,20.608,24.4
108300,20.296,24.4
108400,20.296,24.4
108500,20.296,24.4
108600,20.296,24.4
108700,20.296,24.4
108800,20.296,24.4
108900,20.296,24.4
109000,20.296,24.4
109100,20.296,24.4
109200,20.296,24.4
109300,20.296,24.4
109400,20.296,24.4
109500,20.296,24.4
109600,20.296,24.4
109700,20.296,24.4
109800,20.296,24.4
109900,20.296,24.4
110000,20.296,24.4
110100,20.296,24.4
110200,20.296,24.4
110300,20.296,24.4
110400,20.296,24.4
110500,20.296,24.4
110600,20.296,24.4
110700,20.296,24.4
110800,20.296,24.4
110900,20.296,24.4
111000,20.296,24.4
111100,20.296,24.4
111200,20.296,24.4
111300,20.296,24.4
111400,20.296,24.4
111500,20.296,24.4
111600,20.296,24.4
111700,20.296,24.4
111800,20.296,24.4
111900,20.296,24.4
112000,20.296,24.4
112100,20.296,24.4
112200,20.296,24.4
112300,20.296,24.4
112400,20.296,24.4
112500,20.296,24.4
112600,20.080000000000002,24.4
112700,20.080000000000002,24.4
112800,20.080000000000002,24.4
112900,20.080000000000002,24.4
113000,20.080000000000002,24.4
113100,20.080000000000002,24.4
113200,20.080000000000002,24.4
113300,20.080000000000002,24.4
113400,20.080000000000002,24.4
113500,20.080000000000002,24.4
113600,20.080000000000002,24.4
113700,20.080000000000002,24.4
113800,20.080000000000002,24.4
113900,20.080000000000002,24.4
114000,20.080000000000002,24.4
114100,20.080000000000002,24.4
114200,20.080000000000002,24.4
114300,20.080000000000002,24.4
114400,20.080000000000002,24.4
114500,20.080000000000002,24.4
114600,20.080000000000002,24.4
114700,20.080000000000002,24.4
114800,20.080000000000002,24.4
114900,20.080000000000002,24.4
115000,20.080000000000002,24.4
115100,20.080000000000002,24.4
115200,20.080000000000002,24.4
115300,20.080000000000002,24.4
115400,20.080000000000002,24.4
115500,20.080000000000002,24.4
115600,20.080000000000002,24.4
115700,20.080000000000002,24.4
115800,20.080000000000002,24.4
115900,20.080000000000002,24.4
116000,20.080000000000002,24.4
116100,20.080000000000002,24.4
116200,20.080000000000002,24.4
116300,20.080000000000002,24.4
116400,20.080000000000002,24.4
116500,20.080000000000002,24.4
116600,20.080000000000002,24.4
116700,20.080000000000002,24.4
116800,20.080000000000002,24.4
116900,20.080000000000002,24.4
117000,20.080000000000002,24.4
117100,20.080000000000002,24.4
117200,20.080000000000002,24.4
117300,20.080000000000002,24.4
117400,20.080000000000002,24.4
117500,20.080000000000002,24.4
117600,20.080000000000002,24.4
117700,20.080000000000002,24.4
117800,20.080000000000002,24.4
117900,20.080000000000002,24.4
118000,20.080000000000002,24.4
118100,20.080000000000002,24.4
118200,20.080000000000002,24.4
118300,20.080000000000002,24.4
118400,20.080000000000002,24.4
118500,20.080000000000002,24.4
118600,20.080000000000002,24.4
118700,20.080000000000002,24.4
118800,20.080000000000002,24.4
118900,20.080000000000002,24.4
119000,20.080000000000002,24.4
119100,20.080000000000002,24.4
119200,20.080000000000002,24.4
119300,20.080000000000002,24.4
119400,20.080000000000002,24.4
119500,20.080000000000002,24.4
119600,20.080000000000002,24.4
119700,20.080000000000002,24.4
119800,20.080000000000002,24.4
119900,20.080000000000002,24.4
120000,20.080000000000002,24.4
120100,20.080000000000002,24.4
120200,20.080000000000002,24.4
120300,20.080000000000002,24.4
120400,20.080000000000002,24.4
120500,20.080000000000002,24.4
120600,20.080000000000002,24.4
120700,20.080000000000002,24.4
120800,20.080000000000002,24.4
120900,20.080000000000002,24.4
121000,20.080000000000002,24.4
121100,20.080000000000002,24.4
121200,20.080000000000002,24.4
121300,20.080000000000002,24.4
121400,20.080000000000002,24.4
121500,20.080000000000002,24.4
121600,20.080000000000002,24.4
121700,20.080000000000002,24.4
121800,20.080000000000002,24.4
121900,20.080000000000002,24.4
122000,20.080000000000002,24.4
122100,20.080000000000002,24.4
122200,20.080000000000002,24.4
122300,20.080000000000002,24.4
122400,20.080000000000002,24.4
122500,20.080000000000002,24.4
122600,20.080000000000002,24.4
122700,20.080000000000002,24.4
122800,20.080000000000002,24.4
122900,20.080000000000002,24.4
123000,20.080000000000002,24.4
123100,20.080000000000002,24.4
123200,20.080000000000002,24.4
123300,20.080000000000002,24.4
123400,20.080000000000002,24.4
123500,20.080000000000002,24.4
123600,20.080000000000002,24.4
123700,20.080000000000002,24.4
123800,20.080000000000002,24.4
123900,20.080000000000002,24.4
124000,20.080000000000002,24.4
124100,20.080000000000002,24.4
124200,20.080000000000002,24.4
124300,20.080000000000002,24.4
124400,20.080000000000002,24.4
124500,20.080000000000002,24.4
124600,19.848000000000003,24.4
124700,19.848000000000003,24.4
124800,19.848000000000003,24.4
124900,19.848000000000003,24.4
125000,19.848000000000003,24.4
125100,19.848000000000003,24.4
125200,19.848000000000003,24.4
125300,19.848000000000003,24.4
125400,19.848000000000003,24.4
125500,19.848000000000003,24.4
125600,19.848000000000003,24.4
125700,19.848000000000003,24.4
125800,19.848000000000003,24.4
125900,19.848000000000003,24.4
126000,19.848000000000003,24.4
126100,19.848000000000003,24.4
126200,19.848000000000003,24.4
126300,19.848000000000003,24.4
126400,19.848000000000003,24.4
126500,19.848000000000003,24.4
126600,19.848000000000003,24.4
126700,19.848000000000003,24.4
126800,19.848000000000003,24.4
126900,19.848000000000003,24.4
127000,19.848000000000003,24.4
127100,19.848000000000003,24.4
127200,19.848000000000003,24.4
127300,19.848000000000003,24.4
127400,19.848000000000003,24.4
127500,19.848000000000003,24.4
127600,19.848000000000003,24.4
127700,19.848000000000003,24.4
127800,19.848000000000003,24.4
127900,19.848000000000003,24.4
128000,19.848000000000003,24.4
128100,19.848000000000003,24.4
128200,19.848000000000003,24.4
128300,19.848000000000003,24.4
128400,19.848000000000003,24.4
128500,19.848000000000003,24.4
128600,19.848000000000003,24.4
128700,19.848000000000003,24.4
128800,19.848000000000003,24.4
128900,19.848000000000003,24.4
129000,19.848000000000003,24.4
129100,19.848000000000003,24.4
129200,19.848000000000003,24.4
129300,19.848000000000003,24.4
129400,19.848000000000003,24.4
129500,19.848000000000003,24.4
129600,19.848000000000003,24.4
129700,19.848000000000003,24.4
129800,19.848000000000003,24.4
129900,19.848000000000003,24.4
130000,19.848000000000003,24.4
130100,19.848000000000003,24.4
130200,19.848000000000003,24.4
130300,19.848000000000003,24.4
130400,19.848000000000003,24.4
130500,19.848000000000003,24.4
130600,19.848000000000003,24.4
130700,19.848000000000003,24.4
130800,19.848000000000003,24.4
130900,19.848000000000003,24.4
131000,19.848000000000003,24.4
131100,19.848000000000003,24.4
131200,19.848000000000003,24.4
131300,19.848000000000003,24.4
131400,19.848000000000003,24.4
131500,19.848000000000003,24.4
131600,19.848000000000003,24.4
131700,19.848000000000003,24.4
131800,19.848000000000003,24.4
131900,19.848000000000003,24.4
132000,19.848000000000003,24.4
132100,19.848000000000003,24.4
132200,19.848000000000003,24.4
132300,19.848000000000003,24.4
132400,19.848000000000003,24.4
132500,19.848000000000003,24.4
132600,19.848000000000003,24.4
132700,19.848000000000003,24.4
132800,19.848000000000003,24.4
132900,19.848000000000003,24.4
133000,19.848000000000003,24.4
133100,19.848000000000003,24.4
133200,19.848000000000003,24.4
133300,19.848000000000003,24.4
133400,19.848000000000003,24.4
133500,19.848000000000003,24.4
133600,19.848000000000003,24.4
133700,19.848000000000003,24.4
133800,19.848000000000003,24.4
133900,19.848000000000003,24.4
134000,19.848000000000003,24.4
134100,19.848000000000003,24.4
134200,19.848000000000003,24.4
134300,19.848000000000003,24.4
134400,19.848000000000003,24.4
134500,19.848000000000003,24.4
134600,19.848000000000003,24.4
134700,19.848000000000003,24.4
134800,19.848000000000003,24.4
134900,19.848000000000003,24.4
135000,19.848000000000003,24.4
135100,19.848000000000003,24.4
135200,19.848000000000003,24.4
135300,19.848000000000003,24.4
135400,19.848000000000003,24.4
135500,19.848000000000003,24.4
135600,19.848000000000003,24.4
135700,19.848000000000003,24.4
135800,19.848000000000003,24.4
135900,19.848000000000003,24.4
136000,19.848000000000003,24.4
136100,19.848000000000003,24.4
136200,19.848000000000003,24.4
136300,19.848000000000003,24.4
136400,19.848000000000003,24.4
136500,19.848000000000003,24.4
136600,19.848000000000003,24.4
136700,19.848000000000003,24.4
136800,19.848000000000003,24.4
136900,19.848000000000003,24.4
137000,19.848000000000003,24.4
137100,19.848000000000003,24.4
137200,19.848000000000003,24.4
137300,19.848000000000003,24.4
137400,19.848000000000003,24.4
137500,19.848000000000003,24.4
137600,19.848000000000003,24.4
137700,19.848000000000003,24.4
137800,19.848000000000003,24.4
137900,19.848000000000003,24.4
138000,19.848000000000003,24.4
138100,19.848000000000003,24.4
138200,19.848000000000003,24.4
138300,19.848000000000003,24.4
138400,19.848000000000003,24.4
138500,19.848000000000003,24.4
138600,19.848000000000003,24.4
138700,19.848000000000003,24.4
138800,19.848000000000003,24.4
138900,19.848000000000003,24.4
139000,19.848000000000003,24.4
139100,19.848000000000003,24.4
139200,19.848000000000003,24.4
139300,19.848000000000003,24.4
139400,19.848000000000003,24.4
139500,19.848000000000003,24.4
139600,19.848000000000003,24.4
139700,19.848000000000003,24.4
139800,19.848000000000003,24.4
139900,19.848000000000003,24.4
140000,19.848000000000003,24.4
140100,19.848000000000003,24.4
140200,19.848000000000003,24.4
140300,19.848000000000003,24.4
140400,19.848000000000003,24.4
140500,19.848000000000003,24.4
140600,19.848000000000003,24.4
140700,19.848000000000003,24.4
140800,19.848000000000003,24.4
140900,19.848000000000003,24.4
141000,19.848000000000003,24.4
141100,19.848000000000003,24.4
141200,19.848000000000003,24.4
141300,19.848000000000003,24.4
141400,19.848000000000003,24.4
141500,19.848000000000003,24.4
141600,19.848000000000003,24.4
141700,19.848000000000003,24.4
141800,19.848000000000003,24.4
141900,19.848000000000003,24.4
142000,19.848000000000003,24.4
142100,19.848000000000003,24.4
142200,19.848000000000003,24.4
142300,19.848000000000003,24.4
142400,19.848000000000003,24.4
142500,19.848000000000003,24.4
142600,19.848000000000003,24.4
142700,19.848000000000003,24.4
142800,19.848000000000003,24.4
142900,19.848000000000003,24.4
143000,19.848000000000003,24.4
143100,19.848000000000003,24.4
143200,19.848000000000003,24.4
143300,19.848000000000003,24.4
143400,19.848000000000003,24.4
143500,19.848000000000003,24.4
143600,19.848000000000003,24.4
143700,19.848000000000003,24.4
143800,19.848000000000003,24.4
143900,19.848000000000003,24.4
144000,19.848000000000003,24.4
144100,19.848000000000003,24.4
144200,19.848000000000003,24.4
144300,19.848000000000003,24.4
144400,19.848000000000003,24.4
144500,19.848000000000003,24.4
144600,19.848000000000003,24.4
144700,19.848000000000003,24.4
144800,19.848000000000003,24.4
144900,19.848000000000003,24.4
145000,19.848000000000003,24.4
145100,19.848000000000003,24.4
145200,19.848000000000003,24.4
145300,19.848000000000003,24.4
145400,19.848000000000003,24.4
145500,19.848000000000003,24.4
145600,19.848000000000003,24.4
145700,19.848000000000003,24.4
145800,19.848000000000003,24.4
145900,19.848000000000003,24.4
146000,19.848000000000003,24.4
146100,19.848000000000003,24.4
146200,19.848000000000003,24.4
146300,19.848000000000003,24.4
146400,19.848000000000003,24.4
146500,19.848000000000003,24.4
146600,19.848000000000003,24.4
146700,19.848000000000003,24.4
146800,19.848000000000003,24.4
146900,19.848000000000003,24.4
147000,19.848000000000003,24.4
147100,19.848000000000003,24.4
147200,19.848000000000003,24.4
147300,19.848000000000003,24.4
147400,19.848000000000003,24.4
147500,19.848000000000003,24.4
147600,19.848000000000003,24.4
147700,19.848000000000003,24.4
147800,19.848000000000003,24.4
147900,19.848000000000003,24.4
148000,19.848000000000003,24.4
148100,19.848000000000003,24.4
148200,19.848000000000003,24.4
148300,19.848000000000003,24.4
148400,19.848000000000003,24.4
148500,19.848000000000003,24.4
148600,19.848000000000003,24.4
148700,19.848000000000003,24.4
148800,19.848000000000003,24.4
148900,19.848000000000003,24.4
149000,19.848000000000003,24.4
149100,19.848000000000003,24.4
149200,19.848000000000003,24.4
149300,19.848000000000003,24.4
149400,19.848000000000003,24.4
149500,19.848000000000003,24.4
149600,19.848000000000003,24.4
149700,19.848000000000003,24.4
149800,19.848000000000003,24.4
149900,19.848000000000003,24.4
150000,19.848000000000003,24.4
150100,19.848000000000003,24.4
150200,19.848000000000003,24.4
150300,19.848000000000003,24.4
150400,19.848000000000003,24.4
150500,19.848000000000003,24.4
150600,19.848000000000003,24.4
150700,19.848000000000003,24.4
150800,19.848000000000003,24.4
150900,19.848000000000003,24.4
151000,19.848000000000003,24.4
151100,19.848000000000003,24.4
151200,19.848000000000003,24.4
151300,19.848000000000003,24.4
151400,19.848000000000003,24.4
151500,19.848000000000003,24.4
151600,19.848000000000003,24.4
151700,19.848000000000003,24.4
151800,19.848000000000003,24.4
151900,19.848000000000003,24.4
152000,19.848000000000003,24.4
152100,19.848000000000003,24.4
152200,19.848000000000003,24.4
152300,19.848000000000003,24.4
152400,19.848000000000003,24.4
152500,19.848000000000003,24.4
152600,19.848000000000003,24.4
152700,19.848000000000003,24.4
152800,19.848000000000003,24.4
152900,19.848000000000003,24.4
153000,19.848000000000003,24.4
153100,19.848000000000003,24.4
153200,19.848000000000003,24.4
153300,19.848000000000003,24.4
153400,19.848000000000003,24.4
153500,19.848000000000003,24.4
153600,19.848000000000003,24.4
153700,19.848000000000003,24.4
153800,19.848000000000003,24.4
153900,19.848000000000003,24.4
154000,19.848000000000003,24.4
154100,19.848000000000003,24.4
154200,19.848000000000003,24.4
154300,19.848000000000003,24.4
154400,19.848000000000003,24.4
154500,19.848000000000003,24.4
154600,19.848000000000003,24.4
154700,19.848000000000003,24.4
154800,19.848000000000003,24.4
154900,19.848000000000003,24.4
155000,19.848000000000003,24.4
155100,19.848000000000003,24.4
155200,19.848000000000003,24.4
155300,19.848000000000003,24.4
155400,19.848000000000003,24.4
155500,19.848000000000003,24.4
155600,19.848000000000003,24.4
155700,19.848000000000003,24.4
155800,19.848000000000003,24.4
155900,19.848000000000003,24.4
156000,19.848000000000003,24.4
156100,19.848000000000003,24.4
156200,19.848000000000003,24.4
156300,19.848000000000003,24.4
156400,19.848000000000003,24.4
156500,19.848000000000003,24.4
156600,19.848000000000003,24.4
156700,19.848000000000003,24.4
156800,19.848000000000003,24.4
156900,19.848000000000003,24.4
157000,19.848000000000003,24.4
157100,19.848000000000003,24.4
157200,19.848000000000003,24.4
157300,19.848000000000003,24.4
157400,19.848000000000003,24.4
157500,19.848000000000003,24.4
157600,19.848000000000003,24.4
157700,19.848000000000003,24.4
157800,19.848000000000003,24.4
157900,19.848000000000003,24.4
158000,19.848000000000003,24.4
158100,19.84,24.4
158200,19.84,24.4
158300,19.84,24.4
158400,19.84,24.4
158500,19.84,24.4
158600,19.84,24.4
158700,19.84,24.4
158800,19.84,24.4
158900,19.84,24.4
159000,19.84,24.4
159100,19.84,24.4
159200,19.84,24.4
159300,19.84,24.4
159400,19.84,24.4
159500,19.84,24.4
159600,19.84,24.4
159700,19.432,24.4
159800,19.432,24.4
159900,19.432,24.4
160000,19.432,24.4
160100,19.432,24.4
160200,19.432,24.4
160300,19.432,24.4
160400,19.432,24.4
160500,19.432,24.4
160600,19.432,24.4
160700,19.432,24.4
160800,19.432,24.4
160900,19.432,24.4
161000,19.432,24.4
161100,19.432,24.4
161200,19.432,24.4
161300,19.432,24.4
161400,19.432,24.4
161500,19.432,24.4
161600,19.432,24.4
161700,19.432,24.4
161800,19.432,24.4
161900,19.432,24.4
162000,19.432,24.4
162100,19.432,24.4
162200,19.432,24.4
162300,19.432,24.4
162400,19.432,24.4
162500,19.432,24.4
162600,19.432,24.4
162700,19.432,24.4
162800,19.432,24.4
162900,19.432,24.4
163000,19.432,24.4
163100,19.432,24.4
163200,19.432,24.4
163300,19.432,24.4
163400,19.432,24.4
163500,19.432,24.4
163600,19.432,24.4
163700,19.432,24.4
163800,19.432,24.4
163900,19.432,24.4
164000,19.432,24.4
164100,19.432,24.4
164200,19.432,24.4
164300,19.432,24.4
164400,19.432,24.4
164500,19.432,24.4
164600,19.432,24.4
164700,19.432,24.4
164800,19.432,24.4
164900,19.432,24.4
165000,19.432,24.4
165100,19.432,24.4
165200,19.432,24.4
165300,19.432,24.4
165400,19.432,24.4
165500,19.432,24.4
165600,19.432,24.4
165700,19.432,24.4
165800,19.432,24.4
165900,19.432,24.4
166000,19.432,24.4
166100,19.432,24.4
166200,19.432,24.4
166300,19.432,24.4
166400,19.432,24.4
166500,19.432,24.4
166600,19.432,24.4
166700,19.432,24.4
166800,19.432,24.4
166900,19.432,24.4
167000,19.432,24.4
167100,19.432,24.4
167200,19.432,24.4
167300,19.432,24.4
167400,19.432,24.4
167500,19.432,24.4
167600,19.432,24.4
167700,19.432,24.4
167800,19.432,24.4
167900,19.432,24.4
168000,19.432,24.4
168100,19.432,24.4
168200,19.432,24.4
168300,19.432,24.4
168400,19.432,24.4
168500,19.432,24.4
168600,19.432,24.4
168700,19.432,24.4
168800,19.432,24.4
168900,19.432,24.4
169000,19.432,24.4
169100,19.432,24.4
169200,19.432,24.4
169300,19.432,24.4
169400,18.824,24.4
169500,18.824,24.4
169600,18.824,24.4
169700,18.824,24.4
169800,18.824,24.4
169900,18.824,24.4
170000,18.824,24.4
170100,18.824,24.4
170200,18.824,24.4
170300,18.824,24.4
170400,18.824,24.4
170500,18.824,24.4
170600,18.824,24.4
170700,18.824,24.4
170800,18.824,24.4
170900,18.824,24.4
171000,18.824,24.4
171100,18.824,24.4
171200,18.824,24.4
171300,18.824,24.4
171400,18.824,24.4
171500,18.824,24.4
171600,18.824,24.4
171700,18.824,24.4
171800,18.824,24.4
171900,18.824,24.4
172000,18.824,24.4
172100,18.824,24.4
172200,18.824,24.4
172300,18.824,24.4
172400,18.824,24.4
172500,18.824,24.4
172600,18.824,24.4
172700,18.824,24.4
172800,18.824,24.4
172900,18.824,24.4
173000,18.824,24.4
173100,18.824,24.4
173200,18.824,24.4
173300,18.824,24.4
173400,18.824,24.4
173500,18.824,24.4
173600,18.824,24.4
173700,18.824,24.4
173800,18.824,24.4
173900,18.824,24.4
174000,18.824,24.4
174100,18.824,24.4
174200,18.824,24.4
174300,18.824,24.4
174400,18.824,24.4
174500,18.824,24.4
174600,18.824,24.4
174700,18.824,24.4
174800,18.824,24.4
174900,18.824,24.4
175000,18.824,24.4
175100,18.824,24.4
175200,18.824,24.4
175300,18.824,24.4
175400,18.824,24.4
175500,18.824,24.4
175600,18.824,24.4
175700,18.824,24.4
175800,18.824,24.4
175900,18.824,24.4
176000,18.824,24.4
176100,18.824,24.4
176200,18.824,24.4
176300,18.824,24.4
176400,18.824,24.4
176500,18.824,24.4
176600,18.824,24.4
176700,18.824,24.4
176800,18.824,24.4
176900,18.824,24.4
177000,18.824,24.4
177100,18.824,24.4
177200,18.824,24.4
177300,18.824,24.4
177400,18.824,24.4
177500,18.824,24.4
177600,18.824,24.4
177700,18.824,24.4
177800,18.824,24.4
177900,18.824,24.4
178000,18.824,24.4
178100,18.824,24.4
178200,18.824,24.4
178300,18.824,24.4
178400,18.824,24.4
178500,18.824,24.4
178600,18.824,24.4
178700,18.824,24.4
178800,18.824,24.4
178900,18.824,24.4
179000,18.824,24.4
179100,18.824,24.4
179200,18.824,24.4
179300,18.824,24.4
179400,18.824,24.4
179500,18.824,24.4
179600,18.824,24.4
179700,18.824,24.4
179800,18.824,24.4
179900,18.824,24.4
180000,18.824,24.4
180100,18.824,24.4
180200,18.824,24.4
180300,18.824,24.4
180400,18.824,24.4
180500,18.824,24.4
180600,18.824,24.4
180700,18.824,24.4
180800,18.824,24.4
180900,18.824,24.4
181000,18.824,24.4
181100,18.824,24.4
181200,18.824,24.4
181300,18.824,24.4
181400,18.824,24.4
181500,18.824,24.4
181600,18.824,24.4
181700,18.824,24.4
181800,18.824,24.4
181900,18.824,24.4
182000,18.824,24.4
182100,18.824,24.4
182200,18.824,24.4
182300,18.824,24.4
182400,18.824,24.4
182500,18.824,24.4
182600,18.824,24.4
182700,18.824,24.4
182800,18.824,24.4
182900,18.824,24.4
183000,18.824,24.4
183100,18.824,24.4
183200,18.824,24.4
183300,18.824,24.4
183400,18.824,24.4
183500,18.824,24.4
183600,18.824,24.4
183700,18.824,24.4
183800,18.824,24.4
183900,18.824,24.4
184000,18.824,24.4
184100,18.824,24.4
184200,18.824,24.4
184300,18.824,24.4
184400,18.824,24.4
184500,18.824,24.4
184600,18.824,24.4
184700,18.824,24.4
184800,18.824,24.4
184900,18.824,24.4
185000,18.824,24.4
185100,18.824,24.4
185200,18.824,24.4
185300,18.824,24.4
185400,18.824,24.4
185500,18.824,24.4
185600,18.824,24.4
185700,18.824,24.4
185800,18.824,24.4
185900,18.824,24.4
186000,18.824,24.4
186100,18.824,24.4
186200,18.824,24.4
186300,18.824,24.4
186400,18.824,24.4
186500,18.824,24.4
186600,18.824,24.4
186700,18.824,24.4
186800,18.824,24.4
186900,18.824,24.4
187000,18.824,24.4
187100,18.824,24.4
187200,18.824,24.4
187300,18.824,24.4
187400,18.824,24.4
187500,18.824,24.4
187600,18.824,24.4
187700,18.824,24.4
187800,18.824,24.4
187900,18.824,24.4
188000,18.824,24.4
188100,18.824,24.4
188200,18.824,24.4
188300,18.824,24.4
188400,18.824,24.4
188500,18.824,24.4
188600,18.824,24.4
188700,18.824,24.4
188800,18.824,24.4
188900,18.824,24.4
189000,18.824,24.4
189100,18.824,24.4
189200,18.824,24.4
189300,18.824,24.4
189400,18.824,24.4
189500,18.824,24.4
189600,18.824,24.4
189700,18.824,24.4
189800,18.824,24.4
189900,18.824,24.4
190000,18.824,24.4
190100,18.824,24.4
190200,18.824,24.4
190300,18.824,24.4
190400,18.824,24.4
190500,18.824,24.4
190600,18.824,24.4
190700,18.824,24.4
190800,18.824,24.4
190900,18.824,24.4
191000,18.824,24.4
191100,18.824,24.4
191200,18.824,24.4
191300,18.824,24.4
191400,18.824,24.4
191500,18.592000000000002,24.6
191600,18.592000000000002,24.6
191700,18.592000000000002,24.6
191800,18.592000000000002,24.6
191900,18.592000000000002,24.6
192000,18.592000000000002,24.6
192100,18.592000000000002,24.6
192200,18.592000000000002,24.6
192300,18.592000000000002,24.6
192400,18.592000000000002,24.6
192500,18.592000000000002,24.6
192600,18.592000000000002,24.6
192700,18.592000000000002,24.6
192800,18.592000000000002,24.6
192900,18.592000000000002,24.6
193000,18.592000000000002,24.6
193100,18.592000000000002,24.6
193200,18.592000000000002,24.6
193300,18.592000000000002,24.6
193400,18.592000000000002,24.6
193500,18.592000000000002,24.6
193600,18.439999999999998,24.6
193700,18.439999999999998,24.6
193800,18.439999999999998,24.6
193900,18.439999999999998,24.6
194000,18.439999999999998,24.6
194100,18.439999999999998,24.6
194200,18.439999999999998,24.6
194300,18.439999999999998,24.6
194400,18.439999999999998,24.6
194500,18.439999999999998,24.6
194600,18.439999999999998,24.6
194700,18.439999999999998,24.6
194800,18.439999999999998,24.6
194900,18.439999999999998,24.6
195000,18.439999999999998,24.6
195100,18.439999999999998,24.6
195200,18.439999999999998,24.6
195300,18.439999999999998,24.6
195400,18.439999999999998,24.6
195500,18.439999999999998,24.6
195600,18.439999999999998,24.6
195700,18.439999999999998,24.6
195800,18.439999999999998,24.6
195900,18.439999999999998,24.6
196000,18.439999999999998,24.6
196100,18.439999999999998,24.6
196200,18.439999999999998,24.6
196300,18.336,24.6
196400,18.336,24.6
196500,18.336,24.6
196600,18.336,24.6
196700,18.336,24.6
196800,18.336,24.6
196900,18.336,24.6
197000,18.336,24.6
197100,18.336,24.6
197200,18.336,24.6
197300,18.336,24.6
197400,18.336,24.6
197500,18.336,24.6
197600,18.336,24.6
197700,18.336,24.6
197800,18.336,24.6
197900,18.336,24.6
198000,18.336,24.6
198100,18.336,24.6
198200,18.336,24.6
198300,18.336,24.6
198400,18.336,24.6
198500,18.336,24.6
198600,18.336,24.6
198700,18.336,24.6
198800,18.336,24.6
198900,18.336,24.6
199000,18.336,24.6
199100,18.336,24.6
199200,18.336,24.6
199300,18.336,24.6
199400,18.336,24.6
199500,18.336,24.6
199600,18.336,24.6
199700,18.336,24.6
199800,18.336,24.6
199900,18.336,24.6
199999,18.336,24.6

START ALGORITHM
h6: (-a41) * (b43 + b24 + b34 - b21)
h18: (a55 + a23 + a52) * (b25)
h19: (a55 - a24 - a14) * (b34)
h22: (a32 + a12 + a52) * (b41 - b31)
h23: (-a24) * (b11)
h26: (a53 + a41 + a34 - a13 - a22 - a21) * (b41 + b52 - b44 - b44)
h27: (a24 + a23 + a43 + a42 + a31 + a31 + a35 + a14 - a13 - a31 - a54 - a51) * (b35 + b43 - b25)
h28: (a13) * (b31 - b11)
h35: (a24 + a54) * (b53 - b41)
h41: (a53 + a21 + a11 + a21) * (b24 - b12 - b25)
h44: (a53 - a11 - a45 - a25) * (b55 + b44 + b23 - b42 - b52 - b12 - b42)
h49: (a33 + a42 + a43) * (b13 + b31)
h50: (a31) * (-b35 - b14)
h55: (-a35) * (b35)
h61: (a51) * (b34 - b55)
h67: (-a54) * (-b54)
h70: (a45 + a34 - a34) * (b33)
h71: (a42 - a11 - a44) * (b33 + b12 + b54 + b33 + b35 - b42 - b21)
h78: (-a51) * (-b33)
h79: (a11 + a51 + a44 - a21) * (-b44)
h81: (-a31 - a52) * (-b11 - b41 - b42)
h83: (-a34) * (b41)
h90: (a32 + a34 + a24 + a21 + a44 - a25 - a34) * (b33)
h91: (a23 + a31 + a42 + a31 + a15 + a25 - a42 - a24 - a51 - a51 - a31) * (-b51 - b31 - b44)
h92: (-a55 - a23) * (b54)
h94: (-a23) * (-b23)
h101: (a11) * (b15 + b35)
h104: (a34 + a43 - a25 - a44 - a15 - a14) * (b22 - b13)
h107: (a21) * (-b45)
h108: (a11 + a53 + a15 - a32) * (b13)
h110: (a54) * (b41)
h112: (a34 - a51) * (-b32)
h113: (a35 - a41 - a51 - a42) * (-b13)
h114: (-a23) * (b42 - b55)
h118: (-a41) * (b43 + b14 - b23)
h121: (-a53) * (b25 - b34)
h131: (-a15) * (b43 - b15 - b13)
h136: (a11 + a14 - a52 - a32 - a15 - a44) * (-b41 - b11)
h137: (a21 - a43 - a24 - a21) * (b34)
h143: (a22) * (b35 + b21 - b51 - b24 - b23)
h162: (a53 + a42 + a14 - a51 - a21) * (-b11 - b23)
h186: (a51 + a55 - a43) * (-b54)
h203: (a44 + a53 - a51) * (-b13)
h229: (a24 + a15 - a42 - a21 - a52 - a22 - a52) * (b25 - b33 - b12)
h234: (-a31 - a55 - a43) * (b24)
h390: (a42 - a32) * (b45 - b32)
h444: (-a44 - a15 - a14) * (b13 + b54 - b14)
h447: (a14 + a51) * (b45)
h466: (-a22) * (b15 + b35 - b33 - b54)
h514: (a11 + a21) * (-b22)
h988: (a32 + a14 - a12 - a22 - a14 - a11) * (b55 + b34)
h1055: (a11 + a14 + a14) * (b52 + b44)
h1521: (a15 - a13 - a24) * (b13 + b41 + b43 + b33 - b31)
h1572: (a13 + a44 - a31 - a34 - a25 - a14 - a12) * (b21 - b21)
h1615: (a15) * (b52 + b22 - b55)
h2946: (a45 - a33) * (-b31)
h6527: (a45) * (-b14)
h12881: (-a12) * (b53 + b21 + b24 - b54)
h13961: (a23 + a21 - a33 - a23) * (b13 - b55 - b32)
h15837: (a14) * (-b44)
h20580: (a41) * (b33)
h21561: (a54 + a15 + a32 + a12 + a15 - a52 - a34) * (b32)
h22583: (a21 + a14 - a13 - a24) * (-b43)
h23614: (a25 - a31) * (-b43 - b24)
h24508: (a34 - a11) * (b42 - b23 - b43 - b42 - b51 - b55)
h39476: (-a52 - a44 - a24 - a31) * (b22)
h48544: (a52 + a31 - a21 - a53 - a32 - a24) * (-b32)
c11: h121 + h136 
c12: h104 + h28 - h70 - h143 - h466 - h988 
c13: h67 + h39476 - h1572 
c14: h229 + h92 + h1055 - h444 - h514 
c15: h91 - h131 
c21: h26 + h6 + h1615 - h94 - h78 - h50 - h113 
c22: - h55 - h203 - h22583 
c23: h118 + h390 
c24: h28 + h114 + h108 + h186 + h143 + h23614 + h101 
c25: h18 + h90 
c31: h1615 - h94 
c32: h121 - h41 - h79 
c33: h79 + h1572 + h21561 
c34: h108 + h35 + h26 + h71 + h229 + h55 - h114 - h90 - h61 
c35: h50 + h444 + h110 + h131 + h6527 - h447 - h1055 
c41: h101 + h1521 + h229 - h22 
c42: h70 + h49 + h83 
c43: h118 + h186 - h136 - h24508 
c44: h118 + h12881 - h114 
c45: h90 + h18 - h26 - h162 - h234 
c51: h113 + h107 + h6 + h22 + h67 - h110 
c52: - h23 - h81 - h137 
c53: h121 + h44 + h12881 + h20580 - h71 - h44 - h27 
c54: h112 + h112 + h118 + h2946 + h92 + h48544 
c55: h19 + h390 + h13961 + h444 + h15837 
