0,151.576,25
100,110.35999999999999,25
200,97.47200000000001,25
300,79.15200000000002,25
400,77.01599999999999,25
500,74.536,25
600,71.96799999999999,25
700,67.968,25
800,66.672,25
900,63.06400000000001,25
1000,60.072,25
1100,59.279999999999994,25
1200,57.544,24.8
1300,56.008,24.8
1400,54.52,24.8
1500,53.672000000000004,24.8
1600,52.93599999999999,24.8
1700,52.471999999999994,24.8
1800,52.2,24.8
1900,52.104,24.8
2000,52.104,24.8
2100,51.144000000000005,24.8
2200,51.144000000000005,24.8
2300,50.983999999999995,24.8
2400,49.952,24.8
2500,49.952,24.8
2600,47.864000000000004,24.8
2700,47.864000000000004,24.8
2800,47.864000000000004,24.8
2900,47.864000000000004,24.8
3000,47.647999999999996,24.8
3100,47.376000000000005,24.8
3200,47.367999999999995,24.8
3300,47.232000000000006,24.8
3400,47.232000000000006,24.8
3500,46.815999999999995,24.8
3600,46.815999999999995,24.8
3700,46.248000000000005,24.8
3800,46.248000000000005,24.8
3900,46.248000000000005,24.8
4000,46.248000000000005,24.8
4100,46.248000000000005,24.8
4200,44.968,24.8
4300,44.968,24.8
4400,44.584,24.8
4500,44.584,24.8
4600,44.584,24.8
4700,44.584,24.8
4800,43.848,24.8
4900,43.848,24.8
5000,43.536,24.8
5100,43.536,24.8
5200,43.536,24.8
5300,43.176,24.8
5400,43.176,24.8
5500,43.007999999999996,24.8
5600,43.007999999999996,24.8
5700,42.232000000000006,24.8
5800,42.232000000000006,24.8
5900,41.616,24.8
6000,41.168,24.8
6100,41.168,24.8
6200,41.08,24.8
6300,41.08,24.8
6400,41.08,24.8
6500,41.08,24.8
6600,41.08,24.8
6700,41.08,24.8
6800,41.08,24.8
6900,41.08,24.8
7000,41.08,24.8
7100,41.08,24.8
7200,41.08,24.8
7300,41.08,24.8
7400,41.08,24.8
7500,41.08,24.8
7600,41.08,24.8
7700,41.08,24.8
7800,41.08,24.8
7900,40.336,24.8
8000,40.336,24.8
8100,40.336,24.8
8200,40.112,24.8
8300,39.104,24.8
8400,39.104,24.8
8500,39.104,24.8
8600,39.104,24.8
8700,39.104,24.8
8800,39.104,24.8
8900,39.104,24.8
9000,39.104,24.8
9100,38.712,24.8
9200,38.712,24.8
9300,38.712,24.8
9400,38.712,24.8
9500,38.712,24.8
9600,38.712,24.8
9700,38.712,24.8
9800,38.712,24.8
9900,38.712,24.8
10000,38.712,24.8
10100,38.712,24.8
10200,38.712,24.8
10300,38.712,24.8
10400,38.552,24.8
10500,38.552,24.8
10600,38.552,24.8
10700,38.552,24.8
10800,38.552,24.8
10900,38.552,24.8
11000,38.552,24.8
11100,38.552,24.8
11200,38.552,24.8
11300,38.552,24.8
11400,38.552,24.8
11500,38.552,24.8
11600,38.552,24.8
11700,38.552,24.8
11800,38.552,24.8
11900,38.552,24.8
12000,38.552,24.8
12100,38.552,24.8
12200,38.552,24.8
12300,38.552,24.8
12400,38.184000000000005,24.8
12500,38.184000000000005,24.8
12600,38.184000000000005,24.8
12700,38.184000000000005,24.8
12800,38.184000000000005,24.8
12900,38.184000000000005,24.8
13000,38,24.8
13100,38,24.8
13200,37.047999999999995,24.8
13300,37.047999999999995,24.8
13400,37.047999999999995,24.8
13500,37.047999999999995,24.8
13600,37.047999999999995,24.8
13700,37.047999999999995,24.8
13800,37.047999999999995,24.8
13900,37.047999999999995,24.8
14000,37.047999999999995,24.8
14100,37.047999999999995,24.8
14200,37.032,24.8
14300,37.032,24.8
14400,36.872,24.8
14500,36.872,24.8
14600,36.872,24.8
14700,36.872,24.8
14800,36.872,24.8
14900,36.872,24.8
15000,36.872,24.8
15100,36.872,24.8
15200,36.872,24.8
15300,36.872,24.8
15400,36.872,24.8
15500,36.872,24.8
15600,36.872,24.8
15700,36.872,24.8
15800,36.872,24.8
15900,36.872,24.8
16000,36.872,24.8
16100,36.872,24.8
16200,36.872,24.8
16300,36.872,24.8
16400,36.872,24.8
16500,36.872,24.8
16600,36.872,24.8
16700,36.872,24.8
16800,36.872,24.8
16900,36.872,24.8
17000,36.872,24.8
17100,36.872,24.8
17200,36.872,24.8
17300,36.872,24.8
17400,36.872,24.8
17500,36.872,24.8
17600,36.872,24.8
17700,36.872,24.8
17800,36.872,24.8
17900,36.872,24.8
18000,36.872,24.8
18100,36.872,24.8
18200,36.872,24.8
18300,36.872,24.8
18400,36.872,24.8
18500,36.872,24.8
18600,36.872,24.8
18700,36.872,24.8
18800,36.872,24.8
18900,36.872,24.8
19000,36.872,24.8
19100,36.872,24.8
19200,36.872,24.8
19300,36.872,24.8
19400,36.872,24.8
19500,36.872,24.8
19600,36.872,24.8
19700,36.872,24.8
19800,36.872,24.8
19900,36.872,24.8
20000,36.872,24.8
20100,36.872,24.8
20200,36.872,24.8
20300,36.872,24.8
20400,36.872,24.8
20500,36.872,24.8
20600,36.872,24.8
20700,36.872,24.8
20800,36.872,24.8
20900,36.872,24.8
21000,36.872,24.8
21100,36.872,24.8
21200,36.872,24.8
21300,36.872,24.8
21400,36.872,24.8
21500,36.872,24.8
21600,36.872,24.8
21700,36.872,24.8
21800,36.872,24.8
21900,36.872,24.8
22000,36.872,24.8
22100,36.872,24.8
22200,36.872,24.8
22300,36.872,24.8
22400,36.872,24.8
22500,36.872,24.8
22600,36.872,24.8
22700,36.872,24.8
22800,36.872,24.8
22900,36.872,24.8
23000,36.872,24.8
23100,36.872,24.8
23200,36.872,24.8
23300,36.872,24.8
23400,36.872,24.8
23500,36.872,24.8
23600,36.872,24.8
23700,36.872,24.8
23800,36.872,24.8
23900,36.872,24.8
24000,36.872,24.8
24100,36.68,24.8
24200,36.496,24.8
24300,36.496,24.8
24400,36.496,24.8
24500,36.496,24.8
24600,36.496,24.8
24700,36.496,24.8
24800,36.496,24.8
24900,36.496,24.8
25000,36.496,24.8
25100,36.496,24.8
25200,36.496,24.8
25300,36.496,24.8
25400,36.496,24.8
25500,36.496,24.8
25600,36.488,24.8
25700,36.488,24.8
25800,36.488,24.8
25900,36.488,24.8
26000,36.488,24.8
26100,36.488,24.8
26200,36.488,24.8
26300,36.488,24.8
26400,36.488,24.8
26500,36.488,24.8
26600,36.488,24.8
26700,36.488,24.8
26800,36.488,24.8
26900,36.488,24.8
27000,36.488,24.8
27100,36.488,24.8
27200,36.488,24.8
27300,36.488,24.8
27400,36.488,24.8
27500,36.488,24.8
27600,36.215999999999994,24.8
27700,36.215999999999994,24.8
27800,36.215999999999994,24.8
27900,36.215999999999994,24.8
28000,36.215999999999994,24.8
28100,36.215999999999994,24.8
28200,35.568,24.8
28300,35.568,24.8
28400,35.568,24.8
28500,35.568,24.8
28600,35.568,24.8
28700,35.568,24.8
28800,35.568,24.8
28900,35.568,24.8
29000,35.568,24.8
29100,35.568,24.8
29200,35.568,24.8
29300,35.568,24.8
29400,35.568,24.8
29500,35.568,24.8
29600,35.44,24.8
29700,35.44,24.8
29800,35.44,24.8
29900,35.44,24.8
30000,35.44,24.8
30100,35.44,24.8
30200,35.44,24.8
30300,35.44,24.8
30400,35.44,24.8
30500,35.032,24.8
30600,35.032,24.8
30700,35.032,24.8
30800,35.032,24.8
30900,35.032,24.8
31000,35.032,24.8
31100,35.032,24.8
31200,35.032,24.8
31300,35.032,24.8
31400,35.032,24.8
31500,35.032,24.8
31600,35.032,24.8
31700,35.032,24.8
31800,35.032,24.8
31900,35.032,24.8
32000,35.032,24.8
32100,35.032,24.8
32200,35.032,24.8
32300,35.032,24.8
32400,35.032,24.8
32500,35.032,24.8
32600,35.032,24.8
32700,35.032,24.8
32800,35.032,24.8
32900,35.032,24.8
33000,35.032,24.8
33100,35.032,24.8
33200,35.032,24.8
33300,35.032,24.8
33400,35.032,24.8
33500,35.032,24.8
33600,34.832,24.8
33700,34.832,24.8
33800,34.832,24.8
33900,34.832,24.8
34000,34.832,24.8
34100,34.832,24.8
34200,34.832,24.8
34300,34.832,24.8
34400,34.832,24.8
34500,34.832,24.8
34600,34.832,24.8
34700,34.832,24.8
34800,34.832,24.8
34900,34.832,24.8
35000,34.832,24.8
35100,34.832,24.8
35200,34.832,24.8
35300,34.832,24.8
35400,34.832,24.8
35500,34.832,24.8
35600,34.832,24.8
35700,34.832,24.8
35800,34.832,24.8
35900,34.832,24.8
36000,34.832,24.8
36100,34.832,24.8
36200,34.416000000000004,24.8
36300,34.416000000000004,24.8
36400,34.256,24.8
36500,34.256,24.8
36600,34.256,24.8
36700,34.256,24.8
36800,34.256,24.8
36900,34.256,24.8
37000,34.256,24.8
37100,34.256,24.8
37200,34.256,24.8
37300,34.256,24.8
37400,34.256,24.8
37500,34.256,24.8
37600,34.256,24.8
37700,34.256,24.8
37800,34.256,24.8
37900,34.256,24.8
38000,34.256,24.8
38100,34.256,24.8
38200,34.256,24.8
38300,34.256,24.8
38400,34.256,24.8
38500,34.256,24.8
38600,34.256,24.8
38700,34.256,24.8
38800,34.256,24.8
38900,34.256,24.8
39000,34.256,24.8
39100,34.256,24.8
39200,34.256,24.8
39300,34.256,24.8
39400,34.256,24.8
39500,34.256,24.8
39600,34.256,24.8
39700,34.256,24.8
39800,34.256,24.8
39900,34.256,24.8
40000,34.256,24.8
40100,34.256,24.8
40200,33.480000000000004,24.8
40300,33.480000000000004,24.8
40400,33.480000000000004,24.8
40500,33.480000000000004,24.8
40600,33.480000000000004,24.8
40700,33.480000000000004,24.8
40800,33.480000000000004,24.8
40900,33.480000000000004,24.8
41000,33.480000000000004,24.8
41100,33.480000000000004,24.8
41200,33.480000000000004,24.8
41300,33.480000000000004,24.8
41400,33.480000000000004,24.8
41500,33.480000000000004,24.8
41600,33.480000000000004,24.8
41700,33.480000000000004,24.8
41800,33.480000000000004,24.8
41900,33.480000000000004,24.8
42000,33.480000000000004,24.8
42100,33.480000000000004,24.8
42200,33.480000000000004,24.8
42300,33.480000000000004,24.8
42400,33.480000000000004,24.8
42500,33.480000000000004,24.8
42600,33.480000000000004,24.8
42700,33.480000000000004,24.8
42800,33.480000000000004,24.8
42900,33.480000000000004,24.8
43000,33.480000000000004,24.8
43100,33.480000000000004,24.8
43200,33.480000000000004,24.8
43300,33.480000000000004,24.8
43400,33.480000000000004,24.8
43500,33.480000000000004,24.8
43600,33.480000000000004,24.8
43700,33.480000000000004,24.8
43800,33.480000000000004,24.8
43900,33.264,24.8
44000,33.264,24.8
44100,33.264,24.8
44200,33.264,24.8
44300,33.264,24.8
44400,33.112,24.8
44500,33.112,24.8
44600,33.112,24.8
44700,33.112,24.8
44800,33.112,24.8
44900,33.112,24.8
45000,33.112,24.8
45100,33.112,24.8
45200,33.112,24.8
45300,33.112,24.8
45400,33.112,24.8
45500,33.112,24.8
45600,33.112,24.8
45700,33.112,24.8
45800,33.112,24.8
45900,33.112,24.8
46000,33.112,24.8
46100,33.112,24.8
46200,33.112,24.8
46300,33.112,24.8
46400,33.112,24.8
46500,33.112,24.8
46600,33.112,24.8
46700,33.112,24.8
46800,33.040000000000006,24.8
46900,33.040000000000006,24.8
47000,33.00000000000001,24.8
47100,33.00000000000001,24.8
47200,33.00000000000001,24.8
47300,33.00000000000001,24.8
47400,33.00000000000001,24.8
47500,33.00000000000001,24.8
47600,32.416000000000004,24.8
47700,32.416000000000004,24.8
47800,32.416000000000004,24.8
47900,32.416000000000004,24.8
48000,32.416000000000004,24.8
48100,32.416000000000004,24.8
48200,32.416000000000004,24.8
48300,32.416000000000004,24.8
48400,32.416000000000004,24.8
48500,32.416000000000004,24.8
48600,32.416000000000004,24.8
48700,32.416000000000004,24.8
48800,32.416000000000004,24.8
48900,32.416000000000004,24.8
49000,32.416000000000004,24.8
49100,32.416000000000004,24.8
49200,32.416000000000004,24.8
49300,32.416000000000004,24.8
49400,32.416000000000004,24.8
49500,32.416000000000004,24.8
49600,32.416000000000004,24.8
49700,32.416000000000004,24.8
49800,32.416000000000004,24.8
49900,32.416000000000004,24.8
50000,32.416000000000004,24.8
50100,32.416000000000004,24.8
50200,32.416000000000004,24.8
50300,32.416000000000004,24.8
50400,32.416000000000004,24.8
50500,32.416000000000004,24.8
50600,32.416000000000004,24.8
50700,32.416000000000004,24.8
50800,32.416000000000004,24.8
50900,32.416000000000004,24.8
51000,32.416000000000004,24.8
51100,32.416000000000004,24.8
51200,32.416000000000004,24.8
51300,32.416000000000004,24.8
51400,32.416000000000004,24.8
51500,32.416000000000004,24.8
51600,32.416000000000004,24.8
51700,32.416000000000004,24.8
51800,32.416000000000004,24.8
51900,32.416000000000004,24.8
52000,32.416000000000004,24.8
52100,32.416000000000004,24.8
52200,32.416000000000004,24.8
52300,32.416000000000004,24.8
52400,32.416000000000004,24.8
52500,32.416000000000004,24.8
52600,32.416000000000004,24.8
52700,32.416000000000004,24.8
52800,32.416000000000004,24.8
52900,32.416000000000004,24.8
53000,32.416000000000004,24.8
53100,32.416000000000004,24.8
53200,32.416000000000004,24.8
53300,32.416000000000004,24.8
53400,32.416000000000004,24.8
53500,32.416000000000004,24.8
53600,32.416000000000004,24.8
53700,32.416000000000004,24.8
53800,32.416000000000004,24.8
53900,32.416000000000004,24.8
54000,32.416000000000004,24.8
54100,32.416000000000004,24.8
54200,32.416000000000004,24.8
54300,32.416000000000004,24.8
54400,32.416000000000004,24.8
54500,32.416000000000004,24.8
54600,32.416000000000004,24.8
54700,32.416000000000004,24.8
54800,32.416000000000004,24.8
54900,32.416000000000004,24.8
55000,32.416000000000004,24.8
55100,32.416000000000004,24.8
55200,32.416000000000004,24.8
55300,32.416000000000004,24.8
55400,32.416000000000004,24.8
55500,32.416000000000004,24.8
55600,32.416000000000004,24.8
55700,32.416000000000004,24.8
55800,32.416000000000004,24.8
55900,32.416000000000004,24.8
56000,32.416000000000004,24.8
56100,32.416000000000004,24.8
56200,32.416000000000004,24.8
56300,32.416000000000004,24.8
56400,32.416000000000004,24.8
56500,32.416000000000004,24.8
56600,32.416000000000004,24.8
56700,32.416000000000004,24.8
56800,32.416000000000004,24.8
56900,32.416000000000004,24.8
57000,32.416000000000004,24.8
57100,32.416000000000004,24.8
57200,32.416000000000004,24.8
57300,32.416000000000004,24.8
57400,32.416000000000004,24.8
57500,32.416000000000004,24.8
57600,32.416000000000004,24.8
57700,32.416000000000004,24.8
57800,32.416000000000004,24.8
57900,32.416000000000004,24.8
58000,32.416000000000004,24.8
58100,32.416000000000004,24.8
58200,32.416000000000004,24.8
58300,32.416000000000004,24.8
58400,32.416000000000004,24.8
58500,32.416000000000004,24.8
58600,32.416000000000004,24.8
58700,32.416000000000004,24.8
58800,32.416000000000004,24.8
58900,32.416000000000004,24.8
59000,32.416000000000004,24.8
59100,32.416000000000004,24.8
59200,32.416000000000004,24.8
59300,32.416000000000004,24.8
59400,32.416000000000004,24.8
59500,32.416000000000004,24.8
59600,32.416000000000004,24.8
59700,32.416000000000004,24.8
59800,32.416000000000004,24.8
59900,32.416000000000004,24.8
60000,32.416000000000004,24.8
60100,32.416000000000004,24.8
60200,32.416000000000004,24.8
60300,32.416000000000004,24.8
60400,32.416000000000004,24.8
60500,32.416000000000004,24.8
60600,32.416000000000004,24.8
60700,32.416000000000004,24.8
60800,32.416000000000004,24.8
60900,32.416000000000004,24.8
61000,32.416000000000004,24.8
61100,32.416000000000004,24.8
61200,32.23199999999999,24.8
61300,32.23199999999999,24.8
61400,32.23199999999999,24.8
61500,32.23199999999999,24.8
61600,32.23199999999999,24.8
61700,32.23199999999999,24.8
61800,32.23199999999999,24.8
61900,32.23199999999999,24.8
62000,32.23199999999999,24.8
62100,32.23199999999999,24.8
62200,32.23199999999999,24.8
62300,32.23199999999999,24.8
62400,32.23199999999999,24.8
62500,32.23199999999999,24.8
62600,32.23199999999999,24.8
62700,32.23199999999999,24.8
62800,32.23199999999999,24.8
62900,32.23199999999999,24.8
63000,32.23199999999999,24.8
63100,32.23199999999999,24.8
63200,32.23199999999999,24.8
63300,32.23199999999999,24.8
63400,32.23199999999999,24.8
63500,32.23199999999999,24.8
63600,32.23199999999999,24.8
63700,32.23199999999999,24.8
63800,32.23199999999999,24.8
63900,32.23199999999999,24.8
64000,32.23199999999999,24.8
64100,32.23199999999999,24.8
64200,32.23199999999999,24.8
64300,32.23199999999999,24.8
64400,32.23199999999999,24.8
64500,32.23199999999999,24.8
64600,32.23199999999999,24.8
64700,32.23199999999999,24.8
64800,32.23199999999999,24.8
64900,32.23199999999999,24.8
65000,32.23199999999999,24.8
65100,32.23199999999999,24.8
65200,32.23199999999999,24.8
65300,32.112,24.8
65400,32.112,24.8
65500,32.112,24.8
65600,32.112,24.8
65700,32.112,24.8
65800,32.112,24.8
65900,32.112,24.8
66000,32.112,24.8
66100,32.112,24.8
66200,32.112,24.8
66300,32.112,24.8
66400,32.112,24.8
66500,32.112,24.8
66600,32.112,24.8
66700,32.112,24.8
66800,32.112,24.8
66900,32.112,24.8
67000,32.112,24.8
67100,32.112,24.8
67200,32.112,24.8
67300,32.112,24.8
67400,32.112,24.8
67500,32.112,24.8
67600,32.112,24.8
67700,32.112,24.8
67800,32.112,24.8
67900,32.112,24.8
68000,32.112,24.8
68100,32.112,24.8
68200,32.112,24.8
68300,32.112,24.8
68400,32.112,24.8
68500,32.112,24.8
68600,32.112,24.8
68700,32.048,24.8
68800,32.048,24.8
68900,32.048,24.8
69000,32.048,24.8
69100,32.048,24.8
69200,32.048,24.8
69300,32.048,24.8
69400,31.959999999999997,24.8
69500,31.959999999999997,24.8
69600,31.959999999999997,24.8
69700,31.959999999999997,24.8
69800,31.959999999999997,24.8
69900,31.959999999999997,24.8
70000,31.959999999999997,24.8
70100,31.959999999999997,24.8
70200,31.640000000000004,24.8
70300,31.640000000000004,24.8
70400,31.640000000000004,24.8
70500,31.640000000000004,24.8
70600,31.640000000000004,24.8
70700,31.640000000000004,24.8
70800,31.640000000000004,24.8
70900,31.640000000000004,24.8
71000,31.640000000000004,24.8
71100,31.640000000000004,24.8
71200,31.640000000000004,24.8
71300,31.640000000000004,24.8
71400,31.640000000000004,24.8
71500,31.640000000000004,24.8
71600,31.640000000000004,24.8
71700,31.640000000000004,24.8
71800,31.640000000000004,24.8
71900,31.640000000000004,24.8
72000,31.640000000000004,24.8
72100,31.640000000000004,24.8
72200,31.640000000000004,24.8
72300,31.640000000000004,24.8
72400,31.640000000000004,24.8
72500,31.640000000000004,24.8
72600,31.640000000000004,24.8
72700,31.640000000000004,24.8
72800,31.640000000000004,24.8
72900,31.640000000000004,24.8
73000,31.640000000000004,24.8
73100,31.640000000000004,24.8
73200,31.640000000000004,24.8
73300,31.640000000000004,24.8
73400,31.640000000000004,24.8
73500,31.640000000000004,24.8
73600,31.640000000000004,24.8
73700,31.640000000000004,24.8
73800,31.640000000000004,24.8
73900,31.640000000000004,24.8
74000,31.640000000000004,24.8
74100,31.640000000000004,24.8
74200,31.640000000000004,24.8
74300,31.640000000000004,24.8
74400,31.640000000000004,24.8
74500,31.640000000000004,24.8
74600,31.640000000000004,24.8
74700,31.640000000000004,24.8
74800,31.640000000000004,24.8
74900,31.640000000000004,24.8
75000,31.640000000000004,24.8
75100,31.640000000000004,24.8
75200,31.640000000000004,24.8
75300,31.640000000000004,24.8
75400,31.640000000000004,24.8
75500,31.288,24.8
75600,31.288,24.8
75700,31.288,24.8
75800,31.288,24.8
75900,31.232,24.8
76000,31.232,24.8
76100,31.232,24.8
76200,31.232,24.8
76300,31.232,24.8
76400,31.232,24.8
76500,31.232,24.8
76600,31.232,24.8
76700,31.232,24.8
76800,31.232,24.8
76900,31.232,24.8
77000,31.232,24.8
77100,31.232,24.8
77200,31.232,24.8
77300,31.232,24.8
77400,31.232,24.8
77500,31.232,24.8
77600,31.232,24.8
77700,31.232,24.8
77800,31.232,24.8
77900,31.232,24.8
78000,31.232,24.8
78100,31.232,24.8
78200,31.232,24.8
78300,31.232,24.8
78400,31.232,24.8
78500,31.232,24.8
78600,31.232,24.8
78700,31.232,24.8
78800,31.232,24.8
78900,31.232,24.8
79000,31.232,24.8
79100,31.232,24.8
79200,31.232,24.8
79300,31.232,24.8
79400,30.968,24.8
79500,30.952000000000005,24.8
79600,30.856,24.8
79700,30.856,24.8
79800,30.856,24.8
79900,30.856,24.8
80000,30.856,24.8
80100,30.856,24.8
80200,30.856,24.8
80300,30.856,24.8
80400,30.856,24.8
80500,30.856,24.8
80600,30.856,24.8
80700,30.856,24.8
80800,30.856,24.8
80900,30.856,24.8
81000,30.856,24.8
81100,30.856,24.8
81200,30.856,24.8
81300,30.856,24.8
81400,30.856,24.8
81500,30.856,24.8
81600,30.856,24.8
81700,30.856,24.8
81800,30.856,24.8
81900,30.856,24.8
82000,30.856,24.8
82100,30.856,24.8
82200,30.856,24.8
82300,30.856,24.8
82400,30.856,24.8
82500,30.856,24.8
82600,30.856,24.8
82700,30.856,24.8
82800,30.856,24.8
82900,30.856,24.8
83000,30.856,24.8
83100,30.856,24.8
83200,30.856,24.8
83300,30.856,24.8
83400,30.856,24.8
83500,30.856,24.8
83600,30.856,24.8
83700,30.856,24.8
83800,30.856,24.8
83900,30.856,24.8
84000,30.856,24.8
84100,30.856,24.8
84200,30.856,24.8
84300,30.856,24.8
84400,30.856,24.8
84500,30.856,24.8
84600,30.856,24.8
84700,30.856,24.8
84800,30.856,24.8
84900,30.752,24.8
85000,30.752,24.8
85100,30.752,24.8
85200,30.736,24.8
85300,30.736,24.8
85400,30.736,24.8
85500,30.736,24.8
85600,30.736,24.8
85700,30.736,24.8
85800,30.736,24.8
85900,30.736,24.8
86000,30.736,24.8
86100,30.736,24.8
86200,30.736,24.8
86300,30.736,24.8
86400,30.736,24.8
86500,30.736,24.8
86600,30.736,24.8
86700,30.736,24.8
86800,30.736,24.8
86900,30.736,24.8
87000,30.736,24.8
87100,30.736,24.8
87200,30.736,24.8
87300,30.736,24.8
87400,30.736,24.8
87500,30.736,24.8
87600,30.736,24.8
87700,30.736,24.8
87800,30.736,24.8
87900,30.736,24.8
88000,30.736,24.8
88100,30.736,24.8
88200,30.736,24.8
88300,30.736,24.8
88400,30.736,24.8
88500,30.368000000000002,24.8
88600,30.368000000000002,24.8
88700,30.368000000000002,24.8
88800,30.368000000000002,24.8
88900,30.368000000000002,24.8
89000,30.368000000000002,24.8
89100,30.368000000000002,24.8
89200,30.368000000000002,24.8
89300,30.368000000000002,24.8
89400,30.312,24.8
89500,30.312,24.8
89600,30.312,24.8
89700,30.312,24.8
89800,30.312,24.8
89900,30.312,24.8
90000,30.312,24.8
90100,30.312,24.8
90200,30.312,24.8
90300,30.312,24.8
90400,30.312,24.8
90500,30.312,24.8
90600,30.312,24.8
90700,30.312,24.8
90800,30.312,24.8
90900,30.312,24.8
91000,30.312,24.8
91100,30.312,24.8
91200,30.312,24.8
91300,30.312,24.8
91400,30.312,24.8
91500,30.312,24.8
91600,30.312,24.8
91700,30.312,24.8
91800,30.312,24.8
91900,30.312,24.8
92000,30.312,24.8
92100,30.312,24.8
92200,30.312,24.8
92300,30.312,24.8
92400,30.312,24.8
92500,30.312,24.8
92600,30.312,24.8
92700,30.312,24.8
92800,30.312,24.8
92900,30.312,24.8
93000,30.312,24.8
93100,30.312,24.8
93200,30.312,24.8
93300,30.312,24.8
93400,30.312,24.8
93500,30.312,24.8
93600,30.312,24.8
93700,30.312,24.8
93800,30.312,24.8
93900,30.016,24.8
94000,30.016,24.8
94100,30.016,24.8
94200,30.016,24.8
94300,30.016,24.8
94400,30.016,24.8
94500,30.016,24.8
94600,29.047999999999995,24.8
94700,29.047999999999995,24.8
94800,29.047999999999995,24.8
94900,29.047999999999995,24.8
95000,29.047999999999995,24.8
95100,29.047999999999995,24.8
95200,29.047999999999995,24.8
95300,29.047999999999995,24.8
95400,29.047999999999995,24.8
95500,29.047999999999995,24.8
95600,29.047999999999995,24.8
95700,29.047999999999995,24.8
95800,29.047999999999995,24.8
95900,29.047999999999995,24.8
96000,29.047999999999995,24.8
96100,29.047999999999995,24.8
96200,28.832,24.8
96300,28.832,24.8
96400,28.832,24.8
96500,28.832,24.8
96600,28.832,24.8
96700,28.832,24.8
96800,28.832,24.8
96900,28.832,24.8
97000,28.832,24.8
97100,28.832,24.8
97200,28.832,24.8
97300,28.832,24.8
97400,28.832,24.8
97500,28.832,24.8
97600,28.832,24.8
97700,28.832,24.8
97800,28.832,24.8
97900,28.695999999999998,24.8
98000,28.695999999999998,24.8
98100,28.695999999999998,24.8
98200,28.695999999999998,24.8
98300,28.695999999999998,24.8
98400,28.695999999999998,24.8
98500,28.695999999999998,24.8
98600,28.695999999999998,24.8
98700,28.695999999999998,24.8
98800,28.695999999999998,24.8
98900,28.695999999999998,24.8
99000,28.695999999999998,24.8
99100,28.695999999999998,24.8
99200,28.695999999999998,24.8
99300,28.695999999999998,24.8
99400,28.695999999999998,24.8
99500,28.695999999999998,24.8
99600,28.695999999999998,24.8
99700,28.695999999999998,24.8
99800,28.695999999999998,24.8
99900,28.695999999999998,24.8
100000,28.695999999999998,24.8
100100,28.695999999999998,24.8
100200,28.695999999999998,24.8
100300,28.695999999999998,24.8
100400,28.695999999999998,24.8
100500,28.695999999999998,24.8
100600,28.695999999999998,24.8
100700,28.695999999999998,24.8
100800,28.695999999999998,24.8
100900,28.695999999999998,24.8
101000,28.695999999999998,24.8
101100,28.695999999999998,24.8
101200,28.695999999999998,24.8
101300,28.695999999999998,24.8
101400,28.695999999999998,24.8
101500,28.455999999999996,24.6
101600,28.455999999999996,24.6
101700,28.455999999999996,24.6
101800,28.455999999999996,24.6
101900,28.455999999999996,24.6
102000,28.455999999999996,24.6
102100,28.455999999999996,24.6
102200,28.455999999999996,24.6
102300,28.455999999999996,24.6
102400,28.455999999999996,24.6
102500,28.455999999999996,24.6
102600,28.455999999999996,24.6
102700,28.455999999999996,24.6
102800,28.455999999999996,24.6
102900,28.455999999999996,24.6
103000,28.455999999999996,24.6
103100,28.455999999999996,24.6
103200,28.455999999999996,24.6
103300,28.455999999999996,24.6
103400,28.455999999999996,24.6
103500,28.455999999999996,24.6
103600,28.455999999999996,24.6
103700,28.455999999999996,24.6
103800,28.455999999999996,24.6
103900,28.455999999999996,24.6
104000,28.455999999999996,24.6
104100,28.455999999999996,24.6
104200,28.455999999999996,24.6
104300,28.455999999999996,24.6
104400,28.455999999999996,24.6
104500,28.455999999999996,24.6
104600,28.455999999999996,24.6
104700,28.455999999999996,24.6
104800,28.455999999999996,24.6
104900,28.455999999999996,24.6
105000,28.455999999999996,24.6
105100,28.455999999999996,24.6
105200,28.455999999999996,24.6
105300,28.455999999999996,24.6
105400,28.455999999999996,24.6
105500,28.455999999999996,24.6
105600,28.455999999999996,24.6
105700,28.455999999999996,24.6
105800,28.455999999999996,24.6
105900,28.455999999999996,24.6
106000,28.455999999999996,24.6
106100,28.455999999999996,24.6
106200,28.455999999999996,24.6
106300,28.455999999999996,24.6
106400,28.455999999999996,24.6
106500,28.455999999999996,24.6
106600,28.455999999999996,24.6
106700,28.455999999999996,24.6
106800,28.455999999999996,24.6
106900,28.455999999999996,24.6
107000,28.455999999999996,24.6
107100,28.455999999999996,24.6
107200,28.455999999999996,24.6
107300,28.455999999999996,24.6
107400,28.455999999999996,24.6
107500,28.455999999999996,24.6
107600,28.455999999999996,24.6
107700,28.455999999999996,24.6
107800,28.455999999999996,24.6
107900,28.455999999999996,24.6
108000,28.455999999999996,24.6
108100,28.455999999999996,24.6
108200,28.455999999999996,24.6
108300,28.455999999999996,24.6
108400,28.455999999999996,24.6
108500,28.455999999999996,24.6
108600,28.455999999999996,24.6
108700,28.455999999999996,24.6
108800,28.455999999999996,24.6
108900,28.455999999999996,24.6
109000,28.455999999999996,24.6
109100,28.455999999999996,24.6
109200,28.455999999999996,24.6
109300,28.455999999999996,24.6
109400,28.455999999999996,24.6
109500,28.455999999999996,24.6
109600,28.455999999999996,24.6
109700,28.455999999999996,24.6
109800,28.455999999999996,24.6
109900,28.455999999999996,24.6
110000,28.455999999999996,24.6
110100,28.455999999999996,24.6
110200,28.455999999999996,24.6
110300,28.455999999999996,24.6
110400,28.455999999999996,24.6
110500,28.455999999999996,24.6
110600,28.455999999999996,24.6
110700,28.455999999999996,24.6
110800,28.455999999999996,24.6
110900,28.455999999999996,24.6
111000,28.455999999999996,24.6
111100,28.455999999999996,24.6
111200,28.455999999999996,24.6
111300,28.455999999999996,24.6
111400,28.455999999999996,24.6
111500,28.455999999999996,24.6
111600,28.455999999999996,24.6
111700,28.455999999999996,24.6
111800,28.455999999999996,24.6
111900,28.455999999999996,24.6
112000,28.455999999999996,24.6
112100,28.455999999999996,24.6
112200,28.455999999999996,24.6
112300,28.455999999999996,24.6
112400,28.455999999999996,24.6
112500,28.455999999999996,24.6
112600,28.455999999999996,24.6
112700,28.455999999999996,24.6
112800,28.455999999999996,24.6
112900,28.455999999999996,24.6
113000,28.455999999999996,24.6
113100,28.455999999999996,24.6
113200,28.455999999999996,24.6
113300,28.455999999999996,24.6
113400,28.455999999999996,24.6
113500,28.455999999999996,24.6
113600,28.455999999999996,24.6
113700,28.455999999999996,24.6
113800,28.455999999999996,24.6
113900,28.455999999999996,24.6
114000,28.455999999999996,24.6
114100,28.455999999999996,24.6
114200,28.455999999999996,24.6
114300,28.455999999999996,24.6
114400,28.455999999999996,24.6
114500,28.455999999999996,24.6
114600,28.455999999999996,24.6
114700,28.455999999999996,24.6
114800,28.455999999999996,24.6
114900,28.455999999999996,24.6
115000,28.455999999999996,24.6
115100,28.455999999999996,24.6
115200,28.455999999999996,24.6
115300,28.455999999999996,24.6
115400,28.455999999999996,24.6
115500,28.455999999999996,24.6
115600,28.455999999999996,24.6
115700,28.455999999999996,24.6
115800,28.455999999999996,24.6
115900,28.455999999999996,24.6
116000,28.455999999999996,24.6
116100,28.455999999999996,24.6
116200,28.455999999999996,24.6
116300,28.168,24.6
116400,28.168,24.6
116500,28.168,24.6
116600,28.168,24.6
116700,28.168,24.6
116800,28.168,24.6
116900,28.168,24.6
117000,28.168,24.6
117100,28.168,24.6
117200,28.168,24.6
117300,28.168,24.6
117400,28.168,24.6
117500,28.168,24.6
117600,28.168,24.6
117700,28.168,24.6
117800,28.168,24.6
117900,28.168,24.6
118000,28.168,24.6
118100,28.168,24.6
118200,28.168,24.6
118300,28.168,24.6
118400,28.168,24.6
118500,28.168,24.6
118600,28.168,24.6
118700,28.168,24.6
118800,28.168,24.6
118900,27.312,24.6
119000,27.312,24.6
119100,27.312,24.6
119200,27.312,24.6
119300,26.064,24.4
119400,26.064,24.4
119500,26.064,24.4
119600,26.064,24.4
119700,26.064,24.4
119800,26.064,24.4
119900,26.064,24.4
120000,26.064,24.4
120100,26.064,24.4
120200,26.064,24.4
120300,26.064,24.4
120400,26.064,24.4
120500,26.064,24.4
120600,26.064,24.4
120700,26.064,24.4
120800,25.808,24.4
120900,25.808,24.4
121000,25.808,24.4
121100,25.808,24.4
121200,25.808,24.4
121300,25.808,24.4
121400,25.808,24.4
121500,25.808,24.4
121600,25.808,24.4
121700,25.808,24.4
121800,25.808,24.4
121900,25.808,24.4
122000,25.808,24.4
122100,25.808,24.4
122200,25.808,24.4
122300,25.808,24.4
122400,25.808,24.4
122500,25.808,24.4
122600,25.808,24.4
122700,25.808,24.4
122800,25.808,24.4
122900,25.808,24.4
123000,25.808,24.4
123100,25.808,24.4
123200,25.808,24.4
123300,25.808,24.4
123400,25.808,24.4
123500,25.808,24.4
123600,25.808,24.4
123700,25.808,24.4
123800,25.808,24.4
123900,25.808,24.4
124000,25.808,24.4
124100,25.808,24.4
124200,25.808,24.4
124300,25.808,24.4
124400,25.808,24.4
124500,25.808,24.4
124600,25.808,24.4
124700,25.808,24.4
124800,25.808,24.4
124900,25.808,24.4
125000,25.808,24.4
125100,25.808,24.4
125200,25.808,24.4
125300,25.808,24.4
125400,25.808,24.4
125500,25.808,24.4
125600,25.808,24.4
125700,25.808,24.4
125800,25.808,24.4
125900,25.808,24.4
126000,25.808,24.4
126100,25.808,24.4
126200,25.808,24.4
126300,25.808,24.4
126400,25.808,24.4
126500,25.808,24.4
126600,25.808,24.4
126700,25.808,24.4
126800,25.808,24.4
126900,25.808,24.4
127000,25.808,24.4
127100,25.808,24.4
127200,25.808,24.4
127300,25.808,24.4
127400,25.808,24.4
127500,25.808,24.4
127600,25.808,24.4
127700,25.808,24.4
127800,25.808,24.4
127900,25.808,24.4
128000,25.808,24.4
128100,25.808,24.4
128200,25.808,24.4
128300,25.808,24.4
128400,25.808,24.4
128500,25.808,24.4
128600,25.808,24.4
128700,25.808,24.4
128800,25.808,24.4
128900,25.808,24.4
129000,25.808,24.4
129100,25.808,24.4
129200,25.808,24.4
129300,25.808,24.4
129400,25.808,24.4
129500,25.808,24.4
129600,25.639999999999997,24.4
129700,25.639999999999997,24.4
129800,25.639999999999997,24.4
129900,25.639999999999997,24.4
130000,25.639999999999997,24.4
130100,25.639999999999997,24.4
130200,25.639999999999997,24.4
130300,25.639999999999997,24.4
130400,25.639999999999997,24.4
130500,25.639999999999997,24.4
130600,25.639999999999997,24.4
130700,25.639999999999997,24.4
130800,25.639999999999997,24.4
130900,25.639999999999997,24.4
131000,25.639999999999997,24.4
131100,25.639999999999997,24.4
131200,25.639999999999997,24.4
131300,25.639999999999997,24.4
131400,25.639999999999997,24.4
131500,25.639999999999997,24.4
131600,25.639999999999997,24.4
131700,25.639999999999997,24.4
131800,25.639999999999997,24.4
131900,25.639999999999997,24.4
132000,25.639999999999997,24.4
132100,25.639999999999997,24.4
132200,25.639999999999997,24.4
132300,25.639999999999997,24.4
132400,25.639999999999997,24.4
132500,25.639999999999997,24.4
132600,25.368000000000002,24.4
132700,25.368000000000002,24.4
132800,25.368000000000002,24.4
132900,25.368000000000002,24.4
133000,25.368000000000002,24.4
133100,25.368000000000002,24.4
133200,25.368000000000002,24.4
133300,25.368000000000002,24.4
133400,25.368000000000002,24.4
133500,25.368000000000002,24.4
133600,25.368000000000002,24.4
133700,25.368000000000002,24.4
133800,25.368000000000002,24.4
133900,25.368000000000002,24.4
134000,25.368000000000002,24.4
134100,25.368000000000002,24.4
134200,25.368000000000002,24.4
134300,25.368000000000002,24.4
134400,25.368000000000002,24.4
134500,25.368000000000002,24.4
134600,25.368000000000002,24.4
134700,25.368000000000002,24.4
134800,25.368000000000002,24.4
134900,25.368000000000002,24.4
135000,25.368000000000002,24.4
135100,25.368000000000002,24.4
135200,25.368000000000002,24.4
135300,25.368000000000002,24.4
135400,25.368000000000002,24.4
135500,25.368000000000002,24.4
135600,25.368000000000002,24.4
135700,25.368000000000002,24.4
135800,25.368000000000002,24.4
135900,25.368000000000002,24.4
136000,25.368000000000002,24.4
136100,25.368000000000002,24.4
136200,25.368000000000002,24.4
136300,25.368000000000002,24.4
136400,25.368000000000002,24.4
136500,25.368000000000002,24.4
136600,25.368000000000002,24.4
136700,25.368000000000002,24.4
136800,25.368000000000002,24.4
136900,25.368000000000002,24.4
137000,25.368000000000002,24.4
137100,25.368000000000002,24.4
137200,25.368000000000002,24.4
137300,25.368000000000002,24.4
137400,25.368000000000002,24.4
137500,25.368000000000002,24.4
137600,25.368000000000002,24.4
137700,25.368000000000002,24.4
137800,25.368000000000002,24.4
137900,25.368000000000002,24.4
138000,25.368000000000002,24.4
138100,25.368000000000002,24.4
138200,25.368000000000002,24.4
138300,25.368000000000002,24.4
138400,25.368000000000002,24.4
138500,25.368000000000002,24.4
138600,25.368000000000002,24.4
138700,25.368000000000002,24.4
138800,25.368000000000002,24.4
138900,25.368000000000002,24.4
139000,25.368000000000002,24.4
139100,25.368000000000002,24.4
139200,25.368000000000002,24.4
139300,25.368000000000002,24.4
139400,25.368000000000002,24.4
139500,25.368000000000002,24.4
139600,25.368000000000002,24.4
139700,25.368000000000002,24.4
139800,25.368000000000002,24.4
139900,25.368000000000002,24.4
140000,25.368000000000002,24.4
140100,25.368000000000002,24.4
140200,25.368000000000002,24.4
140300,25.368000000000002,24.4
140400,25.368000000000002,24.4
140500,25.368000000000002,24.4
140600,25.368000000000002,24.4
140700,25.368000000000002,24.4
140800,25.368000000000002,24.4
140900,25.368000000000002,24.4
141000,25.368000000000002,24.4
141100,25.368000000000002,24.4
141200,25.368000000000002,24.4
141300,25.368000000000002,24.4
141400,25.368000000000002,24.4
141500,25.368000000000002,24.4
141600,25.368000000000002,24.4
141700,25.368000000000002,24.4
141800,25.368000000000002,24.4
141900,25.368000000000002,24.4
142000,25.368000000000002,24.4
142100,25.368000000000002,24.4
142200,25.368000000000002,24.4
142300,25.368000000000002,24.4
142400,25.368000000000002,24.4
142500,25.368000000000002,24.4
142600,25.368000000000002,24.4
142700,25.368000000000002,24.4
142800,25.368000000000002,24.4
142900,25.368000000000002,24.4
143000,25.368000000000002,24.4
143100,25.368000000000002,24.4
143200,25.368000000000002,24.4
143300,25.368000000000002,24.4
143400,25.368000000000002,24.4
143500,25.368000000000002,24.4
143600,25.368000000000002,24.4
143700,25.368000000000002,24.4
143800,25.368000000000002,24.4
143900,25.368000000000002,24.4
144000,25.368000000000002,24.4
144100,25.368000000000002,24.4
144200,25.368000000000002,24.4
144300,25.368000000000002,24.4
144400,25.368000000000002,24.4
144500,25.368000000000002,24.4
144600,25.368000000000002,24.4
144700,25.368000000000002,24.4
144800,25.368000000000002,24.4
144900,25.368000000000002,24.4
145000,25.368000000000002,24.4
145100,25.368000000000002,24.4
145200,25.368000000000002,24.4
145300,25.368000000000002,24.4
145400,25.368000000000002,24.4
145500,25.368000000000002,24.4
145600,25.368000000000002,24.4
145700,25.368000000000002,24.4
145800,25.368000000000002,24.4
145900,25.368000000000002,24.4
146000,25.368000000000002,24.4
146100,25.368000000000002,24.4
146200,25.368000000000002,24.4
146300,25.368000000000002,24.4
146400,25.368000000000002,24.4
146500,25.368000000000002,24.4
146600,25.368000000000002,24.4
146700,25.368000000000002,24.4
146800,25.368000000000002,24.4
146900,25.368000000000002,24.4
147000,25.368000000000002,24.4
147100,25.368000000000002,24.4
147200,25.368000000000002,24.4
147300,24.928,24.4
147400,24.928,24.4
147500,24.928,24.4
147600,24.928,24.4
147700,24.928,24.4
147800,24.928,24.4
147900,24.928,24.4
148000,24.928,24.4
148100,24.928,24.4
148200,24.928,24.4
148300,24.928,24.4
148400,24.928,24.4
148500,24.928,24.4
148600,24.928,24.4
148700,24.928,24.4
148800,24.928,24.4
148900,24.928,24.4
149000,24.928,24.4
149100,24.928,24.4
149200,24.928,24.4
149300,24.928,24.4
149400,24.928,24.4
149500,24.928,24.4
149600,24.928,24.4
149700,24.928,24.4
149800,24.928,24.4
149900,24.928,24.4
150000,24.928,24.4
150100,24.928,24.4
150200,24.928,24.4
150300,24.928,24.4
150400,24.928,24.4
150500,24.928,24.4
150600,24.928,24.4
150700,24.928,24.4
150800,24.928,24.4
150900,24.928,24.4
151000,24.928,24.4
151100,24.928,24.4
151200,24.928,24.4
151300,24.928,24.4
151400,24.928,24.4
151500,24.928,24.4
151600,24.928,24.4
151700,24.928,24.4
151800,24.928,24.4
151900,24.712,24.4
152000,24.712,24.4
152100,24.712,24.4
152200,24.712,24.4
152300,24.712,24.4
152400,24.712,24.4
152500,24.712,24.4
152600,24.712,24.4
152700,24.712,24.4
152800,24.712,24.4
152900,24.712,24.4
153000,24.312,24.4
153100,24.312,24.4
153200,24.312,24.4
153300,24.312,24.4
153400,24.312,24.4
153500,24.312,24.4
153600,24.312,24.4
153700,24.312,24.4
153800,24.312,24.4
153900,24.312,24.4
154000,24.312,24.4
154100,24.312,24.4
154200,24.312,24.4
154300,24.312,24.4
154400,24.312,24.4
154500,24.312,24.4
154600,24.312,24.4
154700,24.312,24.4
154800,24.312,24.4
154900,24.312,24.4
155000,24.312,24.4
155100,24.312,24.4
155200,24.312,24.4
155300,24.312,24.4
155400,24.119999999999997,24.4
155500,24.119999999999997,24.4
155600,24.119999999999997,24.4
155700,24.119999999999997,24.4
155800,24.119999999999997,24.4
155900,24.119999999999997,24.4
156000,24.119999999999997,24.4
156100,24.119999999999997,24.4
156200,24.119999999999997,24.4
156300,24.119999999999997,24.4
156400,24.119999999999997,24.4
156500,24.119999999999997,24.4
156600,24.119999999999997,24.4
156700,24.119999999999997,24.4
156800,24.119999999999997,24.4
156900,24.119999999999997,24.4
157000,24.119999999999997,24.4
157100,24.119999999999997,24.4
157200,24.119999999999997,24.4
157300,24.119999999999997,24.4
157400,24.119999999999997,24.4
157500,24.119999999999997,24.4
157600,24.119999999999997,24.4
157700,24.112000000000002,24.4
157800,24.112000000000002,24.4
157900,24.112000000000002,24.4
158000,24.112000000000002,24.4
158100,24.112000000000002,24.4
158200,24.112000000000002,24.4
158300,24.112000000000002,24.4
158400,24.112000000000002,24.4
158500,24.112000000000002,24.4
158600,24.112000000000002,24.4
158700,24.112000000000002,24.4
158800,24.112000000000002,24.4
158900,24.112000000000002,24.4
159000,24.112000000000002,24.4
159100,24.112000000000002,24.4
159200,24.112000000000002,24.4
159300,24.112000000000002,24.4
159400,24.112000000000002,24.4
159500,24.112000000000002,24.4
159600,24.112000000000002,24.4
159700,24.112000000000002,24.4
159800,24.112000000000002,24.4
159900,24.112000000000002,24.4
160000,24.112000000000002,24.4
160100,24.112000000000002,24.4
160200,24.112000000000002,24.4
160300,24.112000000000002,24.4
160400,24.112000000000002,24.4
160500,24.112000000000002,24.4
160600,24.112000000000002,24.4
160700,24.112000000000002,24.4
160800,24.112000000000002,24.4
160900,24.112000000000002,24.4
161000,24.112000000000002,24.4
161100,24.112000000000002,24.4
161200,24.112000000000002,24.4
161300,24.112000000000002,24.4
161400,24.112000000000002,24.4
161500,24.112000000000002,24.4
161600,24.112000000000002,24.4
161700,24.112000000000002,24.4
161800,24.112000000000002,24.4
161900,24.112000000000002,24.4
162000,24.112000000000002,24.4
162100,24.112000000000002,24.4
162200,24.112000000000002,24.4
162300,24.112000000000002,24.4
162400,24.112000000000002,24.4
162500,24.112000000000002,24.4
162600,24.112000000000002,24.4
162700,24.112000000000002,24.4
162800,24.112000000000002,24.4
162900,24.112000000000002,24.4
163000,24.112000000000002,24.4
163100,24.112000000000002,24.4
163200,24.112000000000002,24.4
163300,24.112000000000002,24.4
163400,24.112000000000002,24.4
163500,24.112000000000002,24.4
163600,24.112000000000002,24.4
163700,24.112000000000002,24.4
163800,24.112000000000002,24.4
163900,24.112000000000002,24.4
164000,24.112000000000002,24.4
164100,24.112000000000002,24.4
164200,24.112000000000002,24.4
164300,24.112000000000002,24.4
164400,24.112000000000002,24.4
164500,24.112000000000002,24.4
164600,24.112000000000002,24.4
164700,24.112000000000002,24.4
164800,24.112000000000002,24.4
164900,24.112000000000002,24.4
165000,24.112000000000002,24.4
165100,24.112000000000002,24.4
165200,24.112000000000002,24.4
165300,24.112000000000002,24.4
165400,24.112000000000002,24.4
165500,24.112000000000002,24.4
165600,24.112000000000002,24.4
165700,24.112000000000002,24.4
165800,24.112000000000002,24.4
165900,24.112000000000002,24.4
166000,24.112000000000002,24.4
166100,24.112000000000002,24.4
166200,24.112000000000002,24.4
166300,24.112000000000002,24.4
166400,24.112000000000002,24.4
166500,24.112000000000002,24.4
166600,24.112000000000002,24.4
166700,24.112000000000002,24.4
166800,24.112000000000002,24.4
166900,24.112000000000002,24.4
167000,24.112000000000002,24.4
167100,24.112000000000002,24.4
167200,24.112000000000002,24.4
167300,24.112000000000002,24.4
167400,24.112000000000002,24.4
167500,24.112000000000002,24.4
167600,24.112000000000002,24.4
167700,24.112000000000002,24.4
167800,24.112000000000002,24.4
167900,24.112000000000002,24.4
168000,24.112000000000002,24.4
168100,24.112000000000002,24.4
168200,24.112000000000002,24.4
168300,24.112000000000002,24.4
168400,24.112000000000002,24.4
168500,24.112000000000002,24.4
168600,24.112000000000002,24.4
168700,24.112000000000002,24.4
168800,24.112000000000002,24.4
168900,24.112000000000002,24.4
169000,24.112000000000002,24.4
169100,24.112000000000002,24.4
169200,24.112000000000002,24.4
169300,24.112000000000002,24.4
169400,24.112000000000002,24.4
169500,24.112000000000002,24.4
169600,24.112000000000002,24.4
169700,24.112000000000002,24.4
169800,24.112000000000002,24.4
169900,24.112000000000002,24.4
170000,24.112000000000002,24.4
170100,24.112000000000002,24.4
170200,24.112000000000002,24.4
170300,24.112000000000002,24.4
170400,24.112000000000002,24.4
170500,24.112000000000002,24.4
170600,24.112000000000002,24.4
170700,24.112000000000002,24.4
170800,24.112000000000002,24.4
170900,24.112000000000002,24.4
171000,24.112000000000002,24.4
171100,24.112000000000002,24.4
171200,24.112000000000002,24.4
171300,24.112000000000002,24.4
171400,24.112000000000002,24.4
171500,24.112000000000002,24.4
171600,24.112000000000002,24.4
171700,24.112000000000002,24.4
171800,23.624000000000002,24.4
171900,23.624000000000002,24.4
172000,23.624000000000002,24.4
172100,23.624000000000002,24.4
172200,23.624000000000002,24.4
172300,23.624000000000002,24.4
172400,23.624000000000002,24.4
172500,23.624000000000002,24.4
172600,23.624000000000002,24.4
172700,23.624000000000002,24.4
172800,23.624000000000002,24.4
172900,23.624000000000002,24.4
173000,23.624000000000002,24.4
173100,23.624000000000002,24.4
173200,23.624000000000002,24.4
173300,23.624000000000002,24.4
173400,23.624000000000002,24.4
173500,23.624000000000002,24.4
173600,23.624000000000002,24.4
173700,23.624000000000002,24.4
173800,23.624000000000002,24.4
173900,23.624000000000002,24.4
174000,23.624000000000002,24.4
174100,23.624000000000002,24.4
174200,23.624000000000002,24.4
174300,23.624000000000002,24.4
174400,23.624000000000002,24.4
174500,23.624000000000002,24.4
174600,23.624000000000002,24.4
174700,23.624000000000002,24.4
174800,23.624000000000002,24.4
174900,23.624000000000002,24.4
175000,23.624000000000002,24.4
175100,23.624000000000002,24.4
175200,23.624000000000002,24.4
175300,23.624000000000002,24.4
175400,23.624000000000002,24.4
175500,23.624000000000002,24.4
175600,23.624000000000002,24.4
175700,23.624000000000002,24.4
175800,23.624000000000002,24.4
175900,23.624000000000002,24.4
176000,23.624000000000002,24.4
176100,23.624000000000002,24.4
176200,23.624000000000002,24.4
176300,23.624000000000002,24.4
176400,23.624000000000002,24.4
176500,23.624000000000002,24.4
176600,23.624000000000002,24.4
176700,23.624000000000002,24.4
176800,23.624000000000002,24.4
176900,23.624000000000002,24.4
177000,23.624000000000002,24.4
177100,23.624000000000002,24.4
177200,23.624000000000002,24.4
177300,23.624000000000002,24.4
177400,23.624000000000002,24.4
177500,23.168,24.4
177600,23.168,24.4
177700,23.168,24.4
177800,23.168,24.4
177900,23.168,24.4
178000,23.168,24.4
178100,23.168,24.4
178200,23.168,24.4
178300,23.168,24.4
178400,23.168,24.4
178500,23.168,24.4
178600,23.168,24.4
178700,23.168,24.4
178800,23.168,24.4
178900,23.168,24.4
179000,23.168,24.4
179100,23.168,24.4
179200,23.168,24.4
179300,23.168,24.4
179400,23.168,24.4
179500,23.168,24.4
179600,23.168,24.4
179700,23.168,24.4
179800,23.168,24.4
179900,23.168,24.4
180000,23.168,24.4
180100,23.168,24.4
180200,23.168,24.4
180300,23.168,24.4
180400,23.168,24.4
180500,23.168,24.4
180600,23.168,24.4
180700,23.168,24.4
180800,23.168,24.4
180900,23.168,24.4
181000,23.168,24.4
181100,23.168,24.4
181200,23.168,24.4
181300,23.168,24.4
181400,23.168,24.4
181500,23.168,24.4
181600,23.168,24.4
181700,23.168,24.4
181800,23.168,24.4
181900,23.168,24.4
182000,23.168,24.4
182100,23.168,24.4
182200,23.168,24.4
182300,23.168,24.4
182400,23.168,24.4
182500,23.168,24.4
182600,23.168,24.4
182700,23.168,24.4
182800,23.168,24.4
182900,23.168,24.4
183000,23.168,24.4
183100,23.168,24.4
183200,23.168,24.4
183300,23.168,24.4
183400,23.168,24.4
183500,23.168,24.4
183600,23.168,24.4
183700,23.168,24.4
183800,23.096,24.4
183900,23.023999999999997,24.4
184000,23.023999999999997,24.4
184100,23.023999999999997,24.4
184200,23.023999999999997,24.4
184300,23.023999999999997,24.4
184400,23.023999999999997,24.4
184500,23.023999999999997,24.4
184600,23.023999999999997,24.4
184700,23.023999999999997,24.4
184800,23.023999999999997,24.4
184900,23.023999999999997,24.4
185000,23.023999999999997,24.4
185100,23.023999999999997,24.4
185200,23.023999999999997,24.4
185300,23.023999999999997,24.4
185400,23.023999999999997,24.4
185500,23.023999999999997,24.4
185600,23.023999999999997,24.4
185700,23.023999999999997,24.4
185800,23.023999999999997,24.4
185900,23.023999999999997,24.4
186000,23.023999999999997,24.4
186100,23.023999999999997,24.4
186200,23.023999999999997,24.4
186300,23.023999999999997,24.4
186400,23.023999999999997,24.4
186500,23.023999999999997,24.4
186600,23.023999999999997,24.4
186700,23.023999999999997,24.4
186800,23.023999999999997,24.4
186900,23.023999999999997,24.4
187000,23.023999999999997,24.4
187100,23.023999999999997,24.4
187200,23.023999999999997,24.4
187300,23.023999999999997,24.4
187400,23.023999999999997,24.4
187500,23.023999999999997,24.4
187600,23.023999999999997,24.4
187700,23.023999999999997,24.4
187800,23.023999999999997,24.4
187900,23.023999999999997,24.4
188000,23.023999999999997,24.4
188100,23.023999999999997,24.4
188200,23.023999999999997,24.4
188300,23.023999999999997,24.4
188400,23.023999999999997,24.4
188500,23.023999999999997,24.4
188600,23.023999999999997,24.4
188700,23.023999999999997,24.4
188800,23.023999999999997,24.4
188900,23.023999999999997,24.4
189000,23.023999999999997,24.4
189100,23.023999999999997,24.4
189200,23.023999999999997,24.4
189300,23.023999999999997,24.4
189400,23.023999999999997,24.4
189500,23.023999999999997,24.4
189600,23.023999999999997,24.4
189700,23.023999999999997,24.4
189800,23.023999999999997,24.4
189900,23.023999999999997,24.4
190000,22.976,24.4
190100,22.976,24.4
190200,22.976,24.4
190300,22.976,24.4
190400,22.976,24.4
190500,22.976,24.4
190600,22.976,24.4
190700,22.976,24.4
190800,22.624,24.4
190900,22.624,24.4
191000,22.624,24.4
191100,22.624,24.4
191200,22.624,24.4
191300,22.624,24.4
191400,22.624,24.4
191500,22.624,24.4
191600,22.624,24.4
191700,22.624,24.4
191800,22.624,24.4
191900,22.624,24.4
192000,22.624,24.4
192100,22.624,24.4
192200,22.624,24.4
192300,22.624,24.4
192400,22.624,24.4
192500,22.624,24.4
192600,22.624,24.4
192700,22.624,24.4
192800,22.624,24.4
192900,22.624,24.4
193000,22.624,24.4
193100,22.624,24.4
193200,22.624,24.4
193300,22.624,24.4
193400,22.2,24.4
193500,22.2,24.4
193600,22.2,24.4
193700,22.2,24.4
193800,22.2,24.4
193900,22.2,24.4
194000,22.2,24.4
194100,22.2,24.4
194200,22.2,24.4
194300,22.2,24.4
194400,22.2,24.4
194500,22.2,24.4
194600,22.2,24.4
194700,22.2,24.4
194800,22.2,24.4
194900,22.2,24.4
195000,22.2,24.4
195100,22.2,24.4
195200,22.2,24.4
195300,22.2,24.4
195400,22.2,24.4
195500,22.2,24.4
195600,22.2,24.4
195700,22.2,24.4
195800,22.2,24.4
195900,22.2,24.4
196000,22.2,24.4
196100,22.2,24.4
196200,22.2,24.4
196300,22.2,24.4
196400,22.2,24.4
196500,22.2,24.4
196600,22.2,24.4
196700,22.2,24.4
196800,22.2,24.4
196900,22.2,24.4
197000,22.2,24.4
197100,22.2,24.4
197200,22.2,24.4
197300,22.2,24.4
197400,22.2,24.4
197500,22.2,24.4
197600,22.2,24.4
197700,22.2,24.4
197800,22.2,24.4
197900,22.2,24.4
198000,22.2,24.4
198100,22.2,24.4
198200,22.2,24.4
198300,22.2,24.4
198400,22.2,24.4
198500,22.2,24.4
198600,22.2,24.4
198700,22.2,24.4
198800,22.2,24.4
198900,22.2,24.4
199000,22.2,24.4
199100,22.2,24.4
199200,22.2,24.4
199300,22.2,24.4
199400,22.2,24.4
199500,22.2,24.4
199600,22.2,24.4
199700,22.2,24.4
199800,22.2,24.4
199900,22.2,24.4
199999,22.2,24.4

START ALGORITHM
h2: (a45 + a12 + a23 - a45 - a35 - a11 - a44) * (b31)
h3: (a53 + a44) * (-b54)
h5: (a14 + a23 - a15 - a11) * (b23)
h9: (a52 + a42 - a25) * (-b13)
h10: (a54) * (b12)
h16: (a13 - a32) * (-b52 - b24)
h19: (-a34) * (-b22)
h20: (a35 - a31 - a31 - a54 - a11 - a44 - a32 - a12) * (-b55)
h22: (-a55) * (-b54)
h23: (a45 - a54) * (-b42)
h25: (a25 + a23 + a54) * (b32 - b44)
h37: (a32 + a31 - a51 - a35) * (-b54)
h41: (a25 - a23 - a12) * (-b21)
h42: (a14 + a43 - a23) * (b34 - b24 - b51)
h43: (-a23 - a53) * (b15)
h44: (a45 - a44) * (b13)
h48: (a32 + a15 + a53) * (-b51)
h51: (a53 + a31 + a31 - a34 - a23) * (-b11)
h53: (a52 + a24 + a43 - a21) * (-b24)
h56: (a21 + a51 + a44 - a42 - a23) * (-b43)
h60: (a43 - a21) * (b34)
h67: (a31 + a41 + a11 - a12) * (b33)
h70: (a25) * (b43)
h71: (a34 + a41 + a53 - a53) * (-b21)
h82: (-a41) * (-b43)
h84: (a31 - a11) * (b41)
h87: (-a32 - a33 - a41 - a51) * (b51 + b55 - b13)
h88: (a34 + a13 + a35 + a14 + a44 - a42 - a22 - a35 - a35 - a53) * (b22 - b25)
h89: (-a35) * (b33)
h97: (a23 + a12 + a53 - a22 - a11 - a51 - a23 - a22 - a13 - a12) * (b55)
h111: (a13 + a25) * (b15)
h112: (a23 - a45) * (b33)
h114: (a13 - a44 - a41) * (-b55)
h115: (a25 + a13 - a42 - a35) * (b45)
h117: (a25 + a31 + a51 + a44 - a23) * (b14 - b25)
h118: (a32 + a42 + a22 + a51 - a53 - a54) * (b33)
h120: (a12 - a45) * (b41 - b53)
h122: (a21 + a34 + a52 - a25) * (b22)
h126: (-a23 - a31) * (b45)
h132: (a32 + a15 - a35) * (b11 - b23)
h135: (a21 + a21 + a51) * (-b55)
h142: (a25 + a42) * (-b42)
h160: (a54 - a11 - a43) * (b23)
h161: (-a33) * (-b44)
h170: (-a43 - a22) * (b52)
h172: (-a25 - a22 - a15) * (-b34)
h185: (a53 - a52) * (-b45)
h191: (a25 + a32 + a21 - a43 - a43) * (-b55)
h210: (a23 + a23 - a15 - a52 - a12) * (-b51 - b12)
h221: (a55 + a33 + a21 + a33 + a13 + a54 - a31 - a32 - a21 - a25 - a11) * (-b24)
h234: (a43 + a45 - a13) * (b25)
h274: (a55 + a33 + a11 + a22 - a35 - a45 - a12 - a52) * (b44)
h278: (a52 + a51 + a21 + a34 + a22 + a23 + a32) * (b22)
h434: (a32 + a34) * (b35)
h543: (a41 + a45) * (-b43)
h607: (a14 + a41) * (b21)
h659: (a55 + a23 + a23 - a52 - a21) * (b41)
h756: (-a45 - a13) * (b23)
h765: (a14) * (b22 - b24)
h825: (a54 + a12 + a21 + a54 - a53) * (-b55)
h844: (-a33) * (-b34)
h1083: (-a13) * (b31)
h1336: (a43 + a13 + a43 + a31 + a32 - a54 - a53 - a14 - a24 - a14) * (b11)
h1706: (a12 - a15 - a32 - a15 - a51) * (-b33 - b13)
h1960: (a11) * (b13)
h2223: (-a34 - a15 - a23) * (-b12)
h7279: (a24 + a33 + a24 - a31 - a22) * (b23)
h20222: (a34 - a43 - a14 - a11 - a34 - a14) * (b45 - b32)
h20223: (a41 + a43 + a15 + a35 + a55 + a41 + a41 + a13 + a34 + a11 + a21 - a52 - a31 - a41) * (b24)
h50754: (a51 + a52 + a45 - a13 - a43 - a55 - a55) * (b12)
h76364: (-a45 - a23 - a33 - a42 - a14) * (-b41)
h77621: (a35 + a21 - a25 - a35 - a34 - a25 - a52 - a21) * (-b31)
h94811: (a53 + a32) * (-b42)
c11: h2 + h89 + h87 + h434 - h42 - h71 - h160 
c12: h70 + h22 + h20223 - h210 
c13: h82 
c14: h25 + h22 + h51 + h44 - h43 - h234 - h274 
c15: h142 + h87 
c21: h170 + h20222 + h132 - h7279 - h20223 
c22: h89 + h114 + h9 - h118 - h191 
c23: h71 + h185 + h20 + h844 - h22 - h117 
c24: h19 + h41 + h126 + h67 + h170 + h825 + h1083 + h16 + h87 - h51 
c25: h185 - h19 
c31: h2 + h1336 + h53 
c32: h88 + h56 + h87 - h5 
c33: h2 + h77621 - h756 
c34: h25 + h1960 
c35: h16 + h67 + h56 + h10 - h53 
c41: h111 + h278 + h756 
c42: h132 - h172 
c43: h10 + h71 + h50754 
c44: h161 + h84 + h221 + h135 + h191 - h37 
c45: h41 + h60 + h48 + h115 + h22 - h278 - h607 - h1706 
c51: h160 + h659 + h23 
c52: h16 + h60 - h48 - h132 
c53: h659 - h3 - h76364 
c54: h97 + h765 + h2223 - h120 
c55: h23 + h122 + h543 + h659 + h126 - h122 - h112 - h94811 
