0,171.952,25
100,140.352,25
200,108.59200000000001,25
300,97.832,25
400,83.664,25
500,75.304,25
600,72.45599999999999,25
700,70.136,25
800,68.24799999999999,25
900,65.432,25
1000,64.136,25
1100,63.824,25
1200,62.52,25
1300,61.20799999999999,25
1400,59.25599999999999,25
1500,57.34400000000001,25
1600,57.327999999999996,25
1700,57.327999999999996,25
1800,55.760000000000005,25
1900,55.760000000000005,25
2000,53.872,25
2100,52.67999999999999,25
2200,51.34400000000001,25
2300,49.704,25
2400,49.704,25
2500,49.704,25
2600,49.704,25
2700,49.448,25
2800,49.448,25
2900,48.864,25
3000,48.528,25
3100,48.528,25
3200,47.624,25
3300,46.448,25
3400,43.80799999999999,25
3500,43.568000000000005,25
3600,43.104,25
3700,43.104,25
3800,42.432,25
3900,42.432,25
4000,42.432,25
4100,42.432,25
4200,42.272000000000006,25
4300,42.176,25
4400,42.024,24.8
4500,42.023999999999994,24.8
4600,40.424,24.8
4700,40.424,24.8
4800,39.656,24.8
4900,39.135999999999996,24.8
5000,38.912,24.8
5100,38.704,24.8
5200,38.336,24.8
5300,38.224000000000004,24.8
5400,38.224000000000004,24.8
5500,38.224000000000004,24.8
5600,38.224000000000004,24.8
5700,38.224000000000004,24.8
5800,38.224000000000004,24.8
5900,37.552,24.6
6000,37.552,24.6
6100,36.992000000000004,24.8
6200,36.928,24.8
6300,36.632,24.8
6400,36.224000000000004,24.8
6500,36.224000000000004,24.8
6600,36.224000000000004,24.8
6700,36.224000000000004,24.8
6800,36.224000000000004,24.8
6900,36.224000000000004,24.8
7000,36.224000000000004,24.8
7100,36.224000000000004,24.8
7200,36.224000000000004,24.8
7300,36.007999999999996,24.6
7400,35.88,24.6
7500,35.352000000000004,24.6
7600,35.352000000000004,24.6
7700,35.352000000000004,24.6
7800,34.72,24.6
7900,34.448,24.6
8000,34.112,24.6
8100,33.912,24.8
8200,33.912,24.8
8300,33.912,24.8
8400,33.912,24.8
8500,33.912,24.8
8600,33.912,24.8
8700,33.912,24.8
8800,33.912,24.8
8900,32.839999999999996,24.8
9000,32.839999999999996,24.8
9100,32.839999999999996,24.8
9200,32.839999999999996,24.8
9300,32.839999999999996,24.8
9400,32.839999999999996,24.8
9500,31.992,24.8
9600,31.992,24.8
9700,31.992,24.8
9800,31.992,24.8
9900,31.992,24.8
10000,31.992,24.8
10100,31.992,24.8
10200,31.327999999999996,24.8
10300,31.327999999999996,24.8
10400,31.327999999999996,24.8
10500,31.327999999999996,24.8
10600,31.304000000000002,24.6
10700,31.304000000000002,24.6
10800,31.304000000000002,24.6
10900,31.304000000000002,24.6
11000,31.304000000000002,24.6
11100,31.304000000000002,24.6
11200,31.2,24.6
11300,31.2,24.6
11400,31.2,24.6
11500,31.2,24.6
11600,31.2,24.6
11700,30.927999999999997,24.6
11800,30.927999999999997,24.6
11900,30.927999999999997,24.6
12000,30.927999999999997,24.6
12100,29.991999999999997,24.6
12200,29.991999999999997,24.6
12300,29.991999999999997,24.6
12400,29.991999999999997,24.6
12500,29.991999999999997,24.6
12600,29.991999999999997,24.6
12700,29.991999999999997,24.6
12800,29.991999999999997,24.6
12900,29.991999999999997,24.6
13000,29.296,24.6
13100,29.296,24.6
13200,29.296,24.6
13300,29.296,24.6
13400,29.256,24.6
13500,29.256,24.6
13600,29.256,24.6
13700,29.256,24.6
13800,29.256,24.6
13900,29.256,24.6
14000,29.256,24.6
14100,29.256,24.6
14200,29.256,24.6
14300,29.256,24.6
14400,29.016,24.6
14500,29.016,24.6
14600,29.016,24.6
14700,29.016,24.6
14800,29.016,24.6
14900,29.016,24.6
15000,29.016,24.6
15100,29.016,24.6
15200,29.016,24.6
15300,29.016,24.6
15400,29.016,24.6
15500,29.016,24.6
15600,29.016,24.6
15700,28.903999999999996,24.8
15800,28.903999999999996,24.8
15900,28.903999999999996,24.8
16000,28.903999999999996,24.8
16100,28.903999999999996,24.8
16200,28.903999999999996,24.8
16300,28.903999999999996,24.8
16400,28.903999999999996,24.8
16500,28.903999999999996,24.8
16600,28.903999999999996,24.8
16700,28.903999999999996,24.8
16800,28.903999999999996,24.8
16900,28.903999999999996,24.8
17000,28.903999999999996,24.8
17100,28.903999999999996,24.8
17200,28.903999999999996,24.8
17300,28.903999999999996,24.8
17400,28.903999999999996,24.8
17500,28.903999999999996,24.8
17600,28.903999999999996,24.8
17700,28.903999999999996,24.8
17800,28.903999999999996,24.8
17900,28.903999999999996,24.8
18000,28.903999999999996,24.8
18100,28.903999999999996,24.8
18200,28.903999999999996,24.8
18300,28.903999999999996,24.8
18400,28.903999999999996,24.8
18500,28.903999999999996,24.8
18600,28.512,24.8
18700,28.512,24.8
18800,28.512,24.8
18900,28.512,24.8
19000,28.512,24.8
19100,28.512,24.8
19200,28.512,24.8
19300,28.456,24.8
19400,28.456,24.8
19500,28.456,24.8
19600,28.456,24.8
19700,28.456,24.8
19800,28.456,24.8
19900,28.456,24.8
20000,28.359999999999996,24.8
20100,28.359999999999996,24.8
20200,28.359999999999996,24.8
20300,28.359999999999996,24.8
20400,28.359999999999996,24.8
20500,28.359999999999996,24.8
20600,28.359999999999996,24.8
20700,28.359999999999996,24.8
20800,28.359999999999996,24.8
20900,28.359999999999996,24.8
21000,28.359999999999996,24.8
21100,28.359999999999996,24.8
21200,28.359999999999996,24.8
21300,28.048000000000002,25
21400,28.048000000000002,25
21500,28.048000000000002,25
21600,28.048000000000002,25
21700,28.048000000000002,25
21800,28.048000000000002,25
21900,28.048000000000002,25
22000,28.048000000000002,25
22100,28.048000000000002,25
22200,28.048000000000002,25
22300,28.048000000000002,25
22400,28.048000000000002,25
22500,28.048000000000002,25
22600,28.048000000000002,25
22700,28.048000000000002,25
22800,28.048000000000002,25
22900,28.048000000000002,25
23000,28.048000000000002,25
23100,28.048000000000002,25
23200,28.048000000000002,25
23300,28.048000000000002,25
23400,28.048000000000002,25
23500,28.048000000000002,25
23600,28.048000000000002,25
23700,28.048000000000002,25
23800,28.048000000000002,25
23900,28.048000000000002,25
24000,28.048000000000002,25
24100,28.048000000000002,25
24200,28.048000000000002,25
24300,28.048000000000002,25
24400,28.048000000000002,25
24500,28.048000000000002,25
24600,28.048000000000002,25
24700,28.048000000000002,25
24800,28.048000000000002,25
24900,28.048000000000002,25
25000,28.048000000000002,25
25100,28.048000000000002,25
25200,28.048000000000002,25
25300,28.048000000000002,25
25400,28.047999999999995,25
25500,27.712,25
25600,27.712,25
25700,27.712,25
25800,27.712,25
25900,27.712,25
26000,27.712,25
26100,27.712,25
26200,27.712,25
26300,27.567999999999994,25
26400,27.567999999999994,25
26500,27.567999999999994,25
26600,27.567999999999994,25
26700,27.567999999999994,25
26800,27.567999999999994,25
26900,27.567999999999994,25
27000,27.567999999999994,25
27100,27.544,25
27200,27.544,25
27300,27.544,25
27400,27.544,25
27500,27.544,25
27600,27.544,25
27700,27.544,25
27800,27.544,25
27900,27.544,25
28000,27.544,25
28100,27.544,25
28200,27.544,25
28300,27.544,25
28400,27.544,25
28500,27.032,25
28600,27.032,25
28700,27.032,25
28800,27.032,25
28900,27.032,25
29000,27.032,25
29100,27.032,25
29200,27.032,25
29300,27.032,25
29400,27.032,25
29500,27.032,25
29600,27.032,25
29700,27.032,25
29800,27.032,25
29900,27.032,25
30000,27.032,25
30100,27.032,25
30200,27.032,25
30300,27.032,25
30400,27.032,25
30500,26.792,25
30600,26.792,25
30700,26.792,25
30800,26.792,25
30900,26.792,25
31000,26.776,25
31100,26.776,25
31200,26.776,25
31300,26.776,25
31400,26.776,25
31500,26.776,25
31600,26.776,25
31700,26.776,25
31800,26.519999999999992,25
31900,26.519999999999992,25
32000,26.519999999999992,25
32100,26.519999999999992,25
32200,26.519999999999992,25
32300,26.519999999999992,25
32400,26.519999999999992,25
32500,26.519999999999992,25
32600,26.519999999999992,25
32700,25.408,24.8
32800,25.144000000000002,24.8
32900,25.144000000000002,24.8
33000,25.144000000000002,24.8
33100,25.144000000000002,24.8
33200,25.144000000000002,24.8
33300,25.144000000000002,24.8
33400,25.144000000000002,24.8
33500,25.144000000000002,24.8
33600,25.144000000000002,24.8
33700,25.144000000000002,24.8
33800,25.144000000000002,24.8
33900,25.144000000000002,24.8
34000,25.144000000000002,24.8
34100,25.144000000000002,24.8
34200,25.087999999999997,24.8
34300,25.087999999999997,24.8
34400,25.087999999999997,24.8
34500,25.087999999999997,24.8
34600,25.087999999999997,24.8
34700,25.087999999999997,24.8
34800,25.087999999999997,24.8
34900,25.087999999999997,24.8
35000,25.087999999999997,24.8
35100,25.087999999999997,24.8
35200,25.087999999999997,24.8
35300,25.087999999999997,24.8
35400,25.087999999999997,24.8
35500,25.087999999999997,24.8
35600,25.087999999999997,24.8
35700,25.087999999999997,24.8
35800,25.087999999999997,24.8
35900,25.087999999999997,24.8
36000,25.087999999999997,24.8
36100,25.087999999999997,24.8
36200,25.087999999999997,24.8
36300,25.087999999999997,24.8
36400,25.087999999999997,24.8
36500,25.087999999999997,24.8
36600,25.087999999999997,24.8
36700,25.087999999999997,24.8
36800,25.087999999999997,24.8
36900,25.087999999999997,24.8
37000,25.087999999999997,24.8
37100,24.464000000000002,24.8
37200,24.464000000000002,24.8
37300,24.464000000000002,24.8
37400,24.464000000000002,24.8
37500,24.464000000000002,24.8
37600,24.464000000000002,24.8
37700,24.464000000000002,24.8
37800,24.464000000000002,24.8
37900,24.464000000000002,24.8
38000,24.464000000000002,24.8
38100,24.464000000000002,24.8
38200,24.464000000000002,24.8
38300,24.464000000000002,24.8
38400,24.464000000000002,24.8
38500,24.464000000000002,24.8
38600,24.464000000000002,24.8
38700,24.464000000000002,24.8
38800,24.464000000000002,24.8
38900,24.464000000000002,24.8
39000,24.464000000000002,24.8
39100,24.464000000000002,24.8
39200,24.464000000000002,24.8
39300,24.464000000000002,24.8
39400,24.464000000000002,24.8
39500,24.464000000000002,24.8
39600,24.464000000000002,24.8
39700,24.464000000000002,24.8
39800,24.464000000000002,24.8
39900,24.464000000000002,24.8
40000,24.464000000000002,24.8
40100,24.464000000000002,24.8
40200,24.464000000000002,24.8
40300,24.464000000000002,24.8
40400,24.464000000000002,24.8
40500,24.464000000000002,24.8
40600,24.464000000000002,24.8
40700,24.464000000000002,24.8
40800,24.464000000000002,24.8
40900,24.464000000000002,24.8
41000,24.464000000000002,24.8
41100,24.464000000000002,24.8
41200,24.464000000000002,24.8
41300,24.464000000000002,24.8
41400,24.464000000000002,24.8
41500,24.464000000000002,24.8
41600,24.464000000000002,24.8
41700,24.464000000000002,24.8
41800,24.464000000000002,24.8
41900,24.464000000000002,24.8
42000,24.464000000000002,24.8
42100,24.464000000000002,24.8
42200,24.464000000000002,24.8
42300,24.464000000000002,24.8
42400,24.464000000000002,24.8
42500,24.464000000000002,24.8
42600,24.464000000000002,24.8
42700,24.464,24.8
42800,24.464,24.8
42900,24.464,24.8
43000,24.464,24.8
43100,24.464,24.8
43200,24.464,24.8
43300,24.464,24.8
43400,24.464,24.8
43500,24.464,24.8
43600,24.464,24.8
43700,24.464,24.8
43800,24.464,24.8
43900,24.464,24.8
44000,24.464,24.8
44100,24.464,24.8
44200,24.464,24.8
44300,24.464,24.8
44400,24.464,24.8
44500,24.464,24.8
44600,24.464,24.8
44700,24.464,24.8
44800,24.464,24.8
44900,24.464,24.8
45000,24.464,24.8
45100,24.464,24.8
45200,24.464,24.8
45300,24.464,24.8
45400,24.464,24.8
45500,24.464,24.8
45600,24.464,24.8
45700,24.464,24.8
45800,24.464,24.8
45900,24.464,24.8
46000,24.464,24.8
46100,24.464,24.8
46200,24.464,24.8
46300,24.464,24.8
46400,24.464,24.8
46500,24.464,24.8
46600,24.464,24.8
46700,24.464,24.8
46800,24.464,24.8
46900,24.464,24.8
47000,24.464,24.8
47100,24.464,24.8
47200,24.464,24.8
47300,24.464,24.8
47400,24.464,24.8
47500,24.464,24.8
47600,24.464,24.8
47700,24.464,24.8
47800,24.464,24.8
47900,24.464,24.8
48000,24.464,24.8
48100,24.464,24.8
48200,24.464,24.8
48300,24.464,24.8
48400,24.464,24.8
48500,24.464,24.8
48600,24.464,24.8
48700,24.464,24.8
48800,24.464,24.8
48900,24.464,24.8
49000,24.464,24.8
49100,24.464,24.8
49200,24.464,24.8
49300,24.464,24.8
49400,24.464,24.8
49500,24.464,24.8
49600,24.464,24.8
49700,24.464,24.8
49800,24.464,24.8
49900,24.464,24.8
50000,24.464,24.8
50100,24.464,24.8
50200,24.464,24.8
50300,24.464,24.8
50400,24.464,24.8
50500,24.464,24.8
50600,24.464,24.8
50700,24.464,24.8
50800,24.464,24.8
50900,24.464,24.8
51000,24.464,24.8
51100,24.464,24.8
51200,24.464,24.8
51300,24.464,24.8
51400,24.464,24.8
51500,24.464,24.8
51600,24.464,24.8
51700,24.464,24.8
51800,24.464,24.8
51900,24.464,24.8
52000,24.464,24.8
52100,24.464,24.8
52200,24.464,24.8
52300,24.464,24.8
52400,24.464,24.8
52500,24.464,24.8
52600,24.464,24.8
52700,24.464,24.8
52800,24.464,24.8
52900,24.464,24.8
53000,24.439999999999998,24.8
53100,24.439999999999998,24.8
53200,24.439999999999998,24.8
53300,24.439999999999998,24.8
53400,24.439999999999998,24.8
53500,24.439999999999998,24.8
53600,24.439999999999998,24.8
53700,24.439999999999998,24.8
53800,24.439999999999998,24.8
53900,24.439999999999998,24.8
54000,24.439999999999998,24.8
54100,24.439999999999998,24.8
54200,24.439999999999998,24.8
54300,24.439999999999998,24.8
54400,24.439999999999998,24.8
54500,24.439999999999998,24.8
54600,24.439999999999998,24.8
54700,24.439999999999998,24.8
54800,24.439999999999998,24.8
54900,24.439999999999998,24.8
55000,24.439999999999998,24.8
55100,24.176,24.8
55200,24.176,24.8
55300,24.176,24.8
55400,24.176,24.8
55500,24.176,24.8
55600,24.176,24.8
55700,24.176,24.8
55800,24.176,24.8
55900,24.176,24.8
56000,23.928,24.8
56100,23.928,24.8
56200,23.928,24.8
56300,23.928,24.8
56400,23.928,24.8
56500,23.928,24.8
56600,23.928,24.8
56700,23.928,24.8
56800,23.928,24.8
56900,23.928,24.8
57000,23.928,24.8
57100,23.928,24.8
57200,23.928,24.8
57300,23.928,24.8
57400,23.928,24.8
57500,23.928,24.8
57600,23.928,24.8
57700,23.928,24.8
57800,23.928,24.8
57900,23.928,24.8
58000,23.928,24.8
58100,23.928,24.8
58200,23.928,24.8
58300,23.928,24.8
58400,23.928,24.8
58500,23.928,24.8
58600,23.928,24.8
58700,23.928,24.8
58800,23.928,24.8
58900,23.928,24.8
59000,23.928,24.8
59100,23.928,24.8
59200,23.928,24.8
59300,23.928,24.8
59400,23.928,24.8
59500,23.928,24.8
59600,23.928,24.8
59700,23.928,24.8
59800,23.928,24.8
59900,23.928,24.8
60000,23.928,24.8
60100,23.928,24.8
60200,23.928,24.8
60300,23.928,24.8
60400,23.928,24.8
60500,23.928,24.8
60600,23.928,24.8
60700,23.928,24.8
60800,23.928,24.8
60900,23.928,24.8
61000,23.928,24.8
61100,23.928,24.8
61200,23.928,24.8
61300,23.928,24.8
61400,23.928,24.8
61500,23.928,24.8
61600,23.928,24.8
61700,23.928,24.8
61800,23.928,24.8
61900,23.928,24.8
62000,23.928,24.8
62100,23.928,24.8
62200,23.928,24.8
62300,23.928,24.8
62400,23.928,24.8
62500,23.832,24.8
62600,23.832,24.8
62700,23.832,24.8
62800,23.832,24.8
62900,23.832,24.8
63000,23.832,24.8
63100,23.832,24.8
63200,23.832,24.8
63300,23.832,24.8
63400,23.832,24.8
63500,23.832,24.8
63600,23.776000000000003,24.8
63700,23.776000000000003,24.8
63800,23.776000000000003,24.8
63900,23.776000000000003,24.8
64000,23.776000000000003,24.8
64100,23.776000000000003,24.8
64200,23.776000000000003,24.8
64300,23.776000000000003,24.8
64400,23.776000000000003,24.8
64500,23.776000000000003,24.8
64600,23.776000000000003,24.8
64700,23.776000000000003,24.8
64800,23.776000000000003,24.8
64900,23.776000000000003,24.8
65000,23.776000000000003,24.8
65100,23.776000000000003,24.8
65200,23.776000000000003,24.8
65300,23.776000000000003,24.8
65400,23.776000000000003,24.8
65500,23.776000000000003,24.8
65600,23.776000000000003,24.8
65700,23.776000000000003,24.8
65800,23.776000000000003,24.8
65900,23.776000000000003,24.8
66000,23.776000000000003,24.8
66100,23.776000000000003,24.8
66200,23.528,24.8
66300,23.528,24.8
66400,23.528,24.8
66500,23.528,24.8
66600,23.528,24.8
66700,23.528,24.8
66800,23.528,24.8
66900,23.528,24.8
67000,23.528,24.8
67100,23.528,24.8
67200,23.528,24.8
67300,23.528,24.8
67400,23.528,24.8
67500,23.528,24.8
67600,23.48,24.8
67700,23.48,24.8
67800,23.48,24.8
67900,23.48,24.8
68000,23.48,24.8
68100,23.48,24.8
68200,23.48,24.8
68300,23.48,24.8
68400,23.48,24.8
68500,23.48,24.8
68600,23.48,24.8
68700,23.48,24.8
68800,23.48,24.8
68900,23.48,24.8
69000,23.48,24.8
69100,23.48,24.8
69200,23.48,24.8
69300,23.48,24.8
69400,23.48,24.8
69500,23.48,24.8
69600,23.48,24.8
69700,23.48,24.8
69800,23.48,24.8
69900,23.48,24.8
70000,23.48,24.8
70100,23.48,24.8
70200,23.48,24.8
70300,23.48,24.8
70400,23.48,24.8
70500,23.48,24.8
70600,23.48,24.8
70700,23.48,24.8
70800,23.48,24.8
70900,23.48,24.8
71000,23.48,24.8
71100,23.48,24.8
71200,23.48,24.8
71300,23.48,24.8
71400,23.48,24.8
71500,23.48,24.8
71600,23.48,24.8
71700,23.48,24.8
71800,23.48,24.8
71900,23.48,24.8
72000,23.48,24.8
72100,23.48,24.8
72200,23.48,24.8
72300,23.48,24.8
72400,23.48,24.8
72500,23.48,24.8
72600,23.48,24.8
72700,23.48,24.8
72800,23.48,24.8
72900,23.48,24.8
73000,23.48,24.8
73100,23.48,24.8
73200,23.48,24.8
73300,23.48,24.8
73400,23.48,24.8
73500,23.48,24.8
73600,23.48,24.8
73700,23.48,24.8
73800,23.48,24.8
73900,23.48,24.8
74000,23.48,24.8
74100,23.48,24.8
74200,23.48,24.8
74300,23.48,24.8
74400,23.48,24.8
74500,23.48,24.8
74600,23.48,24.8
74700,23.48,24.8
74800,23.48,24.8
74900,23.48,24.8
75000,23.48,24.8
75100,23.48,24.8
75200,23.48,24.8
75300,23.48,24.8
75400,23.48,24.8
75500,23.48,24.8
75600,23.48,24.8
75700,23.48,24.8
75800,23.48,24.8
75900,23.48,24.8
76000,23.48,24.8
76100,23.48,24.8
76200,23.48,24.8
76300,23.48,24.8
76400,23.48,24.8
76500,23.48,24.8
76600,23.48,24.8
76700,23.48,24.8
76800,23.48,24.8
76900,23.344,24.6
77000,23.344,24.6
77100,23.344,24.6
77200,23.344,24.6
77300,23.344,24.6
77400,23.344,24.6
77500,23.344,24.6
77600,23.344,24.6
77700,23.344,24.6
77800,23.344,24.6
77900,23.344,24.6
78000,23.344,24.6
78100,23.344,24.6
78200,23.344,24.6
78300,23.344,24.6
78400,23.344,24.6
78500,23.344,24.6
78600,23.344,24.6
78700,23.344,24.6
78800,23.344,24.6
78900,23.344,24.6
79000,23.344,24.6
79100,23.344,24.6
79200,23.344,24.6
79300,23.344,24.6
79400,23.344,24.6
79500,23.344,24.6
79600,23.344,24.6
79700,23.344,24.6
79800,23.344,24.6
79900,23.344,24.6
80000,23.344,24.6
80100,23.344,24.6
80200,23.344,24.6
80300,23.344,24.6
80400,23.344,24.6
80500,23.344,24.6
80600,23.344,24.6
80700,23.344,24.6
80800,23.344,24.6
80900,23.344,24.6
81000,23.344,24.6
81100,23.344,24.6
81200,23.344,24.6
81300,23.344,24.6
81400,23.344,24.6
81500,23.344,24.6
81600,23.344,24.6
81700,23.344,24.6
81800,23.344,24.6
81900,23.344,24.6
82000,23.344,24.6
82100,23.344,24.6
82200,23.344,24.6
82300,23.344,24.6
82400,23.344,24.6
82500,23.344,24.6
82600,23.296000000000003,24.8
82700,23.296000000000003,24.8
82800,23.296000000000003,24.8
82900,23.296000000000003,24.8
83000,23.296000000000003,24.8
83100,23.296000000000003,24.8
83200,23.296000000000003,24.8
83300,23.296000000000003,24.8
83400,23.296000000000003,24.8
83500,23.296000000000003,24.8
83600,23.296000000000003,24.8
83700,23.296000000000003,24.8
83800,23.296000000000003,24.8
83900,23.296000000000003,24.8
84000,23.296000000000003,24.8
84100,23.296000000000003,24.8
84200,23.296000000000003,24.8
84300,23.296000000000003,24.8
84400,23.296000000000003,24.8
84500,23.296000000000003,24.8
84600,23.296000000000003,24.8
84700,23.296000000000003,24.8
84800,23.296000000000003,24.8
84900,23.296000000000003,24.8
85000,23.296000000000003,24.8
85100,23.296000000000003,24.8
85200,23.296000000000003,24.8
85300,23.296000000000003,24.8
85400,23.296000000000003,24.8
85500,23.296000000000003,24.8
85600,23.296000000000003,24.8
85700,23.296000000000003,24.8
85800,23.296000000000003,24.8
85900,23.296000000000003,24.8
86000,23.296000000000003,24.8
86100,23.296000000000003,24.8
86200,23.296000000000003,24.8
86300,23.296000000000003,24.8
86400,23.296000000000003,24.8
86500,23.296000000000003,24.8
86600,23.296000000000003,24.8
86700,23.296000000000003,24.8
86800,23.296000000000003,24.8
86900,23.296000000000003,24.8
87000,23.296000000000003,24.8
87100,23.296000000000003,24.8
87200,23.296000000000003,24.8
87300,23.296000000000003,24.8
87400,23.296000000000003,24.8
87500,23.296000000000003,24.8
87600,23.296000000000003,24.8
87700,23.296000000000003,24.8
87800,23.296000000000003,24.8
87900,23.296000000000003,24.8
88000,23.296000000000003,24.8
88100,23.296000000000003,24.8
88200,23.296000000000003,24.8
88300,23.296000000000003,24.8
88400,23.296000000000003,24.8
88500,23.296000000000003,24.8
88600,23.296000000000003,24.8
88700,23.296000000000003,24.8
88800,23.080000000000002,24.8
88900,23.080000000000002,24.8
89000,23.080000000000002,24.8
89100,23.080000000000002,24.8
89200,23.056,24.8
89300,23.056,24.8
89400,23.056,24.8
89500,23.056,24.8
89600,23.056,24.8
89700,23.056,24.8
89800,23.056,24.8
89900,23.056,24.8
90000,23.056,24.8
90100,23.056,24.8
90200,23.056,24.8
90300,23.056,24.8
90400,23.056,24.8
90500,23.056,24.8
90600,23.056,24.8
90700,23.056,24.8
90800,23.056,24.8
90900,23.056,24.8
91000,23.056,24.8
91100,23.056,24.8
91200,23.056,24.8
91300,23.056,24.8
91400,23.056,24.8
91500,23.056,24.8
91600,23.056,24.8
91700,23.056,24.8
91800,23.056,24.8
91900,23.056,24.8
92000,23.056,24.8
92100,23.056,24.8
92200,23.056,24.8
92300,23.056,24.8
92400,23.056,24.8
92500,23.056,24.8
92600,23.056,24.8
92700,23.056,24.8
92800,23.056,24.8
92900,23.056,24.8
93000,23.056,24.8
93100,23.056,24.8
93200,23.056,24.8
93300,23.056,24.8
93400,23.056,24.8
93500,23.056,24.8
93600,23.056,24.8
93700,23.056,24.8
93800,23.056,24.8
93900,23.056,24.8
94000,23.056,24.8
94100,23.056,24.8
94200,23.056,24.8
94300,23.056,24.8
94400,23.056,24.8
94500,23.056,24.8
94600,23.056,24.8
94700,23.056,24.8
94800,23.056,24.8
94900,23.056,24.8
95000,23.056,24.8
95100,23.056,24.8
95200,23.056,24.8
95300,23.056,24.8
95400,23.056,24.8
95500,23.056,24.8
95600,23.056,24.8
95700,23.056,24.8
95800,23.056,24.8
95900,23.056,24.8
96000,23.056,24.8
96100,23.056,24.8
96200,23.056,24.8
96300,23.056,24.8
96400,23.056,24.8
96500,23.056,24.8
96600,23.056,24.8
96700,23.056,24.8
96800,23.056,24.8
96900,23.056,24.8
97000,23.056,24.8
97100,23.056,24.8
97200,23.056,24.8
97300,23.056,24.8
97400,23.056,24.8
97500,23.056,24.8
97600,23.056,24.8
97700,23.056,24.8
97800,23.056,24.8
97900,23.056,24.8
98000,23.056,24.8
98100,23.056,24.8
98200,23.056,24.8
98300,23.056,24.8
98400,23.056,24.8
98500,23.056,24.8
98600,23.056,24.8
98700,23.056,24.8
98800,23.056,24.8
98900,23.056,24.8
99000,23.056,24.8
99100,22.64,24.8
99200,22.64,24.8
99300,22.64,24.8
99400,22.64,24.8
99500,22.64,24.8
99600,22.64,24.8
99700,22.64,24.8
99800,22.64,24.8
99900,22.64,24.8
100000,22.64,24.8
100100,22.64,24.8
100200,22.64,24.8
100300,22.64,24.8
100400,22.64,24.8
100500,22.64,24.8
100600,22.64,24.8
100700,22.64,24.8
100800,22.64,24.8
100900,22.64,24.8
101000,22.64,24.8
101100,22.64,24.8
101200,22.64,24.8
101300,22.64,24.8
101400,22.64,24.8
101500,22.64,24.8
101600,22.64,24.8
101700,22.64,24.8
101800,22.64,24.8
101900,22.64,24.8
102000,22.64,24.8
102100,22.64,24.8
102200,22.64,24.8
102300,22.64,24.8
102400,22.64,24.8
102500,22.64,24.8
102600,22.64,24.8
102700,22.64,24.8
102800,22.64,24.8
102900,22.64,24.8
103000,22.64,24.8
103100,22.64,24.8
103200,22.64,24.8
103300,22.64,24.8
103400,22.64,24.8
103500,22.512,24.8
103600,22.407999999999998,24.8
103700,22.407999999999998,24.8
103800,22.407999999999998,24.8
103900,22.407999999999998,24.8
104000,22.407999999999998,24.8
104100,22.407999999999998,24.8
104200,22.407999999999998,24.8
104300,22.407999999999998,24.8
104400,22.407999999999998,24.8
104500,22.407999999999998,24.8
104600,22.407999999999998,24.8
104700,22.407999999999998,24.8
104800,22.407999999999998,24.8
104900,22.407999999999998,24.8
105000,22.407999999999998,24.8
105100,22.407999999999998,24.8
105200,22.407999999999998,24.8
105300,22.407999999999998,24.8
105400,22.407999999999998,24.8
105500,22.407999999999998,24.8
105600,22.407999999999998,24.8
105700,22.407999999999998,24.8
105800,22.407999999999998,24.8
105900,22.407999999999998,24.8
106000,22.407999999999998,24.8
106100,22.407999999999998,24.8
106200,22.407999999999998,24.8
106300,22.407999999999998,24.8
106400,22.407999999999998,24.8
106500,22.407999999999998,24.8
106600,22.407999999999998,24.8
106700,22.407999999999998,24.8
106800,22.407999999999998,24.8
106900,22.407999999999998,24.8
107000,22.407999999999998,24.8
107100,22.407999999999998,24.8
107200,22.407999999999998,24.8
107300,22.407999999999998,24.8
107400,22.407999999999998,24.8
107500,22.407999999999998,24.8
107600,22.407999999999998,24.8
107700,22.407999999999998,24.8
107800,22.407999999999998,24.8
107900,22.407999999999998,24.8
108000,22.407999999999998,24.8
108100,22.407999999999998,24.8
108200,22.407999999999998,24.8
108300,22.407999999999998,24.8
108400,22.407999999999998,24.8
108500,22.407999999999998,24.8
108600,22.407999999999998,24.8
108700,22.407999999999998,24.8
108800,22.407999999999998,24.8
108900,22.407999999999998,24.8
109000,22.407999999999998,24.8
109100,22.407999999999998,24.8
109200,22.407999999999998,24.8
109300,22.407999999999998,24.8
109400,22.407999999999998,24.8
109500,22.407999999999998,24.8
109600,22.407999999999998,24.8
109700,22.407999999999998,24.8
109800,22.407999999999998,24.8
109900,22.407999999999998,24.8
110000,22.407999999999998,24.8
110100,22.407999999999998,24.8
110200,22.407999999999998,24.8
110300,22.407999999999998,24.8
110400,22.407999999999998,24.8
110500,22.407999999999998,24.8
110600,22.407999999999998,24.8
110700,22.407999999999998,24.8
110800,22.407999999999998,24.8
110900,22.407999999999998,24.8
111000,22.407999999999998,24.8
111100,22.407999999999998,24.8
111200,22.407999999999998,24.8
111300,22.407999999999998,24.8
111400,22.407999999999998,24.8
111500,22.407999999999998,24.8
111600,22.407999999999998,24.8
111700,22.407999999999998,24.8
111800,22.407999999999998,24.8
111900,22.407999999999998,24.8
112000,22.407999999999998,24.8
112100,22.407999999999998,24.8
112200,22.407999999999998,24.8
112300,22.407999999999998,24.8
112400,22.407999999999998,24.8
112500,22.407999999999998,24.8
112600,22.407999999999998,24.8
112700,22.407999999999998,24.8
112800,22.407999999999998,24.8
112900,22.407999999999998,24.8
113000,22.407999999999998,24.8
113100,22.407999999999998,24.8
113200,22.407999999999998,24.8
113300,22.407999999999998,24.8
113400,22.407999999999998,24.8
113500,22.407999999999998,24.8
113600,22.407999999999998,24.8
113700,22.407999999999998,24.8
113800,22.407999999999998,24.8
113900,22.407999999999998,24.8
114000,22.407999999999998,24.8
114100,22.407999999999998,24.8
114200,22.407999999999998,24.8
114300,22.407999999999998,24.8
114400,22.407999999999998,24.8
114500,22.407999999999998,24.8
114600,22.407999999999998,24.8
114700,22.407999999999998,24.8
114800,22.407999999999998,24.8
114900,22.407999999999998,24.8
115000,22.407999999999998,24.8
115100,22.407999999999998,24.8
115200,22.407999999999998,24.8
115300,22.407999999999998,24.8
115400,22.407999999999998,24.8
115500,22.407999999999998,24.8
115600,22.407999999999998,24.8
115700,22.407999999999998,24.8
115800,22.407999999999998,24.8
115900,22.407999999999998,24.8
116000,22.407999999999998,24.8
116100,22.407999999999998,24.8
116200,22.407999999999998,24.8
116300,22.407999999999998,24.8
116400,22.407999999999998,24.8
116500,22.407999999999998,24.8
116600,22.407999999999998,24.8
116700,22.407999999999998,24.8
116800,22.407999999999998,24.8
116900,22.407999999999998,24.8
117000,22.407999999999998,24.8
117100,22.407999999999998,24.8
117200,22.407999999999998,24.8
117300,22.407999999999998,24.8
117400,22.407999999999998,24.8
117500,22.407999999999998,24.8
117600,22.407999999999998,24.8
117700,22.407999999999998,24.8
117800,22.407999999999998,24.8
117900,22.407999999999998,24.8
118000,22.407999999999998,24.8
118100,22.407999999999998,24.8
118200,22.407999999999998,24.8
118300,22.407999999999998,24.8
118400,22.407999999999998,24.8
118500,22.407999999999998,24.8
118600,22.407999999999998,24.8
118700,22.407999999999998,24.8
118800,22.407999999999998,24.8
118900,22.407999999999998,24.8
119000,22.407999999999998,24.8
119100,22.407999999999998,24.8
119200,22.407999999999998,24.8
119300,22.407999999999998,24.8
119400,22.328000000000003,24.8
119500,22.328000000000003,24.8
119600,22.328000000000003,24.8
119700,22.328000000000003,24.8
119800,22.328000000000003,24.8
119900,22.328000000000003,24.8
120000,22.328000000000003,24.8
120100,22.328000000000003,24.8
120200,22.328000000000003,24.8
120300,22.328000000000003,24.8
120400,22.328000000000003,24.8
120500,22.328000000000003,24.8
120600,22.328000000000003,24.8
120700,22.328000000000003,24.8
120800,22.328000000000003,24.8
120900,22.328000000000003,24.8
121000,22.328000000000003,24.8
121100,22.328000000000003,24.8
121200,22.328000000000003,24.8
121300,22.328000000000003,24.8
121400,22.328000000000003,24.8
121500,22.328000000000003,24.8
121600,22.328000000000003,24.8
121700,22.328000000000003,24.8
121800,22.328000000000003,24.8
121900,22.328000000000003,24.8
122000,22.328000000000003,24.8
122100,22.328000000000003,24.8
122200,22.328000000000003,24.8
122300,22.328000000000003,24.8
122400,22.328000000000003,24.8
122500,22.328000000000003,24.8
122600,22.328000000000003,24.8
122700,22.328000000000003,24.8
122800,22.328000000000003,24.8
122900,22.328000000000003,24.8
123000,22.328000000000003,24.8
123100,22.328000000000003,24.8
123200,22.328000000000003,24.8
123300,22.328000000000003,24.8
123400,22.328000000000003,24.8
123500,22.328000000000003,24.8
123600,22.328000000000003,24.8
123700,22.328000000000003,24.8
123800,22.328000000000003,24.8
123900,22.328000000000003,24.8
124000,22.328000000000003,24.8
124100,22.328000000000003,24.8
124200,22.328000000000003,24.8
124300,22.328000000000003,24.8
124400,22.328000000000003,24.8
124500,22.328000000000003,24.8
124600,22.328000000000003,24.8
124700,22.328000000000003,24.8
124800,22.328000000000003,24.8
124900,22.08,24.8
125000,22.08,24.8
125100,22.08,24.8
125200,22.08,24.8
125300,22.08,24.8
125400,22.08,24.8
125500,22.08,24.8
125600,22.08,24.8
125700,22.08,24.8
125800,22.08,24.8
125900,22.08,24.8
126000,22.08,24.8
126100,22.08,24.8
126200,22.08,24.8
126300,22.08,24.8
126400,22.08,24.8
126500,22.08,24.8
126600,22.08,24.8
126700,22.08,24.8
126800,22.08,24.8
126900,22.08,24.8
127000,22.08,24.8
127100,22.08,24.8
127200,22.08,24.8
127300,22.08,24.8
127400,22.08,24.8
127500,22.08,24.8
127600,22.08,24.8
127700,22.08,24.8
127800,22.08,24.8
127900,22.08,24.8
128000,22.08,24.8
128100,22.08,24.8
128200,22.08,24.8
128300,22.08,24.8
128400,22.08,24.8
128500,22.08,24.8
128600,22.08,24.8
128700,22.08,24.8
128800,21.784,24.8
128900,21.784,24.8
129000,21.784,24.8
129100,21.784,24.8
129200,21.784,24.8
129300,21.784,24.8
129400,21.784,24.8
129500,21.784,24.8
129600,21.784,24.8
129700,21.784,24.8
129800,21.784,24.8
129900,21.784,24.8
130000,21.784,24.8
130100,21.784,24.8
130200,21.784,24.8
130300,21.784,24.8
130400,21.712,24.8
130500,21.712,24.8
130600,21.712,24.8
130700,21.712,24.8
130800,21.712,24.8
130900,21.712,24.8
131000,21.712,24.8
131100,21.712,24.8
131200,21.712,24.8
131300,21.712,24.8
131400,21.712,24.8
131500,21.712,24.8
131600,21.712,24.8
131700,21.712,24.8
131800,21.712,24.8
131900,21.712,24.8
132000,21.712,24.8
132100,21.712,24.8
132200,21.712,24.8
132300,21.712,24.8
132400,21.712,24.8
132500,21.712,24.8
132600,21.712,24.8
132700,21.712,24.8
132800,21.712,24.8
132900,21.712,24.8
133000,21.712,24.8
133100,21.712,24.8
133200,21.712,24.8
133300,21.712,24.8
133400,21.712,24.8
133500,21.712,24.8
133600,21.712,24.8
133700,21.712,24.8
133800,21.712,24.8
133900,21.712,24.8
134000,21.712,24.8
134100,21.712,24.8
134200,21.712,24.8
134300,21.712,24.8
134400,21.712,24.8
134500,21.712,24.8
134600,21.712,24.8
134700,21.712,24.8
134800,21.712,24.8
134900,21.712,24.8
135000,21.712,24.8
135100,21.712,24.8
135200,21.712,24.8
135300,21.712,24.8
135400,21.712,24.8
135500,21.712,24.8
135600,21.712,24.8
135700,21.712,24.8
135800,21.712,24.8
135900,21.712,24.8
136000,21.712,24.8
136100,21.712,24.8
136200,21.712,24.8
136300,21.712,24.8
136400,21.712,24.8
136500,21.712,24.8
136600,21.712,24.8
136700,21.712,24.8
136800,21.712,24.8
136900,21.712,24.8
137000,21.712,24.8
137100,21.712,24.8
137200,21.712,24.8
137300,21.712,24.8
137400,21.712,24.8
137500,21.712,24.8
137600,21.712,24.8
137700,21.712,24.8
137800,21.712,24.8
137900,21.712,24.8
138000,21.712,24.8
138100,21.712,24.8
138200,21.712,24.8
138300,21.712,24.8
138400,21.712,24.8
138500,21.712,24.8
138600,21.712,24.8
138700,21.712,24.8
138800,21.712,24.8
138900,21.712,24.8
139000,21.712,24.8
139100,21.712,24.8
139200,21.712,24.8
139300,21.712,24.8
139400,21.712,24.8
139500,21.712,24.8
139600,21.712,24.8
139700,21.712,24.8
139800,21.712,24.8
139900,21.712,24.8
140000,21.712,24.8
140100,21.712,24.8
140200,21.712,24.8
140300,21.712,24.8
140400,21.712,24.8
140500,21.712,24.8
140600,21.712,24.8
140700,21.712,24.8
140800,21.712,24.8
140900,21.712,24.8
141000,21.712,24.8
141100,21.712,24.8
141200,21.712,24.8
141300,21.712,24.8
141400,21.712,24.8
141500,21.712,24.8
141600,21.712,24.8
141700,21.712,24.8
141800,21.712,24.8
141900,21.712,24.8
142000,21.712,24.8
142100,21.712,24.8
142200,21.712,24.8
142300,21.712,24.8
142400,21.712,24.8
142500,21.712,24.8
142600,21.712,24.8
142700,21.712,24.8
142800,21.712,24.8
142900,21.712,24.8
143000,21.712,24.8
143100,21.712,24.8
143200,21.712,24.8
143300,21.712,24.8
143400,21.712,24.8
143500,21.712,24.8
143600,21.712,24.8
143700,21.712,24.8
143800,21.712,24.8
143900,21.712,24.8
144000,21.712,24.8
144100,21.712,24.8
144200,21.712,24.8
144300,21.712,24.8
144400,21.712,24.8
144500,21.712,24.8
144600,21.712,24.8
144700,21.712,24.8
144800,21.712,24.8
144900,21.712,24.8
145000,21.712,24.8
145100,21.712,24.8
145200,21.712,24.8
145300,21.712,24.8
145400,21.712,24.8
145500,21.712,24.8
145600,21.712,24.8
145700,21.712,24.8
145800,21.712,24.8
145900,21.712,24.8
146000,21.712,24.8
146100,21.712,24.8
146200,21.712,24.8
146300,21.712,24.8
146400,21.712,24.8
146500,21.712,24.8
146600,21.712,24.8
146700,21.712,24.8
146800,21.712,24.8
146900,21.712,24.8
147000,21.712,24.8
147100,21.712,24.8
147200,21.712,24.8
147300,21.712,24.8
147400,21.712,24.8
147500,21.712,24.8
147600,21.712,24.8
147700,21.712,24.8
147800,21.712,24.8
147900,21.712,24.8
148000,21.712,24.8
148100,21.712,24.8
148200,21.712,24.8
148300,21.712,24.8
148400,21.712,24.8
148500,21.712,24.8
148600,21.712,24.8
148700,21.712,24.8
148800,21.712,24.8
148900,21.712,24.8
149000,21.712,24.8
149100,21.712,24.8
149200,21.712,24.8
149300,21.712,24.8
149400,21.712,24.8
149500,21.712,24.8
149600,21.712,24.8
149700,21.712,24.8
149800,21.712,24.8
149900,21.712,24.8
150000,21.712,24.8
150100,21.712,24.8
150200,21.712,24.8
150300,21.712,24.8
150400,21.712,24.8
150500,21.712,24.8
150600,21.712,24.8
150700,21.712,24.8
150800,21.712,24.8
150900,21.712,24.8
151000,21.712,24.8
151100,21.712,24.8
151200,21.712,24.8
151300,21.712,24.8
151400,21.712,24.8
151500,21.712,24.8
151600,21.712,24.8
151700,21.712,24.8
151800,21.712,24.8
151900,21.712,24.8
152000,21.712,24.8
152100,21.712,24.8
152200,21.712,24.8
152300,21.712,24.8
152400,21.712,24.8
152500,21.712,24.8
152600,21.712,24.8
152700,21.712,24.8
152800,21.712,24.8
152900,21.712,24.8
153000,21.712,24.8
153100,21.712,24.8
153200,21.712,24.8
153300,21.712,24.8
153400,21.712,24.8
153500,21.712,24.8
153600,21.712,24.8
153700,21.712,24.8
153800,21.712,24.8
153900,21.712,24.8
154000,21.712,24.8
154100,21.712,24.8
154200,21.712,24.8
154300,21.712,24.8
154400,21.712,24.8
154500,21.712,24.8
154600,21.712,24.8
154700,21.712,24.8
154800,21.712,24.8
154900,21.712,24.8
155000,21.712,24.8
155100,21.712,24.8
155200,21.712,24.8
155300,21.712,24.8
155400,21.712,24.8
155500,21.712,24.8
155600,21.712,24.8
155700,21.712,24.8
155800,21.712,24.8
155900,21.712,24.8
156000,21.712,24.8
156100,21.712,24.8
156200,21.712,24.8
156300,21.712,24.8
156400,21.712,24.8
156500,21.712,24.8
156600,21.712,24.8
156700,21.712,24.8
156800,21.712,24.8
156900,21.712,24.8
157000,21.712,24.8
157100,21.712,24.8
157200,21.712,24.8
157300,21.712,24.8
157400,21.712,24.8
157500,21.712,24.8
157600,21.712,24.8
157700,21.712,24.8
157800,21.712,24.8
157900,21.712,24.8
158000,21.712,24.8
158100,21.712,24.8
158200,21.712,24.8
158300,21.712,24.8
158400,21.712,24.8
158500,21.712,24.8
158600,21.712,24.8
158700,21.712,24.8
158800,21.712,24.8
158900,21.712,24.8
159000,21.712,24.8
159100,21.712,24.8
159200,21.712,24.8
159300,21.712,24.8
159400,21.712,24.8
159500,21.712,24.8
159600,21.712,24.8
159700,21.712,24.8
159800,21.712,24.8
159900,21.712,24.8
160000,21.712,24.8
160100,21.712,24.8
160200,21.712,24.8
160300,21.712,24.8
160400,21.712,24.8
160500,21.712,24.8
160600,21.712,24.8
160700,21.712,24.8
160800,21.712,24.8
160900,21.712,24.8
161000,21.712,24.8
161100,21.712,24.8
161200,21.712,24.8
161300,21.712,24.8
161400,21.712,24.8
161500,21.712,24.8
161600,21.712,24.8
161700,21.712,24.8
161800,21.712,24.8
161900,21.712,24.8
162000,21.712,24.8
162100,21.712,24.8
162200,21.712,24.8
162300,21.712,24.8
162400,21.712,24.8
162500,21.712,24.8
162600,21.712,24.8
162700,21.712,24.8
162800,21.712,24.8
162900,21.712,24.8
163000,21.712,24.8
163100,21.712,24.8
163200,21.712,24.8
163300,21.712,24.8
163400,21.712,24.8
163500,21.712,24.8
163600,21.712,24.8
163700,21.712,24.8
163800,21.712,24.8
163900,21.712,24.8
164000,21.712,24.8
164100,21.712,24.8
164200,21.712,24.8
164300,21.712,24.8
164400,21.712,24.8
164500,21.712,24.8
164600,21.712,24.8
164700,21.712,24.8
164800,21.712,24.8
164900,21.712,24.8
165000,21.712,24.8
165100,21.712,24.8
165200,21.712,24.8
165300,21.712,24.8
165400,21.712,24.8
165500,21.712,24.8
165600,21.712,24.8
165700,21.712,24.8
165800,21.712,24.8
165900,21.712,24.8
166000,21.712,24.8
166100,21.712,24.8
166200,21.712,24.8
166300,21.712,24.8
166400,21.712,24.8
166500,21.712,24.8
166600,21.712,24.8
166700,21.712,24.8
166800,21.712,24.8
166900,21.712,24.8
167000,21.712,24.8
167100,21.712,24.8
167200,21.712,24.8
167300,21.712,24.8
167400,21.712,24.8
167500,21.712,24.8
167600,21.712,24.8
167700,21.712,24.8
167800,21.712,24.8
167900,21.712,24.8
168000,21.712,24.8
168100,21.712,24.8
168200,21.712,24.8
168300,21.712,24.8
168400,21.712,24.8
168500,21.712,24.8
168600,21.712,24.8
168700,21.712,24.8
168800,21.712,24.8
168900,21.712,24.8
169000,21.712,24.8
169100,21.712,24.8
169200,21.712,24.8
169300,21.712,24.8
169400,21.712,24.8
169500,21.712,24.8
169600,21.712,24.8
169700,21.712,24.8
169800,21.712,24.8
169900,21.712,24.8
170000,21.712,24.8
170100,21.712,24.8
170200,21.712,24.8
170300,21.712,24.8
170400,21.712,24.8
170500,21.712,24.8
170600,21.712,24.8
170700,21.712,24.8
170800,21.712,24.8
170900,21.712,24.8
171000,21.712,24.8
171100,21.712,24.8
171200,21.712,24.8
171300,21.712,24.8
171400,21.712,24.8
171500,21.712,24.8
171600,21.712,24.8
171700,21.712,24.8
171800,21.712,24.8
171900,21.712,24.8
172000,21.712,24.8
172100,21.712,24.8
172200,21.712,24.8
172300,21.712,24.8
172400,21.712,24.8
172500,21.712,24.8
172600,21.712,24.8
172700,21.712,24.8
172800,21.712,24.8
172900,21.712,24.8
173000,21.712,24.8
173100,21.712,24.8
173200,21.712,24.8
173300,21.712,24.8
173400,21.712,24.8
173500,21.712,24.8
173600,21.712,24.8
173700,21.712,24.8
173800,21.712,24.8
173900,21.712,24.8
174000,21.712,24.8
174100,21.712,24.8
174200,21.712,24.8
174300,21.712,24.8
174400,21.712,24.8
174500,21.712,24.8
174600,21.712,24.8
174700,21.712,24.8
174800,21.712,24.8
174900,21.712,24.8
175000,21.712,24.8
175100,21.712,24.8
175200,21.712,24.8
175300,21.712,24.8
175400,21.712,24.8
175500,21.712,24.8
175600,21.712,24.8
175700,21.712,24.8
175800,21.712,24.8
175900,21.712,24.8
176000,21.712,24.8
176100,21.712,24.8
176200,21.712,24.8
176300,21.712,24.8
176400,21.712,24.8
176500,21.712,24.8
176600,21.712,24.8
176700,21.712,24.8
176800,21.712,24.8
176900,21.712,24.8
177000,21.712,24.8
177100,21.656,24.8
177200,21.656,24.8
177300,21.656,24.8
177400,21.656,24.8
177500,21.656,24.8
177600,21.656,24.8
177700,21.656,24.8
177800,21.656,24.8
177900,21.656,24.8
178000,21.656,24.8
178100,21.656,24.8
178200,21.656,24.8
178300,21.656,24.8
178400,21.656,24.8
178500,21.656,24.8
178600,21.656,24.8
178700,21.656,24.8
178800,21.656,24.8
178900,21.656,24.8
179000,21.656,24.8
179100,21.656,24.8
179200,21.656,24.8
179300,21.656,24.8
179400,21.656,24.8
179500,21.656,24.8
179600,21.656,24.8
179700,21.656,24.8
179800,21.656,24.8
179900,21.656,24.8
180000,21.656,24.8
180100,21.656,24.8
180200,21.656,24.8
180300,21.656,24.8
180400,21.656,24.8
180500,21.656,24.8
180600,21.656,24.8
180700,21.656,24.8
180800,21.656,24.8
180900,21.656,24.8
181000,21.656,24.8
181100,21.656,24.8
181200,21.656,24.8
181300,21.656,24.8
181400,21.656,24.8
181500,21.656,24.8
181600,21.656,24.8
181700,21.656,24.8
181800,21.656,24.8
181900,21.656,24.8
182000,21.656,24.8
182100,21.656,24.8
182200,21.656,24.8
182300,21.656,24.8
182400,21.656,24.8
182500,21.656,24.8
182600,21.656,24.8
182700,21.656,24.8
182800,21.656,24.8
182900,21.656,24.8
183000,21.656,24.8
183100,21.656,24.8
183200,21.656,24.8
183300,21.656,24.8
183400,21.656,24.8
183500,21.656,24.8
183600,21.656,24.8
183700,21.656,24.8
183800,21.656,24.8
183900,21.656,24.8
184000,21.656,24.8
184100,21.656,24.8
184200,21.656,24.8
184300,21.656,24.8
184400,21.656,24.8
184500,21.656,24.8
184600,21.656,24.8
184700,21.656,24.8
184800,21.656,24.8
184900,21.656,24.8
185000,21.656,24.8
185100,21.656,24.8
185200,21.656,24.8
185300,21.656,24.8
185400,21.656,24.8
185500,21.656,24.8
185600,21.656,24.8
185700,21.656,24.8
185800,21.656,24.8
185900,21.656,24.8
186000,21.656,24.8
186100,21.656,24.8
186200,21.656,24.8
186300,21.656,24.8
186400,21.656,24.8
186500,21.656,24.8
186600,21.656,24.8
186700,21.656,24.8
186800,21.656,24.8
186900,21.656,24.8
187000,21.656,24.8
187100,21.656,24.8
187200,21.656,24.8
187300,21.656,24.8
187400,21.656,24.8
187500,21.656,24.8
187600,21.656,24.8
187700,21.656,24.8
187800,21.656,24.8
187900,21.656,24.8
188000,21.656,24.8
188100,21.656,24.8
188200,21.656,24.8
188300,21.656,24.8
188400,21.656,24.8
188500,21.656,24.8
188600,21.656,24.8
188700,21.656,24.8
188800,21.656,24.8
188900,21.656,24.8
189000,21.656,24.8
189100,21.656,24.8
189200,21.656,24.8
189300,21.656,24.8
189400,21.656,24.8
189500,21.656,24.8
189600,21.656,24.8
189700,21.656,24.8
189800,21.656,24.8
189900,21.656,24.8
190000,21.656,24.8
190100,21.656,24.8
190200,21.656,24.8
190300,21.656,24.8
190400,21.656,24.8
190500,21.656,24.8
190600,21.656,24.8
190700,21.656,24.8
190800,21.488,24.8
190900,21.488,24.8
191000,21.488,24.8
191100,21.488,24.8
191200,21.488,24.8
191300,21.488,24.8
191400,21.488,24.8
191500,21.488,24.8
191600,21.488,24.8
191700,21.488,24.8
191800,21.488,24.8
191900,21.488,24.8
192000,21.392000000000003,24.8
192100,21.392000000000003,24.8
192200,21.392000000000003,24.8
192300,21.392000000000003,24.8
192400,21.392000000000003,24.8
192500,21.392000000000003,24.8
192600,21.392000000000003,24.8
192700,21.392000000000003,24.8
192800,21.392000000000003,24.8
192900,21.392000000000003,24.8
193000,21.392000000000003,24.8
193100,21.392000000000003,24.8
193200,21.392000000000003,24.8
193300,21.392000000000003,24.8
193400,21.392000000000003,24.8
193500,21.392000000000003,24.8
193600,21.392000000000003,24.8
193700,21.392000000000003,24.8
193800,21.392000000000003,24.8
193900,21.392000000000003,24.8
194000,21.392000000000003,24.8
194100,21.392000000000003,24.8
194200,21.392000000000003,24.8
194300,21.392000000000003,24.8
194400,21.392000000000003,24.8
194500,21.392000000000003,24.8
194600,21.392000000000003,24.8
194700,21.392000000000003,24.8
194800,21.392000000000003,24.8
194900,21.392000000000003,24.8
195000,21.392000000000003,24.8
195100,21.392000000000003,24.8
195200,21.392000000000003,24.8
195300,21.392000000000003,24.8
195400,21.392000000000003,24.8
195500,21.392000000000003,24.8
195600,21.392000000000003,24.8
195700,21.392000000000003,24.8
195800,21.392000000000003,24.8
195900,21.392000000000003,24.8
196000,21.392000000000003,24.8
196100,21.392000000000003,24.8
196200,21.392000000000003,24.8
196300,21.392000000000003,24.8
196400,21.392000000000003,24.8
196500,21.392000000000003,24.8
196600,21.392000000000003,24.8
196700,21.392000000000003,24.8
196800,21.392000000000003,24.8
196900,21.392000000000003,24.8
197000,21.392000000000003,24.8
197100,21.392000000000003,24.8
197200,21.392000000000003,24.8
197300,21.392000000000003,24.8
197400,21.392000000000003,24.8
197500,21.392000000000003,24.8
197600,21.392000000000003,24.8
197700,21.392000000000003,24.8
197800,21.392000000000003,24.8
197900,21.392000000000003,24.8
198000,21.392000000000003,24.8
198100,21.392000000000003,24.8
198200,21.392000000000003,24.8
198300,21.392000000000003,24.8
198400,21.392000000000003,24.8
198500,21.392000000000003,24.8
198600,21.392000000000003,24.8
198700,21.392000000000003,24.8
198800,21.392000000000003,24.8
198900,21.392000000000003,24.8
199000,21.392000000000003,24.8
199100,21.392000000000003,24.8
199200,21.392000000000003,24.8
199300,21.392000000000003,24.8
199400,21.392000000000003,24.8
199500,21.392000000000003,24.8
199600,21.392000000000003,24.8
199700,21.392000000000003,24.8
199800,21.392000000000003,24.8
199900,21.392000000000003,24.8
199999,21.392000000000003,24.8

START ALGORITHM
h1: (-a32) * (b41 + b54 + b51 + b44 - b21 - b55 - b31)
h3: (-a52) * (b35)
h5: (a32) * (b41 + b43 + b55 - b13 - b44 - b11 - b24 - b31 - b21 - b53)
h15: (-a14 - a45) * (b32 - b44 - b43 - b54 - b25)
h22: (-a23) * (b43 + b51)
h25: (-a32) * (b21 + b43 - b45 - b32 - b15)
h30: (-a44) * (b54 + b21 + b51 + b54 - b15)
h38: (a53) * (b45)
h39: (a54 - a42) * (b14 + b55 + b13 + b35 + b44 + b44 + b23 + b25 + b24 + b31 + b11 + b42 + b43 + b21 + b15 + b31 + b12 - b35 - b53 - b44 - b41 - b53 - b13 - b45 - b41 - b33)
h40: (a25 - a52 - a45) * (-b55 - b43)
h49: (a45 - a53) * (b43 - b13)
h50: (a25) * (b11 + b45 + b12 - b35 - b13 - b44 - b31)
h62: (a31 - a42) * (-b33)
h64: (a41 + a23) * (b11 + b14)
h70: (-a32 - a54) * (b32 + b22)
h75: (a11 + a32) * (-b32)
h81: (a43 - a15) * (b11 + b54)
h87: (a51) * (b13 + b54 - b33)
h98: (-a55) * (b52 + b23)
h103: (a45 - a55) * (b52 + b43 + b25 + b51 - b11 - b41)
h112: (a54 + a22 - a44 - a42) * (b51 + b23 + b12 + b53 + b33 + b32 + b32 - b13 - b15 - b55 - b32 - b44 - b43 - b44 - b12 - b11 - b13 - b24 - b23 - b15)
h117: (a52) * (b52 + b43 + b13 + b53 - b13 - b42 - b44 - b51 - b54 - b15 - b33 - b32)
h120: (a14) * (b33 - b44 - b15 - b24)
h121: (a21 + a15 - a53) * (b45 - b32)
h123: (a55 + a32 - a24) * (b44 + b12 - b42 - b45 - b13 - b54 - b33)
h129: (a22) * (b34 - b31)
h140: (a12) * (b34 + b34 + b53 + b43 - b45 - b43)
h143: (a52) * (b13 + b22 + b22 + b33 + b33 + b15)
h156: (-a22) * (b51 + b13 + b15 + b45 + b23 + b31 - b32 - b21)
h173: (a32 + a43 - a44 - a11) * (b34 + b14 + b24 + b31 + b12 + b24 + b24 + b23 + b21 + b13 + b41 + b54 - b12 - b54 - b11 - b32 - b31 - b34 - b45 - b23 - b54 - b22 - b22)
h176: (a25 - a34) * (b25 + b52 + b32 + b41 + b33 + b43 - b32 - b33 - b51 - b32 - b11)
h231: (a45 - a14 - a31) * (-b42)
h296: (a14 - a31) * (b33 + b45 + b54 + b11 + b54 + b31 + b42 + b35 - b51 - b34 - b24 - b33 - b44 - b51 - b42 - b45)
h361: (a34 + a32 - a52) * (b31 + b54 + b31 + b21 - b43 - b45 - b23 - b52 - b21 - b44 - b41 - b25)
h385: (a54 + a55) * (b25 + b51 - b31 - b55)
h395: (a54 - a12) * (-b41 - b54 - b23)
h411: (a52) * (b53 + b22 + b11 + b52 + b12 - b23 - b24 - b54 - b13 - b51 - b25 - b52 - b11 - b12)
h833: (a43 - a43) * (b51 - b12)
h1603: (-a33) * (b15 + b52 - b54 - b55)
h1725: (a32) * (b13 + b41 - b24 - b12 - b23)
h1895: (-a55) * (b42 + b23 + b32 + b55 + b51 + b51 + b55 + b32 + b35 + b23 - b41 - b51 - b23 - b12 - b34 - b24 - b24)
h2692: (-a43) * (b45)
h3233: (a54 + a14 - a25 - a41) * (b32 + b15 + b34 - b45 - b25 - b14 - b12)
h6952: (-a55) * (b34 + b35 + b15 + b52 + b35 + b32 + b33 + b54 + b23 + b34 + b11 + b31 + b54 + b15 + b12 + b12 + b32 + b24 + b42 + b51 - b54 - b24 - b14 - b53 - b53 - b21 - b23 - b32 - b35 - b32 - b54 - b24 - b25 - b45 - b15 - b33)
h11162: (-a55) * (b24 + b35 - b34)
h12999: (a14) * (b51 + b41 + b14 + b34 + b54 + b51 + b34 - b31 - b24 - b25 - b11 - b42 - b25 - b41 - b55)
h23965: (a15 + a22 - a55) * (b21 + b12 + b54 + b12 - b35 - b51 - b35)
c11: h103 + h30 
c12: h5 + h112 + h3 - h38 - h3 - h49 
c13: h112 - h833 
c14: h62 - h98 
c15: - h81 - h40 
c21: h120 + h140 + h6952 - h5 - h129 - h11162 
c22: h75 + h1725 + h50 + h1603 - h81 - h23965 
c23: h98 + h385 + h176 + h156 - h30 - h6952 
c24: h117 + h156 + h173 - h39 - h1603 
c25: h12999 - h173 
c31: h50 + h15 + h1895 + h22 
c32: h70 + h395 - h123 - h411 
c33: h75 + h156 
c34: h123 + h103 
c35: h231 + h1895 + h231 
c41: h15 - h22 
c42: h1 + h98 + h1895 + h361 
c43: h140 + h2692 - h112 
c44: h30 + h103 + h121 + h25 + h143 + h39 + h833 
c45: h39 + h296 
c51: h75 + h5 + h296 - h75 
c52: h361 + h3233 - h25 
c53: h64 + h81 + h296 + h1895 - h87 
c54: - h15 
c55: h75 - h176 
