0,140.296,24.8
100,124.54400000000001,25
200,109.53600000000002,24.8
300,96.73599999999999,24.8
400,87.136,24.6
500,83.68,24.6
600,76.712,24.6
700,74.12,24.4
800,72.36,24.6
900,69.73599999999999,24.6
1000,65.912,24.8
1100,61.279999999999994,24.6
1200,60.408,24.8
1300,57.18399999999999,24.8
1400,56.024,24.8
1500,53.672000000000004,24.8
1600,50.736000000000004,24.8
1700,45.96,24.8
1800,45.272,24.8
1900,44.04800000000001,24.8
2000,43,25
2100,38.839999999999996,25
2200,37.032000000000004,25
2300,36.136,25
2400,35.712,25
2500,35.312,24.8
2600,34.464,24.6
2700,33.968,24.6
2800,33.120000000000005,24.6
2900,32.288000000000004,24.6
3000,30.856,24.4
3100,29.672000000000004,24.2
3200,28.471999999999998,24.4
3300,28.384000000000004,24.4
3400,28.055999999999994,24.4
3500,27.863999999999997,24.4
3600,27.112000000000002,24.4
3700,27.112000000000002,24.4
3800,25.76,24.6
3900,25.639999999999997,24.6
4000,25.304000000000002,24.6
4100,25.304000000000002,24.6
4200,24.96,24.6
4300,24.96,24.6
4400,24.631999999999998,24.6
4500,24.536,24.6
4600,24.272000000000002,24.6
4700,23.863999999999997,25
4800,23.656,25
4900,23.415999999999997,25
5000,23.136000000000003,25
5100,22.656,25
5200,22.544,25
5300,22.544,25
5400,22.4,24.8
5500,22.328000000000003,24.6
5600,22.095999999999997,24.6
5700,22.095999999999997,24.6
5800,21.648000000000003,24.6
5900,21.264000000000003,24.8
6000,21.095999999999997,24.8
6100,21.080000000000002,24.8
6200,21.080000000000002,24.8
6300,21.080000000000002,24.8
6400,20.96,24.8
6500,20.336,24.8
6600,20.016,24.8
6700,19.720000000000002,24.8
6800,19.68,24.8
6900,19.112000000000002,24.8
7000,19.112000000000002,24.8
7100,18.863999999999997,24.8
7200,18.36,24.8
7300,18.36,24.8
7400,18.36,24.8
7500,18.36,24.8
7600,18.36,24.8
7700,18.216,24.8
7800,18.216,24.8
7900,18.216,24.8
8000,18.216,24.8
8100,18.112000000000002,24.8
8200,18.072,24.8
8300,17.328,24.8
8400,17.296,24.8
8500,17.296,24.8
8600,16.992,24.6
8700,16.984,24.6
8800,16.984,24.6
8900,16.984,24.6
9000,16.984,24.6
9100,16.648,24.6
9200,16.648,24.6
9300,16.648,24.6
9400,16.648,24.6
9500,16.648,24.6
9600,16.544,24.6
9700,16.416,24.6
9800,16.416,24.6
9900,16.416,24.6
10000,16.416,24.6
10100,16.416,24.6
10200,16.384,24.6
10300,16.36,24.4
10400,16.256,24.4
10500,16.256,24.4
10600,16.256,24.4
10700,16.256,24.4
10800,15.912,24.2
10900,15.912,24.2
11000,15.912,24.2
11100,15.808000000000002,24.2
11200,15.808000000000002,24.2
11300,15.784,24.2
11400,15.784,24.2
11500,15.784,24.2
11600,15.784,24.2
11700,15.704000000000002,24.2
11800,15.704000000000002,24.2
11900,15.704000000000002,24.2
12000,15.704000000000002,24.2
12100,15.663999999999998,24.2
12200,15.663999999999998,24.2
12300,15.151999999999997,24.2
12400,15.151999999999997,24.2
12500,15.151999999999997,24.2
12600,15.151999999999997,24.2
12700,15.151999999999997,24.2
12800,15.151999999999997,24.2
12900,15.151999999999997,24.2
13000,15.151999999999997,24.2
13100,15.151999999999997,24.2
13200,15.151999999999997,24.2
13300,15.151999999999997,24.2
13400,15.151999999999997,24.2
13500,15.056000000000001,24.2
13600,15.056000000000001,24.2
13700,15.056000000000001,24.2
13800,15.056000000000001,24.2
13900,15.056000000000001,24.2
14000,15.056000000000001,24.2
14100,15.056000000000001,24.2
14200,15.056000000000001,24.2
14300,14.568000000000001,24
14400,14.535999999999998,24
14500,14.191999999999998,24
14600,14.191999999999998,24
14700,14.191999999999998,24
14800,14.184000000000001,24
14900,14.184000000000001,24
15000,14.184000000000001,24
15100,14.184000000000001,24
15200,13.624,23.8
15300,13.624,23.8
15400,13.440000000000001,24
15500,13.376,24
15600,13.2,23.8
15700,13.2,23.8
15800,13.168000000000001,23.8
15900,13.168000000000001,23.8
16000,12.807999999999998,24
16100,12.807999999999998,24
16200,12.711999999999998,24
16300,12.711999999999998,24
16400,12.711999999999998,24
16500,12.711999999999998,24
16600,12.711999999999998,24
16700,12.575999999999999,24
16800,11.912,24
16900,11.912,24
17000,11.912,24
17100,11.912,24
17200,11.744,24
17300,11.744,24
17400,11.744,24
17500,11.744,24
17600,11.744,24
17700,11.680000000000001,24
17800,11.680000000000001,24
17900,11.680000000000001,24
18000,11.680000000000001,24
18100,11.680000000000001,24
18200,11.680000000000001,24
18300,11.680000000000001,24
18400,11.656,24
18500,11.656,24
18600,11.568000000000001,24
18700,11.568000000000001,24
18800,11.568000000000001,24
18900,11.448000000000002,24
19000,11.448000000000002,24
19100,11.448000000000002,24
19200,11.448000000000002,24
19300,11.448000000000002,24
19400,11.448000000000002,24
19500,11.448000000000002,24
19600,11.344,24
19700,11.344,24
19800,11.344,24
19900,11.344,24
20000,11.344,24
20100,11.344,24
20200,11.344,24
20300,11.344,24
20400,11.344,24
20500,11.336000000000002,24
20600,11.336000000000002,24
20700,11.336000000000002,24
20800,11.336000000000002,24
20900,11.336000000000002,24
21000,11.336000000000002,24
21100,11.192,24
21200,11.192,24
21300,11.192,24
21400,11.176,24
21500,11.176,24
21600,11.176,24
21700,11.136000000000001,24
21800,11.008000000000001,24
21900,11.008000000000001,24
22000,11.008000000000001,24
22100,11.008000000000001,24
22200,11.008000000000001,24
22300,11.008000000000001,24
22400,11.008000000000001,24
22500,11.008000000000001,24
22600,10.968,24
22700,10.968,24
22800,10.968,24
22900,10.968,24
23000,10.968,24
23100,10.968,24
23200,10.968,24
23300,10.968,24
23400,10.959999999999999,24
23500,10.959999999999999,24
23600,10.959999999999999,24
23700,10.943999999999999,24
23800,10.943999999999999,24
23900,10.943999999999999,24
24000,10.943999999999999,24
24100,10.943999999999999,24
24200,10.943999999999999,24
24300,10.943999999999999,24
24400,10.943999999999999,24
24500,10.943999999999999,24
24600,10.943999999999999,24
24700,10.943999999999999,24
24800,10.943999999999999,24
24900,10.943999999999999,24
25000,10.943999999999999,24
25100,10.943999999999999,24
25200,10.943999999999999,24
25300,10.943999999999999,24
25400,10.943999999999999,24
25500,10.943999999999999,24
25600,10.943999999999999,24
25700,10.84,23.8
25800,10.84,23.8
25900,10.84,23.8
26000,10.84,23.8
26100,10.792,23.8
26200,10.472000000000001,23.8
26300,10.448,23.6
26400,10.448,23.6
26500,10.328,23.6
26600,10.328,23.6
26700,10.328,23.6
26800,9.975999999999999,23.6
26900,9.975999999999999,23.6
27000,9.975999999999999,23.6
27100,9.975999999999999,23.6
27200,9.975999999999999,23.6
27300,9.975999999999999,23.6
27400,9.975999999999999,23.6
27500,9.975999999999999,23.6
27600,9.975999999999999,23.6
27700,9.975999999999999,23.6
27800,9.975999999999999,23.6
27900,9.975999999999999,23.6
28000,9.975999999999999,23.6
28100,9.975999999999999,23.6
28200,9.975999999999999,23.6
28300,9.975999999999999,23.6
28400,9.975999999999999,23.6
28500,9.975999999999999,23.6
28600,9.84,23.6
28700,9.84,23.6
28800,9.84,23.6
28900,9.84,23.6
29000,9.696000000000002,23.6
29100,9.696000000000002,23.6
29200,9.696000000000002,23.6
29300,9.696000000000002,23.6
29400,9.696000000000002,23.6
29500,9.696000000000002,23.6
29600,9.696000000000002,23.6
29700,9.696000000000002,23.6
29800,9.696000000000002,23.6
29900,9.696000000000002,23.6
30000,9.504,23.8
30100,9.504,23.8
30200,9.504,23.8
30300,9.504,23.8
30400,9.376,23.8
30500,9.376,23.8
30600,9.376,23.8
30700,9.367999999999999,23.8
30800,9.367999999999999,23.8
30900,9.367999999999999,23.8
31000,9.367999999999999,23.8
31100,9.367999999999999,23.8
31200,9.056000000000001,23.8
31300,9.056000000000001,23.8
31400,8.952000000000002,23.6
31500,8.952000000000002,23.6
31600,8.952000000000002,23.6
31700,8.952000000000002,23.6
31800,8.952000000000002,23.6
31900,8.952000000000002,23.6
32000,8.952000000000002,23.6
32100,8.952000000000002,23.6
32200,8.888,23.4
32300,8.856,23.4
32400,8.856,23.4
32500,8.856,23.4
32600,8.856,23.4
32700,8.856,23.4
32800,8.856,23.4
32900,8.856,23.4
33000,8.856,23.4
33100,8.856,23.4
33200,8.856,23.4
33300,8.856,23.4
33400,8.856,23.4
33500,8.856,23.4
33600,8.784,23.4
33700,8.784,23.4
33800,8.784,23.4
33900,8.784,23.4
34000,8.784,23.4
34100,8.784,23.4
34200,8.784,23.4
34300,8.784,23.4
34400,8.784,23.4
34500,8.784,23.4
34600,8.784,23.4
34700,8.784,23.4
34800,8.784,23.4
34900,8.784,23.4
35000,8.784,23.4
35100,8.784,23.4
35200,8.784,23.4
35300,8.784,23.4
35400,8.784,23.4
35500,8.784,23.4
35600,8.767999999999999,23.4
35700,8.767999999999999,23.4
35800,8.664,23.4
35900,8.664,23.4
36000,8.664,23.4
36100,8.664,23.4
36200,8.664,23.4
36300,8.664,23.4
36400,8.664,23.4
36500,8.664,23.4
36600,8.664,23.4
36700,8.664,23.4
36800,8.504000000000001,23.4
36900,8.504000000000001,23.4
37000,8.504000000000001,23.4
37100,8.504000000000001,23.4
37200,8.504000000000001,23.4
37300,8.504000000000001,23.4
37400,8.504000000000001,23.4
37500,8.504000000000001,23.4
37600,8.447999999999999,23.4
37700,8.392,23.4
37800,8.392,23.4
37900,8.392,23.4
38000,8.392,23.4
38100,8.392,23.4
38200,8.392,23.4
38300,8.392,23.4
38400,8.392,23.4
38500,8.392,23.4
38600,8.392,23.4
38700,8.392,23.4
38800,8.392,23.4
38900,8.304,23.4
39000,8.304,23.4
39100,8.303999999999998,23.4
39200,8.303999999999998,23.4
39300,8.303999999999998,23.4
39400,8.303999999999998,23.4
39500,8.144,23.4
39600,8.144,23.4
39700,8.144,23.4
39800,8.144,23.4
39900,8.144,23.4
40000,8.144,23.4
40100,8.144,23.4
40200,8.144,23.4
40300,8.144,23.4
40400,8.144,23.4
40500,8.144,23.4
40600,8.144,23.4
40700,8.144,23.4
40800,8.144,23.4
40900,8.144,23.4
41000,8.144,23.4
41100,8.144,23.4
41200,8.144,23.4
41300,8.144,23.4
41400,8.144,23.4
41500,8.144,23.4
41600,8.144,23.4
41700,8.144,23.4
41800,8.144,23.4
41900,8.144,23.4
42000,8.144,23.4
42100,8.144,23.4
42200,8.144,23.4
42300,8.144,23.4
42400,8.144,23.4
42500,8.144,23.4
42600,8.144,23.4
42700,8.144,23.4
42800,8.144,23.4
42900,8.144,23.4
43000,8.144,23.4
43100,8.144,23.4
43200,8.144,23.4
43300,8.144,23.4
43400,8.072,23.4
43500,7.959999999999999,23.4
43600,7.959999999999999,23.4
43700,7.959999999999999,23.4
43800,7.959999999999999,23.4
43900,7.959999999999999,23.4
44000,7.959999999999999,23.4
44100,7.959999999999999,23.4
44200,7.959999999999999,23.4
44300,7.959999999999999,23.4
44400,7.959999999999999,23.4
44500,7.959999999999999,23.4
44600,7.959999999999999,23.4
44700,7.959999999999999,23.4
44800,7.959999999999999,23.4
44900,7.959999999999999,23.4
45000,7.959999999999999,23.4
45100,7.959999999999999,23.4
45200,7.959999999999999,23.4
45300,7.959999999999999,23.4
45400,7.959999999999999,23.4
45500,7.840000000000001,23.4
45600,7.840000000000001,23.4
45700,7.840000000000001,23.4
45800,7.840000000000001,23.4
45900,7.840000000000001,23.4
46000,7.840000000000001,23.4
46100,7.840000000000001,23.4
46200,7.840000000000001,23.4
46300,7.744,23.4
46400,7.744,23.4
46500,7.744,23.4
46600,7.744,23.4
46700,7.744,23.4
46800,7.744,23.4
46900,7.744,23.4
47000,7.728,23.4
47100,7.728,23.4
47200,7.728,23.4
47300,7.728,23.4
47400,7.728,23.4
47500,7.728,23.4
47600,7.728,23.4
47700,7.728,23.4
47800,7.728,23.4
47900,7.728,23.4
48000,7.728,23.4
48100,7.728,23.4
48200,7.728,23.4
48300,7.728,23.4
48400,7.728,23.4
48500,7.728,23.4
48600,7.672,23.2
48700,7.672,23.2
48800,7.672,23.2
48900,7.672,23.2
49000,7.672,23.2
49100,7.672,23.2
49200,7.672,23.2
49300,7.672,23.2
49400,7.672,23.2
49500,7.672,23.2
49600,7.672,23.2
49700,7.655999999999999,23.2
49800,7.655999999999999,23.2
49900,7.655999999999999,23.2
50000,7.655999999999999,23.2
50100,7.655999999999999,23.2
50200,7.655999999999999,23.2
50300,7.655999999999999,23.2
50400,7.655999999999999,23.2
50500,7.655999999999999,23.2
50600,7.655999999999999,23.2
50700,7.544,23.2
50800,7.544,23.2
50900,7.544,23.2
51000,7.5120000000000005,23.2
51100,7.5120000000000005,23.2
51200,7.5120000000000005,23.2
51300,7.5120000000000005,23.2
51400,7.5120000000000005,23.2
51500,7.511999999999999,23.2
51600,7.511999999999999,23.2
51700,7.511999999999999,23.2
51800,7.511999999999999,23.2
51900,7.511999999999999,23.2
52000,7.511999999999999,23.2
52100,7.511999999999999,23.2
52200,7.511999999999999,23.2
52300,7.463999999999999,23.2
52400,7.463999999999999,23.2
52500,7.463999999999999,23.2
52600,7.463999999999999,23.2
52700,7.463999999999999,23.2
52800,7.463999999999999,23.2
52900,7.463999999999999,23.2
53000,7.24,23.2
53100,7.24,23.2
53200,7.208,23.2
53300,7.208,23.2
53400,7.208,23.2
53500,7.208,23.2
53600,7.208,23.2
53700,7.208,23.2
53800,7.208,23.2
53900,7.208,23.2
54000,7.208,23.2
54100,7.208,23.2
54200,7.208,23.2
54300,7.208,23.2
54400,7.208,23.2
54500,7.208,23.2
54600,7.208,23.2
54700,7.207999999999998,23.2
54800,7.207999999999998,23.2
54900,7.207999999999998,23.2
55000,7.207999999999998,23.2
55100,7.207999999999998,23.2
55200,7.207999999999998,23.2
55300,7.207999999999998,23.2
55400,7.207999999999998,23.2
55500,7.207999999999998,23.2
55600,7.207999999999998,23.2
55700,7.207999999999998,23.2
55800,7.207999999999998,23.2
55900,7.103999999999999,23.2
56000,7.103999999999999,23.2
56100,7.103999999999999,23.2
56200,7.103999999999999,23.2
56300,7.103999999999999,23.2
56400,7.103999999999999,23.2
56500,7.103999999999999,23.2
56600,7.103999999999999,23.2
56700,7.103999999999999,23.2
56800,7.103999999999999,23.2
56900,7.103999999999999,23.2
57000,7.103999999999999,23.2
57100,7.103999999999999,23.2
57200,7.103999999999999,23.2
57300,7.103999999999999,23.2
57400,7.103999999999999,23.2
57500,7.103999999999999,23.2
57600,7.103999999999999,23.2
57700,7.103999999999999,23.2
57800,7.103999999999999,23.2
57900,7.103999999999999,23.2
58000,7.103999999999999,23.2
58100,7.103999999999999,23.2
58200,7.103999999999999,23.2
58300,7.103999999999999,23.2
58400,7.103999999999999,23.2
58500,7.103999999999999,23.2
58600,7.103999999999999,23.2
58700,7.103999999999999,23.2
58800,7.103999999999999,23.2
58900,7.103999999999999,23.2
59000,7.103999999999999,23.2
59100,7.103999999999999,23.2
59200,7.103999999999999,23.2
59300,7.103999999999999,23.2
59400,6.975999999999999,23.2
59500,6.975999999999999,23.2
59600,6.975999999999999,23.2
59700,6.975999999999999,23.2
59800,6.975999999999999,23.2
59900,6.975999999999999,23.2
60000,6.975999999999999,23.2
60100,6.975999999999999,23.2
60200,6.975999999999999,23.2
60300,6.975999999999999,23.2
60400,6.975999999999999,23.2
60500,6.975999999999999,23.2
60600,6.975999999999999,23.2
60700,6.975999999999999,23.2
60800,6.975999999999999,23.2
60900,6.975999999999999,23.2
61000,6.975999999999999,23.2
61100,6.975999999999999,23.2
61200,6.975999999999999,23.2
61300,6.912000000000001,23.4
61400,6.888,23.4
61500,6.888,23.4
61600,6.888,23.4
61700,6.888,23.4
61800,6.888,23.4
61900,6.888,23.4
62000,6.888,23.4
62100,6.888,23.4
62200,6.888,23.4
62300,6.888,23.4
62400,6.888,23.4
62500,6.888,23.4
62600,6.888,23.4
62700,6.888,23.4
62800,6.888,23.4
62900,6.888,23.4
63000,6.888,23.4
63100,6.888,23.4
63200,6.888,23.4
63300,6.888,23.4
63400,6.888,23.4
63500,6.888,23.4
63600,6.888,23.4
63700,6.888,23.4
63800,6.888,23.4
63900,6.888,23.4
64000,6.888,23.4
64100,6.831999999999999,23.2
64200,6.831999999999999,23.2
64300,6.831999999999999,23.2
64400,6.831999999999999,23.2
64500,6.831999999999999,23.2
64600,6.831999999999999,23.2
64700,6.831999999999999,23.2
64800,6.831999999999999,23.2
64900,6.831999999999999,23.2
65000,6.831999999999999,23.2
65100,6.831999999999999,23.2
65200,6.831999999999999,23.2
65300,6.831999999999999,23.2
65400,6.744,23.2
65500,6.744,23.2
65600,6.744,23.2
65700,6.744,23.2
65800,6.744,23.2
65900,6.744,23.2
66000,6.744,23.2
66100,6.744,23.2
66200,6.744,23.2
66300,6.744,23.2
66400,6.744,23.2
66500,6.744,23.2
66600,6.744,23.2
66700,6.744,23.2
66800,6.744,23.2
66900,6.744,23.2
67000,6.744,23.2
67100,6.744,23.2
67200,6.744,23.2
67300,6.744,23.2
67400,6.744,23.2
67500,6.720000000000001,23.2
67600,6.720000000000001,23.2
67700,6.720000000000001,23.2
67800,6.719999999999999,23.2
67900,6.719999999999999,23.2
68000,6.719999999999999,23.2
68100,6.719999999999999,23.2
68200,6.719999999999999,23.2
68300,6.719999999999999,23.2
68400,6.719999999999999,23.2
68500,6.719999999999999,23.2
68600,6.719999999999999,23.2
68700,6.719999999999999,23.2
68800,6.719999999999999,23.2
68900,6.719999999999999,23.2
69000,6.688,23.2
69100,6.688,23.2
69200,6.688,23.2
69300,6.688,23.2
69400,6.688,23.2
69500,6.688,23.2
69600,6.68,23.2
69700,6.68,23.2
69800,6.68,23.2
69900,6.68,23.2
70000,6.68,23.2
70100,6.68,23.2
70200,6.68,23.2
70300,6.68,23.2
70400,6.68,23.2
70500,6.68,23.2
70600,6.68,23.2
70700,6.68,23.2
70800,6.68,23.2
70900,6.68,23.2
71000,6.68,23.2
71100,6.68,23.2
71200,6.68,23.2
71300,6.68,23.2
71400,6.68,23.2
71500,6.68,23.2
71600,6.68,23.2
71700,6.68,23.2
71800,6.68,23.2
71900,6.647999999999999,23.4
72000,6.647999999999999,23.4
72100,6.640000000000001,23.4
72200,6.640000000000001,23.4
72300,6.640000000000001,23.4
72400,6.640000000000001,23.4
72500,6.640000000000001,23.4
72600,6.640000000000001,23.4
72700,6.640000000000001,23.4
72800,6.640000000000001,23.4
72900,6.640000000000001,23.4
73000,6.640000000000001,23.4
73100,6.640000000000001,23.4
73200,6.640000000000001,23.4
73300,6.640000000000001,23.4
73400,6.640000000000001,23.4
73500,6.640000000000001,23.4
73600,6.640000000000001,23.4
73700,6.640000000000001,23.4
73800,6.640000000000001,23.4
73900,6.640000000000001,23.4
74000,6.640000000000001,23.4
74100,6.640000000000001,23.4
74200,6.640000000000001,23.4
74300,6.640000000000001,23.4
74400,6.640000000000001,23.4
74500,6.640000000000001,23.4
74600,6.640000000000001,23.4
74700,6.640000000000001,23.4
74800,6.640000000000001,23.4
74900,6.640000000000001,23.4
75000,6.640000000000001,23.4
75100,6.640000000000001,23.4
75200,6.640000000000001,23.4
75300,6.640000000000001,23.4
75400,6.56,23.4
75500,6.56,23.4
75600,6.56,23.4
75700,6.56,23.4
75800,6.56,23.4
75900,6.56,23.4
76000,6.56,23.4
76100,6.56,23.4
76200,6.56,23.4
76300,6.544,23.4
76400,6.544,23.4
76500,6.544,23.4
76600,6.544,23.4
76700,6.4959999999999996,23.4
76800,6.4959999999999996,23.4
76900,6.4959999999999996,23.4
77000,6.4959999999999996,23.4
77100,6.4959999999999996,23.4
77200,6.4959999999999996,23.4
77300,6.4959999999999996,23.4
77400,6.4959999999999996,23.4
77500,6.4959999999999996,23.4
77600,6.4959999999999996,23.4
77700,6.4959999999999996,23.4
77800,6.4959999999999996,23.4
77900,6.4959999999999996,23.4
78000,6.4959999999999996,23.4
78100,6.4959999999999996,23.4
78200,6.4959999999999996,23.4
78300,6.4959999999999996,23.4
78400,6.4959999999999996,23.4
78500,6.4959999999999996,23.4
78600,6.4959999999999996,23.4
78700,6.4959999999999996,23.4
78800,6.4959999999999996,23.4
78900,6.4959999999999996,23.4
79000,6.4959999999999996,23.4
79100,6.4959999999999996,23.4
79200,6.4319999999999995,23.4
79300,6.4319999999999995,23.4
79400,6.351999999999999,23.4
79500,6.351999999999999,23.4
79600,6.351999999999999,23.4
79700,6.351999999999999,23.4
79800,6.351999999999999,23.4
79900,6.296,23.4
80000,6.296,23.4
80100,6.296,23.4
80200,6.296,23.4
80300,6.296,23.4
80400,6.296,23.4
80500,6.296,23.4
80600,6.296,23.4
80700,6.296,23.4
80800,6.296,23.4
80900,6.296,23.4
81000,6.296,23.4
81100,6.296,23.4
81200,6.279999999999999,23.4
81300,6.279999999999999,23.4
81400,6.279999999999999,23.4
81500,6.247999999999999,23.4
81600,6.247999999999999,23.4
81700,6.247999999999999,23.4
81800,6.24,23.4
81900,6.24,23.4
82000,6.24,23.4
82100,6.24,23.4
82200,6.208,23.4
82300,6.136,23.4
82400,6.136,23.4
82500,6.136,23.4
82600,6.136,23.4
82700,6.136,23.4
82800,6.136,23.4
82900,6.008,23.4
83000,6.008,23.4
83100,6.008,23.4
83200,5.968,23.4
83300,5.968,23.4
83400,5.968,23.4
83500,5.968,23.4
83600,5.968,23.4
83700,5.968,23.4
83800,5.968,23.4
83900,5.968,23.4
84000,5.968,23.4
84100,5.968,23.4
84200,5.968,23.4
84300,5.968,23.4
84400,5.968,23.4
84500,5.968,23.4
84600,5.968,23.4
84700,5.968,23.4
84800,5.968,23.4
84900,5.968,23.4
85000,5.968,23.4
85100,5.968,23.4
85200,5.968,23.4
85300,5.92,23.4
85400,5.92,23.4
85500,5.92,23.4
85600,5.92,23.4
85700,5.92,23.4
85800,5.92,23.4
85900,5.92,23.4
86000,5.92,23.4
86100,5.92,23.4
86200,5.92,23.4
86300,5.92,23.4
86400,5.92,23.4
86500,5.92,23.4
86600,5.92,23.4
86700,5.92,23.4
86800,5.92,23.4
86900,5.92,23.4
87000,5.92,23.4
87100,5.92,23.4
87200,5.92,23.4
87300,5.92,23.4
87400,5.92,23.4
87500,5.92,23.4
87600,5.92,23.4
87700,5.92,23.4
87800,5.92,23.4
87900,5.92,23.4
88000,5.92,23.4
88100,5.92,23.4
88200,5.92,23.4
88300,5.92,23.4
88400,5.92,23.4
88500,5.92,23.4
88600,5.92,23.4
88700,5.92,23.4
88800,5.92,23.4
88900,5.92,23.4
89000,5.864,23.4
89100,5.864,23.4
89200,5.864,23.4
89300,5.863999999999999,23.2
89400,5.863999999999999,23.2
89500,5.863999999999999,23.2
89600,5.863999999999999,23.2
89700,5.863999999999999,23.2
89800,5.863999999999999,23.2
89900,5.863999999999999,23.2
90000,5.863999999999999,23.2
90100,5.863999999999999,23.2
90200,5.863999999999999,23.2
90300,5.863999999999999,23.2
90400,5.863999999999999,23.2
90500,5.863999999999999,23.2
90600,5.863999999999999,23.2
90700,5.863999999999999,23.2
90800,5.863999999999999,23.2
90900,5.863999999999999,23.2
91000,5.863999999999999,23.2
91100,5.816,23.2
91200,5.816,23.2
91300,5.816,23.2
91400,5.808,23.2
91500,5.808,23.2
91600,5.68,23
91700,5.68,23
91800,5.68,23
91900,5.68,23
92000,5.68,23
92100,5.68,23
92200,5.68,23
92300,5.68,23
92400,5.68,23
92500,5.68,23
92600,5.68,23
92700,5.68,23
92800,5.68,23
92900,5.68,23
93000,5.68,23
93100,5.68,23
93200,5.68,23
93300,5.68,23
93400,5.68,23
93500,5.68,23
93600,5.68,23
93700,5.68,23
93800,5.68,23
93900,5.68,23
94000,5.68,23
94100,5.68,23
94200,5.68,23
94300,5.68,23
94400,5.6080000000000005,23
94500,5.6080000000000005,23
94600,5.6080000000000005,23
94700,5.6080000000000005,23
94800,5.6080000000000005,23
94900,5.6080000000000005,23
95000,5.6080000000000005,23
95100,5.6080000000000005,23
95200,5.6080000000000005,23
95300,5.6080000000000005,23
95400,5.6080000000000005,23
95500,5.608,23
95600,5.608,23
95700,5.608,23
95800,5.608,23
95900,5.608,23
96000,5.608,23
96100,5.608,23
96200,5.608,23
96300,5.608,23
96400,5.608,23
96500,5.608,23
96600,5.608,23
96700,5.608,23
96800,5.608,23
96900,5.5520000000000005,22.8
97000,5.5520000000000005,22.8
97100,5.5520000000000005,22.8
97200,5.5520000000000005,22.8
97300,5.5520000000000005,22.8
97400,5.5520000000000005,22.8
97500,5.5520000000000005,22.8
97600,5.5520000000000005,22.8
97700,5.5280000000000005,22.8
97800,5.5280000000000005,22.8
97900,5.5280000000000005,22.8
98000,5.5280000000000005,22.8
98100,5.5280000000000005,22.8
98200,5.5280000000000005,22.8
98300,5.5280000000000005,22.8
98400,5.5280000000000005,22.8
98500,5.5280000000000005,22.8
98600,5.5280000000000005,22.8
98700,5.5280000000000005,22.8
98800,5.5280000000000005,22.8
98900,5.5280000000000005,22.8
99000,5.5280000000000005,22.8
99100,5.5280000000000005,22.8
99200,5.5280000000000005,22.8
99300,5.5280000000000005,22.8
99400,5.5280000000000005,22.8
99500,5.5280000000000005,22.8
99600,5.5280000000000005,22.8
99700,5.5280000000000005,22.8
99800,5.5280000000000005,22.8
99900,5.5280000000000005,22.8
100000,5.5280000000000005,22.8
100100,5.5280000000000005,22.8
100200,5.5280000000000005,22.8
100300,5.5280000000000005,22.8
100400,5.5280000000000005,22.8
100500,5.5280000000000005,22.8
100600,5.5280000000000005,22.8
100700,5.5280000000000005,22.8
100800,5.5280000000000005,22.8
100900,5.5280000000000005,22.8
101000,5.5280000000000005,22.8
101100,5.5280000000000005,22.8
101200,5.5280000000000005,22.8
101300,5.5280000000000005,22.8
101400,5.5280000000000005,22.8
101500,5.5280000000000005,22.8
101600,5.5280000000000005,22.8
101700,5.5280000000000005,22.8
101800,5.5280000000000005,22.8
101900,5.5280000000000005,22.8
102000,5.5280000000000005,22.8
102100,5.5280000000000005,22.8
102200,5.5280000000000005,22.8
102300,5.5280000000000005,22.8
102400,5.5280000000000005,22.8
102500,5.5280000000000005,22.8
102600,5.5280000000000005,22.8
102700,5.3999999999999995,22.6
102800,5.3999999999999995,22.6
102900,5.3999999999999995,22.6
103000,5.3999999999999995,22.6
103100,5.3999999999999995,22.6
103200,5.3999999999999995,22.6
103300,5.3999999999999995,22.6
103400,5.3999999999999995,22.6
103500,5.3999999999999995,22.6
103600,5.3999999999999995,22.6
103700,5.3999999999999995,22.6
103800,5.3999999999999995,22.6
103900,5.3999999999999995,22.6
104000,5.3999999999999995,22.6
104100,5.3999999999999995,22.6
104200,5.3999999999999995,22.6
104300,5.3759999999999994,22.6
104400,5.3759999999999994,22.6
104500,5.3759999999999994,22.6
104600,5.3759999999999994,22.6
104700,5.3759999999999994,22.6
104800,5.3759999999999994,22.6
104900,5.3759999999999994,22.6
105000,5.3759999999999994,22.6
105100,5.3759999999999994,22.6
105200,5.3759999999999994,22.6
105300,5.3759999999999994,22.6
105400,5.3759999999999994,22.6
105500,5.3759999999999994,22.6
105600,5.3759999999999994,22.6
105700,5.3759999999999994,22.6
105800,5.3759999999999994,22.6
105900,5.3759999999999994,22.6
106000,5.352,22.6
106100,5.352,22.6
106200,5.352,22.6
106300,5.352,22.6
106400,5.352,22.6
106500,5.352,22.6
106600,5.352,22.6
106700,5.352,22.6
106800,5.352,22.6
106900,5.352,22.6
107000,5.352,22.6
107100,5.352,22.6
107200,5.352,22.6
107300,5.352,22.6
107400,5.352,22.6
107500,5.352,22.6
107600,5.352,22.6
107700,5.255999999999999,22.6
107800,5.255999999999999,22.6
107900,5.255999999999999,22.6
108000,5.255999999999999,22.6
108100,5.255999999999999,22.6
108200,5.255999999999999,22.6
108300,5.255999999999999,22.6
108400,5.255999999999999,22.6
108500,5.255999999999999,22.6
108600,5.255999999999999,22.6
108700,5.255999999999999,22.6
108800,5.216,22.4
108900,5.216,22.4
109000,5.216,22.4
109100,5.216,22.4
109200,5.216,22.4
109300,5.216,22.4
109400,5.216,22.4
109500,5.216,22.4
109600,5.216,22.4
109700,5.216,22.4
109800,5.216,22.4
109900,5.216,22.4
110000,5.216,22.4
110100,5.216,22.4
110200,5.216,22.4
110300,5.216,22.4
110400,5.056,22.4
110500,5.056,22.4
110600,5.056,22.4
110700,5.056,22.4
110800,5.056,22.4
110900,5.056,22.4
111000,5.032,22.4
111100,5.032,22.4
111200,5.032,22.4
111300,5.032,22.4
111400,5.032,22.4
111500,5.032,22.4
111600,5.032,22.4
111700,5.032,22.4
111800,5,22.2
111900,5,22.2
112000,5,22.2
112100,5,22.2
112200,5,22.2
112300,5,22.2
112400,5,22.2
112500,5,22.2
112600,5,22.2
112700,5,22.2
112800,5,22.2
112900,5,22.2
113000,5,22.2
113100,5,22.2
113200,5,22.2
113300,5,22.2
113400,5,22.2
113500,5,22.2
113600,5,22.2
113700,5,22.2
113800,4.984,22.4
113900,4.984,22.4
114000,4.984,22.4
114100,4.984,22.4
114200,4.984,22.4
114300,4.984,22.4
114400,4.984,22.4
114500,4.984,22.4
114600,4.984,22.4
114700,4.984,22.4
114800,4.984,22.4
114900,4.984,22.4
115000,4.984,22.4
115100,4.984,22.4
115200,4.984,22.4
115300,4.984,22.4
115400,4.984,22.4
115500,4.984,22.4
115600,4.984,22.4
115700,4.984,22.4
115800,4.984,22.4
115900,4.984,22.4
116000,4.984,22.4
116100,4.984,22.4
116200,4.984,22.4
116300,4.984,22.4
116400,4.984,22.4
116500,4.984,22.4
116600,4.984,22.4
116700,4.984,22.4
116800,4.984,22.4
116900,4.984,22.4
117000,4.984,22.4
117100,4.984,22.4
117200,4.984,22.4
117300,4.984,22.4
117400,4.984,22.4
117500,4.984,22.4
117600,4.984,22.4
117700,4.984,22.4
117800,4.984,22.4
117900,4.984,22.4
118000,4.984,22.4
118100,4.984,22.4
118200,4.984,22.4
118300,4.976000000000001,22.4
118400,4.952,22.4
118500,4.952,22.4
118600,4.952,22.4
118700,4.952,22.4
118800,4.952,22.4
118900,4.952,22.4
119000,4.952,22.4
119100,4.952,22.4
119200,4.952,22.4
119300,4.952,22.4
119400,4.952,22.4
119500,4.952,22.4
119600,4.952,22.4
119700,4.952,22.4
119800,4.952,22.4
119900,4.952,22.4
120000,4.952,22.4
120100,4.952,22.4
120200,4.952,22.4
120300,4.952,22.4
120400,4.952,22.4
120500,4.952,22.4
120600,4.952,22.4
120700,4.952,22.4
120800,4.952,22.4
120900,4.952,22.4
121000,4.952,22.4
121100,4.952,22.4
121200,4.952,22.4
121300,4.952,22.4
121400,4.952,22.4
121500,4.952,22.4
121600,4.952,22.4
121700,4.952,22.4
121800,4.952,22.4
121900,4.952,22.4
122000,4.952,22.4
122100,4.952,22.4
122200,4.952,22.4
122300,4.952,22.4
122400,4.952,22.4
122500,4.952,22.4
122600,4.952,22.4
122700,4.952,22.4
122800,4.952,22.4
122900,4.952,22.4
123000,4.952,22.4
123100,4.952,22.4
123200,4.952,22.4
123300,4.952,22.4
123400,4.952,22.4
123500,4.952,22.4
123600,4.952,22.4
123700,4.952,22.4
123800,4.952,22.4
123900,4.952,22.4
124000,4.952,22.4
124100,4.952,22.4
124200,4.952,22.4
124300,4.952,22.4
124400,4.952,22.4
124500,4.952,22.4
124600,4.952,22.4
124700,4.952,22.4
124800,4.952,22.4
124900,4.952,22.4
125000,4.952,22.4
125100,4.952,22.4
125200,4.952,22.4
125300,4.952,22.4
125400,4.952,22.4
125500,4.952,22.4
125600,4.952,22.4
125700,4.952,22.4
125800,4.952,22.4
125900,4.952,22.4
126000,4.952,22.4
126100,4.952,22.4
126200,4.952,22.4
126300,4.952,22.4
126400,4.952,22.4
126500,4.952,22.4
126600,4.952,22.4
126700,4.952,22.4
126800,4.952,22.4
126900,4.952,22.4
127000,4.952,22.4
127100,4.952,22.4
127200,4.952,22.4
127300,4.952,22.4
127400,4.952,22.4
127500,4.952,22.4
127600,4.952,22.4
127700,4.952,22.4
127800,4.952,22.4
127900,4.952,22.4
128000,4.952,22.4
128100,4.952,22.4
128200,4.952,22.4
128300,4.952,22.4
128400,4.952,22.4
128500,4.952,22.4
128600,4.952,22.4
128700,4.952,22.4
128800,4.952,22.4
128900,4.952,22.4
129000,4.952,22.4
129100,4.952,22.4
129200,4.952,22.4
129300,4.952,22.4
129400,4.952,22.4
129500,4.952,22.4
129600,4.952,22.4
129700,4.952,22.4
129800,4.952,22.4
129900,4.952,22.4
130000,4.952,22.4
130100,4.952,22.4
130200,4.952,22.4
130300,4.952,22.4
130400,4.952,22.4
130500,4.952,22.4
130600,4.952,22.4
130700,4.952,22.4
130800,4.952,22.4
130900,4.952,22.4
131000,4.952,22.4
131100,4.952,22.4
131200,4.952,22.4
131300,4.952,22.4
131400,4.952,22.4
131500,4.952,22.4
131600,4.952,22.4
131700,4.952,22.4
131800,4.952,22.4
131900,4.952,22.4
132000,4.952,22.4
132100,4.952,22.4
132200,4.952,22.4
132300,4.952,22.4
132400,4.952,22.4
132500,4.952,22.4
132600,4.952,22.4
132700,4.952,22.4
132800,4.744,22.2
132900,4.744,22.2
133000,4.744,22.2
133100,4.744,22.2
133200,4.744,22.2
133300,4.744,22.2
133400,4.744,22.2
133500,4.744,22.2
133600,4.744,22.2
133700,4.744,22.2
133800,4.744,22.2
133900,4.744,22.2
134000,4.744,22.2
134100,4.744,22.2
134200,4.736000000000001,22
134300,4.736000000000001,22
134400,4.736000000000001,22
134500,4.736000000000001,22
134600,4.736000000000001,22
134700,4.688,22.2
134800,4.688,22.2
134900,4.688,22.2
135000,4.688,22.2
135100,4.688,22.2
135200,4.688,22.2
135300,4.688,22.2
135400,4.688,22.2
135500,4.688,22.2
135600,4.632,22
135700,4.632,22
135800,4.632,22
135900,4.632,22
136000,4.632,22
136100,4.632,22
136200,4.632,22
136300,4.632,22
136400,4.632,22
136500,4.632,22
136600,4.632,22
136700,4.632,22
136800,4.632,22
136900,4.632,22
137000,4.632,22
137100,4.632,22
137200,4.632,22
137300,4.575999999999999,22
137400,4.575999999999999,22
137500,4.575999999999999,22
137600,4.575999999999999,22
137700,4.575999999999999,22
137800,4.575999999999999,22
137900,4.575999999999999,22
138000,4.575999999999999,22
138100,4.575999999999999,22
138200,4.575999999999999,22
138300,4.575999999999999,22
138400,4.575999999999999,22
138500,4.575999999999999,22
138600,4.575999999999999,22
138700,4.575999999999999,22
138800,4.575999999999999,22
138900,4.575999999999999,22
139000,4.575999999999999,22
139100,4.575999999999999,22
139200,4.575999999999999,22
139300,4.575999999999999,22
139400,4.575999999999999,22
139500,4.575999999999999,22
139600,4.575999999999999,22
139700,4.575999999999999,22
139800,4.575999999999999,22
139900,4.575999999999999,22
140000,4.575999999999999,22
140100,4.575999999999999,22
140200,4.575999999999999,22
140300,4.575999999999999,22
140400,4.575999999999999,22
140500,4.575999999999999,22
140600,4.575999999999999,22
140700,4.552,22
140800,4.552,22
140900,4.552,22
141000,4.552,22
141100,4.552,22
141200,4.552,22
141300,4.552,22
141400,4.552,22
141500,4.552,22
141600,4.552,22
141700,4.552,22
141800,4.536,22
141900,4.536,22
142000,4.536,22
142100,4.536,22
142200,4.536,22
142300,4.536,22
142400,4.536,22
142500,4.536,22
142600,4.536,22
142700,4.536,22
142800,4.536,22
142900,4.536,22
143000,4.536,22
143100,4.536,22
143200,4.536,22
143300,4.536,22
143400,4.536,22
143500,4.536,22
143600,4.536,22
143700,4.536,22
143800,4.536,22
143900,4.536,22
144000,4.536,22
144100,4.536,22
144200,4.536,22
144300,4.536,22
144400,4.536,22
144500,4.536,22
144600,4.488,22
144700,4.488,22
144800,4.488,22
144900,4.488,22
145000,4.488,22
145100,4.488,22
145200,4.488,22
145300,4.488,22
145400,4.488,22
145500,4.488,22
145600,4.488,22
145700,4.488,22
145800,4.488,22
145900,4.488,22
146000,4.488,22
146100,4.424,22
146200,4.424,22
146300,4.424,22
146400,4.424,22
146500,4.424,22
146600,4.424,22
146700,4.424,22
146800,4.424,22
146900,4.424,22
147000,4.424,22
147100,4.424,22
147200,4.424,22
147300,4.424,22
147400,4.424,22
147500,4.424,22
147600,4.424,22
147700,4.424,22
147800,4.424,22
147900,4.424,22
148000,4.424,22
148100,4.424,22
148200,4.424,22
148300,4.424,22
148400,4.424,22
148500,4.424,22
148600,4.424,22
148700,4.424,22
148800,4.424,22
148900,4.424,22
149000,4.424,22
149100,4.424,22
149200,4.424,22
149300,4.424,22
149400,4.424,22
149500,4.424,22
149600,4.424,22
149700,4.424,22
149800,4.424,22
149900,4.424,22
150000,4.424,22
150100,4.424,22
150200,4.424,22
150300,4.424,22
150400,4.424,22
150500,4.424,22
150600,4.424,22
150700,4.424,22
150800,4.424,22
150900,4.424,22
151000,4.424,22
151100,4.424,22
151200,4.424,22
151300,4.424,22
151400,4.424,22
151500,4.424,22
151600,4.424,22
151700,4.424,22
151800,4.424,22
151900,4.424,22
152000,4.424,22
152100,4.424,22
152200,4.424,22
152300,4.424,22
152400,4.424,22
152500,4.424,22
152600,4.424,22
152700,4.424,22
152800,4.424,22
152900,4.424,22
153000,4.424,22
153100,4.424,22
153200,4.424,22
153300,4.424,22
153400,4.424,22
153500,4.424,22
153600,4.424,22
153700,4.424,22
153800,4.424,22
153900,4.424,22
154000,4.424,22
154100,4.424,22
154200,4.424,22
154300,4.424,22
154400,4.424,22
154500,4.424,22
154600,4.424,22
154700,4.424,22
154800,4.424,22
154900,4.424,22
155000,4.424,22
155100,4.424,22
155200,4.424,22
155300,4.424,22
155400,4.424,22
155500,4.424,22
155600,4.424,22
155700,4.424,22
155800,4.424,22
155900,4.424,22
156000,4.424,22
156100,4.424,22
156200,4.424,22
156300,4.424,22
156400,4.424,22
156500,4.424,22
156600,4.424,22
156700,4.424,22
156800,4.424,22
156900,4.424,22
157000,4.424,22
157100,4.424,22
157200,4.424,22
157300,4.424,22
157400,4.424,22
157500,4.424,22
157600,4.424,22
157700,4.424,22
157800,4.424,22
157900,4.424,22
158000,4.424,22
158100,4.424,22
158200,4.424,22
158300,4.424,22
158400,4.424,22
158500,4.424,22
158600,4.424,22
158700,4.424,22
158800,4.424,22
158900,4.424,22
159000,4.424,22
159100,4.424,22
159200,4.424,22
159300,4.424,22
159400,4.424,22
159500,4.424,22
159600,4.424,22
159700,4.424,22
159800,4.424,22
159900,4.424,22
160000,4.424,22
160100,4.424,22
160200,4.424,22
160300,4.424,22
160400,4.424,22
160500,4.424,22
160600,4.424,22
160700,4.424,22
160800,4.424,22
160900,4.424,22
161000,4.424,22
161100,4.424,22
161200,4.424,22
161300,4.424,22
161400,4.424,22
161500,4.424,22
161600,4.424,22
161700,4.424,22
161800,4.424,22
161900,4.424,22
162000,4.424,22
162100,4.424,22
162200,4.424,22
162300,4.424,22
162400,4.424,22
162500,4.424,22
162600,4.424,22
162700,4.424,22
162800,4.424,22
162900,4.424,22
163000,4.424,22
163100,4.424,22
163200,4.424,22
163300,4.424,22
163400,4.424,22
163500,4.424,22
163600,4.424,22
163700,4.424,22
163800,4.424,22
163900,4.424,22
164000,4.424,22
164100,4.424,22
164200,4.424,22
164300,4.424,22
164400,4.424,22
164500,4.424,22
164600,4.424,22
164700,4.424,22
164800,4.424,22
164900,4.424,22
165000,4.424,22
165100,4.424,22
165200,4.424,22
165300,4.424,22
165400,4.424,22
165500,4.424,22
165600,4.424,22
165700,4.424,22
165800,4.424,22
165900,4.424,22
166000,4.424,22
166100,4.424,22
166200,4.424,22
166300,4.424,22
166400,4.424,22
166500,4.424,22
166600,4.424,22
166700,4.424,22
166800,4.424,22
166900,4.424,22
167000,4.424,22
167100,4.424,22
167200,4.424,22
167300,4.424,22
167400,4.424,22
167500,4.424,22
167600,4.424,22
167700,4.424,22
167800,4.424,22
167900,4.424,22
168000,4.424,22
168100,4.424,22
168200,4.424,22
168300,4.424,22
168400,4.424,22
168500,4.424,22
168600,4.424,22
168700,4.424,22
168800,4.424,22
168900,4.424,22
169000,4.424,22
169100,4.424,22
169200,4.424,22
169300,4.424,22
169400,4.424,22
169500,4.424,22
169600,4.424,22
169700,4.424,22
169800,4.4,22
169900,4.4,22
170000,4.368,21.8
170100,4.368,21.8
170200,4.368,21.8
170300,4.368,21.8
170400,4.368,21.8
170500,4.368,21.8
170600,4.368,21.8
170700,4.368,21.8
170800,4.368,21.8
170900,4.368,21.8
171000,4.368,21.8
171100,4.368,21.8
171200,4.279999999999999,21.6
171300,4.279999999999999,21.6
171400,4.279999999999999,21.6
171500,4.279999999999999,21.6
171600,4.279999999999999,21.6
171700,4.279999999999999,21.6
171800,4.279999999999999,21.6
171900,4.279999999999999,21.6
172000,4.279999999999999,21.6
172100,4.279999999999999,21.6
172200,4.279999999999999,21.6
172300,4.279999999999999,21.6
172400,4.279999999999999,21.6
172500,4.279999999999999,21.6
172600,4.279999999999999,21.6
172700,4.279999999999999,21.6
172800,4.279999999999999,21.6
172900,4.279999999999999,21.6
173000,4.279999999999999,21.6
173100,4.279999999999999,21.6
173200,4.279999999999999,21.6
173300,4.279999999999999,21.6
173400,4.279999999999999,21.6
173500,4.279999999999999,21.6
173600,4.183999999999999,21.8
173700,4.183999999999999,21.8
173800,4.183999999999999,21.8
173900,4.183999999999999,21.8
174000,4.183999999999999,21.8
174100,4.183999999999999,21.8
174200,4.183999999999999,21.8
174300,4.183999999999999,21.8
174400,4.183999999999999,21.8
174500,4.183999999999999,21.8
174600,4.183999999999999,21.8
174700,4.183999999999999,21.8
174800,4.183999999999999,21.8
174900,4.183999999999999,21.8
175000,4.183999999999999,21.8
175100,4.183999999999999,21.8
175200,4.183999999999999,21.8
175300,4.183999999999999,21.8
175400,4.183999999999999,21.8
175500,4.183999999999999,21.8
175600,4.176,21.8
175700,4.176,21.8
175800,4.176,21.8
175900,4.176,21.8
176000,4.176,21.8
176100,4.176,21.8
176200,4.176,21.8
176300,4.176,21.8
176400,4.176,21.8
176500,4.176,21.8
176600,4.176,21.8
176700,4.176,21.8
176800,4.176,21.8
176900,4.176,21.8
177000,4.176,21.8
177100,4.176,21.8
177200,4.176,21.8
177300,4.176,21.8
177400,4.176,21.8
177500,4.176,21.8
177600,4.176,21.8
177700,4.176,21.8
177800,4.176,21.8
177900,4.176,21.8
178000,4.176,21.8
178100,4.176,21.8
178200,4.176,21.8
178300,4.176,21.8
178400,4.176,21.8
178500,4.176,21.8
178600,4.176,21.8
178700,4.176,21.8
178800,4.176,21.8
178900,4.176,21.8
179000,4.176,21.8
179100,4.176,21.8
179200,4.152,21.6
179300,4.152,21.6
179400,4.152,21.6
179500,4.152,21.6
179600,4.152,21.6
179700,4.152,21.6
179800,4.152,21.6
179900,4.152,21.6
180000,4.152,21.6
180100,4.152,21.6
180200,4.152,21.6
180300,4.136,21.6
180400,4.136,21.6
180500,4.136,21.6
180600,4.136,21.6
180700,4.096,21.6
180800,4.096,21.6
180900,4.096,21.6
181000,4.096,21.6
181100,4.096,21.6
181200,4.096,21.6
181300,4.096,21.6
181400,4.096,21.6
181500,4.096,21.6
181600,4.096,21.6
181700,4.096,21.6
181800,4.096,21.6
181900,4.096,21.6
182000,4.096,21.6
182100,4.096,21.6
182200,4.096,21.6
182300,4.096,21.6
182400,4.096,21.6
182500,4.096,21.6
182600,4.096,21.6
182700,4.096,21.6
182800,4.096,21.6
182900,4.096,21.6
183000,4.08,21.8
183100,4.08,21.8
183200,4.08,21.8
183300,4.08,21.8
183400,4.08,21.8
183500,4.08,21.8
183600,4.08,21.8
183700,4.08,21.8
183800,4.08,21.8
183900,4.08,21.8
184000,4.08,21.8
184100,4.08,21.8
184200,4.08,21.8
184300,4.08,21.8
184400,4.08,21.8
184500,4.08,21.8
184600,4.08,21.8
184700,4.08,21.8
184800,4.08,21.8
184900,4.08,21.8
185000,4.08,21.8
185100,4.08,21.8
185200,4.08,21.8
185300,4.08,21.8
185400,4.08,21.8
185500,4.08,21.8
185600,4.08,21.8
185700,4.08,21.8
185800,4.08,21.8
185900,4.08,21.8
186000,4.08,21.8
186100,4.08,21.8
186200,4.08,21.8
186300,4.08,21.8
186400,4.08,21.8
186500,4.08,21.8
186600,4.08,21.8
186700,4.08,21.8
186800,4.08,21.8
186900,4.08,21.8
187000,4.08,21.8
187100,4.08,21.8
187200,4.08,21.8
187300,4.08,21.8
187400,4.08,21.8
187500,4.08,21.8
187600,4.08,21.8
187700,4.08,21.8
187800,4.08,21.8
187900,4.08,21.8
188000,4.08,21.8
188100,4.08,21.8
188200,4.08,21.8
188300,4.08,21.8
188400,4.08,21.8
188500,4.08,21.8
188600,4.08,21.8
188700,4.08,21.8
188800,4.08,21.8
188900,4.08,21.8
189000,4.08,21.8
189100,4.08,21.8
189200,4.08,21.8
189300,4.08,21.8
189400,4.08,21.8
189500,4.08,21.8
189600,4.08,21.8
189700,4.08,21.8
189800,4.08,21.8
189900,4.08,21.8
190000,4.08,21.8
190100,4.08,21.8
190200,4.08,21.8
190300,4.08,21.8
190400,4.08,21.8
190500,4.08,21.8
190600,4.08,21.8
190700,4.08,21.8
190800,4.08,21.8
190900,4.08,21.8
191000,4.08,21.8
191100,4.08,21.8
191200,4.08,21.8
191300,4.08,21.8
191400,4.08,21.8
191500,4.08,21.8
191600,4.08,21.8
191700,4.08,21.8
191800,4.08,21.8
191900,4.08,21.8
192000,4.08,21.8
192100,4.08,21.8
192200,4.08,21.8
192300,4.08,21.8
192400,4.08,21.8
192500,4.08,21.8
192600,4.08,21.8
192700,4.08,21.8
192800,4.08,21.8
192900,4.08,21.8
193000,4.08,21.8
193100,4.08,21.8
193200,4.08,21.8
193300,4.08,21.8
193400,4.08,21.8
193500,4.08,21.8
193600,4.08,21.8
193700,4.08,21.8
193800,4.08,21.8
193900,4.08,21.8
194000,4.08,21.8
194100,4.08,21.8
194200,4.08,21.8
194300,4.08,21.8
194400,4.08,21.8
194500,4.08,21.8
194600,4.08,21.8
194700,4.08,21.8
194800,4.08,21.8
194900,4.08,21.8
195000,4.08,21.8
195100,4.08,21.8
195200,4.08,21.8
195300,4.08,21.8
195400,4.08,21.8
195500,4.08,21.8
195600,4.08,21.8
195700,4.08,21.8
195800,4.08,21.8
195900,4.08,21.8
196000,4.08,21.8
196100,4.08,21.8
196200,4.08,21.8
196300,4.08,21.8
196400,4.08,21.8
196500,4.08,21.8
196600,4.08,21.8
196700,4.08,21.8
196800,4.08,21.8
196900,4.08,21.8
197000,4.08,21.8
197100,4.08,21.8
197200,4.08,21.8
197300,4.08,21.8
197400,4.08,21.8
197500,4.08,21.8
197600,4.08,21.8
197700,4.08,21.8
197800,4.08,21.8
197900,4.08,21.8
198000,4.08,21.8
198100,4.08,21.8
198200,4.08,21.8
198300,4.08,21.8
198400,4.08,21.8
198500,4.08,21.8
198600,4.08,21.8
198700,4.08,21.8
198800,4.08,21.8
198900,4.08,21.8
199000,4.08,21.8
199100,4.08,21.8
199200,4.08,21.8
199300,4.08,21.8
199400,4.08,21.8
199500,4.08,21.8
199600,4.08,21.8
199700,4.08,21.8
199800,4.08,21.8
199900,4.08,21.8
199999,4.08,21.8

START ALGORITHM
h1: (a43 - a34 - a51 - a54) * (-b21)
h2: (-a31) * (b21 - b43 - b45 - b11)
h3: (-a53 - a21) * (b35 + b33 - b34)
h4: (a35 + a13) * (b54 - b35 - b24)
h5: (a53 + a55) * (b34 - b51 - b32)
h6: (a44 - a23) * (b54 - b34 - b32)
h8: (a52 + a45) * (-b33 - b32 - b54)
h9: (-a34 - a53 - a52) * (b34 - b34)
h10: (a42 - a44 - a52) * (-b15 - b53)
h13: (a42 + a44 + a45 - a21) * (b21)
h14: (a21 - a44 - a24 - a31) * (b51)
h15: (-a25 - a51) * (b15 - b53 - b21)
h17: (a22 + a23) * (b33 + b13 - b53)
h18: (-a55) * (b13 + b34 - b22 - b14)
h19: (-a11 - a15 - a24) * (b52 - b43)
h20: (a35 + a35 + a12 - a24) * (-b33)
h23: (a44 + a51) * (b44 + b23 - b15)
h24: (a11 - a53) * (b22 + b34 + b31)
h25: (a35 + a15 - a35 - a24) * (-b23)
h26: (a32 + a25 + a52 - a52) * (-b42)
h27: (-a43 - a42 - a11) * (b13 - b25)
h28: (a53 - a34) * (b54 + b13 + b51)
h29: (-a21) * (b42 - b21 - b53 - b45)
h30: (a31 + a21) * (b54 - b35 - b21)
h31: (a25) * (b24 - b11 - b32 - b22)
h32: (a34 - a25) * (-b43 - b34 - b25)
h34: (a51 - a43) * (b35 + b52 - b14)
h35: (a52 + a24 - a55) * (b15 + b32)
h36: (a13 + a33 + a33 - a11) * (b53)
h37: (-a42) * (b41 + b43 + b15 + b33)
h38: (a34 + a45) * (b55 + b23 - b31)
h39: (a35 - a42 - a52 - a12) * (-b52)
h40: (a12 + a23 + a12) * (b21 - b45)
h41: (a21 - a42) * (b52 - b33 - b33)
h42: (a55 - a41 - a44 - a52) * (-b31)
h43: (a13 + a54 - a34) * (b12 - b45)
h45: (a45 - a43) * (b24 - b34 - b41)
h47: (a33 - a35) * (b12 - b12 - b15)
h48: (-a34 - a35) * (b23 - b12 - b34)
h50: (a33 - a43) * (b35 + b12 + b53)
h51: (a34 + a22 - a11) * (b42 - b12)
h53: (-a21 - a41 - a43) * (b12 - b14)
h54: (a32 - a55 - a55 - a14) * (-b53)
h57: (a53 + a12 + a21 - a21) * (b52)
h58: (a14 - a54 - a14) * (b42 + b34)
h59: (-a44) * (-b41 - b12 - b43 - b54)
h60: (a11 + a12 + a32 - a42) * (-b14)
h61: (a14 + a33 + a55) * (b55 - b11)
h62: (a53) * (b45 + b41 - b52 - b25)
h63: (a31 + a53 - a34) * (b42 - b32)
h66: (-a31) * (b33 + b21 - b22 - b22)
h67: (a53 + a31) * (b22 - b33 - b23)
h69: (a23 + a13 - a23) * (b42 - b14)
h70: (-a14 - a23) * (b11 + b11 - b42)
h71: (a11) * (b55 - b15 - b41 - b51)
h72: (a25) * (b45 + b34 - b25 - b35)
h73: (-a15) * (b11 + b55 + b15 - b15)
h74: (a13 + a53 - a33) * (b43 + b15)
h76: (a13 - a14 - a11) * (-b54 - b53)
h77: (a31 - a55) * (b11 - b44 - b53)
h78: (a23 + a35 - a32) * (b15 - b44)
h79: (a53 - a41 - a53) * (b21 - b31)
h80: (a23) * (b41 - b55 - b33 - b12)
h81: (a21 - a12 - a14 - a32) * (b45)
h82: (-a21 - a42) * (b44 - b23 - b55)
h83: (-a13) * (b25 + b34 + b13 - b14)
h85: (a14 - a33) * (b22 + b31 - b23)
h86: (a33 - a34 - a23) * (b31 - b13)
h88: (a34 + a25 - a32) * (b24 - b15)
h89: (a24 + a24 + a31) * (b15 - b41)
h92: (-a55) * (b35 + b24 + b12 - b41)
h95: (a53 - a42 - a12) * (b14 - b31)
h96: (a32 - a34 - a32) * (b25 + b24)
h98: (a42 - a24 - a15) * (-b34 - b55)
h99: (-a24 - a45) * (b13 + b51 - b11)
h100: (a23 + a42 - a52 - a33) * (b23)
h101: (a31 + a34 + a44 - a45) * (-b35)
h102: (a44) * (b14 - b11 - b33 - b42)
h104: (-a41 - a35) * (b35 - b34 - b54)
h105: (a52 - a41 - a52 - a34) * (-b43)
h107: (a22 + a45) * (b13 + b15 + b11)
h108: (a35 - a42) * (b25 - b34 - b44)
h109: (-a15 - a52 - a54) * (b33 - b13)
h110: (a55 + a22) * (b33 + b53 - b32)
h113: (a53 - a41 - a45) * (-b51 - b25)
h114: (a43 + a21 - a23 - a22) * (-b22)
h115: (a51 + a54 + a24 + a51) * (b15)
h116: (a14 + a23 + a45 - a24) * (b31)
h117: (a14 - a25) * (b55 - b11 - b33)
h118: (-a51 - a12 - a31) * (-b45 - b41)
h119: (a25 - a42) * (-b54 - b32 - b42)
h120: (a45 - a22 - a54) * (b44 - b35)
h121: (a55 - a52 - a34 - a22) * (b21)
h123: (a55) * (b44 + b11 - b12 - b25)
h124: (a54 - a13 - a52) * (b13 - b54)
h126: (a51 + a53) * (b23 - b31 - b22)
h133: (-a21 - a53 - a52) * (b23 - b31)
h143: (a15 - a55) * (b41 - b31 - b31)
h147: (-a32 - a22) * (-b34 - b55 - b23)
h153: (-a14) * (-b54 - b12 - b34 - b55)
h157: (a32 - a14 - a13 - a24) * (-b25)
h158: (a43 - a45 - a43 - a15) * (-b15)
h173: (a52 - a41 - a34) * (-b24 - b21)
h179: (-a35) * (b15 - b51 - b12 - b42)
h192: (-a22) * (b14 + b35 + b22 - b23)
h206: (a31 - a23) * (b23 - b35 - b32)
h221: (-a13 - a41) * (b23 - b43 - b51)
h239: (a24 + a24 - a12) * (b14 + b54)
h241: (a24 - a23 - a11) * (b54 - b53)
h259: (a13 - a45 - a53 - a43) * (b42)
h264: (-a44 - a55) * (b14 - b34 - b42)
h267: (-a32 - a41) * (b22 + b25 + b44)
h270: (a15 + a22 + a54 - a42) * (b55)
h288: (a32 - a31) * (b21 + b55 + b34)
h313: (a34 - a22) * (b34 - b55 - b55)
h320: (a22 - a52 - a53) * (b44 - b54)
h324: (-a12) * (-b41 - b32 - b34 - b24)
h335: (a41 - a43) * (b15 + b52 - b35)
h360: (-a54 - a51 - a44) * (b32 - b23)
h367: (a13 + a44 - a15) * (-b41 - b44)
h377: (-a35 - a55 - a13 - a23) * (-b22)
h401: (a15 + a11) * (b51 + b43 + b23)
h403: (a45 - a51 - a43) * (b44 + b31)
h420: (-a21) * (b55 - b41 - b14 - b35)
h431: (a12 + a22) * (-b11 - b22 - b42)
h450: (a22 - a35 - a25) * (b23 - b55)
h457: (a54 + a52 - a41 - a51) * (b23)
h472: (a12 + a14) * (-b52 - b55 - b31)
h497: (a31 + a22) * (b33 - b24 - b43)
h511: (a45 - a51 - a43) * (b43 + b44)
h552: (a13 + a25) * (b41 + b24 + b51)
h569: (a51 - a32) * (b11 + b22 + b54)
h633: (-a33 - a12) * (b35 + b55 - b52)
h639: (a54 - a21) * (b43 + b35 - b24)
h655: (a42 - a34 - a15) * (b13 + b44)
h693: (a23 + a12 + a35 - a21) * (b21)
h738: (-a51 - a22) * (b35 + b23 - b53)
h782: (a43 - a41) * (b42 - b42 - b32)
h796: (-a31) * (b35 + b31 + b33 - b51)
h806: (a45) * (b41 + b34 - b44 - b55)
h815: (a44 + a12 + a31) * (b54 + b21)
h835: (a14) * (b33 - b33 - b55 - b21)
h946: (a15) * (b32 + b14 - b31 - b25)
h1004: (a12) * (b22 + b42 + b54 - b51)
h1013: (a51) * (b33 + b24 - b25 - b33)
h1133: (a51 + a12 - a42 - a44) * (-b21)
h1167: (-a45 - a35 - a25) * (b23 - b22)
h1175: (-a13 - a41) * (b13 - b54 - b44)
h1199: (a41 + a13 - a34 - a51) * (b32)
h1326: (a11 - a45 - a43 - a24) * (-b45)
h1336: (a15 - a41) * (-b54 - b25 - b42)
h1520: (-a15 - a12) * (b52 + b34 - b23)
h1521: (a24 + a32 + a23) * (b43 + b41)
h1544: (-a35 - a33) * (b25 - b52 - b54)
h1831: (a15 - a23) * (b22 - b23 - b41)
h1928: (a23 - a44 - a15) * (b41 - b55)
h1942: (a15 + a21) * (b43 + b52 - b43)
h1967: (a55 + a12 - a51 - a11) * (-b51)
h2043: (a52 - a34) * (b55 - b34 - b25)
h2084: (a32 - a15) * (b23 + b41 + b45)
h2156: (a44 + a23) * (b35 + b42 - b23)
h2226: (a14 - a25) * (b22 + b12 - b12)
h2244: (a51 - a55) * (b44 + b33 - b33)
h2559: (a15) * (b21 + b25 - b15 - b31)
h3349: (a13 + a54 - a51) * (b31 - b11)
h3357: (a15) * (b33 - b13 - b25 - b42)
h3403: (a34 + a55) * (b11 + b54 - b31)
h3852: (a53 + a52 - a51) * (b24 - b12)
h4159: (-a43 - a15) * (b22 - b54 - b12)
h4545: (a34 - a33 - a31) * (-b12 - b25)
h4576: (a51 - a15 - a21) * (-b11 - b13)
h4818: (a32 + a45 + a52 - a45) * (-b35)
h5501: (a22) * (b23 + b23 + b24 - b55)
h5887: (a55 + a54 + a25) * (b24 + b33)
h5961: (a22 - a13 - a41 - a22) * (b34)
h6421: (a12 - a44) * (b41 + b43 - b43)
h6460: (a25 + a52 + a42 + a53) * (b21)
h6606: (a13 + a34) * (b21 - b44 - b35)
h6677: (a24 + a23 - a13 - a24) * (b54)
h7701: (a52 + a32 - a55) * (-b25 - b35)
h7715: (a34 + a15) * (b51 + b11 + b24)
h8213: (a43 + a34 - a24) * (b35 - b12)
h9901: (-a41 - a52) * (b11 - b53 - b43)
h10388: (-a32) * (b22 + b24 + b42 + b31)
h11370: (a21 + a15 - a21 - a42) * (b21)
h12832: (a42 + a34 + a11) * (-b51 - b54)
h13901: (a11 - a25) * (-b31 - b51 - b52)
h17683: (a41 + a13) * (b13 + b51 + b15)
h21189: (-a51) * (b12 + b23 - b45 - b41)
h21905: (-a32 - a52) * (b21 - b11 - b54)
h22824: (a43 + a32 + a11 - a55) * (b55)
c11: h70 + h37 + h6 + h1133 + h1544 + h15 + h4818 + h552 + h7701 + h12832 - h34 - h401 
c12: h119 + h108 + h267 + h117 + h14 + h57 + h1928 + h5887 + h13901 + h5887 - h13 - h147 - h192 - h569 
c13: h69 + h15 + h239 + h1928 + h5961 + h1133 - h81 - h100 - h4818 
c14: h79 + h63 + h102 + h367 + h946 + h1520 + h12832 + h7715 + h6421 - h109 - h1167 
c15: h153 + h78 + h110 + h116 + h2043 + h7715 - h124 - h107 - h28 - h143 - h259 - h3357 
c21: h31 + h14 + h420 + h1133 + h1167 + h192 + h1133 
c22: h41 + h104 + h18 + h110 + h66 + h450 + h1831 + h1133 + h13901 + h79 + h1520 - h102 - h5501 
c23: h126 + h78 + h377 + h57 + h497 + h552 + h1133 + h7715 + h13 - h403 
c24: h60 + h2 + h173 + h335 + h42 + h15 + h76 + h552 + h4159 + h1133 + h10388 + h1520 + h7715 - h23 
c25: h693 + h13 + h5887 + h6421 - h179 - h1942 - h2226 
c31: h17 + h77 + h3852 + h79 - h28 - h114 - h1004 
c32: h102 + h270 + h24 + h192 + h1520 + h6677 + h1520 + h7715 - h123 - h28 - h738 - h1133 - h1199 
c33: h39 + h81 + h58 + h1521 + h116 + h2559 + h1520 + h6460 + h7715 - h62 - h63 - h104 - h121 - h4576 
c34: h62 + h72 + h48 + h31 + h118 + h192 + h117 + h1520 + h6460 + h7715 - h39 - h313 - h457 - h1336 - h2244 
c35: h92 + h264 + h20 + h95 + h655 + h360 + h815 + h26 + h206 + h2559 + h693 + h552 + h3852 + h7715 - h367 - h796 - h2156 - h17683 
c41: h74 + h267 + h42 + h431 + h835 + h552 + h6421 + h15 + h7701 + h7715 + h1520 
c42: h259 + h450 + h2 + h27 + h3349 + h3852 + h1520 + h7715 - h109 - h633 - h806 - h3403 - h6606 
c43: h114 + h86 + h43 + h110 + h73 + h1326 + h2226 + h1520 + h7701 - h118 
c44: h72 + h78 + h3 + h206 + h63 + h143 + h569 + h693 + h4545 + h7715 + h10388 + h7715 + h7715 + h7715 - h1967 
c45: h14 + h113 + h116 + h431 + h569 + h946 + h13 + h552 + h12832 - h62 - h335 - h2043 
c51: h124 + h98 + h120 + h143 + h179 + h420 + h1013 + h552 + h2226 + h15 + h5961 + h7715 + h1133 + h13 - h206 - h1175 
c52: h86 + h92 + h241 + h552 + h76 + h569 + h511 + h192 + h6421 + h21905 - h83 - h1520 
c53: h40 + h54 + h77 + h113 + h86 + h13 + h21189 + h22824 
c54: h13 + h324 + h639 + h15 + h13 + h8213 + h9901 + h7701 - h2084 
c55: h92 + h123 + h45 + h102 + h66 + h360 + h73 + h79 + h40 + h15 + h1520 + h11370 - h782 
