0,153.67200000000003,25
100,99.87199999999999,25
200,77.688,24.6
300,70.968,24.4
400,66.136,24.2
500,61.912,24.8
600,59.67999999999999,24.8
700,59.608000000000004,24.8
800,58.75999999999999,24.8
900,58.751999999999995,24.8
1000,58.751999999999995,24.8
1100,58.024,24.8
1200,57.29599999999999,24.8
1300,56.064,24.8
1400,56.064,24.8
1500,55.58399999999999,24.8
1600,55.58399999999999,24.8
1700,55.58399999999999,24.8
1800,55.58399999999999,24.8
1900,54.38399999999999,25
2000,54.072,25
2100,53.327999999999996,25
2200,52.76800000000001,25
2300,52.76800000000001,25
2400,52.76800000000001,25
2500,51.472,24.8
2600,51.472,24.8
2700,50.176,24.8
2800,50.176,24.8
2900,50.152,24.8
3000,50.152,24.8
3100,49.792,24.8
3200,49.792,24.8
3300,49.303999999999995,24.8
3400,48.864000000000004,24.8
3500,47.944,24.8
3600,47.352,24.8
3700,46.936,24.8
3800,45.959999999999994,24.8
3900,45.8,24.8
4000,45.160000000000004,24.8
4100,45.008,24.8
4200,45.008,24.8
4300,44.480000000000004,24.8
4400,43.34400000000001,24.8
4500,43.34400000000001,24.8
4600,42.536,24.8
4700,42.192,24.8
4800,42.192,24.8
4900,42.176,24.8
5000,41.528,24.8
5100,41.528,24.8
5200,40.888,24.8
5300,40.888,24.8
5400,40.888,24.8
5500,40.888,24.8
5600,40.888,24.8
5700,40.60799999999999,24.8
5800,40.568,24.8
5900,40.544,24.8
6000,39.64,24.8
6100,39.64,24.8
6200,39.64,24.8
6300,39.64,24.8
6400,39.64,24.8
6500,39.64,24.8
6600,39.39200000000001,24.8
6700,39.39200000000001,24.8
6800,39.39200000000001,24.8
6900,38.656000000000006,24.8
7000,38.656000000000006,24.8
7100,38.576,24.6
7200,38.576,24.6
7300,38.576,24.6
7400,38.576,24.6
7500,38.576,24.6
7600,37.552,24.6
7700,37.312,24.6
7800,37.312,24.6
7900,37.312,24.6
8000,37.312,24.6
8100,37.312,24.6
8200,37.312,24.6
8300,37.312,24.6
8400,36.36,24.4
8500,36.36,24.4
8600,36.36,24.4
8700,36.36,24.4
8800,35.832,24.4
8900,35.775999999999996,24.4
9000,35.775999999999996,24.4
9100,35.775999999999996,24.4
9200,35.64,24.4
9300,35.64,24.4
9400,35.60000000000001,24.4
9500,35.456,24.4
9600,35.456,24.4
9700,35.456,24.4
9800,35.456,24.4
9900,35.456,24.4
10000,35.456,24.4
10100,35.456,24.4
10200,35.456,24.4
10300,35.456,24.4
10400,35.456,24.4
10500,35.456,24.4
10600,35.456,24.4
10700,35.456,24.4
10800,35.456,24.4
10900,35.432,24.4
11000,35.432,24.4
11100,35.432,24.4
11200,35.432,24.4
11300,35.432,24.4
11400,35.432,24.4
11500,35.4,24.4
11600,35.4,24.4
11700,35.4,24.4
11800,35.4,24.4
11900,35.368,24.4
12000,35.368,24.4
12100,35.368,24.4
12200,35.368,24.4
12300,35.368,24.4
12400,35.368,24.4
12500,35.368,24.4
12600,35.368,24.4
12700,35.368,24.4
12800,35.368,24.4
12900,35.368,24.4
13000,35.368,24.4
13100,35.368,24.4
13200,35.368,24.4
13300,34.983999999999995,24.4
13400,34.983999999999995,24.4
13500,34.983999999999995,24.4
13600,34.97599999999999,24.4
13700,34.97599999999999,24.4
13800,34.97599999999999,24.4
13900,34.97599999999999,24.4
14000,34.97599999999999,24.4
14100,34.97599999999999,24.4
14200,34.97599999999999,24.4
14300,34.97599999999999,24.4
14400,34.97599999999999,24.4
14500,34.288,24.4
14600,34.288,24.4
14700,34.288,24.4
14800,33.616,24.4
14900,33.616,24.4
15000,33.616,24.4
15100,33.616,24.4
15200,33.616,24.4
15300,33.616,24.4
15400,33.616,24.4
15500,33.616,24.4
15600,33.616,24.4
15700,33.616,24.4
15800,33.616,24.4
15900,33.480000000000004,24.4
16000,32.936,24.4
16100,32.936,24.4
16200,32.816,24.4
16300,32.816,24.4
16400,32.232,24.4
16500,31.695999999999998,24.4
16600,31.68,24.4
16700,31.68,24.4
16800,31.68,24.4
16900,31.68,24.4
17000,31.68,24.4
17100,31.288,24.4
17200,31.288,24.4
17300,31.288,24.4
17400,31.288,24.4
17500,31.288,24.4
17600,31.288,24.4
17700,31.288,24.4
17800,31.288,24.4
17900,31.288,24.4
18000,31.288,24.4
18100,31.288,24.4
18200,31.288,24.4
18300,31.288,24.4
18400,31.288,24.4
18500,31.288,24.4
18600,31.288,24.4
18700,31.288,24.4
18800,31.288,24.4
18900,31.288,24.4
19000,31.240000000000002,24.4
19100,31.240000000000002,24.4
19200,31.240000000000002,24.4
19300,31.240000000000002,24.4
19400,31.240000000000002,24.4
19500,31.240000000000002,24.4
19600,31.240000000000002,24.4
19700,31.159999999999997,24.4
19800,30.808,24.4
19900,30.808,24.4
20000,30.808,24.4
20100,30.808,24.4
20200,30.68,24.4
20300,30.68,24.4
20400,30.68,24.4
20500,30.68,24.4
20600,30.68,24.4
20700,30.52,24.4
20800,30.424,24.4
20900,30.248,24.4
21000,29.744000000000007,24.4
21100,29.744000000000007,24.4
21200,29.744000000000007,24.4
21300,29.744000000000007,24.4
21400,29.744000000000007,24.4
21500,29.744000000000007,24.4
21600,29.744000000000007,24.4
21700,29.744000000000007,24.4
21800,29.744000000000007,24.4
21900,29.744000000000007,24.4
22000,29.744000000000007,24.4
22100,29.744000000000007,24.4
22200,29.744000000000007,24.4
22300,29.744000000000007,24.4
22400,29.744000000000007,24.4
22500,29.744000000000007,24.4
22600,29.744000000000007,24.4
22700,29.744000000000007,24.4
22800,29.744000000000007,24.4
22900,29.744000000000007,24.4
23000,29.744000000000007,24.4
23100,29.744000000000007,24.4
23200,29.744000000000007,24.4
23300,29.744000000000007,24.4
23400,29.744000000000007,24.4
23500,29.744000000000007,24.4
23600,29.584000000000003,24.4
23700,29.584000000000003,24.4
23800,29.584000000000003,24.4
23900,29.528,24.4
24000,29.528,24.4
24100,29.191999999999997,24.4
24200,29.191999999999997,24.4
24300,29.191999999999997,24.4
24400,29.191999999999997,24.4
24500,29.191999999999997,24.4
24600,29.191999999999997,24.4
24700,29.191999999999997,24.4
24800,29.191999999999997,24.4
24900,28.912,24.4
25000,28.424,24.6
25100,28.424,24.6
25200,28.424,24.6
25300,28.424,24.6
25400,28.424,24.6
25500,28.424,24.6
25600,28.424,24.6
25700,28.424,24.6
25800,28.424,24.6
25900,28.424,24.6
26000,28.336000000000002,24.6
26100,28.336000000000002,24.6
26200,28.336000000000002,24.6
26300,28.336000000000002,24.6
26400,28.336000000000002,24.6
26500,28.336000000000002,24.6
26600,28.336000000000002,24.6
26700,28.336000000000002,24.6
26800,28.336000000000002,24.6
26900,28.336000000000002,24.6
27000,28.336000000000002,24.6
27100,28.336000000000002,24.6
27200,28.336000000000002,24.6
27300,28.336000000000002,24.6
27400,28.336000000000002,24.6
27500,28.336000000000002,24.6
27600,28.336000000000002,24.6
27700,28.336000000000002,24.6
27800,28.336000000000002,24.6
27900,28.336000000000002,24.6
28000,28.336000000000002,24.6
28100,28.336000000000002,24.6
28200,28.336000000000002,24.6
28300,28.336000000000002,24.6
28400,28.336000000000002,24.6
28500,28.336000000000002,24.6
28600,28.336000000000002,24.6
28700,28.336000000000002,24.6
28800,28.336000000000002,24.6
28900,28.336000000000002,24.6
29000,28.336000000000002,24.6
29100,28.336000000000002,24.6
29200,28.336000000000002,24.6
29300,28.336000000000002,24.6
29400,28.336000000000002,24.6
29500,28.336000000000002,24.6
29600,28.336000000000002,24.6
29700,28.336000000000002,24.6
29800,28.336000000000002,24.6
29900,28.336000000000002,24.6
30000,28.336000000000002,24.6
30100,28.336000000000002,24.6
30200,28.336000000000002,24.6
30300,28.336000000000002,24.6
30400,28.336000000000002,24.6
30500,28.336000000000002,24.6
30600,27.792,24.6
30700,27.776,24.4
30800,27.776,24.4
30900,27.776,24.4
31000,27.776,24.4
31100,27.776,24.4
31200,27.776,24.4
31300,27.776,24.4
31400,27.76,24.6
31500,27.76,24.6
31600,27.76,24.6
31700,27.76,24.6
31800,27.76,24.6
31900,27.76,24.6
32000,27.76,24.6
32100,27.76,24.6
32200,27.76,24.6
32300,27.76,24.6
32400,27.76,24.6
32500,27.76,24.6
32600,27.76,24.6
32700,27.76,24.6
32800,27.76,24.6
32900,27.76,24.6
33000,27.591999999999995,24.6
33100,27.591999999999995,24.6
33200,27.591999999999995,24.6
33300,27.591999999999995,24.6
33400,27.591999999999995,24.6
33500,27.591999999999995,24.6
33600,27.591999999999995,24.6
33700,27.591999999999995,24.6
33800,27.591999999999995,24.6
33900,27.591999999999995,24.6
34000,27.591999999999995,24.6
34100,27.591999999999995,24.6
34200,27.591999999999995,24.6
34300,27.591999999999995,24.6
34400,27.591999999999995,24.6
34500,27.591999999999995,24.6
34600,27.591999999999995,24.6
34700,27.591999999999995,24.6
34800,26.304000000000002,24.4
34900,26.304000000000002,24.4
35000,26.304000000000002,24.4
35100,26.304000000000002,24.4
35200,26.304000000000002,24.4
35300,26.304000000000002,24.4
35400,26.304000000000002,24.4
35500,26.304000000000002,24.4
35600,26.304000000000002,24.4
35700,26.304000000000002,24.4
35800,25.880000000000003,24.4
35900,25.880000000000003,24.4
36000,25.880000000000003,24.4
36100,25.880000000000003,24.4
36200,25.880000000000003,24.4
36300,25.880000000000003,24.4
36400,25.32,24.6
36500,25.32,24.6
36600,25.151999999999997,24.6
36700,25.151999999999997,24.6
36800,25.151999999999997,24.6
36900,25.151999999999997,24.6
37000,25.151999999999997,24.6
37100,25.151999999999997,24.6
37200,25.151999999999997,24.6
37300,25.151999999999997,24.6
37400,25.151999999999997,24.6
37500,25.151999999999997,24.6
37600,25.151999999999997,24.6
37700,25.151999999999997,24.6
37800,25.151999999999997,24.6
37900,25.151999999999997,24.6
38000,25.151999999999997,24.6
38100,24.928,24.6
38200,24.928,24.6
38300,24.928,24.6
38400,24.928,24.6
38500,24.928,24.6
38600,24.928,24.6
38700,24.928,24.6
38800,24.872000000000003,24.6
38900,24.872000000000003,24.6
39000,24.872000000000003,24.6
39100,24.872000000000003,24.6
39200,24.872000000000003,24.6
39300,24.872000000000003,24.6
39400,24.872000000000003,24.6
39500,24.872000000000003,24.6
39600,24.872000000000003,24.6
39700,24.872000000000003,24.6
39800,24.872000000000003,24.6
39900,24.872000000000003,24.6
40000,24.872000000000003,24.6
40100,24.872000000000003,24.6
40200,24.872000000000003,24.6
40300,24.872000000000003,24.6
40400,24.872000000000003,24.6
40500,24.375999999999998,24.6
40600,24.375999999999998,24.6
40700,24.375999999999998,24.6
40800,24.375999999999998,24.6
40900,24.375999999999998,24.6
41000,24.375999999999998,24.6
41100,24.375999999999998,24.6
41200,24.375999999999998,24.6
41300,24.375999999999998,24.6
41400,24.375999999999998,24.6
41500,24.375999999999998,24.6
41600,24.375999999999998,24.6
41700,24.375999999999998,24.6
41800,24.208,24.6
41900,24.208,24.6
42000,24.208,24.6
42100,24.208,24.6
42200,24.208,24.6
42300,24.208,24.6
42400,24.208,24.6
42500,24.208,24.6
42600,24.208,24.6
42700,24.208,24.6
42800,24.208,24.6
42900,24.208,24.6
43000,24.208,24.6
43100,24.208,24.6
43200,24.208,24.6
43300,24.208,24.6
43400,24.208,24.6
43500,24.208,24.6
43600,24.208,24.6
43700,24.208,24.6
43800,24.208,24.6
43900,24.208,24.6
44000,24.208,24.6
44100,24.208,24.6
44200,24.208,24.6
44300,24.208,24.6
44400,24.208,24.6
44500,24.208,24.6
44600,24.208,24.6
44700,24.208,24.6
44800,24.208,24.6
44900,24.208,24.6
45000,24.208,24.6
45100,24.208,24.6
45200,24.208,24.6
45300,24.208,24.6
45400,23.848,24.6
45500,23.848,24.6
45600,23.848,24.6
45700,23.848,24.6
45800,23.848,24.6
45900,23.848,24.6
46000,23.848,24.6
46100,23.848,24.6
46200,23.848,24.6
46300,23.848,24.6
46400,23.848,24.6
46500,23.848,24.6
46600,23.848,24.6
46700,23.848,24.6
46800,23.848,24.6
46900,23.848,24.6
47000,23.848,24.6
47100,23.848,24.6
47200,23.848,24.6
47300,23.848,24.6
47400,23.848,24.6
47500,23.848,24.6
47600,23.848,24.6
47700,23.848,24.6
47800,23.848,24.6
47900,23.848,24.6
48000,23.848,24.6
48100,23.848,24.6
48200,23.848,24.6
48300,23.848,24.6
48400,23.848,24.6
48500,23.728,24.6
48600,23.728,24.6
48700,23.728,24.6
48800,23.728,24.6
48900,23.728,24.6
49000,23.728,24.6
49100,23.728,24.6
49200,23.728,24.6
49300,23.728,24.6
49400,23.728,24.6
49500,23.728,24.6
49600,23.728,24.6
49700,23.728,24.6
49800,23.728,24.6
49900,23.728,24.6
50000,23.728,24.6
50100,23.728,24.6
50200,23.728,24.6
50300,23.728,24.6
50400,23.728,24.6
50500,23.728,24.6
50600,23.728,24.6
50700,23.728,24.6
50800,23.728,24.6
50900,23.728,24.6
51000,23.728,24.6
51100,23.728,24.6
51200,23.728,24.6
51300,23.568,24.6
51400,23.568,24.6
51500,23.568,24.6
51600,23.568,24.6
51700,23.568,24.6
51800,23.568,24.6
51900,23.568,24.6
52000,23.568,24.6
52100,23.568,24.6
52200,23.568,24.6
52300,23.568,24.6
52400,23.568,24.6
52500,23.568,24.6
52600,23.568,24.6
52700,23.568,24.6
52800,23.568,24.6
52900,23.568,24.6
53000,23.568,24.6
53100,23.568,24.6
53200,23.272,24.4
53300,23.272,24.4
53400,23.272,24.4
53500,23.272,24.4
53600,23.272,24.4
53700,23.272,24.4
53800,23.272,24.4
53900,23.272,24.4
54000,23.272,24.4
54100,23.272,24.4
54200,23.272,24.4
54300,23.272,24.4
54400,23.272,24.4
54500,23.272,24.4
54600,23.272,24.4
54700,23.272,24.4
54800,23.272,24.4
54900,23.272,24.4
55000,23.272,24.4
55100,23.272,24.4
55200,23.272,24.4
55300,23.272,24.4
55400,23.272,24.4
55500,23.272,24.4
55600,23.2,24.4
55700,23.2,24.4
55800,23.2,24.4
55900,23.2,24.4
56000,23.2,24.4
56100,23.2,24.4
56200,23.2,24.4
56300,23.2,24.4
56400,23.2,24.4
56500,23.2,24.4
56600,23.2,24.4
56700,23.2,24.4
56800,23.2,24.4
56900,23.2,24.4
57000,23.2,24.4
57100,23.2,24.4
57200,23.2,24.4
57300,23.2,24.4
57400,23.2,24.4
57500,23.2,24.4
57600,23.2,24.4
57700,23.2,24.4
57800,23.2,24.4
57900,23.2,24.4
58000,23.2,24.4
58100,23.2,24.4
58200,23.2,24.4
58300,23.2,24.4
58400,23.2,24.4
58500,23.2,24.4
58600,23.2,24.4
58700,23.2,24.4
58800,23.2,24.4
58900,23.2,24.4
59000,23.2,24.4
59100,23.2,24.4
59200,23.2,24.4
59300,23.2,24.4
59400,23.2,24.4
59500,23.2,24.4
59600,23.2,24.4
59700,23.2,24.4
59800,23.2,24.4
59900,23.2,24.4
60000,23.2,24.4
60100,23.2,24.4
60200,23.2,24.4
60300,23.2,24.4
60400,23.2,24.4
60500,23.2,24.4
60600,23.2,24.4
60700,23.2,24.4
60800,23.2,24.4
60900,23.2,24.4
61000,23.2,24.4
61100,23.2,24.4
61200,23.2,24.4
61300,23.2,24.4
61400,23.2,24.4
61500,23.2,24.4
61600,23.2,24.4
61700,23.2,24.4
61800,23.2,24.4
61900,23.2,24.4
62000,23.2,24.4
62100,23.2,24.4
62200,23.2,24.4
62300,23.2,24.4
62400,23.2,24.4
62500,23.2,24.4
62600,23.2,24.4
62700,23.2,24.4
62800,23.2,24.4
62900,23.2,24.4
63000,23.2,24.4
63100,23.2,24.4
63200,23.2,24.4
63300,23.2,24.4
63400,23.2,24.4
63500,23.2,24.4
63600,23.2,24.4
63700,23.2,24.4
63800,23.2,24.4
63900,23.2,24.4
64000,23.2,24.4
64100,23.2,24.4
64200,23.2,24.4
64300,23.2,24.4
64400,23.2,24.4
64500,23.2,24.4
64600,23.2,24.4
64700,23.2,24.4
64800,23.2,24.4
64900,23.2,24.4
65000,23.2,24.4
65100,23.2,24.4
65200,23.2,24.4
65300,23.2,24.4
65400,23.2,24.4
65500,23.2,24.4
65600,23.2,24.4
65700,23.2,24.4
65800,23.2,24.4
65900,23.2,24.4
66000,23.2,24.4
66100,23.2,24.4
66200,23.2,24.4
66300,23.2,24.4
66400,23.2,24.4
66500,23.2,24.4
66600,23.2,24.4
66700,23.2,24.4
66800,23.2,24.4
66900,23.2,24.4
67000,23.2,24.4
67100,23.2,24.4
67200,23.2,24.4
67300,23.2,24.4
67400,23.2,24.4
67500,23.2,24.4
67600,23.2,24.4
67700,23.2,24.4
67800,23.2,24.4
67900,23.2,24.4
68000,23.2,24.4
68100,23.2,24.4
68200,23.2,24.4
68300,23.2,24.4
68400,23.2,24.4
68500,23.2,24.4
68600,23.2,24.4
68700,23.2,24.4
68800,23.2,24.4
68900,23.2,24.4
69000,23.2,24.4
69100,23.2,24.4
69200,23.2,24.4
69300,23.2,24.4
69400,23.2,24.4
69500,23.2,24.4
69600,23.2,24.4
69700,23.2,24.4
69800,23.2,24.4
69900,23.2,24.4
70000,23.2,24.4
70100,23.2,24.4
70200,23.2,24.4
70300,23.2,24.4
70400,23.2,24.4
70500,23.2,24.4
70600,23.2,24.4
70700,23.2,24.4
70800,23.2,24.4
70900,23.2,24.4
71000,23.2,24.4
71100,23.2,24.4
71200,23.2,24.4
71300,23.2,24.4
71400,23.2,24.4
71500,23.2,24.4
71600,23.2,24.4
71700,23.2,24.4
71800,23.2,24.4
71900,23.2,24.4
72000,23.2,24.4
72100,23.2,24.4
72200,23.2,24.4
72300,23.2,24.4
72400,23.2,24.4
72500,23.2,24.4
72600,23.2,24.4
72700,23.2,24.4
72800,23.2,24.4
72900,23.2,24.4
73000,23.2,24.4
73100,23.2,24.4
73200,23.2,24.4
73300,23.2,24.4
73400,23.2,24.4
73500,23.2,24.4
73600,23.2,24.4
73700,23.2,24.4
73800,23.2,24.4
73900,23.2,24.4
74000,23.2,24.4
74100,23.2,24.4
74200,23.2,24.4
74300,23.2,24.4
74400,23.2,24.4
74500,23.2,24.4
74600,23.2,24.4
74700,23.2,24.4
74800,23.2,24.4
74900,23.2,24.4
75000,23.2,24.4
75100,23.2,24.4
75200,23.2,24.4
75300,23.2,24.4
75400,23.2,24.4
75500,23.2,24.4
75600,23.2,24.4
75700,23.2,24.4
75800,23.2,24.4
75900,23.2,24.4
76000,23.2,24.4
76100,23.2,24.4
76200,23.2,24.4
76300,23.2,24.4
76400,23.2,24.4
76500,23.2,24.4
76600,23.2,24.4
76700,23.2,24.4
76800,23.008000000000003,24.4
76900,23.008000000000003,24.4
77000,22.728,24.6
77100,22.728,24.6
77200,22.728,24.6
77300,22.728,24.6
77400,22.728,24.6
77500,22.728,24.6
77600,22.728,24.6
77700,22.728,24.6
77800,22.728,24.6
77900,22.728,24.6
78000,22.728,24.6
78100,22.728,24.6
78200,22.728,24.6
78300,22.728,24.6
78400,22.728,24.6
78500,22.728,24.6
78600,22.728,24.6
78700,22.728,24.6
78800,22.728,24.6
78900,22.728,24.6
79000,22.728,24.6
79100,22.728,24.6
79200,22.728,24.6
79300,22.728,24.6
79400,22.728,24.6
79500,22.728,24.6
79600,22.728,24.6
79700,22.728,24.6
79800,22.728,24.6
79900,22.728,24.6
80000,22.728,24.6
80100,22.728,24.6
80200,22.728,24.6
80300,22.728,24.6
80400,22.728,24.6
80500,22.728,24.6
80600,22.728,24.6
80700,22.728,24.6
80800,22.728,24.6
80900,22.728,24.6
81000,22.728,24.6
81100,22.728,24.6
81200,22.728,24.6
81300,22.728,24.6
81400,22.728,24.6
81500,22.728,24.6
81600,22.728,24.6
81700,22.728,24.6
81800,22.728,24.6
81900,22.728,24.6
82000,22.728,24.6
82100,22.728,24.6
82200,22.728,24.6
82300,22.728,24.6
82400,22.728,24.6
82500,22.728,24.6
82600,22.728,24.6
82700,22.728,24.6
82800,22.728,24.6
82900,22.728,24.6
83000,22.248,24.6
83100,22.248,24.6
83200,22.248,24.6
83300,22.248,24.6
83400,22.248,24.6
83500,22.248,24.6
83600,22.248,24.6
83700,22.248,24.6
83800,22.248,24.6
83900,22.248,24.6
84000,22.248,24.6
84100,22.248,24.6
84200,22.248,24.6
84300,22.248,24.6
84400,22.248,24.6
84500,22.248,24.6
84600,22.248,24.6
84700,22.248,24.6
84800,22.248,24.6
84900,22.248,24.6
85000,22.248,24.6
85100,22.248,24.6
85200,22.248,24.6
85300,22.248,24.6
85400,22.248,24.6
85500,22.248,24.6
85600,22.248,24.6
85700,22.248,24.6
85800,22.248,24.6
85900,22.248,24.6
86000,22.248,24.6
86100,22.248,24.6
86200,22.248,24.6
86300,22.248,24.6
86400,22.248,24.6
86500,22.248,24.6
86600,22.248,24.6
86700,22.248,24.6
86800,22.248,24.6
86900,22.248,24.6
87000,22.248,24.6
87100,22.248,24.6
87200,22.248,24.6
87300,22.248,24.6
87400,22.248,24.6
87500,22.248,24.6
87600,22.248,24.6
87700,22.248,24.6
87800,22.248,24.6
87900,22.248,24.6
88000,22.248,24.6
88100,22.248,24.6
88200,22.248,24.6
88300,22.248,24.6
88400,22.248,24.6
88500,22.248,24.6
88600,22.248,24.6
88700,22.248,24.6
88800,22.248,24.6
88900,22.248,24.6
89000,22.248,24.6
89100,22.248,24.6
89200,22.248,24.6
89300,22.248,24.6
89400,22.248,24.6
89500,22.248,24.6
89600,22.248,24.6
89700,22.248,24.6
89800,22.248,24.6
89900,22.248,24.6
90000,22.248,24.6
90100,21.832,24.6
90200,21.832,24.6
90300,21.832,24.6
90400,21.832,24.6
90500,21.832,24.6
90600,21.832,24.6
90700,21.832,24.6
90800,21.832,24.6
90900,21.832,24.6
91000,21.832,24.6
91100,21.832,24.6
91200,21.832,24.6
91300,21.832,24.6
91400,21.832,24.6
91500,21.832,24.6
91600,21.832,24.6
91700,21.832,24.6
91800,21.832,24.6
91900,21.832,24.6
92000,21.832,24.6
92100,21.832,24.6
92200,21.832,24.6
92300,21.832,24.6
92400,21.832,24.6
92500,21.832,24.6
92600,21.832,24.6
92700,21.832,24.6
92800,21.832,24.6
92900,21.832,24.6
93000,21.832,24.6
93100,21.832,24.6
93200,21.832,24.6
93300,21.832,24.6
93400,21.832,24.6
93500,21.832,24.6
93600,21.832,24.6
93700,21.832,24.6
93800,21.832,24.6
93900,21.832,24.6
94000,21.832,24.6
94100,21.832,24.6
94200,21.832,24.6
94300,21.832,24.6
94400,21.832,24.6
94500,21.832,24.6
94600,21.832,24.6
94700,21.832,24.6
94800,21.832,24.6
94900,21.832,24.6
95000,21.832,24.6
95100,21.832,24.6
95200,21.832,24.6
95300,21.832,24.6
95400,21.832,24.6
95500,21.832,24.6
95600,21.832,24.6
95700,21.832,24.6
95800,21.832,24.6
95900,21.832,24.6
96000,21.832,24.6
96100,21.832,24.6
96200,21.832,24.6
96300,21.832,24.6
96400,21.832,24.6
96500,21.832,24.6
96600,21.832,24.6
96700,21.832,24.6
96800,21.832,24.6
96900,21.832,24.6
97000,21.832,24.6
97100,21.832,24.6
97200,21.832,24.6
97300,21.832,24.6
97400,21.832,24.6
97500,21.832,24.6
97600,21.832,24.6
97700,21.832,24.6
97800,21.832,24.6
97900,21.832,24.6
98000,21.832,24.6
98100,21.832,24.6
98200,21.832,24.6
98300,21.832,24.6
98400,21.832,24.6
98500,21.832,24.6
98600,21.832,24.6
98700,21.832,24.6
98800,21.832,24.6
98900,21.832,24.6
99000,21.832,24.6
99100,21.832,24.6
99200,21.832,24.6
99300,21.832,24.6
99400,21.832,24.6
99500,21.832,24.6
99600,21.832,24.6
99700,21.832,24.6
99800,21.832,24.6
99900,21.832,24.6
100000,21.832,24.6
100100,21.832,24.6
100200,21.832,24.6
100300,21.832,24.6
100400,21.832,24.6
100500,21.832,24.6
100600,21.832,24.6
100700,21.832,24.6
100800,21.832,24.6
100900,21.832,24.6
101000,21.832,24.6
101100,21.832,24.6
101200,21.832,24.6
101300,21.832,24.6
101400,21.832,24.6
101500,21.832,24.6
101600,21.832,24.6
101700,21.832,24.6
101800,21.832,24.6
101900,21.832,24.6
102000,21.832,24.6
102100,21.832,24.6
102200,21.832,24.6
102300,21.832,24.6
102400,21.832,24.6
102500,21.832,24.6
102600,21.832,24.6
102700,21.832,24.6
102800,21.832,24.6
102900,21.832,24.6
103000,21.832,24.6
103100,21.832,24.6
103200,21.832,24.6
103300,21.832,24.6
103400,21.832,24.6
103500,21.832,24.6
103600,21.832,24.6
103700,21.832,24.6
103800,21.832,24.6
103900,21.832,24.6
104000,21.832,24.6
104100,21.832,24.6
104200,21.832,24.6
104300,21.832,24.6
104400,21.832,24.6
104500,21.832,24.6
104600,21.832,24.6
104700,21.832,24.6
104800,21.832,24.6
104900,21.832,24.6
105000,21.832,24.6
105100,21.832,24.6
105200,21.832,24.6
105300,21.832,24.6
105400,21.832,24.6
105500,21.832,24.6
105600,21.832,24.6
105700,21.832,24.6
105800,21.832,24.6
105900,21.832,24.6
106000,21.832,24.6
106100,21.832,24.6
106200,21.832,24.6
106300,21.832,24.6
106400,21.832,24.6
106500,21.832,24.6
106600,21.832,24.6
106700,21.832,24.6
106800,21.832,24.6
106900,21.832,24.6
107000,21.832,24.6
107100,21.832,24.6
107200,21.832,24.6
107300,21.832,24.6
107400,21.832,24.6
107500,21.832,24.6
107600,21.832,24.6
107700,21.832,24.6
107800,21.832,24.6
107900,21.832,24.6
108000,21.832,24.6
108100,21.832,24.6
108200,21.832,24.6
108300,21.832,24.6
108400,21.832,24.6
108500,21.832,24.6
108600,21.832,24.6
108700,21.832,24.6
108800,21.832,24.6
108900,21.832,24.6
109000,21.832,24.6
109100,21.832,24.6
109200,21.832,24.6
109300,21.832,24.6
109400,21.832,24.6
109500,21.832,24.6
109600,21.832,24.6
109700,21.832,24.6
109800,21.832,24.6
109900,21.832,24.6
110000,21.832,24.6
110100,21.832,24.6
110200,21.832,24.6
110300,21.832,24.6
110400,21.832,24.6
110500,21.832,24.6
110600,21.832,24.6
110700,21.832,24.6
110800,21.832,24.6
110900,21.832,24.6
111000,21.832,24.6
111100,21.832,24.6
111200,21.832,24.6
111300,21.832,24.6
111400,21.832,24.6
111500,21.832,24.6
111600,21.832,24.6
111700,21.832,24.6
111800,21.832,24.6
111900,21.832,24.6
112000,21.832,24.6
112100,21.832,24.6
112200,21.832,24.6
112300,21.832,24.6
112400,21.832,24.6
112500,21.832,24.6
112600,21.832,24.6
112700,21.832,24.6
112800,21.832,24.6
112900,21.832,24.6
113000,21.832,24.6
113100,21.832,24.6
113200,21.832,24.6
113300,21.832,24.6
113400,21.832,24.6
113500,21.832,24.6
113600,21.832,24.6
113700,21.832,24.6
113800,21.832,24.6
113900,21.832,24.6
114000,21.832,24.6
114100,21.832,24.6
114200,21.832,24.6
114300,21.832,24.6
114400,21.832,24.6
114500,21.832,24.6
114600,21.832,24.6
114700,21.832,24.6
114800,21.832,24.6
114900,21.832,24.6
115000,21.832,24.6
115100,21.832,24.6
115200,21.832,24.6
115300,21.832,24.6
115400,21.832,24.6
115500,21.832,24.6
115600,21.832,24.6
115700,21.832,24.6
115800,21.832,24.6
115900,21.832,24.6
116000,21.832,24.6
116100,21.832,24.6
116200,21.832,24.6
116300,21.832,24.6
116400,21.832,24.6
116500,21.832,24.6
116600,21.832,24.6
116700,21.832,24.6
116800,21.832,24.6
116900,21.832,24.6
117000,21.832,24.6
117100,21.832,24.6
117200,21.832,24.6
117300,21.832,24.6
117400,21.832,24.6
117500,21.832,24.6
117600,21.832,24.6
117700,21.832,24.6
117800,21.832,24.6
117900,21.832,24.6
118000,21.832,24.6
118100,21.832,24.6
118200,21.832,24.6
118300,21.832,24.6
118400,21.832,24.6
118500,21.832,24.6
118600,21.832,24.6
118700,21.832,24.6
118800,21.832,24.6
118900,21.832,24.6
119000,21.832,24.6
119100,21.832,24.6
119200,21.832,24.6
119300,21.832,24.6
119400,21.832,24.6
119500,21.832,24.6
119600,21.832,24.6
119700,21.832,24.6
119800,21.832,24.6
119900,21.832,24.6
120000,21.832,24.6
120100,21.832,24.6
120200,21.832,24.6
120300,21.832,24.6
120400,21.832,24.6
120500,21.832,24.6
120600,21.832,24.6
120700,21.832,24.6
120800,21.832,24.6
120900,21.832,24.6
121000,21.832,24.6
121100,21.832,24.6
121200,21.832,24.6
121300,21.832,24.6
121400,21.832,24.6
121500,21.832,24.6
121600,21.832,24.6
121700,21.832,24.6
121800,21.832,24.6
121900,21.832,24.6
122000,21.832,24.6
122100,21.832,24.6
122200,21.832,24.6
122300,21.832,24.6
122400,21.832,24.6
122500,21.832,24.6
122600,21.832,24.6
122700,21.832,24.6
122800,21.832,24.6
122900,21.832,24.6
123000,21.832,24.6
123100,21.832,24.6
123200,21.832,24.6
123300,21.832,24.6
123400,21.832,24.6
123500,21.832,24.6
123600,21.832,24.6
123700,21.832,24.6
123800,21.832,24.6
123900,21.832,24.6
124000,21.832,24.6
124100,21.832,24.6
124200,21.832,24.6
124300,21.832,24.6
124400,21.832,24.6
124500,21.832,24.6
124600,21.832,24.6
124700,21.832,24.6
124800,21.832,24.6
124900,21.832,24.6
125000,21.832,24.6
125100,21.832,24.6
125200,21.832,24.6
125300,21.832,24.6
125400,21.832,24.6
125500,21.832,24.6
125600,21.832,24.6
125700,21.832,24.6
125800,21.832,24.6
125900,21.832,24.6
126000,21.832,24.6
126100,21.832,24.6
126200,21.832,24.6
126300,21.832,24.6
126400,21.832,24.6
126500,21.832,24.6
126600,21.832,24.6
126700,21.832,24.6
126800,21.832,24.6
126900,21.832,24.6
127000,21.832,24.6
127100,21.832,24.6
127200,21.832,24.6
127300,21.832,24.6
127400,21.832,24.6
127500,21.832,24.6
127600,21.832,24.6
127700,21.832,24.6
127800,21.832,24.6
127900,21.832,24.6
128000,21.832,24.6
128100,21.832,24.6
128200,21.832,24.6
128300,21.832,24.6
128400,21.832,24.6
128500,21.832,24.6
128600,21.832,24.6
128700,21.832,24.6
128800,21.832,24.6
128900,21.832,24.6
129000,21.832,24.6
129100,21.832,24.6
129200,21.832,24.6
129300,21.832,24.6
129400,21.832,24.6
129500,21.832,24.6
129600,21.832,24.6
129700,21.832,24.6
129800,21.832,24.6
129900,21.832,24.6
130000,21.832,24.6
130100,21.832,24.6
130200,21.832,24.6
130300,21.832,24.6
130400,21.832,24.6
130500,21.832,24.6
130600,21.832,24.6
130700,21.832,24.6
130800,21.832,24.6
130900,21.832,24.6
131000,21.832,24.6
131100,21.832,24.6
131200,21.832,24.6
131300,21.832,24.6
131400,21.832,24.6
131500,21.832,24.6
131600,21.832,24.6
131700,21.832,24.6
131800,21.832,24.6
131900,21.832,24.6
132000,21.832,24.6
132100,21.832,24.6
132200,21.832,24.6
132300,21.832,24.6
132400,21.832,24.6
132500,21.832,24.6
132600,21.832,24.6
132700,21.832,24.6
132800,21.832,24.6
132900,21.832,24.6
133000,21.832,24.6
133100,21.832,24.6
133200,21.832,24.6
133300,21.832,24.6
133400,21.832,24.6
133500,21.832,24.6
133600,21.832,24.6
133700,21.832,24.6
133800,21.832,24.6
133900,21.832,24.6
134000,21.832,24.6
134100,21.832,24.6
134200,21.832,24.6
134300,21.832,24.6
134400,21.832,24.6
134500,21.832,24.6
134600,21.832,24.6
134700,21.832,24.6
134800,21.832,24.6
134900,21.832,24.6
135000,21.832,24.6
135100,21.832,24.6
135200,21.832,24.6
135300,21.832,24.6
135400,21.832,24.6
135500,21.832,24.6
135600,21.832,24.6
135700,21.832,24.6
135800,21.832,24.6
135900,21.832,24.6
136000,21.832,24.6
136100,21.832,24.6
136200,21.832,24.6
136300,21.832,24.6
136400,21.832,24.6
136500,21.832,24.6
136600,21.832,24.6
136700,21.832,24.6
136800,21.832,24.6
136900,21.832,24.6
137000,21.832,24.6
137100,21.832,24.6
137200,21.832,24.6
137300,21.832,24.6
137400,21.832,24.6
137500,21.832,24.6
137600,21.832,24.6
137700,21.832,24.6
137800,21.832,24.6
137900,21.832,24.6
138000,21.832,24.6
138100,21.832,24.6
138200,21.832,24.6
138300,21.832,24.6
138400,21.832,24.6
138500,21.832,24.6
138600,21.832,24.6
138700,21.832,24.6
138800,21.832,24.6
138900,21.832,24.6
139000,21.832,24.6
139100,21.832,24.6
139200,21.832,24.6
139300,21.832,24.6
139400,21.832,24.6
139500,21.832,24.6
139600,21.832,24.6
139700,21.832,24.6
139800,21.832,24.6
139900,21.832,24.6
140000,21.832,24.6
140100,21.832,24.6
140200,21.832,24.6
140300,21.832,24.6
140400,21.832,24.6
140500,21.832,24.6
140600,21.832,24.6
140700,21.832,24.6
140800,21.832,24.6
140900,21.832,24.6
141000,21.832,24.6
141100,21.832,24.6
141200,21.832,24.6
141300,21.832,24.6
141400,21.832,24.6
141500,21.832,24.6
141600,21.832,24.6
141700,21.832,24.6
141800,21.832,24.6
141900,21.832,24.6
142000,21.832,24.6
142100,21.832,24.6
142200,21.832,24.6
142300,21.832,24.6
142400,21.832,24.6
142500,21.832,24.6
142600,21.832,24.6
142700,21.832,24.6
142800,21.832,24.6
142900,21.832,24.6
143000,21.832,24.6
143100,21.832,24.6
143200,21.832,24.6
143300,21.832,24.6
143400,21.832,24.6
143500,21.832,24.6
143600,21.832,24.6
143700,21.832,24.6
143800,21.832,24.6
143900,21.832,24.6
144000,21.832,24.6
144100,21.832,24.6
144200,21.832,24.6
144300,21.832,24.6
144400,21.832,24.6
144500,21.832,24.6
144600,21.832,24.6
144700,21.832,24.6
144800,21.832,24.6
144900,21.832,24.6
145000,21.832,24.6
145100,21.832,24.6
145200,21.832,24.6
145300,21.832,24.6
145400,21.832,24.6
145500,21.832,24.6
145600,21.832,24.6
145700,21.832,24.6
145800,21.832,24.6
145900,21.832,24.6
146000,21.832,24.6
146100,21.832,24.6
146200,21.832,24.6
146300,21.832,24.6
146400,21.832,24.6
146500,21.832,24.6
146600,21.832,24.6
146700,21.832,24.6
146800,21.832,24.6
146900,21.832,24.6
147000,21.832,24.6
147100,21.832,24.6
147200,21.832,24.6
147300,21.735999999999997,24.6
147400,21.735999999999997,24.6
147500,21.735999999999997,24.6
147600,21.735999999999997,24.6
147700,21.735999999999997,24.6
147800,21.735999999999997,24.6
147900,21.735999999999997,24.6
148000,21.735999999999997,24.6
148100,21.735999999999997,24.6
148200,21.735999999999997,24.6
148300,21.735999999999997,24.6
148400,21.735999999999997,24.6
148500,21.735999999999997,24.6
148600,21.735999999999997,24.6
148700,21.735999999999997,24.6
148800,21.735999999999997,24.6
148900,21.735999999999997,24.6
149000,21.735999999999997,24.6
149100,21.735999999999997,24.6
149200,21.735999999999997,24.6
149300,21.735999999999997,24.6
149400,21.735999999999997,24.6
149500,21.735999999999997,24.6
149600,21.735999999999997,24.6
149700,21.735999999999997,24.6
149800,21.735999999999997,24.6
149900,21.735999999999997,24.6
150000,21.735999999999997,24.6
150100,21.735999999999997,24.6
150200,21.735999999999997,24.6
150300,21.735999999999997,24.6
150400,21.735999999999997,24.6
150500,21.735999999999997,24.6
150600,21.735999999999997,24.6
150700,21.735999999999997,24.6
150800,21.735999999999997,24.6
150900,21.735999999999997,24.6
151000,21.735999999999997,24.6
151100,21.735999999999997,24.6
151200,21.735999999999997,24.6
151300,21.735999999999997,24.6
151400,21.735999999999997,24.6
151500,21.735999999999997,24.6
151600,21.735999999999997,24.6
151700,21.735999999999997,24.6
151800,21.735999999999997,24.6
151900,21.735999999999997,24.6
152000,21.735999999999997,24.6
152100,21.735999999999997,24.6
152200,21.735999999999997,24.6
152300,21.735999999999997,24.6
152400,21.735999999999997,24.6
152500,21.735999999999997,24.6
152600,21.735999999999997,24.6
152700,21.735999999999997,24.6
152800,21.735999999999997,24.6
152900,21.735999999999997,24.6
153000,21.735999999999997,24.6
153100,21.735999999999997,24.6
153200,21.735999999999997,24.6
153300,21.735999999999997,24.6
153400,21.735999999999997,24.6
153500,21.735999999999997,24.6
153600,21.735999999999997,24.6
153700,21.735999999999997,24.6
153800,21.735999999999997,24.6
153900,21.735999999999997,24.6
154000,21.735999999999997,24.6
154100,21.735999999999997,24.6
154200,21.735999999999997,24.6
154300,21.735999999999997,24.6
154400,21.735999999999997,24.6
154500,21.688000000000002,24.6
154600,21.688000000000002,24.6
154700,21.688000000000002,24.6
154800,21.688000000000002,24.6
154900,21.688000000000002,24.6
155000,21.688000000000002,24.6
155100,21.688000000000002,24.6
155200,21.688000000000002,24.6
155300,21.688000000000002,24.6
155400,21.688000000000002,24.6
155500,21.688000000000002,24.6
155600,21.688000000000002,24.6
155700,21.688000000000002,24.6
155800,21.688000000000002,24.6
155900,21.688000000000002,24.6
156000,21.688000000000002,24.6
156100,21.688000000000002,24.6
156200,21.688000000000002,24.6
156300,21.688000000000002,24.6
156400,21.688000000000002,24.6
156500,21.688000000000002,24.6
156600,21.688000000000002,24.6
156700,21.688000000000002,24.6
156800,21.688000000000002,24.6
156900,21.688000000000002,24.6
157000,21.688000000000002,24.6
157100,21.688000000000002,24.6
157200,21.688000000000002,24.6
157300,21.688000000000002,24.6
157400,21.688000000000002,24.6
157500,21.688000000000002,24.6
157600,21.688000000000002,24.6
157700,21.688000000000002,24.6
157800,21.688000000000002,24.6
157900,21.688000000000002,24.6
158000,21.688000000000002,24.6
158100,21.688000000000002,24.6
158200,21.688000000000002,24.6
158300,21.688000000000002,24.6
158400,21.688000000000002,24.6
158500,21.688000000000002,24.6
158600,21.688000000000002,24.6
158700,21.688000000000002,24.6
158800,21.688000000000002,24.6
158900,21.688000000000002,24.6
159000,21.688000000000002,24.6
159100,21.688000000000002,24.6
159200,21.688000000000002,24.6
159300,21.688000000000002,24.6
159400,21.688000000000002,24.6
159500,21.688000000000002,24.6
159600,21.688000000000002,24.6
159700,21.688000000000002,24.6
159800,21.688000000000002,24.6
159900,21.688000000000002,24.6
160000,21.688000000000002,24.6
160100,21.688000000000002,24.6
160200,21.688000000000002,24.6
160300,21.688000000000002,24.6
160400,21.688000000000002,24.6
160500,21.688000000000002,24.6
160600,21.688000000000002,24.6
160700,21.688000000000002,24.6
160800,21.688000000000002,24.6
160900,21.688000000000002,24.6
161000,21.688000000000002,24.6
161100,21.688000000000002,24.6
161200,21.688000000000002,24.6
161300,21.688000000000002,24.6
161400,21.688000000000002,24.6
161500,21.688000000000002,24.6
161600,21.688000000000002,24.6
161700,21.688000000000002,24.6
161800,21.688000000000002,24.6
161900,21.688000000000002,24.6
162000,21.688000000000002,24.6
162100,21.688000000000002,24.6
162200,21.688000000000002,24.6
162300,21.688000000000002,24.6
162400,21.688000000000002,24.6
162500,21.688000000000002,24.6
162600,21.688000000000002,24.6
162700,21.688000000000002,24.6
162800,21.688000000000002,24.6
162900,21.688000000000002,24.6
163000,21.688000000000002,24.6
163100,21.688000000000002,24.6
163200,21.688000000000002,24.6
163300,21.688000000000002,24.6
163400,21.688000000000002,24.6
163500,21.688000000000002,24.6
163600,21.688000000000002,24.6
163700,21.688000000000002,24.6
163800,21.688000000000002,24.6
163900,21.688000000000002,24.6
164000,21.688000000000002,24.6
164100,21.688000000000002,24.6
164200,21.688000000000002,24.6
164300,21.688000000000002,24.6
164400,21.688000000000002,24.6
164500,21.688000000000002,24.6
164600,21.688000000000002,24.6
164700,21.688000000000002,24.6
164800,21.688000000000002,24.6
164900,21.688000000000002,24.6
165000,21.688000000000002,24.6
165100,21.688000000000002,24.6
165200,21.688000000000002,24.6
165300,21.688000000000002,24.6
165400,21.688000000000002,24.6
165500,21.688000000000002,24.6
165600,21.68,24.6
165700,21.68,24.6
165800,21.68,24.6
165900,21.68,24.6
166000,21.68,24.6
166100,21.68,24.6
166200,21.68,24.6
166300,21.68,24.6
166400,21.68,24.6
166500,21.68,24.6
166600,21.68,24.6
166700,21.68,24.6
166800,21.68,24.6
166900,21.68,24.6
167000,21.68,24.6
167100,21.68,24.6
167200,21.68,24.6
167300,21.68,24.6
167400,21.68,24.6
167500,21.68,24.6
167600,21.68,24.6
167700,21.68,24.6
167800,21.68,24.6
167900,21.68,24.6
168000,21.68,24.6
168100,21.68,24.6
168200,21.68,24.6
168300,21.68,24.6
168400,21.68,24.6
168500,21.68,24.6
168600,21.68,24.6
168700,21.68,24.6
168800,21.68,24.6
168900,21.68,24.6
169000,21.68,24.6
169100,21.68,24.6
169200,21.68,24.6
169300,21.68,24.6
169400,21.68,24.6
169500,21.68,24.6
169600,21.68,24.6
169700,21.68,24.6
169800,21.68,24.6
169900,21.68,24.6
170000,21.68,24.6
170100,21.68,24.6
170200,21.68,24.6
170300,21.68,24.6
170400,21.68,24.6
170500,21.68,24.6
170600,21.68,24.6
170700,21.68,24.6
170800,21.68,24.6
170900,21.68,24.6
171000,21.68,24.6
171100,21.68,24.6
171200,21.68,24.6
171300,21.68,24.6
171400,21.68,24.6
171500,21.68,24.6
171600,21.68,24.6
171700,21.68,24.6
171800,21.68,24.6
171900,21.68,24.6
172000,21.68,24.6
172100,21.68,24.6
172200,21.68,24.6
172300,21.68,24.6
172400,21.68,24.6
172500,21.68,24.6
172600,21.544,24.6
172700,21.544,24.6
172800,21.216,24.6
172900,21.216,24.6
173000,21.216,24.6
173100,21.216,24.6
173200,21.216,24.6
173300,21.216,24.6
173400,21.216,24.6
173500,21.216,24.6
173600,21.216,24.6
173700,21.216,24.6
173800,21.216,24.6
173900,21.216,24.6
174000,21.216,24.6
174100,21.216,24.6
174200,21.216,24.6
174300,21.216,24.6
174400,21.216,24.6
174500,21.216,24.6
174600,21.216,24.6
174700,21.216,24.6
174800,21.216,24.6
174900,21.216,24.6
175000,21.216,24.6
175100,21.216,24.6
175200,21.216,24.6
175300,21.216,24.6
175400,21.216,24.6
175500,21.216,24.6
175600,21.216,24.6
175700,21.216,24.6
175800,21.216,24.6
175900,21.216,24.6
176000,21.216,24.6
176100,21.216,24.6
176200,21.216,24.6
176300,21.216,24.6
176400,21.216,24.6
176500,21.216,24.6
176600,21.216,24.6
176700,21.216,24.6
176800,21.216,24.6
176900,21.216,24.6
177000,21.216,24.6
177100,21.216,24.6
177200,21.216,24.6
177300,21.216,24.6
177400,21.216,24.6
177500,21.216,24.6
177600,21.216,24.6
177700,21.216,24.6
177800,21.216,24.6
177900,21.216,24.6
178000,21.216,24.6
178100,21.216,24.6
178200,21.216,24.6
178300,21.216,24.6
178400,21.216,24.6
178500,21.216,24.6
178600,21.216,24.6
178700,21.216,24.6
178800,21.216,24.6
178900,21.216,24.6
179000,21.216,24.6
179100,21.216,24.6
179200,21.216,24.6
179300,21.216,24.6
179400,21.216,24.6
179500,21.216,24.6
179600,21.216,24.6
179700,21.216,24.6
179800,21.216,24.6
179900,21.216,24.6
180000,21.216,24.6
180100,21.216,24.6
180200,21.216,24.6
180300,21.216,24.6
180400,21.216,24.6
180500,21.216,24.6
180600,21.216,24.6
180700,21.216,24.6
180800,21.216,24.6
180900,21.216,24.6
181000,21.216,24.6
181100,21.216,24.6
181200,21.216,24.6
181300,21.216,24.6
181400,21.216,24.6
181500,21.216,24.6
181600,21.216,24.6
181700,21.216,24.6
181800,21.216,24.6
181900,21.216,24.6
182000,21.216,24.6
182100,21.216,24.6
182200,21.216,24.6
182300,21.216,24.6
182400,21.216,24.6
182500,21.216,24.6
182600,21.216,24.6
182700,21.216,24.6
182800,21.216,24.6
182900,21.216,24.6
183000,21.216,24.6
183100,21.216,24.6
183200,21.216,24.6
183300,21.216,24.6
183400,21.216,24.6
183500,21.216,24.6
183600,21.216,24.6
183700,21.216,24.6
183800,21.216,24.6
183900,21.216,24.6
184000,21.216,24.6
184100,21.216,24.6
184200,21.216,24.6
184300,21.216,24.6
184400,21.216,24.6
184500,21.216,24.6
184600,21.216,24.6
184700,21.216,24.6
184800,21.216,24.6
184900,21.216,24.6
185000,21.216,24.6
185100,21.216,24.6
185200,21.216,24.6
185300,21.216,24.6
185400,21.216,24.6
185500,21.216,24.6
185600,21.216,24.6
185700,21.216,24.6
185800,21.216,24.6
185900,21.216,24.6
186000,21.216,24.6
186100,21.216,24.6
186200,21.216,24.6
186300,21.216,24.6
186400,21.216,24.6
186500,21.216,24.6
186600,21.216,24.6
186700,21.216,24.6
186800,21.216,24.6
186900,21.216,24.6
187000,21.216,24.6
187100,21.216,24.6
187200,21.216,24.6
187300,21.216,24.6
187400,21.216,24.6
187500,21.216,24.6
187600,21.216,24.6
187700,21.216,24.6
187800,21.216,24.6
187900,21.216,24.6
188000,21.216,24.6
188100,21.216,24.6
188200,21.168,24.6
188300,21.168,24.6
188400,21.168,24.6
188500,21.168,24.6
188600,21.168,24.6
188700,21.168,24.6
188800,21.168,24.6
188900,21.168,24.6
189000,21.168,24.6
189100,21.168,24.6
189200,21.168,24.6
189300,21.168,24.6
189400,21.168,24.6
189500,21.168,24.6
189600,21.168,24.6
189700,21.168,24.6
189800,21.168,24.6
189900,21.168,24.6
190000,21.168,24.6
190100,21.168,24.6
190200,21.168,24.6
190300,21.168,24.6
190400,21.168,24.6
190500,21.168,24.6
190600,21.168,24.6
190700,21.168,24.6
190800,21.168,24.6
190900,21.168,24.6
191000,21.168,24.6
191100,21.168,24.6
191200,21.168,24.6
191300,21.168,24.6
191400,21.168,24.6
191500,21.168,24.6
191600,21.168,24.6
191700,21.168,24.6
191800,21.168,24.6
191900,21.168,24.6
192000,21.168,24.6
192100,21.168,24.6
192200,21.168,24.6
192300,21.168,24.6
192400,21.168,24.6
192500,21.168,24.6
192600,21.168,24.6
192700,21.168,24.6
192800,21.168,24.6
192900,21.168,24.6
193000,21.168,24.6
193100,21.168,24.6
193200,21.168,24.6
193300,21.168,24.6
193400,21.168,24.6
193500,21.168,24.6
193600,21.168,24.6
193700,21.168,24.6
193800,21.168,24.6
193900,21.168,24.6
194000,21.168,24.6
194100,21.168,24.6
194200,21.168,24.6
194300,21.168,24.6
194400,21.168,24.6
194500,21.168,24.6
194600,21.168,24.6
194700,21.168,24.6
194800,21.168,24.6
194900,21.168,24.6
195000,21.168,24.6
195100,21.168,24.6
195200,21.168,24.6
195300,21.168,24.6
195400,21.168,24.6
195500,21.168,24.6
195600,21.168,24.6
195700,21.168,24.6
195800,21.168,24.6
195900,21.168,24.6
196000,21.168,24.6
196100,21.168,24.6
196200,21.168,24.6
196300,21.168,24.6
196400,21.168,24.6
196500,21.168,24.6
196600,21.168,24.6
196700,21.168,24.6
196800,21.168,24.6
196900,21.168,24.6
197000,21.168,24.6
197100,21.168,24.6
197200,21.168,24.6
197300,21.168,24.6
197400,21.168,24.6
197500,21.168,24.6
197600,21.168,24.6
197700,21.168,24.6
197800,21.168,24.6
197900,21.168,24.6
198000,21.168,24.6
198100,21.168,24.6
198200,21.168,24.6
198300,21.168,24.6
198400,21.168,24.6
198500,21.168,24.6
198600,21.168,24.6
198700,21.168,24.6
198800,21.168,24.6
198900,21.168,24.6
199000,21.168,24.6
199100,21.168,24.6
199200,21.168,24.6
199300,21.168,24.6
199400,21.168,24.6
199500,21.168,24.6
199600,21.168,24.6
199700,20.863999999999997,24.6
199800,20.863999999999997,24.6
199900,20.863999999999997,24.6
199999,20.863999999999997,24.6

START ALGORITHM
h1: (a55) * (b55 + b15 + b51 + b22 + b13 - b31 - b51)
h23: (-a42) * (b15 + b53 + b12 + b45 + b53 + b55 + b23 + b51 + b32 - b34 - b51 - b35 - b54 - b14 - b52 - b43 - b53 - b24 - b43)
h24: (a42) * (b22 + b12 - b33)
h32: (a45) * (b32 + b32 - b22 - b45)
h33: (a32) * (b43 + b54 + b11 + b41 + b24 + b15 + b22 + b14 - b54 - b24 - b44 - b45 - b12 - b21 - b51 - b53 - b55)
h37: (a31) * (-b23 - b54)
h55: (a42 - a35) * (b25 + b12 + b12 + b52 + b42 + b41 + b31 + b12 + b31 + b11 - b44 - b13 - b52 - b43 - b24 - b11 - b13)
h66: (a25 + a21 + a22 - a32) * (b41 + b32 + b54 + b21 - b13 - b53)
h68: (a25 + a51 - a41) * (-b43)
h73: (a51 - a43 - a52) * (b53 - b13 - b45 - b43)
h76: (a52 - a42) * (b43 + b51 + b22 - b14 - b31 - b11 - b54 - b14 - b24 - b23)
h88: (-a41) * (b15 - b12 - b33)
h100: (a24 - a15 - a53) * (b24 + b21 + b13 + b31 + b24 - b43 - b25 - b25 - b24 - b42 - b34)
h102: (-a31 - a24) * (b41 + b33 + b31 + b53 + b12 + b42 - b55 - b13 - b13 - b11 - b43 - b14 - b32 - b24 - b11 - b43)
h117: (a23) * (b54 + b21 + b41 - b11)
h120: (-a35) * (b54 + b12 - b51 - b15 - b23)
h123: (-a52) * (b54 + b54 + b42 + b15 + b54 + b35 + b12 + b14 + b54 - b23 - b15 - b25 - b42 - b13 - b53 - b51 - b31 - b13 - b21)
h137: (a11) * (-b22 - b53 - b53)
h152: (-a53) * (b54 + b31 + b11 + b35 - b34 - b11 - b55 - b51)
h195: (-a51) * (b43 + b12 + b15 - b43 - b12 - b21 - b31 - b51 - b13 - b23 - b32)
h329: (-a31) * (b23 + b33 + b23 - b14 - b32)
h349: (a23) * (b34 + b45 - b11)
h1164: (a13) * (b53 + b51 + b45)
h1351: (a22 - a45) * (b31 + b25 - b12 - b25)
h1452: (a24 - a31) * (b54 + b55 + b54 + b11 + b25 + b23 + b43 - b22 - b22 - b32 - b13 - b12 - b34 - b52)
h1658: (-a21) * (b34 + b35 + b33 - b53)
h1973: (a32 + a12 + a35 - a42) * (-b44 - b42)
h2139: (-a33 - a31 - a44) * (b42 + b13 + b54 + b41 - b15 - b13 - b21 - b51 - b31 - b32)
h2197: (a22) * (b15 - b51)
h2363: (-a13) * (-b41)
h2754: (a44 - a25) * (b23 + b43 + b22 + b12 + b32 + b54 + b41 + b54 + b14 + b33 - b52 - b25 - b31 - b25 - b55 - b15 - b22 - b23 - b15 - b34)
h3122: (a25) * (b15 - b12 - b31)
h3635: (a54 - a34 - a53) * (b43 + b22 + b41 - b44 - b21 - b31 - b14 - b23)
h4369: (a32 - a51) * (b42 - b53 - b41)
h8160: (a34 - a35) * (b32 - b42 - b11)
h8360: (a22 + a24) * (b31 + b32 + b13 + b31 + b12 - b41 - b32)
h10635: (a31 + a43) * (b31 + b54 + b31 - b33 - b24 - b32 - b23)
h10658: (a51) * (b25 + b24 + b54 + b25 + b53 + b55 + b52 + b24 + b52 - b53 - b25 - b35 - b23 - b45 - b53 - b23 - b15 - b54 - b44)
h13106: (-a24) * (b52 + b31 - b51 - b14 - b22 - b12)
h17449: (a33) * (b54)
h38560: (-a33) * (-b13 - b13 - b12)
h38589: (a51 - a24) * (b24 + b45 + b23 + b52 - b53 - b23 - b32)
h41619: (-a52 - a35) * (b53 + b55 + b32 + b42 + b34 + b23 - b33 - b53)
h74002: (a24) * (b31 + b24)
h86834: (-a52 - a23) * (-b35)
c11: h88 + h1973 + h2139 - h102 
c12: h33 + h152 + h32 - h2197 
c13: h8360 - h137 - h38560 
c14: h23 - h2754 - h41619 
c15: h17449 - h1164 - h1351 
c21: h195 + h120 - h4369 
c22: h137 + h1973 
c23: h100 + h68 + h8160 
c24: h55 + h102 
c25: - h349 
c31: h73 + h329 + h10658 + h102 + h1973 - h10635 
c32: h55 + h38589 - h152 
c33: h23 - h68 
c34: h68 + h8360 
c35: h195 + h37 
c41: h88 
c42: h100 + h3635 + h13106 
c43: h24 + h37 + h68 + h329 - h76 - h195 
c44: h66 + h66 + h100 - h117 
c45: h123 + h100 
c51: h2363 + h3122 + h1351 
c52: h1452 + h74002 
c53: h33 + h117 + h23 
c54: h76 + h137 + h68 - h86834 
c55: h68 + h76 + h8160 + h66 + h1 - h1658 
