0,167.592,25
100,117.80799999999999,25
200,98.99199999999999,24.8
300,93.38399999999999,24.6
400,88.24799999999999,24.8
500,85.728,24.8
600,84.624,25
700,83.85600000000001,25
800,81.544,25
900,79.744,24.8
1000,75.744,24.8
1100,74.816,24.8
1200,72.952,24.8
1300,69.536,24.8
1400,69.536,24.8
1500,68.648,24.8
1600,65.984,24.8
1700,65.984,24.8
1800,65.65599999999999,24.8
1900,65.65599999999999,24.8
2000,65.65599999999999,24.8
2100,65.10400000000001,24.8
2200,65.10400000000001,24.8
2300,63.944,24.8
2400,62.128,24.8
2500,62.128,24.8
2600,62.128,24.8
2700,62.128,24.8
2800,62.128,24.8
2900,61.84000000000001,24.8
3000,61.84000000000001,24.8
3100,61.71999999999999,24.8
3200,61.448,24.8
3300,59.512,24.8
3400,58.632000000000005,24.8
3500,58.391999999999996,24.6
3600,58.343999999999994,24.6
3700,58.343999999999994,24.6
3800,58.343999999999994,24.6
3900,58.343999999999994,24.6
4000,57.879999999999995,24.4
4100,56.936,24.4
4200,54.96,24.2
4300,54.96,24.2
4400,53.279999999999994,24.6
4500,53.279999999999994,24.6
4600,51.21600000000001,24.6
4700,51.21600000000001,24.6
4800,51.19199999999999,24.6
4900,50.42399999999999,24.6
5000,50.42399999999999,24.6
5100,50.42399999999999,24.6
5200,50.42399999999999,24.6
5300,50.42399999999999,24.6
5400,50.42399999999999,24.6
5500,49.448,24.6
5600,49.448,24.6
5700,49.448,24.6
5800,48.855999999999995,24.6
5900,48.855999999999995,24.6
6000,48.855999999999995,24.6
6100,48.68,24.6
6200,48.488,24.6
6300,48.488,24.6
6400,48.488,24.6
6500,48.488,24.6
6600,48.215999999999994,24.6
6700,48.215999999999994,24.6
6800,48.215999999999994,24.6
6900,48.215999999999994,24.6
7000,48.215999999999994,24.6
7100,48.215999999999994,24.6
7200,48.215999999999994,24.6
7300,48.215999999999994,24.6
7400,48.215999999999994,24.6
7500,48.215999999999994,24.6
7600,48.215999999999994,24.6
7700,48.215999999999994,24.6
7800,48.215999999999994,24.6
7900,48.215999999999994,24.6
8000,48.215999999999994,24.6
8100,47.856,24.6
8200,47.568,24.6
8300,47.568,24.6
8400,47.568,24.6
8500,47.568,24.6
8600,47.568,24.6
8700,47.568,24.6
8800,47.568,24.6
8900,47.568,24.6
9000,47.568,24.6
9100,47.568,24.6
9200,47.568,24.6
9300,47.568,24.6
9400,45.984,24.6
9500,45.984,24.6
9600,45.984,24.6
9700,45.984,24.6
9800,45.984,24.6
9900,45.984,24.6
10000,45.984,24.6
10100,45.984,24.6
10200,45.984,24.6
10300,45.984,24.6
10400,45.984,24.6
10500,44.535999999999994,24.6
10600,44.535999999999994,24.6
10700,44.535999999999994,24.6
10800,44.535999999999994,24.6
10900,44.535999999999994,24.6
11000,44.535999999999994,24.6
11100,44.535999999999994,24.6
11200,44.535999999999994,24.6
11300,44.535999999999994,24.6
11400,44.535999999999994,24.6
11500,44.535999999999994,24.6
11600,44.535999999999994,24.6
11700,43.696,24.6
11800,43.696,24.6
11900,43.696,24.6
12000,43.68,24.6
12100,43.68,24.6
12200,43.68,24.6
12300,43.68,24.6
12400,43.68,24.6
12500,42.856,24.6
12600,42.856,24.6
12700,42.856,24.6
12800,42.856,24.6
12900,42.856,24.6
13000,42.856,24.6
13100,42.856,24.6
13200,42.856,24.6
13300,42.856,24.6
13400,42.856,24.6
13500,42.856,24.6
13600,42.856,24.6
13700,42.856,24.6
13800,42.352000000000004,24.6
13900,42.352000000000004,24.6
14000,42.352000000000004,24.6
14100,42.352000000000004,24.6
14200,42.352000000000004,24.6
14300,42.352000000000004,24.6
14400,42.352000000000004,24.6
14500,42.352000000000004,24.6
14600,42.352000000000004,24.6
14700,42.352000000000004,24.6
14800,42.352000000000004,24.6
14900,42.352000000000004,24.6
15000,42.352000000000004,24.6
15100,42.352000000000004,24.6
15200,42.232,24.6
15300,42.232,24.6
15400,42.232,24.6
15500,42.232,24.6
15600,42.232,24.6
15700,41.84000000000001,24.6
15800,40.904,24.6
15900,40.904,24.6
16000,40.904,24.6
16100,40.904,24.6
16200,40.824,24.6
16300,40.824,24.6
16400,40.824,24.6
16500,40.824,24.6
16600,40.824,24.6
16700,40.824,24.6
16800,40.824,24.6
16900,40.824,24.6
17000,40.824,24.6
17100,40.824,24.6
17200,40.824,24.6
17300,40.824,24.6
17400,40.824,24.6
17500,40.824,24.6
17600,40.824,24.6
17700,40.824,24.6
17800,40.824,24.6
17900,40.824,24.6
18000,40.824,24.6
18100,40.824,24.6
18200,40.824,24.6
18300,40.232,24.6
18400,40.232,24.6
18500,40.232,24.6
18600,40.232,24.6
18700,40.168,24.8
18800,40.168,24.8
18900,40.168,24.8
19000,40.168,24.8
19100,40.168,24.8
19200,40.168,24.8
19300,40.168,24.8
19400,40.168,24.8
19500,40.168,24.8
19600,40.168,24.8
19700,40.168,24.8
19800,40.168,24.8
19900,40.168,24.8
20000,40.168,24.8
20100,40.168,24.8
20200,40.168,24.8
20300,40.168,24.8
20400,40.168,24.8
20500,40.168,24.8
20600,40.168,24.8
20700,40.168,24.8
20800,40.168,24.8
20900,40.168,24.8
21000,40.168,24.8
21100,40.168,24.8
21200,40.168,24.8
21300,40.168,24.8
21400,40.168,24.8
21500,40.168,24.8
21600,40.13600000000001,24.8
21700,40.13600000000001,24.8
21800,40.13600000000001,24.8
21900,40.13600000000001,24.8
22000,40.13600000000001,24.8
22100,40.13600000000001,24.8
22200,40.13600000000001,24.8
22300,40.13600000000001,24.8
22400,40.13600000000001,24.8
22500,40.13600000000001,24.8
22600,40.13600000000001,24.8
22700,40.13600000000001,24.8
22800,40.032,25
22900,40.032,25
23000,40.032,25
23100,40.032,25
23200,40.032,25
23300,40.032,25
23400,40.032,25
23500,39.288,25
23600,39.288,25
23700,39.288,25
23800,39.288,25
23900,39.288,25
24000,39.288,25
24100,39.288,25
24200,39.288,25
24300,39.288,25
24400,39.288,25
24500,39.288,25
24600,39.288,25
24700,39.288,25
24800,39.288,25
24900,38.896,25
25000,38.392,25
25100,38.056,25
25200,38.056,25
25300,38.056,25
25400,38.056,25
25500,38.056,25
25600,38.056,25
25700,38.056,25
25800,38.056,25
25900,38.056,25
26000,38.056,25
26100,38.056,25
26200,38.056,25
26300,38.056,25
26400,38.056,25
26500,38.056,25
26600,38.056,25
26700,38.056,25
26800,38.056,25
26900,38.056,25
27000,38.056,25
27100,38.056,25
27200,38.056,25
27300,38.056,25
27400,38.056,25
27500,38.056,25
27600,38.056,25
27700,38.056,25
27800,38.056,25
27900,38.056,25
28000,38.056,25
28100,38.056,25
28200,38.056,25
28300,38.056,25
28400,38.056,25
28500,38.056,25
28600,38.056,25
28700,38.056,25
28800,38.056,25
28900,38.056,25
29000,38.056,25
29100,38.056,25
29200,38.056,25
29300,38.056,25
29400,38.056,25
29500,38.056,25
29600,38.056,25
29700,38.056,25
29800,38.056,25
29900,38.056,25
30000,38.056,25
30100,38.056,25
30200,38.056,25
30300,38.056,25
30400,38.056,25
30500,38.056,25
30600,38.056,25
30700,38.056,25
30800,38.056,25
30900,38.056,25
31000,38.056,25
31100,38.056,25
31200,38.056,25
31300,38.056,25
31400,38.056,25
31500,38.056,25
31600,38.056,25
31700,38.056,25
31800,38.056,25
31900,38.056,25
32000,38.056,25
32100,38.056,25
32200,38.056,25
32300,38.056,25
32400,38.056,25
32500,38.056,25
32600,38.056,25
32700,38.056,25
32800,38.056,25
32900,38.056,25
33000,38.056,25
33100,38.056,25
33200,38.056,25
33300,38.056,25
33400,38.056,25
33500,38.056,25
33600,38.056,25
33700,38.056,25
33800,38.056,25
33900,38.056,25
34000,38.056,25
34100,38.056,25
34200,37.944,25
34300,37.944,25
34400,37.944,25
34500,37.944,25
34600,37.944,25
34700,37.944,25
34800,37.944,25
34900,37.944,25
35000,37.944,25
35100,37.944,25
35200,37.944,25
35300,37.944,25
35400,37.944,25
35500,37.944,25
35600,37.944,25
35700,37.944,25
35800,37.944,25
35900,37.944,25
36000,37.944,25
36100,37.944,25
36200,37.904,25
36300,37.904,25
36400,37.904,25
36500,37.904,25
36600,37.904,25
36700,37.904,25
36800,37.904,25
36900,37.904,25
37000,37.904,25
37100,37.904,25
37200,37.904,25
37300,37.904,25
37400,37.904,25
37500,37.904,25
37600,37.904,25
37700,37.904,25
37800,37.904,25
37900,37.064,25
38000,37.064,25
38100,37.064,25
38200,37.064,25
38300,37.064,25
38400,37.064,25
38500,37.064,25
38600,37.064,25
38700,37.064,25
38800,37.064,25
38900,37.064,25
39000,37.064,25
39100,37.064,25
39200,37.064,25
39300,37.064,25
39400,36.775999999999996,25
39500,36.775999999999996,25
39600,36.775999999999996,25
39700,36.775999999999996,25
39800,36.775999999999996,25
39900,36.775999999999996,25
40000,36.775999999999996,25
40100,36.775999999999996,25
40200,36.775999999999996,25
40300,36.775999999999996,25
40400,36.775999999999996,25
40500,36.775999999999996,25
40600,36.775999999999996,25
40700,36.775999999999996,25
40800,36.775999999999996,25
40900,36.775999999999996,25
41000,36.775999999999996,25
41100,36.775999999999996,25
41200,36.775999999999996,25
41300,36.775999999999996,25
41400,36.775999999999996,25
41500,36.775999999999996,25
41600,36.775999999999996,25
41700,36.775999999999996,25
41800,36.775999999999996,25
41900,36.775999999999996,25
42000,36.775999999999996,25
42100,36.775999999999996,25
42200,36.775999999999996,25
42300,36.775999999999996,25
42400,36.775999999999996,25
42500,36.775999999999996,25
42600,36.775999999999996,25
42700,36.775999999999996,25
42800,36.775999999999996,25
42900,36.775999999999996,25
43000,36.6,25
43100,36.6,25
43200,36.6,25
43300,36.6,25
43400,36.6,25
43500,36.6,25
43600,36.6,25
43700,36.6,25
43800,36.6,25
43900,36.6,25
44000,36.6,25
44100,36.6,25
44200,36.6,25
44300,36.6,25
44400,36.136,25
44500,36.136,25
44600,36.136,25
44700,36.136,25
44800,36.136,25
44900,35.912,25
45000,35.912,25
45100,35.839999999999996,24.8
45200,35.839999999999996,24.8
45300,35.839999999999996,24.8
45400,35.839999999999996,24.8
45500,35.839999999999996,24.8
45600,35.839999999999996,24.8
45700,35.839999999999996,24.8
45800,35.68,24.8
45900,35.68,24.8
46000,35.68,24.8
46100,35.68,24.8
46200,35.68,24.8
46300,35.68,24.8
46400,35.68,24.8
46500,35.68,24.8
46600,35.68,24.8
46700,35.68,24.8
46800,35.68,24.8
46900,35.68,24.8
47000,35.616,24.8
47100,35.616,24.8
47200,35.616,24.8
47300,35.616,24.8
47400,35.616,24.8
47500,35.616,24.8
47600,35.288,24.8
47700,35.288,24.8
47800,35.288,24.8
47900,35.288,24.8
48000,35.288,24.8
48100,35.288,24.8
48200,35.288,24.8
48300,35.288,24.8
48400,35.288,24.8
48500,35.288,24.8
48600,35.288,24.8
48700,35.288,24.8
48800,35.288,24.8
48900,35.288,24.8
49000,35.288,24.8
49100,35.288,24.8
49200,35.288,24.8
49300,35.288,24.8
49400,35.288,24.8
49500,35.288,24.8
49600,35.288,24.8
49700,35.288,24.8
49800,35.288,24.8
49900,35.288,24.8
50000,35.288,24.8
50100,35.288,24.8
50200,35.288,24.8
50300,34.608,24.8
50400,34.608,24.8
50500,34.608,24.8
50600,34.608,24.8
50700,34.608,24.8
50800,34.608,24.8
50900,34.608,24.8
51000,34.608,24.8
51100,34.608,24.8
51200,34.608,24.8
51300,34.608,24.8
51400,34.608,24.8
51500,34.608,24.8
51600,34.608,24.8
51700,34.608,24.8
51800,33.784000000000006,24.8
51900,33.784000000000006,24.8
52000,33.784000000000006,24.8
52100,33.784000000000006,24.8
52200,33.784000000000006,24.8
52300,33.784000000000006,24.8
52400,33.784000000000006,24.8
52500,33.784000000000006,24.8
52600,33.784000000000006,24.8
52700,33.784000000000006,24.8
52800,33.784000000000006,24.8
52900,33.784000000000006,24.8
53000,33.784000000000006,24.8
53100,33.784000000000006,24.8
53200,33.784000000000006,24.8
53300,33.784000000000006,24.8
53400,33.784000000000006,24.8
53500,33.784000000000006,24.8
53600,33.784000000000006,24.8
53700,33.784000000000006,24.8
53800,33.784000000000006,24.8
53900,33.784000000000006,24.8
54000,33.784000000000006,24.8
54100,33.784000000000006,24.8
54200,33.784000000000006,24.8
54300,33.784000000000006,24.8
54400,33.784000000000006,24.8
54500,33.784000000000006,24.8
54600,33.784000000000006,24.8
54700,33.784000000000006,24.8
54800,33.784000000000006,24.8
54900,33.784000000000006,24.8
55000,33.784000000000006,24.8
55100,33.784000000000006,24.8
55200,33.784000000000006,24.8
55300,33.784000000000006,24.8
55400,33.784000000000006,24.8
55500,33.784000000000006,24.8
55600,33.784000000000006,24.8
55700,33.784000000000006,24.8
55800,33.784000000000006,24.8
55900,33.784000000000006,24.8
56000,33.784000000000006,24.8
56100,33.784000000000006,24.8
56200,33.784000000000006,24.8
56300,33.784000000000006,24.8
56400,33.784000000000006,24.8
56500,33.784000000000006,24.8
56600,33.784000000000006,24.8
56700,33.784000000000006,24.8
56800,33.784000000000006,24.8
56900,33.784000000000006,24.8
57000,33.784000000000006,24.8
57100,33.784000000000006,24.8
57200,33.784000000000006,24.8
57300,33.784000000000006,24.8
57400,33.784000000000006,24.8
57500,33.784000000000006,24.8
57600,33.519999999999996,24.8
57700,33.519999999999996,24.8
57800,33.519999999999996,24.8
57900,33.519999999999996,24.8
58000,33.519999999999996,24.8
58100,33.519999999999996,24.8
58200,33.519999999999996,24.8
58300,33.519999999999996,24.8
58400,32.504,24.8
58500,32.504,24.8
58600,32.504,24.8
58700,32.504,24.8
58800,32.504,24.8
58900,32.504,24.8
59000,32.504,24.8
59100,32.504,24.8
59200,32.504,24.8
59300,32.504,24.8
59400,32.504,24.8
59500,32.504,24.8
59600,32.504,24.8
59700,32.504,24.8
59800,32.504,24.8
59900,32.504,24.8
60000,32.504,24.8
60100,32.504,24.8
60200,32.504,24.8
60300,32.504,24.8
60400,32.504,24.8
60500,32.504,24.8
60600,32.504,24.8
60700,32.504,24.8
60800,32.504,24.8
60900,32.504,24.8
61000,32.504,24.8
61100,32.504,24.8
61200,32.504,24.8
61300,32.504,24.8
61400,32.504,24.8
61500,32.504,24.8
61600,32.504,24.8
61700,32.504,24.8
61800,32.504,24.8
61900,32.504,24.8
62000,32.504,24.8
62100,32.504,24.8
62200,32.504,24.8
62300,32.42399999999999,24.8
62400,32.42399999999999,24.8
62500,31.191999999999997,24.8
62600,31.191999999999997,24.8
62700,31.191999999999997,24.8
62800,31.191999999999997,24.8
62900,31.191999999999997,24.8
63000,31.191999999999997,24.8
63100,31.191999999999997,24.8
63200,31.191999999999997,24.8
63300,31.191999999999997,24.8
63400,31.191999999999997,24.8
63500,31.191999999999997,24.8
63600,31.191999999999997,24.8
63700,31.191999999999997,24.8
63800,31.191999999999997,24.8
63900,31.191999999999997,24.8
64000,31.191999999999997,24.8
64100,31.191999999999997,24.8
64200,31.191999999999997,24.8
64300,31.191999999999997,24.8
64400,31.191999999999997,24.8
64500,31.191999999999997,24.8
64600,31.191999999999997,24.8
64700,31.191999999999997,24.8
64800,31.191999999999997,24.8
64900,31.191999999999997,24.8
65000,31.191999999999997,24.8
65100,31.191999999999997,24.8
65200,31.191999999999997,24.8
65300,31.191999999999997,24.8
65400,31.191999999999997,24.8
65500,31.191999999999997,24.8
65600,31.191999999999997,24.8
65700,31.191999999999997,24.8
65800,31.191999999999997,24.8
65900,31.191999999999997,24.8
66000,31.191999999999997,24.8
66100,31.191999999999997,24.8
66200,31.191999999999997,24.8
66300,31.191999999999997,24.8
66400,31.191999999999997,24.8
66500,31.191999999999997,24.8
66600,31.191999999999997,24.8
66700,31.191999999999997,24.8
66800,31.191999999999997,24.8
66900,31.191999999999997,24.8
67000,31.191999999999997,24.8
67100,31.191999999999997,24.8
67200,31.191999999999997,24.8
67300,31.191999999999997,24.8
67400,31.191999999999997,24.8
67500,31.191999999999997,24.8
67600,31.191999999999997,24.8
67700,31.191999999999997,24.8
67800,31.191999999999997,24.8
67900,31.191999999999997,24.8
68000,31.191999999999997,24.8
68100,31.191999999999997,24.8
68200,31.191999999999997,24.8
68300,31.191999999999997,24.8
68400,31.191999999999997,24.8
68500,31.191999999999997,24.8
68600,31.191999999999997,24.8
68700,31.191999999999997,24.8
68800,31.191999999999997,24.8
68900,31.191999999999997,24.8
69000,31.191999999999997,24.8
69100,31.191999999999997,24.8
69200,31.191999999999997,24.8
69300,31.191999999999997,24.8
69400,31.191999999999997,24.8
69500,31.191999999999997,24.8
69600,31.191999999999997,24.8
69700,31.191999999999997,24.8
69800,31.191999999999997,24.8
69900,31.191999999999997,24.8
70000,31.191999999999997,24.8
70100,31.191999999999997,24.8
70200,31.191999999999997,24.8
70300,31.191999999999997,24.8
70400,31.191999999999997,24.8
70500,31.191999999999997,24.8
70600,31.191999999999997,24.8
70700,31.191999999999997,24.8
70800,31.191999999999997,24.8
70900,31.191999999999997,24.8
71000,31.191999999999997,24.8
71100,31.191999999999997,24.8
71200,31.191999999999997,24.8
71300,31.191999999999997,24.8
71400,31.191999999999997,24.8
71500,31.191999999999997,24.8
71600,31.191999999999997,24.8
71700,31.191999999999997,24.8
71800,31.191999999999997,24.8
71900,31.191999999999997,24.8
72000,31.191999999999997,24.8
72100,31.191999999999997,24.8
72200,31.191999999999997,24.8
72300,31.191999999999997,24.8
72400,31.191999999999997,24.8
72500,31.191999999999997,24.8
72600,31.191999999999997,24.8
72700,31.191999999999997,24.8
72800,31.191999999999997,24.8
72900,31.191999999999997,24.8
73000,31.191999999999997,24.8
73100,31.191999999999997,24.8
73200,31.191999999999997,24.8
73300,31.191999999999997,24.8
73400,31.191999999999997,24.8
73500,31.191999999999997,24.8
73600,31.191999999999997,24.8
73700,31.191999999999997,24.8
73800,31.191999999999997,24.8
73900,31.191999999999997,24.8
74000,31.191999999999997,24.8
74100,31.128000000000004,24.8
74200,31.128000000000004,24.8
74300,31.128000000000004,24.8
74400,31.128000000000004,24.8
74500,31.128000000000004,24.8
74600,31.128000000000004,24.8
74700,31.128000000000004,24.8
74800,31.128000000000004,24.8
74900,31.128000000000004,24.8
75000,31.128000000000004,24.8
75100,31.128000000000004,24.8
75200,31.128000000000004,24.8
75300,30.935999999999996,24.8
75400,30.935999999999996,24.8
75500,30.935999999999996,24.8
75600,30.935999999999996,24.8
75700,30.52,24.8
75800,30.52,24.8
75900,30.52,24.8
76000,30.52,24.8
76100,30.52,24.8
76200,30.52,24.8
76300,30.52,24.8
76400,30.52,24.8
76500,30.52,24.8
76600,30.52,24.8
76700,30.52,24.8
76800,30.52,24.8
76900,30.52,24.8
77000,30.52,24.8
77100,30.52,24.8
77200,30.52,24.8
77300,30.52,24.8
77400,30.52,24.8
77500,30.52,24.8
77600,30.52,24.8
77700,30.52,24.8
77800,30.52,24.8
77900,30.52,24.8
78000,30.52,24.8
78100,30.52,24.8
78200,30.52,24.8
78300,30.52,24.8
78400,30.52,24.8
78500,30.52,24.8
78600,30.52,24.8
78700,30.52,24.8
78800,30.52,24.8
78900,30.52,24.8
79000,30.52,24.8
79100,30.52,24.8
79200,30.52,24.8
79300,30.52,24.8
79400,30.52,24.8
79500,30.52,24.8
79600,30.52,24.8
79700,30.52,24.8
79800,30.52,24.8
79900,30.52,24.8
80000,30.52,24.8
80100,30.52,24.8
80200,30.52,24.8
80300,30.52,24.8
80400,30.52,24.8
80500,30.52,24.8
80600,30.52,24.8
80700,30.52,24.8
80800,30.52,24.8
80900,30.52,24.8
81000,30.52,24.8
81100,30.52,24.8
81200,30.52,24.8
81300,30.52,24.8
81400,30.52,24.8
81500,30.52,24.8
81600,30.52,24.8
81700,30.52,24.8
81800,30.52,24.8
81900,30.52,24.8
82000,30.52,24.8
82100,30.52,24.8
82200,30.52,24.8
82300,30.52,24.8
82400,30.52,24.8
82500,30.52,24.8
82600,30.52,24.8
82700,30.52,24.8
82800,30.52,24.8
82900,30.52,24.8
83000,30.52,24.8
83100,30.52,24.8
83200,30.52,24.8
83300,30.52,24.8
83400,30.52,24.8
83500,30.52,24.8
83600,30.52,24.8
83700,30.52,24.8
83800,30.52,24.8
83900,30.52,24.8
84000,30.52,24.8
84100,30.52,24.8
84200,30.52,24.8
84300,30.52,24.8
84400,30.52,24.8
84500,30.52,24.8
84600,30.52,24.8
84700,30.52,24.8
84800,30.52,24.8
84900,30.52,24.8
85000,30.52,24.8
85100,30.52,24.8
85200,30.52,24.8
85300,30.52,24.8
85400,30.52,24.8
85500,30.52,24.8
85600,30.52,24.8
85700,30.52,24.8
85800,30.52,24.8
85900,30.52,24.8
86000,30.52,24.8
86100,30.52,24.8
86200,30.52,24.8
86300,30.52,24.8
86400,30.52,24.8
86500,30.52,24.8
86600,30.52,24.8
86700,30.52,24.8
86800,30.52,24.8
86900,30.52,24.8
87000,30.52,24.8
87100,30.52,24.8
87200,30.52,24.8
87300,30.52,24.8
87400,30.52,24.8
87500,30.52,24.8
87600,30.496000000000002,24.8
87700,30.496000000000002,24.8
87800,30.496000000000002,24.8
87900,30.136000000000003,24.8
88000,30.136000000000003,24.8
88100,30.136000000000003,24.8
88200,30.136000000000003,24.8
88300,30.136000000000003,24.8
88400,30.136000000000003,24.8
88500,30.136000000000003,24.8
88600,30.136000000000003,24.8
88700,30.136000000000003,24.8
88800,30.136000000000003,24.8
88900,30.136000000000003,24.8
89000,30.136000000000003,24.8
89100,30.136000000000003,24.8
89200,30.136000000000003,24.8
89300,30.136000000000003,24.8
89400,30.136000000000003,24.8
89500,30.136000000000003,24.8
89600,30.136000000000003,24.8
89700,30.136000000000003,24.8
89800,30.136000000000003,24.8
89900,30.136000000000003,24.8
90000,30.136000000000003,24.8
90100,30.136000000000003,24.8
90200,30.136000000000003,24.8
90300,30.136000000000003,24.8
90400,30.136000000000003,24.8
90500,30.136000000000003,24.8
90600,30.136000000000003,24.8
90700,30.136000000000003,24.8
90800,30.136000000000003,24.8
90900,30.136000000000003,24.8
91000,30.136000000000003,24.8
91100,30.136000000000003,24.8
91200,30.136000000000003,24.8
91300,30.136000000000003,24.8
91400,30.136000000000003,24.8
91500,30.136000000000003,24.8
91600,30.136000000000003,24.8
91700,30.136000000000003,24.8
91800,30.136000000000003,24.8
91900,30.136000000000003,24.8
92000,30.136000000000003,24.8
92100,30.136000000000003,24.8
92200,30.136000000000003,24.8
92300,30.136000000000003,24.8
92400,30.136000000000003,24.8
92500,30.136000000000003,24.8
92600,30.136000000000003,24.8
92700,30.136000000000003,24.8
92800,30.136000000000003,24.8
92900,30.136000000000003,24.8
93000,30.136000000000003,24.8
93100,30.136000000000003,24.8
93200,30.136000000000003,24.8
93300,30.136000000000003,24.8
93400,30.136000000000003,24.8
93500,30.136000000000003,24.8
93600,30.136000000000003,24.8
93700,30.136000000000003,24.8
93800,30.136000000000003,24.8
93900,30.136000000000003,24.8
94000,30.136000000000003,24.8
94100,30.136000000000003,24.8
94200,30.136000000000003,24.8
94300,30.136000000000003,24.8
94400,30.136000000000003,24.8
94500,30.136000000000003,24.8
94600,30.136000000000003,24.8
94700,30.136000000000003,24.8
94800,30.136000000000003,24.8
94900,30.136000000000003,24.8
95000,30.136000000000003,24.8
95100,30.136000000000003,24.8
95200,30.136000000000003,24.8
95300,30.136000000000003,24.8
95400,30.136000000000003,24.8
95500,30.136000000000003,24.8
95600,30.136000000000003,24.8
95700,30.136000000000003,24.8
95800,30.136000000000003,24.8
95900,30.136000000000003,24.8
96000,30.136000000000003,24.8
96100,30.136000000000003,24.8
96200,30.136000000000003,24.8
96300,30.136000000000003,24.8
96400,30.136000000000003,24.8
96500,30.136000000000003,24.8
96600,30.136000000000003,24.8
96700,30.136000000000003,24.8
96800,30.136000000000003,24.8
96900,30.136000000000003,24.8
97000,30.136000000000003,24.8
97100,30.136000000000003,24.8
97200,30.136000000000003,24.8
97300,30.136000000000003,24.8
97400,30.136000000000003,24.8
97500,30.136000000000003,24.8
97600,30.136000000000003,24.8
97700,30.136000000000003,24.8
97800,30.136000000000003,24.8
97900,30.136000000000003,24.8
98000,30.136000000000003,24.8
98100,30.136000000000003,24.8
98200,30.136000000000003,24.8
98300,30.136000000000003,24.8
98400,30.136000000000003,24.8
98500,30.136000000000003,24.8
98600,30.136000000000003,24.8
98700,30.136000000000003,24.8
98800,30.136000000000003,24.8
98900,30.136000000000003,24.8
99000,30.136000000000003,24.8
99100,30.136000000000003,24.8
99200,30.136000000000003,24.8
99300,30.136000000000003,24.8
99400,30.136000000000003,24.8
99500,30.136000000000003,24.8
99600,30.136000000000003,24.8
99700,30.136000000000003,24.8
99800,30.136000000000003,24.8
99900,30.136000000000003,24.8
100000,30.136000000000003,24.8
100100,30.136000000000003,24.8
100200,30.136000000000003,24.8
100300,30.136000000000003,24.8
100400,30.136000000000003,24.8
100500,30.136000000000003,24.8
100600,30.136000000000003,24.8
100700,30.136000000000003,24.8
100800,30.136000000000003,24.8
100900,30.136000000000003,24.8
101000,30.136000000000003,24.8
101100,30.136000000000003,24.8
101200,30.136000000000003,24.8
101300,30.136000000000003,24.8
101400,30.136000000000003,24.8
101500,30.136000000000003,24.8
101600,30.136000000000003,24.8
101700,30.136000000000003,24.8
101800,30.136000000000003,24.8
101900,30.136000000000003,24.8
102000,30.136000000000003,24.8
102100,30.136000000000003,24.8
102200,30.136000000000003,24.8
102300,30.136000000000003,24.8
102400,30.136000000000003,24.8
102500,30.136000000000003,24.8
102600,30.136000000000003,24.8
102700,30.136000000000003,24.8
102800,30.136000000000003,24.8
102900,30.136000000000003,24.8
103000,30.136000000000003,24.8
103100,30.136000000000003,24.8
103200,30.136000000000003,24.8
103300,30.136000000000003,24.8
103400,30.136000000000003,24.8
103500,30.064,24.8
103600,30.064,24.8
103700,30.064,24.8
103800,30.064,24.8
103900,30.064,24.8
104000,30.064,24.8
104100,30.064,24.8
104200,30.064,24.8
104300,30.064,24.8
104400,30.064,24.8
104500,30.064,24.8
104600,30.064,24.8
104700,30.064,24.8
104800,30.064,24.8
104900,30.064,24.8
105000,30.064,24.8
105100,30.064,24.8
105200,30.064,24.8
105300,30.064,24.8
105400,30.064,24.8
105500,30.064,24.8
105600,30.064,24.8
105700,30.064,24.8
105800,30.064,24.8
105900,30.064,24.8
106000,30.064,24.8
106100,30.064,24.8
106200,30.064,24.8
106300,30.064,24.8
106400,30.064,24.8
106500,30.064,24.8
106600,30.064,24.8
106700,30.064,24.8
106800,30.064,24.8
106900,30.064,24.8
107000,30.064,24.8
107100,30.064,24.8
107200,30.064,24.8
107300,30.064,24.8
107400,30.064,24.8
107500,30.064,24.8
107600,30.064,24.8
107700,30.064,24.8
107800,30.064,24.8
107900,30.064,24.8
108000,30.064,24.8
108100,30.064,24.8
108200,30.064,24.8
108300,30.064,24.8
108400,30.064,24.8
108500,30.064,24.8
108600,30.064,24.8
108700,30.064,24.8
108800,30.064,24.8
108900,30.064,24.8
109000,30.064,24.8
109100,30.064,24.8
109200,30.064,24.8
109300,30.064,24.8
109400,30.064,24.8
109500,30.064,24.8
109600,30.064,24.8
109700,30.064,24.8
109800,30.064,24.8
109900,30.064,24.8
110000,30.064,24.8
110100,30.064,24.8
110200,30.064,24.8
110300,30.064,24.8
110400,30.064,24.8
110500,30.064,24.8
110600,30.064,24.8
110700,30.064,24.8
110800,30.064,24.8
110900,30.064,24.8
111000,30.064,24.8
111100,30.064,24.8
111200,30.064,24.8
111300,30.064,24.8
111400,30.064,24.8
111500,30.064,24.8
111600,30.064,24.8
111700,30.064,24.8
111800,30.064,24.8
111900,30.064,24.8
112000,30.064,24.8
112100,30.064,24.8
112200,30.064,24.8
112300,30.064,24.8
112400,30.064,24.8
112500,30.064,24.8
112600,30.064,24.8
112700,29.856,24.8
112800,29.856,24.8
112900,29.856,24.8
113000,29.856,24.8
113100,29.856,24.8
113200,29.856,24.8
113300,29.856,24.8
113400,29.856,24.8
113500,29.856,24.8
113600,29.856,24.8
113700,29.856,24.8
113800,29.856,24.8
113900,29.856,24.8
114000,29.856,24.8
114100,29.856,24.8
114200,29.856,24.8
114300,29.856,24.8
114400,29.856,24.8
114500,29.856,24.8
114600,29.856,24.8
114700,29.856,24.8
114800,29.856,24.8
114900,29.856,24.8
115000,29.856,24.8
115100,29.856,24.8
115200,29.856,24.8
115300,29.856,24.8
115400,29.856,24.8
115500,29.856,24.8
115600,29.856,24.8
115700,29.856,24.8
115800,29.856,24.8
115900,29.856,24.8
116000,29.856,24.8
116100,29.856,24.8
116200,29.856,24.8
116300,29.856,24.8
116400,29.856,24.8
116500,29.856,24.8
116600,29.856,24.8
116700,29.856,24.8
116800,29.856,24.8
116900,29.856,24.8
117000,29.856,24.8
117100,29.856,24.8
117200,29.856,24.8
117300,29.856,24.8
117400,29.856,24.8
117500,29.856,24.8
117600,29.856,24.8
117700,29.856,24.8
117800,29.856,24.8
117900,29.856,24.8
118000,29.856,24.8
118100,29.856,24.8
118200,29.856,24.8
118300,29.856,24.8
118400,29.856,24.8
118500,29.856,24.8
118600,29.856,24.8
118700,29.856,24.8
118800,29.856,24.8
118900,29.856,24.8
119000,29.856,24.8
119100,29.856,24.8
119200,29.856,24.8
119300,29.856,24.8
119400,29.856,24.8
119500,29.856,24.8
119600,29.856,24.8
119700,29.856,24.8
119800,29.856,24.8
119900,29.856,24.8
120000,29.856,24.8
120100,29.856,24.8
120200,29.856,24.8
120300,29.856,24.8
120400,29.856,24.8
120500,29.856,24.8
120600,29.856,24.8
120700,29.856,24.8
120800,29.856,24.8
120900,29.856,24.8
121000,29.856,24.8
121100,29.856,24.8
121200,29.856,24.8
121300,29.856,24.8
121400,29.856,24.8
121500,29.856,24.8
121600,29.856,24.8
121700,29.856,24.8
121800,29.856,24.8
121900,29.856,24.8
122000,29.856,24.8
122100,29.552,24.8
122200,29.488,24.8
122300,29.488,24.8
122400,29.488,24.8
122500,29.488,24.8
122600,29.488,24.8
122700,29.488,24.8
122800,29.488,24.8
122900,29.488,24.8
123000,29.488,24.8
123100,29.488,24.8
123200,29.488,24.8
123300,29.488,24.8
123400,29.488,24.8
123500,29.488,24.8
123600,29.488,24.8
123700,29.488,24.8
123800,29.488,24.8
123900,29.488,24.8
124000,29.488,24.8
124100,29.488,24.8
124200,29.488,24.8
124300,29.488,24.8
124400,29.488,24.8
124500,29.488,24.8
124600,29.488,24.8
124700,29.488,24.8
124800,29.488,24.8
124900,29.488,24.8
125000,29.488,24.8
125100,29.488,24.8
125200,29.488,24.8
125300,29.488,24.8
125400,29.488,24.8
125500,29.488,24.8
125600,29.488,24.8
125700,29.488,24.8
125800,29.488,24.8
125900,29.488,24.8
126000,29.488,24.8
126100,29.488,24.8
126200,29.488,24.8
126300,29.488,24.8
126400,29.488,24.8
126500,29.488,24.8
126600,29.488,24.8
126700,29.488,24.8
126800,29.488,24.8
126900,29.488,24.8
127000,29.488,24.8
127100,29.488,24.8
127200,29.488,24.8
127300,29.488,24.8
127400,29.488,24.8
127500,29.488,24.8
127600,29.488,24.8
127700,29.488,24.8
127800,29.488,24.8
127900,29.488,24.8
128000,29.488,24.8
128100,29.488,24.8
128200,29.488,24.8
128300,29.488,24.8
128400,29.488,24.8
128500,29.488,24.8
128600,29.488,24.8
128700,29.488,24.8
128800,29.488,24.8
128900,29.488,24.8
129000,29.488,24.8
129100,29.488,24.8
129200,29.488,24.8
129300,29.488,24.8
129400,29.488,24.8
129500,29.488,24.8
129600,29.488,24.8
129700,29.488,24.8
129800,29.488,24.8
129900,29.488,24.8
130000,29.488,24.8
130100,29.488,24.8
130200,29.488,24.8
130300,29.488,24.8
130400,29.488,24.8
130500,29.488,24.8
130600,29.488,24.8
130700,29.488,24.8
130800,29.488,24.8
130900,29.488,24.8
131000,29.488,24.8
131100,29.488,24.8
131200,29.488,24.8
131300,29.488,24.8
131400,29.488,24.8
131500,29.488,24.8
131600,29.488,24.8
131700,29.488,24.8
131800,29.488,24.8
131900,29.488,24.8
132000,29.488,24.8
132100,29.488,24.8
132200,29.488,24.8
132300,29.488,24.8
132400,29.488,24.8
132500,29.488,24.8
132600,29.488,24.8
132700,29.488,24.8
132800,29.488,24.8
132900,29.488,24.8
133000,29.488,24.8
133100,29.488,24.8
133200,29.488,24.8
133300,29.488,24.8
133400,29.488,24.8
133500,29.488,24.8
133600,29.488,24.8
133700,29.488,24.8
133800,29.488,24.8
133900,29.488,24.8
134000,29.488,24.8
134100,29.488,24.8
134200,29.4,24.6
134300,29.4,24.6
134400,29.4,24.6
134500,29.4,24.6
134600,29.4,24.6
134700,29.4,24.6
134800,29.4,24.6
134900,29.4,24.6
135000,29.4,24.6
135100,29.4,24.6
135200,29.4,24.6
135300,29.4,24.6
135400,29.4,24.6
135500,29.4,24.6
135600,29.4,24.6
135700,29.4,24.6
135800,29.4,24.6
135900,29.4,24.6
136000,29.4,24.6
136100,29.4,24.6
136200,29.4,24.6
136300,29.4,24.6
136400,29.4,24.6
136500,29.4,24.6
136600,29.4,24.6
136700,29.4,24.6
136800,29.4,24.6
136900,29.4,24.6
137000,29.4,24.6
137100,29.4,24.6
137200,29.4,24.6
137300,29.4,24.6
137400,29.4,24.6
137500,29.4,24.6
137600,29.4,24.6
137700,29.4,24.6
137800,29.4,24.6
137900,29.4,24.6
138000,29.4,24.6
138100,29.4,24.6
138200,29.4,24.6
138300,29.4,24.6
138400,29.4,24.6
138500,29.4,24.6
138600,29.4,24.6
138700,29.4,24.6
138800,29.4,24.6
138900,29.4,24.6
139000,29.4,24.6
139100,29.4,24.6
139200,29.4,24.6
139300,29.4,24.6
139400,29.4,24.6
139500,29.4,24.6
139600,29.4,24.6
139700,29.4,24.6
139800,29.4,24.6
139900,29.4,24.6
140000,29.4,24.6
140100,29.4,24.6
140200,29.4,24.6
140300,29.4,24.6
140400,29.4,24.6
140500,29.4,24.6
140600,29.4,24.6
140700,29.4,24.6
140800,29.4,24.6
140900,29.4,24.6
141000,29.4,24.6
141100,29.4,24.6
141200,29.4,24.6
141300,29.4,24.6
141400,29.4,24.6
141500,29.4,24.6
141600,29.4,24.6
141700,29.4,24.6
141800,29.4,24.6
141900,29.4,24.6
142000,29.4,24.6
142100,29.4,24.6
142200,29.4,24.6
142300,29.4,24.6
142400,29.4,24.6
142500,29.4,24.6
142600,29.4,24.6
142700,29.4,24.6
142800,29.4,24.6
142900,29.4,24.6
143000,29.4,24.6
143100,29.4,24.6
143200,29.4,24.6
143300,29.4,24.6
143400,29.4,24.6
143500,29.4,24.6
143600,29.4,24.6
143700,29.4,24.6
143800,29.4,24.6
143900,29.4,24.6
144000,29.4,24.6
144100,29.4,24.6
144200,29.4,24.6
144300,29.4,24.6
144400,29.4,24.6
144500,29.4,24.6
144600,29.4,24.6
144700,29.4,24.6
144800,29.4,24.6
144900,29.4,24.6
145000,29.4,24.6
145100,29.4,24.6
145200,29.4,24.6
145300,29.4,24.6
145400,29.4,24.6
145500,29.4,24.6
145600,29.4,24.6
145700,29.4,24.6
145800,29.4,24.6
145900,29.4,24.6
146000,29.4,24.6
146100,29.4,24.6
146200,29.4,24.6
146300,29.4,24.6
146400,29.4,24.6
146500,29.4,24.6
146600,29.4,24.6
146700,29.4,24.6
146800,29.4,24.6
146900,29.4,24.6
147000,29.4,24.6
147100,29.4,24.6
147200,29.4,24.6
147300,29.4,24.6
147400,29.4,24.6
147500,29.4,24.6
147600,29.4,24.6
147700,29.4,24.6
147800,29.4,24.6
147900,29.4,24.6
148000,29.4,24.6
148100,29.4,24.6
148200,29.4,24.6
148300,29.4,24.6
148400,29.4,24.6
148500,29.4,24.6
148600,29.4,24.6
148700,29.4,24.6
148800,29.4,24.6
148900,29.4,24.6
149000,29.4,24.6
149100,29.4,24.6
149200,29.4,24.6
149300,29.4,24.6
149400,29.4,24.6
149500,29.4,24.6
149600,29.4,24.6
149700,29.4,24.6
149800,29.4,24.6
149900,29.4,24.6
150000,29.4,24.6
150100,29.4,24.6
150200,29.4,24.6
150300,29.4,24.6
150400,29.4,24.6
150500,29.4,24.6
150600,29.4,24.6
150700,29.4,24.6
150800,29.4,24.6
150900,29.4,24.6
151000,29.4,24.6
151100,29.4,24.6
151200,29.4,24.6
151300,29.4,24.6
151400,29.4,24.6
151500,29.4,24.6
151600,29.4,24.6
151700,29.4,24.6
151800,29.4,24.6
151900,29.4,24.6
152000,29.4,24.6
152100,29.104000000000003,24.6
152200,29.104000000000003,24.6
152300,29.104000000000003,24.6
152400,29.104000000000003,24.6
152500,29.104000000000003,24.6
152600,29.104000000000003,24.6
152700,29.104000000000003,24.6
152800,29.104000000000003,24.6
152900,29.104000000000003,24.6
153000,29.104000000000003,24.6
153100,29.104000000000003,24.6
153200,29.104000000000003,24.6
153300,29.104000000000003,24.6
153400,29.104000000000003,24.6
153500,29.104000000000003,24.6
153600,29.104000000000003,24.6
153700,29.104000000000003,24.6
153800,29.104000000000003,24.6
153900,29.104000000000003,24.6
154000,29.104000000000003,24.6
154100,29.104000000000003,24.6
154200,29.104000000000003,24.6
154300,29.104000000000003,24.6
154400,29.104000000000003,24.6
154500,29.104000000000003,24.6
154600,29.104000000000003,24.6
154700,29.104000000000003,24.6
154800,29.104000000000003,24.6
154900,29.104000000000003,24.6
155000,29.104000000000003,24.6
155100,29.104000000000003,24.6
155200,29.104000000000003,24.6
155300,29.104000000000003,24.6
155400,29.104000000000003,24.6
155500,29.104000000000003,24.6
155600,29.104000000000003,24.6
155700,29.104000000000003,24.6
155800,29.104000000000003,24.6
155900,29.104000000000003,24.6
156000,29.104000000000003,24.6
156100,29.104000000000003,24.6
156200,29.104000000000003,24.6
156300,29.104000000000003,24.6
156400,29.104000000000003,24.6
156500,29.104000000000003,24.6
156600,29.104000000000003,24.6
156700,29.104000000000003,24.6
156800,29.104000000000003,24.6
156900,29.104000000000003,24.6
157000,29.104000000000003,24.6
157100,29.104000000000003,24.6
157200,29.104000000000003,24.6
157300,29.104000000000003,24.6
157400,29.104000000000003,24.6
157500,29.104000000000003,24.6
157600,29.104000000000003,24.6
157700,29.104000000000003,24.6
157800,29.104000000000003,24.6
157900,29.104000000000003,24.6
158000,29.104000000000003,24.6
158100,29.104000000000003,24.6
158200,29.104000000000003,24.6
158300,29.104000000000003,24.6
158400,29.104000000000003,24.6
158500,29.104000000000003,24.6
158600,29.104000000000003,24.6
158700,29.104000000000003,24.6
158800,29.104000000000003,24.6
158900,29.104000000000003,24.6
159000,29.104000000000003,24.6
159100,28.887999999999998,24.6
159200,28.887999999999998,24.6
159300,28.887999999999998,24.6
159400,28.887999999999998,24.6
159500,28.887999999999998,24.6
159600,28.887999999999998,24.6
159700,28.887999999999998,24.6
159800,28.887999999999998,24.6
159900,28.887999999999998,24.6
160000,28.887999999999998,24.6
160100,28.887999999999998,24.6
160200,28.887999999999998,24.6
160300,28.887999999999998,24.6
160400,28.887999999999998,24.6
160500,28.887999999999998,24.6
160600,28.887999999999998,24.6
160700,28.887999999999998,24.6
160800,28.887999999999998,24.6
160900,28.887999999999998,24.6
161000,28.887999999999998,24.6
161100,28.887999999999998,24.6
161200,28.887999999999998,24.6
161300,28.887999999999998,24.6
161400,28.887999999999998,24.6
161500,28.887999999999998,24.6
161600,28.887999999999998,24.6
161700,28.887999999999998,24.6
161800,28.887999999999998,24.6
161900,28.887999999999998,24.6
162000,28.887999999999998,24.6
162100,28.887999999999998,24.6
162200,28.887999999999998,24.6
162300,28.887999999999998,24.6
162400,28.887999999999998,24.6
162500,28.887999999999998,24.6
162600,28.887999999999998,24.6
162700,28.887999999999998,24.6
162800,28.887999999999998,24.6
162900,28.887999999999998,24.6
163000,28.887999999999998,24.6
163100,28.887999999999998,24.6
163200,28.887999999999998,24.6
163300,28.887999999999998,24.6
163400,28.887999999999998,24.6
163500,28.887999999999998,24.6
163600,28.887999999999998,24.6
163700,28.887999999999998,24.6
163800,28.887999999999998,24.6
163900,28.887999999999998,24.6
164000,28.887999999999998,24.6
164100,28.887999999999998,24.6
164200,28.887999999999998,24.6
164300,28.887999999999998,24.6
164400,28.887999999999998,24.6
164500,28.887999999999998,24.6
164600,28.887999999999998,24.6
164700,28.887999999999998,24.6
164800,28.887999999999998,24.6
164900,28.887999999999998,24.6
165000,28.887999999999998,24.6
165100,28.887999999999998,24.6
165200,28.887999999999998,24.6
165300,28.887999999999998,24.6
165400,28.887999999999998,24.6
165500,28.887999999999998,24.6
165600,28.887999999999998,24.6
165700,28.887999999999998,24.6
165800,28.887999999999998,24.6
165900,28.887999999999998,24.6
166000,28.887999999999998,24.6
166100,28.887999999999998,24.6
166200,28.887999999999998,24.6
166300,28.887999999999998,24.6
166400,28.887999999999998,24.6
166500,28.887999999999998,24.6
166600,28.887999999999998,24.6
166700,28.887999999999998,24.6
166800,28.887999999999998,24.6
166900,28.887999999999998,24.6
167000,28.887999999999998,24.6
167100,28.887999999999998,24.6
167200,28.887999999999998,24.6
167300,28.887999999999998,24.6
167400,28.887999999999998,24.6
167500,28.887999999999998,24.6
167600,28.887999999999998,24.6
167700,28.887999999999998,24.6
167800,28.887999999999998,24.6
167900,28.887999999999998,24.6
168000,28.887999999999998,24.6
168100,28.887999999999998,24.6
168200,28.887999999999998,24.6
168300,28.887999999999998,24.6
168400,28.887999999999998,24.6
168500,28.887999999999998,24.6
168600,28.887999999999998,24.6
168700,28.887999999999998,24.6
168800,28.887999999999998,24.6
168900,28.887999999999998,24.6
169000,28.887999999999998,24.6
169100,28.887999999999998,24.6
169200,28.887999999999998,24.6
169300,28.887999999999998,24.6
169400,28.887999999999998,24.6
169500,28.887999999999998,24.6
169600,28.887999999999998,24.6
169700,28.887999999999998,24.6
169800,28.887999999999998,24.6
169900,28.887999999999998,24.6
170000,28.887999999999998,24.6
170100,28.887999999999998,24.6
170200,28.887999999999998,24.6
170300,28.887999999999998,24.6
170400,28.887999999999998,24.6
170500,28.887999999999998,24.6
170600,28.887999999999998,24.6
170700,28.887999999999998,24.6
170800,28.887999999999998,24.6
170900,28.887999999999998,24.6
171000,28.887999999999998,24.6
171100,28.887999999999998,24.6
171200,28.887999999999998,24.6
171300,28.887999999999998,24.6
171400,28.887999999999998,24.6
171500,28.887999999999998,24.6
171600,28.887999999999998,24.6
171700,28.887999999999998,24.6
171800,28.887999999999998,24.6
171900,28.887999999999998,24.6
172000,28.887999999999998,24.6
172100,28.887999999999998,24.6
172200,28.887999999999998,24.6
172300,28.887999999999998,24.6
172400,28.887999999999998,24.6
172500,28.887999999999998,24.6
172600,28.887999999999998,24.6
172700,28.887999999999998,24.6
172800,28.887999999999998,24.6
172900,28.887999999999998,24.6
173000,28.887999999999998,24.6
173100,28.887999999999998,24.6
173200,28.887999999999998,24.6
173300,28.887999999999998,24.6
173400,28.887999999999998,24.6
173500,28.887999999999998,24.6
173600,28.887999999999998,24.6
173700,28.887999999999998,24.6
173800,28.887999999999998,24.6
173900,28.887999999999998,24.6
174000,28.887999999999998,24.6
174100,28.887999999999998,24.6
174200,28.887999999999998,24.6
174300,28.887999999999998,24.6
174400,28.887999999999998,24.6
174500,28.887999999999998,24.6
174600,28.887999999999998,24.6
174700,28.887999999999998,24.6
174800,28.887999999999998,24.6
174900,28.887999999999998,24.6
175000,28.887999999999998,24.6
175100,28.887999999999998,24.6
175200,28.887999999999998,24.6
175300,28.887999999999998,24.6
175400,28.887999999999998,24.6
175500,28.887999999999998,24.6
175600,28.887999999999998,24.6
175700,28.887999999999998,24.6
175800,28.887999999999998,24.6
175900,28.887999999999998,24.6
176000,28.887999999999998,24.6
176100,28.887999999999998,24.6
176200,28.887999999999998,24.6
176300,28.887999999999998,24.6
176400,28.887999999999998,24.6
176500,28.887999999999998,24.6
176600,28.887999999999998,24.6
176700,28.887999999999998,24.6
176800,28.887999999999998,24.6
176900,28.887999999999998,24.6
177000,28.887999999999998,24.6
177100,28.887999999999998,24.6
177200,28.887999999999998,24.6
177300,28.887999999999998,24.6
177400,28.887999999999998,24.6
177500,28.887999999999998,24.6
177600,28.887999999999998,24.6
177700,28.887999999999998,24.6
177800,28.887999999999998,24.6
177900,28.887999999999998,24.6
178000,28.887999999999998,24.6
178100,28.887999999999998,24.6
178200,28.887999999999998,24.6
178300,28.887999999999998,24.6
178400,28.887999999999998,24.6
178500,28.887999999999998,24.6
178600,28.887999999999998,24.6
178700,28.887999999999998,24.6
178800,28.887999999999998,24.6
178900,28.887999999999998,24.6
179000,28.887999999999998,24.6
179100,28.887999999999998,24.6
179200,28.887999999999998,24.6
179300,28.887999999999998,24.6
179400,28.887999999999998,24.6
179500,28.887999999999998,24.6
179600,28.887999999999998,24.6
179700,28.887999999999998,24.6
179800,28.887999999999998,24.6
179900,28.887999999999998,24.6
180000,28.887999999999998,24.6
180100,28.887999999999998,24.6
180200,28.887999999999998,24.6
180300,28.887999999999998,24.6
180400,28.887999999999998,24.6
180500,28.887999999999998,24.6
180600,28.887999999999998,24.6
180700,28.887999999999998,24.6
180800,28.887999999999998,24.6
180900,28.887999999999998,24.6
181000,28.887999999999998,24.6
181100,28.887999999999998,24.6
181200,28.887999999999998,24.6
181300,28.887999999999998,24.6
181400,28.887999999999998,24.6
181500,28.887999999999998,24.6
181600,28.887999999999998,24.6
181700,28.887999999999998,24.6
181800,28.887999999999998,24.6
181900,28.887999999999998,24.6
182000,28.887999999999998,24.6
182100,28.887999999999998,24.6
182200,28.887999999999998,24.6
182300,28.887999999999998,24.6
182400,28.887999999999998,24.6
182500,28.887999999999998,24.6
182600,28.887999999999998,24.6
182700,28.887999999999998,24.6
182800,28.887999999999998,24.6
182900,28.887999999999998,24.6
183000,28.887999999999998,24.6
183100,28.887999999999998,24.6
183200,28.887999999999998,24.6
183300,28.887999999999998,24.6
183400,28.887999999999998,24.6
183500,28.887999999999998,24.6
183600,28.887999999999998,24.6
183700,28.887999999999998,24.6
183800,28.887999999999998,24.6
183900,28.887999999999998,24.6
184000,28.887999999999998,24.6
184100,28.887999999999998,24.6
184200,28.887999999999998,24.6
184300,28.887999999999998,24.6
184400,28.887999999999998,24.6
184500,28.887999999999998,24.6
184600,28.887999999999998,24.6
184700,28.887999999999998,24.6
184800,28.887999999999998,24.6
184900,28.887999999999998,24.6
185000,28.887999999999998,24.6
185100,28.887999999999998,24.6
185200,28.887999999999998,24.6
185300,28.887999999999998,24.6
185400,28.887999999999998,24.6
185500,28.887999999999998,24.6
185600,28.887999999999998,24.6
185700,28.887999999999998,24.6
185800,28.887999999999998,24.6
185900,28.887999999999998,24.6
186000,28.887999999999998,24.6
186100,28.887999999999998,24.6
186200,28.887999999999998,24.6
186300,28.887999999999998,24.6
186400,28.887999999999998,24.6
186500,28.887999999999998,24.6
186600,28.887999999999998,24.6
186700,28.887999999999998,24.6
186800,28.887999999999998,24.6
186900,28.887999999999998,24.6
187000,28.887999999999998,24.6
187100,28.887999999999998,24.6
187200,28.887999999999998,24.6
187300,28.887999999999998,24.6
187400,28.887999999999998,24.6
187500,28.887999999999998,24.6
187600,28.887999999999998,24.6
187700,28.887999999999998,24.6
187800,28.887999999999998,24.6
187900,28.887999999999998,24.6
188000,28.887999999999998,24.6
188100,28.887999999999998,24.6
188200,28.887999999999998,24.6
188300,28.887999999999998,24.6
188400,28.887999999999998,24.6
188500,28.887999999999998,24.6
188600,28.887999999999998,24.6
188700,28.887999999999998,24.6
188800,28.887999999999998,24.6
188900,28.887999999999998,24.6
189000,28.887999999999998,24.6
189100,28.887999999999998,24.6
189200,28.887999999999998,24.6
189300,28.887999999999998,24.6
189400,28.887999999999998,24.6
189500,28.887999999999998,24.6
189600,28.887999999999998,24.6
189700,28.887999999999998,24.6
189800,28.887999999999998,24.6
189900,28.887999999999998,24.6
190000,28.887999999999998,24.6
190100,28.887999999999998,24.6
190200,28.887999999999998,24.6
190300,28.887999999999998,24.6
190400,28.887999999999998,24.6
190500,28.887999999999998,24.6
190600,28.887999999999998,24.6
190700,28.887999999999998,24.6
190800,28.887999999999998,24.6
190900,28.887999999999998,24.6
191000,28.887999999999998,24.6
191100,28.887999999999998,24.6
191200,28.887999999999998,24.6
191300,28.887999999999998,24.6
191400,28.887999999999998,24.6
191500,28.887999999999998,24.6
191600,28.887999999999998,24.6
191700,28.887999999999998,24.6
191800,28.887999999999998,24.6
191900,28.887999999999998,24.6
192000,28.887999999999998,24.6
192100,28.887999999999998,24.6
192200,28.887999999999998,24.6
192300,28.887999999999998,24.6
192400,28.887999999999998,24.6
192500,28.887999999999998,24.6
192600,28.887999999999998,24.6
192700,28.887999999999998,24.6
192800,28.887999999999998,24.6
192900,28.887999999999998,24.6
193000,28.887999999999998,24.6
193100,28.887999999999998,24.6
193200,28.887999999999998,24.6
193300,28.887999999999998,24.6
193400,28.887999999999998,24.6
193500,28.887999999999998,24.6
193600,28.887999999999998,24.6
193700,28.887999999999998,24.6
193800,28.887999999999998,24.6
193900,28.887999999999998,24.6
194000,28.887999999999998,24.6
194100,28.887999999999998,24.6
194200,28.887999999999998,24.6
194300,28.887999999999998,24.6
194400,28.887999999999998,24.6
194500,28.887999999999998,24.6
194600,28.887999999999998,24.6
194700,28.887999999999998,24.6
194800,28.887999999999998,24.6
194900,28.887999999999998,24.6
195000,28.887999999999998,24.6
195100,28.887999999999998,24.6
195200,28.887999999999998,24.6
195300,28.887999999999998,24.6
195400,28.887999999999998,24.6
195500,28.887999999999998,24.6
195600,28.887999999999998,24.6
195700,28.887999999999998,24.6
195800,28.887999999999998,24.6
195900,28.887999999999998,24.6
196000,28.887999999999998,24.6
196100,28.887999999999998,24.6
196200,28.887999999999998,24.6
196300,28.887999999999998,24.6
196400,28.887999999999998,24.6
196500,28.887999999999998,24.6
196600,28.887999999999998,24.6
196700,28.887999999999998,24.6
196800,28.887999999999998,24.6
196900,28.887999999999998,24.6
197000,28.887999999999998,24.6
197100,28.887999999999998,24.6
197200,28.887999999999998,24.6
197300,28.887999999999998,24.6
197400,28.887999999999998,24.6
197500,28.887999999999998,24.6
197600,28.887999999999998,24.6
197700,28.815999999999995,24.6
197800,28.815999999999995,24.6
197900,28.815999999999995,24.6
198000,28.815999999999995,24.6
198100,28.815999999999995,24.6
198200,28.815999999999995,24.6
198300,28.815999999999995,24.6
198400,28.815999999999995,24.6
198500,28.72,24.6
198600,28.72,24.6
198700,28.72,24.6
198800,28.72,24.6
198900,28.72,24.6
199000,28.72,24.6
199100,28.72,24.6
199200,28.72,24.6
199300,28.72,24.6
199400,28.72,24.6
199500,28.72,24.6
199600,28.72,24.6
199700,28.72,24.6
199800,28.72,24.6
199900,28.72,24.6
199999,28.72,24.6

START ALGORITHM
h9: (-a31 - a23) * (b25 + b23 - b51 - b32)
h14: (a32 + a21 + a41 + a33 + a34 + a35 + a33 + a32 - a14 - a54 - a33 - a31) * (-b52)
h16: (a14 + a12 + a43 + a23 + a11 + a32 - a52 - a33 - a21 - a15 - a41 - a45 - a55 - a22 - a24 - a23 - a24) * (-b23)
h22: (a33 + a54 + a21 + a13 + a53 + a12 + a44 + a55 + a22 + a32 + a42 - a45 - a14 - a55 - a23 - a52 - a31 - a44 - a51 - a13) * (-b24)
h28: (a34 - a51 - a32 - a51) * (b51)
h30: (a45 - a33 - a44 - a14 - a15 - a11) * (-b43 - b41)
h34: (a11 + a24 + a43 + a53 + a15 + a55 + a13 + a22 + a31 + a25 + a41 + a44 + a43 - a32 - a51 - a21 - a33 - a52 - a21 - a53 - a35 - a12 - a53 - a52 - a21 - a13 - a12 - a54 - a22) * (b44 - b14)
h35: (a55 + a32 + a42 + a44 + a41 + a33 + a45 + a15 + a33 - a43) * (b12 - b41)
h41: (a53 + a44 + a25 + a23 - a42 - a13) * (-b24)
h45: (-a15 - a41 - a41 - a45 - a43) * (-b24)
h48: (a14 - a33 - a32 - a33 - a45) * (-b43)
h57: (-a24) * (-b22)
h58: (a31 + a21 + a11 - a41 - a44 - a43 - a22 - a34 - a13) * (-b21)
h59: (a54 + a35 - a55 - a13 - a54) * (b31)
h61: (a35 + a12 + a13 - a41 - a13 - a21 - a22) * (-b52)
h62: (a54 - a24 - a53 - a24 - a51) * (b14)
h66: (a41 + a53 + a21 - a35 - a21 - a33 - a52) * (-b24)
h67: (a34 + a41) * (b43 + b12)
h68: (a42 + a54 + a53 + a55 + a15 - a51 - a51 - a44 - a51 - a21 - a34 - a51) * (-b53)
h72: (a14 + a45 + a55 - a24 - a52 - a55 - a14) * (-b22)
h73: (a14 + a51 + a24 + a21 + a55 - a21 - a34 - a32 - a13) * (-b54)
h76: (a23 + a51 - a41 - a51) * (-b33)
h83: (a25 + a52 - a11 - a35 - a12 - a41) * (b31)
h86: (-a45 - a11 - a41 - a51) * (b54)
h94: (a35 + a35 + a53 + a24 + a54 + a55 + a11 - a13 - a43 - a34 - a43) * (-b43)
h97: (a15 + a41 + a14 + a45 + a42 + a14 + a12 + a51 + a53 - a52 - a54 - a45 - a11 - a12 - a41) * (b55)
h104: (-a45 - a32 - a25) * (-b51)
h107: (a11 + a44 + a35 - a13) * (-b53)
h108: (a22 + a24 + a45 + a22 + a25 - a23 - a45 - a51 - a51 - a31 - a23 - a11) * (-b15)
h123: (a45 + a45 + a32 + a12 + a25 - a55 - a24 - a51 - a23 - a35 - a51 - a21 - a11 - a55 - a41 - a24 - a14 - a43 - a45 - a45 - a41) * (b42)
h133: (a31 + a35 - a25) * (-b43)
h147: (a31 + a53 + a31 + a55 + a21 + a53 + a15 + a14 + a51 + a55 + a43 + a15 - a21 - a52 - a15 - a12 - a22 - a52 - a42 - a15 - a33 - a43 - a53 - a54 - a31) * (-b14)
h182: (a44 + a14) * (b55)
h344: (a54 + a53 + a44 + a55 + a31 + a55 + a34 - a43 - a42 - a44 - a13 - a23 - a31) * (b11)
h488: (a35 + a54 + a51 + a12 + a51 + a32 - a53 - a42 - a12 - a42 - a13 - a52 - a13 - a54) * (b31)
h681: (a11 + a23 + a42 + a24 + a54 + a25 + a13 + a53 + a44 + a43 + a44 + a55 + a43 + a54 + a44 + a45 - a32 - a42 - a41 - a41 - a31 - a51 - a53 - a43) * (-b52)
h754: (a35 + a45 + a44 - a52 - a42 - a21) * (-b13)
h755: (a24 + a54 + a24 + a21 + a14 + a51 + a23 + a52 - a34 - a44 - a31 - a52 - a15 - a42 - a51 - a14 - a24 - a41) * (-b43)
h1010: (a51 + a43 + a54 - a25 - a33 - a13) * (-b31)
h1524: (a22 - a32 - a35 - a35) * (b44)
h3131: (a31 + a45 + a14 + a43 + a14 - a22 - a53 - a14 - a21 - a23) * (b54)
h7418: (a41 + a33 + a53 + a14 + a33 - a15 - a42 - a54 - a11) * (b24 - b22)
h7459: (-a42 - a22 - a25) * (b51 + b24 + b54)
h9977: (a55 + a42 - a22) * (-b23)
h14853: (a15 + a54 + a35 + a22 - a31 - a45 - a23 - a11 - a31 - a12 - a42) * (-b43)
h15707: (a33 + a45 + a42 + a33 + a35 + a21 + a52 - a43 - a42 - a32 - a25 - a31 - a52) * (-b52)
h27081: (-a25) * (-b34 - b31)
h32738: (a55 + a21 + a55 + a11 - a52 - a44 - a11 - a24) * (b23)
h32739: (-a52 - a22 - a45 - a23) * (b35)
h36898: (a41 + a13 + a42 + a41 - a52 - a25 - a41) * (-b55)
h39394: (a25 + a45 + a53 + a21 + a54 + a33 + a21 + a44 - a51 - a43 - a43 - a52 - a54 - a35) * (-b23)
h55270: (a54 + a54 - a54 - a24 - a11) * (b12)
h70810: (a21 + a33 + a25 - a35 - a24 - a43) * (-b21)
c11: h76 + h133 - h68 - h754 
c12: h72 + h83 
c13: h97 + h67 + h83 - h107 - h35 
c14: h66 - h61 
c15: h123 + h32739 - h9 - h32738 
c21: h7459 
c22: h488 + h3131 
c23: h86 + h1524 
c24: h73 + h41 
c25: h48 + h104 
c31: h45 + h1524 
c32: h34 + h182 - h86 - h147 
c33: h27081 + h35 - h108 - h48 
c34: h28 + h35 + h9977 + h14853 + h94 - h14 
c35: h72 + h344 + h39394 + h22 
c41: h59 + h70810 - h108 - h55270 
c42: h22 + h681 - h755 - h1010 
c43: h22 - h67 - h7418 
c44: h94 + h681 
c45: h68 + h83 + h104 + h488 + h28 
c51: h45 + h62 + h67 + h35 - h30 
c52: h15707 - h16 
c53: h67 - h58 
c54: h1524 - h58 
c55: h22 + h34 + h36898 - h57 
