0,150.6,25
100,100.67999999999999,25
200,78.272,24.8
300,67.184,24.8
400,64.432,24.8
500,60.74400000000001,24.8
600,55.624,24.8
700,53.8,24.8
800,53.208000000000006,24.8
900,52.312,24.6
1000,52.032,24.6
1100,51.128,24.6
1200,50.872,24.6
1300,50.544,24.6
1400,49.544,24.6
1500,49.544,24.6
1600,49.496,24.6
1700,48.496,24.6
1800,48.168,24.6
1900,48.168,24.6
2000,46.976,24.6
2100,46.160000000000004,24.4
2200,46.160000000000004,24.4
2300,46.160000000000004,24.4
2400,45.712,24.4
2500,45.712,24.4
2600,45.232,24.4
2700,45.232,24.4
2800,45.088,24.6
2900,45.088,24.6
3000,44.824,24.6
3100,42.224000000000004,24.4
3200,42.032,24.4
3300,42.00000000000001,24.6
3400,40.632,24.6
3500,40.632,24.6
3600,39.272000000000006,24.4
3700,38.632,24.2
3800,37.68,24
3900,37.04,24
4000,36.688,24
4100,35.928,23.8
4200,35.928,24
4300,33.8,23.8
4400,33.576,23.8
4500,33.576,23.8
4600,33.576,23.8
4700,33.576,23.8
4800,33.576,23.8
4900,33.576,23.8
5000,33.04,23.8
5100,33.04,23.8
5200,33.04,23.8
5300,33.04,23.8
5400,32.952,23.8
5500,32.952,23.8
5600,32.952,23.8
5700,32.896,23.8
5800,32.896,23.8
5900,32.896,23.8
6000,32.896,23.8
6100,32.896,23.8
6200,32.536,24
6300,32.144000000000005,24.2
6400,32.104,24.2
6500,31.984,24.2
6600,31.984,24.2
6700,31.984,24.2
6800,31.984,24.2
6900,31.744,24.2
7000,31.744,24.2
7100,31.503999999999998,24.2
7200,31.095999999999997,24.2
7300,31.095999999999997,24.2
7400,31.04,24.2
7500,30.968,24.2
7600,30.968,24.2
7700,30.968,24.2
7800,30.968,24.2
7900,30.968,24.2
8000,30.439999999999998,24.2
8100,30.439999999999998,24.2
8200,30.439999999999998,24.2
8300,30.439999999999998,24.2
8400,30.439999999999998,24.2
8500,30.439999999999998,24.2
8600,30.439999999999998,24.2
8700,30.439999999999998,24.2
8800,30.191999999999997,24.2
8900,30.191999999999997,24.2
9000,30,24.2
9100,29.648000000000003,24.2
9200,29.648000000000003,24.2
9300,29.04,24.2
9400,29.04,24.2
9500,29.04,24.2
9600,29.04,24.2
9700,29.04,24.2
9800,28.823999999999995,24.2
9900,28.823999999999995,24.2
10000,28.823999999999995,24.2
10100,28.823999999999995,24.2
10200,28.823999999999995,24.2
10300,28.823999999999995,24.2
10400,28.823999999999995,24.2
10500,28.048000000000002,24.2
10600,28.048000000000002,24.2
10700,28,24.2
10800,28,24.2
10900,28,24.2
11000,28,24.2
11100,28,24.2
11200,28,24.2
11300,28,24.2
11400,28,24.2
11500,28,24.2
11600,28,24.2
11700,28,24.2
11800,28,24.2
11900,28,24.2
12000,28,24.2
12100,28,24.2
12200,27.4,24.2
12300,27.4,24.2
12400,27.4,24.2
12500,27.4,24.2
12600,27.4,24.2
12700,27.4,24.2
12800,27.4,24.2
12900,27.4,24.2
13000,27.4,24.2
13100,27.4,24.2
13200,27.328000000000003,24.2
13300,27.32,24.4
13400,27.32,24.4
13500,27.32,24.4
13600,27.32,24.4
13700,27.272,24.4
13800,27.272,24.4
13900,27.272,24.4
14000,27.272,24.4
14100,27.272,24.4
14200,27.272,24.4
14300,27.272,24.4
14400,27.272,24.4
14500,27.272,24.4
14600,27.272,24.4
14700,27.272,24.4
14800,27.272,24.4
14900,27.272,24.4
15000,27.272,24.4
15100,27.272,24.4
15200,27.272,24.4
15300,27.024,24.2
15400,27.024,24.2
15500,27.024,24.2
15600,27.024,24.2
15700,26.824,24.2
15800,26.72,24.2
15900,26.48,24.2
16000,26.48,24.2
16100,26.48,24.2
16200,26.48,24.2
16300,26.48,24.2
16400,26.48,24.2
16500,26.48,24.2
16600,26.48,24.2
16700,26.48,24.2
16800,26.456,24.2
16900,26.456,24.2
17000,26.456,24.2
17100,26.456,24.2
17200,26.456,24.2
17300,26.456,24.2
17400,26.456,24.2
17500,26.456,24.2
17600,26.296000000000003,24.2
17700,26.296000000000003,24.2
17800,26.296000000000003,24.2
17900,26.296000000000003,24.2
18000,26.296000000000003,24.2
18100,26.296000000000003,24.2
18200,26.296000000000003,24.2
18300,26.296000000000003,24.2
18400,26.296000000000003,24.2
18500,26.296000000000003,24.2
18600,25.448,24.2
18700,25.448,24.2
18800,25.448,24.2
18900,25.448,24.2
19000,25.448,24.2
19100,25.448,24.2
19200,25.448,24.2
19300,25.448,24.2
19400,25.448,24.2
19500,25.416,24.2
19600,25.416,24.2
19700,25.416,24.2
19800,25.416,24.2
19900,25.416,24.2
20000,25.416,24.2
20100,25.416,24.2
20200,25.416,24.2
20300,25.416,24.2
20400,25.416,24.2
20500,25.416,24.2
20600,25.416,24.2
20700,25.416,24.2
20800,25.416,24.2
20900,25.416,24.2
21000,25.416,24.2
21100,25.416,24.2
21200,25.416,24.2
21300,25.416,24.2
21400,25.416,24.2
21500,25.416,24.2
21600,25.416,24.2
21700,25.416,24.2
21800,25.216,24.2
21900,25.216,24.2
22000,25.216,24.2
22100,25.216,24.2
22200,25.216,24.2
22300,25.216,24.2
22400,25.216,24.2
22500,25.216,24.2
22600,25.216,24.2
22700,25.216,24.2
22800,25.216,24.2
22900,25.216,24.2
23000,25.216,24.2
23100,25.216,24.2
23200,25.216,24.2
23300,25.216,24.2
23400,25.216,24.2
23500,25.216,24.2
23600,25.216,24.2
23700,25.216,24.2
23800,25.216,24.2
23900,25.216,24.2
24000,25.216,24.2
24100,25.216,24.2
24200,25.216,24.2
24300,25.216,24.2
24400,25.216,24.2
24500,25.216,24.2
24600,25.216,24.2
24700,25.168,24.2
24800,25.168,24.2
24900,25.168,24.2
25000,25.168,24.2
25100,25.168,24.2
25200,25.024,24.2
25300,25.024,24.2
25400,25.024,24.2
25500,25.024,24.2
25600,25.024,24.2
25700,25.024,24.2
25800,25.024,24.2
25900,25.024,24.2
26000,25.024,24.2
26100,25.024,24.2
26200,25.024,24.2
26300,25.024,24.2
26400,25.024,24.2
26500,25.024,24.2
26600,25.024,24.2
26700,25.024,24.2
26800,25.024,24.2
26900,25.024,24.2
27000,25.024,24.2
27100,25.024,24.2
27200,25.024,24.2
27300,25.024,24.2
27400,25.024,24.2
27500,25.024,24.2
27600,25.024,24.2
27700,25.024,24.2
27800,25.024,24.2
27900,25.024,24.2
28000,25.024,24.2
28100,25.024,24.2
28200,25.024,24.2
28300,25.008,24.2
28400,25.008,24.2
28500,24.303999999999995,24.2
28600,24.303999999999995,24.2
28700,24.303999999999995,24.2
28800,24.303999999999995,24.2
28900,24.303999999999995,24.2
29000,24.303999999999995,24.2
29100,24.303999999999995,24.2
29200,24.303999999999995,24.2
29300,24.303999999999995,24.2
29400,24.303999999999995,24.2
29500,24.303999999999995,24.2
29600,24.303999999999995,24.2
29700,24.303999999999995,24.2
29800,24.303999999999995,24.2
29900,24.303999999999995,24.2
30000,24.303999999999995,24.2
30100,24.303999999999995,24.2
30200,24.303999999999995,24.2
30300,23.951999999999998,24.2
30400,23.823999999999998,24.2
30500,23.823999999999998,24.2
30600,23.823999999999998,24.2
30700,23.823999999999998,24.2
30800,23.823999999999998,24.2
30900,23.823999999999998,24.2
31000,23.552,24.2
31100,23.552,24.2
31200,23.552,24.2
31300,23.552,24.2
31400,23.552,24.2
31500,23.552,24.2
31600,23.552,24.2
31700,23.552,24.2
31800,23.552,24.2
31900,23.552,24.2
32000,23.552,24.2
32100,23.552,24.2
32200,23.552,24.2
32300,23.552,24.2
32400,23.552,24.2
32500,23.552,24.2
32600,23.552,24.2
32700,23.552,24.2
32800,23.552,24.2
32900,23.552,24.2
33000,23.384,24.2
33100,23.384,24.2
33200,23.384,24.2
33300,23.384,24.2
33400,23.384,24.2
33500,23.384,24.2
33600,23.384,24.2
33700,23.384,24.2
33800,23.384,24.2
33900,23.384,24.2
34000,23.384,24.2
34100,23.072000000000003,24.2
34200,23.072000000000003,24.2
34300,23.072000000000003,24.2
34400,23.072000000000003,24.2
34500,23.072000000000003,24.2
34600,23.072000000000003,24.2
34700,23.072000000000003,24.2
34800,23.072000000000003,24.2
34900,23.072000000000003,24.2
35000,23.072000000000003,24.2
35100,23.072000000000003,24.2
35200,23.072000000000003,24.2
35300,23.072000000000003,24.2
35400,23.072000000000003,24.2
35500,23.072000000000003,24.2
35600,23.072000000000003,24.2
35700,23.072000000000003,24.2
35800,23.072000000000003,24.2
35900,23.072000000000003,24.2
36000,23.072000000000003,24.2
36100,23.072000000000003,24.2
36200,23.072000000000003,24.2
36300,23.072000000000003,24.2
36400,23.072000000000003,24.2
36500,23.072000000000003,24.2
36600,23.072000000000003,24.2
36700,23.072000000000003,24.2
36800,23.072000000000003,24.2
36900,23.072000000000003,24.2
37000,23.072000000000003,24.2
37100,23.072000000000003,24.2
37200,23.072000000000003,24.2
37300,23.072000000000003,24.2
37400,23.072000000000003,24.2
37500,23.072000000000003,24.2
37600,23.072000000000003,24.2
37700,23.072000000000003,24.2
37800,23.072000000000003,24.2
37900,23.072000000000003,24.2
38000,23.072000000000003,24.2
38100,22.767999999999997,24.2
38200,22.767999999999997,24.2
38300,22.767999999999997,24.2
38400,22.767999999999997,24.2
38500,22.767999999999997,24.2
38600,22.767999999999997,24.2
38700,22.767999999999997,24.2
38800,22.767999999999997,24.2
38900,22.767999999999997,24.2
39000,22.767999999999997,24.2
39100,22.767999999999997,24.2
39200,22.767999999999997,24.2
39300,22.767999999999997,24.2
39400,22.767999999999997,24.2
39500,22.767999999999997,24.2
39600,22.767999999999997,24.2
39700,22.767999999999997,24.2
39800,22.767999999999997,24.2
39900,22.767999999999997,24.2
40000,22.767999999999997,24.2
40100,22.767999999999997,24.2
40200,22.767999999999997,24.2
40300,22.767999999999997,24.2
40400,22.320000000000004,24.2
40500,22.320000000000004,24.2
40600,22.320000000000004,24.2
40700,22.320000000000004,24.2
40800,22.320000000000004,24.2
40900,22.320000000000004,24.2
41000,22.320000000000004,24.2
41100,22.320000000000004,24.2
41200,22.320000000000004,24.2
41300,22.320000000000004,24.2
41400,22.320000000000004,24.2
41500,22.320000000000004,24.2
41600,22.320000000000004,24.2
41700,22.320000000000004,24.2
41800,22.320000000000004,24.2
41900,22.320000000000004,24.2
42000,22.320000000000004,24.2
42100,22.320000000000004,24.2
42200,22.320000000000004,24.2
42300,22.320000000000004,24.2
42400,22.320000000000004,24.2
42500,22.320000000000004,24.2
42600,22.320000000000004,24.2
42700,22.320000000000004,24.2
42800,22.320000000000004,24.2
42900,22.320000000000004,24.2
43000,22.320000000000004,24.2
43100,22.320000000000004,24.2
43200,22.320000000000004,24.2
43300,22.320000000000004,24.2
43400,22.320000000000004,24.2
43500,22.320000000000004,24.2
43600,22.320000000000004,24.2
43700,22.28,24.2
43800,22.28,24.2
43900,22.28,24.2
44000,22.28,24.2
44100,22.28,24.2
44200,22.28,24.2
44300,22.28,24.2
44400,22.28,24.2
44500,22.28,24.2
44600,22.28,24.2
44700,22.28,24.2
44800,22.28,24.2
44900,22.28,24.2
45000,22.28,24.2
45100,22.28,24.2
45200,22.28,24.2
45300,22.28,24.2
45400,22.28,24.2
45500,22.28,24.2
45600,22.28,24.2
45700,22.28,24.2
45800,22.28,24.2
45900,22.28,24.2
46000,22.28,24.2
46100,22.28,24.2
46200,22.28,24.2
46300,22.28,24.2
46400,22.28,24.2
46500,22.28,24.2
46600,22.28,24.2
46700,22.28,24.2
46800,22.28,24.2
46900,22.28,24.2
47000,22.28,24.2
47100,22.28,24.2
47200,22.28,24.2
47300,22.28,24.2
47400,22.28,24.2
47500,22.28,24.2
47600,22.28,24.2
47700,22.28,24.2
47800,22.28,24.2
47900,22.28,24.2
48000,22.28,24.2
48100,22.28,24.2
48200,22.28,24.2
48300,22.28,24.2
48400,22.28,24.2
48500,22.28,24.2
48600,22.28,24.2
48700,22.28,24.2
48800,22.28,24.2
48900,22.28,24.2
49000,22.28,24.2
49100,22.28,24.2
49200,22.28,24.2
49300,22.28,24.2
49400,22.28,24.2
49500,22.28,24.2
49600,22.28,24.2
49700,22.28,24.2
49800,22.28,24.2
49900,22.28,24.2
50000,22.28,24.2
50100,22.28,24.2
50200,22.28,24.2
50300,22.28,24.2
50400,22.28,24.2
50500,22.28,24.2
50600,22.28,24.2
50700,22.28,24.2
50800,22.28,24.2
50900,22.28,24.2
51000,22.28,24.2
51100,22.168,24.2
51200,22.168,24.2
51300,22.168,24.2
51400,22.168,24.2
51500,22.168,24.2
51600,22.168,24.2
51700,22.168,24.2
51800,22.168,24.2
51900,22.168,24.2
52000,22.168,24.2
52100,22.168,24.2
52200,22.168,24.2
52300,22.168,24.2
52400,22.168,24.2
52500,22.168,24.2
52600,22.168,24.2
52700,22.168,24.2
52800,22.168,24.2
52900,22.168,24.2
53000,22.168,24.2
53100,21.800000000000004,24.2
53200,21.800000000000004,24.2
53300,21.800000000000004,24.2
53400,21.800000000000004,24.2
53500,21.800000000000004,24.2
53600,21.800000000000004,24.2
53700,21.800000000000004,24.2
53800,21.800000000000004,24.2
53900,21.800000000000004,24.2
54000,21.800000000000004,24.2
54100,21.800000000000004,24.2
54200,21.800000000000004,24.2
54300,21.800000000000004,24.2
54400,21.800000000000004,24.2
54500,21.800000000000004,24.2
54600,21.800000000000004,24.2
54700,21.800000000000004,24.2
54800,21.728,24.2
54900,21.728,24.2
55000,21.728,24.2
55100,21.728,24.2
55200,21.728,24.2
55300,21.6,24.2
55400,21.6,24.2
55500,21.6,24.2
55600,21.6,24.2
55700,21.6,24.2
55800,21.6,24.2
55900,21.6,24.2
56000,21.6,24.2
56100,21.6,24.2
56200,21.6,24.2
56300,21.6,24.2
56400,21.6,24.2
56500,21.6,24.2
56600,21.6,24.2
56700,21.6,24.2
56800,21.6,24.2
56900,21.6,24.2
57000,21.6,24.2
57100,21.6,24.2
57200,21.6,24.2
57300,21.6,24.2
57400,21.6,24.2
57500,21.6,24.2
57600,21.6,24.2
57700,21.6,24.2
57800,21.6,24.2
57900,21.6,24.2
58000,21.6,24.2
58100,21.6,24.2
58200,21.6,24.2
58300,21.6,24.2
58400,21.6,24.2
58500,21.6,24.2
58600,21.6,24.2
58700,21.6,24.2
58800,21.6,24.2
58900,21.6,24.2
59000,21.512000000000004,24.2
59100,21.512000000000004,24.2
59200,21.512000000000004,24.2
59300,21.512000000000004,24.2
59400,21.512000000000004,24.2
59500,21.512000000000004,24.2
59600,21.512000000000004,24.2
59700,21.512000000000004,24.2
59800,21.512000000000004,24.2
59900,21.512000000000004,24.2
60000,21.512000000000004,24.2
60100,21.512000000000004,24.2
60200,21.512000000000004,24.2
60300,21.512000000000004,24.2
60400,21.512000000000004,24.2
60500,21.368,24.2
60600,21.368,24.2
60700,21.368,24.2
60800,21.368,24.2
60900,21.368,24.2
61000,21.368,24.2
61100,21.368,24.2
61200,21.368,24.2
61300,21.368,24.2
61400,21.368,24.2
61500,21.368,24.2
61600,21.368,24.2
61700,21.368,24.2
61800,21.368,24.2
61900,21.368,24.2
62000,21.368,24.2
62100,21.368,24.2
62200,21.368,24.2
62300,21.368,24.2
62400,21.368,24.2
62500,21.368,24.2
62600,21.368,24.2
62700,21.368,24.2
62800,21.368,24.2
62900,21.368,24.2
63000,21.368,24.2
63100,21.368,24.2
63200,21.368,24.2
63300,21.368,24.2
63400,21.368,24.2
63500,21.368,24.2
63600,21.368,24.2
63700,21.368,24.2
63800,21.368,24.2
63900,21.368,24.2
64000,21.368,24.2
64100,21.368,24.2
64200,21.368,24.2
64300,21.368,24.2
64400,21.368,24.2
64500,21.368,24.2
64600,21.368,24.2
64700,21.368,24.2
64800,21.368,24.2
64900,21.368,24.2
65000,21.368,24.2
65100,21.368,24.2
65200,21.368,24.2
65300,21.368,24.2
65400,21.368,24.2
65500,21.368,24.2
65600,21.368,24.2
65700,21.368,24.2
65800,21.368,24.2
65900,21.368,24.2
66000,21.368,24.2
66100,21.368,24.2
66200,21.368,24.2
66300,21.368,24.2
66400,21.368,24.2
66500,21.368,24.2
66600,21.327999999999996,24.2
66700,21.327999999999996,24.2
66800,21.327999999999996,24.2
66900,21.327999999999996,24.2
67000,21.327999999999996,24.2
67100,21.327999999999996,24.2
67200,21.327999999999996,24.2
67300,21.327999999999996,24.2
67400,21.327999999999996,24.2
67500,21.327999999999996,24.2
67600,21.327999999999996,24.2
67700,21.327999999999996,24.2
67800,21.327999999999996,24.2
67900,21.327999999999996,24.2
68000,21.327999999999996,24.2
68100,21.327999999999996,24.2
68200,21.327999999999996,24.2
68300,21.327999999999996,24.2
68400,21.327999999999996,24.2
68500,21.327999999999996,24.2
68600,21.327999999999996,24.2
68700,21.327999999999996,24.2
68800,21.327999999999996,24.2
68900,21.327999999999996,24.2
69000,21.327999999999996,24.2
69100,21.327999999999996,24.2
69200,21.327999999999996,24.2
69300,21.327999999999996,24.2
69400,21.327999999999996,24.2
69500,21.327999999999996,24.2
69600,21.327999999999996,24.2
69700,21.327999999999996,24.2
69800,21.327999999999996,24.2
69900,21.327999999999996,24.2
70000,21.327999999999996,24.2
70100,21.327999999999996,24.2
70200,21.327999999999996,24.2
70300,21.327999999999996,24.2
70400,21.327999999999996,24.2
70500,21.327999999999996,24.2
70600,21.327999999999996,24.2
70700,21.327999999999996,24.2
70800,21.327999999999996,24.2
70900,21.327999999999996,24.2
71000,21.327999999999996,24.2
71100,21.327999999999996,24.2
71200,21.327999999999996,24.2
71300,21.327999999999996,24.2
71400,21.327999999999996,24.2
71500,21.327999999999996,24.2
71600,21.327999999999996,24.2
71700,21.327999999999996,24.2
71800,21.224,24.4
71900,21.224,24.4
72000,21.224,24.4
72100,21.224,24.4
72200,21.224,24.4
72300,21.224,24.4
72400,21.224,24.4
72500,21.224,24.4
72600,21.224,24.4
72700,21.224,24.4
72800,21.224,24.4
72900,21.224,24.4
73000,21.224,24.4
73100,21.224,24.4
73200,21.224,24.4
73300,21.224,24.4
73400,21.224,24.4
73500,21.224,24.4
73600,21.224,24.4
73700,21.224,24.4
73800,21.224,24.4
73900,21.224,24.4
74000,21.224,24.4
74100,21.224,24.4
74200,21.224,24.4
74300,21.224,24.4
74400,21.224,24.4
74500,21.224,24.4
74600,21.224,24.4
74700,21.224,24.4
74800,21.224,24.4
74900,21.224,24.4
75000,21.224,24.4
75100,21.224,24.4
75200,21.224,24.4
75300,21.224,24.4
75400,21.224,24.4
75500,21.224,24.4
75600,21.224,24.4
75700,21.224,24.4
75800,21.224,24.4
75900,21.224,24.4
76000,21.224,24.4
76100,21.224,24.4
76200,21.224,24.4
76300,21.224,24.4
76400,21.224,24.4
76500,21.224,24.4
76600,21.224,24.4
76700,21.224,24.4
76800,21.224,24.4
76900,21.224,24.4
77000,21.224,24.4
77100,21.224,24.4
77200,21.224,24.4
77300,21.224,24.4
77400,21.224,24.4
77500,21.224,24.4
77600,21.224,24.4
77700,21.224,24.4
77800,21.224,24.4
77900,21.224,24.4
78000,21.224,24.4
78100,21.192,24.6
78200,20.967999999999996,24.6
78300,20.967999999999996,24.6
78400,20.967999999999996,24.6
78500,20.967999999999996,24.6
78600,20.967999999999996,24.6
78700,20.967999999999996,24.6
78800,20.967999999999996,24.6
78900,20.967999999999996,24.6
79000,20.967999999999996,24.6
79100,20.967999999999996,24.6
79200,20.967999999999996,24.6
79300,20.759999999999998,24.6
79400,20.759999999999998,24.6
79500,20.759999999999998,24.6
79600,20.759999999999998,24.6
79700,20.759999999999998,24.6
79800,20.759999999999998,24.6
79900,20.759999999999998,24.6
80000,20.759999999999998,24.6
80100,20.759999999999998,24.6
80200,20.759999999999998,24.6
80300,20.759999999999998,24.6
80400,20.759999999999998,24.6
80500,20.759999999999998,24.6
80600,20.759999999999998,24.6
80700,20.759999999999998,24.6
80800,20.759999999999998,24.6
80900,20.759999999999998,24.6
81000,20.759999999999998,24.6
81100,20.759999999999998,24.6
81200,20.656,24.6
81300,20.656,24.6
81400,20.656,24.6
81500,20.656,24.6
81600,20.656,24.6
81700,20.656,24.6
81800,20.656,24.6
81900,20.656,24.6
82000,20.656,24.6
82100,20.656,24.6
82200,20.656,24.6
82300,20.656,24.6
82400,20.656,24.6
82500,20.656,24.6
82600,20.656,24.6
82700,20.656,24.6
82800,20.656,24.6
82900,20.656,24.6
83000,20.656,24.6
83100,20.656,24.6
83200,20.656,24.6
83300,20.656,24.6
83400,20.656,24.6
83500,20.656,24.6
83600,20.656,24.6
83700,20.656,24.6
83800,20.656,24.6
83900,20.656,24.6
84000,20.656,24.6
84100,20.656,24.6
84200,20.656,24.6
84300,20.656,24.6
84400,20.656,24.6
84500,20.656,24.6
84600,20.656,24.6
84700,20.656,24.6
84800,20.656,24.6
84900,20.656,24.6
85000,20.656,24.6
85100,20.656,24.6
85200,20.656,24.6
85300,20.656,24.6
85400,20.656,24.6
85500,20.656,24.6
85600,20.656,24.6
85700,20.656,24.6
85800,20.656,24.6
85900,20.656,24.6
86000,20.656,24.6
86100,20.656,24.6
86200,20.656,24.6
86300,20.656,24.6
86400,20.656,24.6
86500,20.656,24.6
86600,20.656,24.6
86700,20.656,24.6
86800,20.656,24.6
86900,20.656,24.6
87000,20.656,24.6
87100,20.656,24.6
87200,20.656,24.6
87300,20.656,24.6
87400,20.656,24.6
87500,20.656,24.6
87600,20.656,24.6
87700,20.656,24.6
87800,20.656,24.6
87900,20.656,24.6
88000,20.656,24.6
88100,20.656,24.6
88200,20.656,24.6
88300,20.656,24.6
88400,20.624000000000002,24.6
88500,20.624000000000002,24.6
88600,20.624000000000002,24.6
88700,20.624000000000002,24.6
88800,20.624000000000002,24.6
88900,20.624000000000002,24.6
89000,20.624000000000002,24.6
89100,20.624000000000002,24.6
89200,20.624000000000002,24.6
89300,20.624000000000002,24.6
89400,20.624000000000002,24.6
89500,20.624000000000002,24.6
89600,20.624000000000002,24.6
89700,20.624000000000002,24.6
89800,20.624000000000002,24.6
89900,20.624000000000002,24.6
90000,20.624000000000002,24.6
90100,20.624000000000002,24.6
90200,20.624000000000002,24.6
90300,20.624000000000002,24.6
90400,20.624000000000002,24.6
90500,20.624000000000002,24.6
90600,20.624000000000002,24.6
90700,20.624000000000002,24.6
90800,20.624000000000002,24.6
90900,20.624000000000002,24.6
91000,20.624000000000002,24.6
91100,20.624000000000002,24.6
91200,20.624000000000002,24.6
91300,20.624000000000002,24.6
91400,20.624000000000002,24.6
91500,20.624000000000002,24.6
91600,20.624000000000002,24.6
91700,20.624000000000002,24.6
91800,20.624000000000002,24.6
91900,20.624000000000002,24.6
92000,20.624000000000002,24.6
92100,20.624000000000002,24.6
92200,20.624000000000002,24.6
92300,20.624000000000002,24.6
92400,20.624000000000002,24.6
92500,20.616,24.6
92600,20.616,24.6
92700,20.616,24.6
92800,20.616,24.6
92900,20.616,24.6
93000,20.616,24.6
93100,20.616,24.6
93200,20.616,24.6
93300,20.616,24.6
93400,20.616,24.6
93500,20.616,24.6
93600,20.184,24.6
93700,20.184,24.6
93800,20.184,24.6
93900,20.184,24.6
94000,20.184,24.6
94100,20.184,24.6
94200,20.184,24.6
94300,20.184,24.6
94400,20.184,24.6
94500,20.184,24.6
94600,20.184,24.6
94700,20.184,24.6
94800,20.184,24.6
94900,20.184,24.6
95000,20.184,24.6
95100,20.184,24.6
95200,20.184,24.6
95300,20.184,24.6
95400,20.184,24.6
95500,20.184,24.6
95600,20.184,24.6
95700,20.184,24.6
95800,20.184,24.6
95900,20.184,24.6
96000,20.184,24.6
96100,20.184,24.6
96200,20.184,24.6
96300,20.184,24.6
96400,20.184,24.6
96500,20.184,24.6
96600,20.184,24.6
96700,20.184,24.6
96800,20.184,24.6
96900,20.184,24.6
97000,20.184,24.6
97100,20.184,24.6
97200,20.184,24.6
97300,20.184,24.6
97400,20.184,24.6
97500,20.184,24.6
97600,20.184,24.6
97700,20.184,24.6
97800,20.184,24.6
97900,20.184,24.6
98000,20.184,24.6
98100,20.184,24.6
98200,20.184,24.6
98300,20.184,24.6
98400,20.184,24.6
98500,20.184,24.6
98600,20.184,24.6
98700,20.184,24.6
98800,20.184,24.6
98900,20.184,24.6
99000,20.184,24.6
99100,20.184,24.6
99200,20.184,24.6
99300,20.072000000000003,24.6
99400,20.072000000000003,24.6
99500,20.072000000000003,24.6
99600,20.072000000000003,24.6
99700,20.072000000000003,24.6
99800,20.072000000000003,24.6
99900,20.072000000000003,24.6
100000,20.072000000000003,24.6
100100,20.072000000000003,24.6
100200,20.072000000000003,24.6
100300,20.072000000000003,24.6
100400,20.072000000000003,24.6
100500,20.072000000000003,24.6
100600,20.072000000000003,24.6
100700,20.072000000000003,24.6
100800,20.072000000000003,24.6
100900,20.072000000000003,24.6
101000,20.072000000000003,24.6
101100,20.072000000000003,24.6
101200,20.072000000000003,24.6
101300,20.072000000000003,24.6
101400,20.072000000000003,24.6
101500,20.072000000000003,24.6
101600,20.072000000000003,24.6
101700,20.072000000000003,24.6
101800,20.072000000000003,24.6
101900,20.072000000000003,24.6
102000,20.072000000000003,24.6
102100,20.072000000000003,24.6
102200,20.072000000000003,24.6
102300,20.072000000000003,24.6
102400,20.072000000000003,24.6
102500,20.072000000000003,24.6
102600,20.072000000000003,24.6
102700,20.072000000000003,24.6
102800,20.072000000000003,24.6
102900,20.072000000000003,24.6
103000,20.072000000000003,24.6
103100,20.072000000000003,24.6
103200,20.072000000000003,24.6
103300,20.072000000000003,24.6
103400,20.072000000000003,24.6
103500,20.072000000000003,24.6
103600,20.072000000000003,24.6
103700,20.072000000000003,24.6
103800,20.072000000000003,24.6
103900,20.072000000000003,24.6
104000,20.072000000000003,24.6
104100,20.072000000000003,24.6
104200,20.072000000000003,24.6
104300,20.072000000000003,24.6
104400,20.072000000000003,24.6
104500,20.072000000000003,24.6
104600,20.072000000000003,24.6
104700,20.072000000000003,24.6
104800,20.072000000000003,24.6
104900,20.072000000000003,24.6
105000,20.072000000000003,24.6
105100,20.072000000000003,24.6
105200,20.072000000000003,24.6
105300,20.072000000000003,24.6
105400,20.072000000000003,24.6
105500,20.072000000000003,24.6
105600,20.072000000000003,24.6
105700,20.072000000000003,24.6
105800,20.072000000000003,24.6
105900,20.072000000000003,24.6
106000,20.072000000000003,24.6
106100,20.072000000000003,24.6
106200,20.072000000000003,24.6
106300,20.072000000000003,24.6
106400,20.072000000000003,24.6
106500,20.072000000000003,24.6
106600,20.072000000000003,24.6
106700,20.072000000000003,24.6
106800,20.072000000000003,24.6
106900,20.072000000000003,24.6
107000,20.072000000000003,24.6
107100,20.072000000000003,24.6
107200,20.072000000000003,24.6
107300,20.072000000000003,24.6
107400,20.072000000000003,24.6
107500,20.072000000000003,24.6
107600,20.072000000000003,24.6
107700,20.072000000000003,24.6
107800,20.072000000000003,24.6
107900,20.072000000000003,24.6
108000,20.072000000000003,24.6
108100,20.072000000000003,24.6
108200,20.072000000000003,24.6
108300,20.072000000000003,24.6
108400,20.072000000000003,24.6
108500,20.072000000000003,24.6
108600,20.072000000000003,24.6
108700,20.072000000000003,24.6
108800,20.072000000000003,24.6
108900,20.072000000000003,24.6
109000,20.072000000000003,24.6
109100,20.072000000000003,24.6
109200,20.072000000000003,24.6
109300,20.072000000000003,24.6
109400,20.072000000000003,24.6
109500,20.072000000000003,24.6
109600,20.072000000000003,24.6
109700,20.072000000000003,24.6
109800,20.072000000000003,24.6
109900,20.072000000000003,24.6
110000,20.072000000000003,24.6
110100,20.072000000000003,24.6
110200,20.072000000000003,24.6
110300,20.072000000000003,24.6
110400,20.072000000000003,24.6
110500,20.072000000000003,24.6
110600,20.072000000000003,24.6
110700,20.072000000000003,24.6
110800,20.072000000000003,24.6
110900,20.072000000000003,24.6
111000,20.072000000000003,24.6
111100,20.064,24.4
111200,20.064,24.4
111300,20.064,24.4
111400,20.064,24.4
111500,20.064,24.4
111600,20.064,24.4
111700,20.064,24.4
111800,20.064,24.4
111900,20.064,24.4
112000,20.064,24.4
112100,20.064,24.4
112200,20.064,24.4
112300,20.064,24.4
112400,20.064,24.4
112500,20.064,24.4
112600,20.064,24.4
112700,20.064,24.4
112800,20.064,24.4
112900,20.064,24.4
113000,20.064,24.4
113100,20.064,24.4
113200,20.064,24.4
113300,20.064,24.4
113400,20.064,24.4
113500,20.064,24.4
113600,20.064,24.4
113700,20.064,24.4
113800,20.064,24.4
113900,20.064,24.4
114000,20.064,24.4
114100,19.952,24.2
114200,19.952,24.2
114300,19.952,24.2
114400,19.952,24.2
114500,19.952,24.2
114600,19.952,24.2
114700,19.952,24.2
114800,19.952,24.2
114900,19.952,24.2
115000,19.952,24.2
115100,19.952,24.2
115200,19.952,24.2
115300,19.952,24.2
115400,19.952,24.2
115500,19.952,24.2
115600,19.952,24.2
115700,19.952,24.2
115800,19.952,24.2
115900,19.952,24.2
116000,19.952,24.2
116100,19.952,24.2
116200,19.952,24.2
116300,19.952,24.2
116400,19.952,24.2
116500,19.952,24.2
116600,19.952,24.2
116700,19.952,24.2
116800,19.952,24.2
116900,19.952,24.2
117000,19.952,24.2
117100,19.952,24.2
117200,19.952,24.2
117300,19.952,24.2
117400,19.952,24.2
117500,19.952,24.2
117600,19.952,24.2
117700,19.952,24.2
117800,19.952,24.2
117900,19.952,24.2
118000,19.952,24.2
118100,19.952,24.2
118200,19.952,24.2
118300,19.952,24.2
118400,19.952,24.2
118500,19.952,24.2
118600,19.952,24.2
118700,19.952,24.2
118800,19.952,24.2
118900,19.952,24.2
119000,19.952,24.2
119100,19.952,24.2
119200,19.952,24.2
119300,19.952,24.2
119400,19.952,24.2
119500,19.952,24.2
119600,19.952,24.2
119700,19.952,24.2
119800,19.952,24.2
119900,19.952,24.2
120000,19.952,24.2
120100,19.952,24.2
120200,19.952,24.2
120300,19.952,24.2
120400,19.952,24.2
120500,19.952,24.2
120600,19.952,24.2
120700,19.952,24.2
120800,19.952,24.2
120900,19.711999999999996,24.2
121000,19.711999999999996,24.2
121100,19.711999999999996,24.2
121200,19.711999999999996,24.2
121300,19.711999999999996,24.2
121400,19.711999999999996,24.2
121500,19.711999999999996,24.2
121600,19.711999999999996,24.2
121700,19.711999999999996,24.2
121800,19.711999999999996,24.2
121900,19.711999999999996,24.2
122000,19.711999999999996,24.2
122100,19.711999999999996,24.2
122200,19.711999999999996,24.2
122300,19.711999999999996,24.2
122400,19.711999999999996,24.2
122500,19.711999999999996,24.2
122600,19.711999999999996,24.2
122700,19.711999999999996,24.2
122800,19.711999999999996,24.2
122900,19.711999999999996,24.2
123000,19.711999999999996,24.2
123100,19.711999999999996,24.2
123200,19.711999999999996,24.2
123300,19.711999999999996,24.2
123400,19.711999999999996,24.2
123500,19.711999999999996,24.2
123600,19.711999999999996,24.2
123700,19.711999999999996,24.2
123800,19.711999999999996,24.2
123900,19.711999999999996,24.2
124000,19.711999999999996,24.2
124100,19.711999999999996,24.2
124200,19.711999999999996,24.2
124300,19.711999999999996,24.2
124400,19.711999999999996,24.2
124500,19.711999999999996,24.2
124600,19.711999999999996,24.2
124700,19.711999999999996,24.2
124800,19.711999999999996,24.2
124900,19.711999999999996,24.2
125000,19.711999999999996,24.2
125100,19.711999999999996,24.2
125200,19.711999999999996,24.2
125300,19.711999999999996,24.2
125400,19.711999999999996,24.2
125500,19.496000000000002,24.2
125600,19.496000000000002,24.2
125700,19.496000000000002,24.2
125800,19.496000000000002,24.2
125900,19.496000000000002,24.2
126000,19.496000000000002,24.2
126100,19.496000000000002,24.2
126200,19.496000000000002,24.2
126300,19.496000000000002,24.2
126400,19.496000000000002,24.2
126500,19.496000000000002,24.2
126600,19.496000000000002,24.2
126700,19.496000000000002,24.2
126800,19.496000000000002,24.2
126900,19.496000000000002,24.2
127000,19.496000000000002,24.2
127100,19.496000000000002,24.2
127200,19.496000000000002,24.2
127300,19.496000000000002,24.2
127400,19.496000000000002,24.2
127500,19.496000000000002,24.2
127600,19.496000000000002,24.2
127700,19.496000000000002,24.2
127800,19.496000000000002,24.2
127900,19.488,24
128000,19.488,24
128100,19.488,24
128200,19.488,24
128300,19.488,24
128400,19.488,24
128500,19.488,24
128600,19.488,24
128700,19.488,24
128800,19.415999999999997,24
128900,19.415999999999997,24
129000,19.415999999999997,24
129100,19.415999999999997,24
129200,19.415999999999997,24
129300,19.415999999999997,24
129400,19.415999999999997,24
129500,19.415999999999997,24
129600,19.415999999999997,24
129700,19.415999999999997,24
129800,19.415999999999997,24
129900,19.415999999999997,24
130000,19.415999999999997,24
130100,19.415999999999997,24
130200,19.415999999999997,24
130300,19.415999999999997,24
130400,19.415999999999997,24
130500,19.415999999999997,24
130600,19.415999999999997,24
130700,19.415999999999997,24
130800,19.415999999999997,24
130900,19.415999999999997,24
131000,19.415999999999997,24
131100,19.415999999999997,24
131200,19.415999999999997,24
131300,19.415999999999997,24
131400,19.415999999999997,24
131500,19.056,24
131600,19.056,24
131700,19.048,24
131800,19.048,24
131900,19.048,24
132000,19.048,24
132100,19.048,24
132200,19.048,24
132300,19.048,24
132400,19.048,24
132500,19.048,24
132600,19.048,24
132700,19.048,24
132800,19.048,24
132900,19.048,24
133000,19.048,24
133100,19.048,24
133200,19.048,24
133300,19.048,24
133400,19,24
133500,19,24
133600,19,24
133700,19,24
133800,19,24
133900,19,24
134000,19,24
134100,19,24
134200,19,24
134300,19,24
134400,19,24
134500,19,24
134600,19,24
134700,19,24
134800,19,24
134900,19,24
135000,19,24
135100,19,24
135200,19,24
135300,19,24
135400,19,24
135500,19,24
135600,19,24
135700,19,24
135800,19,24
135900,19,24
136000,19,24
136100,19,24
136200,19,24
136300,19,24
136400,19,24
136500,19,24
136600,19,24
136700,19,24
136800,19,24
136900,19,24
137000,19,24
137100,19,24
137200,19,24
137300,19,24
137400,19,24
137500,19,24
137600,19,24
137700,19,24
137800,19,24
137900,19,24
138000,19,24
138100,19,24
138200,19,24
138300,19,24
138400,19,24
138500,19,24
138600,19,24
138700,19,24
138800,19,24
138900,19,24
139000,19,24
139100,19,24
139200,19,24
139300,19,24
139400,19,24
139500,19,24
139600,19,24
139700,19,24
139800,19,24
139900,19,24
140000,19,24
140100,19,24
140200,19,24
140300,19,24
140400,19,24
140500,19,24
140600,19,24
140700,19,24
140800,19,24
140900,19,24
141000,19,24
141100,19,24
141200,19,24
141300,19,24
141400,19,24
141500,19,24
141600,19,24
141700,19,24
141800,19,24
141900,19,24
142000,19,24
142100,19,24
142200,19,24
142300,19,24
142400,19,24
142500,19,24
142600,19,24
142700,19,24
142800,19,24
142900,19,24
143000,19,24
143100,19,24
143200,19,24
143300,19,24
143400,18.696000000000005,24
143500,18.696000000000005,24
143600,18.696000000000005,24
143700,18.696000000000005,24
143800,18.696000000000005,24
143900,18.696000000000005,24
144000,18.696000000000005,24
144100,18.696000000000005,24
144200,18.696000000000005,24
144300,18.696000000000005,24
144400,18.696000000000005,24
144500,18.696000000000005,24
144600,18.696000000000005,24
144700,18.696000000000005,24
144800,18.696000000000005,24
144900,18.696000000000005,24
145000,18.696000000000005,24
145100,18.696000000000005,24
145200,18.696000000000005,24
145300,18.696000000000005,24
145400,18.696000000000005,24
145500,18.696000000000005,24
145600,18.696000000000005,24
145700,18.696000000000005,24
145800,18.696000000000005,24
145900,18.696000000000005,24
146000,18.696000000000005,24
146100,18.696000000000005,24
146200,18.696000000000005,24
146300,18.696000000000005,24
146400,18.696000000000005,24
146500,18.696000000000005,24
146600,18.696000000000005,24
146700,18.696000000000005,24
146800,18.696000000000005,24
146900,18.696000000000005,24
147000,18.696000000000005,24
147100,18.696000000000005,24
147200,18.696000000000005,24
147300,18.696000000000005,24
147400,18.696000000000005,24
147500,18.696000000000005,24
147600,18.696000000000005,24
147700,18.696000000000005,24
147800,18.696000000000005,24
147900,18.696000000000005,24
148000,18.696000000000005,24
148100,18.696000000000005,24
148200,18.696000000000005,24
148300,18.696000000000005,24
148400,18.696000000000005,24
148500,18.696000000000005,24
148600,18.696000000000005,24
148700,18.696000000000005,24
148800,18.696000000000005,24
148900,18.696000000000005,24
149000,18.696000000000005,24
149100,18.696000000000005,24
149200,18.696000000000005,24
149300,18.696000000000005,24
149400,18.696000000000005,24
149500,18.696000000000005,24
149600,18.696000000000005,24
149700,18.696000000000005,24
149800,18.696000000000005,24
149900,18.696000000000005,24
150000,18.696000000000005,24
150100,18.696000000000005,24
150200,18.696000000000005,24
150300,18.696000000000005,24
150400,18.696000000000005,24
150500,18.696000000000005,24
150600,18.696000000000005,24
150700,18.696000000000005,24
150800,18.696000000000005,24
150900,18.696000000000005,24
151000,18.696000000000005,24
151100,18.696000000000005,24
151200,18.696000000000005,24
151300,18.696000000000005,24
151400,18.696000000000005,24
151500,18.696000000000005,24
151600,18.696000000000005,24
151700,18.696000000000005,24
151800,18.696000000000005,24
151900,18.696000000000005,24
152000,18.696000000000005,24
152100,18.696000000000005,24
152200,18.696000000000005,24
152300,18.696000000000005,24
152400,18.696000000000005,24
152500,18.696000000000005,24
152600,18.696000000000005,24
152700,18.696000000000005,24
152800,18.696000000000005,24
152900,18.696000000000005,24
153000,18.696000000000005,24
153100,18.696000000000005,24
153200,18.696000000000005,24
153300,18.696000000000005,24
153400,18.696000000000005,24
153500,18.696000000000005,24
153600,18.696000000000005,24
153700,18.696000000000005,24
153800,18.696000000000005,24
153900,18.696000000000005,24
154000,18.696000000000005,24
154100,18.696000000000005,24
154200,18.696000000000005,24
154300,18.696000000000005,24
154400,18.696000000000005,24
154500,18.696000000000005,24
154600,18.696000000000005,24
154700,18.696000000000005,24
154800,18.696000000000005,24
154900,18.696000000000005,24
155000,18.696000000000005,24
155100,18.696000000000005,24
155200,18.696000000000005,24
155300,18.696000000000005,24
155400,18.696000000000005,24
155500,18.696000000000005,24
155600,18.696000000000005,24
155700,18.383999999999997,24
155800,18.383999999999997,24
155900,18.383999999999997,24
156000,18.383999999999997,24
156100,18.383999999999997,24
156200,18.383999999999997,24
156300,18.383999999999997,24
156400,18.383999999999997,24
156500,18.383999999999997,24
156600,18.383999999999997,24
156700,18.383999999999997,24
156800,18.383999999999997,24
156900,18.383999999999997,24
157000,18.383999999999997,24
157100,18.383999999999997,24
157200,18.383999999999997,24
157300,18.383999999999997,24
157400,18.383999999999997,24
157500,18.383999999999997,24
157600,18.383999999999997,24
157700,18.383999999999997,24
157800,18.383999999999997,24
157900,18.383999999999997,24
158000,18.383999999999997,24
158100,18.383999999999997,24
158200,18.383999999999997,24
158300,18.383999999999997,24
158400,18.383999999999997,24
158500,18.383999999999997,24
158600,18.383999999999997,24
158700,18.383999999999997,24
158800,18.383999999999997,24
158900,18.383999999999997,24
159000,18.383999999999997,24
159100,18.383999999999997,24
159200,18.383999999999997,24
159300,18.383999999999997,24
159400,18.383999999999997,24
159500,18.383999999999997,24
159600,18.383999999999997,24
159700,18.383999999999997,24
159800,18.383999999999997,24
159900,18.383999999999997,24
160000,18.383999999999997,24
160100,18.383999999999997,24
160200,18.383999999999997,24
160300,18.383999999999997,24
160400,18.383999999999997,24
160500,18.383999999999997,24
160600,18.383999999999997,24
160700,18.383999999999997,24
160800,18.383999999999997,24
160900,18.383999999999997,24
161000,18.383999999999997,24
161100,18.383999999999997,24
161200,18.383999999999997,24
161300,18.383999999999997,24
161400,18.383999999999997,24
161500,18.383999999999997,24
161600,18.383999999999997,24
161700,18.383999999999997,24
161800,18.383999999999997,24
161900,18.383999999999997,24
162000,18.383999999999997,24
162100,18.383999999999997,24
162200,18.383999999999997,24
162300,18.383999999999997,24
162400,18.383999999999997,24
162500,18.383999999999997,24
162600,18.383999999999997,24
162700,18.383999999999997,24
162800,18.383999999999997,24
162900,18.383999999999997,24
163000,18.383999999999997,24
163100,18.383999999999997,24
163200,18.383999999999997,24
163300,18.383999999999997,24
163400,18.383999999999997,24
163500,18.383999999999997,24
163600,18.383999999999997,24
163700,18.383999999999997,24
163800,18.383999999999997,24
163900,18.383999999999997,24
164000,18.383999999999997,24
164100,18.383999999999997,24
164200,18.383999999999997,24
164300,18.383999999999997,24
164400,18.383999999999997,24
164500,18.383999999999997,24
164600,18.383999999999997,24
164700,18.383999999999997,24
164800,18.383999999999997,24
164900,18.383999999999997,24
165000,18.383999999999997,24
165100,18.383999999999997,24
165200,18.383999999999997,24
165300,18.383999999999997,24
165400,18.383999999999997,24
165500,18.383999999999997,24
165600,18.383999999999997,24
165700,18.383999999999997,24
165800,18.383999999999997,24
165900,18.383999999999997,24
166000,18.383999999999997,24
166100,18.383999999999997,24
166200,18.072,24
166300,18.072,24
166400,18.072,24
166500,18.072,24
166600,18.072,24
166700,18.072,24
166800,18.072,24
166900,18.072,24
167000,18.072,24
167100,18.072,24
167200,18.072,24
167300,18.072,24
167400,18.072,24
167500,18.024,24.2
167600,18.024,24.2
167700,18.024,24.2
167800,18.024,24.2
167900,18.024,24.2
168000,18.024,24.2
168100,18.024,24.2
168200,18.024,24.2
168300,18.024,24.2
168400,18.024,24.2
168500,18.024,24.2
168600,18.024,24.2
168700,18.024,24.2
168800,18.024,24.2
168900,18.024,24.2
169000,18.024,24.2
169100,18.024,24.2
169200,18.024,24.2
169300,18.024,24.2
169400,18.024,24.2
169500,18.024,24.2
169600,18.024,24.2
169700,18.024,24.2
169800,18.024,24.2
169900,18.024,24.2
170000,18.024,24.2
170100,18.024,24.2
170200,18.024,24.2
170300,18.024,24.2
170400,18.024,24.2
170500,18.024,24.2
170600,18.024,24.2
170700,18.024,24.2
170800,18.024,24.2
170900,18.024,24.2
171000,18.024,24.2
171100,18.024,24.2
171200,18.024,24.2
171300,18.024,24.2
171400,18.024,24.2
171500,18.024,24.2
171600,18.024,24.2
171700,18.024,24.2
171800,18.024,24.2
171900,18.024,24.2
172000,18.024,24.2
172100,18.024,24.2
172200,18.024,24.2
172300,18.024,24.2
172400,18.024,24.2
172500,18.024,24.2
172600,18.024,24.2
172700,18.024,24.2
172800,18.024,24.2
172900,18.024,24.2
173000,18.024,24.2
173100,18.024,24.2
173200,18.024,24.2
173300,18.024,24.2
173400,18.024,24.2
173500,18.024,24.2
173600,18.024,24.2
173700,18.024,24.2
173800,18.024,24.2
173900,18.024,24.2
174000,18.024,24.2
174100,18.024,24.2
174200,17.944,24
174300,17.944,24
174400,17.944,24
174500,17.944,24
174600,17.944,24
174700,17.944,24
174800,17.944,24
174900,17.944,24
175000,17.944,24
175100,17.944,24
175200,17.944,24
175300,17.944,24
175400,17.944,24
175500,17.944,24
175600,17.944,24
175700,17.944,24
175800,17.944,24
175900,17.944,24
176000,17.944,24
176100,17.944,24
176200,17.944,24
176300,17.944,24
176400,17.944,24
176500,17.944,24
176600,17.944,24
176700,17.944,24
176800,17.944,24
176900,17.944,24
177000,17.944,24
177100,17.944,24
177200,17.944,24
177300,17.944,24
177400,17.944,24
177500,17.944,24
177600,17.944,24
177700,17.944,24
177800,17.944,24
177900,17.944,24
178000,17.944,24
178100,17.944,24
178200,17.944,24
178300,17.944,24
178400,17.944,24
178500,17.944,24
178600,17.944,24
178700,17.944,24
178800,17.944,24
178900,17.944,24
179000,17.944,24
179100,17.944,24
179200,17.944,24
179300,17.944,24
179400,17.944,24
179500,17.944,24
179600,17.944,24
179700,17.944,24
179800,17.944,24
179900,17.944,24
180000,17.944,24
180100,17.944,24
180200,17.944,24
180300,17.944,24
180400,17.944,24
180500,17.944,24
180600,17.944,24
180700,17.944,24
180800,17.944,24
180900,17.944,24
181000,17.944,24
181100,17.944,24
181200,17.944,24
181300,17.944,24
181400,17.944,24
181500,17.944,24
181600,17.944,24
181700,17.944,24
181800,17.944,24
181900,17.944,24
182000,17.944,24
182100,17.944,24
182200,17.944,24
182300,17.944,24
182400,17.944,24
182500,17.944,24
182600,17.944,24
182700,17.808,24
182800,17.808,24
182900,17.808,24
183000,17.808,24
183100,17.808,24
183200,17.808,24
183300,17.808,24
183400,17.808,24
183500,17.808,24
183600,17.808,24
183700,17.808,24
183800,17.808,24
183900,17.808,24
184000,17.808,24
184100,17.808,24
184200,17.808,24
184300,17.808,24
184400,17.808,24
184500,17.808,24
184600,17.808,24
184700,17.808,24
184800,17.808,24
184900,17.808,24
185000,17.808,24
185100,17.808,24
185200,17.808,24
185300,17.808,24
185400,17.808,24
185500,17.808,24
185600,17.808,24
185700,17.808,24
185800,17.808,24
185900,17.808,24
186000,17.808,24
186100,17.808,24
186200,17.808,24
186300,17.808,24
186400,17.808,24
186500,17.808,24
186600,17.808,24
186700,17.808,24
186800,17.808,24
186900,17.808,24
187000,17.808,24
187100,17.808,24
187200,17.808,24
187300,17.808,24
187400,17.808,24
187500,17.808,24
187600,17.808,24
187700,17.808,24
187800,17.808,24
187900,17.808,24
188000,17.808,24
188100,17.808,24
188200,17.808,24
188300,17.808,24
188400,17.808,24
188500,17.808,24
188600,17.808,24
188700,17.808,24
188800,17.808,24
188900,17.808,24
189000,17.808,24
189100,17.808,24
189200,17.808,24
189300,17.808,24
189400,17.808,24
189500,17.808,24
189600,17.808,24
189700,17.808,24
189800,17.808,24
189900,17.808,24
190000,17.808,24
190100,17.808,24
190200,17.808,24
190300,17.808,24
190400,17.808,24
190500,17.808,24
190600,17.808,24
190700,17.808,24
190800,17.808,24
190900,17.808,24
191000,17.808,24
191100,17.808,24
191200,17.808,24
191300,17.808,24
191400,17.808,24
191500,17.808,24
191600,17.808,24
191700,17.808,24
191800,17.808,24
191900,17.808,24
192000,17.808,24
192100,17.808,24
192200,17.808,24
192300,17.808,24
192400,17.808,24
192500,17.808,24
192600,17.808,24
192700,17.808,24
192800,17.808,24
192900,17.808,24
193000,17.808,24
193100,17.808,24
193200,17.808,24
193300,17.808,24
193400,17.808,24
193500,17.808,24
193600,17.808,24
193700,17.808,24
193800,17.808,24
193900,17.808,24
194000,17.808,24
194100,17.808,24
194200,17.808,24
194300,17.808,24
194400,17.808,24
194500,17.808,24
194600,17.808,24
194700,17.808,24
194800,17.808,24
194900,17.808,24
195000,17.808,24
195100,17.808,24
195200,17.808,24
195300,17.808,24
195400,17.808,24
195500,17.808,24
195600,17.808,24
195700,17.808,24
195800,17.808,24
195900,17.808,24
196000,17.808,24
196100,17.808,24
196200,17.808,24
196300,17.808,24
196400,17.808,24
196500,17.808,24
196600,17.808,24
196700,17.808,24
196800,17.808,24
196900,17.808,24
197000,17.808,24
197100,17.808,24
197200,17.752,24
197300,17.752,24
197400,17.752,24
197500,17.752,24
197600,17.752,24
197700,17.752,24
197800,17.752,24
197900,17.752,24
198000,17.752,24
198100,17.752,24
198200,17.752,24
198300,17.752,24
198400,17.752,24
198500,17.752,24
198600,17.752,24
198700,17.752,24
198800,17.752,24
198900,17.752,24
199000,17.752,24
199100,17.752,24
199200,17.752,24
199300,17.752,24
199400,17.696,23.8
199500,17.696,23.8
199600,17.696,23.8
199700,17.696,23.8
199800,17.696,23.8
199900,17.696,23.8
199999,17.696,23.8

START ALGORITHM
h33: (a21) * (b31 - b34)
h36: (-a23) * (-b32)
h37: (a42 + a41 - a25 - a55 - a41) * (b13 - b15)
h38: (a11 + a33 + a13 + a21 - a45) * (-b45)
h39: (-a23 - a51) * (b22 + b41)
h44: (a25) * (b41)
h51: (a53 + a11 + a55 - a13 - a44) * (b32)
h54: (a33 + a12 + a43 - a52 - a33) * (-b11)
h57: (a32) * (b51)
h58: (a43 + a51 - a53) * (-b52)
h61: (-a55) * (b14)
h65: (-a15) * (b51 + b35)
h69: (-a53) * (b42 - b11 - b31)
h80: (a15 - a11 - a11 - a45) * (-b42)
h90: (a44 - a25) * (-b14)
h106: (a12 - a22) * (-b45)
h121: (a23 + a53) * (-b21 - b32 - b54 - b23)
h138: (a12 - a43) * (b32)
h143: (a41) * (b44 - b43 - b54)
h155: (a42 - a53 - a24) * (-b15)
h156: (a32 - a55) * (-b14)
h166: (a15 - a53 - a14 - a54) * (b54 + b11 - b52)
h212: (a41 - a31 - a43 - a32 - a54 - a31) * (-b53 - b21)
h223: (a31 + a52 + a43 - a22 - a23) * (b23 - b35 - b32)
h245: (-a33 - a53) * (-b41)
h246: (a15 + a52 + a34 - a45 - a23 - a55) * (-b23 - b45)
h308: (-a23) * (b25 - b35)
h379: (a31 + a45 + a55 + a34 + a45 + a13 + a34 - a23 - a31) * (b11 - b52)
h432: (a21 + a12 - a52 - a44) * (b21 - b42)
h470: (a54 + a51 + a12 + a12 + a11 + a32 + a52 - a51 - a55 - a33) * (b22 + b34 + b11 - b33)
h1473: (a55 + a11) * (b41)
h1487: (a35 - a11) * (-b42)
h2906: (a32 + a42 - a43) * (b35)
h3056: (a21 - a12) * (b53)
h4037: (a54 + a11 - a13) * (-b12)
h5774: (a52 + a35 + a32 + a31 + a42 + a44 - a41 - a53 - a51 - a22 - a22 - a44) * (b44)
h5974: (-a34 - a21 - a25) * (b22)
h6024: (a14 + a34 + a31 + a25 - a43 - a23 - a15 - a33 - a13 - a13 - a21 - a41 - a13 - a41) * (b51)
h7082: (a22 + a41 + a13 + a12 - a54 - a42 - a44) * (-b53 - b53)
h10801: (-a11 - a32 - a21 - a23) * (-b41 - b35)
h12444: (a42) * (b44)
h19836: (a52 + a45 - a52) * (b54 - b12)
h20646: (a24 + a55 + a55 - a41 - a41 - a53 - a55 - a21 - a24 - a22 - a15) * (b24)
h29115: (a53) * (b53)
h45090: (-a33) * (-b33 - b22 - b14)
h46803: (-a31) * (b52)
h49070: (a15 + a12 + a22 + a24 - a12 - a54) * (-b22 - b31)
h49782: (a34 + a23 - a45 - a22) * (b41)
h58196: (a41 - a21) * (b45 - b41)
h68315: (a23 - a42 - a54) * (-b43)
c11: h2906 + h5774 
c12: h49070 - h143 
c13: h156 + h61 
c14: h58 - h38 - h1487 - h12444 
c15: h44 + h36 + h246 + h245 
c21: h57 + h246 
c22: h38 + h121 + h80 + h212 + h7082 - h5974 
c23: h33 + h138 + h121 + h45090 - h2906 
c24: h90 - h470 
c25: h3056 - h69 - h51 
c31: h121 + h1473 + h379 - h58196 
c32: h106 + h379 + h308 + h155 + h44 + h90 - h308 - h10801 
c33: h36 + h308 + h6024 + h3056 - h4037 
c34: h29115 - h46803 
c35: h223 + h39 + h49782 
c41: h69 + h39 + h155 + h54 + h68315 - h245 
c42: h33 + h470 - h138 
c43: h106 - h166 
c44: h36 + h37 + h58 
c45: h212 + h1487 + h90 
c51: h65 + h80 + h7082 + h69 
c52: h80 - h432 
c53: h61 + h121 + h69 + h246 - h19836 
c54: h37 - h90 - h44 - h156 
c55: h39 + h20646 
