0,148.192,24.8
100,100.232,24.8
200,82.39200000000001,24.6
300,63.736000000000004,24.8
400,59.104,25
500,50.44799999999999,25
600,49.83200000000001,25
700,49.232000000000006,25
800,48.592,25
900,48.592,25
1000,48.32000000000001,25
1100,48.32000000000001,25
1200,48.04,25
1300,47.583999999999996,25
1400,47.583999999999996,25
1500,47.583999999999996,25
1600,47.583999999999996,25
1700,47.583999999999996,25
1800,47.583999999999996,25
1900,47.583999999999996,25
2000,47.583999999999996,25
2100,47.583999999999996,25
2200,47.215999999999994,25
2300,47.215999999999994,25
2400,47.215999999999994,25
2500,47.215999999999994,25
2600,47.215999999999994,25
2700,45.85600000000001,25
2800,45.288,25
2900,45.288,25
3000,45.288,25
3100,45.288,25
3200,45.288,25
3300,45,25
3400,44.784000000000006,25
3500,44.784000000000006,25
3600,44.784000000000006,25
3700,44.784000000000006,25
3800,44.784000000000006,25
3900,43.824,25
4000,43.824,25
4100,43.504000000000005,25
4200,43.504000000000005,25
4300,43.256,25
4400,43.128,25
4500,43.128,25
4600,43.128,25
4700,43.128,25
4800,43.128,25
4900,42.768,25
5000,42.48800000000001,24.8
5100,42.48800000000001,24.8
5200,42.48800000000001,24.8
5300,41.959999999999994,24.8
5400,41.784000000000006,24.8
5500,41.784000000000006,24.8
5600,41.248000000000005,24.8
5700,41.248000000000005,24.8
5800,41.248000000000005,24.8
5900,41.248000000000005,24.8
6000,40.776,24.8
6100,40.776,24.8
6200,40.776,24.8
6300,39.312,24.8
6400,37.96,24.8
6500,37.96,24.8
6600,37.96,24.8
6700,37.96,24.8
6800,37.96,24.8
6900,37.88799999999999,25
7000,37.88799999999999,25
7100,37.88799999999999,25
7200,37.88799999999999,25
7300,37.88799999999999,25
7400,37.88799999999999,25
7500,37.88799999999999,25
7600,37.88799999999999,25
7700,37.88799999999999,25
7800,37.88799999999999,25
7900,37.88799999999999,25
8000,37.88799999999999,25
8100,37.88799999999999,25
8200,37.104,25
8300,37.104,25
8400,37.104,25
8500,37.104,25
8600,37.104,25
8700,37.104,25
8800,36.848,25
8900,36.848,25
9000,36.848,25
9100,36.848,25
9200,36.848,25
9300,36.848,25
9400,36.848,25
9500,36.848,25
9600,36.848,25
9700,36.848,25
9800,36.848,25
9900,36.848,25
10000,36.848,25
10100,36.76,25
10200,36.328,25
10300,36.328,25
10400,36.328,25
10500,36.328,25
10600,36.328,25
10700,36.328,25
10800,36.136,25
10900,36.136,25
11000,36.136,25
11100,36.136,25
11200,36.136,25
11300,36.104,25
11400,36.104,25
11500,35.56,25
11600,35.56,25
11700,34.872,25
11800,34.872,25
11900,34.872,25
12000,34.872,25
12100,34.808,25
12200,34.752,25
12300,34.752,25
12400,34.752,25
12500,34.752,25
12600,34.416000000000004,25
12700,34.416000000000004,25
12800,34.32,25
12900,34.32,25
13000,34.32,25
13100,34.32,25
13200,34.32,25
13300,34.32,25
13400,34.32,25
13500,34.32,25
13600,34.12800000000001,25
13700,34.12800000000001,25
13800,34.12800000000001,25
13900,34.12800000000001,25
14000,34.12800000000001,25
14100,34.104,25
14200,34.104,25
14300,34.104,25
14400,34.104,25
14500,34.104,25
14600,34.104,25
14700,34.032,25
14800,33.552,24.8
14900,33.552,24.8
15000,33.552,24.8
15100,33.552,24.8
15200,33.552,24.8
15300,33.552,24.8
15400,33.552,24.8
15500,33.552,24.8
15600,33.552,24.8
15700,33.552,24.8
15800,33.552,24.8
15900,33.552,24.8
16000,33.135999999999996,24.8
16100,33.135999999999996,24.8
16200,33.135999999999996,24.8
16300,33.135999999999996,24.8
16400,33.135999999999996,24.8
16500,33.135999999999996,24.8
16600,33.135999999999996,24.8
16700,33.135999999999996,24.8
16800,33.135999999999996,24.8
16900,33.135999999999996,24.8
17000,33.135999999999996,24.8
17100,33.135999999999996,24.8
17200,33.135999999999996,24.8
17300,33.135999999999996,24.8
17400,33.135999999999996,24.8
17500,33.135999999999996,24.8
17600,32.984,24.8
17700,32.984,24.8
17800,32.984,24.8
17900,32.984,24.8
18000,32.984,24.8
18100,32.984,24.8
18200,32.984,24.8
18300,32.303999999999995,24.6
18400,32.303999999999995,24.6
18500,32.303999999999995,24.6
18600,32.303999999999995,24.6
18700,32.303999999999995,24.6
18800,32.303999999999995,24.6
18900,32.303999999999995,24.6
19000,32.303999999999995,24.6
19100,32.303999999999995,24.6
19200,32.303999999999995,24.6
19300,32.303999999999995,24.6
19400,32.303999999999995,24.6
19500,32.303999999999995,24.6
19600,32.303999999999995,24.6
19700,32.303999999999995,24.6
19800,32.303999999999995,24.6
19900,32.303999999999995,24.6
20000,32.303999999999995,24.6
20100,32.303999999999995,24.6
20200,32.303999999999995,24.6
20300,32.303999999999995,24.6
20400,32.303999999999995,24.6
20500,32.303999999999995,24.6
20600,32.288,24.6
20700,32.288,24.6
20800,32.288,24.6
20900,32.288,24.6
21000,32.288,24.6
21100,32.288,24.6
21200,32.288,24.6
21300,32.288,24.6
21400,32.288,24.6
21500,32.288,24.6
21600,32.288,24.6
21700,32.288,24.6
21800,32.288,24.6
21900,32.288,24.6
22000,32.263999999999996,24.4
22100,32.263999999999996,24.4
22200,32.263999999999996,24.4
22300,32.263999999999996,24.4
22400,31.624000000000002,24.6
22500,31.624000000000002,24.6
22600,31.624000000000002,24.6
22700,31.624000000000002,24.6
22800,31.560000000000002,24.6
22900,31.560000000000002,24.6
23000,31.560000000000002,24.6
23100,31.560000000000002,24.6
23200,31.560000000000002,24.6
23300,31.560000000000002,24.6
23400,31.560000000000002,24.6
23500,31.560000000000002,24.6
23600,31.560000000000002,24.6
23700,31.560000000000002,24.6
23800,31.560000000000002,24.6
23900,31.560000000000002,24.6
24000,31.560000000000002,24.6
24100,31.560000000000002,24.6
24200,31.560000000000002,24.6
24300,31.560000000000002,24.6
24400,31.560000000000002,24.6
24500,31.096000000000004,24.6
24600,31.096000000000004,24.6
24700,31.096000000000004,24.6
24800,31.096000000000004,24.6
24900,31.096000000000004,24.6
25000,31.096000000000004,24.6
25100,31.096000000000004,24.6
25200,31.096000000000004,24.6
25300,31.096000000000004,24.6
25400,31.096000000000004,24.6
25500,31.096000000000004,24.6
25600,31.096000000000004,24.6
25700,31.024,24.6
25800,30.296000000000003,24.6
25900,30.296000000000003,24.6
26000,30.296000000000003,24.6
26100,30.2,24.6
26200,30.2,24.6
26300,30.2,24.6
26400,30.2,24.6
26500,30.2,24.6
26600,30.2,24.6
26700,30.2,24.6
26800,30.2,24.6
26900,30.2,24.6
27000,30.2,24.6
27100,30.2,24.6
27200,30.2,24.6
27300,30.2,24.6
27400,30.2,24.6
27500,30.2,24.6
27600,30.2,24.6
27700,29.912,24.6
27800,29.912,24.6
27900,29.912,24.6
28000,29.912,24.6
28100,29.912,24.6
28200,29.912,24.6
28300,29.912,24.6
28400,29.912,24.6
28500,29.912,24.6
28600,29.912,24.6
28700,29.912,24.6
28800,29.912,24.6
28900,29.912,24.6
29000,29.912,24.6
29100,29.912,24.6
29200,29.912,24.6
29300,29.912,24.6
29400,29.912,24.6
29500,29.912,24.6
29600,29.912,24.6
29700,29.912,24.6
29800,29.912,24.6
29900,29.912,24.6
30000,29.912,24.6
30100,29.912,24.6
30200,29.912,24.6
30300,29.912,24.6
30400,29.912,24.6
30500,29.912,24.6
30600,29.912,24.6
30700,29.712,24.6
30800,29.712,24.6
30900,29.712,24.6
31000,29.712,24.6
31100,29.712,24.6
31200,29.503999999999998,24.6
31300,29.503999999999998,24.6
31400,29.503999999999998,24.6
31500,29.503999999999998,24.6
31600,29.503999999999998,24.6
31700,29.503999999999998,24.6
31800,29.503999999999998,24.6
31900,29.503999999999998,24.6
32000,29.455999999999996,24.4
32100,29.455999999999996,24.4
32200,29.455999999999996,24.4
32300,29.455999999999996,24.4
32400,29.455999999999996,24.4
32500,29.455999999999996,24.4
32600,29.455999999999996,24.4
32700,29.455999999999996,24.4
32800,29.455999999999996,24.4
32900,29.455999999999996,24.4
33000,29.455999999999996,24.4
33100,29.455999999999996,24.4
33200,29.455999999999996,24.4
33300,29.455999999999996,24.4
33400,29.455999999999996,24.4
33500,29.455999999999996,24.4
33600,29.455999999999996,24.4
33700,29.455999999999996,24.4
33800,29.455999999999996,24.4
33900,29.455999999999996,24.4
34000,29.455999999999996,24.4
34100,29.455999999999996,24.4
34200,29.247999999999998,24.4
34300,29.208,24.4
34400,29.208,24.4
34500,29.208,24.4
34600,29.208,24.4
34700,29.208,24.4
34800,29.208,24.4
34900,29.208,24.4
35000,29.208,24.4
35100,29.208,24.4
35200,29.208,24.4
35300,29.088,24.4
35400,29.088,24.4
35500,29.088,24.4
35600,28.192,24.4
35700,28.192,24.4
35800,28.192,24.4
35900,28.192,24.4
36000,28.192,24.4
36100,28.192,24.4
36200,28.192,24.4
36300,28.192,24.4
36400,28.192,24.4
36500,28.192,24.4
36600,28.192,24.4
36700,27.880000000000003,24.4
36800,27.880000000000003,24.4
36900,27.880000000000003,24.4
37000,27.880000000000003,24.4
37100,27.880000000000003,24.4
37200,27.880000000000003,24.4
37300,27.880000000000003,24.4
37400,27.880000000000003,24.4
37500,27.880000000000003,24.4
37600,27.880000000000003,24.4
37700,27.880000000000003,24.4
37800,27.880000000000003,24.4
37900,27.880000000000003,24.4
38000,27.880000000000003,24.4
38100,27.880000000000003,24.4
38200,27.880000000000003,24.4
38300,27.880000000000003,24.4
38400,27.880000000000003,24.4
38500,27.880000000000003,24.4
38600,27.880000000000003,24.4
38700,27.8,24.4
38800,27.8,24.4
38900,27.8,24.4
39000,27.8,24.4
39100,27.8,24.4
39200,27.8,24.4
39300,27.8,24.4
39400,27.8,24.4
39500,27.8,24.4
39600,27.8,24.4
39700,27.8,24.4
39800,27.512,24.4
39900,27.512,24.4
40000,27.432,24.6
40100,27.432,24.6
40200,27.432,24.6
40300,27.432,24.6
40400,27.432,24.6
40500,27.432,24.6
40600,27.432,24.6
40700,27.432,24.6
40800,27.432,24.6
40900,27.432,24.6
41000,27.432,24.6
41100,27.432,24.6
41200,27.432,24.6
41300,27.432,24.6
41400,27.432,24.6
41500,27.432,24.6
41600,27.432,24.6
41700,27.432,24.6
41800,27.432,24.6
41900,27.432,24.6
42000,27.432,24.6
42100,27.432,24.6
42200,27.432,24.6
42300,27.432,24.6
42400,27.432,24.6
42500,27.432,24.6
42600,27.432,24.6
42700,27.432,24.6
42800,27.432,24.6
42900,27.432,24.6
43000,27.432,24.6
43100,27.432,24.6
43200,27.432,24.6
43300,27.432,24.6
43400,27.432,24.6
43500,27.432,24.6
43600,27.432,24.6
43700,27.432,24.6
43800,27.432,24.6
43900,27.432,24.6
44000,27.432,24.6
44100,27.432,24.6
44200,27.432,24.6
44300,27.432,24.6
44400,27.432,24.6
44500,27.432,24.6
44600,27.432,24.6
44700,27.432,24.6
44800,27.432,24.6
44900,27.432,24.6
45000,27.432,24.6
45100,27.432,24.6
45200,27.432,24.6
45300,27.432,24.6
45400,27.432,24.6
45500,27.151999999999997,24.6
45600,27.151999999999997,24.6
45700,27.151999999999997,24.6
45800,27.151999999999997,24.6
45900,27.151999999999997,24.6
46000,27.151999999999997,24.6
46100,27.151999999999997,24.6
46200,27.151999999999997,24.6
46300,27.151999999999997,24.6
46400,27.151999999999997,24.6
46500,27.151999999999997,24.6
46600,27.151999999999997,24.6
46700,27.151999999999997,24.6
46800,27.151999999999997,24.6
46900,27.151999999999997,24.6
47000,27.151999999999997,24.6
47100,27.151999999999997,24.6
47200,27.151999999999997,24.6
47300,27.151999999999997,24.6
47400,27.151999999999997,24.6
47500,27.151999999999997,24.6
47600,27.151999999999997,24.6
47700,27.151999999999997,24.6
47800,27.151999999999997,24.6
47900,27.151999999999997,24.6
48000,27.151999999999997,24.6
48100,27.151999999999997,24.6
48200,27.151999999999997,24.6
48300,27.151999999999997,24.6
48400,27.151999999999997,24.6
48500,27.151999999999997,24.6
48600,27.048000000000002,24.6
48700,27.048000000000002,24.6
48800,27.048000000000002,24.6
48900,27.048000000000002,24.6
49000,27.048000000000002,24.6
49100,27.048000000000002,24.6
49200,27.048000000000002,24.6
49300,27.048000000000002,24.6
49400,27.048000000000002,24.6
49500,27.048000000000002,24.6
49600,27.048000000000002,24.6
49700,27.048000000000002,24.6
49800,27.048000000000002,24.6
49900,27.048000000000002,24.6
50000,27.048000000000002,24.6
50100,27.048000000000002,24.6
50200,27.048000000000002,24.6
50300,26.887999999999998,24.6
50400,26.887999999999998,24.6
50500,26.887999999999998,24.6
50600,26.887999999999998,24.6
50700,26.887999999999998,24.6
50800,26.887999999999998,24.6
50900,26.887999999999998,24.6
51000,26.887999999999998,24.6
51100,26.887999999999998,24.6
51200,26.887999999999998,24.6
51300,26.887999999999998,24.6
51400,26.887999999999998,24.6
51500,26.887999999999998,24.6
51600,26.887999999999998,24.6
51700,26.887999999999998,24.6
51800,26.887999999999998,24.6
51900,26.887999999999998,24.6
52000,26.887999999999998,24.6
52100,26.887999999999998,24.6
52200,26.887999999999998,24.6
52300,26.887999999999998,24.6
52400,26.887999999999998,24.6
52500,26.887999999999998,24.6
52600,26.887999999999998,24.6
52700,26.887999999999998,24.6
52800,26.887999999999998,24.6
52900,26.887999999999998,24.6
53000,26.887999999999998,24.6
53100,26.887999999999998,24.6
53200,26.887999999999998,24.6
53300,26.887999999999998,24.6
53400,26.887999999999998,24.6
53500,26.887999999999998,24.6
53600,26.887999999999998,24.6
53700,26.887999999999998,24.6
53800,26.887999999999998,24.6
53900,26.887999999999998,24.6
54000,26.887999999999998,24.6
54100,26.887999999999998,24.6
54200,26.887999999999998,24.6
54300,26.887999999999998,24.6
54400,26.887999999999998,24.6
54500,26.871999999999996,24.6
54600,26.871999999999996,24.6
54700,26.871999999999996,24.6
54800,26.871999999999996,24.6
54900,26.871999999999996,24.6
55000,26.871999999999996,24.6
55100,26.871999999999996,24.6
55200,26.4,24.6
55300,26.4,24.6
55400,26.4,24.6
55500,26.4,24.6
55600,26.4,24.6
55700,26.4,24.6
55800,26.4,24.6
55900,26.4,24.6
56000,26.4,24.6
56100,26.4,24.6
56200,26.4,24.6
56300,26.4,24.6
56400,26.4,24.6
56500,26.4,24.6
56600,26.4,24.6
56700,26.4,24.6
56800,26.4,24.6
56900,26.4,24.6
57000,26.4,24.6
57100,26.4,24.6
57200,26.4,24.6
57300,26.4,24.6
57400,26.4,24.6
57500,26.4,24.6
57600,26.4,24.6
57700,26.4,24.6
57800,26.4,24.6
57900,26.4,24.6
58000,26.4,24.6
58100,26.4,24.6
58200,26.4,24.6
58300,26.4,24.6
58400,26.4,24.6
58500,26.4,24.6
58600,26.4,24.6
58700,26.4,24.6
58800,26.4,24.6
58900,26.4,24.6
59000,26.4,24.6
59100,26.4,24.6
59200,26.4,24.6
59300,26.4,24.6
59400,26.4,24.6
59500,26.4,24.6
59600,26.4,24.6
59700,26.4,24.6
59800,26.4,24.6
59900,26.4,24.6
60000,26.4,24.6
60100,26.4,24.6
60200,26.4,24.6
60300,26.4,24.6
60400,26.4,24.6
60500,26.264,24.6
60600,26.264,24.6
60700,26.264,24.6
60800,26.264,24.6
60900,26.264,24.6
61000,26.264,24.6
61100,26.264,24.6
61200,26.264,24.6
61300,26.264,24.6
61400,26.264,24.6
61500,26.264,24.6
61600,26.264,24.6
61700,26.264,24.6
61800,26.264,24.6
61900,26.264,24.6
62000,26.264,24.6
62100,26.264,24.6
62200,26.264,24.6
62300,26.264,24.6
62400,26.264,24.6
62500,26.264,24.6
62600,26.264,24.6
62700,26.264,24.6
62800,26.264,24.6
62900,26.264,24.6
63000,26.264,24.6
63100,26.264,24.6
63200,26.264,24.6
63300,26.264,24.6
63400,26.264,24.6
63500,26.264,24.6
63600,26.264,24.6
63700,26.264,24.6
63800,26.264,24.6
63900,26.264,24.6
64000,26.264,24.6
64100,26.264,24.6
64200,26,24.6
64300,26,24.6
64400,26,24.6
64500,26,24.6
64600,26,24.6
64700,26,24.6
64800,26,24.6
64900,26,24.6
65000,26,24.6
65100,26,24.6
65200,26,24.6
65300,26,24.6
65400,26,24.6
65500,26,24.6
65600,25.56,24.6
65700,25.56,24.6
65800,25.56,24.6
65900,25.56,24.6
66000,25.56,24.6
66100,25.56,24.6
66200,25.56,24.6
66300,25.56,24.6
66400,25.56,24.6
66500,25.56,24.6
66600,25.56,24.6
66700,25.56,24.6
66800,25.56,24.6
66900,25.56,24.6
67000,25.56,24.6
67100,25.56,24.6
67200,25.56,24.6
67300,25.56,24.6
67400,25.56,24.6
67500,25.56,24.6
67600,25.56,24.6
67700,25.56,24.6
67800,25.56,24.6
67900,25.56,24.6
68000,25.56,24.6
68100,25.56,24.6
68200,25.56,24.6
68300,25.56,24.6
68400,25.56,24.6
68500,25.56,24.6
68600,25.520000000000003,24.6
68700,25.520000000000003,24.6
68800,25.520000000000003,24.6
68900,25.520000000000003,24.6
69000,25.520000000000003,24.6
69100,25.520000000000003,24.6
69200,25.520000000000003,24.6
69300,25.520000000000003,24.6
69400,25.520000000000003,24.6
69500,25.520000000000003,24.6
69600,25.520000000000003,24.6
69700,25.520000000000003,24.6
69800,25.520000000000003,24.6
69900,25.520000000000003,24.6
70000,25.520000000000003,24.6
70100,25.520000000000003,24.6
70200,25.520000000000003,24.6
70300,25.520000000000003,24.6
70400,25.520000000000003,24.6
70500,25.520000000000003,24.6
70600,25.520000000000003,24.6
70700,25.520000000000003,24.6
70800,25.520000000000003,24.6
70900,25.520000000000003,24.6
71000,25.520000000000003,24.6
71100,25.520000000000003,24.6
71200,25.520000000000003,24.6
71300,25.520000000000003,24.6
71400,25.520000000000003,24.6
71500,25.520000000000003,24.6
71600,25.520000000000003,24.6
71700,25.520000000000003,24.6
71800,25.520000000000003,24.6
71900,25.520000000000003,24.6
72000,25.520000000000003,24.6
72100,25.32,24.4
72200,25.32,24.4
72300,25.32,24.4
72400,25.32,24.4
72500,25.32,24.4
72600,25.272,24.6
72700,25.272,24.6
72800,25.272,24.6
72900,25.272,24.6
73000,25.272,24.6
73100,25.272,24.6
73200,25.272,24.6
73300,25.272,24.6
73400,25.272,24.6
73500,25.272,24.6
73600,25.272,24.6
73700,25.272,24.6
73800,25.272,24.6
73900,25.272,24.6
74000,25.272,24.6
74100,25.272,24.6
74200,25.272,24.6
74300,25.272,24.6
74400,25.272,24.6
74500,25.272,24.6
74600,25.272,24.6
74700,25.272,24.6
74800,25.272,24.6
74900,25.272,24.6
75000,25.272,24.6
75100,25.272,24.6
75200,25.272,24.6
75300,25.272,24.6
75400,25.272,24.6
75500,25.272,24.6
75600,25.272,24.6
75700,25.272,24.6
75800,25.272,24.6
75900,25.272,24.6
76000,25.272,24.6
76100,25.272,24.6
76200,25.272,24.6
76300,25.272,24.6
76400,25.2,24.4
76500,25.2,24.4
76600,25.2,24.4
76700,25.2,24.4
76800,25.2,24.4
76900,25.2,24.4
77000,25.2,24.4
77100,25.2,24.4
77200,25.2,24.4
77300,25.2,24.4
77400,25.2,24.4
77500,25.2,24.4
77600,25.2,24.4
77700,25.2,24.4
77800,25.2,24.4
77900,25.2,24.4
78000,25.2,24.4
78100,25.2,24.4
78200,25.2,24.4
78300,25.2,24.4
78400,25.2,24.4
78500,25.2,24.4
78600,25.2,24.4
78700,25.2,24.4
78800,25.2,24.4
78900,25.2,24.4
79000,25.2,24.4
79100,25.2,24.4
79200,25.2,24.4
79300,25.2,24.4
79400,25.2,24.4
79500,25.2,24.4
79600,25.2,24.4
79700,25.2,24.4
79800,25.2,24.4
79900,25.2,24.4
80000,25.2,24.4
80100,25.2,24.4
80200,25.2,24.4
80300,25.2,24.4
80400,25.2,24.4
80500,25.2,24.4
80600,25.2,24.4
80700,25.2,24.4
80800,25.2,24.4
80900,25.2,24.4
81000,25.2,24.4
81100,25.2,24.4
81200,25.2,24.4
81300,25.2,24.4
81400,25.2,24.4
81500,25.2,24.4
81600,25.2,24.4
81700,25.2,24.4
81800,25.2,24.4
81900,25.2,24.4
82000,25.2,24.4
82100,25.2,24.4
82200,25.2,24.4
82300,25.2,24.4
82400,25.2,24.4
82500,25.2,24.4
82600,25.2,24.4
82700,25.2,24.4
82800,25.2,24.4
82900,25.2,24.4
83000,25.2,24.4
83100,25.2,24.4
83200,25.2,24.4
83300,25.2,24.4
83400,25.2,24.4
83500,25.2,24.4
83600,25.2,24.4
83700,25.2,24.4
83800,25.2,24.4
83900,25.2,24.4
84000,25.2,24.4
84100,25.2,24.4
84200,25.2,24.4
84300,25.2,24.4
84400,25.2,24.4
84500,25.2,24.4
84600,25.2,24.4
84700,25.2,24.4
84800,25.2,24.4
84900,25.2,24.4
85000,25.2,24.4
85100,25.2,24.4
85200,25.2,24.4
85300,25.2,24.4
85400,25.2,24.4
85500,25.2,24.4
85600,25.2,24.4
85700,25.2,24.4
85800,25.2,24.4
85900,25.2,24.4
86000,25.2,24.4
86100,25.2,24.4
86200,25.2,24.4
86300,25.2,24.4
86400,25.2,24.4
86500,25.2,24.4
86600,25.2,24.4
86700,25.2,24.4
86800,25.2,24.4
86900,25.2,24.4
87000,25.2,24.4
87100,25.2,24.4
87200,25.2,24.4
87300,25.2,24.4
87400,25.2,24.4
87500,25.2,24.4
87600,25.2,24.4
87700,25.2,24.4
87800,25.2,24.4
87900,25.2,24.4
88000,25.2,24.4
88100,25.2,24.4
88200,25.2,24.4
88300,25.2,24.4
88400,25.2,24.4
88500,25.2,24.4
88600,25.2,24.4
88700,25.2,24.4
88800,25.2,24.4
88900,25.2,24.4
89000,25.2,24.4
89100,25.2,24.4
89200,25.2,24.4
89300,25.2,24.4
89400,25.2,24.4
89500,25.2,24.4
89600,25.2,24.4
89700,25.2,24.4
89800,25.2,24.4
89900,25.2,24.4
90000,25.2,24.4
90100,25.2,24.4
90200,25.2,24.4
90300,25.2,24.4
90400,25.2,24.4
90500,25.2,24.4
90600,25.2,24.4
90700,25.2,24.4
90800,25.2,24.4
90900,25.2,24.4
91000,25.2,24.4
91100,25.2,24.4
91200,25.2,24.4
91300,25.2,24.4
91400,25.2,24.4
91500,25.2,24.4
91600,25.2,24.4
91700,25.2,24.4
91800,25.2,24.4
91900,25.2,24.4
92000,25.2,24.4
92100,25.2,24.4
92200,25.2,24.4
92300,25.2,24.4
92400,25.2,24.4
92500,25.2,24.4
92600,25.2,24.4
92700,25.2,24.4
92800,25.2,24.4
92900,25.2,24.4
93000,25.2,24.4
93100,25.2,24.4
93200,25.2,24.4
93300,25.2,24.4
93400,25.2,24.4
93500,25.2,24.4
93600,25.2,24.4
93700,25.2,24.4
93800,25.2,24.4
93900,25.2,24.4
94000,25.2,24.4
94100,25.2,24.4
94200,25.2,24.4
94300,25.2,24.4
94400,25.2,24.4
94500,25.2,24.4
94600,25.2,24.4
94700,25.2,24.4
94800,25.2,24.4
94900,25.2,24.4
95000,25.2,24.4
95100,25.2,24.4
95200,25.2,24.4
95300,25.2,24.4
95400,25.2,24.4
95500,25.2,24.4
95600,25.2,24.4
95700,25.2,24.4
95800,25.2,24.4
95900,25.2,24.4
96000,25.2,24.4
96100,25.2,24.4
96200,25.2,24.4
96300,25.2,24.4
96400,25.2,24.4
96500,25.2,24.4
96600,25.2,24.4
96700,25.2,24.4
96800,25.2,24.4
96900,25.2,24.4
97000,25.119999999999997,24.4
97100,25.119999999999997,24.4
97200,25.119999999999997,24.4
97300,25.119999999999997,24.4
97400,25.119999999999997,24.4
97500,25.119999999999997,24.4
97600,25.119999999999997,24.4
97700,25.119999999999997,24.4
97800,25.119999999999997,24.4
97900,25.119999999999997,24.4
98000,25.119999999999997,24.4
98100,25.119999999999997,24.4
98200,25.119999999999997,24.4
98300,25.119999999999997,24.4
98400,25.119999999999997,24.4
98500,25.119999999999997,24.4
98600,25.119999999999997,24.4
98700,25.119999999999997,24.4
98800,25.119999999999997,24.4
98900,25.119999999999997,24.4
99000,25.119999999999997,24.4
99100,25.119999999999997,24.4
99200,25.119999999999997,24.4
99300,25.119999999999997,24.4
99400,25.119999999999997,24.4
99500,25.119999999999997,24.4
99600,25.119999999999997,24.4
99700,25.119999999999997,24.4
99800,25.119999999999997,24.4
99900,25.119999999999997,24.4
100000,25.119999999999997,24.4
100100,25.119999999999997,24.4
100200,25.119999999999997,24.4
100300,25.119999999999997,24.4
100400,25.119999999999997,24.4
100500,25.119999999999997,24.4
100600,25.119999999999997,24.4
100700,25.119999999999997,24.4
100800,25.119999999999997,24.4
100900,25.119999999999997,24.4
101000,25.119999999999997,24.4
101100,25.119999999999997,24.4
101200,25.119999999999997,24.4
101300,25.119999999999997,24.4
101400,25.119999999999997,24.4
101500,25.119999999999997,24.4
101600,25.119999999999997,24.4
101700,25.119999999999997,24.4
101800,25.119999999999997,24.4
101900,25.119999999999997,24.4
102000,25.119999999999997,24.4
102100,25.119999999999997,24.4
102200,25.119999999999997,24.4
102300,25.119999999999997,24.4
102400,25.119999999999997,24.4
102500,25.119999999999997,24.4
102600,25.119999999999997,24.4
102700,25.119999999999997,24.4
102800,25.119999999999997,24.4
102900,25.119999999999997,24.4
103000,25.119999999999997,24.4
103100,25.119999999999997,24.4
103200,25.119999999999997,24.4
103300,25.119999999999997,24.4
103400,25.119999999999997,24.4
103500,25.119999999999997,24.4
103600,25.119999999999997,24.4
103700,25.119999999999997,24.4
103800,25.119999999999997,24.4
103900,25.119999999999997,24.4
104000,25.119999999999997,24.4
104100,25.119999999999997,24.4
104200,25.119999999999997,24.4
104300,25.119999999999997,24.4
104400,25.119999999999997,24.4
104500,25.119999999999997,24.4
104600,25.119999999999997,24.4
104700,25.119999999999997,24.4
104800,25.119999999999997,24.4
104900,25.119999999999997,24.4
105000,25.119999999999997,24.4
105100,25.119999999999997,24.4
105200,25.119999999999997,24.4
105300,25.119999999999997,24.4
105400,25.119999999999997,24.4
105500,25.119999999999997,24.4
105600,25.119999999999997,24.4
105700,25.119999999999997,24.4
105800,25.119999999999997,24.4
105900,25.119999999999997,24.4
106000,25.119999999999997,24.4
106100,25.119999999999997,24.4
106200,25.119999999999997,24.4
106300,25.119999999999997,24.4
106400,25.119999999999997,24.4
106500,25.119999999999997,24.4
106600,25.119999999999997,24.4
106700,25.119999999999997,24.4
106800,25.119999999999997,24.4
106900,25.119999999999997,24.4
107000,25.119999999999997,24.4
107100,25.119999999999997,24.4
107200,25.119999999999997,24.4
107300,25.119999999999997,24.4
107400,25.119999999999997,24.4
107500,25.119999999999997,24.4
107600,25.119999999999997,24.4
107700,25.119999999999997,24.4
107800,25.119999999999997,24.4
107900,25.119999999999997,24.4
108000,25.119999999999997,24.4
108100,25.119999999999997,24.4
108200,25.119999999999997,24.4
108300,25.119999999999997,24.4
108400,25.119999999999997,24.4
108500,25.119999999999997,24.4
108600,25.119999999999997,24.4
108700,25.119999999999997,24.4
108800,25.119999999999997,24.4
108900,25.119999999999997,24.4
109000,25.119999999999997,24.4
109100,25.119999999999997,24.4
109200,25.119999999999997,24.4
109300,25.119999999999997,24.4
109400,25.119999999999997,24.4
109500,25.119999999999997,24.4
109600,25.119999999999997,24.4
109700,25.119999999999997,24.4
109800,25.119999999999997,24.4
109900,25.119999999999997,24.4
110000,25.119999999999997,24.4
110100,25.119999999999997,24.4
110200,25.119999999999997,24.4
110300,25.119999999999997,24.4
110400,25.119999999999997,24.4
110500,25.119999999999997,24.4
110600,25.119999999999997,24.4
110700,25.119999999999997,24.4
110800,25.119999999999997,24.4
110900,25.119999999999997,24.4
111000,25.119999999999997,24.4
111100,25.119999999999997,24.4
111200,25.119999999999997,24.4
111300,25.119999999999997,24.4
111400,25.119999999999997,24.4
111500,25.119999999999997,24.4
111600,25.119999999999997,24.4
111700,25.119999999999997,24.4
111800,25.119999999999997,24.4
111900,25.119999999999997,24.4
112000,25.119999999999997,24.4
112100,25.119999999999997,24.4
112200,25.119999999999997,24.4
112300,25.119999999999997,24.4
112400,25.119999999999997,24.4
112500,25.119999999999997,24.4
112600,25.119999999999997,24.4
112700,25.119999999999997,24.4
112800,25.119999999999997,24.4
112900,25.119999999999997,24.4
113000,25.119999999999997,24.4
113100,25.119999999999997,24.4
113200,25.119999999999997,24.4
113300,25.119999999999997,24.4
113400,25.119999999999997,24.4
113500,25.119999999999997,24.4
113600,25.119999999999997,24.4
113700,25.119999999999997,24.4
113800,25.119999999999997,24.4
113900,25.119999999999997,24.4
114000,25.119999999999997,24.4
114100,25.119999999999997,24.4
114200,25.119999999999997,24.4
114300,25.119999999999997,24.4
114400,25.119999999999997,24.4
114500,25.119999999999997,24.4
114600,25.119999999999997,24.4
114700,25.119999999999997,24.4
114800,25.119999999999997,24.4
114900,25.119999999999997,24.4
115000,25.119999999999997,24.4
115100,25.119999999999997,24.4
115200,25.119999999999997,24.4
115300,25.119999999999997,24.4
115400,25.119999999999997,24.4
115500,25.119999999999997,24.4
115600,25.119999999999997,24.4
115700,25.119999999999997,24.4
115800,25.119999999999997,24.4
115900,25.119999999999997,24.4
116000,25.119999999999997,24.4
116100,24.863999999999997,24.4
116200,24.863999999999997,24.4
116300,24.863999999999997,24.4
116400,24.863999999999997,24.4
116500,24.863999999999997,24.4
116600,24.863999999999997,24.4
116700,24.863999999999997,24.4
116800,24.863999999999997,24.4
116900,24.863999999999997,24.4
117000,24.863999999999997,24.4
117100,24.863999999999997,24.4
117200,24.863999999999997,24.4
117300,24.863999999999997,24.4
117400,24.863999999999997,24.4
117500,24.863999999999997,24.4
117600,24.863999999999997,24.4
117700,24.863999999999997,24.4
117800,24.863999999999997,24.4
117900,24.863999999999997,24.4
118000,24.863999999999997,24.4
118100,24.863999999999997,24.4
118200,24.863999999999997,24.4
118300,24.863999999999997,24.4
118400,24.863999999999997,24.4
118500,24.863999999999997,24.4
118600,24.863999999999997,24.4
118700,24.863999999999997,24.4
118800,24.863999999999997,24.4
118900,24.863999999999997,24.4
119000,24.863999999999997,24.4
119100,24.863999999999997,24.4
119200,24.863999999999997,24.4
119300,24.863999999999997,24.4
119400,24.863999999999997,24.4
119500,24.863999999999997,24.4
119600,24.863999999999997,24.4
119700,24.863999999999997,24.4
119800,24.856,24.4
119900,24.856,24.4
120000,24.856,24.4
120100,24.856,24.4
120200,24.856,24.4
120300,24.856,24.4
120400,24.856,24.4
120500,24.856,24.4
120600,24.856,24.4
120700,24.856,24.4
120800,24.856,24.4
120900,24.856,24.4
121000,24.856,24.4
121100,24.856,24.4
121200,24.856,24.4
121300,24.856,24.4
121400,24.856,24.4
121500,24.856,24.4
121600,24.856,24.4
121700,24.856,24.4
121800,24.856,24.4
121900,24.856,24.4
122000,24.856,24.4
122100,24.856,24.4
122200,24.856,24.4
122300,24.856,24.4
122400,24.856,24.4
122500,24.856,24.4
122600,24.856,24.4
122700,24.856,24.4
122800,24.856,24.4
122900,24.856,24.4
123000,24.856,24.4
123100,24.856,24.4
123200,24.856,24.4
123300,24.856,24.4
123400,24.856,24.4
123500,24.856,24.4
123600,24.856,24.4
123700,24.856,24.4
123800,24.856,24.4
123900,24.856,24.4
124000,24.856,24.4
124100,24.856,24.4
124200,24.856,24.4
124300,24.856,24.4
124400,24.856,24.4
124500,24.856,24.4
124600,24.856,24.4
124700,24.856,24.4
124800,24.856,24.4
124900,24.856,24.4
125000,24.856,24.4
125100,24.856,24.4
125200,24.856,24.4
125300,24.856,24.4
125400,24.856,24.4
125500,24.856,24.4
125600,24.856,24.4
125700,24.856,24.4
125800,24.856,24.4
125900,24.856,24.4
126000,24.856,24.4
126100,24.856,24.4
126200,24.856,24.4
126300,24.856,24.4
126400,24.856,24.4
126500,24.856,24.4
126600,24.856,24.4
126700,24.856,24.4
126800,24.856,24.4
126900,24.856,24.4
127000,24.856,24.4
127100,24.856,24.4
127200,24.856,24.4
127300,24.856,24.4
127400,24.856,24.4
127500,24.583999999999996,24.2
127600,24.583999999999996,24.2
127700,24.583999999999996,24.2
127800,24.583999999999996,24.2
127900,24.583999999999996,24.2
128000,24.583999999999996,24.2
128100,24.583999999999996,24.2
128200,24.583999999999996,24.2
128300,24.583999999999996,24.2
128400,24.583999999999996,24.2
128500,24.583999999999996,24.2
128600,24.583999999999996,24.2
128700,24.583999999999996,24.2
128800,24.583999999999996,24.2
128900,24.583999999999996,24.2
129000,24.511999999999997,24.4
129100,24.511999999999997,24.4
129200,24.511999999999997,24.4
129300,24.511999999999997,24.4
129400,24.511999999999997,24.4
129500,24.392,24.4
129600,24.392,24.4
129700,24.392,24.4
129800,24.392,24.4
129900,24.392,24.4
130000,24.392,24.4
130100,24.392,24.4
130200,24.392,24.4
130300,24.392,24.4
130400,24.392,24.4
130500,24.392,24.4
130600,24.392,24.4
130700,24.392,24.4
130800,24.392,24.4
130900,24.392,24.4
131000,24.392,24.4
131100,24.392,24.4
131200,24.392,24.4
131300,24.392,24.4
131400,24.392,24.4
131500,24.392,24.4
131600,24.392,24.4
131700,24.392,24.4
131800,24.392,24.4
131900,24.392,24.4
132000,24.392,24.4
132100,24.392,24.4
132200,24.392,24.4
132300,24.392,24.4
132400,24.392,24.4
132500,24.392,24.4
132600,24.392,24.4
132700,24.392,24.4
132800,24.392,24.4
132900,24.392,24.4
133000,24.392,24.4
133100,24.392,24.4
133200,24.392,24.4
133300,24.392,24.4
133400,24.392,24.4
133500,24.392,24.4
133600,24.392,24.4
133700,24.392,24.4
133800,24.392,24.4
133900,24.392,24.4
134000,24.392,24.4
134100,24.392,24.4
134200,24.392,24.4
134300,24.392,24.4
134400,24.392,24.4
134500,24.392,24.4
134600,24.392,24.4
134700,24.392,24.4
134800,24.392,24.4
134900,24.392,24.4
135000,24.392,24.4
135100,24.392,24.4
135200,24.392,24.4
135300,24.392,24.4
135400,24.392,24.4
135500,24.392,24.4
135600,24.392,24.4
135700,24.392,24.4
135800,24.392,24.4
135900,24.392,24.4
136000,24.392,24.4
136100,24.392,24.4
136200,24.392,24.4
136300,24.392,24.4
136400,24.392,24.4
136500,24.392,24.4
136600,24.392,24.4
136700,24.392,24.4
136800,24.112000000000002,24.4
136900,24.112000000000002,24.4
137000,24.112000000000002,24.4
137100,24.112000000000002,24.4
137200,24.112000000000002,24.4
137300,24.112000000000002,24.4
137400,24.112000000000002,24.4
137500,24.112000000000002,24.4
137600,24.112000000000002,24.4
137700,24.112000000000002,24.4
137800,24.112000000000002,24.4
137900,24.112000000000002,24.4
138000,24.112000000000002,24.4
138100,24.112000000000002,24.4
138200,24.112000000000002,24.4
138300,24.112000000000002,24.4
138400,24.112000000000002,24.4
138500,24.112000000000002,24.4
138600,24.112000000000002,24.4
138700,24.112000000000002,24.4
138800,24.112000000000002,24.4
138900,24.112000000000002,24.4
139000,24.112000000000002,24.4
139100,24.112000000000002,24.4
139200,24.112000000000002,24.4
139300,24.112000000000002,24.4
139400,24.112000000000002,24.4
139500,24.112000000000002,24.4
139600,24.112000000000002,24.4
139700,24.112000000000002,24.4
139800,24.112000000000002,24.4
139900,24.112000000000002,24.4
140000,24.112000000000002,24.4
140100,24.112000000000002,24.4
140200,24.112000000000002,24.4
140300,24.112000000000002,24.4
140400,24.112000000000002,24.4
140500,24.112000000000002,24.4
140600,24.112000000000002,24.4
140700,24.112000000000002,24.4
140800,24.112000000000002,24.4
140900,24.112000000000002,24.4
141000,24.112000000000002,24.4
141100,24.112000000000002,24.4
141200,24.112000000000002,24.4
141300,24.112000000000002,24.4
141400,24.112000000000002,24.4
141500,24.112000000000002,24.4
141600,24.112000000000002,24.4
141700,24.112000000000002,24.4
141800,24.112000000000002,24.4
141900,24.112000000000002,24.4
142000,24.112000000000002,24.4
142100,24.112000000000002,24.4
142200,24.112000000000002,24.4
142300,24.112000000000002,24.4
142400,24.112000000000002,24.4
142500,24.112000000000002,24.4
142600,24.112000000000002,24.4
142700,24.112000000000002,24.4
142800,24.112000000000002,24.4
142900,24.112000000000002,24.4
143000,24.112000000000002,24.4
143100,24.112000000000002,24.4
143200,24.112000000000002,24.4
143300,24.112000000000002,24.4
143400,24.112000000000002,24.4
143500,24.112000000000002,24.4
143600,24.112000000000002,24.4
143700,24.112000000000002,24.4
143800,24.112000000000002,24.4
143900,24.112000000000002,24.4
144000,24.112000000000002,24.4
144100,24.112000000000002,24.4
144200,24.112000000000002,24.4
144300,24.112000000000002,24.4
144400,24.112000000000002,24.4
144500,24.112000000000002,24.4
144600,24.112000000000002,24.4
144700,24.112000000000002,24.4
144800,24.112000000000002,24.4
144900,24.112000000000002,24.4
145000,24.112000000000002,24.4
145100,24.112000000000002,24.4
145200,24.112000000000002,24.4
145300,24.112000000000002,24.4
145400,24.112000000000002,24.4
145500,24.112000000000002,24.4
145600,24.112000000000002,24.4
145700,24.112000000000002,24.4
145800,24.112000000000002,24.4
145900,24.112000000000002,24.4
146000,24.112000000000002,24.4
146100,24.112000000000002,24.4
146200,24.112000000000002,24.4
146300,24.112000000000002,24.4
146400,24.112000000000002,24.4
146500,24.112000000000002,24.4
146600,24.112000000000002,24.4
146700,24.112000000000002,24.4
146800,24.112000000000002,24.4
146900,24.112000000000002,24.4
147000,24.112000000000002,24.4
147100,24.112000000000002,24.4
147200,24.112000000000002,24.4
147300,24.112000000000002,24.4
147400,24.112000000000002,24.4
147500,24.112000000000002,24.4
147600,24.112000000000002,24.4
147700,24.112000000000002,24.4
147800,24.112000000000002,24.4
147900,24.112000000000002,24.4
148000,24.112000000000002,24.4
148100,24.112000000000002,24.4
148200,24.112000000000002,24.4
148300,24.112000000000002,24.4
148400,24.112000000000002,24.4
148500,24.112000000000002,24.4
148600,24.112000000000002,24.4
148700,24.112000000000002,24.4
148800,24.112000000000002,24.4
148900,24.112000000000002,24.4
149000,24.112000000000002,24.4
149100,24.112000000000002,24.4
149200,24.112000000000002,24.4
149300,24.112000000000002,24.4
149400,24.112000000000002,24.4
149500,24.112000000000002,24.4
149600,24.112000000000002,24.4
149700,24.112000000000002,24.4
149800,24.112000000000002,24.4
149900,24.112000000000002,24.4
150000,24.112000000000002,24.4
150100,24.112000000000002,24.4
150200,24.112000000000002,24.4
150300,24.112000000000002,24.4
150400,24.112000000000002,24.4
150500,24.112000000000002,24.4
150600,24.112000000000002,24.4
150700,24.112000000000002,24.4
150800,24.112000000000002,24.4
150900,24.112000000000002,24.4
151000,24.112000000000002,24.4
151100,24.112000000000002,24.4
151200,24.112000000000002,24.4
151300,24.112000000000002,24.4
151400,24.112000000000002,24.4
151500,24.112000000000002,24.4
151600,24.112000000000002,24.4
151700,24.112000000000002,24.4
151800,24.112000000000002,24.4
151900,24.112000000000002,24.4
152000,24.112000000000002,24.4
152100,24.112000000000002,24.4
152200,24.112000000000002,24.4
152300,24.112000000000002,24.4
152400,24.112000000000002,24.4
152500,24.112000000000002,24.4
152600,24.112000000000002,24.4
152700,24.112000000000002,24.4
152800,24.112000000000002,24.4
152900,24.112000000000002,24.4
153000,24.112000000000002,24.4
153100,24.112000000000002,24.4
153200,24.112000000000002,24.4
153300,24.112000000000002,24.4
153400,24.112000000000002,24.4
153500,24.112000000000002,24.4
153600,24.112000000000002,24.4
153700,24.112000000000002,24.4
153800,24.112000000000002,24.4
153900,24.112000000000002,24.4
154000,24.112000000000002,24.4
154100,24.112000000000002,24.4
154200,24.112000000000002,24.4
154300,24.112000000000002,24.4
154400,24.112000000000002,24.4
154500,24.112000000000002,24.4
154600,24.112000000000002,24.4
154700,24.112000000000002,24.4
154800,24.112000000000002,24.4
154900,24.112000000000002,24.4
155000,24.112000000000002,24.4
155100,24.112000000000002,24.4
155200,24.112000000000002,24.4
155300,24.112000000000002,24.4
155400,24.112000000000002,24.4
155500,24.112000000000002,24.4
155600,24.112000000000002,24.4
155700,24.112000000000002,24.4
155800,24.112000000000002,24.4
155900,24.112000000000002,24.4
156000,24.112000000000002,24.4
156100,24.112000000000002,24.4
156200,24.112000000000002,24.4
156300,24.112000000000002,24.4
156400,24.112000000000002,24.4
156500,24.112000000000002,24.4
156600,24.112000000000002,24.4
156700,24.112000000000002,24.4
156800,24.112000000000002,24.4
156900,24.112000000000002,24.4
157000,24.112000000000002,24.4
157100,24.112000000000002,24.4
157200,24.112000000000002,24.4
157300,24.112000000000002,24.4
157400,24.112000000000002,24.4
157500,24.112000000000002,24.4
157600,24.112000000000002,24.4
157700,24.112000000000002,24.4
157800,24.112000000000002,24.4
157900,24.112000000000002,24.4
158000,24.112000000000002,24.4
158100,24.112000000000002,24.4
158200,24.112000000000002,24.4
158300,24.112000000000002,24.4
158400,24.112000000000002,24.4
158500,24.112000000000002,24.4
158600,24.112000000000002,24.4
158700,24.112000000000002,24.4
158800,24.112000000000002,24.4
158900,24.112000000000002,24.4
159000,24.112000000000002,24.4
159100,24.112000000000002,24.4
159200,24.112000000000002,24.4
159300,24.112000000000002,24.4
159400,24.112000000000002,24.4
159500,24.112000000000002,24.4
159600,24.112000000000002,24.4
159700,24.112000000000002,24.4
159800,24.112000000000002,24.4
159900,24.112000000000002,24.4
160000,24.112000000000002,24.4
160100,23.76,24.4
160200,23.76,24.4
160300,23.76,24.4
160400,23.76,24.4
160500,23.76,24.4
160600,23.76,24.4
160700,23.76,24.4
160800,23.76,24.4
160900,23.76,24.4
161000,23.76,24.4
161100,23.76,24.4
161200,23.76,24.4
161300,23.76,24.4
161400,23.76,24.4
161500,23.76,24.4
161600,23.76,24.4
161700,23.76,24.4
161800,23.76,24.4
161900,23.76,24.4
162000,23.76,24.4
162100,23.76,24.4
162200,23.76,24.4
162300,23.76,24.4
162400,23.76,24.4
162500,23.76,24.4
162600,23.76,24.4
162700,23.76,24.4
162800,23.76,24.4
162900,23.76,24.4
163000,23.76,24.4
163100,23.76,24.4
163200,23.76,24.4
163300,23.76,24.4
163400,23.76,24.4
163500,23.76,24.4
163600,23.76,24.4
163700,23.76,24.4
163800,23.76,24.4
163900,23.76,24.4
164000,23.76,24.4
164100,23.76,24.4
164200,23.76,24.4
164300,23.76,24.4
164400,23.76,24.4
164500,23.76,24.4
164600,23.76,24.4
164700,23.76,24.4
164800,23.76,24.4
164900,23.76,24.4
165000,23.76,24.4
165100,23.76,24.4
165200,23.76,24.4
165300,23.76,24.4
165400,23.76,24.4
165500,23.76,24.4
165600,23.76,24.4
165700,23.76,24.4
165800,23.76,24.4
165900,23.76,24.4
166000,23.76,24.4
166100,23.76,24.4
166200,23.76,24.4
166300,23.76,24.4
166400,23.76,24.4
166500,23.76,24.4
166600,23.76,24.4
166700,23.76,24.4
166800,23.76,24.4
166900,23.76,24.4
167000,23.76,24.4
167100,23.76,24.4
167200,23.76,24.4
167300,23.76,24.4
167400,23.76,24.4
167500,23.76,24.4
167600,23.76,24.4
167700,23.76,24.4
167800,23.76,24.4
167900,23.76,24.4
168000,23.76,24.4
168100,23.76,24.4
168200,23.76,24.4
168300,23.76,24.4
168400,23.76,24.4
168500,23.76,24.4
168600,23.76,24.4
168700,23.76,24.4
168800,23.76,24.4
168900,23.76,24.4
169000,23.76,24.4
169100,23.76,24.4
169200,23.76,24.4
169300,23.76,24.4
169400,23.76,24.4
169500,23.76,24.4
169600,23.76,24.4
169700,23.76,24.4
169800,23.76,24.4
169900,23.76,24.4
170000,23.76,24.4
170100,23.76,24.4
170200,23.76,24.4
170300,23.76,24.4
170400,23.76,24.4
170500,23.76,24.4
170600,23.76,24.4
170700,23.76,24.4
170800,23.76,24.4
170900,23.76,24.4
171000,23.76,24.4
171100,23.76,24.4
171200,23.76,24.4
171300,23.76,24.4
171400,23.76,24.4
171500,23.76,24.4
171600,23.76,24.4
171700,23.76,24.4
171800,23.76,24.4
171900,23.76,24.4
172000,23.76,24.4
172100,23.76,24.4
172200,23.76,24.4
172300,23.76,24.4
172400,23.76,24.4
172500,23.76,24.4
172600,23.76,24.4
172700,23.76,24.4
172800,23.76,24.4
172900,23.76,24.4
173000,23.76,24.4
173100,23.76,24.4
173200,23.76,24.4
173300,23.76,24.4
173400,23.76,24.4
173500,23.76,24.4
173600,23.76,24.4
173700,23.76,24.4
173800,23.76,24.4
173900,23.76,24.4
174000,23.76,24.4
174100,23.76,24.4
174200,23.76,24.4
174300,23.76,24.4
174400,23.76,24.4
174500,23.76,24.4
174600,23.76,24.4
174700,23.76,24.4
174800,23.76,24.4
174900,23.76,24.4
175000,23.76,24.4
175100,23.76,24.4
175200,23.76,24.4
175300,23.76,24.4
175400,23.76,24.4
175500,23.76,24.4
175600,23.76,24.4
175700,23.76,24.4
175800,23.76,24.4
175900,23.76,24.4
176000,23.76,24.4
176100,23.76,24.4
176200,23.76,24.4
176300,23.76,24.4
176400,23.76,24.4
176500,23.76,24.4
176600,23.76,24.4
176700,23.76,24.4
176800,23.76,24.4
176900,23.76,24.4
177000,23.76,24.4
177100,23.76,24.4
177200,23.76,24.4
177300,23.76,24.4
177400,23.76,24.4
177500,23.76,24.4
177600,23.76,24.4
177700,23.76,24.4
177800,23.76,24.4
177900,23.76,24.4
178000,23.76,24.4
178100,23.76,24.4
178200,23.76,24.4
178300,23.76,24.4
178400,23.76,24.4
178500,23.76,24.4
178600,23.76,24.4
178700,23.76,24.4
178800,23.76,24.4
178900,23.76,24.4
179000,23.76,24.4
179100,23.76,24.4
179200,23.76,24.4
179300,23.76,24.4
179400,23.76,24.4
179500,23.76,24.4
179600,23.76,24.4
179700,23.76,24.4
179800,23.76,24.4
179900,23.76,24.4
180000,23.76,24.4
180100,23.728,24.4
180200,23.728,24.4
180300,23.728,24.4
180400,23.728,24.4
180500,23.728,24.4
180600,23.728,24.4
180700,23.728,24.4
180800,23.728,24.4
180900,23.728,24.4
181000,23.728,24.4
181100,23.728,24.4
181200,23.728,24.4
181300,23.728,24.4
181400,23.728,24.4
181500,23.728,24.4
181600,23.728,24.4
181700,23.728,24.4
181800,23.728,24.4
181900,23.728,24.4
182000,23.728,24.4
182100,23.728,24.4
182200,23.728,24.4
182300,23.728,24.4
182400,23.728,24.4
182500,23.728,24.4
182600,23.728,24.4
182700,23.728,24.4
182800,23.728,24.4
182900,23.728,24.4
183000,23.728,24.4
183100,23.728,24.4
183200,23.728,24.4
183300,23.728,24.4
183400,23.728,24.4
183500,23.728,24.4
183600,23.728,24.4
183700,23.728,24.4
183800,23.728,24.4
183900,23.728,24.4
184000,23.728,24.4
184100,23.728,24.4
184200,23.728,24.4
184300,23.728,24.4
184400,23.728,24.4
184500,23.728,24.4
184600,23.728,24.4
184700,23.728,24.4
184800,23.728,24.4
184900,23.728,24.4
185000,23.728,24.4
185100,23.728,24.4
185200,23.728,24.4
185300,23.728,24.4
185400,23.728,24.4
185500,23.728,24.4
185600,23.728,24.4
185700,23.728,24.4
185800,23.728,24.4
185900,23.728,24.4
186000,23.728,24.4
186100,23.728,24.4
186200,23.728,24.4
186300,23.672000000000004,24.4
186400,23.672000000000004,24.4
186500,23.672000000000004,24.4
186600,23.672000000000004,24.4
186700,23.672000000000004,24.4
186800,23.672000000000004,24.4
186900,23.672000000000004,24.4
187000,23.672000000000004,24.4
187100,23.672000000000004,24.4
187200,23.672000000000004,24.4
187300,23.672000000000004,24.4
187400,23.672000000000004,24.4
187500,23.672000000000004,24.4
187600,23.672000000000004,24.4
187700,23.672000000000004,24.4
187800,23.672000000000004,24.4
187900,23.672000000000004,24.4
188000,23.672000000000004,24.4
188100,23.672000000000004,24.4
188200,23.672000000000004,24.4
188300,23.672000000000004,24.4
188400,23.672000000000004,24.4
188500,23.672000000000004,24.4
188600,23.672000000000004,24.4
188700,23.672000000000004,24.4
188800,23.672000000000004,24.4
188900,23.672000000000004,24.4
189000,23.672000000000004,24.4
189100,23.672000000000004,24.4
189200,23.672000000000004,24.4
189300,23.672000000000004,24.4
189400,23.672000000000004,24.4
189500,23.672000000000004,24.4
189600,23.672000000000004,24.4
189700,23.672000000000004,24.4
189800,23.672000000000004,24.4
189900,23.672000000000004,24.4
190000,23.672000000000004,24.4
190100,23.672000000000004,24.4
190200,23.672000000000004,24.4
190300,23.672000000000004,24.4
190400,23.672000000000004,24.4
190500,23.672000000000004,24.4
190600,23.672000000000004,24.4
190700,23.672000000000004,24.4
190800,23.672000000000004,24.4
190900,23.672000000000004,24.4
191000,23.672000000000004,24.4
191100,23.672000000000004,24.4
191200,23.672000000000004,24.4
191300,23.672000000000004,24.4
191400,23.672000000000004,24.4
191500,23.672000000000004,24.4
191600,23.672000000000004,24.4
191700,23.672000000000004,24.4
191800,23.672000000000004,24.4
191900,23.672000000000004,24.4
192000,23.672000000000004,24.4
192100,23.672000000000004,24.4
192200,23.672000000000004,24.4
192300,23.672000000000004,24.4
192400,23.672000000000004,24.4
192500,23.672000000000004,24.4
192600,23.672000000000004,24.4
192700,23.672000000000004,24.4
192800,23.672000000000004,24.4
192900,23.672000000000004,24.4
193000,23.672000000000004,24.4
193100,23.672000000000004,24.4
193200,23.672000000000004,24.4
193300,23.672000000000004,24.4
193400,23.672000000000004,24.4
193500,23.672000000000004,24.4
193600,23.672000000000004,24.4
193700,23.672000000000004,24.4
193800,23.672000000000004,24.4
193900,23.672000000000004,24.4
194000,23.672000000000004,24.4
194100,23.672000000000004,24.4
194200,23.672000000000004,24.4
194300,23.672000000000004,24.4
194400,23.672000000000004,24.4
194500,23.672000000000004,24.4
194600,23.672000000000004,24.4
194700,23.672000000000004,24.4
194800,23.672000000000004,24.4
194900,23.672000000000004,24.4
195000,23.672000000000004,24.4
195100,23.672000000000004,24.4
195200,23.672000000000004,24.4
195300,23.672000000000004,24.4
195400,23.672000000000004,24.4
195500,23.672000000000004,24.4
195600,23.672000000000004,24.4
195700,23.672000000000004,24.4
195800,23.672000000000004,24.4
195900,23.672000000000004,24.4
196000,23.672000000000004,24.4
196100,23.672000000000004,24.4
196200,23.672000000000004,24.4
196300,23.672000000000004,24.4
196400,23.672000000000004,24.4
196500,23.672000000000004,24.4
196600,23.672000000000004,24.4
196700,23.672000000000004,24.4
196800,23.672000000000004,24.4
196900,23.672000000000004,24.4
197000,23.672000000000004,24.4
197100,23.672000000000004,24.4
197200,23.672000000000004,24.4
197300,23.672000000000004,24.4
197400,23.672000000000004,24.4
197500,23.672000000000004,24.4
197600,23.672000000000004,24.4
197700,23.672000000000004,24.4
197800,23.672000000000004,24.4
197900,23.672000000000004,24.4
198000,23.672000000000004,24.4
198100,23.672000000000004,24.4
198200,23.672000000000004,24.4
198300,23.672000000000004,24.4
198400,23.672000000000004,24.4
198500,23.672000000000004,24.4
198600,23.672000000000004,24.4
198700,23.672000000000004,24.4
198800,23.672000000000004,24.4
198900,23.672000000000004,24.4
199000,23.672000000000004,24.4
199100,23.672000000000004,24.4
199200,23.672000000000004,24.4
199300,23.672000000000004,24.4
199400,23.672000000000004,24.4
199500,23.672000000000004,24.4
199600,23.672000000000004,24.4
199700,23.672000000000004,24.4
199800,23.672000000000004,24.4
199900,23.672000000000004,24.4
199999,23.672000000000004,24.4

START ALGORITHM
h2: (a35) * (b15 - b52 - b24 - b32)
h3: (a35 + a12 + a42 + a53 - a32 - a51 - a21) * (b52 + b43 - b24 - b22)
h6: (a35 + a15 + a35 - a14) * (-b15 - b23 - b25 - b55)
h25: (a12) * (-b54)
h29: (a23 + a52 - a11 - a41 - a24) * (b21 + b25 - b23 - b44)
h40: (a23 + a11 + a51 + a41 + a31 - a42 - a34 - a55 - a41) * (b25 + b24 - b32 - b44 - b23)
h47: (a21 + a21 + a13 + a55 + a53 + a22 - a32 - a13 - a45) * (b12 - b53 - b51)
h51: (a32 + a44 + a21 + a51 + a44 + a54 + a31 + a43 - a44 - a41) * (b33 + b42 - b45)
h58: (a35 + a14 + a32 + a23 + a43 + a25 - a32 - a54 - a55 - a51 - a33) * (b15 - b55)
h68: (a15 + a14 + a22 - a25 - a53 - a14 - a23 - a42 - a31 - a42 - a32 - a35) * (b31)
h75: (a33 - a12) * (b15 + b42 + b21 - b35 - b13 - b45)
h86: (a24 - a22) * (-b21)
h93: (a32 + a51 - a53 - a15 - a33 - a45 - a42 - a15 - a12) * (b51 + b55 - b22)
h97: (a22 + a15 + a13 - a11 - a21) * (b13 + b54 + b43 + b11 + b41 + b24 - b23 - b51)
h99: (a42 + a54 + a51 - a34 - a31 - a14 - a22 - a35 - a13) * (b15 + b42 - b43)
h101: (a52 + a45 + a44 + a55 + a25 - a35) * (b32 - b45 - b52 - b31 - b21 - b44)
h119: (a34 + a45 + a21 + a44 + a52 + a43 + a41 + a35 + a52 + a33 + a31 + a32 - a11 - a23 - a12 - a24 - a31 - a22 - a35) * (b42)
h135: (a24) * (b41 + b22 + b44 - b11)
h137: (a11 + a34 + a25 - a15 - a22 - a45 - a53 - a55) * (-b44)
h139: (-a31) * (-b32 - b42)
h154: (a32 + a41 + a45 + a11 + a15 - a41 - a11 - a41 - a15 - a45) * (b14 + b45 + b55 + b32 + b12 + b11 + b51 - b24 - b52 - b31 - b22 - b55 - b44 - b45 - b32 - b52)
h170: (a11 - a51 - a45 - a23) * (b54 + b24 + b53 - b13)
h174: (a45 + a51 + a15 + a45 + a35 + a14 + a33 + a44 + a52 + a22 + a11 + a42 - a41 - a21 - a41 - a25 - a51 - a44 - a42 - a32 - a51 - a52) * (b23)
h206: (a34 + a31 + a44 + a44 + a13 - a22 - a43 - a35 - a45 - a52 - a11 - a22) * (b15 - b21)
h243: (a13 + a45 + a22 + a22 + a14 - a52 - a55) * (b12 - b52)
h348: (a33 + a51) * (b11 + b55 - b55 - b55 - b53)
h379: (a21 + a54 + a55 + a24 - a14 - a55 - a14 - a45) * (-b35 - b14)
h396: (a53 + a31 + a25 + a11 - a31 - a42) * (b35 - b54)
h2658: (a45 - a15 - a45) * (b31 - b45 - b12)
h3226: (a43 + a31 + a22 + a53 + a33 + a34 + a11 + a33 + a24 + a55 + a42 - a15 - a43 - a44 - a51 - a32 - a31 - a45 - a53 - a25) * (b21 - b34 - b15 - b31)
h3493: (a53 + a31 + a54 + a21 - a45 - a42) * (-b35)
h4100: (a45 - a44) * (b43 + b31 + b12)
h7120: (a14 + a35) * (b43 + b51 - b52)
h7460: (a53 - a12 - a35) * (b15)
h7742: (a31) * (-b14)
h8031: (a52 + a44 - a51) * (b42)
h14187: (a45 + a13 + a15 + a31 + a14 + a35 + a34 + a31 - a21 - a33 - a11 - a25) * (b32 + b53 - b33)
h16223: (a52 + a11 + a52 + a25 + a34 + a55 + a24 - a24 - a13 - a24 - a23 - a42 - a53 - a53 - a24 - a53) * (b54 + b31 + b51 - b33 - b45 - b25 - b13 - b53 - b53)
h22077: (a34 + a15 - a34 - a41 - a52 - a54) * (b13 + b41)
h34498: (a52 + a43 + a24 - a33 - a53 - a12) * (b12)
h47924: (a55 + a24 + a41 - a11) * (b52 - b13 - b12 - b54)
h75091: (a11 - a32 - a53) * (b12)
h80877: (a44 + a44 + a25) * (b13 + b13 + b14 + b31 - b45 - b21)
c11: h243 - h3493 
c12: h51 + h206 
c13: h14187 + h47924 
c14: h99 + h348 + h34498 
c15: h3226 + h139 
c21: h101 + h3226 
c22: h2 + h51 + h97 + h154 + h22077 - h2 - h29 - h135 - h7742 
c23: h40 + h174 
c24: h137 - h2658 
c25: - h174 - h8031 
c31: h7120 
c32: h243 + h6 - h97 - h379 - h16223 
c33: h75 - h25 
c34: h139 + h7460 
c35: h3 + h2 
c41: h97 + h137 - h75 
c42: h47 
c43: h206 - h154 
c44: h93 + h75 - h119 
c45: h68 - h58 
c51: h86 + h170 - h97 - h101 - h4100 
c52: h93 
c53: h137 + h75091 + h80877 
c54: h139 + h7460 
c55: h25 + h396 
