0,166.456,25
100,132.05599999999998,24.8
200,107.78400000000002,25
300,93.464,25
400,84.98400000000001,25
500,77.656,24.8
600,72.232,24.8
700,68.41600000000001,25
800,62.912,24.6
900,54.096000000000004,24.8
1000,53.048,24.8
1100,51.79200000000001,24.8
1200,50.872,24.8
1300,48.648,25
1400,48.52,25
1500,46.928000000000004,25
1600,46.6,25
1700,45.80800000000001,25
1800,45.80800000000001,25
1900,45.80800000000001,25
2000,45.74399999999999,25
2100,45.064,25
2200,44.391999999999996,25
2300,44.391999999999996,25
2400,44.391999999999996,25
2500,44.391999999999996,25
2600,43.944,25
2700,42.416000000000004,25
2800,41.936,25
2900,41.239999999999995,25
3000,40.440000000000005,25
3100,40.440000000000005,25
3200,40.440000000000005,25
3300,39.64,25
3400,39.64,25
3500,39.39200000000001,25
3600,38.800000000000004,25
3700,38.568,25
3800,38.36,25
3900,38.19199999999999,25
4000,38.19199999999999,25
4100,38.19199999999999,25
4200,38.19199999999999,25
4300,37.8,25
4400,37.8,25
4500,37.672000000000004,25
4600,37.672000000000004,25
4700,37.495999999999995,25
4800,37.495999999999995,25
4900,37.495999999999995,25
5000,37.495999999999995,25
5100,37.495999999999995,25
5200,37.495999999999995,25
5300,37.495999999999995,25
5400,36.976,25
5500,36.32,25
5600,35.512,25
5700,35.512,25
5800,34.896,24.8
5900,34.664,24.8
6000,34.288000000000004,24.8
6100,34.288000000000004,24.8
6200,34.288000000000004,24.8
6300,33.792,24.8
6400,33.792,24.8
6500,33.744,24.8
6600,33.744,24.8
6700,33.432,24.8
6800,33.432,24.8
6900,33.112,24.8
7000,33.112,24.8
7100,32.632,24.8
7200,32.528000000000006,24.6
7300,32.528000000000006,24.6
7400,32.528000000000006,24.6
7500,32.528000000000006,24.6
7600,32.528000000000006,24.6
7700,32.528000000000006,24.6
7800,32.04,24.8
7900,32.04,24.8
8000,32.04,24.8
8100,32.04,24.8
8200,32.04,24.8
8300,32.04,24.8
8400,32.04,24.8
8500,31.968,24.8
8600,31.968,24.8
8700,31.968,24.8
8800,31.968,24.8
8900,31.968,24.8
9000,31.968,24.8
9100,31.968,24.8
9200,31.968,24.8
9300,31.968,24.8
9400,31.968,24.8
9500,31.968,24.8
9600,31.968,24.8
9700,31.968,24.8
9800,31.968,24.8
9900,31.968,24.8
10000,31.968,24.8
10100,31.968,24.8
10200,31.968,24.8
10300,31.903999999999996,24.8
10400,31.903999999999996,24.8
10500,31.903999999999996,24.8
10600,31.896000000000004,24.8
10700,31.896000000000004,24.8
10800,31.896000000000004,24.8
10900,31.896000000000004,24.8
11000,31.896000000000004,24.8
11100,31.896000000000004,24.8
11200,31.896000000000004,24.8
11300,31.896000000000004,24.8
11400,31.896000000000004,24.8
11500,31.896000000000004,24.8
11600,31.896000000000004,24.8
11700,31.896000000000004,24.8
11800,31.896000000000004,24.8
11900,31.896000000000004,24.8
12000,31.896000000000004,24.8
12100,31.6,24.8
12200,31.6,24.8
12300,31.6,24.8
12400,31.6,24.8
12500,31.6,24.8
12600,31.6,24.8
12700,31.6,24.8
12800,31.6,24.8
12900,31.6,24.8
13000,31.6,24.8
13100,31.544,24.8
13200,31.544,24.8
13300,31.544,24.8
13400,31.544,24.8
13500,31.544,24.8
13600,31.544,24.8
13700,31.544,24.8
13800,31.544,24.8
13900,31.544,24.8
14000,31.544,24.8
14100,31.544,24.8
14200,31.544,24.8
14300,31.544,24.8
14400,31.544,24.8
14500,31.544,24.8
14600,31.544,24.8
14700,31.544,24.8
14800,31.544,24.8
14900,31.544,24.8
15000,31.544,24.8
15100,31.544,24.8
15200,31.544,24.8
15300,31.544,24.8
15400,31.544,24.8
15500,31.544,24.8
15600,31.544,24.8
15700,31.368000000000002,24.8
15800,31.368000000000002,24.8
15900,31.368000000000002,24.8
16000,31.368000000000002,24.8
16100,31.368000000000002,24.8
16200,31.368000000000002,24.8
16300,31.368000000000002,24.8
16400,31.368000000000002,24.8
16500,31.368000000000002,24.8
16600,31.368000000000002,24.8
16700,31.359999999999996,24.8
16800,31.359999999999996,24.8
16900,31.359999999999996,24.8
17000,31.359999999999996,24.8
17100,31.359999999999996,24.8
17200,31.359999999999996,24.8
17300,31.359999999999996,24.8
17400,31.359999999999996,24.8
17500,31.359999999999996,24.8
17600,31.359999999999996,24.8
17700,31.359999999999996,24.8
17800,31.351999999999997,24.8
17900,31.303999999999995,24.8
18000,31.303999999999995,24.8
18100,31.303999999999995,24.8
18200,31.303999999999995,24.8
18300,31.303999999999995,24.8
18400,31.303999999999995,24.8
18500,31.303999999999995,24.8
18600,31.303999999999995,24.8
18700,31.303999999999995,24.8
18800,31.303999999999995,24.8
18900,31.303999999999995,24.8
19000,31.303999999999995,24.8
19100,31.303999999999995,24.8
19200,31.303999999999995,24.8
19300,31.303999999999995,24.8
19400,31.303999999999995,24.8
19500,31.303999999999995,24.8
19600,31.303999999999995,24.8
19700,31.232,24.8
19800,31.232,24.8
19900,31.232,24.8
20000,31.232,24.8
20100,31.232,24.8
20200,31.232,24.8
20300,31.232,24.8
20400,31.232,24.8
20500,31.232,24.8
20600,30.968000000000007,24.8
20700,30.968000000000007,24.8
20800,30.863999999999997,24.8
20900,30.863999999999997,24.8
21000,30.863999999999997,24.8
21100,30.863999999999997,24.8
21200,30.863999999999997,24.8
21300,30.863999999999997,24.8
21400,30.863999999999997,24.8
21500,30.863999999999997,24.8
21600,30.863999999999997,24.8
21700,30.863999999999997,24.8
21800,30.863999999999997,24.8
21900,30.848000000000003,24.8
22000,30.848000000000003,24.8
22100,30.848000000000003,24.8
22200,30.848000000000003,24.8
22300,30.768000000000008,24.8
22400,30.376000000000005,24.8
22500,30.376000000000005,24.8
22600,30.376000000000005,24.8
22700,30.344,24.8
22800,30.344,24.8
22900,30.344,24.8
23000,30.2,24.8
23100,30.2,24.8
23200,30.2,24.8
23300,30.112000000000002,24.6
23400,30.112000000000002,24.6
23500,30.112000000000002,24.6
23600,30.112000000000002,24.6
23700,30.112000000000002,24.6
23800,30.112000000000002,24.6
23900,30.112000000000002,24.6
24000,30.112000000000002,24.6
24100,29.991999999999997,24.6
24200,29.991999999999997,24.6
24300,29.991999999999997,24.6
24400,29.991999999999997,24.6
24500,29.991999999999997,24.6
24600,29.991999999999997,24.6
24700,29.991999999999997,24.6
24800,29.991999999999997,24.6
24900,29.991999999999997,24.6
25000,29.991999999999997,24.6
25100,29.776,24.6
25200,29.776,24.6
25300,29.776,24.6
25400,29.776,24.6
25500,29.776,24.6
25600,29.776,24.6
25700,29.776,24.6
25800,29.776,24.6
25900,29.776,24.6
26000,29.776,24.6
26100,29.711999999999996,24.6
26200,29.711999999999996,24.6
26300,29.711999999999996,24.6
26400,29.711999999999996,24.6
26500,29.711999999999996,24.6
26600,29.711999999999996,24.6
26700,29.711999999999996,24.6
26800,29.711999999999996,24.6
26900,29.711999999999996,24.6
27000,29.711999999999996,24.6
27100,29.711999999999996,24.6
27200,29.711999999999996,24.6
27300,29.711999999999996,24.6
27400,29.711999999999996,24.6
27500,29.711999999999996,24.6
27600,29.711999999999996,24.6
27700,29.303999999999995,24.6
27800,29.303999999999995,24.6
27900,29.303999999999995,24.6
28000,29.303999999999995,24.6
28100,29.303999999999995,24.6
28200,29.303999999999995,24.6
28300,29.303999999999995,24.6
28400,29.303999999999995,24.6
28500,29.303999999999995,24.6
28600,29.247999999999998,24.6
28700,29.247999999999998,24.6
28800,29.151999999999997,24.6
28900,28.895999999999997,24.6
29000,28.895999999999997,24.6
29100,28.824,24.6
29200,28.824,24.6
29300,28.824,24.6
29400,28.824,24.6
29500,28.824,24.6
29600,28.824,24.6
29700,28.824,24.6
29800,28.8,24.6
29900,28.8,24.6
30000,28.8,24.6
30100,28.768,24.4
30200,28.768,24.4
30300,28.768,24.4
30400,28.768,24.4
30500,28.768,24.4
30600,28.768,24.4
30700,28.511999999999993,24.4
30800,28.511999999999993,24.4
30900,28.511999999999993,24.4
31000,28.511999999999993,24.4
31100,28.511999999999993,24.4
31200,28.511999999999993,24.4
31300,28.048000000000002,24.6
31400,28.048000000000002,24.6
31500,28.048000000000002,24.6
31600,28.048000000000002,24.6
31700,28.048000000000002,24.6
31800,28.048000000000002,24.6
31900,28.048000000000002,24.6
32000,28.048000000000002,24.6
32100,28.048000000000002,24.6
32200,28.048000000000002,24.6
32300,28.048000000000002,24.6
32400,28.048000000000002,24.6
32500,28.048000000000002,24.6
32600,28.048000000000002,24.6
32700,28.048000000000002,24.6
32800,28.048000000000002,24.6
32900,28.048000000000002,24.6
33000,28.048000000000002,24.6
33100,28.048000000000002,24.6
33200,28.048000000000002,24.6
33300,28.048000000000002,24.6
33400,28.048000000000002,24.6
33500,28.048000000000002,24.6
33600,28.048000000000002,24.6
33700,28.048000000000002,24.6
33800,28.048000000000002,24.6
33900,28.048000000000002,24.6
34000,28.048000000000002,24.6
34100,28.048000000000002,24.6
34200,28.048000000000002,24.6
34300,28.048000000000002,24.6
34400,28.048000000000002,24.6
34500,28.048000000000002,24.6
34600,28.048000000000002,24.6
34700,28.048000000000002,24.6
34800,28.048000000000002,24.6
34900,28.04,24.6
35000,28.04,24.6
35100,28.016,24.6
35200,28.016,24.6
35300,28.016,24.6
35400,28.016,24.6
35500,28.016,24.6
35600,28.016,24.6
35700,28.016,24.6
35800,28.016,24.6
35900,28.016,24.6
36000,28.016,24.6
36100,28.016,24.6
36200,28.016,24.6
36300,28.016,24.6
36400,28.016,24.6
36500,28.016,24.6
36600,28.016,24.6
36700,28.016,24.6
36800,28.016,24.6
36900,28.016,24.6
37000,28.016,24.6
37100,28.016,24.6
37200,28.016,24.6
37300,28.016,24.6
37400,28.016,24.6
37500,28.016,24.6
37600,28.016,24.6
37700,28.016,24.6
37800,28.016,24.6
37900,28.016,24.6
38000,28.016,24.6
38100,28.016,24.6
38200,28.016,24.6
38300,28.016,24.6
38400,27.96,24.6
38500,27.768,24.6
38600,27.768,24.6
38700,27.768,24.6
38800,27.768,24.6
38900,27.768,24.6
39000,27.768,24.6
39100,27.768,24.6
39200,27.768,24.6
39300,27.727999999999998,24.6
39400,27.727999999999998,24.6
39500,27.727999999999998,24.6
39600,27.727999999999998,24.6
39700,27.727999999999998,24.6
39800,27.727999999999998,24.6
39900,27.727999999999998,24.6
40000,27.727999999999998,24.6
40100,27.727999999999998,24.6
40200,27.727999999999998,24.6
40300,27.727999999999998,24.6
40400,27.727999999999998,24.6
40500,27.727999999999998,24.6
40600,27.727999999999998,24.6
40700,27.727999999999998,24.6
40800,27.727999999999998,24.6
40900,27.727999999999998,24.6
41000,27.727999999999998,24.6
41100,27.727999999999998,24.6
41200,27.727999999999998,24.6
41300,27.727999999999998,24.6
41400,27.727999999999998,24.6
41500,27.727999999999998,24.6
41600,27.727999999999998,24.6
41700,27.727999999999998,24.6
41800,27.727999999999998,24.6
41900,27.727999999999998,24.6
42000,27.727999999999998,24.6
42100,27.559999999999995,24.6
42200,27.559999999999995,24.6
42300,27.559999999999995,24.6
42400,27.559999999999995,24.6
42500,27.559999999999995,24.6
42600,27.559999999999995,24.6
42700,27.559999999999995,24.6
42800,27.559999999999995,24.6
42900,27.559999999999995,24.6
43000,27.208,24.6
43100,27.208,24.6
43200,27.208,24.6
43300,27.032,24.6
43400,27.032,24.6
43500,27.032,24.6
43600,27.032,24.6
43700,27.032,24.6
43800,27.032,24.6
43900,27.032,24.6
44000,27.032,24.6
44100,27.032,24.6
44200,27.032,24.6
44300,27.032,24.6
44400,27.032,24.6
44500,27.032,24.6
44600,27.032,24.6
44700,27.032,24.6
44800,26.568,24.6
44900,26.568,24.6
45000,26.568,24.6
45100,26.52,24.6
45200,26.52,24.6
45300,26.52,24.6
45400,26.288000000000004,24.6
45500,26.288000000000004,24.6
45600,26.288000000000004,24.6
45700,26.288000000000004,24.6
45800,26.288000000000004,24.6
45900,26.288000000000004,24.6
46000,26.288000000000004,24.6
46100,26.288000000000004,24.6
46200,26.288000000000004,24.6
46300,26.288000000000004,24.6
46400,26.288000000000004,24.6
46500,25.863999999999997,24.6
46600,25.863999999999997,24.6
46700,25.863999999999997,24.6
46800,25.863999999999997,24.6
46900,25.863999999999997,24.6
47000,25.863999999999997,24.6
47100,25.863999999999997,24.6
47200,25.863999999999997,24.6
47300,25.863999999999997,24.6
47400,25.8,24.6
47500,25.8,24.6
47600,25.8,24.6
47700,25.8,24.6
47800,25.8,24.6
47900,25.8,24.6
48000,25.8,24.6
48100,25.8,24.6
48200,25.8,24.6
48300,25.8,24.6
48400,25.744,24.4
48500,25.344,24.4
48600,25.344,24.4
48700,25,24.2
48800,25,24.2
48900,25,24.2
49000,25,24.2
49100,25,24.2
49200,25,24.2
49300,25,24.2
49400,25,24.2
49500,25,24.2
49600,25,24.2
49700,25,24.2
49800,25,24.2
49900,25,24.2
50000,24.888,24.2
50100,24.048,24.2
50200,23.344,24.4
50300,23.160000000000004,24.4
50400,22.887999999999998,24.4
50500,22.887999999999998,24.4
50600,22.887999999999998,24.4
50700,22.887999999999998,24.4
50800,22.887999999999998,24.4
50900,22.887999999999998,24.4
51000,22.887999999999998,24.4
51100,22.887999999999998,24.4
51200,22.887999999999998,24.4
51300,22.887999999999998,24.4
51400,22.887999999999998,24.4
51500,22.864,24.2
51600,22.864,24.2
51700,22.864,24.2
51800,22.864,24.2
51900,22.864,24.2
52000,22.768,24.2
52100,22.768,24.2
52200,22.768,24.2
52300,22.768,24.2
52400,22.768,24.2
52500,22.768,24.2
52600,22.768,24.2
52700,22.768,24.2
52800,22.768,24.2
52900,22.768,24.2
53000,22.768,24.2
53100,22.768,24.2
53200,22.768,24.2
53300,22.768,24.2
53400,22.728,24.2
53500,22.728,24.2
53600,22.728,24.2
53700,22.728,24.2
53800,22.728,24.2
53900,22.728,24.2
54000,22.728,24.2
54100,22.728,24.2
54200,22.728,24.2
54300,22.728,24.2
54400,22.728,24.2
54500,22.728,24.2
54600,22.728,24.2
54700,22.728,24.2
54800,22.728,24.2
54900,22.728,24.2
55000,22.728,24.2
55100,22.728,24.2
55200,22.64,24.2
55300,22.64,24.2
55400,22.64,24.2
55500,22.64,24.2
55600,22.64,24.2
55700,22.64,24.2
55800,22.64,24.2
55900,22.64,24.2
56000,22.64,24.2
56100,22.64,24.2
56200,22.64,24.2
56300,22.64,24.2
56400,22.64,24.2
56500,22.64,24.2
56600,22.64,24.2
56700,22.64,24.2
56800,22.64,24.2
56900,22.64,24.2
57000,22.592000000000002,24.2
57100,22.592000000000002,24.2
57200,22.592000000000002,24.2
57300,22.592000000000002,24.2
57400,22.592000000000002,24.2
57500,22.592000000000002,24.2
57600,22.592000000000002,24.2
57700,22.592000000000002,24.2
57800,22.535999999999998,24.4
57900,22.535999999999998,24.4
58000,22.535999999999998,24.4
58100,22.535999999999998,24.4
58200,22.535999999999998,24.4
58300,22.535999999999998,24.4
58400,22.535999999999998,24.4
58500,22.535999999999998,24.4
58600,22.535999999999998,24.4
58700,22.535999999999998,24.4
58800,22.535999999999998,24.4
58900,22.535999999999998,24.4
59000,22.535999999999998,24.4
59100,22.535999999999998,24.4
59200,22.535999999999998,24.4
59300,22.535999999999998,24.4
59400,22.535999999999998,24.4
59500,22.535999999999998,24.4
59600,22.535999999999998,24.4
59700,22.383999999999997,24.4
59800,21.784,24.4
59900,21.671999999999997,24.4
60000,21.671999999999997,24.4
60100,21.671999999999997,24.4
60200,21.671999999999997,24.4
60300,21.671999999999997,24.4
60400,21.671999999999997,24.4
60500,21.671999999999997,24.4
60600,21.671999999999997,24.4
60700,21.671999999999997,24.4
60800,21.671999999999997,24.4
60900,21.671999999999997,24.4
61000,21.671999999999997,24.4
61100,21.671999999999997,24.4
61200,21.671999999999997,24.4
61300,21.671999999999997,24.4
61400,21.671999999999997,24.4
61500,21.671999999999997,24.4
61600,21.671999999999997,24.4
61700,21.671999999999997,24.4
61800,21.671999999999997,24.4
61900,21.671999999999997,24.4
62000,21.671999999999997,24.4
62100,21.671999999999997,24.4
62200,21.671999999999997,24.4
62300,21.671999999999997,24.4
62400,21.671999999999997,24.4
62500,21.671999999999997,24.4
62600,21.671999999999997,24.4
62700,21.671999999999997,24.4
62800,21.671999999999997,24.4
62900,21.671999999999997,24.4
63000,21.671999999999997,24.4
63100,21.671999999999997,24.4
63200,21.671999999999997,24.4
63300,21.671999999999997,24.4
63400,21.671999999999997,24.4
63500,21.671999999999997,24.4
63600,21.671999999999997,24.4
63700,21.671999999999997,24.4
63800,21.671999999999997,24.4
63900,21.671999999999997,24.4
64000,21.671999999999997,24.4
64100,21.671999999999997,24.4
64200,21.671999999999997,24.4
64300,21.671999999999997,24.4
64400,21.671999999999997,24.4
64500,21.671999999999997,24.4
64600,21.656,24.4
64700,21.656,24.4
64800,21.656,24.4
64900,21.656,24.4
65000,21.656,24.4
65100,21.656,24.4
65200,21.656,24.4
65300,21.656,24.4
65400,21.656,24.4
65500,21.656,24.4
65600,21.656,24.4
65700,21.656,24.4
65800,21.656,24.4
65900,21.656,24.4
66000,21.656,24.4
66100,21.656,24.4
66200,21.656,24.4
66300,21.656,24.4
66400,21.656,24.4
66500,21.656,24.4
66600,21.656,24.4
66700,21.656,24.4
66800,21.656,24.4
66900,21.656,24.4
67000,21.656,24.4
67100,21.656,24.4
67200,21.656,24.4
67300,21.656,24.4
67400,21.656,24.4
67500,21.656,24.4
67600,21.656,24.4
67700,21.656,24.4
67800,21.608,24.4
67900,21.608,24.4
68000,21.608,24.4
68100,21.608,24.4
68200,21.608,24.4
68300,21.608,24.4
68400,21.608,24.4
68500,21.608,24.4
68600,21.608,24.4
68700,21.608,24.4
68800,21.608,24.4
68900,21.608,24.4
69000,21.608,24.4
69100,21.608,24.4
69200,21.608,24.4
69300,21.608,24.4
69400,21.608,24.4
69500,21.608,24.4
69600,21.608,24.4
69700,21.608,24.4
69800,21.608,24.4
69900,21.608,24.4
70000,21.608,24.4
70100,21.608,24.4
70200,21.608,24.4
70300,21.608,24.4
70400,21.608,24.4
70500,21.608,24.4
70600,21.608,24.4
70700,21.608,24.4
70800,21.608,24.4
70900,21.608,24.4
71000,21.608,24.4
71100,21.608,24.4
71200,21.608,24.4
71300,21.608,24.4
71400,21.608,24.4
71500,21.608,24.4
71600,21.608,24.4
71700,21.608,24.4
71800,21.608,24.4
71900,21.608,24.4
72000,21.608,24.4
72100,21.608,24.4
72200,21.608,24.4
72300,21.608,24.4
72400,21.608,24.4
72500,21.608,24.4
72600,21.608,24.4
72700,21.608,24.4
72800,21.608,24.4
72900,21.608,24.4
73000,21.608,24.4
73100,21.608,24.4
73200,21.608,24.4
73300,21.608,24.4
73400,21.608,24.4
73500,21.608,24.4
73600,21.608,24.4
73700,21.608,24.4
73800,21.608,24.4
73900,21.608,24.4
74000,21.608,24.4
74100,21.608,24.4
74200,21.608,24.4
74300,21.608,24.4
74400,21.608,24.4
74500,21.608,24.4
74600,21.608,24.4
74700,21.608,24.4
74800,21.608,24.4
74900,21.608,24.4
75000,21.608,24.4
75100,21.608,24.4
75200,21.608,24.4
75300,21.608,24.4
75400,21.608,24.4
75500,21.608,24.4
75600,21.608,24.4
75700,21.608,24.4
75800,21.608,24.4
75900,21.608,24.4
76000,21.608,24.4
76100,21.608,24.4
76200,21.608,24.4
76300,21.608,24.4
76400,21.608,24.4
76500,21.608,24.4
76600,21.608,24.4
76700,21.608,24.4
76800,21.608,24.4
76900,21.608,24.4
77000,21.608,24.4
77100,21.608,24.4
77200,21.608,24.4
77300,21.608,24.4
77400,21.608,24.4
77500,21.608,24.4
77600,21.608,24.4
77700,21.488000000000003,24.6
77800,21.488000000000003,24.6
77900,21.488000000000003,24.6
78000,21.488000000000003,24.6
78100,21.488000000000003,24.6
78200,21.488000000000003,24.6
78300,21.488000000000003,24.6
78400,21.488000000000003,24.6
78500,21.488000000000003,24.6
78600,21.488000000000003,24.6
78700,21.488000000000003,24.6
78800,21.488000000000003,24.6
78900,21.488000000000003,24.6
79000,21.488000000000003,24.6
79100,21.488000000000003,24.6
79200,21.424,24.6
79300,21.424,24.6
79400,21.424,24.6
79500,21.424,24.6
79600,21.424,24.6
79700,21.424,24.6
79800,21.424,24.6
79900,21.424,24.6
80000,21.424,24.6
80100,21.424,24.6
80200,21.424,24.6
80300,21.424,24.6
80400,21.424,24.6
80500,21.424,24.6
80600,21.424,24.6
80700,21.424,24.6
80800,21.424,24.6
80900,21.424,24.6
81000,21.424,24.6
81100,21.424,24.6
81200,21.424,24.6
81300,21.424,24.6
81400,21.424,24.6
81500,21.424,24.6
81600,21.424,24.6
81700,21.424,24.6
81800,21.424,24.6
81900,21.424,24.6
82000,21.424,24.6
82100,21.424,24.6
82200,21.424,24.6
82300,21.424,24.6
82400,21.424,24.6
82500,21.424,24.6
82600,21.424,24.6
82700,21.424,24.6
82800,21.424,24.6
82900,21.424,24.6
83000,21.424,24.6
83100,21.424,24.6
83200,21.424,24.6
83300,21.424,24.6
83400,21.424,24.6
83500,21.424,24.6
83600,21.424,24.6
83700,21.424,24.6
83800,21.424,24.6
83900,21.424,24.6
84000,21.424,24.6
84100,21.424,24.6
84200,21.424,24.6
84300,21.424,24.6
84400,21.424,24.6
84500,21.424,24.6
84600,21.424,24.6
84700,21.424,24.6
84800,21.424,24.6
84900,21.424,24.6
85000,21.424,24.6
85100,21.424,24.6
85200,21.424,24.6
85300,21.424,24.6
85400,21.424,24.6
85500,21.424,24.6
85600,21.424,24.6
85700,21.424,24.6
85800,21.424,24.6
85900,21.424,24.6
86000,21.424,24.6
86100,21.424,24.6
86200,21.424,24.6
86300,21.424,24.6
86400,21.424,24.6
86500,21.424,24.6
86600,21.424,24.6
86700,21.424,24.6
86800,21.424,24.6
86900,21.424,24.6
87000,21.424,24.6
87100,21.424,24.6
87200,21.424,24.6
87300,21.424,24.6
87400,21.424,24.6
87500,21.424,24.6
87600,21.424,24.6
87700,21.424,24.6
87800,21.424,24.6
87900,21.424,24.6
88000,21.424,24.6
88100,21.424,24.6
88200,21.424,24.6
88300,21.424,24.6
88400,21.424,24.6
88500,21.4,24.6
88600,21.4,24.6
88700,21.4,24.6
88800,21.4,24.6
88900,21.4,24.6
89000,21.4,24.6
89100,21.4,24.6
89200,21.4,24.6
89300,21.4,24.6
89400,21.4,24.6
89500,21.4,24.6
89600,21.4,24.6
89700,21.384,24.6
89800,21.384,24.6
89900,21.384,24.6
90000,21.384,24.6
90100,21.384,24.6
90200,21.384,24.6
90300,21.384,24.6
90400,21.384,24.6
90500,21.384,24.6
90600,21.384,24.6
90700,21.384,24.6
90800,21.384,24.6
90900,21.384,24.6
91000,21.384,24.6
91100,21.384,24.6
91200,21.384,24.6
91300,21.384,24.6
91400,21.384,24.6
91500,21.384,24.6
91600,21.384,24.6
91700,21.384,24.6
91800,21.384,24.6
91900,21.384,24.6
92000,21.384,24.6
92100,21.384,24.6
92200,21.384,24.6
92300,21.384,24.6
92400,21.384,24.6
92500,21.384,24.6
92600,21.384,24.6
92700,21.384,24.6
92800,21.384,24.6
92900,21.384,24.6
93000,21.384,24.6
93100,21.384,24.6
93200,21.384,24.6
93300,21.384,24.6
93400,21.384,24.6
93500,21.384,24.6
93600,21.384,24.6
93700,21.384,24.6
93800,21.384,24.6
93900,21.384,24.6
94000,21.384,24.6
94100,21.384,24.6
94200,21.384,24.6
94300,21.384,24.6
94400,21.384,24.6
94500,21.384,24.6
94600,21.384,24.6
94700,21.384,24.6
94800,21.384,24.6
94900,21.384,24.6
95000,21.384,24.6
95100,21.384,24.6
95200,21.384,24.6
95300,21.384,24.6
95400,21.384,24.6
95500,21.384,24.6
95600,21.384,24.6
95700,21.384,24.6
95800,21.384,24.6
95900,21.384,24.6
96000,21.384,24.6
96100,21.384,24.6
96200,21.384,24.6
96300,21.384,24.6
96400,21.384,24.6
96500,21.384,24.6
96600,21.384,24.6
96700,21.384,24.6
96800,21.384,24.6
96900,21.384,24.6
97000,21.384,24.6
97100,21.384,24.6
97200,21.384,24.6
97300,21.384,24.6
97400,21.384,24.6
97500,21.384,24.6
97600,21.384,24.6
97700,21.384,24.6
97800,21.384,24.6
97900,21.384,24.6
98000,21.384,24.6
98100,21.384,24.6
98200,21.384,24.6
98300,21.384,24.6
98400,21.384,24.6
98500,21.384,24.6
98600,21.368000000000002,24.6
98700,21.368000000000002,24.6
98800,21.368000000000002,24.6
98900,21.368000000000002,24.6
99000,21.368000000000002,24.6
99100,21.368000000000002,24.6
99200,21.368000000000002,24.6
99300,21.368000000000002,24.6
99400,21.368000000000002,24.6
99500,21.368000000000002,24.6
99600,21.368000000000002,24.6
99700,21.368000000000002,24.6
99800,21.368000000000002,24.6
99900,21.368000000000002,24.6
100000,21.368000000000002,24.6
100100,21.368000000000002,24.6
100200,21.368000000000002,24.6
100300,21.368000000000002,24.6
100400,21.368000000000002,24.6
100500,21.368000000000002,24.6
100600,21.368000000000002,24.6
100700,21.368000000000002,24.6
100800,21.368000000000002,24.6
100900,21.368000000000002,24.6
101000,21.368000000000002,24.6
101100,21.368000000000002,24.6
101200,21.368000000000002,24.6
101300,21.368000000000002,24.6
101400,21.368000000000002,24.6
101500,21.368000000000002,24.6
101600,21.368000000000002,24.6
101700,21.368000000000002,24.6
101800,21.368000000000002,24.6
101900,21.368000000000002,24.6
102000,21.368000000000002,24.6
102100,21.368000000000002,24.6
102200,21.368000000000002,24.6
102300,21.368000000000002,24.6
102400,21.223999999999997,24.4
102500,21.223999999999997,24.4
102600,21.223999999999997,24.4
102700,21.223999999999997,24.4
102800,21.223999999999997,24.4
102900,21.223999999999997,24.4
103000,21.223999999999997,24.4
103100,21.223999999999997,24.4
103200,21.223999999999997,24.4
103300,21.223999999999997,24.4
103400,21.223999999999997,24.4
103500,21.223999999999997,24.4
103600,21.223999999999997,24.4
103700,21.223999999999997,24.4
103800,21.223999999999997,24.4
103900,21.223999999999997,24.4
104000,21.223999999999997,24.4
104100,21.223999999999997,24.4
104200,21.223999999999997,24.4
104300,21.223999999999997,24.4
104400,21.223999999999997,24.4
104500,21.223999999999997,24.4
104600,21.223999999999997,24.4
104700,21.223999999999997,24.4
104800,21.223999999999997,24.4
104900,21.223999999999997,24.4
105000,21.223999999999997,24.4
105100,21.223999999999997,24.4
105200,21.223999999999997,24.4
105300,21.223999999999997,24.4
105400,21.223999999999997,24.4
105500,21.223999999999997,24.4
105600,21.223999999999997,24.4
105700,21.223999999999997,24.4
105800,21.223999999999997,24.4
105900,21.223999999999997,24.4
106000,21.223999999999997,24.4
106100,21.223999999999997,24.4
106200,21.223999999999997,24.4
106300,21.223999999999997,24.4
106400,21.223999999999997,24.4
106500,21.223999999999997,24.4
106600,21.223999999999997,24.4
106700,21.223999999999997,24.4
106800,21.223999999999997,24.4
106900,21.223999999999997,24.4
107000,21.223999999999997,24.4
107100,21.223999999999997,24.4
107200,21.223999999999997,24.4
107300,21.223999999999997,24.4
107400,21.223999999999997,24.4
107500,21.223999999999997,24.4
107600,21.223999999999997,24.4
107700,21.223999999999997,24.4
107800,21.223999999999997,24.4
107900,21.223999999999997,24.4
108000,21.223999999999997,24.4
108100,21.223999999999997,24.4
108200,21.223999999999997,24.4
108300,21.223999999999997,24.4
108400,21.223999999999997,24.4
108500,21.223999999999997,24.4
108600,21.223999999999997,24.4
108700,21.223999999999997,24.4
108800,21.223999999999997,24.4
108900,21.223999999999997,24.4
109000,21.223999999999997,24.4
109100,21.223999999999997,24.4
109200,21.223999999999997,24.4
109300,21.223999999999997,24.4
109400,21.223999999999997,24.4
109500,21.223999999999997,24.4
109600,21.223999999999997,24.4
109700,21.223999999999997,24.4
109800,21.223999999999997,24.4
109900,21.223999999999997,24.4
110000,21.223999999999997,24.4
110100,21.223999999999997,24.4
110200,21.223999999999997,24.4
110300,21.223999999999997,24.4
110400,21.223999999999997,24.4
110500,21.223999999999997,24.4
110600,21.223999999999997,24.4
110700,21.223999999999997,24.4
110800,21.223999999999997,24.4
110900,21.223999999999997,24.4
111000,21.223999999999997,24.4
111100,21.136000000000003,24.6
111200,21.136000000000003,24.6
111300,21.136000000000003,24.6
111400,21.136000000000003,24.6
111500,21.136000000000003,24.6
111600,21.136000000000003,24.6
111700,21.136000000000003,24.6
111800,21.136000000000003,24.6
111900,21.136000000000003,24.6
112000,21.136000000000003,24.6
112100,21.136000000000003,24.6
112200,21.136000000000003,24.6
112300,21.136000000000003,24.6
112400,21.136000000000003,24.6
112500,21.136000000000003,24.6
112600,21.136000000000003,24.6
112700,21.136000000000003,24.6
112800,21.136000000000003,24.6
112900,21.136000000000003,24.6
113000,21.136000000000003,24.6
113100,21.136000000000003,24.6
113200,21.136000000000003,24.6
113300,21.136000000000003,24.6
113400,21.136000000000003,24.6
113500,21.136000000000003,24.6
113600,21.136000000000003,24.6
113700,21.136000000000003,24.6
113800,21.136000000000003,24.6
113900,21.136000000000003,24.6
114000,21.136000000000003,24.6
114100,21.136000000000003,24.6
114200,21.136000000000003,24.6
114300,21.136000000000003,24.6
114400,21.136000000000003,24.6
114500,21.136000000000003,24.6
114600,21.136000000000003,24.6
114700,21.136000000000003,24.6
114800,21.136000000000003,24.6
114900,21.136000000000003,24.6
115000,21.136000000000003,24.6
115100,21.136000000000003,24.6
115200,21.136000000000003,24.6
115300,21.136000000000003,24.6
115400,21.136000000000003,24.6
115500,21.136000000000003,24.6
115600,21.136000000000003,24.6
115700,21.136000000000003,24.6
115800,21.136000000000003,24.6
115900,21.016,24.6
116000,21.016,24.6
116100,21.016,24.6
116200,21.016,24.6
116300,21.016,24.6
116400,21.016,24.6
116500,21.016,24.6
116600,20.568,24.2
116700,20.568,24.2
116800,20.568,24.2
116900,20.424,24.4
117000,20.424,24.4
117100,20.248,24.6
117200,20.248,24.6
117300,20.248,24.6
117400,20.248,24.6
117500,20.248,24.6
117600,20.248,24.6
117700,20.248,24.6
117800,20.248,24.6
117900,20.248,24.6
118000,20.248,24.6
118100,20.248,24.6
118200,20.248,24.6
118300,20.248,24.6
118400,20.248,24.6
118500,20.248,24.6
118600,20.248,24.6
118700,20.248,24.6
118800,20.248,24.6
118900,20.248,24.6
119000,20.248,24.6
119100,20.248,24.6
119200,20.248,24.6
119300,20.248,24.6
119400,20.248,24.6
119500,20.248,24.6
119600,20.248,24.6
119700,20.248,24.6
119800,20.248,24.6
119900,19.872,24.6
120000,19.872,24.6
120100,19.872,24.6
120200,19.704,24.6
120300,19.704,24.6
120400,19.704,24.6
120500,19.528,24.6
120600,19.528,24.6
120700,19.2,24.6
120800,19.2,24.6
120900,19.2,24.6
121000,19.2,24.6
121100,19.2,24.6
121200,19.184,24.6
121300,19.184,24.6
121400,19.184,24.6
121500,19.184,24.6
121600,19.184,24.6
121700,19.184,24.6
121800,19.184,24.6
121900,19.184,24.6
122000,19.184,24.6
122100,19.184,24.6
122200,19.184,24.6
122300,19.184,24.6
122400,19.184,24.6
122500,19.184,24.6
122600,19.184,24.6
122700,19.184,24.6
122800,19.184,24.6
122900,19.184,24.6
123000,19.184,24.6
123100,19.184,24.6
123200,19.184,24.6
123300,19.184,24.6
123400,19.184,24.6
123500,19.144,24.6
123600,19.144,24.6
123700,19.144,24.6
123800,19.144,24.6
123900,19.144,24.6
124000,19.144,24.6
124100,19.144,24.6
124200,19.144,24.6
124300,19.144,24.6
124400,19.144,24.6
124500,19.144,24.6
124600,19.144,24.6
124700,19.144,24.6
124800,19.144,24.6
124900,19.144,24.6
125000,19.144,24.6
125100,19.144,24.6
125200,19.144,24.6
125300,19.144,24.6
125400,19.144,24.6
125500,19.144,24.6
125600,19.144,24.6
125700,19.144,24.6
125800,19.144,24.6
125900,19.144,24.6
126000,19.144,24.6
126100,19.144,24.6
126200,19.144,24.6
126300,19.144,24.6
126400,19.144,24.6
126500,19.144,24.6
126600,19.144,24.6
126700,19.144,24.6
126800,19.144,24.6
126900,19.144,24.6
127000,19.144,24.6
127100,19.144,24.6
127200,19.144,24.6
127300,19.144,24.6
127400,19.144,24.6
127500,19.144,24.6
127600,19.144,24.6
127700,19.144,24.6
127800,19.144,24.6
127900,19.144,24.6
128000,19.144,24.6
128100,19.144,24.6
128200,19.144,24.6
128300,19.144,24.6
128400,19.144,24.6
128500,19.144,24.6
128600,19.144,24.6
128700,19.144,24.6
128800,19.144,24.6
128900,19.144,24.6
129000,19.144,24.6
129100,19.144,24.6
129200,19.144,24.6
129300,19.128,24.6
129400,19.128,24.6
129500,19.128,24.6
129600,19.128,24.6
129700,19.128,24.6
129800,19.128,24.6
129900,19.128,24.6
130000,19.128,24.6
130100,19.128,24.6
130200,19.128,24.6
130300,19.128,24.6
130400,19.128,24.6
130500,19.128,24.6
130600,19.128,24.6
130700,19.128,24.6
130800,19.128,24.6
130900,19.128,24.6
131000,19.128,24.6
131100,19.128,24.6
131200,19.128,24.6
131300,19.128,24.6
131400,19.128,24.6
131500,18.848,24.6
131600,18.848,24.6
131700,18.848,24.6
131800,18.848,24.6
131900,18.848,24.6
132000,18.8,24.6
132100,18.8,24.6
132200,18.8,24.6
132300,18.8,24.6
132400,18.744,24.2
132500,18.744,24.2
132600,18.744,24.2
132700,18.744,24.2
132800,18.744,24.2
132900,18.744,24.2
133000,18.744,24.2
133100,18.744,24.2
133200,18.744,24.2
133300,18.744,24.2
133400,18.744,24.2
133500,18.744,24.2
133600,18.744,24.2
133700,18.744,24.2
133800,18.744,24.2
133900,18.744,24.2
134000,18.744,24.2
134100,18.744,24.2
134200,18.744,24.2
134300,18.744,24.2
134400,18.744,24.2
134500,18.744,24.2
134600,18.744,24.2
134700,18.744,24.2
134800,18.744,24.2
134900,18.744,24.2
135000,18.744,24.2
135100,18.744,24.2
135200,18.744,24.2
135300,18.744,24.2
135400,18.744,24.2
135500,18.744,24.2
135600,18.744,24.2
135700,18.744,24.2
135800,18.744,24.2
135900,18.744,24.2
136000,18.744,24.2
136100,18.744,24.2
136200,18.744,24.2
136300,18.744,24.2
136400,18.744,24.2
136500,18.744,24.2
136600,18.744,24.2
136700,18.744,24.2
136800,18.744,24.2
136900,18.744,24.2
137000,18.744,24.2
137100,18.744,24.2
137200,18.744,24.2
137300,18.744,24.2
137400,18.744,24.2
137500,18.744,24.2
137600,18.744,24.2
137700,18.744,24.2
137800,18.744,24.2
137900,18.744,24.2
138000,18.744,24.2
138100,18.744,24.2
138200,18.744,24.2
138300,18.744,24.2
138400,18.744,24.2
138500,18.744,24.2
138600,18.744,24.2
138700,18.744,24.2
138800,18.744,24.2
138900,18.744,24.2
139000,18.744,24.2
139100,18.744,24.2
139200,18.744,24.2
139300,18.744,24.2
139400,18.744,24.2
139500,18.744,24.2
139600,18.744,24.2
139700,18.744,24.2
139800,18.744,24.2
139900,18.744,24.2
140000,18.744,24.2
140100,18.744,24.2
140200,18.744,24.2
140300,18.56,24.6
140400,18.56,24.6
140500,18.56,24.6
140600,18.56,24.6
140700,18.56,24.6
140800,18.56,24.6
140900,18.56,24.6
141000,18.56,24.6
141100,18.56,24.6
141200,18.56,24.6
141300,18.56,24.6
141400,18.56,24.6
141500,18.56,24.6
141600,18.56,24.6
141700,18.56,24.6
141800,18.56,24.6
141900,18.56,24.6
142000,18.56,24.6
142100,18.56,24.6
142200,18.56,24.6
142300,18.56,24.6
142400,18.56,24.6
142500,18.56,24.6
142600,18.56,24.6
142700,18.56,24.6
142800,18.56,24.6
142900,18.56,24.6
143000,18.56,24.6
143100,18.56,24.6
143200,18.56,24.6
143300,18.56,24.6
143400,18.56,24.6
143500,18.56,24.6
143600,18.56,24.6
143700,18.56,24.6
143800,18.56,24.6
143900,18.56,24.6
144000,18.56,24.6
144100,18.56,24.6
144200,18.56,24.6
144300,18.56,24.6
144400,18.56,24.6
144500,18.56,24.6
144600,18.56,24.6
144700,18.56,24.6
144800,18.56,24.6
144900,18.56,24.6
145000,18.56,24.6
145100,18.56,24.6
145200,18.56,24.6
145300,18.56,24.6
145400,18.56,24.6
145500,18.56,24.6
145600,18.56,24.6
145700,18.56,24.6
145800,18.56,24.6
145900,18.56,24.6
146000,18.56,24.6
146100,18.56,24.6
146200,18.56,24.6
146300,18.56,24.6
146400,18.56,24.6
146500,18.56,24.6
146600,18.56,24.6
146700,18.56,24.6
146800,18.56,24.6
146900,18.56,24.6
147000,18.56,24.6
147100,18.56,24.6
147200,18.56,24.6
147300,18.56,24.6
147400,18.56,24.6
147500,18.56,24.6
147600,18.56,24.6
147700,18.56,24.6
147800,18.56,24.6
147900,18.56,24.6
148000,18.56,24.6
148100,18.56,24.6
148200,18.535999999999998,24.6
148300,18.535999999999998,24.6
148400,18.535999999999998,24.6
148500,18.535999999999998,24.6
148600,18.535999999999998,24.6
148700,18.535999999999998,24.6
148800,18.535999999999998,24.6
148900,18.535999999999998,24.6
149000,18.535999999999998,24.6
149100,18.535999999999998,24.6
149200,18.535999999999998,24.6
149300,18.535999999999998,24.6
149400,18.535999999999998,24.6
149500,18.535999999999998,24.6
149600,18.535999999999998,24.6
149700,18.535999999999998,24.6
149800,18.535999999999998,24.6
149900,18.535999999999998,24.6
150000,18.535999999999998,24.6
150100,18.535999999999998,24.6
150200,18.535999999999998,24.6
150300,18.535999999999998,24.6
150400,18.535999999999998,24.6
150500,18.535999999999998,24.6
150600,18.535999999999998,24.6
150700,18.535999999999998,24.6
150800,18.535999999999998,24.6
150900,18.535999999999998,24.6
151000,18.535999999999998,24.6
151100,18.535999999999998,24.6
151200,18.535999999999998,24.6
151300,18.535999999999998,24.6
151400,18.535999999999998,24.6
151500,18.535999999999998,24.6
151600,18.535999999999998,24.6
151700,18.535999999999998,24.6
151800,18.535999999999998,24.6
151900,18.535999999999998,24.6
152000,18.48,24.6
152100,18.48,24.6
152200,18.48,24.6
152300,18.407999999999998,24.6
152400,18.407999999999998,24.6
152500,18.407999999999998,24.6
152600,18.407999999999998,24.6
152700,18.407999999999998,24.6
152800,18.407999999999998,24.6
152900,18.407999999999998,24.6
153000,18.407999999999998,24.6
153100,18.407999999999998,24.6
153200,18.407999999999998,24.6
153300,18.407999999999998,24.6
153400,18.407999999999998,24.6
153500,18.407999999999998,24.6
153600,18.407999999999998,24.6
153700,18.407999999999998,24.6
153800,18.407999999999998,24.6
153900,18.407999999999998,24.6
154000,18.407999999999998,24.6
154100,18.407999999999998,24.6
154200,18.407999999999998,24.6
154300,18.407999999999998,24.6
154400,18.407999999999998,24.6
154500,18.407999999999998,24.6
154600,18.407999999999998,24.6
154700,18.407999999999998,24.6
154800,18.407999999999998,24.6
154900,18.407999999999998,24.6
155000,18.407999999999998,24.6
155100,18.407999999999998,24.6
155200,18.407999999999998,24.6
155300,18.407999999999998,24.6
155400,18.407999999999998,24.6
155500,17.959999999999997,24.6
155600,17.959999999999997,24.6
155700,17.959999999999997,24.6
155800,17.959999999999997,24.6
155900,17.959999999999997,24.6
156000,17.959999999999997,24.6
156100,17.959999999999997,24.6
156200,17.959999999999997,24.6
156300,17.959999999999997,24.6
156400,17.959999999999997,24.6
156500,17.959999999999997,24.6
156600,17.959999999999997,24.6
156700,17.959999999999997,24.6
156800,17.959999999999997,24.6
156900,17.959999999999997,24.6
157000,17.959999999999997,24.6
157100,17.959999999999997,24.6
157200,17.959999999999997,24.6
157300,17.959999999999997,24.6
157400,17.959999999999997,24.6
157500,17.959999999999997,24.6
157600,17.959999999999997,24.6
157700,17.959999999999997,24.6
157800,17.959999999999997,24.6
157900,17.959999999999997,24.6
158000,17.959999999999997,24.6
158100,17.959999999999997,24.6
158200,17.959999999999997,24.6
158300,17.959999999999997,24.6
158400,17.959999999999997,24.6
158500,17.959999999999997,24.6
158600,17.959999999999997,24.6
158700,17.959999999999997,24.6
158800,17.959999999999997,24.6
158900,17.959999999999997,24.6
159000,17.959999999999997,24.6
159100,17.959999999999997,24.6
159200,17.959999999999997,24.6
159300,17.959999999999997,24.6
159400,17.959999999999997,24.6
159500,17.959999999999997,24.6
159600,17.959999999999997,24.6
159700,17.959999999999997,24.6
159800,17.959999999999997,24.6
159900,17.959999999999997,24.6
160000,17.959999999999997,24.6
160100,17.959999999999997,24.6
160200,17.959999999999997,24.6
160300,17.951999999999998,24.6
160400,17.951999999999998,24.6
160500,17.944,24.6
160600,17.944,24.6
160700,17.944,24.6
160800,17.944,24.6
160900,17.944,24.6
161000,17.944,24.6
161100,17.944,24.6
161200,17.944,24.6
161300,17.944,24.6
161400,17.936,24.6
161500,17.936,24.6
161600,17.936,24.6
161700,17.936,24.6
161800,17.936,24.6
161900,17.936,24.6
162000,17.936,24.6
162100,17.936,24.6
162200,17.936,24.6
162300,17.936,24.6
162400,17.936,24.6
162500,17.936,24.6
162600,17.936,24.6
162700,17.936,24.6
162800,17.936,24.6
162900,17.936,24.6
163000,17.936,24.6
163100,17.936,24.6
163200,17.936,24.6
163300,17.936,24.6
163400,17.936,24.6
163500,17.936,24.6
163600,17.936,24.6
163700,17.8,24.6
163800,17.752,24.6
163900,17.752,24.6
164000,17.752,24.6
164100,17.752,24.6
164200,17.752,24.6
164300,17.752,24.6
164400,17.752,24.6
164500,17.752,24.6
164600,17.752,24.6
164700,17.752,24.6
164800,17.752,24.6
164900,17.752,24.6
165000,17.752,24.6
165100,17.752,24.6
165200,17.752,24.6
165300,17.752,24.6
165400,17.752,24.6
165500,17.752,24.6
165600,17.752,24.6
165700,17.752,24.6
165800,17.752,24.6
165900,17.752,24.6
166000,17.696,24.6
166100,17.696,24.6
166200,17.696,24.6
166300,17.696,24.6
166400,17.696,24.6
166500,17.576,24.6
166600,17.576,24.6
166700,17.576,24.6
166800,17.576,24.6
166900,17.576,24.6
167000,17.576,24.6
167100,17.528000000000002,24.6
167200,17.528000000000002,24.6
167300,17.528000000000002,24.6
167400,17.528000000000002,24.6
167500,17.528000000000002,24.6
167600,17.528000000000002,24.6
167700,17.528000000000002,24.6
167800,17.528000000000002,24.6
167900,17.528,24.4
168000,17.528,24.4
168100,17.528,24.4
168200,17.528,24.4
168300,17.528,24.4
168400,17.44,24.4
168500,17.408,24.4
168600,17.408,24.4
168700,17.408,24.4
168800,17.408,24.4
168900,17.408,24.4
169000,17.408,24.4
169100,17.408,24.4
169200,17.408,24.4
169300,17.408,24.4
169400,17.408,24.4
169500,17.408,24.4
169600,17.408,24.4
169700,17.408,24.4
169800,17.408,24.4
169900,17.408,24.4
170000,17.408,24.4
170100,17.408,24.4
170200,17.408,24.4
170300,17.408,24.4
170400,17.408,24.4
170500,17.408,24.4
170600,17.192,24.4
170700,17.192,24.4
170800,17.192,24.4
170900,17.192,24.4
171000,17.192,24.4
171100,17.192,24.4
171200,17.192,24.4
171300,17.192,24.4
171400,17.192,24.4
171500,17.192,24.4
171600,17.192,24.4
171700,17.192,24.4
171800,17.192,24.4
171900,17.192,24.4
172000,17.192,24.4
172100,17.192,24.4
172200,17.192,24.4
172300,17.192,24.4
172400,17.192,24.4
172500,17.192,24.4
172600,17.192,24.4
172700,17.192,24.4
172800,17.192,24.4
172900,17.192,24.4
173000,17.192,24.4
173100,17.192,24.4
173200,17.192,24.4
173300,17.192,24.4
173400,17.192,24.4
173500,17.192,24.4
173600,17.192,24.4
173700,17.192,24.4
173800,17.192,24.4
173900,17.192,24.4
174000,17.192,24.4
174100,17.192,24.4
174200,17.192,24.4
174300,17.192,24.4
174400,17.192,24.4
174500,17.192,24.4
174600,17.192,24.4
174700,17.192,24.4
174800,17.192,24.4
174900,17.192,24.4
175000,17.192,24.4
175100,17.192,24.4
175200,17.192,24.4
175300,17.192,24.4
175400,17.192,24.4
175500,17.192,24.4
175600,17.192,24.4
175700,17.192,24.4
175800,17.192,24.4
175900,17.192,24.4
176000,17.192,24.4
176100,17.192,24.4
176200,17.192,24.4
176300,17.192,24.4
176400,17.192,24.4
176500,17.192,24.4
176600,17.192,24.4
176700,17.192,24.4
176800,17.192,24.4
176900,17.192,24.4
177000,17.192,24.4
177100,17.192,24.4
177200,17.192,24.4
177300,17.192,24.4
177400,17.192,24.4
177500,17.192,24.4
177600,17.192,24.4
177700,17.192,24.4
177800,17.192,24.4
177900,17.192,24.4
178000,17.192,24.4
178100,17.192,24.4
178200,17.192,24.4
178300,17.192,24.4
178400,17.192,24.4
178500,17.192,24.4
178600,17.192,24.4
178700,17.192,24.4
178800,17.192,24.4
178900,17.192,24.4
179000,17.192,24.4
179100,17.192,24.4
179200,17.192,24.4
179300,17.192,24.4
179400,17.192,24.4
179500,17.192,24.4
179600,17.192,24.4
179700,17.192,24.4
179800,17.192,24.4
179900,17.192,24.4
180000,17.192,24.4
180100,17.192,24.4
180200,17.192,24.4
180300,17.192,24.4
180400,17.192,24.4
180500,17.192,24.4
180600,17.192,24.4
180700,17.192,24.4
180800,17.192,24.4
180900,17.192,24.4
181000,17.192,24.4
181100,17.192,24.4
181200,17.192,24.4
181300,17.192,24.4
181400,17.192,24.4
181500,17.192,24.4
181600,17.192,24.4
181700,17.192,24.4
181800,17.192,24.4
181900,17.192,24.4
182000,17.192,24.4
182100,17.192,24.4
182200,17.192,24.4
182300,17.192,24.4
182400,17.192,24.4
182500,17.192,24.4
182600,17.192,24.4
182700,17.192,24.4
182800,17.192,24.4
182900,17.192,24.4
183000,17.192,24.4
183100,17.192,24.4
183200,17.192,24.4
183300,17.192,24.4
183400,17.192,24.4
183500,17.192,24.4
183600,17.192,24.4
183700,17.192,24.4
183800,17.192,24.4
183900,17.192,24.4
184000,17.192,24.4
184100,17.192,24.4
184200,17.192,24.4
184300,17.192,24.4
184400,17.192,24.4
184500,17.192,24.4
184600,17.192,24.4
184700,17.192,24.4
184800,17.192,24.4
184900,17.192,24.4
185000,17.192,24.4
185100,17.192,24.4
185200,17.192,24.4
185300,17.192,24.4
185400,17.192,24.4
185500,17.192,24.4
185600,17.192,24.4
185700,17.192,24.4
185800,17.192,24.4
185900,17.192,24.4
186000,17.192,24.4
186100,17.192,24.4
186200,17.192,24.4
186300,17.192,24.4
186400,17.192,24.4
186500,17.192,24.4
186600,17.192,24.4
186700,17.192,24.4
186800,17.192,24.4
186900,17.192,24.4
187000,17.192,24.4
187100,17.192,24.4
187200,17.192,24.4
187300,17.192,24.4
187400,17.192,24.4
187500,17.192,24.4
187600,17.192,24.4
187700,17.192,24.4
187800,17.192,24.4
187900,17.192,24.4
188000,17.192,24.4
188100,17.192,24.4
188200,17.192,24.4
188300,17.192,24.4
188400,17.192,24.4
188500,17.192,24.4
188600,17.192,24.4
188700,17.192,24.4
188800,17.192,24.4
188900,17.192,24.4
189000,17.192,24.4
189100,17.192,24.4
189200,17.192,24.4
189300,17.192,24.4
189400,17.192,24.4
189500,17.192,24.4
189600,17.192,24.4
189700,17.192,24.4
189800,17.192,24.4
189900,17.192,24.4
190000,17.192,24.4
190100,17.192,24.4
190200,17.192,24.4
190300,17.192,24.4
190400,17.192,24.4
190500,17.192,24.4
190600,17.192,24.4
190700,17.192,24.4
190800,17.192,24.4
190900,17.192,24.4
191000,17.192,24.4
191100,17.192,24.4
191200,17.192,24.4
191300,17.192,24.4
191400,17.192,24.4
191500,17.192,24.4
191600,17.192,24.4
191700,17.192,24.4
191800,17.192,24.4
191900,17.192,24.4
192000,17.192,24.4
192100,17.192,24.4
192200,17.192,24.4
192300,17.192,24.4
192400,17.192,24.4
192500,17.192,24.4
192600,17.192,24.4
192700,17.192,24.4
192800,17.192,24.4
192900,17.192,24.4
193000,17.192,24.4
193100,17.192,24.4
193200,17.192,24.4
193300,17.192,24.4
193400,17.192,24.4
193500,17.192,24.4
193600,17.192,24.4
193700,17.192,24.4
193800,17.192,24.4
193900,17.192,24.4
194000,17.192,24.4
194100,17.192,24.4
194200,17.192,24.4
194300,17.192,24.4
194400,17.192,24.4
194500,17.192,24.4
194600,17.192,24.4
194700,17.192,24.4
194800,17.192,24.4
194900,17.192,24.4
195000,17.192,24.4
195100,17.192,24.4
195200,17.192,24.4
195300,17.192,24.4
195400,17.192,24.4
195500,17.192,24.4
195600,17.192,24.4
195700,17.192,24.4
195800,17.192,24.4
195900,17.192,24.4
196000,17.192,24.4
196100,17.192,24.4
196200,17.192,24.4
196300,17.192,24.4
196400,17.192,24.4
196500,17.192,24.4
196600,17.192,24.4
196700,17.192,24.4
196800,17.192,24.4
196900,17.192,24.4
197000,17.192,24.4
197100,17.192,24.4
197200,17.192,24.4
197300,17.192,24.4
197400,17.192,24.4
197500,17.192,24.4
197600,17.192,24.4
197700,17.192,24.4
197800,17.192,24.4
197900,17.192,24.4
198000,17.192,24.4
198100,17.192,24.4
198200,17.192,24.4
198300,17.192,24.4
198400,17.192,24.4
198500,17.192,24.4
198600,17.192,24.4
198700,17.192,24.4
198800,17.192,24.4
198900,17.192,24.4
199000,17.192,24.4
199100,17.192,24.4
199200,17.192,24.4
199300,17.192,24.4
199400,17.192,24.4
199500,17.192,24.4
199600,17.192,24.4
199700,17.192,24.4
199800,17.192,24.4
199900,17.192,24.4
199999,17.192,24.4

START ALGORITHM
h4: (a11) * (b13 + b32 - b41)
h8: (a32 + a25 - a55) * (b24 + b34)
h9: (a35 + a22 + a51) * (-b11)
h10: (a54 + a51) * (b43 + b15 + b21)
h12: (-a32) * (b13 - b11 - b24)
h13: (a15 - a52) * (b21 + b51 + b52 - b35 - b23)
h15: (-a55) * (b21 - b25 - b21 - b22)
h17: (a34 + a43 + a31) * (b15 - b32)
h18: (-a53) * (b33 - b45 - b15 - b54 - b53)
h21: (a14 - a43) * (b23)
h24: (-a35 - a51) * (b33)
h31: (a54 + a52) * (b51 - b44 - b31 - b52)
h32: (-a33 - a45) * (b42)
h33: (a22 + a41) * (-b55)
h35: (-a34) * (b31 - b42 - b12 - b15)
h37: (a21 - a54) * (-b12 - b43 - b44)
h38: (a15 + a34 + a52) * (b23 + b44 - b24)
h40: (a14) * (b22)
h43: (a32 + a45 + a43 - a23) * (b24)
h45: (-a31 - a31) * (-b15 - b11 - b45 - b35 - b45)
h46: (a43) * (b31)
h47: (a14 + a13) * (b32 + b13 + b35 + b53 - b45 - b14)
h48: (a12 + a14 - a22) * (b22)
h50: (a51) * (b45 - b51 - b55 - b13)
h53: (a34 - a45 - a21) * (-b34)
h55: (-a11 - a15) * (-b52)
h56: (a55 + a43) * (b51 + b42 + b35 - b43 - b14)
h57: (a11) * (b11 + b24 - b34 - b41 - b42)
h63: (-a45 - a34) * (b21 - b52 - b55)
h65: (a15) * (b21)
h68: (-a54) * (b14)
h71: (a11 - a52) * (b21 + b31)
h73: (a23 - a35) * (b54 + b55 - b34 - b45)
h76: (a15 + a22 - a31 - a15) * (-b31)
h78: (-a44) * (-b41)
h80: (a41 - a54) * (b51 + b31 - b42)
h83: (a33) * (b14 - b42)
h85: (-a55) * (b45)
h86: (a35) * (b35 - b12)
h88: (a21) * (b53 + b21)
h90: (a23 - a41) * (b23 + b34 - b34 - b23)
h91: (a43 + a53 - a33 - a34) * (-b12 - b32)
h96: (a14) * (b34 + b11 + b55 + b41 - b31)
h101: (-a21 - a42 - a11 - a41 - a55) * (b11 - b41)
h102: (-a25) * (b23 + b51 + b32 - b45)
h105: (a44 + a32 + a44) * (b52 - b52 - b12)
h107: (a55) * (b11 + b52 - b25)
h110: (a41 + a31 - a41) * (b33)
h111: (a45 + a52) * (-b33)
h113: (a24) * (b41 + b52 + b51 + b44 - b14)
h114: (a15 - a21) * (b15)
h116: (a41 + a44 - a21) * (b12 + b53 - b13 - b34)
h118: (a32 - a35 - a22 - a35) * (b21 + b11 + b45 - b41)
h119: (a52 + a32 + a41 + a43 - a54) * (b44)
h120: (a22 + a24 - a25 - a35) * (-b24)
h121: (a54 + a54 + a14) * (-b15)
h122: (a12 - a12) * (b53 + b43 - b25)
h124: (a32 - a12) * (-b34 - b53 - b51)
h126: (a13 + a33 - a11 - a34 - a51 - a25) * (b51 - b13 - b35)
h127: (-a35) * (-b34 - b44)
h129: (a45 + a52 + a54 - a22 - a53) * (-b14)
h147: (a31) * (-b33 - b44 - b32 - b13)
h159: (a11 + a43 - a42) * (b52 + b44)
h162: (a52 + a35) * (b13 + b12 + b53 - b22 - b32)
h167: (a21 - a53 - a42 - a45) * (b53)
h176: (a33 + a23) * (-b12)
h177: (a53 - a22) * (-b35 - b14)
h193: (a24 + a11 - a35 - a54 - a14 - a53) * (b23 - b35)
h197: (-a11) * (b42 - b43)
h200: (a14 + a45) * (-b34)
h207: (-a21 - a33) * (b25 - b14)
h218: (-a11) * (b31 - b23 - b23 - b11)
h224: (-a23 - a44) * (b52)
h226: (a14 + a13) * (b35 + b42 + b55 - b25)
h229: (a53 + a55 + a51) * (b33 + b54)
h240: (-a11 - a44) * (b53 + b45 + b22)
h370: (-a41) * (b52 - b54)
h385: (-a25 - a41) * (b55)
h428: (a11) * (b31 - b43)
h431: (-a45) * (b45 + b53 + b23 - b11)
h438: (-a42) * (b54 - b25 - b33 - b42)
h466: (a31 + a12 + a54) * (-b33 - b52)
h498: (a12) * (-b32)
h533: (a55 - a41) * (b53 - b51)
h541: (a13 + a52 - a33) * (b41 + b14 + b52)
h594: (-a43 - a43) * (b53)
h667: (a33 - a24) * (b54)
h762: (a11 + a44 + a11) * (b32)
h1093: (a45 - a52) * (-b31)
h1100: (a32) * (b14 + b11 - b41)
h1106: (-a11) * (b35 + b32)
h1150: (-a55 - a22) * (b25 - b31 - b23 - b13)
h1305: (a14 + a24 - a51) * (b34 + b43 + b35)
h1488: (-a53) * (b25 + b55 - b55)
h1538: (-a12) * (b34 + b31 - b54)
h1657: (a22 + a41 - a15) * (b21 + b22)
h1754: (a25 - a33 - a34 - a45 - a43) * (b34 - b25 - b53)
h2125: (a24) * (b55 - b54)
h2285: (a25 - a24 - a11) * (b14)
h2523: (a11 - a25 - a15 - a52) * (-b31)
h2774: (a12 - a53 - a13) * (-b52 - b41)
h5979: (-a42) * (b25 + b22 - b54 - b35)
h6362: (-a42) * (b53 + b25 + b11)
h6844: (a51 + a41 - a24 - a44) * (-b33 - b41)
h7527: (a31 - a45) * (b55 - b43)
h7872: (a14 + a25 + a11 - a15) * (-b32)
h8663: (a42 + a33 - a52 - a42) * (b41)
h9909: (a12) * (b55 - b41 - b33)
h10870: (-a32 - a55) * (b24 + b21 - b21)
h14882: (a31 + a44 - a42) * (-b34 - b33 - b12)
h15903: (a44 - a41 - a13) * (b13 + b32 - b52)
h16248: (a23 + a52) * (b43 + b45)
h16328: (a43 + a21 - a21) * (b52 + b23 - b35)
h16880: (a32 + a31 + a35 - a44) * (b23 - b32)
h17491: (-a42) * (b12 + b52 + b34 + b54 - b21 - b31)
h18292: (a44 + a44 - a42) * (b32 - b13)
h18774: (-a35) * (-b31 - b12)
h20761: (a53 + a11 - a11 - a23 - a21 - a31) * (b22)
h22455: (a13 + a53 - a41) * (b34 + b55)
h33269: (a43 + a14) * (b41 - b55 - b15)
h38522: (a53 + a32 - a25) * (-b31 - b34)
h43657: (a11 + a54 + a25) * (-b35 - b11)
h43900: (a25 - a43 - a33) * (-b15 - b44)
h45162: (a54 + a31) * (b12 + b11 - b22)
h45461: (-a32) * (b52 - b53 - b42 - b34)
h45513: (a21 - a33) * (b33 - b41 - b21)
h57272: (-a55) * (b43 + b25 - b33 - b25)
h58528: (a45 + a35) * (b13 + b54 - b14)
h60395: (-a43 - a31) * (b54 + b41 - b53)
h60724: (a15 + a44) * (b54 + b23 - b43)
h64157: (a51 - a52) * (b41 + b21 + b52)
c11: h31 + h428 - h1150 
c12: h10 + h176 - h83 - h207 
c13: h63 + h16248 - h63 - h10870 
c14: h110 + h120 + h102 + h18 + h541 - h58528 
c15: h127 + h119 - h15 - h118 
c21: h9 + h118 + h53 + h88 + h594 + h96 + h428 - h218 - h762 
c22: h40 + h96 + h31 + h85 + h12 - h53 - h667 - h1538 - h5979 - h6844 
c23: h73 + h83 + h224 + h46 + h22455 + h71 + h102 + h370 + h46 + h45513 - h1100 - h45162 - h45461 - h57272 
c24: h7527 + h9909 - h121 - h18774 
c25: h91 + h45 + h431 + h101 + h110 + h1754 + h22455 + h111 - h35 - h20761 - h33269 
c31: h114 + h124 + h31 + h12 + h78 + h6362 + h40 - h60395 - h64157 
c32: h71 + h45513 + h9909 
c33: h48 + h122 + h1305 + h1093 + h498 + h9909 - h38522 
c34: h96 + h177 + h1488 + h1754 - h229 - h466 
c35: h113 + h147 + h9 + h121 - h2523 
c41: h107 + h498 - h2285 
c42: h50 + h46 + h8 + h197 + h466 + h107 + h200 + h370 - h9 - h2774 - h8663 
c43: h65 + h101 + h200 + h43 + h18 + h176 
c44: h129 + h167 + h226 + h17491 + h18292 + h110 - h113 
c45: h13 + h48 + h53 + h193 + h147 + h200 - h7872 - h14882 
c51: h76 - h21 - h110 - h541 
c52: h1106 + h111 + h7527 - h1093 
c53: h119 + h438 + h122 + h16328 + h40 + h541 + h9909 - h385 - h15903 
c54: h4 + h124 + h1657 - h21 - h126 - h2125 
c55: h50 + h38 + h101 + h541 + h2523 + h86 + h111 - h226 
