0,184.456,25
100,124.144,25
200,103.952,25
300,90.80799999999999,24.8
400,78.824,24.8
500,65.60799999999999,24.8
600,61.568000000000005,24.8
700,60.431999999999995,24.8
800,57.488,25
900,57.2,24.8
1000,57.2,24.8
1100,55.839999999999996,24.8
1200,55.65599999999999,24.8
1300,55.65599999999999,24.8
1400,54.272000000000006,24.8
1500,52.896,24.8
1600,52.896,24.8
1700,52.896,24.8
1800,52.552,24.8
1900,52.552,24.8
2000,51.14399999999999,24.8
2100,51.14399999999999,24.8
2200,51.072,24.8
2300,50.208,24.8
2400,49.664,24.8
2500,49.664,24.8
2600,49.664,24.8
2700,49.664,24.8
2800,48.279999999999994,24.8
2900,48.279999999999994,24.8
3000,48.279999999999994,24.8
3100,48.279999999999994,24.8
3200,48.279999999999994,24.8
3300,47.64,24.8
3400,47.64,24.8
3500,47.64,24.8
3600,47.64,24.8
3700,47.64,24.8
3800,47.08,24.8
3900,47.08,24.8
4000,47.047999999999995,24.8
4100,45.74400000000001,24.8
4200,45.74400000000001,24.8
4300,45.480000000000004,24.8
4400,45.480000000000004,24.8
4500,45.480000000000004,24.8
4600,45.480000000000004,24.8
4700,45.480000000000004,24.8
4800,45.480000000000004,24.8
4900,45.480000000000004,24.8
5000,45.480000000000004,24.8
5100,45.480000000000004,24.8
5200,45.480000000000004,24.8
5300,45.480000000000004,24.8
5400,45.480000000000004,24.8
5500,45.480000000000004,24.8
5600,44.12,24.8
5700,43.904,24.8
5800,43.904,24.8
5900,43.904,24.8
6000,43.904,24.8
6100,43.904,24.8
6200,43.904,24.8
6300,43.904,24.8
6400,43.879999999999995,24.8
6500,43.879999999999995,24.8
6600,43.879999999999995,24.8
6700,43.879999999999995,24.8
6800,43.879999999999995,24.8
6900,43.456,24.8
7000,43.456,24.8
7100,43.456,24.8
7200,43.456,24.8
7300,43.456,24.8
7400,43.456,24.8
7500,43.456,24.8
7600,43.456,24.8
7700,43.456,24.8
7800,43.456,24.8
7900,43.456,24.8
8000,43.456,24.8
8100,43.456,24.8
8200,43.456,24.8
8300,43.456,24.8
8400,43.456,24.8
8500,43.456,24.8
8600,43.456,24.8
8700,43.456,24.8
8800,43.408,24.8
8900,43.408,24.8
9000,43.007999999999996,24.8
9100,42.815999999999995,25
9200,42.815999999999995,25
9300,42.768,25
9400,42.768,25
9500,42.664,25
9600,42.512,25
9700,42.512,25
9800,42.512,25
9900,42.112,25
10000,42.112,25
10100,42.112,25
10200,42.112,25
10300,42.112,25
10400,42.112,25
10500,42.112,25
10600,42.112,25
10700,42.112,25
10800,42.112,25
10900,42.112,25
11000,42.112,25
11100,42.112,25
11200,42.112,25
11300,42.112,25
11400,42.112,25
11500,42.112,25
11600,42.112,25
11700,42.112,25
11800,42.112,25
11900,42.112,25
12000,42.112,25
12100,42.112,25
12200,42.112,25
12300,42.112,25
12400,41.99999999999999,25
12500,41.99999999999999,25
12600,41.99999999999999,25
12700,41.99999999999999,25
12800,41.99999999999999,25
12900,41.99999999999999,25
13000,41.99999999999999,25
13100,41.99999999999999,25
13200,41.99999999999999,25
13300,41.99999999999999,25
13400,41.99999999999999,25
13500,41.99999999999999,25
13600,41.99999999999999,25
13700,41.64,25
13800,41.64,25
13900,41.64,25
14000,41.64,25
14100,41.64,25
14200,41.64,25
14300,41.64,25
14400,41.64,25
14500,41.64,25
14600,41.64,25
14700,41.64,25
14800,41.64,25
14900,41.64,25
15000,41.64,25
15100,41.64,25
15200,41.64,25
15300,41.64,25
15400,41.64,25
15500,41.64,25
15600,41.64,25
15700,41.64,25
15800,41.64,25
15900,41.64,25
16000,41.64,25
16100,41.64,25
16200,41.64,25
16300,41.64,25
16400,41.64,25
16500,41.519999999999996,25
16600,41.519999999999996,25
16700,41.519999999999996,25
16800,41.519999999999996,25
16900,40.488,25
17000,40.488,25
17100,40.488,25
17200,40.488,25
17300,40.488,25
17400,40.488,25
17500,40.488,25
17600,40.488,25
17700,40.488,25
17800,40.488,25
17900,39.992,25
18000,39.992,25
18100,39.992,25
18200,39.992,25
18300,39.992,25
18400,39.992,25
18500,39.992,25
18600,39.992,25
18700,39.992,25
18800,39.992,25
18900,39.992,25
19000,39.992,25
19100,39.992,25
19200,39.992,25
19300,39.992,25
19400,39.856,25
19500,39.856,25
19600,39.856,25
19700,39.856,25
19800,39.856,25
19900,39.856,25
20000,39.856,25
20100,39.856,25
20200,39.856,25
20300,39.856,25
20400,39.856,25
20500,39.856,25
20600,39.8,25
20700,39.8,25
20800,39.656,25
20900,39.656,25
21000,39.656,25
21100,39.656,25
21200,39.656,25
21300,39.656,25
21400,39.656,25
21500,39.656,25
21600,39.656,25
21700,39.656,25
21800,39.656,25
21900,39.656,25
22000,39.656,25
22100,39.656,25
22200,39.656,25
22300,39.656,25
22400,39.656,25
22500,39.656,25
22600,39.656,25
22700,39.656,25
22800,39.656,25
22900,39.656,25
23000,39.656,25
23100,39.656,25
23200,39.656,25
23300,39.656,25
23400,39.656,25
23500,39.656,25
23600,39.656,25
23700,39.656,25
23800,39.656,25
23900,39.656,25
24000,39.656,25
24100,39.656,25
24200,39.656,25
24300,39.656,25
24400,39.656,25
24500,39.656,25
24600,39.528000000000006,25
24700,39.239999999999995,25
24800,39.239999999999995,25
24900,39.239999999999995,25
25000,39.239999999999995,25
25100,39.239999999999995,25
25200,39.239999999999995,25
25300,39.239999999999995,25
25400,39.239999999999995,25
25500,39.239999999999995,25
25600,39.16,25
25700,39.16,25
25800,39.16,25
25900,38.472,25
26000,38.472,25
26100,38.472,25
26200,38.472,25
26300,38.472,25
26400,38.471999999999994,25
26500,38.471999999999994,25
26600,38.471999999999994,25
26700,38.471999999999994,25
26800,38.471999999999994,25
26900,38.471999999999994,25
27000,38.471999999999994,25
27100,38.471999999999994,25
27200,38.471999999999994,25
27300,38.471999999999994,25
27400,38.471999999999994,25
27500,38.471999999999994,25
27600,38.471999999999994,25
27700,38.471999999999994,25
27800,38.471999999999994,25
27900,38.471999999999994,25
28000,38.471999999999994,25
28100,38.471999999999994,25
28200,38.471999999999994,25
28300,38.471999999999994,25
28400,38.471999999999994,25
28500,38.471999999999994,25
28600,38.471999999999994,25
28700,38.471999999999994,25
28800,38.471999999999994,25
28900,38.471999999999994,25
29000,38.471999999999994,25
29100,38.471999999999994,25
29200,38.239999999999995,25
29300,38.232000000000006,25
29400,38.232000000000006,25
29500,37.288,25
29600,37.288,25
29700,37.288,25
29800,37.288,25
29900,37.288,25
30000,37.288,25
30100,37.288,25
30200,37.288,25
30300,37.288,25
30400,37.288,25
30500,37.288,25
30600,37.288,25
30700,37.288,25
30800,37.288,25
30900,37.288,25
31000,37.208000000000006,25
31100,37.208000000000006,25
31200,37.208000000000006,25
31300,37.208000000000006,25
31400,37.208000000000006,25
31500,37.208000000000006,25
31600,37.208000000000006,25
31700,37.208000000000006,25
31800,37.208000000000006,25
31900,37.208000000000006,25
32000,37.208000000000006,25
32100,37.208000000000006,25
32200,37.208000000000006,25
32300,37.208000000000006,25
32400,37.208000000000006,25
32500,37.208000000000006,25
32600,37.208000000000006,25
32700,37.208000000000006,25
32800,37.208000000000006,25
32900,37.208000000000006,25
33000,37.208000000000006,25
33100,37.208000000000006,25
33200,37.208000000000006,25
33300,37.208000000000006,25
33400,37.208000000000006,25
33500,37.208000000000006,25
33600,36.952000000000005,25
33700,36.952000000000005,25
33800,36.952000000000005,25
33900,36.952000000000005,25
34000,36.608,25
34100,36.608,25
34200,36.608,25
34300,36.608,25
34400,36.608,25
34500,36.608,25
34600,36.608,25
34700,36.608,25
34800,36.608,25
34900,36.608,25
35000,36.608,25
35100,36.608,25
35200,36.608,25
35300,36.608,25
35400,36.608,25
35500,36.608,25
35600,36.088,25
35700,36.088,25
35800,36.088,25
35900,36.088,25
36000,36.088,25
36100,36.088,25
36200,35.744,25
36300,35.744,25
36400,35.744,25
36500,35.64800000000001,25
36600,35.64800000000001,25
36700,35.64800000000001,25
36800,35.312,24.8
36900,35.312,24.8
37000,35.312,24.8
37100,35.312,24.8
37200,35.312,24.8
37300,35.312,24.8
37400,35.312,24.8
37500,35.312,24.8
37600,35.312,24.8
37700,35.312,24.8
37800,35.312,24.8
37900,35.312,24.8
38000,35.312,24.8
38100,35.312,24.8
38200,35.312,24.8
38300,35.312,24.8
38400,35.312,24.8
38500,35.312,24.8
38600,35.312,24.8
38700,34.92,24.8
38800,34.92,24.8
38900,34.92,24.8
39000,34.92,24.8
39100,34.92,24.8
39200,34.92,24.8
39300,34.92,24.8
39400,34.92,24.8
39500,34.92,24.8
39600,34.92,24.8
39700,34.92,24.8
39800,34.92,24.8
39900,34.92,24.8
40000,34.92,24.8
40100,34.92,24.8
40200,34.92,24.8
40300,34.92,24.8
40400,34.92,24.8
40500,34.92,24.8
40600,34.92,24.8
40700,34.92,24.8
40800,34.92,24.8
40900,34.92,24.8
41000,34.92,24.8
41100,34.92,24.8
41200,34.92,24.8
41300,34.92,24.8
41400,34.57599999999999,24.8
41500,34.57599999999999,24.8
41600,34.57599999999999,24.8
41700,34.57599999999999,24.8
41800,34.57599999999999,24.8
41900,34.57599999999999,24.8
42000,34.312,24.8
42100,34.312,24.8
42200,34.312,24.8
42300,34.312,24.8
42400,34.312,24.8
42500,34.312,24.8
42600,34.312,24.8
42700,34.312,24.8
42800,34.312,24.8
42900,34.312,24.8
43000,34.312,24.8
43100,34.312,24.8
43200,34.312,24.8
43300,34.312,24.8
43400,34.312,24.8
43500,34.312,24.8
43600,34.312,24.8
43700,34.312,24.8
43800,34.312,24.8
43900,34.312,24.8
44000,34.312,24.8
44100,34.312,24.8
44200,34.312,24.8
44300,34.312,24.8
44400,34.312,24.8
44500,34.312,24.8
44600,34.312,24.8
44700,34.312,24.8
44800,34.312,24.8
44900,34.312,24.8
45000,34.312,24.8
45100,34.312,24.8
45200,34.312,24.8
45300,34.312,24.8
45400,34.312,24.8
45500,34.312,24.8
45600,34.312,24.8
45700,34.312,24.8
45800,34.312,24.8
45900,34.312,24.8
46000,34.312,24.8
46100,34.312,24.8
46200,34.263999999999996,24.6
46300,33.936,24.6
46400,33.936,24.6
46500,33.504000000000005,24.6
46600,33.504000000000005,24.6
46700,33.504000000000005,24.6
46800,33.504000000000005,24.6
46900,33.504000000000005,24.6
47000,33.504000000000005,24.6
47100,33.504000000000005,24.6
47200,33.504000000000005,24.6
47300,33.504000000000005,24.6
47400,33.504000000000005,24.6
47500,33.504000000000005,24.6
47600,33.504000000000005,24.6
47700,33.504000000000005,24.6
47800,33.504000000000005,24.6
47900,33.504000000000005,24.6
48000,33.504000000000005,24.6
48100,33.504000000000005,24.6
48200,33.504000000000005,24.6
48300,33.504000000000005,24.6
48400,33.504000000000005,24.6
48500,33.504000000000005,24.6
48600,33.504000000000005,24.6
48700,33.504000000000005,24.6
48800,33.504000000000005,24.6
48900,33.504000000000005,24.6
49000,33.504000000000005,24.6
49100,33.504000000000005,24.6
49200,33.504000000000005,24.6
49300,33.504000000000005,24.6
49400,33.504000000000005,24.6
49500,33.504000000000005,24.6
49600,33.504000000000005,24.6
49700,33.504000000000005,24.6
49800,33.504000000000005,24.6
49900,33.504000000000005,24.6
50000,33.504000000000005,24.6
50100,33.504000000000005,24.6
50200,33.199999999999996,24.6
50300,33.199999999999996,24.6
50400,33.199999999999996,24.6
50500,33.199999999999996,24.6
50600,33.199999999999996,24.6
50700,33.199999999999996,24.6
50800,33.199999999999996,24.6
50900,33.199999999999996,24.6
51000,33.199999999999996,24.6
51100,33.199999999999996,24.6
51200,33.199999999999996,24.6
51300,33.199999999999996,24.6
51400,33.199999999999996,24.6
51500,33.199999999999996,24.6
51600,33.199999999999996,24.6
51700,33.199999999999996,24.6
51800,33.199999999999996,24.6
51900,33.199999999999996,24.6
52000,33.199999999999996,24.6
52100,33.199999999999996,24.6
52200,33.199999999999996,24.6
52300,33.199999999999996,24.6
52400,33.199999999999996,24.6
52500,33.199999999999996,24.6
52600,33.199999999999996,24.6
52700,33.199999999999996,24.6
52800,33.199999999999996,24.6
52900,33.199999999999996,24.6
53000,33.199999999999996,24.6
53100,33.199999999999996,24.6
53200,33.199999999999996,24.6
53300,33.12,24.6
53400,33.12,24.6
53500,33,24.6
53600,33,24.6
53700,33,24.6
53800,33,24.6
53900,33,24.6
54000,33,24.6
54100,33,24.6
54200,33,24.6
54300,33,24.6
54400,33,24.6
54500,33,24.6
54600,33,24.6
54700,33,24.6
54800,33,24.6
54900,33,24.6
55000,33,24.6
55100,33,24.6
55200,33,24.6
55300,33,24.6
55400,33,24.6
55500,33,24.6
55600,33,24.6
55700,33,24.6
55800,33,24.6
55900,33,24.6
56000,33,24.6
56100,33,24.6
56200,33,24.6
56300,33,24.6
56400,33,24.6
56500,33,24.6
56600,33,24.6
56700,33,24.6
56800,33,24.6
56900,33,24.6
57000,33,24.6
57100,33,24.6
57200,33,24.6
57300,33,24.6
57400,33,24.6
57500,33,24.6
57600,33,24.6
57700,33,24.6
57800,33,24.6
57900,33,24.6
58000,33,24.6
58100,33,24.6
58200,33,24.6
58300,33,24.6
58400,33,24.6
58500,33,24.6
58600,33,24.6
58700,33,24.6
58800,33,24.6
58900,33,24.6
59000,33,24.6
59100,33,24.6
59200,33,24.6
59300,33,24.6
59400,33,24.6
59500,33,24.6
59600,33,24.6
59700,33,24.6
59800,33,24.6
59900,33,24.6
60000,33,24.6
60100,33,24.6
60200,33,24.6
60300,33,24.6
60400,32.672,24.6
60500,32.480000000000004,24.6
60600,32.480000000000004,24.6
60700,32.480000000000004,24.6
60800,32.480000000000004,24.6
60900,32.480000000000004,24.6
61000,32.480000000000004,24.6
61100,32.312,24.4
61200,32.208,24.4
61300,32.208,24.4
61400,32.208,24.4
61500,32.208,24.4
61600,32.208,24.4
61700,31.832,24.4
61800,31.832,24.4
61900,31.832,24.4
62000,31.832,24.4
62100,31.832,24.4
62200,31.832,24.4
62300,31.832,24.4
62400,31.832,24.4
62500,31.832,24.4
62600,31.832,24.4
62700,31.832,24.4
62800,31.832,24.4
62900,31.832,24.4
63000,31.832,24.4
63100,31.832,24.4
63200,31.832,24.4
63300,31.832,24.4
63400,31.832,24.4
63500,31.792,24.4
63600,31.792,24.4
63700,31.792,24.4
63800,31.792,24.4
63900,31.792,24.4
64000,31.792,24.4
64100,31.792,24.4
64200,31.792,24.4
64300,31.792,24.4
64400,31.792,24.4
64500,31.792,24.4
64600,31.792,24.4
64700,31.792,24.4
64800,31.792,24.4
64900,31.792,24.4
65000,31.792,24.4
65100,31.792,24.4
65200,31.792,24.4
65300,31.792,24.4
65400,31.792,24.4
65500,31.792,24.4
65600,31.792,24.4
65700,31.792,24.4
65800,31.792,24.4
65900,31.792,24.4
66000,31.792,24.4
66100,31.792,24.4
66200,31.792,24.4
66300,31.792,24.4
66400,31.792,24.4
66500,31.792,24.4
66600,31.792,24.4
66700,31.792,24.4
66800,31.792,24.4
66900,31.792,24.4
67000,31.792,24.4
67100,31.792,24.4
67200,31.792,24.4
67300,31.792,24.4
67400,31.792,24.4
67500,31.792,24.4
67600,31.792,24.4
67700,31.792,24.4
67800,31.792,24.4
67900,31.792,24.4
68000,31.759999999999998,24.4
68100,31.759999999999998,24.4
68200,31.759999999999998,24.4
68300,31.759999999999998,24.4
68400,31.759999999999998,24.4
68500,31.759999999999998,24.4
68600,31.759999999999998,24.4
68700,31.759999999999998,24.4
68800,31.759999999999998,24.4
68900,31.759999999999998,24.4
69000,31.759999999999998,24.4
69100,31.759999999999998,24.4
69200,31.759999999999998,24.4
69300,31.759999999999998,24.4
69400,31.759999999999998,24.4
69500,31.759999999999998,24.4
69600,31.759999999999998,24.4
69700,31.168,24.4
69800,31.168,24.4
69900,30.607999999999997,24.4
70000,30.607999999999997,24.4
70100,30.607999999999997,24.4
70200,30.607999999999997,24.4
70300,30.607999999999997,24.4
70400,30.607999999999997,24.4
70500,30.607999999999997,24.4
70600,30.607999999999997,24.4
70700,30.607999999999997,24.4
70800,30.607999999999997,24.4
70900,30.607999999999997,24.4
71000,30.512,24.4
71100,30.512,24.4
71200,30.512,24.4
71300,30.512,24.4
71400,30.512,24.4
71500,30.512,24.4
71600,30.512,24.4
71700,30.512,24.4
71800,30.512,24.4
71900,30.512,24.4
72000,30.512,24.4
72100,30.512,24.4
72200,30.512,24.4
72300,30.512,24.4
72400,30.512,24.4
72500,30.512,24.4
72600,30.512,24.4
72700,30.512,24.4
72800,30.512,24.4
72900,30.512,24.4
73000,30.512,24.4
73100,30.512,24.4
73200,30.512,24.4
73300,30.512,24.4
73400,30.512,24.4
73500,30.512,24.4
73600,30.512,24.4
73700,30.512,24.4
73800,30.512,24.4
73900,30.512,24.4
74000,30.512,24.4
74100,30.512,24.4
74200,30.512,24.4
74300,30.512,24.4
74400,30.512,24.4
74500,30.512,24.4
74600,30.512,24.4
74700,30.512,24.4
74800,30.512,24.4
74900,30.512,24.4
75000,30.512,24.4
75100,30.512,24.4
75200,30.512,24.4
75300,30.512,24.4
75400,30.512,24.4
75500,30.512,24.4
75600,30.512,24.4
75700,30.512,24.4
75800,30.512,24.4
75900,30.512,24.4
76000,30.512,24.4
76100,30.512,24.4
76200,30.512,24.4
76300,30.512,24.4
76400,30.512,24.4
76500,30.512,24.4
76600,30.512,24.4
76700,30.512,24.4
76800,30.512,24.4
76900,30.512,24.4
77000,30.512,24.4
77100,30.512,24.4
77200,30.512,24.4
77300,30.512,24.4
77400,30.512,24.4
77500,30.512,24.4
77600,30.512,24.4
77700,30.512,24.4
77800,30.512,24.4
77900,30.512,24.4
78000,30.512,24.4
78100,30.512,24.4
78200,30.512,24.4
78300,30.512,24.4
78400,30.512,24.4
78500,30.512,24.4
78600,30.512,24.4
78700,30.512,24.4
78800,30.512,24.4
78900,30.512,24.4
79000,30.512,24.4
79100,30.512,24.4
79200,30.512,24.4
79300,30.120000000000005,24.4
79400,30.120000000000005,24.4
79500,30.120000000000005,24.4
79600,30.120000000000005,24.4
79700,30.120000000000005,24.4
79800,30.120000000000005,24.4
79900,30.120000000000005,24.4
80000,30.120000000000005,24.4
80100,30.120000000000005,24.4
80200,30.120000000000005,24.4
80300,30.120000000000005,24.4
80400,30.120000000000005,24.4
80500,30.120000000000005,24.4
80600,29.76,24.6
80700,29.76,24.6
80800,29.76,24.6
80900,29.76,24.6
81000,29.76,24.6
81100,29.76,24.6
81200,29.76,24.6
81300,29.76,24.6
81400,29.76,24.6
81500,29.76,24.6
81600,29.76,24.6
81700,29.76,24.6
81800,29.76,24.6
81900,29.76,24.6
82000,29.76,24.6
82100,29.76,24.6
82200,29.76,24.6
82300,29.76,24.6
82400,29.76,24.6
82500,29.76,24.6
82600,29.76,24.6
82700,29.76,24.6
82800,29.76,24.6
82900,29.76,24.6
83000,29.76,24.6
83100,29.76,24.6
83200,29.76,24.6
83300,29.76,24.6
83400,29.76,24.6
83500,29.76,24.6
83600,29.76,24.6
83700,29.76,24.6
83800,29.76,24.6
83900,29.76,24.6
84000,29.76,24.6
84100,29.76,24.6
84200,29.76,24.6
84300,29.76,24.6
84400,29.76,24.6
84500,29.76,24.6
84600,29.76,24.6
84700,29.76,24.6
84800,29.76,24.6
84900,29.76,24.6
85000,29.76,24.6
85100,29.76,24.6
85200,29.76,24.6
85300,29.76,24.6
85400,29.76,24.6
85500,29.76,24.6
85600,29.76,24.6
85700,29.736,24.6
85800,29.127999999999997,24.6
85900,29.127999999999997,24.6
86000,29.127999999999997,24.6
86100,29.127999999999997,24.6
86200,29.127999999999997,24.6
86300,29.127999999999997,24.6
86400,29.127999999999997,24.6
86500,29.127999999999997,24.6
86600,29.127999999999997,24.6
86700,29.127999999999997,24.6
86800,29.127999999999997,24.6
86900,29.127999999999997,24.6
87000,29.127999999999997,24.6
87100,29.127999999999997,24.6
87200,29.127999999999997,24.6
87300,29.127999999999997,24.6
87400,29.127999999999997,24.6
87500,29.127999999999997,24.6
87600,29.127999999999997,24.6
87700,29.127999999999997,24.6
87800,29.127999999999997,24.6
87900,29.127999999999997,24.6
88000,29.127999999999997,24.6
88100,29.127999999999997,24.6
88200,29.127999999999997,24.6
88300,29.127999999999997,24.6
88400,29.127999999999997,24.6
88500,29.127999999999997,24.6
88600,29.127999999999997,24.6
88700,29.127999999999997,24.6
88800,29.127999999999997,24.6
88900,29.127999999999997,24.6
89000,29.127999999999997,24.6
89100,29.127999999999997,24.6
89200,29.127999999999997,24.6
89300,29.127999999999997,24.6
89400,29.127999999999997,24.6
89500,29.127999999999997,24.6
89600,29.127999999999997,24.6
89700,29.127999999999997,24.6
89800,29.127999999999997,24.6
89900,29.127999999999997,24.6
90000,29.127999999999997,24.6
90100,29.127999999999997,24.6
90200,29.127999999999997,24.6
90300,29.127999999999997,24.6
90400,29.127999999999997,24.6
90500,29.127999999999997,24.6
90600,29.127999999999997,24.6
90700,29.127999999999997,24.6
90800,29.127999999999997,24.6
90900,29.127999999999997,24.6
91000,29.127999999999997,24.6
91100,29.127999999999997,24.6
91200,29.127999999999997,24.6
91300,29.127999999999997,24.6
91400,29.127999999999997,24.6
91500,29.127999999999997,24.6
91600,29.127999999999997,24.6
91700,29.127999999999997,24.6
91800,29.127999999999997,24.6
91900,29.127999999999997,24.6
92000,29.127999999999997,24.6
92100,29.127999999999997,24.6
92200,29.127999999999997,24.6
92300,29.127999999999997,24.6
92400,29.127999999999997,24.6
92500,29.127999999999997,24.6
92600,29.127999999999997,24.6
92700,29.127999999999997,24.6
92800,29.127999999999997,24.6
92900,29.127999999999997,24.6
93000,29.127999999999997,24.6
93100,29.127999999999997,24.6
93200,29.127999999999997,24.6
93300,29.127999999999997,24.6
93400,29.127999999999997,24.6
93500,29.127999999999997,24.6
93600,29.127999999999997,24.6
93700,29.127999999999997,24.6
93800,29.127999999999997,24.6
93900,29.127999999999997,24.6
94000,29.127999999999997,24.6
94100,29.127999999999997,24.6
94200,29.127999999999997,24.6
94300,29.127999999999997,24.6
94400,29.127999999999997,24.6
94500,29.127999999999997,24.6
94600,29.127999999999997,24.6
94700,29.127999999999997,24.6
94800,29.127999999999997,24.6
94900,29.127999999999997,24.6
95000,29.127999999999997,24.6
95100,29.127999999999997,24.6
95200,29.127999999999997,24.6
95300,28.815999999999995,24.6
95400,28.815999999999995,24.6
95500,28.815999999999995,24.6
95600,28.815999999999995,24.6
95700,28.815999999999995,24.6
95800,28.815999999999995,24.6
95900,28.815999999999995,24.6
96000,28.815999999999995,24.6
96100,28.815999999999995,24.6
96200,28.815999999999995,24.6
96300,28.815999999999995,24.6
96400,28.815999999999995,24.6
96500,28.815999999999995,24.6
96600,28.815999999999995,24.6
96700,28.815999999999995,24.6
96800,28.815999999999995,24.6
96900,28.815999999999995,24.6
97000,28.815999999999995,24.6
97100,28.744,24.6
97200,28.744,24.6
97300,28.744,24.6
97400,28.744,24.6
97500,28.744,24.6
97600,28.744,24.6
97700,28.744,24.6
97800,28.744,24.6
97900,28.744,24.6
98000,28.744,24.6
98100,28.744,24.6
98200,28.744,24.6
98300,28.744,24.6
98400,28.744,24.6
98500,28.744,24.6
98600,28.744,24.6
98700,28.744,24.6
98800,28.744,24.6
98900,28.744,24.6
99000,28.744,24.6
99100,28.744,24.6
99200,28.744,24.6
99300,28.744,24.6
99400,28.744,24.6
99500,28.744,24.6
99600,28.744,24.6
99700,28.744,24.6
99800,28.744,24.6
99900,28.744,24.6
100000,28.744,24.6
100100,28.744,24.6
100200,28.744,24.6
100300,28.744,24.6
100400,28.744,24.6
100500,28.744,24.6
100600,28.744,24.6
100700,28.744,24.6
100800,28.744,24.6
100900,28.744,24.6
101000,28.744,24.6
101100,28.744,24.6
101200,28.744,24.6
101300,28.744,24.6
101400,28.744,24.6
101500,28.744,24.6
101600,28.744,24.6
101700,28.744,24.6
101800,28.744,24.6
101900,28.744,24.6
102000,28.328000000000003,24.6
102100,28.328000000000003,24.6
102200,28.328000000000003,24.6
102300,28.328000000000003,24.6
102400,28.328000000000003,24.6
102500,28.328000000000003,24.6
102600,28.328000000000003,24.6
102700,28.328000000000003,24.6
102800,28.328000000000003,24.6
102900,28.328000000000003,24.6
103000,28.328000000000003,24.6
103100,28.328000000000003,24.6
103200,28.328000000000003,24.6
103300,28.328000000000003,24.6
103400,28.328000000000003,24.6
103500,28.328000000000003,24.6
103600,28.328000000000003,24.6
103700,28.328000000000003,24.6
103800,28.328000000000003,24.6
103900,28.328000000000003,24.6
104000,28.328000000000003,24.6
104100,28.328000000000003,24.6
104200,28.048000000000002,24.6
104300,28.048000000000002,24.6
104400,28.048000000000002,24.6
104500,28.048000000000002,24.6
104600,28.048000000000002,24.6
104700,28.048000000000002,24.6
104800,28.048000000000002,24.6
104900,28.048000000000002,24.6
105000,28.048000000000002,24.6
105100,28.048000000000002,24.6
105200,28.048000000000002,24.6
105300,28.048000000000002,24.6
105400,28.048000000000002,24.6
105500,28.048000000000002,24.6
105600,28.048000000000002,24.6
105700,28.048000000000002,24.6
105800,28.048000000000002,24.6
105900,28.048000000000002,24.6
106000,28.048000000000002,24.6
106100,28.048000000000002,24.6
106200,28.048000000000002,24.6
106300,28.048000000000002,24.6
106400,27.52,24.6
106500,27.52,24.6
106600,27.52,24.6
106700,27.52,24.6
106800,27.52,24.6
106900,27.52,24.6
107000,27.52,24.6
107100,27.52,24.6
107200,27.52,24.6
107300,27.52,24.6
107400,27.52,24.6
107500,27.52,24.6
107600,26.815999999999995,24.6
107700,26.815999999999995,24.6
107800,26.815999999999995,24.6
107900,26.815999999999995,24.6
108000,26.815999999999995,24.6
108100,26.815999999999995,24.6
108200,26.815999999999995,24.6
108300,26.815999999999995,24.6
108400,26.815999999999995,24.6
108500,26.815999999999995,24.6
108600,26.815999999999995,24.6
108700,26.815999999999995,24.6
108800,26.815999999999995,24.6
108900,26.815999999999995,24.6
109000,26.815999999999995,24.6
109100,26.815999999999995,24.6
109200,26.815999999999995,24.6
109300,25.815999999999995,24.6
109400,25.815999999999995,24.6
109500,25.815999999999995,24.6
109600,25.815999999999995,24.6
109700,25.815999999999995,24.6
109800,25.815999999999995,24.6
109900,25.815999999999995,24.6
110000,25.815999999999995,24.6
110100,25.815999999999995,24.6
110200,25.815999999999995,24.6
110300,25.815999999999995,24.6
110400,25.815999999999995,24.6
110500,25.815999999999995,24.6
110600,25.815999999999995,24.6
110700,25.815999999999995,24.6
110800,25.815999999999995,24.6
110900,25.815999999999995,24.6
111000,25.815999999999995,24.6
111100,25.815999999999995,24.6
111200,25.815999999999995,24.6
111300,25.815999999999995,24.6
111400,25.815999999999995,24.6
111500,25.815999999999995,24.6
111600,25.815999999999995,24.6
111700,25.815999999999995,24.6
111800,25.815999999999995,24.6
111900,25.815999999999995,24.6
112000,25.815999999999995,24.6
112100,25.815999999999995,24.6
112200,25.815999999999995,24.6
112300,25.815999999999995,24.6
112400,25.815999999999995,24.6
112500,25.815999999999995,24.6
112600,25.815999999999995,24.6
112700,25.815999999999995,24.6
112800,25.815999999999995,24.6
112900,25.815999999999995,24.6
113000,25.815999999999995,24.6
113100,25.815999999999995,24.6
113200,25.815999999999995,24.6
113300,25.815999999999995,24.6
113400,25.815999999999995,24.6
113500,25.815999999999995,24.6
113600,25.720000000000006,24.8
113700,25.720000000000006,24.8
113800,25.720000000000006,24.8
113900,25.720000000000006,24.8
114000,25.720000000000006,24.8
114100,25.720000000000006,24.8
114200,25.720000000000006,24.8
114300,25.720000000000006,24.8
114400,25.720000000000006,24.8
114500,25.720000000000006,24.8
114600,25.720000000000006,24.8
114700,25.720000000000006,24.8
114800,25.720000000000006,24.8
114900,25.720000000000006,24.8
115000,25.720000000000006,24.8
115100,25.720000000000006,24.8
115200,25.720000000000006,24.8
115300,25.720000000000006,24.8
115400,25.720000000000006,24.8
115500,25.720000000000006,24.8
115600,25.720000000000006,24.8
115700,25.720000000000006,24.8
115800,25.720000000000006,24.8
115900,25.720000000000006,24.8
116000,25.720000000000006,24.8
116100,25.720000000000006,24.8
116200,25.720000000000006,24.8
116300,25.720000000000006,24.8
116400,25.720000000000006,24.8
116500,25.720000000000006,24.8
116600,25.720000000000006,24.8
116700,25.720000000000006,24.8
116800,25.720000000000006,24.8
116900,25.720000000000006,24.8
117000,25.720000000000006,24.8
117100,25.720000000000006,24.8
117200,25.720000000000006,24.8
117300,25.720000000000006,24.8
117400,25.720000000000006,24.8
117500,25.720000000000006,24.8
117600,25.720000000000006,24.8
117700,25.720000000000006,24.8
117800,25.720000000000006,24.8
117900,25.720000000000006,24.8
118000,25.720000000000006,24.8
118100,25.720000000000006,24.8
118200,25.720000000000006,24.8
118300,25.720000000000006,24.8
118400,25.720000000000006,24.8
118500,25.720000000000006,24.8
118600,25.720000000000006,24.8
118700,25.720000000000006,24.8
118800,25.720000000000006,24.8
118900,25.720000000000006,24.8
119000,25.720000000000006,24.8
119100,25.720000000000006,24.8
119200,25.032000000000004,24.8
119300,25.032000000000004,24.8
119400,25.032000000000004,24.8
119500,25.032000000000004,24.8
119600,25.032000000000004,24.8
119700,25.032000000000004,24.8
119800,25.032000000000004,24.8
119900,25.032000000000004,24.8
120000,25.032000000000004,24.8
120100,25.032000000000004,24.8
120200,25.032000000000004,24.8
120300,25.032000000000004,24.8
120400,25.032000000000004,24.8
120500,25.032000000000004,24.8
120600,25.032000000000004,24.8
120700,25.032000000000004,24.8
120800,25.032000000000004,24.8
120900,25.032000000000004,24.8
121000,25.032000000000004,24.8
121100,25.032000000000004,24.8
121200,25.032000000000004,24.8
121300,25.032000000000004,24.8
121400,25.032000000000004,24.8
121500,25.032000000000004,24.8
121600,25.032000000000004,24.8
121700,25.032000000000004,24.8
121800,25.032000000000004,24.8
121900,25.032000000000004,24.8
122000,25.032000000000004,24.8
122100,25.032000000000004,24.8
122200,25.032000000000004,24.8
122300,25.032000000000004,24.8
122400,25.032000000000004,24.8
122500,25.032000000000004,24.8
122600,25.032000000000004,24.8
122700,25.032000000000004,24.8
122800,25.032000000000004,24.8
122900,25.032000000000004,24.8
123000,25.032000000000004,24.8
123100,25.032000000000004,24.8
123200,25.032000000000004,24.8
123300,25.032000000000004,24.8
123400,25.032000000000004,24.8
123500,25.032000000000004,24.8
123600,25.032000000000004,24.8
123700,25.032000000000004,24.8
123800,25.032000000000004,24.8
123900,25.032000000000004,24.8
124000,25.032000000000004,24.8
124100,25.032000000000004,24.8
124200,25.032000000000004,24.8
124300,25.032000000000004,24.8
124400,25.032000000000004,24.8
124500,25.032000000000004,24.8
124600,25.032000000000004,24.8
124700,25.032000000000004,24.8
124800,25.032000000000004,24.8
124900,25.032000000000004,24.8
125000,25.032000000000004,24.8
125100,25.032000000000004,24.8
125200,25.032000000000004,24.8
125300,25.032000000000004,24.8
125400,25.032000000000004,24.8
125500,25.032000000000004,24.8
125600,25.032000000000004,24.8
125700,25.032000000000004,24.8
125800,25.032000000000004,24.8
125900,25.032000000000004,24.8
126000,25.032000000000004,24.8
126100,25.032000000000004,24.8
126200,25.032000000000004,24.8
126300,25.032000000000004,24.8
126400,25.032000000000004,24.8
126500,25.032000000000004,24.8
126600,25.032000000000004,24.8
126700,25.032000000000004,24.8
126800,25.032000000000004,24.8
126900,25.032000000000004,24.8
127000,25.032000000000004,24.8
127100,25.032000000000004,24.8
127200,25.032000000000004,24.8
127300,25.032000000000004,24.8
127400,25.032000000000004,24.8
127500,25.032000000000004,24.8
127600,25.032000000000004,24.8
127700,25.032000000000004,24.8
127800,25.032000000000004,24.8
127900,25.032000000000004,24.8
128000,25.032000000000004,24.8
128100,25.032000000000004,24.8
128200,25.032000000000004,24.8
128300,25.032000000000004,24.8
128400,25.032000000000004,24.8
128500,25.032000000000004,24.8
128600,25.032000000000004,24.8
128700,25.032000000000004,24.8
128800,25.032000000000004,24.8
128900,25.032000000000004,24.8
129000,25.032000000000004,24.8
129100,25.032000000000004,24.8
129200,25.032000000000004,24.8
129300,25.032000000000004,24.8
129400,25.032000000000004,24.8
129500,25.032000000000004,24.8
129600,25.032000000000004,24.8
129700,25.032000000000004,24.8
129800,25.032000000000004,24.8
129900,25.032000000000004,24.8
130000,25.032000000000004,24.8
130100,25.032000000000004,24.8
130200,25.032000000000004,24.8
130300,25.032000000000004,24.8
130400,25.032000000000004,24.8
130500,25.032000000000004,24.8
130600,25.032000000000004,24.8
130700,25.032000000000004,24.8
130800,25.032000000000004,24.8
130900,25.032000000000004,24.8
131000,25.032000000000004,24.8
131100,25.032000000000004,24.8
131200,25.032000000000004,24.8
131300,25.032000000000004,24.8
131400,25.032000000000004,24.8
131500,25.032000000000004,24.8
131600,25.032000000000004,24.8
131700,25.032000000000004,24.8
131800,25.032000000000004,24.8
131900,25.032000000000004,24.8
132000,25.032000000000004,24.8
132100,25.032000000000004,24.8
132200,25.032000000000004,24.8
132300,25.032000000000004,24.8
132400,25.032000000000004,24.8
132500,25.032000000000004,24.8
132600,25.032000000000004,24.8
132700,25.032000000000004,24.8
132800,25.032000000000004,24.8
132900,25.032000000000004,24.8
133000,25.032000000000004,24.8
133100,25.032000000000004,24.8
133200,25.032000000000004,24.8
133300,25.032000000000004,24.8
133400,25.032000000000004,24.8
133500,24.695999999999998,24.8
133600,24.695999999999998,24.8
133700,24.695999999999998,24.8
133800,24.695999999999998,24.8
133900,24.695999999999998,24.8
134000,24.695999999999998,24.8
134100,24.695999999999998,24.8
134200,24.695999999999998,24.8
134300,24.695999999999998,24.8
134400,24.695999999999998,24.8
134500,24.695999999999998,24.8
134600,24.695999999999998,24.8
134700,24.695999999999998,24.8
134800,24.695999999999998,24.8
134900,24.695999999999998,24.8
135000,24.695999999999998,24.8
135100,24.695999999999998,24.8
135200,24.695999999999998,24.8
135300,24.695999999999998,24.8
135400,24.695999999999998,24.8
135500,24.695999999999998,24.8
135600,24.695999999999998,24.8
135700,24.695999999999998,24.8
135800,24.695999999999998,24.8
135900,24.695999999999998,24.8
136000,24.695999999999998,24.8
136100,24.695999999999998,24.8
136200,24.695999999999998,24.8
136300,24.695999999999998,24.8
136400,24.695999999999998,24.8
136500,24.695999999999998,24.8
136600,24.695999999999998,24.8
136700,24.695999999999998,24.8
136800,24.695999999999998,24.8
136900,24.695999999999998,24.8
137000,24.695999999999998,24.8
137100,24.695999999999998,24.8
137200,24.695999999999998,24.8
137300,24.695999999999998,24.8
137400,24.695999999999998,24.8
137500,24.695999999999998,24.8
137600,24.695999999999998,24.8
137700,24.695999999999998,24.8
137800,24.695999999999998,24.8
137900,24.695999999999998,24.8
138000,24.695999999999998,24.8
138100,24.695999999999998,24.8
138200,24.695999999999998,24.8
138300,24.695999999999998,24.8
138400,24.695999999999998,24.8
138500,24.695999999999998,24.8
138600,24.695999999999998,24.8
138700,24.695999999999998,24.8
138800,24.695999999999998,24.8
138900,24.695999999999998,24.8
139000,24.695999999999998,24.8
139100,24.695999999999998,24.8
139200,24.695999999999998,24.8
139300,24.695999999999998,24.8
139400,24.695999999999998,24.8
139500,24.695999999999998,24.8
139600,24.695999999999998,24.8
139700,24.695999999999998,24.8
139800,24.695999999999998,24.8
139900,24.695999999999998,24.8
140000,24.695999999999998,24.8
140100,24.695999999999998,24.8
140200,24.695999999999998,24.8
140300,24.695999999999998,24.8
140400,24.695999999999998,24.8
140500,24.695999999999998,24.8
140600,24.695999999999998,24.8
140700,24.695999999999998,24.8
140800,24.695999999999998,24.8
140900,24.695999999999998,24.8
141000,24.695999999999998,24.8
141100,24.695999999999998,24.8
141200,24.695999999999998,24.8
141300,24.695999999999998,24.8
141400,24.695999999999998,24.8
141500,24.695999999999998,24.8
141600,24.695999999999998,24.8
141700,24.695999999999998,24.8
141800,24.695999999999998,24.8
141900,24.695999999999998,24.8
142000,24.695999999999998,24.8
142100,24.695999999999998,24.8
142200,24.695999999999998,24.8
142300,24.695999999999998,24.8
142400,24.695999999999998,24.8
142500,24.695999999999998,24.8
142600,24.695999999999998,24.8
142700,24.695999999999998,24.8
142800,24.695999999999998,24.8
142900,24.695999999999998,24.8
143000,24.695999999999998,24.8
143100,24.695999999999998,24.8
143200,24.695999999999998,24.8
143300,24.695999999999998,24.8
143400,24.695999999999998,24.8
143500,24.695999999999998,24.8
143600,24.695999999999998,24.8
143700,24.695999999999998,24.8
143800,24.695999999999998,24.8
143900,24.695999999999998,24.8
144000,24.695999999999998,24.8
144100,24.695999999999998,24.8
144200,24.695999999999998,24.8
144300,24.695999999999998,24.8
144400,24.695999999999998,24.8
144500,24.695999999999998,24.8
144600,24.695999999999998,24.8
144700,24.695999999999998,24.8
144800,24.695999999999998,24.8
144900,24.695999999999998,24.8
145000,24.695999999999998,24.8
145100,24.695999999999998,24.8
145200,24.695999999999998,24.8
145300,24.695999999999998,24.8
145400,24.695999999999998,24.8
145500,24.695999999999998,24.8
145600,24.695999999999998,24.8
145700,24.695999999999998,24.8
145800,24.695999999999998,24.8
145900,24.695999999999998,24.8
146000,24.695999999999998,24.8
146100,24.695999999999998,24.8
146200,24.695999999999998,24.8
146300,24.695999999999998,24.8
146400,24.695999999999998,24.8
146500,24.695999999999998,24.8
146600,24.695999999999998,24.8
146700,24.695999999999998,24.8
146800,24.695999999999998,24.8
146900,24.695999999999998,24.8
147000,24.695999999999998,24.8
147100,24.695999999999998,24.8
147200,24.695999999999998,24.8
147300,24.695999999999998,24.8
147400,24.695999999999998,24.8
147500,24.695999999999998,24.8
147600,24.695999999999998,24.8
147700,24.695999999999998,24.8
147800,24.695999999999998,24.8
147900,24.695999999999998,24.8
148000,24.695999999999998,24.8
148100,24.695999999999998,24.8
148200,24.695999999999998,24.8
148300,24.695999999999998,24.8
148400,24.695999999999998,24.8
148500,24.695999999999998,24.8
148600,24.695999999999998,24.8
148700,24.695999999999998,24.8
148800,24.695999999999998,24.8
148900,24.695999999999998,24.8
149000,24.695999999999998,24.8
149100,24.695999999999998,24.8
149200,24.695999999999998,24.8
149300,24.695999999999998,24.8
149400,24.695999999999998,24.8
149500,24.695999999999998,24.8
149600,24.695999999999998,24.8
149700,24.695999999999998,24.8
149800,24.695999999999998,24.8
149900,24.695999999999998,24.8
150000,24.695999999999998,24.8
150100,24.695999999999998,24.8
150200,24.695999999999998,24.8
150300,24.695999999999998,24.8
150400,24.695999999999998,24.8
150500,24.695999999999998,24.8
150600,24.695999999999998,24.8
150700,24.695999999999998,24.8
150800,24.695999999999998,24.8
150900,24.695999999999998,24.8
151000,24.695999999999998,24.8
151100,24.695999999999998,24.8
151200,24.695999999999998,24.8
151300,24.695999999999998,24.8
151400,24.695999999999998,24.8
151500,24.695999999999998,24.8
151600,24.695999999999998,24.8
151700,24.695999999999998,24.8
151800,24.695999999999998,24.8
151900,24.695999999999998,24.8
152000,24.695999999999998,24.8
152100,24.695999999999998,24.8
152200,24.695999999999998,24.8
152300,24.695999999999998,24.8
152400,24.695999999999998,24.8
152500,24.695999999999998,24.8
152600,24.695999999999998,24.8
152700,24.695999999999998,24.8
152800,24.695999999999998,24.8
152900,24.695999999999998,24.8
153000,24.695999999999998,24.8
153100,24.695999999999998,24.8
153200,24.695999999999998,24.8
153300,24.695999999999998,24.8
153400,24.695999999999998,24.8
153500,24.695999999999998,24.8
153600,24.695999999999998,24.8
153700,24.695999999999998,24.8
153800,24.695999999999998,24.8
153900,24.695999999999998,24.8
154000,24.695999999999998,24.8
154100,24.695999999999998,24.8
154200,24.695999999999998,24.8
154300,24.695999999999998,24.8
154400,24.695999999999998,24.8
154500,24.695999999999998,24.8
154600,24.695999999999998,24.8
154700,24.695999999999998,24.8
154800,24.695999999999998,24.8
154900,24.695999999999998,24.8
155000,24.695999999999998,24.8
155100,24.695999999999998,24.8
155200,24.695999999999998,24.8
155300,24.695999999999998,24.8
155400,24.695999999999998,24.8
155500,24.695999999999998,24.8
155600,24.695999999999998,24.8
155700,24.695999999999998,24.8
155800,24.695999999999998,24.8
155900,24.695999999999998,24.8
156000,24.695999999999998,24.8
156100,24.695999999999998,24.8
156200,24.695999999999998,24.8
156300,24.695999999999998,24.8
156400,24.695999999999998,24.8
156500,24.695999999999998,24.8
156600,24.695999999999998,24.8
156700,24.695999999999998,24.8
156800,24.695999999999998,24.8
156900,24.695999999999998,24.8
157000,24.695999999999998,24.8
157100,24.695999999999998,24.8
157200,24.695999999999998,24.8
157300,24.695999999999998,24.8
157400,24.695999999999998,24.8
157500,24.695999999999998,24.8
157600,24.695999999999998,24.8
157700,24.695999999999998,24.8
157800,24.695999999999998,24.8
157900,24.695999999999998,24.8
158000,24.695999999999998,24.8
158100,24.576,24.8
158200,24.576,24.8
158300,24.576,24.8
158400,24.576,24.8
158500,24.576,24.8
158600,24.576,24.8
158700,24.576,24.8
158800,24.576,24.8
158900,24.576,24.8
159000,24.576,24.8
159100,24.576,24.8
159200,24.576,24.8
159300,24.576,24.8
159400,24.576,24.8
159500,24.576,24.8
159600,24.576,24.8
159700,24.576,24.8
159800,24.576,24.8
159900,24.576,24.8
160000,24.576,24.8
160100,24.576,24.8
160200,24.576,24.8
160300,24.576,24.8
160400,24.576,24.8
160500,24.576,24.8
160600,24.576,24.8
160700,24.576,24.8
160800,24.576,24.8
160900,24.576,24.8
161000,24.576,24.8
161100,24.576,24.8
161200,24.576,24.8
161300,24.576,24.8
161400,24.576,24.8
161500,24.576,24.8
161600,24.576,24.8
161700,24.576,24.8
161800,24.576,24.8
161900,24.576,24.8
162000,24.576,24.8
162100,24.576,24.8
162200,24.576,24.8
162300,24.576,24.8
162400,24.576,24.8
162500,24.576,24.8
162600,24.576,24.8
162700,24.576,24.8
162800,24.576,24.8
162900,24.576,24.8
163000,24.576,24.8
163100,24.576,24.8
163200,24.576,24.8
163300,24.576,24.8
163400,24.576,24.8
163500,24.576,24.8
163600,24.576,24.8
163700,24.576,24.8
163800,24.576,24.8
163900,24.576,24.8
164000,24.576,24.8
164100,24.576,24.8
164200,24.576,24.8
164300,24.576,24.8
164400,24.576,24.8
164500,24.576,24.8
164600,24.576,24.8
164700,24.576,24.8
164800,24.576,24.8
164900,24.576,24.8
165000,24.576,24.8
165100,24.576,24.8
165200,24.576,24.8
165300,24.576,24.8
165400,24.576,24.8
165500,24.576,24.8
165600,24.576,24.8
165700,24.576,24.8
165800,24.576,24.8
165900,24.576,24.8
166000,24.576,24.8
166100,24.576,24.8
166200,24.576,24.8
166300,24.576,24.8
166400,24.576,24.8
166500,24.576,24.8
166600,24.576,24.8
166700,24.576,24.8
166800,24.576,24.8
166900,24.576,24.8
167000,24.576,24.8
167100,24.576,24.8
167200,24.576,24.8
167300,24.576,24.8
167400,24.576,24.8
167500,24.576,24.8
167600,24.576,24.8
167700,24.576,24.8
167800,24.576,24.8
167900,24.576,24.8
168000,24.576,24.8
168100,24.576,24.8
168200,24.576,24.8
168300,24.576,24.8
168400,24.576,24.8
168500,24.576,24.8
168600,24.576,24.8
168700,24.576,24.8
168800,24.576,24.8
168900,24.576,24.8
169000,24.576,24.8
169100,24.576,24.8
169200,24.576,24.8
169300,24.576,24.8
169400,24.576,24.8
169500,24.576,24.8
169600,24.576,24.8
169700,24.576,24.8
169800,24.576,24.8
169900,24.576,24.8
170000,24.576,24.8
170100,24.576,24.8
170200,24.576,24.8
170300,24.576,24.8
170400,24.576,24.8
170500,24.576,24.8
170600,24.576,24.8
170700,24.576,24.8
170800,24.576,24.8
170900,24.576,24.8
171000,24.576,24.8
171100,24.576,24.8
171200,24.576,24.8
171300,24.576,24.8
171400,24.576,24.8
171500,24.576,24.8
171600,24.576,24.8
171700,24.576,24.8
171800,24.576,24.8
171900,24.576,24.8
172000,24.576,24.8
172100,24.576,24.8
172200,24.576,24.8
172300,24.576,24.8
172400,24.576,24.8
172500,24.576,24.8
172600,24.576,24.8
172700,24.576,24.8
172800,24.576,24.8
172900,24.576,24.8
173000,24.576,24.8
173100,24.576,24.8
173200,24.576,24.8
173300,24.576,24.8
173400,24.576,24.8
173500,24.576,24.8
173600,24.576,24.8
173700,24.576,24.8
173800,24.576,24.8
173900,24.576,24.8
174000,24.576,24.8
174100,24.576,24.8
174200,24.576,24.8
174300,24.576,24.8
174400,24.576,24.8
174500,24.576,24.8
174600,24.576,24.8
174700,24.576,24.8
174800,24.576,24.8
174900,24.576,24.8
175000,24.576,24.8
175100,24.576,24.8
175200,24.576,24.8
175300,24.576,24.8
175400,24.576,24.8
175500,24.576,24.8
175600,24.576,24.8
175700,24.576,24.8
175800,24.576,24.8
175900,24.576,24.8
176000,24.576,24.8
176100,24.576,24.8
176200,24.576,24.8
176300,24.576,24.8
176400,24.576,24.8
176500,24.576,24.8
176600,24.576,24.8
176700,24.576,24.8
176800,24.576,24.8
176900,24.576,24.8
177000,24.576,24.8
177100,24.576,24.8
177200,24.576,24.8
177300,24.576,24.8
177400,24.576,24.8
177500,24.576,24.8
177600,24.576,24.8
177700,24.576,24.8
177800,24.576,24.8
177900,24.576,24.8
178000,24.576,24.8
178100,24.576,24.8
178200,24.576,24.8
178300,24.576,24.8
178400,24.576,24.8
178500,24.472,24.8
178600,24.472,24.8
178700,24.472,24.8
178800,24.472,24.8
178900,24.472,24.8
179000,24.472,24.8
179100,24.472,24.8
179200,24.472,24.8
179300,24.472,24.8
179400,24.472,24.8
179500,24.472,24.8
179600,24.368000000000002,24.8
179700,24.368000000000002,24.8
179800,24.368000000000002,24.8
179900,24.368000000000002,24.8
180000,24.368000000000002,24.8
180100,24.368000000000002,24.8
180200,24.368000000000002,24.8
180300,24.368000000000002,24.8
180400,24.368000000000002,24.8
180500,24.368000000000002,24.8
180600,24.368000000000002,24.8
180700,24.368000000000002,24.8
180800,24.368000000000002,24.8
180900,24.368000000000002,24.8
181000,24.368000000000002,24.8
181100,24.368000000000002,24.8
181200,24.368000000000002,24.8
181300,24.368000000000002,24.8
181400,24.368000000000002,24.8
181500,24.368000000000002,24.8
181600,24.368000000000002,24.8
181700,24.368000000000002,24.8
181800,24.368000000000002,24.8
181900,24.368000000000002,24.8
182000,24.368000000000002,24.8
182100,24.368000000000002,24.8
182200,24.368000000000002,24.8
182300,24.368000000000002,24.8
182400,24.368000000000002,24.8
182500,24.368000000000002,24.8
182600,24.368000000000002,24.8
182700,24.368000000000002,24.8
182800,24.368000000000002,24.8
182900,24.368000000000002,24.8
183000,24.368000000000002,24.8
183100,24.368000000000002,24.8
183200,24.368000000000002,24.8
183300,24.368000000000002,24.8
183400,24.368000000000002,24.8
183500,24.368000000000002,24.8
183600,24.368000000000002,24.8
183700,24.368000000000002,24.8
183800,24.368000000000002,24.8
183900,24.368000000000002,24.8
184000,24.368000000000002,24.8
184100,24.368000000000002,24.8
184200,24.368000000000002,24.8
184300,24.368000000000002,24.8
184400,24.368000000000002,24.8
184500,24.368000000000002,24.8
184600,24.368000000000002,24.8
184700,24.368000000000002,24.8
184800,24.368000000000002,24.8
184900,24.368000000000002,24.8
185000,24.368000000000002,24.8
185100,24.368000000000002,24.8
185200,24.368000000000002,24.8
185300,24.368000000000002,24.8
185400,24.368000000000002,24.8
185500,24.368000000000002,24.8
185600,24.368000000000002,24.8
185700,24.368000000000002,24.8
185800,24.368000000000002,24.8
185900,24.368000000000002,24.8
186000,24.368000000000002,24.8
186100,24.368000000000002,24.8
186200,24.368000000000002,24.8
186300,24.368000000000002,24.8
186400,24.368000000000002,24.8
186500,24.368000000000002,24.8
186600,24.264,24.8
186700,24.264,24.8
186800,24.264,24.8
186900,24.264,24.8
187000,24.264,24.8
187100,24.264,24.8
187200,24.264,24.8
187300,24.264,24.8
187400,24.264,24.8
187500,24.264,24.8
187600,24.264,24.8
187700,24.264,24.8
187800,24.264,24.8
187900,24.264,24.8
188000,24.264,24.8
188100,24.264,24.8
188200,24.264,24.8
188300,24.264,24.8
188400,24.264,24.8
188500,24.264,24.8
188600,24.264,24.8
188700,24.264,24.8
188800,24.048,24.6
188900,24.048,24.6
189000,24.048,24.6
189100,24.048,24.6
189200,23.936,24.6
189300,23.936,24.6
189400,23.936,24.6
189500,23.936,24.6
189600,23.936,24.6
189700,23.936,24.6
189800,23.936,24.6
189900,23.936,24.6
190000,23.936,24.6
190100,23.936,24.6
190200,23.936,24.6
190300,23.936,24.6
190400,23.936,24.6
190500,23.936,24.6
190600,23.936,24.6
190700,23.936,24.6
190800,23.936,24.6
190900,23.936,24.6
191000,23.936,24.6
191100,23.936,24.6
191200,23.936,24.6
191300,23.936,24.6
191400,23.936,24.6
191500,23.936,24.6
191600,23.936,24.6
191700,23.936,24.6
191800,23.936,24.6
191900,23.936,24.6
192000,23.936,24.6
192100,23.936,24.6
192200,23.936,24.6
192300,23.936,24.6
192400,23.936,24.6
192500,23.936,24.6
192600,23.936,24.6
192700,23.936,24.6
192800,23.936,24.6
192900,23.936,24.6
193000,23.936,24.6
193100,23.936,24.6
193200,23.936,24.6
193300,23.936,24.6
193400,23.936,24.6
193500,23.936,24.6
193600,23.936,24.6
193700,23.936,24.6
193800,23.936,24.6
193900,23.936,24.6
194000,23.936,24.6
194100,23.936,24.6
194200,23.936,24.6
194300,23.936,24.6
194400,23.936,24.6
194500,23.848000000000003,24.6
194600,23.848000000000003,24.6
194700,23.848000000000003,24.6
194800,23.848000000000003,24.6
194900,23.848000000000003,24.6
195000,23.848000000000003,24.6
195100,23.848000000000003,24.6
195200,23.848000000000003,24.6
195300,23.848000000000003,24.6
195400,23.848000000000003,24.6
195500,23.848000000000003,24.6
195600,23.848000000000003,24.6
195700,23.711999999999996,24.4
195800,23.711999999999996,24.4
195900,23.711999999999996,24.4
196000,23.711999999999996,24.4
196100,23.711999999999996,24.4
196200,23.711999999999996,24.4
196300,23.711999999999996,24.4
196400,23.711999999999996,24.4
196500,23.711999999999996,24.4
196600,23.711999999999996,24.4
196700,23.711999999999996,24.4
196800,23.711999999999996,24.4
196900,23.711999999999996,24.4
197000,23.711999999999996,24.4
197100,23.711999999999996,24.4
197200,23.711999999999996,24.4
197300,23.711999999999996,24.4
197400,23.711999999999996,24.4
197500,23.711999999999996,24.4
197600,23.711999999999996,24.4
197700,23.711999999999996,24.4
197800,23.711999999999996,24.4
197900,23.711999999999996,24.4
198000,23.711999999999996,24.4
198100,23.711999999999996,24.4
198200,23.711999999999996,24.4
198300,23.711999999999996,24.4
198400,23.711999999999996,24.4
198500,23.711999999999996,24.4
198600,23.711999999999996,24.4
198700,23.711999999999996,24.4
198800,23.711999999999996,24.4
198900,23.711999999999996,24.4
199000,23.711999999999996,24.4
199100,23.711999999999996,24.4
199200,23.711999999999996,24.4
199300,23.711999999999996,24.4
199400,23.711999999999996,24.4
199500,23.711999999999996,24.4
199600,23.711999999999996,24.4
199700,23.711999999999996,24.4
199800,23.711999999999996,24.4
199900,23.711999999999996,24.4
199999,23.711999999999996,24.4

START ALGORITHM
h19: (a23 + a54) * (b44 - b32 - b55)
h20: (-a32) * (b24 + b35 + b35 - b15 - b53)
h23: (a52 - a43) * (b31 + b32 - b13 - b55 - b22)
h37: (a24 + a15 - a13) * (-b12 - b54)
h41: (a24 + a22 - a54) * (-b54 - b41)
h50: (a32 + a32 - a14) * (b54 - b51)
h51: (a42 + a55 - a44) * (b45 + b54 + b33 - b43)
h56: (a22 + a44 - a52) * (b51 + b13 + b32 + b54 + b22 - b51 - b23 - b23 - b11 - b23 - b52 - b42)
h63: (a15 + a23) * (b35 - b34 - b52 - b34 - b21)
h69: (-a42 - a14) * (b54 + b31 + b22 + b44)
h82: (a44) * (b14 + b43)
h85: (-a21 - a23) * (b41 + b33 + b53 + b55 - b14 - b45 - b14 - b13 - b12)
h86: (a33 - a53) * (-b45)
h88: (a15 - a12 - a44) * (b42 - b31 - b35 - b35)
h89: (-a35) * (b45 - b54 - b23)
h94: (a13 + a11) * (b22 - b32 - b15 - b35 - b44 - b24)
h102: (a34) * (b34)
h104: (a25 + a54 + a54 + a25 - a51) * (b33)
h107: (a23) * (-b32)
h111: (a33 - a55 - a35) * (b22)
h125: (a41 - a45 - a31 - a44 - a32 - a55) * (b11 - b41)
h127: (a22 - a13) * (b25)
h128: (a51 - a22) * (b51 - b11)
h130: (-a52) * (b44)
h131: (-a32) * (-b54)
h134: (-a45) * (-b34 - b54)
h178: (-a13 - a15) * (-b11 - b42)
h192: (a33) * (b51 + b52 + b34)
h211: (a52 - a21) * (-b54)
h250: (a54) * (-b11)
h312: (-a21) * (b13 - b14)
h372: (a21 + a53) * (-b24)
h373: (-a42) * (b33)
h381: (-a23) * (b41)
h403: (-a54) * (b25)
h453: (a41 - a45) * (b45)
h498: (-a43) * (-b12)
h509: (-a51) * (b55 + b22 - b24)
h680: (-a11 - a15 - a23) * (b41)
h978: (a51 + a12) * (b53 - b44)
h2161: (a33 + a11 - a53) * (b13 - b51 - b51 - b22 - b22 - b32 - b21)
h2628: (-a44) * (-b15)
h4056: (a53 + a52 - a34) * (b23 - b12)
h10748: (a53 - a14 - a45) * (b24 - b33 - b55 - b55)
h22576: (-a33 - a12 - a54) * (b25 - b33)
h22889: (a33) * (-b22)
h38833: (-a13) * (-b11)
h42736: (a43 - a44) * (-b55)
h43852: (a14 - a34) * (b23 - b44)
h64102: (-a15) * (b54 - b32)
h65383: (a51 - a45) * (-b53)
h66860: (-a21 - a53 - a14) * (-b54 - b41)
h74853: (a35) * (b24 + b22 - b25 - b34 - b55)
h112503: (a52 + a42 - a11) * (b14)
c11: h4056 + h107 
c12: h51 + h498 
c13: h373 - h74853 
c14: h107 + h41 + h43852 + h89 - h42736 
c15: h23 + h211 + h373 + h373 
c21: h131 - h85 
c22: h102 - h38833 
c23: h509 + h680 + h107 + h85 
c24: h178 
c25: h250 + h43852 - h312 
c31: h978 - h2628 
c32: h107 + h41 + h125 
c33: h20 + h56 + h94 - h37 - h130 
c34: h23 + h128 - h381 
c35: h111 + h211 + h63 - h134 - h192 
c41: h19 + h41 + h88 - h64102 
c42: h403 + h22889 - h2161 - h22576 - h65383 
c43: h104 + h69 + h86 + h112503 - h69 
c44: h127 + h82 + h453 - h66860 
c45: h178 + h192 - h23 
c51: h23 - h10748 
c52: h127 + h381 - h131 
c53: h104 - h86 
c54: h51 + h211 + h127 
c55: - h50 - h372 
