0,137.264,25
100,95.544,24.8
200,71.696,25
300,66.59200000000001,24.8
400,62.688,24.8
500,59.32000000000001,25
600,54.58399999999999,25
700,50.976,24.8
800,50.248000000000005,24.8
900,49.535999999999994,24.8
1000,48.512,24.8
1100,48.44,24.8
1200,47.56,24.8
1300,47.14399999999999,24.8
1400,47.14399999999999,24.8
1500,46.968,24.8
1600,46.328,24.8
1700,46.232,24.8
1800,46.232,24.8
1900,45.824000000000005,24.8
2000,45.824000000000005,24.8
2100,45.824000000000005,24.8
2200,45.824000000000005,24.8
2300,45.06400000000001,25
2400,45.06400000000001,25
2500,45.06400000000001,25
2600,45.06400000000001,25
2700,45.06400000000001,25
2800,45.06400000000001,25
2900,45.06400000000001,25
3000,45.06400000000001,25
3100,45.06400000000001,25
3200,45.06400000000001,25
3300,45.06400000000001,25
3400,45.06400000000001,25
3500,45.06400000000001,25
3600,45.06400000000001,25
3700,45.00000000000001,25
3800,44.83200000000001,25
3900,44.83200000000001,25
4000,44.83200000000001,25
4100,44.456,25
4200,44.456,25
4300,44.456,25
4400,44.456,25
4500,44.456,25
4600,44.456,25
4700,43.896,25
4800,43.896,25
4900,43.896,25
5000,43.736000000000004,25
5100,43.736000000000004,25
5200,43.736000000000004,25
5300,43.736000000000004,25
5400,43.736000000000004,25
5500,43.736000000000004,25
5600,43.736000000000004,25
5700,43.736000000000004,25
5800,43.736000000000004,25
5900,43.144,25
6000,42.832,25
6100,42.62400000000001,25
6200,42.48800000000001,25
6300,42.48800000000001,25
6400,42.48800000000001,25
6500,42.48800000000001,25
6600,42.48800000000001,25
6700,42.48800000000001,25
6800,42.48800000000001,25
6900,42.48800000000001,25
7000,41.464,25
7100,41.264,25
7200,41.264,25
7300,41.264,25
7400,41.264,25
7500,41.264,25
7600,41.264,25
7700,41.264,25
7800,41.264,25
7900,41.264,25
8000,41.264,25
8100,41.264,25
8200,41.264,25
8300,41.264,25
8400,41.264,25
8500,41.264,25
8600,41.264,25
8700,41.264,25
8800,40.791999999999994,25
8900,40.791999999999994,25
9000,40.791999999999994,25
9100,40.791999999999994,25
9200,40.791999999999994,25
9300,40.791999999999994,25
9400,40.791999999999994,25
9500,40.592,24.8
9600,40.592,24.8
9700,40.592,24.8
9800,40.592,24.8
9900,40.592,24.8
10000,40.584,24.8
10100,40.584,24.8
10200,40.584,24.8
10300,40.584,24.8
10400,40.584,24.8
10500,40.584,24.8
10600,40.584,24.8
10700,40.584,24.8
10800,40.584,24.8
10900,40.584,24.8
11000,40.44,24.8
11100,40.44,24.8
11200,40.44,24.8
11300,40.44,24.8
11400,40.44,24.8
11500,40.44,24.8
11600,40.44,24.8
11700,40.44,24.8
11800,40.44,24.8
11900,40.44,24.8
12000,40.44,24.8
12100,40.44,24.8
12200,40.44,24.8
12300,40.44,24.8
12400,40.44,24.8
12500,40.44,24.8
12600,40.44,24.8
12700,40.44,24.8
12800,40.44,24.8
12900,40.44,24.8
13000,40.44,24.8
13100,40.44,24.8
13200,40.44,24.8
13300,40.44,24.8
13400,40.44,24.8
13500,40.44,24.8
13600,40.44,24.8
13700,40.44,24.8
13800,40.44,24.8
13900,40.44,24.8
14000,40.44,24.8
14100,40.44,24.8
14200,40.44,24.8
14300,40.44,24.8
14400,40.248,24.6
14500,40.248,24.6
14600,40.248,24.6
14700,40.216,24.6
14800,40.216,24.6
14900,40.216,24.6
15000,40.216,24.6
15100,40.216,24.6
15200,40.216,24.6
15300,40.216,24.6
15400,39.992000000000004,24.4
15500,39.992000000000004,24.4
15600,39.992000000000004,24.4
15700,39.992000000000004,24.4
15800,39.992000000000004,24.4
15900,39.992000000000004,24.4
16000,39.992000000000004,24.4
16100,39.592,24.4
16200,39.592,24.4
16300,39.592,24.4
16400,39.592,24.4
16500,39.592,24.4
16600,39.592,24.4
16700,39.592,24.4
16800,39.592,24.4
16900,39.592,24.4
17000,39.592,24.4
17100,39.592,24.4
17200,39.592,24.4
17300,39.592,24.4
17400,39.592,24.4
17500,39.592,24.4
17600,39.504,24.6
17700,39.504,24.6
17800,39.504,24.6
17900,39.408,24.6
18000,39.104,24.6
18100,39.104,24.6
18200,39.104,24.6
18300,39.104,24.6
18400,38.856,24.6
18500,38.184000000000005,24.6
18600,38.184000000000005,24.6
18700,38.184000000000005,24.6
18800,38.184000000000005,24.6
18900,38.184000000000005,24.6
19000,38.184000000000005,24.6
19100,38.184000000000005,24.6
19200,38.184000000000005,24.6
19300,38.184000000000005,24.6
19400,38.184000000000005,24.6
19500,38.184000000000005,24.6
19600,38.184000000000005,24.6
19700,38.184000000000005,24.6
19800,38.184000000000005,24.6
19900,38.184000000000005,24.6
20000,38.184000000000005,24.6
20100,38.184000000000005,24.6
20200,37.712,24.6
20300,37.544000000000004,24.6
20400,37.367999999999995,24.6
20500,37.367999999999995,24.6
20600,37.367999999999995,24.6
20700,37.367999999999995,24.6
20800,37.367999999999995,24.6
20900,37.367999999999995,24.6
21000,37.367999999999995,24.6
21100,37.367999999999995,24.6
21200,37.367999999999995,24.6
21300,37.367999999999995,24.6
21400,37.367999999999995,24.6
21500,37.367999999999995,24.6
21600,37.367999999999995,24.6
21700,37.367999999999995,24.6
21800,37.367999999999995,24.6
21900,37.367999999999995,24.6
22000,37.367999999999995,24.6
22100,37,24.6
22200,36.376000000000005,24.6
22300,36.376000000000005,24.6
22400,36.376000000000005,24.6
22500,36.376000000000005,24.6
22600,36.376000000000005,24.6
22700,36.376000000000005,24.6
22800,36.376000000000005,24.6
22900,36.376000000000005,24.6
23000,36.376000000000005,24.6
23100,35.928,24.6
23200,35.928,24.6
23300,35.624,24.6
23400,35.624,24.6
23500,35.2,24.4
23600,35.2,24.4
23700,35.2,24.4
23800,35.2,24.4
23900,35.2,24.4
24000,35.2,24.4
24100,35.2,24.4
24200,35.2,24.4
24300,35.2,24.4
24400,35.2,24.4
24500,35.2,24.4
24600,35.192,24.4
24700,35.192,24.4
24800,35.192,24.4
24900,35.192,24.4
25000,35.192,24.4
25100,35.192,24.4
25200,35.184000000000005,24.4
25300,35.184000000000005,24.4
25400,35.184000000000005,24.4
25500,35.184000000000005,24.4
25600,35.184000000000005,24.4
25700,35.184000000000005,24.4
25800,35.184000000000005,24.4
25900,35.184000000000005,24.4
26000,35.184000000000005,24.4
26100,35.184000000000005,24.4
26200,34.824,24.4
26300,34.824,24.4
26400,34.824,24.4
26500,34.824,24.4
26600,34.12,24.4
26700,34.12,24.4
26800,33.832,24.4
26900,33.832,24.4
27000,33.832,24.4
27100,33.832,24.4
27200,33.832,24.4
27300,33.832,24.4
27400,33.832,24.4
27500,33.832,24.4
27600,33.648,24.4
27700,33.648,24.4
27800,33.648,24.4
27900,33.648,24.4
28000,33.648,24.4
28100,33.648,24.4
28200,33.648,24.4
28300,33.648,24.4
28400,33.648,24.4
28500,33.648,24.4
28600,33.648,24.4
28700,33.648,24.4
28800,33.648,24.4
28900,33.648,24.4
29000,33.648,24.4
29100,33.648,24.4
29200,33.648,24.4
29300,33.648,24.4
29400,33.648,24.4
29500,33.648,24.4
29600,33.648,24.4
29700,33.648,24.4
29800,33.648,24.4
29900,33.648,24.4
30000,33.648,24.4
30100,33.648,24.4
30200,33.648,24.4
30300,33.648,24.4
30400,33.648,24.4
30500,33.648,24.4
30600,33.648,24.4
30700,33.648,24.4
30800,33.648,24.4
30900,33.648,24.4
31000,33.648,24.4
31100,33.648,24.4
31200,33.648,24.4
31300,33.648,24.4
31400,33.648,24.4
31500,33.648,24.4
31600,33.648,24.4
31700,33.648,24.4
31800,33.648,24.4
31900,33.648,24.4
32000,33.648,24.4
32100,33.648,24.4
32200,33.648,24.4
32300,33.648,24.4
32400,33.648,24.4
32500,33.648,24.4
32600,33.648,24.4
32700,33.648,24.4
32800,33.648,24.4
32900,33.648,24.4
33000,33.648,24.4
33100,33.648,24.4
33200,33.648,24.4
33300,33.648,24.4
33400,33.648,24.4
33500,33.648,24.4
33600,33.648,24.4
33700,33.648,24.4
33800,33.648,24.4
33900,33.648,24.4
34000,33.648,24.4
34100,33.648,24.4
34200,33.648,24.4
34300,33.648,24.4
34400,33.648,24.4
34500,33.648,24.4
34600,33.648,24.4
34700,33.648,24.4
34800,33.648,24.4
34900,33.648,24.4
35000,33.648,24.4
35100,33.648,24.4
35200,33.648,24.4
35300,33.648,24.4
35400,33.648,24.4
35500,33.648,24.4
35600,33.648,24.4
35700,33.648,24.4
35800,33.648,24.4
35900,33.648,24.4
36000,33.648,24.4
36100,33.648,24.4
36200,33.648,24.4
36300,33.648,24.4
36400,33.648,24.4
36500,33.648,24.4
36600,33.648,24.4
36700,33.648,24.4
36800,33.519999999999996,24.4
36900,33.519999999999996,24.4
37000,33.519999999999996,24.4
37100,33.519999999999996,24.4
37200,33.519999999999996,24.4
37300,33.519999999999996,24.4
37400,33.519999999999996,24.4
37500,33.519999999999996,24.4
37600,33.519999999999996,24.4
37700,33.519999999999996,24.4
37800,33.519999999999996,24.4
37900,33.519999999999996,24.4
38000,33.519999999999996,24.4
38100,33.519999999999996,24.4
38200,33.519999999999996,24.4
38300,33.519999999999996,24.4
38400,33.519999999999996,24.4
38500,33.519999999999996,24.4
38600,33.519999999999996,24.4
38700,33.519999999999996,24.4
38800,33.519999999999996,24.4
38900,33.519999999999996,24.4
39000,33.304,24.4
39100,33.304,24.4
39200,33.304,24.4
39300,33.304,24.4
39400,33.304,24.4
39500,33.304,24.4
39600,33.304,24.4
39700,33.304,24.4
39800,33.304,24.4
39900,33.304,24.4
40000,33.304,24.4
40100,33.304,24.4
40200,33.304,24.4
40300,33.304,24.4
40400,33.304,24.4
40500,33.304,24.4
40600,33.304,24.4
40700,33.304,24.4
40800,33.304,24.4
40900,33.304,24.4
41000,33.304,24.4
41100,33.304,24.4
41200,33.304,24.4
41300,33.304,24.4
41400,33.304,24.4
41500,33.304,24.4
41600,33.304,24.4
41700,33.304,24.4
41800,33.304,24.4
41900,33.304,24.4
42000,33.304,24.4
42100,33.304,24.4
42200,33.304,24.4
42300,33.304,24.4
42400,33.304,24.4
42500,33.304,24.4
42600,33.304,24.4
42700,33.304,24.4
42800,33.304,24.4
42900,33.304,24.4
43000,33.04,24.4
43100,33.04,24.4
43200,33.04,24.4
43300,33.04,24.4
43400,33.04,24.4
43500,33.04,24.4
43600,33.04,24.4
43700,33.04,24.4
43800,33.04,24.4
43900,33.04,24.4
44000,33.04,24.4
44100,33.04,24.4
44200,33.04,24.4
44300,33.04,24.4
44400,33.04,24.4
44500,33.04,24.4
44600,33.04,24.4
44700,33.04,24.4
44800,33.04,24.4
44900,33.04,24.4
45000,32.552,24.4
45100,32.552,24.4
45200,32.552,24.4
45300,32.296,24.4
45400,32.296,24.4
45500,32.296,24.4
45600,32.296,24.4
45700,32.296,24.4
45800,32.096,24.4
45900,32.096,24.4
46000,32.096,24.4
46100,32.096,24.4
46200,32.096,24.4
46300,32.096,24.4
46400,32.096,24.4
46500,32.096,24.4
46600,32.096,24.4
46700,32.096,24.4
46800,32.096,24.4
46900,32.096,24.4
47000,32.096,24.4
47100,32.096,24.4
47200,32.096,24.4
47300,32.096,24.4
47400,32.096,24.4
47500,32.096,24.4
47600,32.096,24.4
47700,32.096,24.4
47800,32.096,24.4
47900,32.096,24.4
48000,32.096,24.4
48100,32.096,24.4
48200,32.096,24.4
48300,32.096,24.4
48400,32.096,24.4
48500,32.096,24.4
48600,32.096,24.4
48700,32.096,24.4
48800,32.096,24.4
48900,32.096,24.4
49000,32.096,24.4
49100,32.096,24.4
49200,32.096,24.4
49300,32.096,24.4
49400,32.096,24.4
49500,32.096,24.4
49600,32.096,24.4
49700,32.096,24.4
49800,32,24.6
49900,32,24.6
50000,32,24.6
50100,32,24.6
50200,32,24.6
50300,32,24.6
50400,32,24.6
50500,32,24.6
50600,32,24.6
50700,32,24.6
50800,32,24.6
50900,32,24.6
51000,32,24.6
51100,32,24.6
51200,32,24.6
51300,32,24.6
51400,32,24.6
51500,32,24.6
51600,32,24.6
51700,32,24.6
51800,32,24.6
51900,32,24.6
52000,32,24.6
52100,32,24.6
52200,32,24.6
52300,32,24.6
52400,32,24.6
52500,32,24.6
52600,32,24.6
52700,32,24.6
52800,32,24.6
52900,32,24.6
53000,31.576,24.4
53100,31.576,24.4
53200,31.576,24.4
53300,31.576,24.4
53400,31.576,24.4
53500,31.576,24.4
53600,31.576,24.4
53700,31.576,24.4
53800,31.576,24.4
53900,31.576,24.4
54000,31.576,24.4
54100,31.383999999999997,24.4
54200,31.383999999999997,24.4
54300,31.383999999999997,24.4
54400,31.383999999999997,24.4
54500,31.383999999999997,24.4
54600,31.383999999999997,24.4
54700,31.383999999999997,24.4
54800,31.383999999999997,24.4
54900,31.383999999999997,24.4
55000,31.383999999999997,24.4
55100,31.383999999999997,24.4
55200,31.383999999999997,24.4
55300,31.383999999999997,24.4
55400,31.383999999999997,24.4
55500,31.383999999999997,24.4
55600,31.383999999999997,24.4
55700,31.383999999999997,24.4
55800,31.383999999999997,24.4
55900,31.383999999999997,24.4
56000,31.383999999999997,24.4
56100,31.383999999999997,24.4
56200,31.383999999999997,24.4
56300,31.383999999999997,24.4
56400,31.383999999999997,24.4
56500,31.383999999999997,24.4
56600,31.383999999999997,24.4
56700,31.383999999999997,24.4
56800,31.383999999999997,24.4
56900,31.383999999999997,24.4
57000,31.383999999999997,24.4
57100,31.383999999999997,24.4
57200,31.383999999999997,24.4
57300,31.383999999999997,24.4
57400,31.383999999999997,24.4
57500,31.383999999999997,24.4
57600,31.383999999999997,24.4
57700,31.383999999999997,24.4
57800,31.383999999999997,24.4
57900,31.383999999999997,24.4
58000,31.383999999999997,24.4
58100,31.383999999999997,24.4
58200,31.383999999999997,24.4
58300,31.383999999999997,24.4
58400,31.383999999999997,24.4
58500,31.383999999999997,24.4
58600,31.383999999999997,24.4
58700,31.383999999999997,24.4
58800,31.383999999999997,24.4
58900,31.383999999999997,24.4
59000,31.383999999999997,24.4
59100,31.383999999999997,24.4
59200,31.383999999999997,24.4
59300,30.76,24.4
59400,30.76,24.4
59500,30.608000000000004,24.4
59600,30.608000000000004,24.4
59700,30.608000000000004,24.4
59800,30.608000000000004,24.4
59900,30.608000000000004,24.4
60000,30.608000000000004,24.4
60100,30.608000000000004,24.4
60200,30.608000000000004,24.4
60300,30.608000000000004,24.4
60400,30.608000000000004,24.4
60500,30.608000000000004,24.4
60600,30.608000000000004,24.4
60700,30.608000000000004,24.4
60800,30.608000000000004,24.4
60900,30.608000000000004,24.4
61000,30.608000000000004,24.4
61100,30.608000000000004,24.4
61200,30.608000000000004,24.4
61300,30.608000000000004,24.4
61400,30.608000000000004,24.4
61500,30.608000000000004,24.4
61600,30.608000000000004,24.4
61700,30.608000000000004,24.4
61800,30.608000000000004,24.4
61900,30.608000000000004,24.4
62000,30.608000000000004,24.4
62100,30.608000000000004,24.4
62200,30.608000000000004,24.4
62300,30.608000000000004,24.4
62400,30.608000000000004,24.4
62500,30.608000000000004,24.4
62600,30.608000000000004,24.4
62700,30.608000000000004,24.4
62800,30.608000000000004,24.4
62900,30.608000000000004,24.4
63000,30.608000000000004,24.4
63100,30.608000000000004,24.4
63200,30.608000000000004,24.4
63300,30.608000000000004,24.4
63400,30.608000000000004,24.4
63500,30.608000000000004,24.4
63600,30.608000000000004,24.4
63700,30.608000000000004,24.4
63800,30.608000000000004,24.4
63900,30.608000000000004,24.4
64000,30.608000000000004,24.4
64100,30.608000000000004,24.4
64200,30.608000000000004,24.4
64300,30.608000000000004,24.4
64400,30.608000000000004,24.4
64500,30.608000000000004,24.4
64600,30.608000000000004,24.4
64700,30.608000000000004,24.4
64800,30.608000000000004,24.4
64900,30.608000000000004,24.4
65000,30.608000000000004,24.4
65100,30.608000000000004,24.4
65200,30.608000000000004,24.4
65300,30.608000000000004,24.4
65400,30.608000000000004,24.4
65500,30.608000000000004,24.4
65600,30.608000000000004,24.4
65700,30.608000000000004,24.4
65800,30.583999999999996,24.2
65900,30.583999999999996,24.2
66000,30.583999999999996,24.2
66100,30.583999999999996,24.2
66200,30.583999999999996,24.2
66300,30.583999999999996,24.2
66400,30.583999999999996,24.2
66500,30.583999999999996,24.2
66600,30.583999999999996,24.2
66700,30.583999999999996,24.2
66800,30.583999999999996,24.2
66900,30.583999999999996,24.2
67000,30.583999999999996,24.2
67100,30.583999999999996,24.2
67200,30.583999999999996,24.2
67300,30.583999999999996,24.2
67400,30.583999999999996,24.2
67500,30.583999999999996,24.2
67600,30.583999999999996,24.2
67700,30.583999999999996,24.2
67800,30.583999999999996,24.2
67900,30.583999999999996,24.2
68000,30.583999999999996,24.2
68100,30.583999999999996,24.2
68200,30.583999999999996,24.2
68300,30.583999999999996,24.2
68400,30.583999999999996,24.2
68500,30.583999999999996,24.2
68600,30.583999999999996,24.2
68700,30.583999999999996,24.2
68800,30.583999999999996,24.2
68900,30.583999999999996,24.2
69000,30.583999999999996,24.2
69100,30.583999999999996,24.2
69200,30.583999999999996,24.2
69300,30.583999999999996,24.2
69400,30.583999999999996,24.2
69500,30.583999999999996,24.2
69600,30.583999999999996,24.2
69700,30.583999999999996,24.2
69800,30.583999999999996,24.2
69900,30.583999999999996,24.2
70000,30.384000000000004,24.2
70100,30.384000000000004,24.2
70200,30.384000000000004,24.2
70300,30.384000000000004,24.2
70400,30.384000000000004,24.2
70500,30.384000000000004,24.2
70600,30.384000000000004,24.2
70700,30.384000000000004,24.2
70800,30.384000000000004,24.2
70900,30.384000000000004,24.2
71000,30.384000000000004,24.2
71100,30.384000000000004,24.2
71200,30.384000000000004,24.2
71300,30.384000000000004,24.2
71400,30.384000000000004,24.2
71500,30.384000000000004,24.2
71600,30.384000000000004,24.2
71700,30.384000000000004,24.2
71800,30.384000000000004,24.2
71900,30.384000000000004,24.2
72000,30.384000000000004,24.2
72100,30.384000000000004,24.2
72200,30.384000000000004,24.2
72300,30.384000000000004,24.2
72400,30.384000000000004,24.2
72500,30.384000000000004,24.2
72600,30.384000000000004,24.2
72700,30.384000000000004,24.2
72800,30.384000000000004,24.2
72900,30.384000000000004,24.2
73000,30.384000000000004,24.2
73100,30.384000000000004,24.2
73200,30.384000000000004,24.2
73300,30.384000000000004,24.2
73400,30.384000000000004,24.2
73500,30.384000000000004,24.2
73600,30.384000000000004,24.2
73700,30.384000000000004,24.2
73800,30.384000000000004,24.2
73900,30.2,24.4
74000,30.176,24.2
74100,30.176,24.2
74200,30.176,24.2
74300,30.176,24.2
74400,30.176,24.2
74500,30.176,24.2
74600,30.176,24.2
74700,30.176,24.2
74800,30.176,24.2
74900,30.176,24.2
75000,30.176,24.2
75100,30.176,24.2
75200,30.176,24.2
75300,30.176,24.2
75400,30.176,24.2
75500,30.168,24.4
75600,30.168,24.4
75700,30.168,24.4
75800,30.168,24.4
75900,30.168,24.4
76000,30.168,24.4
76100,30.168,24.4
76200,30.168,24.4
76300,30.168,24.4
76400,30.168,24.4
76500,30.168,24.4
76600,30.168,24.4
76700,30.168,24.4
76800,30.168,24.4
76900,30.168,24.4
77000,30.168,24.4
77100,30.168,24.4
77200,30.168,24.4
77300,30.168,24.4
77400,30.168,24.4
77500,30.168,24.4
77600,30.168,24.4
77700,30.168,24.4
77800,30.168,24.4
77900,30.168,24.4
78000,30.168,24.4
78100,30.168,24.4
78200,30.168,24.4
78300,30.168,24.4
78400,30.168,24.4
78500,30.168,24.4
78600,30.168,24.4
78700,30.168,24.4
78800,30.168,24.4
78900,30.168,24.4
79000,30.168,24.4
79100,30.168,24.4
79200,30.168,24.4
79300,30.168,24.4
79400,30.168,24.4
79500,30.168,24.4
79600,30.168,24.4
79700,30.168,24.4
79800,30.168,24.4
79900,30.168,24.4
80000,30.168,24.4
80100,30.168,24.4
80200,30.168,24.4
80300,30.168,24.4
80400,30.168,24.4
80500,30.168,24.4
80600,30.168,24.4
80700,30.168,24.4
80800,30.168,24.4
80900,30.168,24.4
81000,30.168,24.4
81100,30.168,24.4
81200,30.168,24.4
81300,30.168,24.4
81400,30.168,24.4
81500,30.168,24.4
81600,30.168,24.4
81700,30.168,24.4
81800,30.168,24.4
81900,30.168,24.4
82000,30.168,24.4
82100,30.168,24.4
82200,30.168,24.4
82300,30.168,24.4
82400,30.168,24.4
82500,30.168,24.4
82600,30.168,24.4
82700,30.168,24.4
82800,30.168,24.4
82900,30.168,24.4
83000,30.168,24.4
83100,30.168,24.4
83200,30.168,24.4
83300,30.168,24.4
83400,30.168,24.4
83500,30.168,24.4
83600,30.168,24.4
83700,30.168,24.4
83800,30.168,24.4
83900,30.168,24.4
84000,30.168,24.4
84100,30.168,24.4
84200,30.168,24.4
84300,30.168,24.4
84400,30.168,24.4
84500,30.168,24.4
84600,30.168,24.4
84700,30.168,24.4
84800,30.168,24.4
84900,30.168,24.4
85000,30.168,24.4
85100,30.168,24.4
85200,30.168,24.4
85300,30.168,24.4
85400,30.168,24.4
85500,30.168,24.4
85600,30.168,24.4
85700,30.168,24.4
85800,30.168,24.4
85900,30.168,24.4
86000,30.168,24.4
86100,30.168,24.4
86200,30.168,24.4
86300,30.168,24.4
86400,29.863999999999997,24.4
86500,29.863999999999997,24.4
86600,29.863999999999997,24.4
86700,29.863999999999997,24.4
86800,29.863999999999997,24.4
86900,29.863999999999997,24.4
87000,29.863999999999997,24.4
87100,29.863999999999997,24.4
87200,29.863999999999997,24.4
87300,29.863999999999997,24.4
87400,29.863999999999997,24.4
87500,29.863999999999997,24.4
87600,29.863999999999997,24.4
87700,29.863999999999997,24.4
87800,29.863999999999997,24.4
87900,29.863999999999997,24.4
88000,29.863999999999997,24.4
88100,29.863999999999997,24.4
88200,29.863999999999997,24.4
88300,29.863999999999997,24.4
88400,29.863999999999997,24.4
88500,29.863999999999997,24.4
88600,29.863999999999997,24.4
88700,29.863999999999997,24.4
88800,29.863999999999997,24.4
88900,29.863999999999997,24.4
89000,29.863999999999997,24.4
89100,29.863999999999997,24.4
89200,29.863999999999997,24.4
89300,29.863999999999997,24.4
89400,29.863999999999997,24.4
89500,29.863999999999997,24.4
89600,29.863999999999997,24.4
89700,29.863999999999997,24.4
89800,29.863999999999997,24.4
89900,29.863999999999997,24.4
90000,29.863999999999997,24.4
90100,29.863999999999997,24.4
90200,29.863999999999997,24.4
90300,29.863999999999997,24.4
90400,29.863999999999997,24.4
90500,29.863999999999997,24.4
90600,29.863999999999997,24.4
90700,29.863999999999997,24.4
90800,29.863999999999997,24.4
90900,29.863999999999997,24.4
91000,29.863999999999997,24.4
91100,29.863999999999997,24.4
91200,29.863999999999997,24.4
91300,29.863999999999997,24.4
91400,29.863999999999997,24.4
91500,29.863999999999997,24.4
91600,29.863999999999997,24.4
91700,29.863999999999997,24.4
91800,29.863999999999997,24.4
91900,29.863999999999997,24.4
92000,29.863999999999997,24.4
92100,29.863999999999997,24.4
92200,29.863999999999997,24.4
92300,29.863999999999997,24.4
92400,29.863999999999997,24.4
92500,29.863999999999997,24.4
92600,29.863999999999997,24.4
92700,29.863999999999997,24.4
92800,29.863999999999997,24.4
92900,29.863999999999997,24.4
93000,29.863999999999997,24.4
93100,29.863999999999997,24.4
93200,29.863999999999997,24.4
93300,29.863999999999997,24.4
93400,29.863999999999997,24.4
93500,29.863999999999997,24.4
93600,29.863999999999997,24.4
93700,29.863999999999997,24.4
93800,29.863999999999997,24.4
93900,29.863999999999997,24.4
94000,29.863999999999997,24.4
94100,29.863999999999997,24.4
94200,29.863999999999997,24.4
94300,29.863999999999997,24.4
94400,29.863999999999997,24.4
94500,29.863999999999997,24.4
94600,29.863999999999997,24.4
94700,29.863999999999997,24.4
94800,29.863999999999997,24.4
94900,29.863999999999997,24.4
95000,29.863999999999997,24.4
95100,29.863999999999997,24.4
95200,29.863999999999997,24.4
95300,29.863999999999997,24.4
95400,29.863999999999997,24.4
95500,29.863999999999997,24.4
95600,29.863999999999997,24.4
95700,29.863999999999997,24.4
95800,29.863999999999997,24.4
95900,29.863999999999997,24.4
96000,29.863999999999997,24.4
96100,29.863999999999997,24.4
96200,29.863999999999997,24.4
96300,29.863999999999997,24.4
96400,29.863999999999997,24.4
96500,29.863999999999997,24.4
96600,29.863999999999997,24.4
96700,29.863999999999997,24.4
96800,29.863999999999997,24.4
96900,29.863999999999997,24.4
97000,29.863999999999997,24.4
97100,29.863999999999997,24.4
97200,29.863999999999997,24.4
97300,29.863999999999997,24.4
97400,29.863999999999997,24.4
97500,29.863999999999997,24.4
97600,29.863999999999997,24.4
97700,29.863999999999997,24.4
97800,29.863999999999997,24.4
97900,29.863999999999997,24.4
98000,29.863999999999997,24.4
98100,29.863999999999997,24.4
98200,29.863999999999997,24.4
98300,29.863999999999997,24.4
98400,29.863999999999997,24.4
98500,29.863999999999997,24.4
98600,29.863999999999997,24.4
98700,29.863999999999997,24.4
98800,29.863999999999997,24.4
98900,29.863999999999997,24.4
99000,29.863999999999997,24.4
99100,29.863999999999997,24.4
99200,29.863999999999997,24.4
99300,29.863999999999997,24.4
99400,29.863999999999997,24.4
99500,29.863999999999997,24.4
99600,29.863999999999997,24.4
99700,29.863999999999997,24.4
99800,29.863999999999997,24.4
99900,29.863999999999997,24.4
100000,29.863999999999997,24.4
100100,29.688,24.4
100200,29.688,24.4
100300,29.688,24.4
100400,29.688,24.4
100500,29.688,24.4
100600,29.688,24.4
100700,29.688,24.4
100800,29.688,24.4
100900,29.688,24.4
101000,29.688,24.4
101100,29.688,24.4
101200,29.688,24.4
101300,29.688,24.4
101400,29.688,24.4
101500,29.688,24.4
101600,29.688,24.4
101700,29.688,24.4
101800,29.688,24.4
101900,29.688,24.4
102000,29.688,24.4
102100,29.688,24.4
102200,29.688,24.4
102300,29.688,24.4
102400,29.688,24.4
102500,29.688,24.4
102600,29.688,24.4
102700,29.688,24.4
102800,29.688,24.4
102900,29.688,24.4
103000,29.688,24.4
103100,29.688,24.4
103200,29.688,24.4
103300,29.688,24.4
103400,29.688,24.4
103500,29.688,24.4
103600,29.688,24.4
103700,29.688,24.4
103800,29.688,24.4
103900,29.688,24.4
104000,29.688,24.4
104100,29.688,24.4
104200,29.688,24.4
104300,29.688,24.4
104400,29.688,24.4
104500,29.688,24.4
104600,29.688,24.4
104700,29.688,24.4
104800,29.688,24.4
104900,29.688,24.4
105000,29.688,24.4
105100,29.688,24.4
105200,29.688,24.4
105300,29.688,24.4
105400,29.688,24.4
105500,29.688,24.4
105600,29.688,24.4
105700,29.688,24.4
105800,29.688,24.4
105900,29.688,24.4
106000,29.688,24.4
106100,29.688,24.4
106200,29.688,24.4
106300,29.688,24.4
106400,29.688,24.4
106500,29.688,24.4
106600,29.688,24.4
106700,29.688,24.4
106800,29.688,24.4
106900,29.688,24.4
107000,29.688,24.4
107100,29.688,24.4
107200,29.688,24.4
107300,29.688,24.4
107400,29.688,24.4
107500,29.688,24.4
107600,29.688,24.4
107700,29.688,24.4
107800,29.688,24.4
107900,29.647999999999996,24.6
108000,29.647999999999996,24.6
108100,29.647999999999996,24.6
108200,29.647999999999996,24.6
108300,29.647999999999996,24.6
108400,29.647999999999996,24.6
108500,29.647999999999996,24.6
108600,29.647999999999996,24.6
108700,29.647999999999996,24.6
108800,29.647999999999996,24.6
108900,29.647999999999996,24.6
109000,29.647999999999996,24.6
109100,29.647999999999996,24.6
109200,29.647999999999996,24.6
109300,29.647999999999996,24.6
109400,29.647999999999996,24.6
109500,29.647999999999996,24.6
109600,29.647999999999996,24.6
109700,29.647999999999996,24.6
109800,29.647999999999996,24.6
109900,29.647999999999996,24.6
110000,29.647999999999996,24.6
110100,29.647999999999996,24.6
110200,29.647999999999996,24.6
110300,29.647999999999996,24.6
110400,29.647999999999996,24.6
110500,29.647999999999996,24.6
110600,29.647999999999996,24.6
110700,29.647999999999996,24.6
110800,29.647999999999996,24.6
110900,29.647999999999996,24.6
111000,29.647999999999996,24.6
111100,29.647999999999996,24.6
111200,29.647999999999996,24.6
111300,29.647999999999996,24.6
111400,29.647999999999996,24.6
111500,29.647999999999996,24.6
111600,29.647999999999996,24.6
111700,29.647999999999996,24.6
111800,29.647999999999996,24.6
111900,29.647999999999996,24.6
112000,29.647999999999996,24.6
112100,29.647999999999996,24.6
112200,29.647999999999996,24.6
112300,29.647999999999996,24.6
112400,29.647999999999996,24.6
112500,29.647999999999996,24.6
112600,29.647999999999996,24.6
112700,29.647999999999996,24.6
112800,29.647999999999996,24.6
112900,29.647999999999996,24.6
113000,29.647999999999996,24.6
113100,29.647999999999996,24.6
113200,29.647999999999996,24.6
113300,29.647999999999996,24.6
113400,29.647999999999996,24.6
113500,29.496000000000002,24.6
113600,29.496000000000002,24.6
113700,29.496000000000002,24.6
113800,29.496000000000002,24.6
113900,29.496000000000002,24.6
114000,29.496000000000002,24.6
114100,29.496000000000002,24.6
114200,29.496000000000002,24.6
114300,29.496000000000002,24.6
114400,29.496000000000002,24.6
114500,29.496000000000002,24.6
114600,29.496000000000002,24.6
114700,29.496000000000002,24.6
114800,29.496000000000002,24.6
114900,29.496000000000002,24.6
115000,29.496000000000002,24.6
115100,29.496000000000002,24.6
115200,29.496000000000002,24.6
115300,29.496000000000002,24.6
115400,29.496000000000002,24.6
115500,29.496000000000002,24.6
115600,29.496000000000002,24.6
115700,29.496000000000002,24.6
115800,29.496000000000002,24.6
115900,29.496000000000002,24.6
116000,29.496000000000002,24.6
116100,29.496000000000002,24.6
116200,29.496000000000002,24.6
116300,29.496000000000002,24.6
116400,29.496000000000002,24.6
116500,29.496000000000002,24.6
116600,29.496000000000002,24.6
116700,29.496000000000002,24.6
116800,29.496000000000002,24.6
116900,29.496000000000002,24.6
117000,29.496000000000002,24.6
117100,29.496000000000002,24.6
117200,29.496000000000002,24.6
117300,29.496000000000002,24.6
117400,29.496000000000002,24.6
117500,29.496000000000002,24.6
117600,29.496000000000002,24.6
117700,29.496000000000002,24.6
117800,29.496000000000002,24.6
117900,29.496000000000002,24.6
118000,29.496000000000002,24.6
118100,29.496000000000002,24.6
118200,29.496000000000002,24.6
118300,29.496000000000002,24.6
118400,29.496000000000002,24.6
118500,29.496000000000002,24.6
118600,29.496000000000002,24.6
118700,29.496000000000002,24.6
118800,29.496000000000002,24.6
118900,29.496000000000002,24.6
119000,29.496000000000002,24.6
119100,29.496000000000002,24.6
119200,29.496000000000002,24.6
119300,29.496000000000002,24.6
119400,29.496000000000002,24.6
119500,29.496000000000002,24.6
119600,29.496000000000002,24.6
119700,29.496000000000002,24.6
119800,29.496000000000002,24.6
119900,29.496000000000002,24.6
120000,29.496000000000002,24.6
120100,29.496000000000002,24.6
120200,29.496000000000002,24.6
120300,29.496000000000002,24.6
120400,29.496000000000002,24.6
120500,29.496000000000002,24.6
120600,29.496000000000002,24.6
120700,29.496000000000002,24.6
120800,29.496000000000002,24.6
120900,29.496000000000002,24.6
121000,29.496000000000002,24.6
121100,29.496000000000002,24.6
121200,29.496000000000002,24.6
121300,29.496000000000002,24.6
121400,29.496000000000002,24.6
121500,29.496000000000002,24.6
121600,29.496000000000002,24.6
121700,29.496000000000002,24.6
121800,29.496000000000002,24.6
121900,29.496000000000002,24.6
122000,29.496000000000002,24.6
122100,29.496000000000002,24.6
122200,29.496000000000002,24.6
122300,29.464,24.6
122400,29.464,24.6
122500,29.464,24.6
122600,29.464,24.6
122700,29.464,24.6
122800,29.464,24.6
122900,29.464,24.6
123000,29.464,24.6
123100,29.464,24.6
123200,29.464,24.6
123300,29.464,24.6
123400,29.464,24.6
123500,29.464,24.6
123600,29.464,24.6
123700,29.464,24.6
123800,29.464,24.6
123900,29.464,24.6
124000,29.464,24.6
124100,29.464,24.6
124200,29.464,24.6
124300,29.464,24.6
124400,29.464,24.6
124500,29.464,24.6
124600,29.464,24.6
124700,29.424,24.6
124800,29.424,24.6
124900,29.424,24.6
125000,29.424,24.6
125100,29.424,24.6
125200,29.424,24.6
125300,29.424,24.6
125400,29.424,24.6
125500,29.424,24.6
125600,29.424,24.6
125700,29.424,24.6
125800,29.424,24.6
125900,29.424,24.6
126000,29.224,24.6
126100,29.224,24.6
126200,29.224,24.6
126300,29.224,24.6
126400,29.224,24.6
126500,29.224,24.6
126600,29.224,24.6
126700,29.224,24.6
126800,29.224,24.6
126900,29.224,24.6
127000,29.224,24.6
127100,29.224,24.6
127200,29.224,24.6
127300,29.224,24.6
127400,29.224,24.6
127500,29.224,24.6
127600,29.224,24.6
127700,29.224,24.6
127800,29.224,24.6
127900,29.224,24.6
128000,29.224,24.6
128100,29.224,24.6
128200,29.224,24.6
128300,29.224,24.6
128400,29.224,24.6
128500,29.224,24.6
128600,29.224,24.6
128700,29.224,24.6
128800,29.224,24.6
128900,29.224,24.6
129000,29.224,24.6
129100,29.224,24.6
129200,29.224,24.6
129300,29.224,24.6
129400,29.224,24.6
129500,29.224,24.6
129600,29.224,24.6
129700,29.224,24.6
129800,29.224,24.6
129900,29.224,24.6
130000,29.224,24.6
130100,29.224,24.6
130200,29.224,24.6
130300,29.224,24.6
130400,29.024,24.8
130500,29.024,24.8
130600,29.024,24.8
130700,29.024,24.8
130800,29.024,24.8
130900,29.024,24.8
131000,29.024,24.8
131100,29.024,24.8
131200,29.024,24.8
131300,28.824,24.8
131400,28.824,24.8
131500,28.824,24.8
131600,28.824,24.8
131700,28.824,24.8
131800,28.824,24.8
131900,28.824,24.8
132000,28.824,24.8
132100,28.824,24.8
132200,28.824,24.8
132300,28.824,24.8
132400,28.824,24.8
132500,28.824,24.8
132600,28.824,24.8
132700,28.824,24.8
132800,28.824,24.8
132900,28.824,24.8
133000,28.824,24.8
133100,28.824,24.8
133200,28.824,24.8
133300,28.824,24.8
133400,28.824,24.8
133500,28.824,24.8
133600,28.824,24.8
133700,28.824,24.8
133800,28.824,24.8
133900,28.824,24.8
134000,28.824,24.8
134100,28.824,24.8
134200,28.824,24.8
134300,28.824,24.8
134400,28.824,24.8
134500,28.824,24.8
134600,28.824,24.8
134700,28.824,24.8
134800,28.824,24.8
134900,28.824,24.8
135000,28.824,24.8
135100,28.824,24.8
135200,28.824,24.8
135300,28.824,24.8
135400,28.824,24.8
135500,28.824,24.8
135600,28.824,24.8
135700,28.824,24.8
135800,28.824,24.8
135900,28.824,24.8
136000,28.824,24.8
136100,28.824,24.8
136200,28.824,24.8
136300,28.824,24.8
136400,28.824,24.8
136500,28.824,24.8
136600,28.824,24.8
136700,28.824,24.8
136800,28.824,24.8
136900,28.824,24.8
137000,28.824,24.8
137100,28.824,24.8
137200,28.824,24.8
137300,28.824,24.8
137400,28.824,24.8
137500,28.824,24.8
137600,28.824,24.8
137700,28.824,24.8
137800,28.824,24.8
137900,28.824,24.8
138000,28.824,24.8
138100,28.824,24.8
138200,28.824,24.8
138300,28.824,24.8
138400,28.824,24.8
138500,28.824,24.8
138600,28.824,24.8
138700,28.824,24.8
138800,28.824,24.8
138900,28.824,24.8
139000,28.824,24.8
139100,28.824,24.8
139200,28.824,24.8
139300,28.824,24.8
139400,28.824,24.8
139500,28.824,24.8
139600,28.824,24.8
139700,28.824,24.8
139800,28.824,24.8
139900,28.824,24.8
140000,28.824,24.8
140100,28.824,24.8
140200,28.824,24.8
140300,28.824,24.8
140400,28.824,24.8
140500,28.824,24.8
140600,28.824,24.8
140700,28.824,24.8
140800,28.824,24.8
140900,28.824,24.8
141000,28.824,24.8
141100,28.824,24.8
141200,28.824,24.8
141300,28.824,24.8
141400,28.824,24.8
141500,28.824,24.8
141600,28.824,24.8
141700,28.824,24.8
141800,28.824,24.8
141900,28.824,24.8
142000,28.824,24.8
142100,28.824,24.8
142200,28.824,24.8
142300,28.824,24.8
142400,28.824,24.8
142500,28.824,24.8
142600,28.824,24.8
142700,28.824,24.8
142800,28.824,24.8
142900,28.824,24.8
143000,28.440000000000005,24.8
143100,28.440000000000005,24.8
143200,28.440000000000005,24.8
143300,28.440000000000005,24.8
143400,28.440000000000005,24.8
143500,28.440000000000005,24.8
143600,28.440000000000005,24.8
143700,28.440000000000005,24.8
143800,28.440000000000005,24.8
143900,28.440000000000005,24.8
144000,28.440000000000005,24.8
144100,28.440000000000005,24.8
144200,28.440000000000005,24.8
144300,28.440000000000005,24.8
144400,28.440000000000005,24.8
144500,28.440000000000005,24.8
144600,28.440000000000005,24.8
144700,28.440000000000005,24.8
144800,28.440000000000005,24.8
144900,28.440000000000005,24.8
145000,28.440000000000005,24.8
145100,28.440000000000005,24.8
145200,28.440000000000005,24.8
145300,28.440000000000005,24.8
145400,28.440000000000005,24.8
145500,28.440000000000005,24.8
145600,28.440000000000005,24.8
145700,28.440000000000005,24.8
145800,28.440000000000005,24.8
145900,28.440000000000005,24.8
146000,28.440000000000005,24.8
146100,28.440000000000005,24.8
146200,28.440000000000005,24.8
146300,28.440000000000005,24.8
146400,28.440000000000005,24.8
146500,28.440000000000005,24.8
146600,28.440000000000005,24.8
146700,28.440000000000005,24.8
146800,28.440000000000005,24.8
146900,28.440000000000005,24.8
147000,28.440000000000005,24.8
147100,28.440000000000005,24.8
147200,28.440000000000005,24.8
147300,28.440000000000005,24.8
147400,28.440000000000005,24.8
147500,28.440000000000005,24.8
147600,28.440000000000005,24.8
147700,28.440000000000005,24.8
147800,28.440000000000005,24.8
147900,28.440000000000005,24.8
148000,28.440000000000005,24.8
148100,28.440000000000005,24.8
148200,28.440000000000005,24.8
148300,28.440000000000005,24.8
148400,28.440000000000005,24.8
148500,28.440000000000005,24.8
148600,28.440000000000005,24.8
148700,28.440000000000005,24.8
148800,28.440000000000005,24.8
148900,28.440000000000005,24.8
149000,28.440000000000005,24.8
149100,28.440000000000005,24.8
149200,28.440000000000005,24.8
149300,28.440000000000005,24.8
149400,28.440000000000005,24.8
149500,28.440000000000005,24.8
149600,28.440000000000005,24.8
149700,28.440000000000005,24.8
149800,28.440000000000005,24.8
149900,28.440000000000005,24.8
150000,28.440000000000005,24.8
150100,28.440000000000005,24.8
150200,28.440000000000005,24.8
150300,28.440000000000005,24.8
150400,28.440000000000005,24.8
150500,28.440000000000005,24.8
150600,28.440000000000005,24.8
150700,28.440000000000005,24.8
150800,28.440000000000005,24.8
150900,28.440000000000005,24.8
151000,28.440000000000005,24.8
151100,28.440000000000005,24.8
151200,28.440000000000005,24.8
151300,28.440000000000005,24.8
151400,28.440000000000005,24.8
151500,28.440000000000005,24.8
151600,28.440000000000005,24.8
151700,28.440000000000005,24.8
151800,28.440000000000005,24.8
151900,28.168,24.8
152000,28.168,24.8
152100,28.168,24.8
152200,28.168,24.8
152300,28.168,24.8
152400,28.168,24.8
152500,28.168,24.8
152600,28.168,24.8
152700,28.168,24.8
152800,28.168,24.8
152900,28.168,24.8
153000,28.168,24.8
153100,28.168,24.8
153200,28.168,24.8
153300,28.168,24.8
153400,28.168,24.8
153500,28.168,24.8
153600,28.168,24.8
153700,28.168,24.8
153800,28.168,24.8
153900,28.168,24.8
154000,28.168,24.8
154100,28.168,24.8
154200,28.168,24.8
154300,28.168,24.8
154400,28.168,24.8
154500,28.168,24.8
154600,28.168,24.8
154700,28.168,24.8
154800,28.168,24.8
154900,28.168,24.8
155000,28.168,24.8
155100,28.168,24.8
155200,28.168,24.8
155300,28.168,24.8
155400,28.168,24.8
155500,28.168,24.8
155600,28.168,24.8
155700,28.168,24.8
155800,28.168,24.8
155900,28.168,24.8
156000,28.168,24.8
156100,28.168,24.8
156200,28.168,24.8
156300,28.168,24.8
156400,28.168,24.8
156500,28.168,24.8
156600,28.168,24.8
156700,28.168,24.8
156800,28.168,24.8
156900,28.168,24.8
157000,28.168,24.8
157100,28.168,24.8
157200,28.168,24.8
157300,28.168,24.8
157400,28.168,24.8
157500,28.168,24.8
157600,28.168,24.8
157700,28.168,24.8
157800,28.168,24.8
157900,28.168,24.8
158000,28.168,24.8
158100,28.168,24.8
158200,28.168,24.8
158300,28.168,24.8
158400,28.168,24.8
158500,28.168,24.8
158600,28.168,24.8
158700,28.168,24.8
158800,28.168,24.8
158900,28.168,24.8
159000,28.168,24.8
159100,28.168,24.8
159200,28.168,24.8
159300,28.168,24.8
159400,28.168,24.8
159500,28.168,24.8
159600,28.168,24.8
159700,28.168,24.8
159800,28.168,24.8
159900,28.168,24.8
160000,28.168,24.8
160100,28.168,24.8
160200,28.168,24.8
160300,28.168,24.8
160400,28.168,24.8
160500,28.168,24.8
160600,28.168,24.8
160700,28.168,24.8
160800,28.168,24.8
160900,28.168,24.8
161000,28.168,24.8
161100,28.168,24.8
161200,28.168,24.8
161300,28.168,24.8
161400,28.168,24.8
161500,28.168,24.8
161600,28.168,24.8
161700,28.168,24.8
161800,28.168,24.8
161900,28.168,24.8
162000,28.168,24.8
162100,28.168,24.8
162200,28.168,24.8
162300,28.168,24.8
162400,28.168,24.8
162500,28.168,24.8
162600,28.151999999999997,24.8
162700,28.151999999999997,24.8
162800,28.151999999999997,24.8
162900,28.151999999999997,24.8
163000,28.151999999999997,24.8
163100,28.151999999999997,24.8
163200,28.151999999999997,24.8
163300,28.151999999999997,24.8
163400,28.151999999999997,24.8
163500,28.151999999999997,24.8
163600,28.151999999999997,24.8
163700,28.151999999999997,24.8
163800,28.151999999999997,24.8
163900,28.151999999999997,24.8
164000,28.151999999999997,24.8
164100,28.151999999999997,24.8
164200,28.151999999999997,24.8
164300,28.151999999999997,24.8
164400,28.151999999999997,24.8
164500,28.151999999999997,24.8
164600,28.151999999999997,24.8
164700,28.151999999999997,24.8
164800,28.151999999999997,24.8
164900,28.151999999999997,24.8
165000,28.151999999999997,24.8
165100,28.151999999999997,24.8
165200,28.151999999999997,24.8
165300,28.151999999999997,24.8
165400,28.151999999999997,24.8
165500,28.151999999999997,24.8
165600,28.151999999999997,24.8
165700,28.151999999999997,24.8
165800,28.151999999999997,24.8
165900,28.151999999999997,24.8
166000,28.151999999999997,24.8
166100,28.151999999999997,24.8
166200,28.151999999999997,24.8
166300,28.151999999999997,24.8
166400,28.151999999999997,24.8
166500,28.151999999999997,24.8
166600,28.151999999999997,24.8
166700,28.151999999999997,24.8
166800,28.151999999999997,24.8
166900,28.151999999999997,24.8
167000,28.151999999999997,24.8
167100,28.151999999999997,24.8
167200,28.151999999999997,24.8
167300,28.151999999999997,24.8
167400,28.151999999999997,24.8
167500,28.151999999999997,24.8
167600,28.151999999999997,24.8
167700,28.151999999999997,24.8
167800,28.151999999999997,24.8
167900,28.151999999999997,24.8
168000,28.151999999999997,24.8
168100,28.151999999999997,24.8
168200,28.151999999999997,24.8
168300,28.151999999999997,24.8
168400,28.151999999999997,24.8
168500,28.151999999999997,24.8
168600,28.151999999999997,24.8
168700,28.151999999999997,24.8
168800,28.151999999999997,24.8
168900,28.151999999999997,24.8
169000,28.151999999999997,24.8
169100,28.151999999999997,24.8
169200,28.151999999999997,24.8
169300,28.151999999999997,24.8
169400,28.151999999999997,24.8
169500,28.151999999999997,24.8
169600,28.151999999999997,24.8
169700,28.151999999999997,24.8
169800,28.151999999999997,24.8
169900,28.151999999999997,24.8
170000,28.151999999999997,24.8
170100,28.151999999999997,24.8
170200,28.151999999999997,24.8
170300,28.151999999999997,24.8
170400,28.151999999999997,24.8
170500,28.151999999999997,24.8
170600,28.151999999999997,24.8
170700,28.151999999999997,24.8
170800,28.151999999999997,24.8
170900,28.151999999999997,24.8
171000,28.151999999999997,24.8
171100,28.151999999999997,24.8
171200,28.151999999999997,24.8
171300,27.576,24.8
171400,27.576,24.8
171500,27.344,24.8
171600,27.344,24.8
171700,27.344,24.8
171800,27.344,24.8
171900,27.344,24.8
172000,27.344,24.8
172100,27.344,24.8
172200,27.344,24.8
172300,27.344,24.8
172400,27.344,24.8
172500,27.344,24.8
172600,27.344,24.8
172700,27.344,24.8
172800,27.344,24.8
172900,27.344,24.8
173000,27.344,24.8
173100,27.344,24.8
173200,27.344,24.8
173300,27.344,24.8
173400,27.344,24.8
173500,26.983999999999998,24.6
173600,26.983999999999998,24.6
173700,26.983999999999998,24.6
173800,26.983999999999998,24.6
173900,26.983999999999998,24.6
174000,26.983999999999998,24.6
174100,26.983999999999998,24.6
174200,26.983999999999998,24.6
174300,26.983999999999998,24.6
174400,26.983999999999998,24.6
174500,26.983999999999998,24.6
174600,26.983999999999998,24.6
174700,26.983999999999998,24.6
174800,26.983999999999998,24.6
174900,26.983999999999998,24.6
175000,26.983999999999998,24.6
175100,26.983999999999998,24.6
175200,26.983999999999998,24.6
175300,26.983999999999998,24.6
175400,26.983999999999998,24.6
175500,26.983999999999998,24.6
175600,26.983999999999998,24.6
175700,26.983999999999998,24.6
175800,26.863999999999997,24.6
175900,26.863999999999997,24.6
176000,26.863999999999997,24.6
176100,26.863999999999997,24.6
176200,26.863999999999997,24.6
176300,26.863999999999997,24.6
176400,26.863999999999997,24.6
176500,26.863999999999997,24.6
176600,26.863999999999997,24.6
176700,26.863999999999997,24.6
176800,26.863999999999997,24.6
176900,26.863999999999997,24.6
177000,26.863999999999997,24.6
177100,26.863999999999997,24.6
177200,26.863999999999997,24.6
177300,26.863999999999997,24.6
177400,26.863999999999997,24.6
177500,26.863999999999997,24.6
177600,26.863999999999997,24.6
177700,26.863999999999997,24.6
177800,26.863999999999997,24.6
177900,26.863999999999997,24.6
178000,26.863999999999997,24.6
178100,26.863999999999997,24.6
178200,26.863999999999997,24.6
178300,26.863999999999997,24.6
178400,26.863999999999997,24.6
178500,26.863999999999997,24.6
178600,26.863999999999997,24.6
178700,26.863999999999997,24.6
178800,26.863999999999997,24.6
178900,26.863999999999997,24.6
179000,26.863999999999997,24.6
179100,26.863999999999997,24.6
179200,26.863999999999997,24.6
179300,26.863999999999997,24.6
179400,26.863999999999997,24.6
179500,26.863999999999997,24.6
179600,26.863999999999997,24.6
179700,26.863999999999997,24.6
179800,26.863999999999997,24.6
179900,26.863999999999997,24.6
180000,26.863999999999997,24.6
180100,26.863999999999997,24.6
180200,26.863999999999997,24.6
180300,26.863999999999997,24.6
180400,26.863999999999997,24.6
180500,26.863999999999997,24.6
180600,26.863999999999997,24.6
180700,26.863999999999997,24.6
180800,26.768,24.6
180900,26.768,24.6
181000,26.768,24.6
181100,26.768,24.6
181200,26.768,24.6
181300,26.768,24.6
181400,26.768,24.6
181500,26.768,24.6
181600,26.768,24.6
181700,26.768,24.6
181800,26.768,24.6
181900,26.768,24.6
182000,26.768,24.6
182100,26.768,24.6
182200,26.768,24.6
182300,26.768,24.6
182400,26.768,24.6
182500,26.768,24.6
182600,26.768,24.6
182700,26.768,24.6
182800,26.672000000000004,24.6
182900,26.672000000000004,24.6
183000,26.672000000000004,24.6
183100,26.672000000000004,24.6
183200,26.672000000000004,24.6
183300,26.672000000000004,24.6
183400,26.672000000000004,24.6
183500,26.672000000000004,24.6
183600,26.672000000000004,24.6
183700,26.672000000000004,24.6
183800,26.672000000000004,24.6
183900,26.672000000000004,24.6
184000,26.672000000000004,24.6
184100,26.672000000000004,24.6
184200,26.672000000000004,24.6
184300,26.672000000000004,24.6
184400,26.672000000000004,24.6
184500,26.672000000000004,24.6
184600,26.672000000000004,24.6
184700,26.672000000000004,24.6
184800,26.672000000000004,24.6
184900,26.672000000000004,24.6
185000,26.672000000000004,24.6
185100,26.672000000000004,24.6
185200,26.672000000000004,24.6
185300,26.672000000000004,24.6
185400,26.672000000000004,24.6
185500,26.672000000000004,24.6
185600,26.672000000000004,24.6
185700,26.672000000000004,24.6
185800,26.672000000000004,24.6
185900,26.672000000000004,24.6
186000,26.672000000000004,24.6
186100,26.672000000000004,24.6
186200,26.672000000000004,24.6
186300,26.672000000000004,24.6
186400,26.672000000000004,24.6
186500,26.672000000000004,24.6
186600,26.672000000000004,24.6
186700,26.672000000000004,24.6
186800,26.672000000000004,24.6
186900,26.672000000000004,24.6
187000,26.672000000000004,24.6
187100,26.672000000000004,24.6
187200,26.672000000000004,24.6
187300,26.672000000000004,24.6
187400,26.672000000000004,24.6
187500,26.672000000000004,24.6
187600,26.672000000000004,24.6
187700,26.672000000000004,24.6
187800,26.672000000000004,24.6
187900,26.672000000000004,24.6
188000,26.672000000000004,24.6
188100,26.672000000000004,24.6
188200,26.672000000000004,24.6
188300,26.672000000000004,24.6
188400,26.672000000000004,24.6
188500,26.672000000000004,24.6
188600,26.672000000000004,24.6
188700,26.672000000000004,24.6
188800,26.672000000000004,24.6
188900,26.672000000000004,24.6
189000,26.672000000000004,24.6
189100,26.672000000000004,24.6
189200,26.672000000000004,24.6
189300,26.672000000000004,24.6
189400,26.672000000000004,24.6
189500,26.672000000000004,24.6
189600,26.672000000000004,24.6
189700,26.672000000000004,24.6
189800,26.672000000000004,24.6
189900,26.672000000000004,24.6
190000,26.672000000000004,24.6
190100,26.672000000000004,24.6
190200,26.672000000000004,24.6
190300,26.672000000000004,24.6
190400,26.672000000000004,24.6
190500,26.672000000000004,24.6
190600,26.672000000000004,24.6
190700,26.672000000000004,24.6
190800,26.672000000000004,24.6
190900,26.672000000000004,24.6
191000,26.672000000000004,24.6
191100,26.672000000000004,24.6
191200,26.672000000000004,24.6
191300,26.672000000000004,24.6
191400,26.672000000000004,24.6
191500,26.672000000000004,24.6
191600,26.672000000000004,24.6
191700,26.672000000000004,24.6
191800,26.672000000000004,24.6
191900,26.672000000000004,24.6
192000,26.672000000000004,24.6
192100,26.672000000000004,24.6
192200,26.672000000000004,24.6
192300,26.672000000000004,24.6
192400,26.672000000000004,24.6
192500,26.672000000000004,24.6
192600,26.672000000000004,24.6
192700,26.672000000000004,24.6
192800,26.672000000000004,24.6
192900,26.672000000000004,24.6
193000,26.672000000000004,24.6
193100,26.448,24.6
193200,26.448,24.6
193300,26.448,24.6
193400,26.448,24.6
193500,26.448,24.6
193600,26.448,24.6
193700,26.448,24.6
193800,26.448,24.6
193900,26.448,24.6
194000,26.448,24.6
194100,26.448,24.6
194200,26.448,24.6
194300,26.448,24.6
194400,26.448,24.6
194500,26.448,24.6
194600,26.448,24.6
194700,26.448,24.6
194800,26.448,24.6
194900,26.448,24.6
195000,26.448,24.6
195100,26.448,24.6
195200,26.448,24.6
195300,26.448,24.6
195400,26.448,24.6
195500,26.448,24.6
195600,26.448,24.6
195700,26.448,24.6
195800,26.448,24.6
195900,26.448,24.6
196000,26.448,24.6
196100,26.448,24.6
196200,26.448,24.6
196300,26.448,24.6
196400,26.448,24.6
196500,26.448,24.6
196600,26.448,24.6
196700,26.448,24.6
196800,26.448,24.6
196900,26.448,24.6
197000,26.448,24.6
197100,26.448,24.6
197200,26.448,24.6
197300,26.351999999999997,24.4
197400,26.351999999999997,24.4
197500,26.351999999999997,24.4
197600,26.351999999999997,24.4
197700,26.351999999999997,24.4
197800,26.351999999999997,24.4
197900,26.351999999999997,24.4
198000,26.351999999999997,24.4
198100,26.351999999999997,24.4
198200,26.351999999999997,24.4
198300,26.351999999999997,24.4
198400,26.351999999999997,24.4
198500,26.351999999999997,24.4
198600,26.351999999999997,24.4
198700,26.351999999999997,24.4
198800,26.351999999999997,24.4
198900,26.351999999999997,24.4
199000,26.351999999999997,24.4
199100,26.351999999999997,24.4
199200,26.351999999999997,24.4
199300,26.351999999999997,24.4
199400,26.351999999999997,24.4
199500,26.351999999999997,24.4
199600,26.351999999999997,24.4
199700,26.351999999999997,24.4
199800,26.351999999999997,24.4
199900,26.351999999999997,24.4
199999,26.312,24.4

START ALGORITHM
h2: (a53) * (b55 - b21 - b11)
h4: (a35) * (b54 - b24)
h7: (-a54) * (-b33)
h15: (a24 - a54 - a33) * (b21 + b14)
h20: (a54) * (b34 - b51)
h21: (a33) * (b52 - b13)
h22: (a54 + a51 - a23) * (b45)
h26: (a43 - a13 - a32 - a45) * (b55 - b21)
h33: (a42) * (b35 - b54)
h34: (-a24) * (b35 + b41 + b44)
h37: (-a14) * (b21 + b15 + b11)
h38: (a45) * (b45)
h39: (a51 + a23 - a33) * (b35 - b55 - b15)
h43: (-a52) * (b44 - b14)
h48: (-a53) * (-b34)
h53: (a24) * (-b23 - b32)
h61: (a24 - a43) * (-b55)
h65: (a24 - a11) * (b12 + b11)
h68: (a11) * (b13)
h69: (a51) * (-b51)
h71: (a15 - a21) * (-b35)
h79: (a21 - a35 - a55) * (b13 + b54 - b12 - b15)
h95: (a35 + a33 - a15 - a51 - a22 - a55) * (b51)
h99: (-a13) * (b13 - b51)
h100: (-a41) * (-b43)
h101: (-a44) * (b33 + b32 + b22)
h112: (-a24) * (b11 + b43 + b11)
h114: (a53 + a21 - a33) * (b11)
h116: (a14 - a32) * (-b15 - b42)
h118: (a15 - a43) * (-b45)
h123: (a45) * (-b13 - b54)
h128: (a32) * (-b54)
h158: (-a25) * (-b42)
h163: (a23) * (b14 + b41)
h176: (a21 + a53 - a15) * (-b15)
h195: (a22) * (-b23)
h198: (a54 - a15) * (-b25)
h201: (-a42) * (b11)
h214: (a35) * (b42)
h233: (-a53) * (b54 - b43)
h255: (a11) * (b35)
h368: (a32) * (b22)
h393: (-a25) * (-b13)
h626: (-a45) * (b43 - b32 - b33)
h941: (a23) * (-b12)
h6976: (-a53) * (-b22)
h9079: (a43 + a43 + a23 + a25 - a12 - a44) * (b22)
h10102: (a41 - a14) * (-b21)
h11327: (-a41) * (b24)
h14486: (a51 + a35 - a32) * (b25 - b15)
h17232: (a34) * (b42)
h37031: (a34 + a23) * (b34 - b31 - b35 - b11 - b45 - b25)
h81298: (a35) * (b23)
h101233: (a32) * (-b35)
h106793: (a23 - a24) * (b41 + b42)
h112776: (-a42) * (b51)
c11: h79 + h17232 - h15 - h112 
c12: h68 
c13: h118 + h53 + h100 + h34 + h6976 
c14: h101233 - h53 
c15: h95 + h71 
c21: h39 - h368 
c22: h101 + h69 + h101 - h14486 
c23: h941 + h11327 
c24: h123 + h112 + h393 + h6976 - h4 - h38 
c25: h33 + h37 + h26 + h116 - h48 
c31: - h53 - h81298 
c32: h99 + h37 
c33: h255 + h255 + h61 - h128 
c34: h112 + h7 - h112776 
c35: h21 + h37 + h9079 + h20 
c41: h2 + h71 - h33 - h201 
c42: h79 + h158 + h39 + h37 + h9079 - h114 - h95 - h176 - h195 - h233 
c43: h163 + h101 + h195 
c44: h112 + h37031 - h626 
c45: h38 + h43 + h22 - h34 
c51: h198 - h112 
c52: h233 + h26 
c53: - h2 - h393 - h106793 
c54: h99 + h255 + h15 - h214 
c55: h10102 + h65 + h163 
