0,145.752,25
100,104.79199999999999,25
200,90.96799999999999,24.8
300,86.12,24.8
400,80.896,24.6
500,79.848,24.6
600,77.792,24.6
700,76.60799999999999,24.8
800,75.816,24.8
900,73.92,24.8
1000,72.336,24.6
1100,71.48799999999999,24.6
1200,68.056,24.8
1300,65.4,24.8
1400,64.304,24.8
1500,60.416,25
1600,58.58399999999999,25
1700,57.928,25
1800,57.19199999999999,25
1900,57.19199999999999,25
2000,57.19199999999999,25
2100,56.56,25
2200,56.016,25
2300,55.471999999999994,25
2400,54.424,25
2500,54.424,25
2600,53.983999999999995,25
2700,51.552,25
2800,50.848,25
2900,50.848,25
3000,50.848,25
3100,50.392,25
3200,50.392,25
3300,50.392,25
3400,50.392,25
3500,50.392,25
3600,50.392,25
3700,50.392,25
3800,50.392,25
3900,50.392,25
4000,50.12,25
4100,50.12,25
4200,49.632,25
4300,49.632,25
4400,48.872,25
4500,48.408,25
4600,48.408,25
4700,47.312,25
4800,46.616,25
4900,46.616,25
5000,46.616,25
5100,46.616,25
5200,45.74400000000001,25
5300,45.74400000000001,25
5400,45.74400000000001,25
5500,45.74400000000001,25
5600,45.74400000000001,25
5700,45.74400000000001,25
5800,45.74400000000001,25
5900,45.552,25
6000,45.552,25
6100,45.552,25
6200,45.552,25
6300,45.552,25
6400,45.552,25
6500,45.552,25
6600,44.70399999999999,24.8
6700,44.70399999999999,24.8
6800,44.70399999999999,24.8
6900,44.70399999999999,24.8
7000,44.70399999999999,24.8
7100,44.70399999999999,24.8
7200,44.696000000000005,24.8
7300,44.696000000000005,24.8
7400,44.664,24.8
7500,44.664,24.8
7600,44.664,24.8
7700,44.664,24.8
7800,44.072,24.8
7900,44.072,24.8
8000,44.072,24.8
8100,44.072,24.8
8200,44.072,24.8
8300,44.072,24.8
8400,44.072,24.8
8500,44.072,24.8
8600,44.072,24.8
8700,44.072,24.8
8800,44.072,24.8
8900,44.072,24.8
9000,44.072,24.8
9100,44.072,24.8
9200,44.072,24.8
9300,44.072,24.8
9400,44.072,24.8
9500,44.072,24.8
9600,43.879999999999995,24.8
9700,43.879999999999995,24.8
9800,43.879999999999995,24.8
9900,43.848,24.8
10000,43.839999999999996,24.8
10100,43.839999999999996,24.8
10200,43.839999999999996,24.8
10300,43.839999999999996,24.8
10400,43.504,24.8
10500,43.504,24.8
10600,43.504,24.8
10700,43.504,24.8
10800,43.504,24.8
10900,43.504,24.8
11000,42.552,24.6
11100,42.552,24.6
11200,42.128,24.8
11300,41.51199999999999,24.8
11400,41.51199999999999,24.8
11500,40.239999999999995,24.8
11600,39.224000000000004,24.8
11700,38.239999999999995,24.8
11800,38.16799999999999,24.8
11900,38.16799999999999,24.8
12000,37.8,24.8
12100,37.8,24.8
12200,37.8,24.8
12300,37.8,24.8
12400,37.8,24.8
12500,37.8,24.8
12600,37.8,24.8
12700,37.8,24.8
12800,37.8,24.8
12900,37.8,24.8
13000,37.8,24.8
13100,37.8,24.8
13200,37.8,24.8
13300,37.8,24.8
13400,37.8,24.8
13500,37.8,24.8
13600,37.751999999999995,24.8
13700,37.751999999999995,24.8
13800,37.751999999999995,24.8
13900,37.751999999999995,24.8
14000,37.751999999999995,24.8
14100,37.751999999999995,24.8
14200,37.751999999999995,24.8
14300,37.751999999999995,24.8
14400,37.751999999999995,24.8
14500,37.751999999999995,24.8
14600,37.751999999999995,24.8
14700,37.751999999999995,24.8
14800,37.751999999999995,24.8
14900,37.751999999999995,24.8
15000,37.751999999999995,24.8
15100,37.696000000000005,24.8
15200,37.464,24.8
15300,37.11200000000001,24.6
15400,37.104,24.6
15500,37.104,24.6
15600,37.104,24.6
15700,37.104,24.6
15800,37.104,24.6
15900,37.104,24.6
16000,37.104,24.6
16100,37.104,24.6
16200,37.104,24.6
16300,37.104,24.6
16400,37.096000000000004,24.6
16500,37.096000000000004,24.6
16600,37.096000000000004,24.6
16700,37.096000000000004,24.6
16800,37.096000000000004,24.6
16900,37.096000000000004,24.6
17000,36.29600000000001,24.4
17100,36.29600000000001,24.4
17200,36.29600000000001,24.4
17300,36.088,24.4
17400,36.088,24.4
17500,36.088,24.4
17600,36.088,24.4
17700,36.088,24.4
17800,36.088,24.4
17900,36.088,24.4
18000,36.088,24.4
18100,36.088,24.4
18200,36.088,24.4
18300,36.088,24.4
18400,36.088,24.4
18500,36.088,24.4
18600,36.088,24.4
18700,36.088,24.4
18800,36.088,24.4
18900,36.088,24.4
19000,36.088,24.4
19100,36.088,24.4
19200,36.088,24.4
19300,36.088,24.4
19400,36.088,24.4
19500,36.088,24.4
19600,36.088,24.4
19700,36.088,24.4
19800,36.088,24.4
19900,36.088,24.4
20000,36.088,24.4
20100,36.088,24.4
20200,35.816,24.4
20300,35.816,24.4
20400,35.816,24.4
20500,35.816,24.4
20600,35.816,24.4
20700,35.816,24.4
20800,35.816,24.4
20900,35.816,24.4
21000,35.816,24.4
21100,35.816,24.4
21200,35.816,24.4
21300,35.816,24.4
21400,35.816,24.4
21500,35.816,24.4
21600,35.816,24.4
21700,35.816,24.4
21800,35.816,24.4
21900,35.712,24.2
22000,35.712,24.2
22100,35.712,24.2
22200,35.712,24.2
22300,35.48,24.2
22400,35.31999999999999,24.2
22500,35.31999999999999,24.2
22600,35.31999999999999,24.2
22700,35.032,24.2
22800,35.032,24.2
22900,34.632,24.2
23000,34.632,24.2
23100,34.632,24.2
23200,34.632,24.2
23300,34.632,24.2
23400,34.632,24.2
23500,34.632,24.2
23600,34.632,24.2
23700,34.632,24.2
23800,34.632,24.2
23900,34.632,24.2
24000,34.632,24.2
24100,34.120000000000005,24.2
24200,34.120000000000005,24.2
24300,34.120000000000005,24.2
24400,34.120000000000005,24.2
24500,34.120000000000005,24.2
24600,34.120000000000005,24.2
24700,34.120000000000005,24.2
24800,34.120000000000005,24.2
24900,34.120000000000005,24.2
25000,34.120000000000005,24.2
25100,34.120000000000005,24.2
25200,34.120000000000005,24.2
25300,34.120000000000005,24.2
25400,34.120000000000005,24.2
25500,34.120000000000005,24.2
25600,34.120000000000005,24.2
25700,34.120000000000005,24.2
25800,34.120000000000005,24.2
25900,34.120000000000005,24.2
26000,34.120000000000005,24.2
26100,34.120000000000005,24.2
26200,34.120000000000005,24.2
26300,34.120000000000005,24.2
26400,34.120000000000005,24.2
26500,34.120000000000005,24.2
26600,34.120000000000005,24.2
26700,34.120000000000005,24.2
26800,34.120000000000005,24.2
26900,34.120000000000005,24.2
27000,34.120000000000005,24.2
27100,34.120000000000005,24.2
27200,34.120000000000005,24.2
27300,34.120000000000005,24.2
27400,34.120000000000005,24.2
27500,34.120000000000005,24.2
27600,34.120000000000005,24.2
27700,34.120000000000005,24.2
27800,34.120000000000005,24.2
27900,34.120000000000005,24.2
28000,34.120000000000005,24.2
28100,34.120000000000005,24.2
28200,34.120000000000005,24.2
28300,34.120000000000005,24.2
28400,34.120000000000005,24.2
28500,34.120000000000005,24.2
28600,34.120000000000005,24.2
28700,34.120000000000005,24.2
28800,33.288,24.2
28900,33.288,24.2
29000,33.288,24.2
29100,33.288,24.2
29200,33.288,24.2
29300,33.288,24.2
29400,33.288,24.2
29500,33.288,24.2
29600,33.288,24.2
29700,33.160000000000004,24
29800,33.160000000000004,24
29900,33.160000000000004,24
30000,33.160000000000004,24
30100,33.160000000000004,24
30200,33.160000000000004,24
30300,33.160000000000004,24
30400,33.160000000000004,24
30500,33.160000000000004,24
30600,33.160000000000004,24
30700,33.160000000000004,24
30800,33.160000000000004,24
30900,33.160000000000004,24
31000,33.160000000000004,24
31100,33.160000000000004,24
31200,33.160000000000004,24
31300,33.160000000000004,24
31400,33.160000000000004,24
31500,33.160000000000004,24
31600,33.160000000000004,24
31700,33.160000000000004,24
31800,33.160000000000004,24
31900,33.160000000000004,24
32000,33.160000000000004,24
32100,33.160000000000004,24
32200,33.160000000000004,24
32300,33.160000000000004,24
32400,33.160000000000004,24
32500,33.160000000000004,24
32600,33.160000000000004,24
32700,33.160000000000004,24
32800,33.160000000000004,24
32900,33.160000000000004,24
33000,33.160000000000004,24
33100,33.160000000000004,24
33200,33.160000000000004,24
33300,33.160000000000004,24
33400,33.160000000000004,24
33500,33.160000000000004,24
33600,33.160000000000004,24
33700,33.160000000000004,24
33800,33.160000000000004,24
33900,33.160000000000004,24
34000,33.160000000000004,24
34100,33.160000000000004,24
34200,33.160000000000004,24
34300,33.160000000000004,24
34400,33.160000000000004,24
34500,33.160000000000004,24
34600,33.160000000000004,24
34700,33.160000000000004,24
34800,33.160000000000004,24
34900,33.160000000000004,24
35000,33.160000000000004,24
35100,33.160000000000004,24
35200,33.160000000000004,24
35300,33.160000000000004,24
35400,33.160000000000004,24
35500,33.160000000000004,24
35600,33.088,24
35700,33.04,24
35800,33.04,24
35900,33.04,24
36000,33.04,24
36100,33.04,24
36200,32.992000000000004,24
36300,32.992000000000004,24
36400,32.992000000000004,24
36500,32.992000000000004,24
36600,32.992000000000004,24
36700,32.992000000000004,24
36800,32.992000000000004,24
36900,32.992000000000004,24
37000,32.992000000000004,24
37100,32.992000000000004,24
37200,32.992000000000004,24
37300,32.992000000000004,24
37400,32.992000000000004,24
37500,32.992000000000004,24
37600,32.992000000000004,24
37700,32.992000000000004,24
37800,32.959999999999994,23.8
37900,32.959999999999994,23.8
38000,32.959999999999994,23.8
38100,32.6,23.8
38200,32.6,23.8
38300,32.6,23.8
38400,32.6,23.8
38500,32.6,23.8
38600,32.6,23.8
38700,32.6,23.8
38800,32.6,23.8
38900,32.6,23.8
39000,32.6,23.8
39100,32.6,23.8
39200,32.6,23.8
39300,32.6,23.8
39400,32.6,23.8
39500,32.6,23.8
39600,32.6,23.8
39700,32.6,23.8
39800,32.6,23.8
39900,32.6,23.8
40000,32.6,23.8
40100,32.6,23.8
40200,32.6,23.8
40300,32.6,23.8
40400,32.6,23.8
40500,32.6,23.8
40600,32.6,23.8
40700,32.6,23.8
40800,32.6,23.8
40900,32.6,23.8
41000,32.6,23.8
41100,32.6,23.8
41200,32.6,23.8
41300,32.6,23.8
41400,32.6,23.8
41500,32.6,23.8
41600,32.6,23.8
41700,32.6,23.8
41800,32.6,23.8
41900,32.6,23.8
42000,32.6,23.8
42100,32.6,23.8
42200,32.6,23.8
42300,32.6,23.8
42400,32.6,23.8
42500,32.6,23.8
42600,32.6,23.8
42700,32.6,23.8
42800,32.6,23.8
42900,32.6,23.8
43000,32.6,23.8
43100,32.6,23.8
43200,32.6,23.8
43300,32.6,23.8
43400,32.472,24
43500,32.472,24
43600,32.472,24
43700,32.472,24
43800,32.472,24
43900,32.472,24
44000,32.472,24
44100,32.472,24
44200,32.472,24
44300,32.472,24
44400,32.472,24
44500,32.472,24
44600,32.472,24
44700,32.472,24
44800,32.472,24
44900,32.472,24
45000,32.472,24
45100,32.472,24
45200,32.472,24
45300,31.799999999999994,24
45400,31.279999999999994,24
45500,31.279999999999994,24
45600,31.279999999999994,24
45700,31.279999999999994,24
45800,31.279999999999994,24
45900,31.279999999999994,24
46000,31.279999999999994,24
46100,31.279999999999994,24
46200,31.279999999999994,24
46300,30.576,24
46400,30.576,24
46500,30.576,24
46600,30.576,24
46700,30.576,24
46800,30.576,24
46900,30.576,24
47000,30.576,24
47100,30.576,24
47200,30.576,24
47300,30.296,24.2
47400,30.296,24.2
47500,30.296,24.2
47600,30.296,24.2
47700,29.576,24.4
47800,29.576,24.4
47900,29.576,24.4
48000,29.576,24.4
48100,29.576,24.4
48200,29.576,24.4
48300,29.576,24.4
48400,29.576,24.4
48500,29.576,24.4
48600,29.576,24.4
48700,29.576,24.4
48800,29.576,24.4
48900,29.576,24.4
49000,29.576,24.4
49100,29.576,24.4
49200,29.576,24.4
49300,29.272000000000002,24.2
49400,29.272000000000002,24.2
49500,29.056,24.2
49600,29.056,24.2
49700,28.703999999999997,24.2
49800,28.703999999999997,24.2
49900,28.703999999999997,24.2
50000,28.703999999999997,24.2
50100,28.703999999999997,24.2
50200,28.703999999999997,24.2
50300,28.703999999999997,24.2
50400,28.703999999999997,24.2
50500,28.703999999999997,24.2
50600,28.703999999999997,24.2
50700,28.703999999999997,24.2
50800,28.703999999999997,24.2
50900,28.703999999999997,24.2
51000,28.703999999999997,24.2
51100,28.703999999999997,24.2
51200,28.703999999999997,24.2
51300,28.703999999999997,24.2
51400,28.703999999999997,24.2
51500,28.703999999999997,24.2
51600,28.703999999999997,24.2
51700,28.703999999999997,24.2
51800,28.703999999999997,24.2
51900,28.703999999999997,24.2
52000,28.703999999999997,24.2
52100,28.703999999999997,24.2
52200,28.703999999999997,24.2
52300,28.703999999999997,24.2
52400,28.703999999999997,24.2
52500,28.703999999999997,24.2
52600,28.703999999999997,24.2
52700,28.703999999999997,24.2
52800,28.703999999999997,24.2
52900,28.703999999999997,24.2
53000,28.703999999999997,24.2
53100,28.703999999999997,24.2
53200,28.703999999999997,24.2
53300,28.703999999999997,24.2
53400,28.703999999999997,24.2
53500,28.703999999999997,24.2
53600,28.703999999999997,24.2
53700,28.703999999999997,24.2
53800,28.703999999999997,24.2
53900,28.703999999999997,24.2
54000,28.703999999999997,24.2
54100,28.703999999999997,24.2
54200,28.703999999999997,24.2
54300,28.703999999999997,24.2
54400,28.703999999999997,24.2
54500,28.703999999999997,24.2
54600,28.703999999999997,24.2
54700,28.703999999999997,24.2
54800,28.703999999999997,24.2
54900,28.703999999999997,24.2
55000,28.703999999999997,24.2
55100,28.703999999999997,24.2
55200,28.703999999999997,24.2
55300,28.703999999999997,24.2
55400,28.703999999999997,24.2
55500,28.703999999999997,24.2
55600,28.703999999999997,24.2
55700,28.703999999999997,24.2
55800,28.703999999999997,24.2
55900,28.703999999999997,24.2
56000,28.703999999999997,24.2
56100,28.24,24.2
56200,28.24,24.2
56300,28.24,24.2
56400,28.24,24.2
56500,28.24,24.2
56600,28.24,24.2
56700,28.24,24.2
56800,28.24,24.2
56900,28.24,24.2
57000,28.24,24.2
57100,28.24,24.2
57200,28.24,24.2
57300,28.24,24.2
57400,28.24,24.2
57500,28.24,24.2
57600,28.24,24.2
57700,28.24,24.2
57800,28.24,24.2
57900,28.24,24.2
58000,28.24,24.2
58100,28.24,24.2
58200,28.24,24.2
58300,28.24,24.2
58400,28.24,24.2
58500,28.24,24.2
58600,28.24,24.2
58700,28.24,24.2
58800,28.24,24.2
58900,28.24,24.2
59000,28.24,24.2
59100,28.24,24.2
59200,28.24,24.2
59300,28.24,24.2
59400,28.24,24.2
59500,28.24,24.2
59600,28.24,24.2
59700,28.24,24.2
59800,28.24,24.2
59900,28.24,24.2
60000,28.24,24.2
60100,28.24,24.2
60200,28.24,24.2
60300,28.24,24.2
60400,28.24,24.2
60500,28.24,24.2
60600,28.24,24.2
60700,28.24,24.2
60800,27.936,24.2
60900,27.936,24.2
61000,27.936,24.2
61100,27.936,24.2
61200,27.936,24.2
61300,27.936,24.2
61400,27.936,24.2
61500,27.936,24.2
61600,27.936,24.2
61700,27.936,24.2
61800,27.936,24.2
61900,27.936,24.2
62000,27.936,24.2
62100,27.936,24.2
62200,27.936,24.2
62300,27.832,24.2
62400,27.832,24.2
62500,27.832,24.2
62600,27.832,24.2
62700,27.832,24.2
62800,27.832,24.2
62900,27.832,24.2
63000,27.832,24.2
63100,27.832,24.2
63200,27.832,24.2
63300,27.832,24.2
63400,27.832,24.2
63500,27.832,24.2
63600,27.832,24.2
63700,27.76,24.2
63800,27.76,24.2
63900,27.76,24.2
64000,27.76,24.2
64100,27.256,24.2
64200,27.256,24.2
64300,27.256,24.2
64400,27.256,24.2
64500,27.256,24.2
64600,27.256,24.2
64700,27.256,24.2
64800,27.256,24.2
64900,27.256,24.2
65000,27.256,24.2
65100,27.256,24.2
65200,27.256,24.2
65300,27.256,24.2
65400,27.256,24.2
65500,27.192,24.4
65600,27.192,24.4
65700,27.192,24.4
65800,27.192,24.4
65900,27.192,24.4
66000,27.192,24.4
66100,27.192,24.4
66200,27.192,24.4
66300,27.192,24.4
66400,27.192,24.4
66500,27.192,24.4
66600,27.192,24.4
66700,27.192,24.4
66800,27.192,24.4
66900,27.192,24.4
67000,27.192,24.4
67100,27.192,24.4
67200,27.192,24.4
67300,27.192,24.4
67400,27.192,24.4
67500,27.192,24.4
67600,27.192,24.4
67700,27.192,24.4
67800,27.192,24.4
67900,27.192,24.4
68000,27.192,24.4
68100,27.192,24.4
68200,27.192,24.4
68300,27.064,24.4
68400,27.064,24.4
68500,27.064,24.4
68600,27.064,24.4
68700,27.064,24.4
68800,27.064,24.4
68900,27.064,24.4
69000,27.064,24.4
69100,27.064,24.4
69200,27.064,24.4
69300,27.064,24.4
69400,27.064,24.4
69500,27.064,24.4
69600,27.064,24.4
69700,27.064,24.4
69800,27.064,24.4
69900,27.064,24.4
70000,27.064,24.4
70100,27.064,24.4
70200,27.064,24.4
70300,27.064,24.4
70400,27.064,24.4
70500,27.064,24.4
70600,27.064,24.4
70700,27.064,24.4
70800,27.064,24.4
70900,27.064,24.4
71000,27.064,24.4
71100,27.064,24.4
71200,27.064,24.4
71300,27.064,24.4
71400,27.064,24.4
71500,27.064,24.4
71600,27.064,24.4
71700,27.064,24.4
71800,27.064,24.4
71900,27.064,24.4
72000,27.064,24.4
72100,27.064,24.4
72200,27.064,24.4
72300,27.064,24.4
72400,27.064,24.4
72500,27.064,24.4
72600,27.064,24.4
72700,27.064,24.4
72800,27.064,24.4
72900,27.064,24.4
73000,27.064,24.4
73100,27.064,24.4
73200,27.064,24.4
73300,27.064,24.4
73400,27.064,24.4
73500,27.064,24.4
73600,27.064,24.4
73700,27.064,24.4
73800,27.064,24.4
73900,27.064,24.4
74000,27.064,24.4
74100,27.064,24.4
74200,27.064,24.4
74300,27.064,24.4
74400,27.064,24.4
74500,27.064,24.4
74600,27.064,24.4
74700,27.064,24.4
74800,27.064,24.4
74900,27.064,24.4
75000,27.064,24.4
75100,27.064,24.4
75200,27.064,24.4
75300,27.064,24.4
75400,27.064,24.4
75500,27.064,24.4
75600,27.064,24.4
75700,27.064,24.4
75800,27.064,24.4
75900,27.064,24.4
76000,27.064,24.4
76100,27.064,24.4
76200,27.064,24.4
76300,27.064,24.4
76400,27.064,24.4
76500,27.064,24.4
76600,27.064,24.4
76700,27.064,24.4
76800,27.064,24.4
76900,27.064,24.4
77000,27.064,24.4
77100,27.064,24.4
77200,27.064,24.4
77300,27.064,24.4
77400,27.064,24.4
77500,27.064,24.4
77600,27.064,24.4
77700,27.064,24.4
77800,27.064,24.4
77900,27.064,24.4
78000,27.064,24.4
78100,27.064,24.4
78200,27.064,24.4
78300,27.064,24.4
78400,27.064,24.4
78500,27.064,24.4
78600,27.064,24.4
78700,27.064,24.4
78800,27.064,24.4
78900,27.064,24.4
79000,27.064,24.4
79100,27.064,24.4
79200,27.064,24.4
79300,27.064,24.4
79400,27.064,24.4
79500,27.064,24.4
79600,27.064,24.4
79700,27.064,24.4
79800,27.064,24.4
79900,27.064,24.4
80000,27.064,24.4
80100,27.064,24.4
80200,27.064,24.4
80300,27.064,24.4
80400,27.064,24.4
80500,27.064,24.4
80600,27.064,24.4
80700,26.896000000000004,24.4
80800,26.896000000000004,24.4
80900,26.896000000000004,24.4
81000,26.896000000000004,24.4
81100,26.896000000000004,24.4
81200,26.896000000000004,24.4
81300,26.896000000000004,24.4
81400,26.896000000000004,24.4
81500,26.896000000000004,24.4
81600,26.896000000000004,24.4
81700,26.896000000000004,24.4
81800,26.896000000000004,24.4
81900,26.896000000000004,24.4
82000,26.896000000000004,24.4
82100,26.896000000000004,24.4
82200,26.896000000000004,24.4
82300,26.896000000000004,24.4
82400,26.896000000000004,24.4
82500,26.896000000000004,24.4
82600,26.896000000000004,24.4
82700,26.896000000000004,24.4
82800,26.896000000000004,24.4
82900,26.896000000000004,24.4
83000,26.896000000000004,24.4
83100,26.896000000000004,24.4
83200,26.896000000000004,24.4
83300,26.896000000000004,24.4
83400,26.896000000000004,24.4
83500,26.896000000000004,24.4
83600,26.896000000000004,24.4
83700,26.896000000000004,24.4
83800,26.896000000000004,24.4
83900,26.896000000000004,24.4
84000,26.896000000000004,24.4
84100,26.896000000000004,24.4
84200,26.896000000000004,24.4
84300,26.896000000000004,24.4
84400,26.896000000000004,24.4
84500,26.896000000000004,24.4
84600,26.896000000000004,24.4
84700,26.896000000000004,24.4
84800,26.896000000000004,24.4
84900,26.896000000000004,24.4
85000,26.896000000000004,24.4
85100,26.896000000000004,24.4
85200,26.896000000000004,24.4
85300,26.896000000000004,24.4
85400,26.896000000000004,24.4
85500,26.896000000000004,24.4
85600,26.896000000000004,24.4
85700,26.896000000000004,24.4
85800,26.896000000000004,24.4
85900,26.896000000000004,24.4
86000,26.896000000000004,24.4
86100,26.896000000000004,24.4
86200,26.896000000000004,24.4
86300,26.896000000000004,24.4
86400,26.896000000000004,24.4
86500,26.896000000000004,24.4
86600,26.896000000000004,24.4
86700,26.896000000000004,24.4
86800,26.896000000000004,24.4
86900,26.896000000000004,24.4
87000,26.896000000000004,24.4
87100,26.896000000000004,24.4
87200,26.896000000000004,24.4
87300,26.896000000000004,24.4
87400,26.896000000000004,24.4
87500,26.896000000000004,24.4
87600,26.896000000000004,24.4
87700,26.896000000000004,24.4
87800,26.896000000000004,24.4
87900,26.896000000000004,24.4
88000,26.896000000000004,24.4
88100,26.896000000000004,24.4
88200,26.896000000000004,24.4
88300,26.896000000000004,24.4
88400,26.896000000000004,24.4
88500,26.896000000000004,24.4
88600,26.896000000000004,24.4
88700,26.896000000000004,24.4
88800,26.896000000000004,24.4
88900,26.896000000000004,24.4
89000,26.896000000000004,24.4
89100,26.896000000000004,24.4
89200,26.896000000000004,24.4
89300,26.896000000000004,24.4
89400,26.896000000000004,24.4
89500,26.896000000000004,24.4
89600,26.896000000000004,24.4
89700,26.896000000000004,24.4
89800,26.896000000000004,24.4
89900,26.896000000000004,24.4
90000,26.896000000000004,24.4
90100,26.896000000000004,24.4
90200,26.896000000000004,24.4
90300,26.896000000000004,24.4
90400,26.896000000000004,24.4
90500,26.896000000000004,24.4
90600,26.896000000000004,24.4
90700,26.896000000000004,24.4
90800,26.896000000000004,24.4
90900,26.896000000000004,24.4
91000,26.896000000000004,24.4
91100,26.896000000000004,24.4
91200,26.896000000000004,24.4
91300,26.896000000000004,24.4
91400,26.896000000000004,24.4
91500,26.896000000000004,24.4
91600,26.896000000000004,24.4
91700,26.896000000000004,24.4
91800,26.896000000000004,24.4
91900,26.896000000000004,24.4
92000,26.896000000000004,24.4
92100,26.896000000000004,24.4
92200,26.896000000000004,24.4
92300,26.896000000000004,24.4
92400,26.896000000000004,24.4
92500,26.896000000000004,24.4
92600,26.896000000000004,24.4
92700,26.896000000000004,24.4
92800,26.896000000000004,24.4
92900,26.896000000000004,24.4
93000,26.896000000000004,24.4
93100,26.896000000000004,24.4
93200,26.896000000000004,24.4
93300,26.896000000000004,24.4
93400,26.896000000000004,24.4
93500,26.896000000000004,24.4
93600,26.896000000000004,24.4
93700,26.896000000000004,24.4
93800,26.896000000000004,24.4
93900,26.896000000000004,24.4
94000,26.896000000000004,24.4
94100,26.896000000000004,24.4
94200,26.896000000000004,24.4
94300,26.896000000000004,24.4
94400,26.896000000000004,24.4
94500,26.896000000000004,24.4
94600,26.896000000000004,24.4
94700,26.896000000000004,24.4
94800,26.896000000000004,24.4
94900,26.896000000000004,24.4
95000,26.896000000000004,24.4
95100,26.896000000000004,24.4
95200,26.896000000000004,24.4
95300,26.896000000000004,24.4
95400,26.896000000000004,24.4
95500,26.896000000000004,24.4
95600,26.896000000000004,24.4
95700,26.896000000000004,24.4
95800,26.896000000000004,24.4
95900,26.896000000000004,24.4
96000,26.896000000000004,24.4
96100,26.896000000000004,24.4
96200,26.896000000000004,24.4
96300,26.896000000000004,24.4
96400,26.896000000000004,24.4
96500,26.896000000000004,24.4
96600,26.896000000000004,24.4
96700,26.896000000000004,24.4
96800,26.896000000000004,24.4
96900,26.896000000000004,24.4
97000,26.896000000000004,24.4
97100,26.896000000000004,24.4
97200,26.896000000000004,24.4
97300,26.776,24.4
97400,26.776,24.4
97500,26.568,24.4
97600,26.568,24.4
97700,26.568,24.4
97800,26.568,24.4
97900,26.568,24.4
98000,26.568,24.4
98100,26.568,24.4
98200,26.568,24.4
98300,26.568,24.4
98400,26.568,24.4
98500,26.568,24.4
98600,26.568,24.4
98700,26.568,24.4
98800,26.568,24.4
98900,26.568,24.4
99000,26.568,24.4
99100,26.568,24.4
99200,26.568,24.4
99300,26.568,24.4
99400,26.568,24.4
99500,26.568,24.4
99600,26.568,24.4
99700,26.568,24.4
99800,26.568,24.4
99900,26.568,24.4
100000,26.568,24.4
100100,26.568,24.4
100200,26.568,24.4
100300,26.568,24.4
100400,26.568,24.4
100500,26.568,24.4
100600,26.568,24.4
100700,26.568,24.4
100800,26.568,24.4
100900,26.568,24.4
101000,26.568,24.4
101100,26.568,24.4
101200,26.568,24.4
101300,26.568,24.4
101400,26.568,24.4
101500,26.568,24.4
101600,26.568,24.4
101700,26.568,24.4
101800,26.568,24.4
101900,26.568,24.4
102000,26.568,24.4
102100,26.568,24.4
102200,26.568,24.4
102300,26.568,24.4
102400,26.568,24.4
102500,26.568,24.4
102600,26.568,24.4
102700,26.095999999999997,24.4
102800,25.952000000000005,24.2
102900,25.952000000000005,24.2
103000,25.952000000000005,24.2
103100,25.952000000000005,24.2
103200,25.952000000000005,24.2
103300,25.952000000000005,24.2
103400,25.952000000000005,24.2
103500,25.952000000000005,24.2
103600,25.952000000000005,24.2
103700,25.952000000000005,24.2
103800,25.952000000000005,24.2
103900,25.952000000000005,24.2
104000,25.952000000000005,24.2
104100,25.952000000000005,24.2
104200,25.952000000000005,24.2
104300,25.952000000000005,24.2
104400,25.952000000000005,24.2
104500,25.952000000000005,24.2
104600,25.952000000000005,24.2
104700,25.952000000000005,24.2
104800,25.952000000000005,24.2
104900,25.952000000000005,24.2
105000,25.952000000000005,24.2
105100,25.952000000000005,24.2
105200,25.952000000000005,24.2
105300,25.952000000000005,24.2
105400,25.952000000000005,24.2
105500,25.952000000000005,24.2
105600,25.952000000000005,24.2
105700,25.952000000000005,24.2
105800,25.952000000000005,24.2
105900,25.952000000000005,24.2
106000,25.952000000000005,24.2
106100,25.952000000000005,24.2
106200,25.952000000000005,24.2
106300,25.952000000000005,24.2
106400,25.952000000000005,24.2
106500,25.952000000000005,24.2
106600,25.952000000000005,24.2
106700,25.952000000000005,24.2
106800,25.952000000000005,24.2
106900,25.952000000000005,24.2
107000,25.952000000000005,24.2
107100,25.952000000000005,24.2
107200,25.952000000000005,24.2
107300,25.952000000000005,24.2
107400,25.952000000000005,24.2
107500,25.952000000000005,24.2
107600,25.952000000000005,24.2
107700,25.952000000000005,24.2
107800,25.952000000000005,24.2
107900,25.952000000000005,24.2
108000,25.952000000000005,24.2
108100,25.952000000000005,24.2
108200,25.952000000000005,24.2
108300,25.952000000000005,24.2
108400,25.952000000000005,24.2
108500,25.952000000000005,24.2
108600,25.952000000000005,24.2
108700,25.952000000000005,24.2
108800,25.952000000000005,24.2
108900,25.952000000000005,24.2
109000,25.952000000000005,24.2
109100,25.952000000000005,24.2
109200,25.952000000000005,24.2
109300,25.952000000000005,24.2
109400,25.952000000000005,24.2
109500,25.952000000000005,24.2
109600,25.952000000000005,24.2
109700,25.952000000000005,24.2
109800,25.952000000000005,24.2
109900,25.952000000000005,24.2
110000,25.952000000000005,24.2
110100,25.952000000000005,24.2
110200,25.952000000000005,24.2
110300,25.952000000000005,24.2
110400,25.952000000000005,24.2
110500,25.952000000000005,24.2
110600,25.952000000000005,24.2
110700,25.952000000000005,24.2
110800,25.952000000000005,24.2
110900,25.952000000000005,24.2
111000,25.952000000000005,24.2
111100,25.952000000000005,24.2
111200,25.952000000000005,24.2
111300,25.952000000000005,24.2
111400,25.952000000000005,24.2
111500,25.952000000000005,24.2
111600,25.952000000000005,24.2
111700,25.952000000000005,24.2
111800,25.952000000000005,24.2
111900,25.952000000000005,24.2
112000,25.952000000000005,24.2
112100,25.952000000000005,24.2
112200,25.952000000000005,24.2
112300,25.952000000000005,24.2
112400,25.952000000000005,24.2
112500,25.952000000000005,24.2
112600,25.952000000000005,24.2
112700,25.832,24.4
112800,25.832,24.4
112900,25.832,24.4
113000,25.832,24.4
113100,25.832,24.4
113200,25.832,24.4
113300,25.832,24.4
113400,25.832,24.4
113500,25.832,24.4
113600,25.832,24.4
113700,25.832,24.4
113800,25.832,24.4
113900,25.832,24.4
114000,25.832,24.4
114100,25.832,24.4
114200,25.832,24.4
114300,25.832,24.4
114400,25.832,24.4
114500,25.832,24.4
114600,25.832,24.4
114700,25.832,24.4
114800,25.832,24.4
114900,25.832,24.4
115000,25.832,24.4
115100,25.832,24.4
115200,25.832,24.4
115300,25.768,24.4
115400,25.768,24.4
115500,25.768,24.4
115600,25.768,24.4
115700,25.768,24.4
115800,25.768,24.4
115900,25.768,24.4
116000,25.768,24.4
116100,25.768,24.4
116200,25.768,24.4
116300,25.768,24.4
116400,25.768,24.4
116500,25.768,24.4
116600,25.768,24.4
116700,25.768,24.4
116800,25.768,24.4
116900,25.768,24.4
117000,25.768,24.4
117100,25.768,24.4
117200,25.768,24.4
117300,25.768,24.4
117400,25.768,24.4
117500,25.768,24.4
117600,25.768,24.4
117700,25.768,24.4
117800,25.768,24.4
117900,25.768,24.4
118000,25.768,24.4
118100,25.768,24.4
118200,25.768,24.4
118300,25.768,24.4
118400,25.768,24.4
118500,25.768,24.4
118600,25.768,24.4
118700,25.72,24.4
118800,25.72,24.4
118900,25.72,24.4
119000,25.72,24.4
119100,25.72,24.4
119200,25.72,24.4
119300,25.72,24.4
119400,25.72,24.4
119500,25.72,24.4
119600,25.72,24.4
119700,25.72,24.4
119800,25.72,24.4
119900,25.72,24.4
120000,25.72,24.4
120100,25.72,24.4
120200,25.72,24.4
120300,25.72,24.4
120400,25.72,24.4
120500,25.72,24.4
120600,25.72,24.4
120700,25.72,24.4
120800,25.72,24.4
120900,25.72,24.4
121000,25.72,24.4
121100,25.72,24.4
121200,25.72,24.4
121300,25.72,24.4
121400,25.72,24.4
121500,25.72,24.4
121600,25.72,24.4
121700,25.72,24.4
121800,25.72,24.4
121900,25.72,24.4
122000,25.72,24.4
122100,25.72,24.4
122200,25.72,24.4
122300,25.72,24.4
122400,25.72,24.4
122500,25.72,24.4
122600,25.72,24.4
122700,25.72,24.4
122800,25.72,24.4
122900,25.72,24.4
123000,25.72,24.4
123100,25.72,24.4
123200,25.72,24.4
123300,25.72,24.4
123400,25.72,24.4
123500,25.72,24.4
123600,25.72,24.4
123700,25.72,24.4
123800,25.72,24.4
123900,25.72,24.4
124000,25.72,24.4
124100,25.72,24.4
124200,25.72,24.4
124300,25.72,24.4
124400,25.72,24.4
124500,25.72,24.4
124600,25.72,24.4
124700,25.72,24.4
124800,25.72,24.4
124900,25.72,24.4
125000,25.72,24.4
125100,25.72,24.4
125200,25.72,24.4
125300,25.72,24.4
125400,25.72,24.4
125500,25.72,24.4
125600,25.72,24.4
125700,25.72,24.4
125800,25.72,24.4
125900,25.72,24.4
126000,25.72,24.4
126100,25.72,24.4
126200,25.72,24.4
126300,25.72,24.4
126400,25.72,24.4
126500,25.72,24.4
126600,25.72,24.4
126700,25.72,24.4
126800,25.72,24.4
126900,25.72,24.4
127000,25.72,24.4
127100,25.72,24.4
127200,25.72,24.4
127300,25.72,24.4
127400,25.72,24.4
127500,25.72,24.4
127600,25.72,24.4
127700,25.72,24.4
127800,25.72,24.4
127900,25.72,24.4
128000,25.72,24.4
128100,25.72,24.4
128200,25.72,24.4
128300,25.72,24.4
128400,25.72,24.4
128500,25.72,24.4
128600,25.72,24.4
128700,25.72,24.4
128800,25.72,24.4
128900,25.72,24.4
129000,25.72,24.4
129100,25.72,24.4
129200,25.72,24.4
129300,25.72,24.4
129400,25.72,24.4
129500,25.72,24.4
129600,25.72,24.4
129700,25.72,24.4
129800,25.72,24.4
129900,25.72,24.4
130000,25.72,24.4
130100,25.72,24.4
130200,25.72,24.4
130300,25.72,24.4
130400,25.72,24.4
130500,25.72,24.4
130600,25.72,24.4
130700,25.72,24.4
130800,25.72,24.4
130900,25.72,24.4
131000,25.72,24.4
131100,25.72,24.4
131200,25.72,24.4
131300,25.72,24.4
131400,25.72,24.4
131500,25.72,24.4
131600,25.72,24.4
131700,25.72,24.4
131800,25.72,24.4
131900,25.72,24.4
132000,25.72,24.4
132100,25.72,24.4
132200,25.72,24.4
132300,25.72,24.4
132400,25.72,24.4
132500,25.72,24.4
132600,25.72,24.4
132700,25.72,24.4
132800,25.72,24.4
132900,25.72,24.4
133000,25.72,24.4
133100,25.72,24.4
133200,25.72,24.4
133300,25.72,24.4
133400,25.72,24.4
133500,25.72,24.4
133600,25.72,24.4
133700,25.72,24.4
133800,25.72,24.4
133900,25.72,24.4
134000,25.72,24.4
134100,25.72,24.4
134200,25.72,24.4
134300,25.72,24.4
134400,25.72,24.4
134500,25.72,24.4
134600,25.72,24.4
134700,25.72,24.4
134800,25.72,24.4
134900,25.72,24.4
135000,25.72,24.4
135100,25.72,24.4
135200,25.72,24.4
135300,25.72,24.4
135400,25.72,24.4
135500,25.72,24.4
135600,25.72,24.4
135700,25.72,24.4
135800,25.72,24.4
135900,25.72,24.4
136000,25.528000000000002,24.4
136100,25.528000000000002,24.4
136200,25.528000000000002,24.4
136300,25.528000000000002,24.4
136400,25.528000000000002,24.4
136500,25.528000000000002,24.4
136600,25.528000000000002,24.4
136700,25.528000000000002,24.4
136800,25.528000000000002,24.4
136900,25.528000000000002,24.4
137000,25.528000000000002,24.4
137100,25.528000000000002,24.4
137200,25.528000000000002,24.4
137300,25.528000000000002,24.4
137400,25.528000000000002,24.4
137500,25.528000000000002,24.4
137600,25.528000000000002,24.4
137700,25.528000000000002,24.4
137800,25.528000000000002,24.4
137900,25.528000000000002,24.4
138000,25.528000000000002,24.4
138100,25.528000000000002,24.4
138200,25.528000000000002,24.4
138300,25.528000000000002,24.4
138400,25.528000000000002,24.4
138500,25.528000000000002,24.4
138600,25.528000000000002,24.4
138700,25.528000000000002,24.4
138800,25.528000000000002,24.4
138900,25.528000000000002,24.4
139000,25.528000000000002,24.4
139100,25.528000000000002,24.4
139200,25.528000000000002,24.4
139300,25.528000000000002,24.4
139400,25.528000000000002,24.4
139500,25.528000000000002,24.4
139600,25.528000000000002,24.4
139700,25.528000000000002,24.4
139800,25.528000000000002,24.4
139900,25.528000000000002,24.4
140000,25.528000000000002,24.4
140100,25.136,24.4
140200,25.136,24.4
140300,25.136,24.4
140400,25.136,24.4
140500,25.136,24.4
140600,25.136,24.4
140700,25.136,24.4
140800,25.136,24.4
140900,25.136,24.4
141000,25.136,24.4
141100,25.136,24.4
141200,25.136,24.4
141300,25.136,24.4
141400,25.136,24.4
141500,25.136,24.4
141600,25.136,24.4
141700,25.136,24.4
141800,25.136,24.4
141900,25.136,24.4
142000,25.136,24.4
142100,25.136,24.4
142200,25.136,24.4
142300,25.136,24.4
142400,25.136,24.4
142500,25.136,24.4
142600,25.136,24.4
142700,25.136,24.4
142800,25.136,24.4
142900,25.136,24.4
143000,25.136,24.4
143100,25.136,24.4
143200,25.136,24.4
143300,25.136,24.4
143400,25.136,24.4
143500,25.136,24.4
143600,25.136,24.4
143700,25.136,24.4
143800,25.136,24.4
143900,25.136,24.4
144000,25.136,24.4
144100,25.136,24.4
144200,25.136,24.4
144300,25.136,24.4
144400,25.136,24.4
144500,25.136,24.4
144600,25.136,24.4
144700,25.136,24.4
144800,25.136,24.4
144900,25.136,24.4
145000,25.136,24.4
145100,25.136,24.4
145200,25.136,24.4
145300,25.136,24.4
145400,25.136,24.4
145500,25.136,24.4
145600,25.136,24.4
145700,25.072,24.4
145800,25.072,24.4
145900,25.072,24.4
146000,25.072,24.4
146100,25.072,24.4
146200,25.072,24.4
146300,25.072,24.4
146400,25.072,24.4
146500,25.072,24.4
146600,25.072,24.4
146700,25.072,24.4
146800,25.072,24.4
146900,25.072,24.4
147000,25.032000000000004,24.4
147100,25.032000000000004,24.4
147200,25.032000000000004,24.4
147300,25.032000000000004,24.4
147400,25.032000000000004,24.4
147500,25.032000000000004,24.4
147600,25.032000000000004,24.4
147700,25.032000000000004,24.4
147800,25.032000000000004,24.4
147900,25.032000000000004,24.4
148000,25.032000000000004,24.4
148100,25.032000000000004,24.4
148200,25.032000000000004,24.4
148300,25.032000000000004,24.4
148400,25.032000000000004,24.4
148500,25.032000000000004,24.4
148600,25.032000000000004,24.4
148700,25.032000000000004,24.4
148800,25.032000000000004,24.4
148900,25.032000000000004,24.4
149000,25.032000000000004,24.4
149100,25.032000000000004,24.4
149200,25.032000000000004,24.4
149300,25.032000000000004,24.4
149400,25.032000000000004,24.4
149500,25.032000000000004,24.4
149600,25.032000000000004,24.4
149700,25.032000000000004,24.4
149800,25.032000000000004,24.4
149900,25.032000000000004,24.4
150000,25.032000000000004,24.4
150100,25.032000000000004,24.4
150200,25.032000000000004,24.4
150300,25.032000000000004,24.4
150400,25.032000000000004,24.4
150500,25.032000000000004,24.4
150600,25.032000000000004,24.4
150700,25.032000000000004,24.4
150800,25.032000000000004,24.4
150900,25.032000000000004,24.4
151000,25.032000000000004,24.4
151100,25.032000000000004,24.4
151200,25.032000000000004,24.4
151300,25.032000000000004,24.4
151400,25.032000000000004,24.4
151500,25.032000000000004,24.4
151600,25.032000000000004,24.4
151700,25.032000000000004,24.4
151800,25.032000000000004,24.4
151900,25.032000000000004,24.4
152000,25.032000000000004,24.4
152100,25.032000000000004,24.4
152200,25.032000000000004,24.4
152300,25.032000000000004,24.4
152400,25.032000000000004,24.4
152500,25.032000000000004,24.4
152600,25.032000000000004,24.4
152700,25.032000000000004,24.4
152800,25.032000000000004,24.4
152900,25.032000000000004,24.4
153000,25.032000000000004,24.4
153100,25.032000000000004,24.4
153200,25.032000000000004,24.4
153300,25.032000000000004,24.4
153400,25.032000000000004,24.4
153500,25.032000000000004,24.4
153600,25.032000000000004,24.4
153700,25.032000000000004,24.4
153800,25.032000000000004,24.4
153900,25.032000000000004,24.4
154000,25.032000000000004,24.4
154100,25.032000000000004,24.4
154200,25.032000000000004,24.4
154300,25.032000000000004,24.4
154400,25.032000000000004,24.4
154500,25.032000000000004,24.4
154600,25.032000000000004,24.4
154700,25.032000000000004,24.4
154800,25.032000000000004,24.4
154900,25.032000000000004,24.4
155000,25.032000000000004,24.4
155100,25.032000000000004,24.4
155200,25.032000000000004,24.4
155300,25.032000000000004,24.4
155400,25.032000000000004,24.4
155500,25.032000000000004,24.4
155600,25.032000000000004,24.4
155700,25.032000000000004,24.4
155800,25.032000000000004,24.4
155900,25.032000000000004,24.4
156000,25.032000000000004,24.4
156100,25.032000000000004,24.4
156200,25.032000000000004,24.4
156300,25.032000000000004,24.4
156400,25.032000000000004,24.4
156500,25.032000000000004,24.4
156600,25.032000000000004,24.4
156700,25.032000000000004,24.4
156800,25.032000000000004,24.4
156900,25.032000000000004,24.4
157000,25.032000000000004,24.4
157100,25.032000000000004,24.4
157200,25.032000000000004,24.4
157300,25.032000000000004,24.4
157400,25.032000000000004,24.4
157500,25.032000000000004,24.4
157600,25.032000000000004,24.4
157700,25.032000000000004,24.4
157800,25.032000000000004,24.4
157900,25.032000000000004,24.4
158000,25.032000000000004,24.4
158100,25.032000000000004,24.4
158200,25.032000000000004,24.4
158300,25.032000000000004,24.4
158400,25.032000000000004,24.4
158500,25.032000000000004,24.4
158600,25.032000000000004,24.4
158700,25.032000000000004,24.4
158800,25.032000000000004,24.4
158900,25.032000000000004,24.4
159000,25.032000000000004,24.4
159100,25.032000000000004,24.4
159200,25.032000000000004,24.4
159300,25.032000000000004,24.4
159400,25.032000000000004,24.4
159500,25.032000000000004,24.4
159600,25.032000000000004,24.4
159700,25.032000000000004,24.4
159800,25.032000000000004,24.4
159900,25.032000000000004,24.4
160000,25.032000000000004,24.4
160100,25.032000000000004,24.4
160200,25.032000000000004,24.4
160300,25.032000000000004,24.4
160400,25.032000000000004,24.4
160500,25.032000000000004,24.4
160600,25.032000000000004,24.4
160700,25.032000000000004,24.4
160800,25.032000000000004,24.4
160900,25.032000000000004,24.4
161000,25.032000000000004,24.4
161100,25.032000000000004,24.4
161200,25.032000000000004,24.4
161300,25.032000000000004,24.4
161400,25.032000000000004,24.4
161500,25.032000000000004,24.4
161600,25.032000000000004,24.4
161700,25.032000000000004,24.4
161800,25.032000000000004,24.4
161900,25.032000000000004,24.4
162000,25.032000000000004,24.4
162100,25.032000000000004,24.4
162200,25.032000000000004,24.4
162300,25.032000000000004,24.4
162400,25.032000000000004,24.4
162500,25.032000000000004,24.4
162600,25.032000000000004,24.4
162700,25.032000000000004,24.4
162800,25.032000000000004,24.4
162900,25.032000000000004,24.4
163000,25.032000000000004,24.4
163100,25.032000000000004,24.4
163200,25.032000000000004,24.4
163300,25.032000000000004,24.4
163400,25.032000000000004,24.4
163500,25.032000000000004,24.4
163600,25.032000000000004,24.4
163700,25.032000000000004,24.4
163800,25.032000000000004,24.4
163900,25.032000000000004,24.4
164000,25.032000000000004,24.4
164100,25.032000000000004,24.4
164200,25.032000000000004,24.4
164300,25.032000000000004,24.4
164400,25.032000000000004,24.4
164500,25.032000000000004,24.4
164600,25.032000000000004,24.4
164700,25.032000000000004,24.4
164800,25.032000000000004,24.4
164900,25.032000000000004,24.4
165000,25.032000000000004,24.4
165100,25.032000000000004,24.4
165200,25.032000000000004,24.4
165300,25.032000000000004,24.4
165400,25.032000000000004,24.4
165500,25.032000000000004,24.4
165600,25.032000000000004,24.4
165700,25.032000000000004,24.4
165800,24.944,24.4
165900,24.944,24.4
166000,24.944,24.4
166100,24.944,24.4
166200,24.944,24.4
166300,24.944,24.4
166400,24.944,24.4
166500,24.944,24.4
166600,24.944,24.4
166700,24.944,24.4
166800,24.944,24.4
166900,24.944,24.4
167000,24.944,24.4
167100,24.944,24.4
167200,24.944,24.4
167300,24.944,24.4
167400,24.944,24.4
167500,24.944,24.4
167600,24.944,24.4
167700,24.944,24.4
167800,24.944,24.4
167900,24.944,24.4
168000,24.944,24.4
168100,24.944,24.4
168200,24.944,24.4
168300,24.944,24.4
168400,24.944,24.4
168500,24.944,24.4
168600,24.944,24.4
168700,24.944,24.4
168800,24.944,24.4
168900,24.944,24.4
169000,24.944,24.4
169100,24.944,24.4
169200,24.944,24.4
169300,24.944,24.4
169400,24.944,24.4
169500,24.944,24.4
169600,24.944,24.4
169700,24.904000000000003,24.4
169800,24.904000000000003,24.4
169900,24.904000000000003,24.4
170000,24.904000000000003,24.4
170100,24.904000000000003,24.4
170200,24.904000000000003,24.4
170300,24.904000000000003,24.4
170400,24.904000000000003,24.4
170500,24.904000000000003,24.4
170600,24.904000000000003,24.4
170700,24.904000000000003,24.4
170800,24.904000000000003,24.4
170900,24.904000000000003,24.4
171000,24.904000000000003,24.4
171100,24.904000000000003,24.4
171200,24.904000000000003,24.4
171300,24.904000000000003,24.4
171400,24.904000000000003,24.4
171500,24.904000000000003,24.4
171600,24.904000000000003,24.4
171700,24.904000000000003,24.4
171800,24.904000000000003,24.4
171900,24.904000000000003,24.4
172000,24.904000000000003,24.4
172100,24.904000000000003,24.4
172200,24.904000000000003,24.4
172300,24.904000000000003,24.4
172400,24.904000000000003,24.4
172500,24.904000000000003,24.4
172600,24.904000000000003,24.4
172700,24.904000000000003,24.4
172800,24.904000000000003,24.4
172900,24.904000000000003,24.4
173000,24.904000000000003,24.4
173100,24.728,24.4
173200,24.728,24.4
173300,24.728,24.4
173400,24.728,24.4
173500,24.728,24.4
173600,24.728,24.4
173700,24.728,24.4
173800,24.728,24.4
173900,24.728,24.4
174000,24.728,24.4
174100,24.728,24.4
174200,24.728,24.4
174300,24.728,24.4
174400,24.472,24.2
174500,24.472,24.2
174600,24.472,24.2
174700,24.472,24.2
174800,24.472,24.2
174900,24.472,24.2
175000,24.472,24.2
175100,24.472,24.2
175200,24.472,24.2
175300,24.472,24.2
175400,24.472,24.2
175500,24.472,24.2
175600,24.472,24.2
175700,24.44,24.2
175800,24.44,24.2
175900,24.44,24.2
176000,24.44,24.2
176100,24.44,24.2
176200,24.44,24.2
176300,24.44,24.2
176400,24.44,24.2
176500,24.44,24.2
176600,24.44,24.2
176700,24.44,24.2
176800,24.44,24.2
176900,24.44,24.2
177000,24.44,24.2
177100,24.44,24.2
177200,24.44,24.2
177300,24.44,24.2
177400,24.44,24.2
177500,24.44,24.2
177600,24.44,24.2
177700,24.44,24.2
177800,24.44,24.2
177900,24.44,24.2
178000,24.44,24.2
178100,24.44,24.2
178200,24.44,24.2
178300,24.44,24.2
178400,24.44,24.2
178500,24.44,24.2
178600,24.44,24.2
178700,24.384,24.2
178800,24.384,24.2
178900,24.384,24.2
179000,24.384,24.2
179100,24.384,24.2
179200,24.384,24.2
179300,24.384,24.2
179400,24.384,24.2
179500,24.384,24.2
179600,24.384,24.2
179700,24.384,24.2
179800,24.384,24.2
179900,24.384,24.2
180000,24.384,24.2
180100,24.384,24.2
180200,24.384,24.2
180300,24.384,24.2
180400,24.384,24.2
180500,24.384,24.2
180600,24.384,24.2
180700,24.384,24.2
180800,24.384,24.2
180900,24.384,24.2
181000,24.384,24.2
181100,24.384,24.2
181200,24.384,24.2
181300,24.384,24.2
181400,24.384,24.2
181500,24.384,24.2
181600,24.384,24.2
181700,24.384,24.2
181800,24.384,24.2
181900,24.384,24.2
182000,24.384,24.2
182100,24.384,24.2
182200,24.384,24.2
182300,24.384,24.2
182400,24.384,24.2
182500,24.384,24.2
182600,24.384,24.2
182700,24.384,24.2
182800,24.384,24.2
182900,24.384,24.2
183000,24.384,24.2
183100,24.384,24.2
183200,24.384,24.2
183300,24.384,24.2
183400,24.384,24.2
183500,24.384,24.2
183600,24.384,24.2
183700,24.384,24.2
183800,24.384,24.2
183900,24.384,24.2
184000,24.384,24.2
184100,24.384,24.2
184200,24.384,24.2
184300,24.384,24.2
184400,24.384,24.2
184500,24.384,24.2
184600,24.384,24.2
184700,24.384,24.2
184800,24.384,24.2
184900,24.384,24.2
185000,24.384,24.2
185100,24.384,24.2
185200,24.384,24.2
185300,24.384,24.2
185400,24.384,24.2
185500,24.384,24.2
185600,24.384,24.2
185700,24.384,24.2
185800,24.384,24.2
185900,24.384,24.2
186000,24.384,24.2
186100,24.384,24.2
186200,24.384,24.2
186300,24.384,24.2
186400,24.384,24.2
186500,24.384,24.2
186600,24.384,24.2
186700,24.384,24.2
186800,24.384,24.2
186900,24.384,24.2
187000,24.384,24.2
187100,24.384,24.2
187200,24.384,24.2
187300,24.384,24.2
187400,24.384,24.2
187500,24.384,24.2
187600,24.384,24.2
187700,24.384,24.2
187800,24.384,24.2
187900,24.384,24.2
188000,24.384,24.2
188100,24.384,24.2
188200,24.384,24.2
188300,24.384,24.2
188400,24.384,24.2
188500,24.384,24.2
188600,24.384,24.2
188700,24.384,24.2
188800,24.384,24.2
188900,24.384,24.2
189000,24.384,24.2
189100,24.384,24.2
189200,24.384,24.2
189300,24.384,24.2
189400,24.384,24.2
189500,24.384,24.2
189600,24.384,24.2
189700,24.384,24.2
189800,24.384,24.2
189900,24.384,24.2
190000,24.384,24.2
190100,24.384,24.2
190200,24.384,24.2
190300,24.384,24.2
190400,24.384,24.2
190500,24.384,24.2
190600,24.240000000000002,24.2
190700,24.240000000000002,24.2
190800,24.240000000000002,24.2
190900,24.240000000000002,24.2
191000,24.240000000000002,24.2
191100,24.240000000000002,24.2
191200,24.240000000000002,24.2
191300,24.240000000000002,24.2
191400,24.240000000000002,24.2
191500,24.240000000000002,24.2
191600,24.088,24
191700,24.088,24
191800,24.088,24
191900,24.088,24
192000,24.088,24
192100,24.088,24
192200,24.088,24
192300,24.088,24
192400,24.088,24
192500,24.088,24
192600,24.088,24
192700,24.088,24
192800,24.088,24
192900,24.088,24
193000,24.088,24
193100,24.088,24
193200,24.088,24
193300,24.088,24
193400,24.088,24
193500,24.088,24
193600,24.088,24
193700,24.088,24
193800,24.088,24
193900,24.088,24
194000,24.088,24
194100,24.088,24
194200,24.088,24
194300,24.088,24
194400,24.088,24
194500,24.088,24
194600,24.088,24
194700,24.088,24
194800,24.088,24
194900,24.088,24
195000,24.088,24
195100,24.088,24
195200,24.088,24
195300,24.088,24
195400,24.088,24
195500,24.088,24
195600,24.088,24
195700,24.088,24
195800,24.088,24
195900,24.088,24
196000,24.088,24
196100,24.088,24
196200,24.088,24
196300,24.088,24
196400,24.088,24
196500,24.088,24
196600,24.088,24
196700,24.088,24
196800,24.088,24
196900,24.088,24
197000,24.088,24
197100,24.088,24
197200,24.088,24
197300,24.088,24
197400,24.088,24
197500,24.088,24
197600,24.088,24
197700,24.088,24
197800,24.088,24
197900,24.088,24
198000,24.088,24
198100,24.088,24
198200,24.088,24
198300,24.088,24
198400,24.088,24
198500,24.088,24
198600,24.088,24
198700,24.088,24
198800,24.088,24
198900,24.088,24
199000,24.088,24
199100,24.088,24
199200,24.088,24
199300,24.088,24
199400,24.088,24
199500,24.088,24
199600,24.088,24
199700,24.088,24
199800,24.088,24
199900,24.088,24
199999,24.088,24

START ALGORITHM
h6: (a34) * (-b15)
h11: (a51 + a45 + a25 + a34 - a41 - a42 - a45 - a23 - a23 - a45 - a14 - a41) * (-b11 - b52)
h13: (-a13 - a35 - a34 - a55) * (b11 + b55)
h15: (a32 + a41 - a52 - a21 - a54 - a53) * (b15 + b55 - b15)
h16: (a33) * (b42)
h18: (a43 - a11 - a43) * (b54 + b43 - b25 - b44)
h23: (a23 + a24 - a41) * (b13)
h27: (a33 + a52 + a31 - a45 - a23 - a25) * (b53 + b24 + b45 + b14 - b22 - b44 - b51 - b34)
h33: (-a42 - a45 - a42) * (b53 + b35 - b31)
h34: (-a23) * (-b23 - b44 - b22)
h38: (-a14 - a45) * (-b25)
h40: (a12 - a34 - a14) * (b22 + b41 - b44 - b11)
h42: (a23) * (b51)
h44: (-a35 - a54 - a23) * (b41 - b43)
h45: (a15 + a51 - a51) * (-b25)
h47: (a21 + a41 + a11) * (b54)
h54: (a54 - a14 - a14 - a33 - a34 - a52) * (b55)
h58: (a41 - a55 - a55) * (b15 - b35 - b55)
h60: (a11 + a22 + a34 - a55) * (b52 + b33 + b45 + b33 - b14)
h67: (a22 + a31 + a43 + a14 + a33 + a55 + a21 - a22 - a51 - a25 - a23 - a53) * (b41 + b41 + b54)
h69: (-a14) * (b15 - b54)
h71: (a32 + a13 + a22 - a53 - a51) * (b33 - b45 - b22)
h72: (a25) * (b41 + b53 + b35)
h74: (-a52) * (b33)
h77: (a33 + a25 + a11 + a15 - a53 - a41 - a43) * (-b12)
h80: (-a32) * (b44)
h81: (a14 + a11 + a44 + a53 + a55 + a25 + a14 - a43 - a35 - a15 - a43) * (b55 + b25 + b14 + b45 - b35)
h86: (a43 + a42 + a31 + a52 - a54 - a25 - a43 - a24 - a53 - a33 - a32 - a42 - a12 - a22 - a31 - a32 - a14 - a53) * (b23 - b35)
h96: (-a25 - a42 - a55) * (b12 - b44 - b12 - b33)
h100: (a52 + a32 + a15 + a32 + a42 - a35 - a34 - a21) * (b53 - b55)
h101: (a31) * (b45 - b52 - b52 - b13)
h106: (a35 + a41 - a23 - a12) * (b41 - b15)
h109: (-a54) * (b14 + b24 - b54 - b54)
h113: (a54) * (b45)
h115: (-a13) * (-b21)
h116: (-a51 - a21) * (b21)
h119: (a11 + a24 + a51 + a24 + a41 - a43 - a11 - a11 - a53 - a24 - a22 - a15) * (-b11)
h137: (a21 + a54 - a54) * (b55 + b15 - b52)
h175: (a23 - a52 - a15) * (-b13)
h242: (a44 + a54 - a33) * (b53 - b41)
h357: (a24 + a34 - a31) * (b14 + b22 + b45 + b21 - b51 - b55)
h403: (-a21) * (b32 - b42)
h425: (a13) * (-b23)
h451: (-a23) * (b43 - b32 - b53)
h525: (a15 + a15 + a51 + a32 + a11 + a21 - a45 - a14 - a25 - a42 - a35) * (-b13 - b25)
h551: (a12 + a14 + a51 - a15 - a25) * (b12 - b41 - b51)
h638: (a34 + a22) * (b21 - b14)
h905: (a51 - a54) * (b31)
h1304: (a43 - a35) * (b43 - b51 - b11)
h1538: (a52 + a35 - a52 - a33) * (b43 + b53 + b31 - b43)
h2387: (a41 + a21 + a55 - a42) * (b45 + b13)
h2495: (a23 + a55) * (b35 + b12 - b31)
h3095: (a54 - a53 - a24) * (b13 + b44 - b33)
h3443: (a12 + a13 + a22 + a35 - a25 - a53 - a25 - a54) * (b23)
h5069: (-a12) * (-b55)
h5185: (-a54) * (b33)
h5360: (a12) * (b51 - b24)
h5751: (-a24) * (b54 - b22 - b13 - b35 - b31 - b25 - b13)
h5992: (a51 + a13 + a22 + a15 + a32 - a25) * (b11 + b14 + b24 - b32 - b43 - b14 - b15)
h8275: (a11 + a23 - a51) * (b24 + b42)
h8587: (a51) * (b44 - b51 - b14)
h8712: (-a53) * (-b31)
h11157: (a53) * (b23 - b13 - b52 - b15 - b51)
h11434: (a12) * (-b31 - b55)
h18959: (-a34 - a42 - a25 - a31 - a51) * (-b42 - b22 - b51)
h24797: (a42 + a45) * (-b31 - b33 - b13)
h25016: (a41 + a22 + a33 - a51 - a54) * (b52 + b43 + b21 + b25 - b35)
h31972: (-a25) * (b14)
h32172: (a31 + a24 + a12) * (-b44)
h59297: (-a54) * (-b15)
h73420: (a25 + a52) * (-b25)
h87284: (-a42) * (b34)
h87905: (-a12 - a21) * (b45 + b24)
c11: h18 + h106 + h86 + h86 + h67 + h115 - h11 - h242 - h451 
c12: h109 + h15 + h109 
c13: h44 + h525 - h638 
c14: h13 - h551 
c15: - h6 - h11157 
c21: h47 + h25016 + h87284 
c22: h96 + h54 + h69 + h81 + h106 
c23: h2495 + h6 
c24: h74 + h60 + h5069 + h5185 - h5992 
c25: h73420 - h27 - h5751 
c31: h72 + h175 + h905 + h3095 + h72 + h32172 - h119 
c32: h34 + h425 + h119 - h357 - h1304 
c33: h54 + h3095 - h77 - h40 
c34: h137 + h116 + h24797 - h11434 
c35: h60 - h16 - h100 - h2387 - h59297 
c41: h8275 - h18959 
c42: h101 + h44 + h34 + h13 
c43: h42 + h113 + h119 + h23 + h425 - h8712 
c44: h1538 + h5360 - h45 - h109 
c45: h77 + h72 + h5360 - h27 - h87905 
c51: h81 - h58 
c52: h116 + h3443 + h5751 - h71 
c53: h38 + h16 
c54: h15 + h11 + h8587 + h54 - h80 - h33 - h2495 
c55: - h403 - h31972 
