0,175.82399999999998,25
100,107.48800000000001,25
200,85.536,25
300,66.584,24.6
400,61.736000000000004,24.6
500,54.184000000000005,24.6
600,50.83200000000001,24.6
700,49.104,24.8
800,44.647999999999996,24.8
900,44.344,24.8
1000,42.791999999999994,24.8
1100,40.368,25
1200,39.727999999999994,25
1300,39.128,25
1400,39.128,25
1500,39.128,25
1600,38.239999999999995,25
1700,38.239999999999995,25
1800,37.416000000000004,25
1900,37.016000000000005,24.8
2000,36.936,24.8
2100,36.879999999999995,24.8
2200,36.047999999999995,24.8
2300,34.64,24.6
2400,34.51199999999999,24.6
2500,34.248000000000005,24.6
2600,34.248000000000005,24.6
2700,34.248000000000005,24.6
2800,34.248000000000005,24.6
2900,33.711999999999996,24.6
3000,33.104,24.6
3100,32.672000000000004,24.6
3200,32.664,24.6
3300,32.664,24.6
3400,32.664,24.6
3500,32.664,24.6
3600,32.55200000000001,24.6
3700,32.456,24.6
3800,32.456,24.6
3900,32.456,24.6
4000,32.456,24.6
4100,32.456,24.6
4200,32.456,24.6
4300,32.064,24.6
4400,32.064,24.6
4500,32.064,24.6
4600,32.064,24.6
4700,32.04,24.6
4800,31.663999999999998,24.4
4900,31.663999999999998,24.4
5000,31.224,24.4
5100,31.224,24.4
5200,31.224,24.4
5300,31.224,24.4
5400,30.752,24.4
5500,30.752,24.4
5600,30.752,24.4
5700,30.752,24.4
5800,30.512,24.2
5900,30.512,24.2
6000,30.512,24.2
6100,30.512,24.2
6200,30.512,24.2
6300,30.080000000000002,24.2
6400,30.080000000000002,24.2
6500,30.080000000000002,24.2
6600,30.080000000000002,24.2
6700,30.080000000000002,24.2
6800,29.967999999999996,24.2
6900,29.967999999999996,24.2
7000,29.880000000000003,24.2
7100,29.816000000000003,24.2
7200,29.76,24.4
7300,29.76,24.4
7400,29.52,24.4
7500,29.52,24.4
7600,29.392000000000003,24.6
7700,28.839999999999996,24.6
7800,28.839999999999996,24.6
7900,28.839999999999996,24.6
8000,28.672000000000004,24.6
8100,28.672000000000004,24.6
8200,28.672000000000004,24.6
8300,28.672000000000004,24.6
8400,28.672000000000004,24.6
8500,28.672000000000004,24.6
8600,28.672000000000004,24.6
8700,28.672000000000004,24.6
8800,28.672000000000004,24.6
8900,28.296000000000003,24.6
9000,28.296000000000003,24.6
9100,28.296000000000003,24.6
9200,28.296000000000003,24.6
9300,27.640000000000004,24.4
9400,27.640000000000004,24.4
9500,27.559999999999995,24.4
9600,27.559999999999995,24.4
9700,27.559999999999995,24.4
9800,27.559999999999995,24.4
9900,27.559999999999995,24.4
10000,27.559999999999995,24.4
10100,27.559999999999995,24.4
10200,27.559999999999995,24.4
10300,27.559999999999995,24.4
10400,27.559999999999995,24.4
10500,27.407999999999998,24.4
10600,27.407999999999998,24.4
10700,27.407999999999998,24.4
10800,26.288,24.4
10900,26.288,24.4
11000,26.232,24.4
11100,26.232,24.4
11200,26.232,24.4
11300,26.232,24.4
11400,26.232,24.4
11500,26.232,24.4
11600,26.232,24.4
11700,26.232,24.4
11800,26.232,24.4
11900,26.232,24.4
12000,26.232,24.4
12100,26.232,24.4
12200,25.856,24.4
12300,25.856,24.4
12400,25.856,24.4
12500,25.856,24.4
12600,25.856,24.4
12700,25.856,24.4
12800,25.856,24.4
12900,25.847999999999995,24.4
13000,25.847999999999995,24.4
13100,25.847999999999995,24.4
13200,25.847999999999995,24.4
13300,25.847999999999995,24.4
13400,25.847999999999995,24.4
13500,25.847999999999995,24.4
13600,25.847999999999995,24.4
13700,25.847999999999995,24.4
13800,25.847999999999995,24.4
13900,25.847999999999995,24.4
14000,25.847999999999995,24.4
14100,25.816000000000003,24.4
14200,25.816000000000003,24.4
14300,25.816000000000003,24.4
14400,25.816000000000003,24.4
14500,25.816000000000003,24.4
14600,25.816000000000003,24.4
14700,25.816000000000003,24.4
14800,25.816000000000003,24.4
14900,25.816000000000003,24.4
15000,25.816000000000003,24.4
15100,25.816000000000003,24.4
15200,25.816000000000003,24.4
15300,25.816000000000003,24.4
15400,25.816000000000003,24.4
15500,25.816000000000003,24.4
15600,25.816000000000003,24.4
15700,25.816000000000003,24.4
15800,25.816000000000003,24.4
15900,25.816000000000003,24.4
16000,25.816000000000003,24.4
16100,25.816000000000003,24.4
16200,25.816000000000003,24.4
16300,25.816000000000003,24.4
16400,25.816000000000003,24.4
16500,25.816000000000003,24.4
16600,25.816000000000003,24.4
16700,25.816000000000003,24.4
16800,25.816000000000003,24.4
16900,25.816000000000003,24.4
17000,25.639999999999997,24.4
17100,25.639999999999997,24.4
17200,25.631999999999998,24.4
17300,25.631999999999998,24.4
17400,25.631999999999998,24.4
17500,25.631999999999998,24.4
17600,25.631999999999998,24.4
17700,25.631999999999998,24.4
17800,25.631999999999998,24.4
17900,25.631999999999998,24.4
18000,25.631999999999998,24.4
18100,25.631999999999998,24.4
18200,25.631999999999998,24.4
18300,25.503999999999998,24.4
18400,25.503999999999998,24.4
18500,25.503999999999998,24.4
18600,25.503999999999998,24.4
18700,25.503999999999998,24.4
18800,25.503999999999998,24.4
18900,25.503999999999998,24.4
19000,25.503999999999998,24.4
19100,25.503999999999998,24.4
19200,25.503999999999998,24.4
19300,25.503999999999998,24.4
19400,25.503999999999998,24.4
19500,25.503999999999998,24.4
19600,25.503999999999998,24.4
19700,25.503999999999998,24.4
19800,25.503999999999998,24.4
19900,25.503999999999998,24.4
20000,25.503999999999998,24.4
20100,25.503999999999998,24.4
20200,25.503999999999998,24.4
20300,25.503999999999998,24.4
20400,25.503999999999998,24.4
20500,25.503999999999998,24.4
20600,25.503999999999998,24.4
20700,25.503999999999998,24.4
20800,25.503999999999998,24.4
20900,25.503999999999998,24.4
21000,25.503999999999998,24.4
21100,25.32,24.4
21200,25.32,24.4
21300,24.832,24.4
21400,24.832,24.4
21500,24.832,24.4
21600,24.832,24.4
21700,24.832,24.4
21800,24.832,24.4
21900,24.560000000000002,24.4
22000,24.560000000000002,24.4
22100,24.560000000000002,24.4
22200,24.560000000000002,24.4
22300,24.560000000000002,24.4
22400,24.560000000000002,24.4
22500,24.560000000000002,24.4
22600,24.560000000000002,24.4
22700,24.560000000000002,24.4
22800,24.560000000000002,24.4
22900,24.560000000000002,24.4
23000,24.560000000000002,24.4
23100,24.560000000000002,24.4
23200,24.560000000000002,24.4
23300,24.560000000000002,24.4
23400,24.560000000000002,24.4
23500,24.560000000000002,24.4
23600,24.560000000000002,24.4
23700,24.560000000000002,24.4
23800,24.560000000000002,24.4
23900,24.151999999999997,24.4
24000,24.151999999999997,24.4
24100,24.151999999999997,24.4
24200,24.151999999999997,24.4
24300,24.151999999999997,24.4
24400,24.151999999999997,24.4
24500,24.151999999999997,24.4
24600,24.151999999999997,24.4
24700,24.151999999999997,24.4
24800,24.151999999999997,24.4
24900,24.151999999999997,24.4
25000,24.151999999999997,24.4
25100,24.151999999999997,24.4
25200,24.151999999999997,24.4
25300,24.151999999999997,24.4
25400,24.151999999999997,24.4
25500,24.151999999999997,24.4
25600,24.151999999999997,24.4
25700,24.151999999999997,24.4
25800,24.151999999999997,24.4
25900,24.151999999999997,24.4
26000,24.151999999999997,24.4
26100,24.151999999999997,24.4
26200,24.151999999999997,24.4
26300,24.151999999999997,24.4
26400,24.151999999999997,24.4
26500,24.151999999999997,24.4
26600,24.151999999999997,24.4
26700,24.151999999999997,24.4
26800,24.151999999999997,24.4
26900,24.151999999999997,24.4
27000,24.151999999999997,24.4
27100,24.151999999999997,24.4
27200,24.047999999999995,24.2
27300,24.047999999999995,24.2
27400,24.047999999999995,24.2
27500,24.047999999999995,24.2
27600,24.047999999999995,24.2
27700,24.047999999999995,24.2
27800,24.047999999999995,24.2
27900,24.047999999999995,24.2
28000,24.047999999999995,24.2
28100,24.047999999999995,24.2
28200,24.047999999999995,24.2
28300,24.047999999999995,24.2
28400,24.047999999999995,24.2
28500,24.047999999999995,24.2
28600,24.047999999999995,24.2
28700,24.047999999999995,24.2
28800,24.047999999999995,24.2
28900,24.047999999999995,24.2
29000,24.047999999999995,24.2
29100,24.047999999999995,24.2
29200,24.047999999999995,24.2
29300,24.047999999999995,24.2
29400,24.047999999999995,24.2
29500,24.047999999999995,24.2
29600,24.047999999999995,24.2
29700,24.047999999999995,24.2
29800,24.047999999999995,24.2
29900,24.047999999999995,24.2
30000,24.047999999999995,24.2
30100,24.047999999999995,24.2
30200,24.047999999999995,24.2
30300,24.047999999999995,24.2
30400,24.047999999999995,24.2
30500,24.047999999999995,24.2
30600,24.047999999999995,24.2
30700,24.047999999999995,24.2
30800,24.047999999999995,24.2
30900,24.047999999999995,24.2
31000,24.047999999999995,24.2
31100,24.047999999999995,24.2
31200,24.047999999999995,24.2
31300,24.047999999999995,24.2
31400,24.047999999999995,24.2
31500,23.936,24.2
31600,23.936,24.2
31700,23.936,24.2
31800,23.936,24.2
31900,23.936,24.2
32000,23.936,24.2
32100,23.936,24.2
32200,23.936,24.2
32300,23.936,24.2
32400,23.936,24.2
32500,23.936,24.2
32600,23.936,24.2
32700,23.936,24.2
32800,23.936,24.2
32900,23.936,24.2
33000,23.936,24.2
33100,23.936,24.2
33200,23.936,24.2
33300,23.936,24.2
33400,23.936,24.2
33500,23.936,24.2
33600,23.936,24.2
33700,23.936,24.2
33800,23.936,24.2
33900,23.936,24.2
34000,23.936,24.2
34100,23.936,24.2
34200,23.936,24.2
34300,23.936,24.2
34400,23.936,24.2
34500,23.936,24.2
34600,23.936,24.2
34700,23.936,24.2
34800,23.936,24.2
34900,23.936,24.2
35000,23.936,24.2
35100,23.936,24.2
35200,23.936,24.2
35300,23.936,24.2
35400,23.936,24.2
35500,23.936,24.2
35600,23.936,24.2
35700,23.936,24.2
35800,23.936,24.2
35900,23.936,24.2
36000,23.904,24.2
36100,23.904,24.2
36200,23.904,24.2
36300,23.904,24.2
36400,23.904,24.2
36500,23.904,24.2
36600,23.904,24.2
36700,23.904,24.2
36800,23.904,24.2
36900,23.904,24.2
37000,23.904,24.2
37100,23.904,24.2
37200,23.904,24.2
37300,23.904,24.2
37400,23.904,24.2
37500,23.904,24.2
37600,23.904,24.2
37700,23.904,24.2
37800,23.904,24.2
37900,23.904,24.2
38000,23.904,24.2
38100,23.904,24.2
38200,23.904,24.2
38300,23.904,24.2
38400,23.904,24.2
38500,23.904,24.2
38600,23.832,24.2
38700,23.832,24.2
38800,23.592000000000002,24.2
38900,23.592000000000002,24.2
39000,23.592000000000002,24.2
39100,23.592000000000002,24.2
39200,23.592000000000002,24.2
39300,23.592000000000002,24.2
39400,23.592000000000002,24.2
39500,23.592000000000002,24.2
39600,23.592000000000002,24.2
39700,23.592000000000002,24.2
39800,23.592000000000002,24.2
39900,23.592000000000002,24.2
40000,23.592000000000002,24.2
40100,23.592000000000002,24.2
40200,23.592000000000002,24.2
40300,23.592000000000002,24.2
40400,23.592000000000002,24.2
40500,23.592000000000002,24.2
40600,23.592000000000002,24.2
40700,23.592000000000002,24.2
40800,23.592000000000002,24.2
40900,23.592000000000002,24.2
41000,23.592000000000002,24.2
41100,23.592000000000002,24.2
41200,23.592000000000002,24.2
41300,23.592000000000002,24.2
41400,23.592000000000002,24.2
41500,23.592000000000002,24.2
41600,23.592000000000002,24.2
41700,23.592000000000002,24.2
41800,23.592000000000002,24.2
41900,23.592000000000002,24.2
42000,23.592000000000002,24.2
42100,23.592000000000002,24.2
42200,23.592000000000002,24.2
42300,23.592000000000002,24.2
42400,23.592000000000002,24.2
42500,23.592000000000002,24.2
42600,23.592000000000002,24.2
42700,23.592000000000002,24.2
42800,23.592000000000002,24.2
42900,23.592000000000002,24.2
43000,23.592000000000002,24.2
43100,23.592000000000002,24.2
43200,23.592000000000002,24.2
43300,23.592000000000002,24.2
43400,23.592000000000002,24.2
43500,23.592000000000002,24.2
43600,23.592000000000002,24.2
43700,23.592000000000002,24.2
43800,23.592000000000002,24.2
43900,23.592000000000002,24.2
44000,23.592000000000002,24.2
44100,23.592000000000002,24.2
44200,23.592000000000002,24.2
44300,23.592000000000002,24.2
44400,23.592000000000002,24.2
44500,23.592000000000002,24.2
44600,23.592000000000002,24.2
44700,23.592000000000002,24.2
44800,23.592000000000002,24.2
44900,23.592000000000002,24.2
45000,23.592000000000002,24.2
45100,23.592000000000002,24.2
45200,23.592000000000002,24.2
45300,23.592000000000002,24.2
45400,23.592000000000002,24.2
45500,23.592000000000002,24.2
45600,23.592000000000002,24.2
45700,23.592000000000002,24.2
45800,23.592000000000002,24.2
45900,23.592000000000002,24.2
46000,23.592000000000002,24.2
46100,23.592000000000002,24.2
46200,23.592000000000002,24.2
46300,23.592000000000002,24.2
46400,23.592000000000002,24.2
46500,23.592000000000002,24.2
46600,23.592000000000002,24.2
46700,23.592000000000002,24.2
46800,23.592000000000002,24.2
46900,23.592000000000002,24.2
47000,23.592000000000002,24.2
47100,23.592000000000002,24.2
47200,23.592000000000002,24.2
47300,23.592000000000002,24.2
47400,23.592000000000002,24.2
47500,23.592000000000002,24.2
47600,23.592000000000002,24.2
47700,23.592000000000002,24.2
47800,23.592000000000002,24.2
47900,23.592000000000002,24.2
48000,23.592000000000002,24.2
48100,23.592000000000002,24.2
48200,23.592000000000002,24.2
48300,23.592000000000002,24.2
48400,23.592000000000002,24.2
48500,23.592000000000002,24.2
48600,23.592000000000002,24.2
48700,23.592000000000002,24.2
48800,23.592000000000002,24.2
48900,23.592000000000002,24.2
49000,23.592000000000002,24.2
49100,23.592000000000002,24.2
49200,23.592000000000002,24.2
49300,23.592000000000002,24.2
49400,23.592000000000002,24.2
49500,23.592000000000002,24.2
49600,23.592000000000002,24.2
49700,23.592000000000002,24.2
49800,23.592000000000002,24.2
49900,23.592000000000002,24.2
50000,23.592000000000002,24.2
50100,23.592000000000002,24.2
50200,23.592000000000002,24.2
50300,23.592000000000002,24.2
50400,23.592000000000002,24.2
50500,23.592000000000002,24.2
50600,23.592000000000002,24.2
50700,23.592000000000002,24.2
50800,23.592000000000002,24.2
50900,23.592000000000002,24.2
51000,23.592000000000002,24.2
51100,23.592000000000002,24.2
51200,23.592000000000002,24.2
51300,23.592000000000002,24.2
51400,23.592000000000002,24.2
51500,23.592000000000002,24.2
51600,23.592000000000002,24.2
51700,23.592000000000002,24.2
51800,23.592000000000002,24.2
51900,23.592000000000002,24.2
52000,23.592000000000002,24.2
52100,23.592000000000002,24.2
52200,23.592000000000002,24.2
52300,23.592000000000002,24.2
52400,23.592000000000002,24.2
52500,23.592000000000002,24.2
52600,23.592000000000002,24.2
52700,23.592000000000002,24.2
52800,23.592000000000002,24.2
52900,23.592000000000002,24.2
53000,23.592000000000002,24.2
53100,23.592000000000002,24.2
53200,23.592000000000002,24.2
53300,23.592000000000002,24.2
53400,23.592000000000002,24.2
53500,23.592000000000002,24.2
53600,23.592000000000002,24.2
53700,23.592000000000002,24.2
53800,23.592000000000002,24.2
53900,23.592000000000002,24.2
54000,23.592000000000002,24.2
54100,23.592000000000002,24.2
54200,23.592000000000002,24.2
54300,23.592000000000002,24.2
54400,23.592000000000002,24.2
54500,23.592000000000002,24.2
54600,23.592000000000002,24.2
54700,23.592000000000002,24.2
54800,23.592000000000002,24.2
54900,23.592000000000002,24.2
55000,23.592000000000002,24.2
55100,23.592000000000002,24.2
55200,23.592000000000002,24.2
55300,23.592000000000002,24.2
55400,23.592000000000002,24.2
55500,23.592000000000002,24.2
55600,23.592000000000002,24.2
55700,23.592000000000002,24.2
55800,23.592000000000002,24.2
55900,23.592000000000002,24.2
56000,23.592000000000002,24.2
56100,23.592000000000002,24.2
56200,23.592000000000002,24.2
56300,23.592000000000002,24.2
56400,23.592000000000002,24.2
56500,23.592000000000002,24.2
56600,23.592000000000002,24.2
56700,23.592000000000002,24.2
56800,23.592000000000002,24.2
56900,23.592000000000002,24.2
57000,23.592000000000002,24.2
57100,23.592000000000002,24.2
57200,23.592000000000002,24.2
57300,23.592000000000002,24.2
57400,23.592000000000002,24.2
57500,23.592000000000002,24.2
57600,23.592000000000002,24.2
57700,23.592000000000002,24.2
57800,23.592000000000002,24.2
57900,23.592000000000002,24.2
58000,23.335999999999995,24.2
58100,23.335999999999995,24.2
58200,23.335999999999995,24.2
58300,23.335999999999995,24.2
58400,23.335999999999995,24.2
58500,23.335999999999995,24.2
58600,23.335999999999995,24.2
58700,23.335999999999995,24.2
58800,23.335999999999995,24.2
58900,23.335999999999995,24.2
59000,23.28,24.2
59100,23.28,24.2
59200,23.28,24.2
59300,23.28,24.2
59400,23.28,24.2
59500,23.28,24.2
59600,23.28,24.2
59700,23.28,24.2
59800,23.28,24.2
59900,23.28,24.2
60000,23.28,24.2
60100,23.28,24.2
60200,23.28,24.2
60300,23.28,24.2
60400,23.28,24.2
60500,23.28,24.2
60600,23.28,24.2
60700,23.28,24.2
60800,23.28,24.2
60900,23.28,24.2
61000,23.28,24.2
61100,23.28,24.2
61200,23.28,24.2
61300,23.28,24.2
61400,23.28,24.2
61500,23.28,24.2
61600,23.28,24.2
61700,23.28,24.2
61800,23.28,24.2
61900,23.28,24.2
62000,23.28,24.2
62100,23.072,24.2
62200,23.072,24.2
62300,23.072,24.2
62400,23.072,24.2
62500,23.072,24.2
62600,23.072,24.2
62700,23.072,24.2
62800,23.072,24.2
62900,23.072,24.2
63000,23.072,24.2
63100,23.072,24.2
63200,23.072,24.2
63300,23.072,24.2
63400,23.072,24.2
63500,23.072,24.2
63600,23.072,24.2
63700,23.072,24.2
63800,22.36,24.2
63900,22.36,24.2
64000,22.36,24.2
64100,22.36,24.2
64200,22.36,24.2
64300,22.36,24.2
64400,22.36,24.2
64500,22.36,24.2
64600,22.36,24.2
64700,22.36,24.2
64800,22.36,24.2
64900,22.36,24.2
65000,22.36,24.2
65100,22.36,24.2
65200,22.36,24.2
65300,22.36,24.2
65400,22.36,24.2
65500,22.36,24.2
65600,22.36,24.2
65700,22.36,24.2
65800,22.36,24.2
65900,22.36,24.2
66000,22.36,24.2
66100,22.36,24.2
66200,22.36,24.2
66300,22.36,24.2
66400,22.36,24.2
66500,22.36,24.2
66600,22.36,24.2
66700,22.36,24.2
66800,22.36,24.2
66900,22.36,24.2
67000,22.36,24.2
67100,22.36,24.2
67200,22.36,24.2
67300,22.36,24.2
67400,22.36,24.2
67500,22.36,24.2
67600,22.36,24.2
67700,22.36,24.2
67800,22.36,24.2
67900,22.36,24.2
68000,22.36,24.2
68100,22.36,24.2
68200,22.36,24.2
68300,22.36,24.2
68400,22.36,24.2
68500,22.36,24.2
68600,22.36,24.2
68700,22.36,24.2
68800,22.36,24.2
68900,22.36,24.2
69000,22.36,24.2
69100,22.36,24.2
69200,22.36,24.2
69300,22.36,24.2
69400,22.36,24.2
69500,22.36,24.2
69600,22.36,24.2
69700,22.36,24.2
69800,22.36,24.2
69900,22.36,24.2
70000,22.36,24.2
70100,22.36,24.2
70200,22.36,24.2
70300,22.36,24.2
70400,22.36,24.2
70500,22.36,24.2
70600,22.36,24.2
70700,22.36,24.2
70800,22.36,24.2
70900,22.36,24.2
71000,22.36,24.2
71100,22.36,24.2
71200,22.36,24.2
71300,22.36,24.2
71400,22.36,24.2
71500,22.36,24.2
71600,22.36,24.2
71700,22.36,24.2
71800,22.36,24.2
71900,22.36,24.2
72000,22.36,24.2
72100,22.088,24.2
72200,22.088,24.2
72300,22.088,24.2
72400,22.088,24.2
72500,22.088,24.2
72600,22.088,24.2
72700,22.088,24.2
72800,22.088,24.2
72900,22.088,24.2
73000,22.088,24.2
73100,22.088,24.2
73200,22.088,24.2
73300,22.088,24.2
73400,22.088,24.2
73500,22.088,24.2
73600,22.088,24.2
73700,22.088,24.2
73800,22.088,24.2
73900,22.088,24.2
74000,22.088,24.2
74100,22.088,24.2
74200,22.088,24.2
74300,22.088,24.2
74400,22.088,24.2
74500,22.088,24.2
74600,22.088,24.2
74700,22.088,24.2
74800,22.088,24.2
74900,22.088,24.2
75000,22.088,24.2
75100,22.088,24.2
75200,22.088,24.2
75300,22.088,24.2
75400,22.088,24.2
75500,22.088,24.2
75600,22.088,24.2
75700,22.088,24.2
75800,22.088,24.2
75900,22.088,24.2
76000,22.088,24.2
76100,22.088,24.2
76200,22.088,24.2
76300,22.088,24.2
76400,22.088,24.2
76500,22.088,24.2
76600,22.088,24.2
76700,22.088,24.2
76800,22.088,24.2
76900,22.088,24.2
77000,22.088,24.2
77100,22.088,24.2
77200,22.088,24.2
77300,22.088,24.2
77400,22.088,24.2
77500,22.088,24.2
77600,22.088,24.2
77700,22.088,24.2
77800,22.088,24.2
77900,22.088,24.2
78000,22.088,24.2
78100,22.088,24.2
78200,22.088,24.2
78300,22.088,24.2
78400,22.088,24.2
78500,22.088,24.2
78600,22.088,24.2
78700,22.088,24.2
78800,22.088,24.2
78900,22.088,24.2
79000,22.088,24.2
79100,22.088,24.2
79200,22.088,24.2
79300,22.088,24.2
79400,22.088,24.2
79500,22.088,24.2
79600,22.088,24.2
79700,22.088,24.2
79800,22.088,24.2
79900,22.088,24.2
80000,22.088,24.2
80100,22.088,24.2
80200,22.088,24.2
80300,22.088,24.2
80400,22.088,24.2
80500,22.088,24.2
80600,22.088,24.2
80700,22.088,24.2
80800,22.088,24.2
80900,22.088,24.2
81000,22.088,24.2
81100,22.088,24.2
81200,22.088,24.2
81300,22.088,24.2
81400,22.088,24.2
81500,22.088,24.2
81600,22.088,24.2
81700,22.088,24.2
81800,22.088,24.2
81900,22.088,24.2
82000,22.088,24.2
82100,22.088,24.2
82200,22.088,24.2
82300,22.088,24.2
82400,22.088,24.2
82500,22.088,24.2
82600,22.088,24.2
82700,22.088,24.2
82800,22.088,24.2
82900,22.088,24.2
83000,22.088,24.2
83100,22.088,24.2
83200,22.088,24.2
83300,22.088,24.2
83400,22.088,24.2
83500,22.088,24.2
83600,22.088,24.2
83700,22.088,24.2
83800,22.088,24.2
83900,22.088,24.2
84000,22.088,24.2
84100,22.088,24.2
84200,22.088,24.2
84300,22.088,24.2
84400,22.088,24.2
84500,22.088,24.2
84600,22.088,24.2
84700,22.088,24.2
84800,22.088,24.2
84900,22.088,24.2
85000,22.088,24.2
85100,22.088,24.2
85200,22.088,24.2
85300,22.088,24.2
85400,22.088,24.2
85500,22.088,24.2
85600,22.088,24.2
85700,22.088,24.2
85800,21.607999999999997,24.2
85900,21.607999999999997,24.2
86000,21.607999999999997,24.2
86100,21.607999999999997,24.2
86200,21.607999999999997,24.2
86300,21.607999999999997,24.2
86400,21.607999999999997,24.2
86500,21.607999999999997,24.2
86600,21.607999999999997,24.2
86700,21.607999999999997,24.2
86800,21.607999999999997,24.2
86900,21.512,24.2
87000,21.512,24.2
87100,21.512,24.2
87200,21.512,24.2
87300,21.512,24.2
87400,21.512,24.2
87500,21.512,24.2
87600,21.512,24.2
87700,21.512,24.2
87800,21.512,24.2
87900,21.512,24.2
88000,21.512,24.2
88100,21.512,24.2
88200,21.512,24.2
88300,21.448,24.2
88400,21.448,24.2
88500,21.448,24.2
88600,21.448,24.2
88700,21.448,24.2
88800,21.448,24.2
88900,21.448,24.2
89000,21.448,24.2
89100,21.448,24.2
89200,21.448,24.2
89300,21.448,24.2
89400,21.448,24.2
89500,21.448,24.2
89600,21.448,24.2
89700,21.448,24.2
89800,21.448,24.2
89900,21.448,24.2
90000,21.448,24.2
90100,21.448,24.2
90200,21.448,24.2
90300,21.448,24.2
90400,21.448,24.2
90500,21.448,24.2
90600,21.448,24.2
90700,21.448,24.2
90800,21.448,24.2
90900,21.448,24.2
91000,21.448,24.2
91100,21.448,24.2
91200,21.448,24.2
91300,21.448,24.2
91400,21.448,24.2
91500,21.448,24.2
91600,21.448,24.2
91700,21.448,24.2
91800,21.448,24.2
91900,21.448,24.2
92000,21.448,24.2
92100,21.448,24.2
92200,21.448,24.2
92300,21.448,24.2
92400,21.448,24.2
92500,21.448,24.2
92600,21.448,24.2
92700,21.448,24.2
92800,21.448,24.2
92900,21.448,24.2
93000,21.448,24.2
93100,21.264,24
93200,21.264,24
93300,21.264,24
93400,21.264,24
93500,21.264,24
93600,21.264,24
93700,21.264,24
93800,21.264,24
93900,21.264,24
94000,21.264,24
94100,21.264,24
94200,21.264,24
94300,21.264,24
94400,21.264,24
94500,21.264,24
94600,21.264,24
94700,21.264,24
94800,21.264,24
94900,21.264,24
95000,21.264,24
95100,21.264,24
95200,21.264,24
95300,21.264,24
95400,21.264,24
95500,21.064,24
95600,21.064,24
95700,21.064,24
95800,21.064,24
95900,21.064,24
96000,21.064,24
96100,21.064,24
96200,21.023999999999997,23.8
96300,21.023999999999997,23.8
96400,21.023999999999997,23.8
96500,21.023999999999997,23.8
96600,21.023999999999997,23.8
96700,21.023999999999997,23.8
96800,21.023999999999997,23.8
96900,21.023999999999997,23.8
97000,21.023999999999997,23.8
97100,21.023999999999997,23.8
97200,21.023999999999997,23.8
97300,21.023999999999997,23.8
97400,21.023999999999997,23.8
97500,21.023999999999997,23.8
97600,20.759999999999998,24
97700,20.759999999999998,24
97800,20.759999999999998,24
97900,20.759999999999998,24
98000,20.759999999999998,24
98100,20.759999999999998,24
98200,20.759999999999998,24
98300,20.759999999999998,24
98400,20.759999999999998,24
98500,20.488,24.2
98600,20.488,24.2
98700,20.488,24.2
98800,20.488,24.2
98900,20.488,24.2
99000,20.488,24.2
99100,20.488,24.2
99200,20.488,24.2
99300,20.488,24.2
99400,20.488,24.2
99500,20.488,24.2
99600,20.488,24.2
99700,20.488,24.2
99800,20.488,24.2
99900,20.488,24.2
100000,20.488,24.2
100100,20.488,24.2
100200,20.488,24.2
100300,20.488,24.2
100400,20.488,24.2
100500,20.488,24.2
100600,20.488,24.2
100700,20.488,24.2
100800,20.488,24.2
100900,20.488,24.2
101000,20.488,24.2
101100,20.488,24.2
101200,20.488,24.2
101300,20.488,24.2
101400,20.488,24.2
101500,20.488,24.2
101600,20.488,24.2
101700,20.488,24.2
101800,20.488,24.2
101900,20.488,24.2
102000,20.32,24.2
102100,20.32,24.2
102200,20.32,24.2
102300,20.32,24.2
102400,20.32,24.2
102500,20.32,24.2
102600,20.32,24.2
102700,20.32,24.2
102800,20.32,24.2
102900,20.32,24.2
103000,20.32,24.2
103100,20.32,24.2
103200,20.32,24.2
103300,20.32,24.2
103400,20.32,24.2
103500,20.32,24.2
103600,20.32,24.2
103700,20.32,24.2
103800,20.32,24.2
103900,20.32,24.2
104000,20.32,24.2
104100,20.32,24.2
104200,20.32,24.2
104300,20.32,24.2
104400,20.32,24.2
104500,20.32,24.2
104600,20.32,24.2
104700,20.32,24.2
104800,20.32,24.2
104900,20.32,24.2
105000,20.32,24.2
105100,20.32,24.2
105200,20.32,24.2
105300,20.32,24.2
105400,20.32,24.2
105500,20.32,24.2
105600,20.32,24.2
105700,20.32,24.2
105800,20.32,24.2
105900,20.296,24.2
106000,20.296,24.2
106100,20.296,24.2
106200,20.144,24.2
106300,20.144,24.2
106400,20.144,24.2
106500,20.144,24.2
106600,20.144,24.2
106700,20.144,24.2
106800,20.144,24.2
106900,20.144,24.2
107000,20.144,24.2
107100,20.144,24.2
107200,20.144,24.2
107300,20.144,24.2
107400,20.144,24.2
107500,20.144,24.2
107600,20.144,24.2
107700,20.144,24.2
107800,20.144,24.2
107900,20.144,24.2
108000,20.144,24.2
108100,20.144,24.2
108200,20.144,24.2
108300,20.144,24.2
108400,20.144,24.2
108500,20.144,24.2
108600,20.144,24.2
108700,20.144,24.2
108800,20.144,24.2
108900,20.144,24.2
109000,20.144,24.2
109100,20.144,24.2
109200,20.144,24.2
109300,20.144,24.2
109400,20.144,24.2
109500,20.144,24.2
109600,20.144,24.2
109700,20.144,24.2
109800,20.144,24.2
109900,20.144,24.2
110000,20.144,24.2
110100,20.144,24.2
110200,20.144,24.2
110300,20.144,24.2
110400,20.016,24.2
110500,20.016,24.2
110600,20.016,24.2
110700,20.016,24.2
110800,20.016,24.2
110900,20.016,24.2
111000,20.016,24.2
111100,20.008,24.2
111200,20.008,24.2
111300,19.6,24.2
111400,19.6,24.2
111500,19.6,24.2
111600,19.6,24.2
111700,19.6,24.2
111800,19.6,24.2
111900,19.6,24.2
112000,19.6,24.2
112100,19.6,24.2
112200,19.6,24.2
112300,19.6,24.2
112400,19.6,24.2
112500,19.240000000000002,24.2
112600,18.992,24.2
112700,18.992,24.2
112800,18.992,24.2
112900,18.992,24.2
113000,18.992,24.2
113100,18.992,24.2
113200,18.992,24.2
113300,18.992,24.2
113400,18.992,24.2
113500,18.992,24.2
113600,18.992,24.2
113700,18.992,24.2
113800,18.992,24.2
113900,18.992,24.2
114000,18.992,24.2
114100,17.863999999999997,24.2
114200,17.863999999999997,24.2
114300,17.863999999999997,24.2
114400,17.863999999999997,24.2
114500,17.863999999999997,24.2
114600,17.863999999999997,24.2
114700,17.863999999999997,24.2
114800,17.863999999999997,24.2
114900,17.863999999999997,24.2
115000,17.863999999999997,24.2
115100,17.863999999999997,24.2
115200,17.351999999999997,23.8
115300,17.351999999999997,23.8
115400,17.351999999999997,23.8
115500,17.351999999999997,23.8
115600,17.351999999999997,23.8
115700,17.351999999999997,23.8
115800,17.127999999999997,23.8
115900,17.127999999999997,23.8
116000,17.127999999999997,23.8
116100,17.127999999999997,23.8
116200,17.127999999999997,23.8
116300,17.127999999999997,23.8
116400,17.127999999999997,23.8
116500,17.127999999999997,23.8
116600,17.127999999999997,23.8
116700,17.127999999999997,23.8
116800,17.127999999999997,23.8
116900,17.127999999999997,23.8
117000,17.127999999999997,23.8
117100,17.016,24
117200,17.016,24
117300,17.016,24
117400,17.016,24
117500,17.016,24
117600,17.016,24
117700,17.016,24
117800,17.016,24
117900,17.016,24
118000,17.016,24
118100,17.016,24
118200,17.016,24
118300,17.016,24
118400,17.016,24
118500,17.016,24
118600,17.016,24
118700,17.016,24
118800,17.016,24
118900,17.016,24
119000,17.016,24
119100,17.016,24
119200,17.016,24
119300,16.927999999999997,24
119400,16.927999999999997,24
119500,16.927999999999997,24
119600,16.927999999999997,24
119700,16.927999999999997,24
119800,16.927999999999997,24
119900,16.927999999999997,24
120000,16.927999999999997,24
120100,16.927999999999997,24
120200,16.927999999999997,24
120300,16.927999999999997,24
120400,16.927999999999997,24
120500,16.927999999999997,24
120600,16.927999999999997,24
120700,16.927999999999997,24
120800,16.927999999999997,24
120900,16.927999999999997,24
121000,16.927999999999997,24
121100,16.912,24
121200,16.912,24
121300,16.912,24
121400,16.912,24
121500,16.912,24
121600,16.912,24
121700,16.912,24
121800,16.912,24
121900,16.912,24
122000,16.912,24
122100,16.912,24
122200,16.904,24
122300,16.904,24
122400,16.904,24
122500,16.904,24
122600,16.904,24
122700,16.904,24
122800,16.904,24
122900,16.904,24
123000,16.904,24
123100,16.904,24
123200,16.904,24
123300,16.904,24
123400,16.904,24
123500,16.904,24
123600,16.904,24
123700,16.904,24
123800,16.904,24
123900,16.904,24
124000,16.904,24
124100,16.904,24
124200,16.904,24
124300,16.904,24
124400,16.904,24
124500,16.904,24
124600,16.904,24
124700,16.904,24
124800,16.904,24
124900,16.904,24
125000,16.904,24
125100,16.904,24
125200,16.904,24
125300,16.904,24
125400,16.904,24
125500,16.904,24
125600,16.904,24
125700,16.904,24
125800,16.904,24
125900,16.904,24
126000,16.904,24
126100,16.904,24
126200,16.904,24
126300,16.904,24
126400,16.904,24
126500,16.904,24
126600,16.904,24
126700,16.904,24
126800,16.904,24
126900,16.904,24
127000,16.904,24
127100,16.904,24
127200,16.904,24
127300,16.904,24
127400,16.904,24
127500,16.904,24
127600,16.904,24
127700,16.904,24
127800,16.904,24
127900,16.904,24
128000,16.904,24
128100,16.904,24
128200,16.904,24
128300,16.904,24
128400,16.904,24
128500,16.904,24
128600,16.904,24
128700,16.904,24
128800,16.904,24
128900,16.904,24
129000,16.904,24
129100,16.904,24
129200,16.904,24
129300,16.904,24
129400,16.904,24
129500,16.904,24
129600,16.904,24
129700,16.904,24
129800,16.904,24
129900,16.904,24
130000,16.904,24
130100,16.904,24
130200,16.904,24
130300,16.904,24
130400,16.904,24
130500,16.904,24
130600,16.904,24
130700,16.904,24
130800,16.904,24
130900,16.904,24
131000,16.904,24
131100,16.904,24
131200,16.904,24
131300,16.904,24
131400,16.904,24
131500,16.904,24
131600,16.904,24
131700,16.904,24
131800,16.904,24
131900,16.904,24
132000,16.904,24
132100,16.904,24
132200,16.904,24
132300,16.904,24
132400,16.904,24
132500,16.904,24
132600,16.904,24
132700,16.904,24
132800,16.904,24
132900,16.904,24
133000,16.904,24
133100,16.904,24
133200,16.904,24
133300,16.904,24
133400,16.904,24
133500,16.904,24
133600,16.904,24
133700,16.904,24
133800,16.904,24
133900,16.904,24
134000,16.904,24
134100,16.904,24
134200,16.904,24
134300,16.904,24
134400,16.904,24
134500,16.904,24
134600,16.904,24
134700,16.904,24
134800,16.904,24
134900,16.904,24
135000,16.904,24
135100,16.904,24
135200,16.904,24
135300,16.904,24
135400,16.904,24
135500,16.904,24
135600,16.904,24
135700,16.904,24
135800,16.904,24
135900,16.904,24
136000,16.904,24
136100,16.904,24
136200,16.904,24
136300,16.904,24
136400,16.904,24
136500,16.904,24
136600,16.904,24
136700,16.904,24
136800,16.904,24
136900,16.904,24
137000,16.904,24
137100,16.904,24
137200,16.904,24
137300,16.904,24
137400,16.904,24
137500,16.904,24
137600,16.904,24
137700,16.904,24
137800,16.904,24
137900,16.904,24
138000,16.904,24
138100,16.904,24
138200,16.904,24
138300,16.904,24
138400,16.904,24
138500,16.904,24
138600,16.904,24
138700,16.904,24
138800,16.904,24
138900,16.904,24
139000,16.904,24
139100,16.904,24
139200,16.904,24
139300,16.904,24
139400,16.904,24
139500,16.904,24
139600,16.904,24
139700,16.904,24
139800,16.904,24
139900,16.904,24
140000,16.904,24
140100,16.904,24
140200,16.904,24
140300,16.904,24
140400,16.904,24
140500,16.904,24
140600,16.904,24
140700,16.904,24
140800,16.904,24
140900,16.904,24
141000,16.904,24
141100,16.904,24
141200,16.904,24
141300,16.904,24
141400,16.904,24
141500,16.904,24
141600,16.904,24
141700,16.904,24
141800,16.904,24
141900,16.904,24
142000,16.904,24
142100,16.904,24
142200,16.904,24
142300,16.904,24
142400,16.904,24
142500,16.904,24
142600,16.904,24
142700,16.904,24
142800,16.904,24
142900,16.904,24
143000,16.904,24
143100,16.904,24
143200,16.904,24
143300,16.904,24
143400,16.904,24
143500,16.904,24
143600,16.904,24
143700,16.904,24
143800,16.904,24
143900,16.904,24
144000,16.904,24
144100,16.904,24
144200,16.904,24
144300,16.904,24
144400,16.904,24
144500,16.904,24
144600,16.904,24
144700,16.904,24
144800,16.904,24
144900,16.904,24
145000,16.904,24
145100,16.904,24
145200,16.904,24
145300,16.904,24
145400,16.904,24
145500,16.904,24
145600,16.904,24
145700,16.904,24
145800,16.904,24
145900,16.904,24
146000,16.904,24
146100,16.904,24
146200,16.904,24
146300,16.904,24
146400,16.904,24
146500,16.904,24
146600,16.904,24
146700,16.904,24
146800,16.904,24
146900,16.904,24
147000,16.904,24
147100,16.904,24
147200,16.904,24
147300,16.904,24
147400,16.904,24
147500,16.904,24
147600,16.904,24
147700,16.904,24
147800,16.904,24
147900,16.904,24
148000,16.904,24
148100,16.904,24
148200,16.904,24
148300,16.904,24
148400,16.904,24
148500,16.904,24
148600,16.904,24
148700,16.904,24
148800,16.904,24
148900,16.904,24
149000,16.904,24
149100,16.904,24
149200,16.904,24
149300,16.904,24
149400,16.904,24
149500,16.904,24
149600,16.904,24
149700,16.904,24
149800,16.904,24
149900,16.904,24
150000,16.904,24
150100,16.904,24
150200,16.904,24
150300,16.904,24
150400,16.791999999999998,24
150500,16.791999999999998,24
150600,16.791999999999998,24
150700,16.791999999999998,24
150800,16.791999999999998,24
150900,16.791999999999998,24
151000,16.791999999999998,24
151100,16.791999999999998,24
151200,16.791999999999998,24
151300,16.791999999999998,24
151400,16.791999999999998,24
151500,16.791999999999998,24
151600,16.791999999999998,24
151700,16.791999999999998,24
151800,16.791999999999998,24
151900,16.791999999999998,24
152000,16.791999999999998,24
152100,16.791999999999998,24
152200,16.791999999999998,24
152300,16.791999999999998,24
152400,16.791999999999998,24
152500,16.791999999999998,24
152600,16.791999999999998,24
152700,16.791999999999998,24
152800,16.791999999999998,24
152900,16.791999999999998,24
153000,16.791999999999998,24
153100,16.791999999999998,24
153200,16.791999999999998,24
153300,16.791999999999998,24
153400,16.791999999999998,24
153500,16.791999999999998,24
153600,16.791999999999998,24
153700,16.791999999999998,24
153800,16.791999999999998,24
153900,16.791999999999998,24
154000,16.791999999999998,24
154100,16.791999999999998,24
154200,16.791999999999998,24
154300,16.791999999999998,24
154400,16.791999999999998,24
154500,16.791999999999998,24
154600,16.791999999999998,24
154700,16.791999999999998,24
154800,16.791999999999998,24
154900,16.791999999999998,24
155000,16.791999999999998,24
155100,16.791999999999998,24
155200,16.791999999999998,24
155300,16.791999999999998,24
155400,16.791999999999998,24
155500,16.791999999999998,24
155600,16.791999999999998,24
155700,16.791999999999998,24
155800,16.791999999999998,24
155900,16.791999999999998,24
156000,16.791999999999998,24
156100,16.791999999999998,24
156200,16.791999999999998,24
156300,16.791999999999998,24
156400,16.791999999999998,24
156500,16.791999999999998,24
156600,16.791999999999998,24
156700,16.759999999999998,24
156800,16.759999999999998,24
156900,16.759999999999998,24
157000,16.759999999999998,24
157100,16.759999999999998,24
157200,16.759999999999998,24
157300,16.759999999999998,24
157400,16.759999999999998,24
157500,16.759999999999998,24
157600,16.759999999999998,24
157700,16.759999999999998,24
157800,16.759999999999998,24
157900,16.759999999999998,24
158000,16.759999999999998,24
158100,16.759999999999998,24
158200,16.759999999999998,24
158300,16.744,24
158400,16.744,24
158500,16.744,24
158600,16.744,24
158700,16.744,24
158800,16.744,24
158900,16.744,24
159000,16.744,24
159100,16.744,24
159200,16.744,24
159300,16.744,24
159400,16.744,24
159500,16.744,24
159600,16.744,24
159700,16.744,24
159800,16.744,24
159900,16.744,24
160000,16.744,24
160100,16.744,24
160200,16.744,24
160300,16.744,24
160400,16.744,24
160500,16.744,24
160600,16.744,24
160700,16.744,24
160800,16.744,24
160900,16.744,24
161000,16.744,24
161100,16.744,24
161200,16.744,24
161300,16.744,24
161400,16.744,24
161500,16.744,24
161600,16.744,24
161700,16.744,24
161800,16.744,24
161900,16.744,24
162000,16.744,24
162100,16.744,24
162200,16.744,24
162300,16.744,24
162400,16.744,24
162500,16.744,24
162600,16.744,24
162700,16.744,24
162800,16.744,24
162900,16.744,24
163000,16.744,24
163100,16.744,24
163200,16.744,24
163300,16.744,24
163400,16.744,24
163500,16.744,24
163600,16.744,24
163700,16.744,24
163800,16.744,24
163900,16.744,24
164000,16.744,24
164100,16.744,24
164200,16.744,24
164300,16.744,24
164400,16.744,24
164500,16.744,24
164600,16.744,24
164700,16.744,24
164800,16.744,24
164900,16.744,24
165000,16.744,24
165100,16.744,24
165200,16.744,24
165300,16.744,24
165400,16.744,24
165500,16.744,24
165600,16.744,24
165700,16.744,24
165800,16.744,24
165900,16.744,24
166000,16.744,24
166100,16.744,24
166200,16.744,24
166300,16.744,24
166400,16.744,24
166500,16.744,24
166600,16.744,24
166700,16.744,24
166800,16.744,24
166900,16.744,24
167000,16.744,24
167100,16.744,24
167200,16.744,24
167300,16.744,24
167400,16.744,24
167500,16.744,24
167600,16.744,24
167700,16.744,24
167800,16.744,24
167900,16.744,24
168000,16.744,24
168100,16.744,24
168200,16.744,24
168300,16.744,24
168400,16.744,24
168500,16.744,24
168600,16.744,24
168700,16.744,24
168800,16.744,24
168900,16.744,24
169000,16.744,24
169100,16.744,24
169200,16.744,24
169300,16.744,24
169400,16.744,24
169500,16.744,24
169600,16.744,24
169700,16.648,24
169800,16.648,24
169900,16.648,24
170000,16.648,24
170100,16.648,24
170200,16.648,24
170300,16.648,24
170400,16.648,24
170500,16.648,24
170600,16.648,24
170700,16.648,24
170800,16.648,24
170900,16.648,24
171000,16.648,24
171100,16.648,24
171200,16.648,24
171300,16.648,24
171400,16.648,24
171500,16.648,24
171600,16.648,24
171700,16.648,24
171800,16.648,24
171900,16.648,24
172000,16.648,24
172100,16.648,24
172200,16.648,24
172300,16.648,24
172400,16.648,24
172500,16.648,24
172600,16.648,24
172700,16.648,24
172800,16.648,24
172900,16.648,24
173000,16.648,24
173100,16.648,24
173200,16.648,24
173300,16.648,24
173400,16.648,24
173500,16.648,24
173600,16.648,24
173700,16.648,24
173800,16.648,24
173900,16.648,24
174000,16.648,24
174100,16.648,24
174200,16.648,24
174300,16.648,24
174400,16.648,24
174500,16.648,24
174600,16.648,24
174700,16.648,24
174800,16.648,24
174900,16.648,24
175000,16.648,24
175100,16.648,24
175200,16.648,24
175300,16.648,24
175400,16.648,24
175500,16.648,24
175600,16.648,24
175700,16.648,24
175800,16.648,24
175900,16.648,24
176000,16.648,24
176100,16.648,24
176200,16.648,24
176300,16.648,24
176400,16.648,24
176500,16.648,24
176600,16.648,24
176700,16.648,24
176800,16.648,24
176900,16.648,24
177000,16.648,24
177100,16.648,24
177200,16.648,24
177300,16.648,24
177400,16.648,24
177500,16.648,24
177600,16.648,24
177700,16.648,24
177800,16.648,24
177900,16.648,24
178000,16.648,24
178100,16.648,24
178200,16.648,24
178300,16.648,24
178400,16.648,24
178500,16.648,24
178600,16.648,24
178700,16.648,24
178800,16.648,24
178900,16.648,24
179000,16.648,24
179100,16.648,24
179200,16.648,24
179300,16.648,24
179400,16.648,24
179500,16.648,24
179600,16.648,24
179700,16.648,24
179800,16.648,24
179900,16.648,24
180000,16.648,24
180100,16.648,24
180200,16.648,24
180300,16.648,24
180400,16.648,24
180500,16.648,24
180600,16.648,24
180700,16.648,24
180800,16.648,24
180900,16.648,24
181000,16.648,24
181100,16.648,24
181200,16.648,24
181300,16.648,24
181400,16.648,24
181500,16.648,24
181600,16.648,24
181700,16.648,24
181800,16.648,24
181900,16.648,24
182000,16.648,24
182100,16.648,24
182200,16.648,24
182300,16.648,24
182400,16.648,24
182500,16.648,24
182600,16.648,24
182700,16.648,24
182800,16.648,24
182900,16.648,24
183000,16.648,24
183100,16.648,24
183200,16.648,24
183300,16.648,24
183400,16.648,24
183500,16.648,24
183600,16.648,24
183700,16.648,24
183800,16.648,24
183900,16.648,24
184000,16.648,24
184100,16.648,24
184200,16.648,24
184300,16.648,24
184400,16.648,24
184500,16.648,24
184600,16.648,24
184700,16.648,24
184800,16.648,24
184900,16.648,24
185000,16.648,24
185100,16.648,24
185200,16.648,24
185300,16.648,24
185400,16.648,24
185500,16.648,24
185600,16.648,24
185700,16.648,24
185800,16.648,24
185900,16.648,24
186000,16.648,24
186100,16.648,24
186200,16.232,24
186300,16.232,24
186400,16.232,24
186500,16.232,24
186600,16.232,24
186700,16.232,24
186800,16.232,24
186900,16.232,24
187000,16.232,24
187100,16.232,24
187200,16.232,24
187300,16.232,24
187400,16.232,24
187500,16.232,24
187600,16.232,24
187700,16.232,24
187800,16.232,24
187900,16.232,24
188000,16.232,24
188100,16.232,24
188200,16.232,24
188300,16.232,24
188400,16.232,24
188500,16.232,24
188600,16.232,24
188700,16.232,24
188800,16.232,24
188900,16.232,24
189000,16.232,24
189100,16.232,24
189200,16.232,24
189300,16.232,24
189400,16.232,24
189500,16.232,24
189600,16.232,24
189700,16.232,24
189800,16.232,24
189900,16.232,24
190000,16.232,24
190100,16.232,24
190200,16.232,24
190300,16.232,24
190400,16.232,24
190500,16.232,24
190600,16.232,24
190700,16.232,24
190800,16.232,24
190900,16.232,24
191000,16.232,24
191100,16.232,24
191200,16.232,24
191300,16.232,24
191400,16.232,24
191500,16.232,24
191600,16.232,24
191700,16.232,24
191800,16.232,24
191900,16.232,24
192000,16.232,24
192100,16.232,24
192200,16.232,24
192300,16.024,24
192400,16.024,24
192500,16.024,24
192600,16.024,24
192700,16.024,24
192800,16.024,24
192900,16.024,24
193000,16.024,24
193100,16.024,24
193200,16.024,24
193300,16.024,24
193400,16.024,24
193500,16.024,24
193600,16.024,24
193700,16.024,24
193800,16.024,24
193900,16.024,24
194000,16.024,24
194100,16.024,24
194200,16.024,24
194300,16.024,24
194400,16.024,24
194500,16.024,24
194600,16.024,24
194700,16.024,24
194800,16.024,24
194900,16.024,24
195000,16.024,24
195100,16.024,24
195200,16.024,24
195300,16.024,24
195400,16.024,24
195500,16.024,24
195600,16.024,24
195700,16.024,24
195800,16.024,24
195900,16.024,24
196000,16.024,24
196100,16.024,24
196200,16.024,24
196300,16.024,24
196400,16.024,24
196500,16.024,24
196600,16.024,24
196700,16.024,24
196800,16.024,24
196900,16.024,24
197000,16.024,24
197100,16.024,24
197200,16.024,24
197300,16.024,24
197400,16.024,24
197500,16.024,24
197600,16.024,24
197700,16.024,24
197800,16.024,24
197900,16.024,24
198000,16.024,24
198100,16.024,24
198200,16.024,24
198300,16.024,24
198400,16.024,24
198500,16.024,24
198600,16.024,24
198700,16.024,24
198800,16.024,24
198900,16.024,24
199000,16.024,24
199100,16.024,24
199200,16.024,24
199300,16.024,24
199400,16.024,24
199500,16.024,24
199600,16.024,24
199700,16.024,24
199800,16.024,24
199900,16.024,24
199999,16.024,24

START ALGORITHM
h3: (a11 + a33 - a12 - a53) * (b34)
h4: (a11 - a14) * (b55 + b54 - b32)
h8: (-a21) * (-b35)
h9: (a43 - a53 - a35) * (-b13)
h11: (a35 - a15) * (b32)
h16: (a14 + a21 + a52 - a23 - a24 - a14) * (b12 + b54 - b31 - b32)
h19: (a51) * (b44 - b33 - b15 - b55)
h22: (a13 - a34 - a14) * (b23)
h25: (a14 - a34) * (b33)
h28: (a51) * (b31 + b13 + b25 + b23)
h33: (a52) * (-b41 - b14)
h35: (a42 + a55 + a42 + a41) * (b15)
h36: (a21 - a55) * (-b35 - b21)
h37: (a45 + a12 + a24 - a33) * (-b55)
h38: (a51) * (-b55)
h40: (a23 + a13 + a13 + a34) * (b45 + b22 - b34)
h41: (a23 - a13) * (-b51 - b13 - b13)
h43: (a34 + a35 + a33 - a25 - a21 - a45) * (b53 + b42 + b14 + b55)
h44: (a41 - a44) * (b45 - b23 - b32)
h45: (-a44) * (b54 + b34 + b15 - b13 - b11)
h48: (a11 + a32) * (b21 + b22)
h50: (-a34) * (-b43 - b52)
h57: (a35 - a51) * (b25 - b35 - b24)
h58: (a23 - a25 - a42) * (b34 - b15)
h59: (a45 - a55 - a52) * (b22 - b25)
h61: (a25 - a34 - a52) * (b42)
h64: (a13 - a33 - a35 - a32 - a13) * (-b44 - b44)
h71: (a12) * (b22 - b23 - b11)
h77: (-a55 - a54) * (b22 - b23 - b43)
h79: (a31 - a35 - a54 - a25) * (b35 + b51 + b52)
h80: (-a31 - a54 - a24) * (b33 + b52 - b21)
h85: (a12 - a31 - a35) * (b34 - b11 - b22 - b21)
h86: (a54) * (-b33 - b34)
h90: (a33) * (b22 - b55 - b51)
h97: (-a34) * (b52 - b21 - b35 - b52 - b45)
h101: (-a22 - a44 - a13) * (b44 - b23)
h104: (a11 + a31 - a35 - a15) * (b23)
h106: (-a35) * (b23 - b54)
h108: (a35 + a53 - a12 - a11) * (b22 - b42 - b35 - b43)
h109: (-a25) * (b54)
h115: (a55) * (b23 - b12 - b51 - b24 - b45)
h117: (a14 - a55) * (b13 + b54)
h121: (a44 + a52 - a54) * (b51 - b31)
h124: (a55 - a32 - a54) * (b11 + b45 - b22 - b25 - b44)
h125: (a51 + a45 + a45 - a14) * (-b15)
h130: (a32 + a42 - a52) * (b45 - b14 - b55 - b13 - b33)
h132: (a55 - a24) * (b45 + b51 - b43)
h137: (a13 + a21 + a42) * (b53 + b34 - b15)
h141: (a34 + a51 + a11 - a43 - a55 - a54 - a14) * (-b33)
h145: (-a54 - a55 - a32 - a25) * (b43 + b31)
h164: (a44 - a11) * (b42 + b34 + b45 - b13 - b54)
h168: (a42) * (b13 + b32 - b43)
h180: (a55 + a43 + a11 + a31 - a42 - a22) * (b42 + b51 + b22 + b14)
h237: (a32 + a23 - a51) * (-b54 - b43)
h238: (a41) * (b35)
h250: (a42 - a12 - a24) * (b54)
h251: (a43 + a51 - a23) * (b23 + b12 - b42)
h262: (a13) * (b22 - b25)
h299: (a53 + a42 - a21 - a43) * (b23 + b42 - b42)
h309: (a43 - a13) * (-b12)
h374: (-a43) * (b35 - b51)
h397: (-a23) * (b14 + b14 - b41)
h431: (-a52) * (-b44 - b15 - b51)
h434: (a12 + a52 - a14) * (b54 + b25 - b42 - b53 - b54)
h459: (-a15 - a15 - a45) * (b35)
h478: (a32 + a25) * (-b12 - b41)
h480: (a53 - a32 - a42) * (b13)
h511: (-a24) * (b35 - b35)
h601: (-a24) * (-b41 - b52)
h907: (a51 + a22 - a55 - a31) * (b42 - b15 - b45)
h1002: (-a22) * (b41 + b55 + b35 - b12)
h1088: (a23 + a44 - a33 - a34) * (b25 + b11 - b12)
h1160: (a41 + a31 - a52 - a45) * (b21)
h1270: (a45 - a31 - a15) * (b21)
h1539: (a32) * (b34 + b53 + b22 - b15 - b34)
h1548: (a34 + a15) * (b23)
h1855: (a14 - a53) * (b35 + b34 - b41 - b11)
h2414: (a12 - a52) * (-b24 - b22)
h2415: (a31 - a43) * (b34 - b12 - b51 - b22)
h2697: (a35) * (b35)
h3801: (a34 - a22) * (b11 + b54 - b21 - b25 - b31)
h3814: (a33 - a42) * (b12)
h4028: (-a51) * (b55 + b35 + b53 - b22)
h4491: (a54 + a52 + a21) * (-b44)
h4692: (-a13) * (b44 + b22 - b44)
h6113: (a34) * (b51 - b44 - b52 - b52)
h6456: (a14 + a44) * (b13 - b43 - b13)
h7102: (a35 + a15 - a34) * (b45 + b44 + b54 - b45)
h13519: (-a15 - a54 - a15) * (b41 + b52)
h13520: (a11 + a42 + a55 + a23 - a34) * (-b34 - b13)
h29370: (-a23) * (b24 + b45 + b12 - b33)
h31737: (-a24) * (b41 + b41 - b54 - b42)
h48572: (a31 + a12 + a35) * (b23)
h49055: (a25 + a53 - a43) * (b23 - b52)
h56110: (a53 + a42 - a11) * (b21 + b53 - b52)
h57437: (a45) * (b35 + b25 - b21 - b25)
h58371: (a25 + a52 - a52) * (b42 + b43 - b31)
h78969: (-a34 - a23) * (b55 - b31 - b55)
h92674: (a21 + a25 - a53) * (b54 + b42)
c11: h86 + h43 - h180 
c12: h25 + h132 + h36 + h43 + h43 + h250 + h61 + h1855 - h71 - h38 - h92674 
c13: h124 + h37 + h907 + h36 + h37 + h49055 
c14: h58 + h41 + h8 + h109 
c15: h251 + h309 + h374 + h1002 - h101 - h125 - h601 
c21: h109 + h108 + h3801 + h374 + h78969 + h8 
c22: h19 + h4692 - h85 - h478 
c23: h237 + h478 + h56110 + h1088 + h109 - h57437 
c24: h64 + h2415 - h124 - h1270 
c25: h45 + h58 + h33 + h71 + h28 + h1088 + h48572 + h4028 + h1088 - h59 - h238 - h459 - h511 
c31: h168 + h125 + h58371 + h58371 + h58371 + h58371 - h45 
c32: h137 + h40 - h125 
c33: h480 + h19 - h1855 
c34: h45 + h1160 - h132 
c35: h44 - h130 
c41: h106 + h108 + h4491 
c42: h108 + h299 + h79 - h397 
c43: h40 + h85 + h431 + h97 - h1088 
c44: h90 + h124 + h108 + h3814 + h97 + h4028 + h50 + h374 + h1855 - h7102 
c45: h434 + h29370 + h115 + h478 - h31737 
c51: h117 + h59 + h1548 + h3 - h106 - h262 
c52: h6113 + h6456 + h459 + h50 + h1088 + h1539 
c53: h4 - h77 
c54: h108 + h85 
c55: h58 + h13519 + h601 + h109 - h141 - h164 - h1539 - h13520 
