0,169.072,25
100,117.33599999999998,25
200,85.47999999999999,25
300,67.96000000000001,24.8
400,61.33599999999999,24.8
500,59.648,24.8
600,56.08,24.8
700,48.912,24.8
800,46.888000000000005,25
900,45.8,25
1000,45.8,25
1100,45.67999999999999,25
1200,44.512,25
1300,43.6,25
1400,42.712,24.8
1500,41.992000000000004,24.8
1600,41.992000000000004,24.8
1700,41.92,24.8
1800,41.248000000000005,24.8
1900,40.696000000000005,24.8
2000,40.416000000000004,24.8
2100,39.032,25
2200,39.032,25
2300,38.919999999999995,25
2400,38.919999999999995,25
2500,38.919999999999995,25
2600,38.919999999999995,25
2700,38.296,24.8
2800,37.751999999999995,24.8
2900,37.751999999999995,24.8
3000,37.751999999999995,24.8
3100,37.751999999999995,24.8
3200,37.751999999999995,24.8
3300,37.751999999999995,24.8
3400,37.64,24.8
3500,37.408,24.8
3600,37.408,24.8
3700,37.408,24.8
3800,37.176,24.8
3900,37.176,24.8
4000,37.176,24.8
4100,36.976,24.8
4200,36.976,24.8
4300,36.976,24.8
4400,36.976,24.8
4500,36.64,24.8
4600,36.336,24.8
4700,35.456,24.8
4800,35.456,24.8
4900,35.456,24.8
5000,35.456,24.8
5100,35.456,24.8
5200,35.456,24.8
5300,35.456,24.8
5400,35.456,24.8
5500,34.56,24.6
5600,34.56,24.6
5700,34.263999999999996,24.6
5800,34.263999999999996,24.6
5900,34.263999999999996,24.6
6000,34.263999999999996,24.6
6100,34.263999999999996,24.6
6200,34.160000000000004,24.6
6300,33.775999999999996,24.6
6400,33.775999999999996,24.6
6500,33.704,24.6
6600,32.936,24.4
6700,32.936,24.4
6800,32.936,24.4
6900,32.936,24.4
7000,32.839999999999996,24.4
7100,32.68,24.4
7200,32.68,24.4
7300,32.68,24.4
7400,32.34400000000001,24.4
7500,32.34400000000001,24.4
7600,32.288000000000004,24.4
7700,32.288000000000004,24.4
7800,32.288000000000004,24.4
7900,32.288000000000004,24.4
8000,31.824,24.4
8100,31.824,24.4
8200,31.824,24.4
8300,31.824,24.4
8400,31.824,24.4
8500,31.816000000000003,24.4
8600,31.816000000000003,24.4
8700,31.816000000000003,24.4
8800,31.816000000000003,24.4
8900,31.384000000000004,24.4
9000,31.384000000000004,24.4
9100,31.384000000000004,24.4
9200,31.384000000000004,24.4
9300,31.272000000000002,24.4
9400,31.272000000000002,24.4
9500,30.76,24.4
9600,30.76,24.4
9700,30.224,24.4
9800,30.224,24.4
9900,30.224,24.4
10000,30.224,24.4
10100,30.136000000000003,24.4
10200,29.176,24.4
10300,29.144000000000005,24.4
10400,29.080000000000002,24.4
10500,29.080000000000002,24.4
10600,29.008,24.4
10700,29.008,24.4
10800,29.008,24.4
10900,28.752,24.4
11000,28.752,24.4
11100,28.752,24.4
11200,28.752,24.4
11300,28.752,24.4
11400,28.752,24.4
11500,28.752,24.4
11600,28.752,24.4
11700,28.752,24.4
11800,28.752,24.4
11900,28.752,24.4
12000,28.607999999999997,24.4
12100,28.607999999999997,24.4
12200,28.464,24.4
12300,28.464,24.4
12400,28.464,24.4
12500,28.464,24.4
12600,28.464,24.4
12700,28.464,24.4
12800,28.464,24.4
12900,27.8,24.4
13000,27.8,24.4
13100,27.8,24.4
13200,27.752,24.4
13300,27.752,24.4
13400,27.552000000000003,24.4
13500,27.552000000000003,24.4
13600,27.552000000000003,24.4
13700,27.552000000000003,24.4
13800,27.552000000000003,24.4
13900,27.552000000000003,24.4
14000,27.552000000000003,24.4
14100,27.552000000000003,24.4
14200,27.552000000000003,24.4
14300,27.552000000000003,24.4
14400,27.552000000000003,24.4
14500,27.552000000000003,24.4
14600,27.552000000000003,24.4
14700,27.552000000000003,24.4
14800,27.552000000000003,24.4
14900,27.552000000000003,24.4
15000,27.32,24.4
15100,27.056,24.4
15200,26.752,24.4
15300,26.752,24.4
15400,26.752,24.4
15500,26.752,24.4
15600,26.752,24.4
15700,26.752,24.4
15800,26.752,24.4
15900,26.752,24.4
16000,26.752,24.4
16100,26.752,24.4
16200,26.752,24.4
16300,26.752,24.4
16400,26.752,24.4
16500,26.752,24.4
16600,26.752,24.4
16700,26.752,24.4
16800,26.752,24.4
16900,26.752,24.4
17000,26.752,24.4
17100,26.752,24.4
17200,26.752,24.4
17300,26.720000000000006,24.4
17400,26.720000000000006,24.4
17500,26.720000000000006,24.4
17600,26.720000000000006,24.4
17700,26.720000000000006,24.4
17800,26.720000000000006,24.4
17900,26.720000000000006,24.4
18000,26.720000000000006,24.4
18100,26.720000000000006,24.4
18200,26.720000000000006,24.4
18300,26.720000000000006,24.4
18400,26.720000000000006,24.4
18500,26.720000000000006,24.4
18600,26.720000000000006,24.4
18700,26.720000000000006,24.4
18800,26.720000000000006,24.4
18900,26.720000000000006,24.4
19000,26.720000000000006,24.4
19100,26.720000000000006,24.4
19200,26.720000000000006,24.4
19300,26.720000000000006,24.4
19400,26.720000000000006,24.4
19500,26.720000000000006,24.4
19600,26.720000000000006,24.4
19700,26.720000000000006,24.4
19800,26.720000000000006,24.4
19900,26.720000000000006,24.4
20000,26.720000000000006,24.4
20100,26.720000000000006,24.4
20200,26.720000000000006,24.4
20300,26.720000000000006,24.4
20400,26.720000000000006,24.4
20500,26.720000000000006,24.4
20600,26.720000000000006,24.4
20700,26.720000000000006,24.4
20800,26.720000000000006,24.4
20900,26.720000000000006,24.4
21000,26.720000000000006,24.4
21100,26.720000000000006,24.4
21200,26.720000000000006,24.4
21300,26.720000000000006,24.4
21400,26.720000000000006,24.4
21500,26.720000000000006,24.4
21600,26.720000000000006,24.4
21700,26.720000000000006,24.4
21800,26.720000000000006,24.4
21900,26.720000000000006,24.4
22000,26.720000000000006,24.4
22100,26.368000000000002,24.4
22200,26.368000000000002,24.4
22300,26.368000000000002,24.4
22400,26.304000000000002,24.4
22500,26.304000000000002,24.4
22600,26.304000000000002,24.4
22700,26.304000000000002,24.4
22800,25.976,24.4
22900,25.976,24.4
23000,25.976,24.4
23100,25.976,24.4
23200,25.976,24.4
23300,25.976,24.4
23400,25.976,24.4
23500,25.976,24.4
23600,25.976,24.4
23700,25.976,24.4
23800,25.976,24.4
23900,25.976,24.4
24000,25.976,24.4
24100,25.976,24.4
24200,25.976,24.4
24300,25.976,24.4
24400,25.976,24.4
24500,25.824,24.4
24600,25.824,24.4
24700,25.792,24.4
24800,25.792,24.4
24900,25.792,24.4
25000,25.792,24.4
25100,25.792,24.4
25200,25.792,24.4
25300,25.792,24.4
25400,25.792,24.4
25500,25.792,24.4
25600,25.792,24.4
25700,25.792,24.4
25800,25.736,24.4
25900,25.736,24.4
26000,25.736,24.4
26100,25.736,24.4
26200,25.736,24.4
26300,25.736,24.4
26400,25.736,24.4
26500,25.736,24.4
26600,25.736,24.4
26700,25.736,24.4
26800,25.736,24.4
26900,25.736,24.4
27000,25.736,24.4
27100,25.736,24.4
27200,25.736,24.4
27300,25.736,24.4
27400,25.736,24.4
27500,25.736,24.4
27600,25.736,24.4
27700,25.736,24.4
27800,25.736,24.4
27900,25.736,24.4
28000,25.736,24.4
28100,25.736,24.4
28200,25.736,24.4
28300,25.736,24.4
28400,25.736,24.4
28500,25.736,24.4
28600,25.736,24.4
28700,25.736,24.4
28800,25.736,24.4
28900,25.736,24.4
29000,25.736,24.4
29100,25.736,24.4
29200,25.736,24.4
29300,25.736,24.4
29400,25.736,24.4
29500,25.736,24.4
29600,25.712,24.4
29700,25.712,24.4
29800,25.712,24.4
29900,25.432000000000002,24.4
30000,25.432000000000002,24.4
30100,25.432000000000002,24.4
30200,25.384,24.4
30300,25.384,24.4
30400,25.384,24.4
30500,25.384,24.4
30600,25.384,24.4
30700,25.384,24.4
30800,25.384,24.4
30900,25.384,24.4
31000,25.384,24.4
31100,25.384,24.4
31200,25.384,24.4
31300,25.384,24.4
31400,25.384,24.4
31500,25.384,24.4
31600,25.384,24.4
31700,25.384,24.4
31800,25.384,24.4
31900,25.384,24.4
32000,25.384,24.4
32100,25.384,24.4
32200,25.384,24.4
32300,25.183999999999997,24.4
32400,25.183999999999997,24.4
32500,25.183999999999997,24.4
32600,25.183999999999997,24.4
32700,25.183999999999997,24.4
32800,25.183999999999997,24.4
32900,25.183999999999997,24.4
33000,25.183999999999997,24.4
33100,25.183999999999997,24.4
33200,25.183999999999997,24.4
33300,25.183999999999997,24.4
33400,25.183999999999997,24.4
33500,25.183999999999997,24.4
33600,25.183999999999997,24.4
33700,25.183999999999997,24.4
33800,25.183999999999997,24.4
33900,25.183999999999997,24.4
34000,25.183999999999997,24.4
34100,25.183999999999997,24.4
34200,25.183999999999997,24.4
34300,24.952,24.4
34400,24.952,24.4
34500,24.952,24.4
34600,24.952,24.4
34700,24.952,24.4
34800,24.952,24.4
34900,24.952,24.4
35000,24.952,24.4
35100,24.952,24.4
35200,24.952,24.4
35300,24.952,24.4
35400,24.952,24.4
35500,24.952,24.4
35600,24.952,24.4
35700,24.952,24.4
35800,24.952,24.4
35900,24.952,24.4
36000,24.952,24.4
36100,24.952,24.4
36200,24.952,24.4
36300,24.952,24.4
36400,24.952,24.4
36500,24.952,24.4
36600,24.952,24.4
36700,24.952,24.4
36800,24.272000000000002,24.4
36900,24.272000000000002,24.4
37000,24.272000000000002,24.4
37100,24.272000000000002,24.4
37200,24.272000000000002,24.4
37300,24.272000000000002,24.4
37400,24.272000000000002,24.4
37500,24.272000000000002,24.4
37600,24.272000000000002,24.4
37700,24.272000000000002,24.4
37800,24.272000000000002,24.4
37900,24.272000000000002,24.4
38000,24.272000000000002,24.4
38100,24.272000000000002,24.4
38200,24.272000000000002,24.4
38300,24.272000000000002,24.4
38400,24.272000000000002,24.4
38500,24.272000000000002,24.4
38600,24.272000000000002,24.4
38700,24.272000000000002,24.4
38800,24.272000000000002,24.4
38900,24.272000000000002,24.4
39000,24.272000000000002,24.4
39100,24.272000000000002,24.4
39200,24.176,24.2
39300,24.176,24.2
39400,24.176,24.2
39500,24.176,24.2
39600,24.176,24.2
39700,24.176,24.2
39800,24.176,24.2
39900,24.176,24.2
40000,24.176,24.2
40100,24.064,24.2
40200,24.064,24.2
40300,24.064,24.2
40400,24.064,24.2
40500,24.064,24.2
40600,24.064,24.2
40700,24.064,24.2
40800,24.064,24.2
40900,24.064,24.2
41000,24.064,24.2
41100,24.064,24.2
41200,24.064,24.2
41300,24.064,24.2
41400,24.064,24.2
41500,24.064,24.2
41600,23.936,24.2
41700,23.936,24.2
41800,23.936,24.2
41900,23.936,24.2
42000,23.936,24.2
42100,23.936,24.2
42200,23.936,24.2
42300,23.936,24.2
42400,23.936,24.2
42500,23.936,24.2
42600,23.936,24.2
42700,23.936,24.2
42800,23.936,24.2
42900,23.936,24.2
43000,23.936,24.2
43100,23.936,24.2
43200,23.936,24.2
43300,23.936,24.2
43400,23.936,24.2
43500,23.936,24.2
43600,23.936,24.2
43700,23.936,24.2
43800,23.936,24.2
43900,23.936,24.2
44000,23.936,24.2
44100,23.936,24.2
44200,23.936,24.2
44300,23.936,24.2
44400,23.936,24.2
44500,23.936,24.2
44600,23.936,24.2
44700,23.936,24.2
44800,23.936,24.2
44900,23.936,24.2
45000,23.936,24.2
45100,23.936,24.2
45200,23.936,24.2
45300,23.936,24.2
45400,23.936,24.2
45500,23.936,24.2
45600,23.936,24.2
45700,23.936,24.2
45800,23.936,24.2
45900,23.936,24.2
46000,23.936,24.2
46100,23.936,24.2
46200,23.936,24.2
46300,23.936,24.2
46400,23.936,24.2
46500,23.936,24.2
46600,23.936,24.2
46700,23.936,24.2
46800,23.936,24.2
46900,23.936,24.2
47000,23.936,24.2
47100,23.823999999999998,24.4
47200,23.823999999999998,24.4
47300,23.823999999999998,24.4
47400,23.823999999999998,24.4
47500,23.695999999999998,24.6
47600,23.695999999999998,24.6
47700,23.695999999999998,24.6
47800,23.695999999999998,24.6
47900,23.695999999999998,24.6
48000,23.695999999999998,24.6
48100,23.695999999999998,24.6
48200,23.695999999999998,24.6
48300,23.695999999999998,24.6
48400,23.695999999999998,24.6
48500,23.695999999999998,24.6
48600,23.695999999999998,24.6
48700,23.695999999999998,24.6
48800,23.695999999999998,24.6
48900,23.695999999999998,24.6
49000,23.695999999999998,24.6
49100,23.695999999999998,24.6
49200,23.695999999999998,24.6
49300,23.695999999999998,24.6
49400,23.695999999999998,24.6
49500,23.695999999999998,24.6
49600,23.695999999999998,24.6
49700,23.695999999999998,24.6
49800,23.695999999999998,24.6
49900,23.176000000000002,24.8
50000,23.176000000000002,24.8
50100,23.176000000000002,24.8
50200,23.176000000000002,24.8
50300,23.176000000000002,24.8
50400,23.176000000000002,24.8
50500,23.176000000000002,24.8
50600,23.176000000000002,24.8
50700,23.176000000000002,24.8
50800,23.176000000000002,24.8
50900,23.176000000000002,24.8
51000,23.176000000000002,24.8
51100,23.176000000000002,24.8
51200,23.176000000000002,24.8
51300,23.176000000000002,24.8
51400,23.088,24.8
51500,23.088,24.8
51600,23.088,24.8
51700,23.088,24.8
51800,23.088,24.8
51900,23.088,24.8
52000,23.088,24.8
52100,23.088,24.8
52200,23.088,24.8
52300,23.088,24.8
52400,23.088,24.8
52500,23.088,24.8
52600,23.088,24.8
52700,23.088,24.8
52800,23.088,24.8
52900,23.088,24.8
53000,23.088,24.8
53100,23.088,24.8
53200,23.088,24.8
53300,23.088,24.8
53400,23.088,24.8
53500,23.088,24.8
53600,23.088,24.8
53700,23.088,24.8
53800,23.088,24.8
53900,23.088,24.8
54000,23.088,24.8
54100,23.088,24.8
54200,23.088,24.8
54300,23.088,24.8
54400,23.088,24.8
54500,23.088,24.8
54600,23.088,24.8
54700,23.088,24.8
54800,23.088,24.8
54900,23.088,24.8
55000,23.088,24.8
55100,23.088,24.8
55200,23.088,24.8
55300,23.088,24.8
55400,23.088,24.8
55500,23.088,24.8
55600,23.088,24.8
55700,23.023999999999997,24.8
55800,23.023999999999997,24.8
55900,23.023999999999997,24.8
56000,23.023999999999997,24.8
56100,23.023999999999997,24.8
56200,23.023999999999997,24.8
56300,23.023999999999997,24.8
56400,23.023999999999997,24.8
56500,23.023999999999997,24.8
56600,23.023999999999997,24.8
56700,23.023999999999997,24.8
56800,23.023999999999997,24.8
56900,23.023999999999997,24.8
57000,23.023999999999997,24.8
57100,23.023999999999997,24.8
57200,23.023999999999997,24.8
57300,23.023999999999997,24.8
57400,23.023999999999997,24.8
57500,22.832,24.8
57600,22.832,24.8
57700,22.832,24.8
57800,22.832,24.8
57900,22.832,24.8
58000,22.832,24.8
58100,22.832,24.8
58200,22.832,24.8
58300,22.832,24.8
58400,22.832,24.8
58500,22.832,24.8
58600,22.832,24.8
58700,22.832,24.8
58800,22.832,24.8
58900,22.832,24.8
59000,22.832,24.8
59100,22.832,24.8
59200,22.792,24.8
59300,22.792,24.8
59400,22.792,24.8
59500,22.792,24.8
59600,22.792,24.8
59700,22.792,24.8
59800,22.608,24.8
59900,22.608,24.8
60000,22.608,24.8
60100,22.608,24.8
60200,22.608,24.8
60300,22.608,24.8
60400,22.608,24.8
60500,22.608,24.8
60600,22.608,24.8
60700,22.608,24.8
60800,22.608,24.8
60900,22.608,24.8
61000,22.608,24.8
61100,22.608,24.8
61200,22.608,24.8
61300,22.608,24.8
61400,22.608,24.8
61500,22.608,24.8
61600,22.608,24.8
61700,22.608,24.8
61800,22.608,24.8
61900,22.608,24.8
62000,22.608,24.8
62100,22.608,24.8
62200,22.608,24.8
62300,22.608,24.8
62400,22.608,24.8
62500,22.608,24.8
62600,22.608,24.8
62700,22.608,24.8
62800,22.608,24.8
62900,22.608,24.8
63000,22.608,24.8
63100,22.608,24.8
63200,22.608,24.8
63300,22.608,24.8
63400,22.608,24.8
63500,22.608,24.8
63600,22.608,24.8
63700,22.608,24.8
63800,22.608,24.8
63900,22.608,24.8
64000,22.608,24.8
64100,22.608,24.8
64200,22.608,24.8
64300,22.608,24.8
64400,22.608,24.8
64500,22.608,24.8
64600,22.608,24.8
64700,22.608,24.8
64800,22.088,24.8
64900,22.088,24.8
65000,22.088,24.8
65100,22.088,24.8
65200,22.088,24.8
65300,22.088,24.8
65400,22.088,24.8
65500,22.088,24.8
65600,22.088,24.8
65700,22.088,24.8
65800,22.088,24.8
65900,22.088,24.8
66000,22.088,24.8
66100,22.088,24.8
66200,22.088,24.8
66300,22.088,24.8
66400,22.088,24.8
66500,22.088,24.8
66600,22.088,24.8
66700,22.088,24.8
66800,22.088,24.8
66900,22.088,24.8
67000,22.088,24.8
67100,22.088,24.8
67200,22.088,24.8
67300,22.088,24.8
67400,22.088,24.8
67500,22.088,24.8
67600,22.088,24.8
67700,22.088,24.8
67800,22.088,24.8
67900,22.088,24.8
68000,21.744,24.8
68100,21.744,24.8
68200,21.744,24.8
68300,21.744,24.8
68400,21.744,24.8
68500,21.744,24.8
68600,21.744,24.8
68700,21.744,24.8
68800,21.744,24.8
68900,21.744,24.8
69000,21.744,24.8
69100,21.744,24.8
69200,21.744,24.8
69300,21.744,24.8
69400,21.744,24.8
69500,21.624000000000002,24.8
69600,21.624000000000002,24.8
69700,21.624000000000002,24.8
69800,21.624000000000002,24.8
69900,21.624000000000002,24.8
70000,21.624000000000002,24.8
70100,21.344,24.8
70200,21.344,24.8
70300,21.344,24.8
70400,21.344,24.8
70500,21.344,24.8
70600,21.344,24.8
70700,21.344,24.8
70800,21.344,24.8
70900,21.344,24.8
71000,21.344,24.8
71100,21.248,24.8
71200,21.248,24.8
71300,21.248,24.8
71400,21.248,24.8
71500,21.248,24.8
71600,21.248,24.8
71700,21.248,24.8
71800,21.248,24.8
71900,21.248,24.8
72000,21.248,24.8
72100,21.248,24.8
72200,21.248,24.8
72300,21.248,24.8
72400,21.248,24.8
72500,21.248,24.8
72600,21.248,24.8
72700,21.248,24.8
72800,21.248,24.8
72900,21.248,24.8
73000,21.248,24.8
73100,21.248,24.8
73200,21.248,24.8
73300,21.248,24.8
73400,21.248,24.8
73500,21.248,24.8
73600,21.248,24.8
73700,21.248,24.8
73800,21.248,24.8
73900,21.248,24.8
74000,21.248,24.8
74100,21.248,24.8
74200,21.248,24.8
74300,21.248,24.8
74400,21.248,24.8
74500,21.248,24.8
74600,21.248,24.8
74700,21.248,24.8
74800,21.248,24.8
74900,21.248,24.8
75000,21.248,24.8
75100,21.248,24.8
75200,21.248,24.8
75300,21.248,24.8
75400,21.248,24.8
75500,21.248,24.8
75600,21.248,24.8
75700,21.248,24.8
75800,21.248,24.8
75900,21.248,24.8
76000,21.248,24.8
76100,21.248,24.8
76200,21.248,24.8
76300,21.248,24.8
76400,21.248,24.8
76500,21.248,24.8
76600,21.248,24.8
76700,21.248,24.8
76800,21.248,24.8
76900,21.248,24.8
77000,21.248,24.8
77100,21.248,24.8
77200,21.248,24.8
77300,21.248,24.8
77400,21.136,24.8
77500,21.136,24.8
77600,21.136,24.8
77700,21.136,24.8
77800,21.136,24.8
77900,21.136,24.8
78000,21.04,24.8
78100,21.04,24.8
78200,21.04,24.8
78300,21.04,24.8
78400,21.04,24.8
78500,21.04,24.8
78600,21.04,24.8
78700,21.04,24.8
78800,21.04,24.8
78900,20.944,24.8
79000,20.944,24.8
79100,20.944,24.8
79200,20.944,24.8
79300,20.944,24.8
79400,20.944,24.8
79500,20.944,24.8
79600,20.944,24.8
79700,20.944,24.8
79800,20.944,24.8
79900,20.944,24.8
80000,20.944,24.8
80100,20.944,24.8
80200,20.944,24.8
80300,20.944,24.8
80400,20.944,24.8
80500,20.944,24.8
80600,20.944,24.8
80700,20.944,24.8
80800,20.944,24.8
80900,20.767999999999997,24.8
81000,20.767999999999997,24.8
81100,20.767999999999997,24.8
81200,20.767999999999997,24.8
81300,20.767999999999997,24.8
81400,20.767999999999997,24.8
81500,20.767999999999997,24.8
81600,20.767999999999997,24.8
81700,20.767999999999997,24.8
81800,20.767999999999997,24.8
81900,20.767999999999997,24.8
82000,20.767999999999997,24.8
82100,20.183999999999997,24.8
82200,20.183999999999997,24.8
82300,20.183999999999997,24.8
82400,20.183999999999997,24.8
82500,20.183999999999997,24.8
82600,20.183999999999997,24.8
82700,20.183999999999997,24.8
82800,20.183999999999997,24.8
82900,20.183999999999997,24.8
83000,20.183999999999997,24.8
83100,20.183999999999997,24.8
83200,20.183999999999997,24.8
83300,20.183999999999997,24.8
83400,20.183999999999997,24.8
83500,20.183999999999997,24.8
83600,20.183999999999997,24.8
83700,20.183999999999997,24.8
83800,20.183999999999997,24.8
83900,20.183999999999997,24.8
84000,20.183999999999997,24.8
84100,20.183999999999997,24.8
84200,20.168,25
84300,20.168,25
84400,20.168,25
84500,20.168,25
84600,20.168,25
84700,20.168,25
84800,20.168,25
84900,20.168,25
85000,20.168,25
85100,20.168,25
85200,20.168,25
85300,20.168,25
85400,20.168,25
85500,20.168,25
85600,20.168,25
85700,20.168,25
85800,20.168,25
85900,20.168,25
86000,20.168,25
86100,20.168,25
86200,20.168,25
86300,20.168,25
86400,20.168,25
86500,20.168,25
86600,20.168,25
86700,20.168,25
86800,20.168,25
86900,20.168,25
87000,20.168,25
87100,19.872,25
87200,19.872,25
87300,19.872,25
87400,19.872,25
87500,19.872,25
87600,19.872,25
87700,19.872,25
87800,19.872,25
87900,19.872,25
88000,19.872,25
88100,19.872,25
88200,19.872,25
88300,19.872,25
88400,19.872,25
88500,19.872,25
88600,19.872,25
88700,19.872,25
88800,19.872,25
88900,19.872,25
89000,19.872,25
89100,19.872,25
89200,19.872,25
89300,19.872,25
89400,19.872,25
89500,19.872,25
89600,19.872,25
89700,19.872,25
89800,19.872,25
89900,19.872,25
90000,19.872,25
90100,19.872,25
90200,19.872,25
90300,19.872,25
90400,19.872,25
90500,19.872,25
90600,19.872,25
90700,19.872,25
90800,19.872,25
90900,19.872,25
91000,19.872,25
91100,19.872,25
91200,19.872,25
91300,19.872,25
91400,19.872,25
91500,19.872,25
91600,19.872,25
91700,19.872,25
91800,19.872,25
91900,19.872,25
92000,19.872,25
92100,19.872,25
92200,19.872,25
92300,19.872,25
92400,19.872,25
92500,19.872,25
92600,19.872,25
92700,19.872,25
92800,19.872,25
92900,19.872,25
93000,19.872,25
93100,19.872,25
93200,19.872,25
93300,19.872,25
93400,19.872,25
93500,19.872,25
93600,19.872,25
93700,19.872,25
93800,19.872,25
93900,19.872,25
94000,19.872,25
94100,19.872,25
94200,19.872,25
94300,19.872,25
94400,19.872,25
94500,19.872,25
94600,19.872,25
94700,19.872,25
94800,19.872,25
94900,19.872,25
95000,19.872,25
95100,19.872,25
95200,19.872,25
95300,19.872,25
95400,19.872,25
95500,19.872,25
95600,19.872,25
95700,19.872,25
95800,19.872,25
95900,19.872,25
96000,19.872,25
96100,19.872,25
96200,19.872,25
96300,19.872,25
96400,19.872,25
96500,19.872,25
96600,19.872,25
96700,19.872,25
96800,19.872,25
96900,19.872,25
97000,19.872,25
97100,19.872,25
97200,19.872,25
97300,19.872,25
97400,19.872,25
97500,19.872,25
97600,19.872,25
97700,19.872,25
97800,19.872,25
97900,19.872,25
98000,19.872,25
98100,19.872,25
98200,19.872,25
98300,19.872,25
98400,19.872,25
98500,19.872,25
98600,19.872,25
98700,19.872,25
98800,19.872,25
98900,19.872,25
99000,19.872,25
99100,19.872,25
99200,19.872,25
99300,19.872,25
99400,19.872,25
99500,19.872,25
99600,19.872,25
99700,19.872,25
99800,19.872,25
99900,19.872,25
100000,19.872,25
100100,19.872,25
100200,19.872,25
100300,19.872,25
100400,19.872,25
100500,19.872,25
100600,19.872,25
100700,19.872,25
100800,19.872,25
100900,19.872,25
101000,19.872,25
101100,19.872,25
101200,19.872,25
101300,19.872,25
101400,19.872,25
101500,19.872,25
101600,19.872,25
101700,19.872,25
101800,19.872,25
101900,19.872,25
102000,19.872,25
102100,19.872,25
102200,19.872,25
102300,19.872,25
102400,19.872,25
102500,19.872,25
102600,19.872,25
102700,19.872,25
102800,19.872,25
102900,19.872,25
103000,19.872,25
103100,19.872,25
103200,19.872,25
103300,19.872,25
103400,19.872,25
103500,19.872,25
103600,19.872,25
103700,19.872,25
103800,19.872,25
103900,19.872,25
104000,19.872,25
104100,19.872,25
104200,19.872,25
104300,19.872,25
104400,19.872,25
104500,19.872,25
104600,19.872,25
104700,19.872,25
104800,19.872,25
104900,19.872,25
105000,19.872,25
105100,19.872,25
105200,19.872,25
105300,19.872,25
105400,19.872,25
105500,19.872,25
105600,19.872,25
105700,19.872,25
105800,19.872,25
105900,19.872,25
106000,19.872,25
106100,19.872,25
106200,19.872,25
106300,19.872,25
106400,19.872,25
106500,19.872,25
106600,19.872,25
106700,19.872,25
106800,19.872,25
106900,19.872,25
107000,19.872,25
107100,19.872,25
107200,19.872,25
107300,19.872,25
107400,19.872,25
107500,19.872,25
107600,19.872,25
107700,19.872,25
107800,19.872,25
107900,19.872,25
108000,19.872,25
108100,19.872,25
108200,19.872,25
108300,19.872,25
108400,19.872,25
108500,19.872,25
108600,19.872,25
108700,19.872,25
108800,19.872,25
108900,19.872,25
109000,19.872,25
109100,19.872,25
109200,19.872,25
109300,19.872,25
109400,19.872,25
109500,19.872,25
109600,19.872,25
109700,19.872,25
109800,19.872,25
109900,19.872,25
110000,19.872,25
110100,19.872,25
110200,19.872,25
110300,19.872,25
110400,19.872,25
110500,19.872,25
110600,19.872,25
110700,19.872,25
110800,19.488,25
110900,19.488,25
111000,19.488,25
111100,19.488,25
111200,19.488,25
111300,19.488,25
111400,19.488,25
111500,19.488,25
111600,19.488,25
111700,19.488,25
111800,19.488,25
111900,19.488,25
112000,19.488,25
112100,19.488,25
112200,19.488,25
112300,19.112000000000002,25
112400,19.112000000000002,25
112500,19.112000000000002,25
112600,19.112000000000002,25
112700,19.112000000000002,25
112800,19.112000000000002,25
112900,19.112000000000002,25
113000,19.112000000000002,25
113100,19.112000000000002,25
113200,19.112000000000002,25
113300,19.112000000000002,25
113400,19.112000000000002,25
113500,19.112000000000002,25
113600,19.112000000000002,25
113700,19.112000000000002,25
113800,19.112000000000002,25
113900,19.112000000000002,25
114000,19.112000000000002,25
114100,19.112000000000002,25
114200,19.112000000000002,25
114300,19.112000000000002,25
114400,19.112000000000002,25
114500,19.112000000000002,25
114600,19.112000000000002,25
114700,19.112000000000002,25
114800,19.112000000000002,25
114900,19.112000000000002,25
115000,19.112000000000002,25
115100,19.112000000000002,25
115200,19.112000000000002,25
115300,19.112000000000002,25
115400,19.112000000000002,25
115500,19.112000000000002,25
115600,19.112000000000002,25
115700,19.112000000000002,25
115800,19.112000000000002,25
115900,19.112000000000002,25
116000,19.112000000000002,25
116100,19.112000000000002,25
116200,19.112000000000002,25
116300,19.112000000000002,25
116400,19.112000000000002,25
116500,19.112000000000002,25
116600,19.112000000000002,25
116700,19.112000000000002,25
116800,19.112000000000002,25
116900,19.112000000000002,25
117000,19.112000000000002,25
117100,19.112000000000002,25
117200,19.112000000000002,25
117300,19.112000000000002,25
117400,19.112000000000002,25
117500,19.112000000000002,25
117600,19.112000000000002,25
117700,19.112000000000002,25
117800,19.112000000000002,25
117900,19.112000000000002,25
118000,19.112000000000002,25
118100,19.112000000000002,25
118200,19.112000000000002,25
118300,19.112000000000002,25
118400,19.112000000000002,25
118500,19.112000000000002,25
118600,19.112000000000002,25
118700,19.112000000000002,25
118800,19.112000000000002,25
118900,19.112000000000002,25
119000,19.112000000000002,25
119100,19.112000000000002,25
119200,19.112000000000002,25
119300,19.112000000000002,25
119400,19.112000000000002,25
119500,19.112000000000002,25
119600,19.112000000000002,25
119700,19.112000000000002,25
119800,19.112000000000002,25
119900,19.112000000000002,25
120000,19.112000000000002,25
120100,19.112000000000002,25
120200,19.112000000000002,25
120300,19.112000000000002,25
120400,19.112000000000002,25
120500,19.112000000000002,25
120600,19.112000000000002,25
120700,19.112000000000002,25
120800,19.112000000000002,25
120900,19.112000000000002,25
121000,19.112000000000002,25
121100,19.112000000000002,25
121200,19.112000000000002,25
121300,19.112000000000002,25
121400,19.112000000000002,25
121500,19.112000000000002,25
121600,19.112000000000002,25
121700,19.112000000000002,25
121800,19.112000000000002,25
121900,19.112000000000002,25
122000,19.112000000000002,25
122100,19.112000000000002,25
122200,19.112000000000002,25
122300,19.112000000000002,25
122400,19.112000000000002,25
122500,19.112000000000002,25
122600,19.112000000000002,25
122700,19.112000000000002,25
122800,19.112000000000002,25
122900,19.112000000000002,25
123000,19.112000000000002,25
123100,19.112000000000002,25
123200,19.112000000000002,25
123300,19.112000000000002,25
123400,19.112000000000002,25
123500,19.112000000000002,25
123600,19.112000000000002,25
123700,19.112000000000002,25
123800,19.112000000000002,25
123900,19.112000000000002,25
124000,19.112000000000002,25
124100,19.112000000000002,25
124200,19.112000000000002,25
124300,19.112000000000002,25
124400,19.112000000000002,25
124500,19.112000000000002,25
124600,19.112000000000002,25
124700,19.112000000000002,25
124800,19.112000000000002,25
124900,19.112000000000002,25
125000,19.112000000000002,25
125100,19.112000000000002,25
125200,19.112000000000002,25
125300,19.112000000000002,25
125400,19.112000000000002,25
125500,19.112000000000002,25
125600,19.112000000000002,25
125700,19.112000000000002,25
125800,19.112000000000002,25
125900,19.112000000000002,25
126000,19.112000000000002,25
126100,19.112000000000002,25
126200,19.112000000000002,25
126300,19.112000000000002,25
126400,19.112000000000002,25
126500,19.112000000000002,25
126600,19.112000000000002,25
126700,19.112000000000002,25
126800,19.112000000000002,25
126900,19.112000000000002,25
127000,19.112000000000002,25
127100,19.112000000000002,25
127200,19.112000000000002,25
127300,19.112000000000002,25
127400,19.112000000000002,25
127500,19.112000000000002,25
127600,19.112000000000002,25
127700,19.112000000000002,25
127800,19.112000000000002,25
127900,19.112000000000002,25
128000,19.112000000000002,25
128100,19.112000000000002,25
128200,19.112000000000002,25
128300,19.112000000000002,25
128400,19.112000000000002,25
128500,19.112000000000002,25
128600,19.112000000000002,25
128700,19.112000000000002,25
128800,19.112000000000002,25
128900,19.112000000000002,25
129000,19.112000000000002,25
129100,19.112000000000002,25
129200,19.112000000000002,25
129300,19.112000000000002,25
129400,19.112000000000002,25
129500,19.112000000000002,25
129600,19.112000000000002,25
129700,19.112000000000002,25
129800,19.112000000000002,25
129900,19.112000000000002,25
130000,19.112000000000002,25
130100,19.112000000000002,25
130200,19.112000000000002,25
130300,19.112000000000002,25
130400,19.112000000000002,25
130500,19.112000000000002,25
130600,19.112000000000002,25
130700,19.112000000000002,25
130800,19.112000000000002,25
130900,19.112000000000002,25
131000,19.112000000000002,25
131100,19.112000000000002,25
131200,19.112000000000002,25
131300,19.112000000000002,25
131400,19.112000000000002,25
131500,19.112000000000002,25
131600,19.112000000000002,25
131700,19.112000000000002,25
131800,19.112000000000002,25
131900,19.112000000000002,25
132000,19.112000000000002,25
132100,19.112000000000002,25
132200,19.112000000000002,25
132300,19.112000000000002,25
132400,19.112000000000002,25
132500,19.112000000000002,25
132600,19.112000000000002,25
132700,19.112000000000002,25
132800,19.112000000000002,25
132900,19.112000000000002,25
133000,19.112000000000002,25
133100,19.112000000000002,25
133200,19.112000000000002,25
133300,19.112000000000002,25
133400,19.112000000000002,25
133500,19.112000000000002,25
133600,19.112000000000002,25
133700,19.112000000000002,25
133800,19.112000000000002,25
133900,19.112000000000002,25
134000,19.112000000000002,25
134100,19.112000000000002,25
134200,19.112000000000002,25
134300,19.112000000000002,25
134400,19.112000000000002,25
134500,19.112000000000002,25
134600,19.112000000000002,25
134700,19.112000000000002,25
134800,19.112000000000002,25
134900,19.112000000000002,25
135000,19.112000000000002,25
135100,19.112000000000002,25
135200,19.112000000000002,25
135300,19.112000000000002,25
135400,19.112000000000002,25
135500,19.112000000000002,25
135600,19.112000000000002,25
135700,19.112000000000002,25
135800,19.112000000000002,25
135900,19.112000000000002,25
136000,19.112000000000002,25
136100,19.112000000000002,25
136200,19.112000000000002,25
136300,19.112000000000002,25
136400,19.112000000000002,25
136500,19.112000000000002,25
136600,19.112000000000002,25
136700,19.112000000000002,25
136800,19.112000000000002,25
136900,19.112000000000002,25
137000,19.112000000000002,25
137100,19.112000000000002,25
137200,19.112000000000002,25
137300,18.952,25
137400,18.952,25
137500,18.952,25
137600,18.952,25
137700,18.952,25
137800,18.952,25
137900,18.952,25
138000,18.952,25
138100,18.952,25
138200,18.952,25
138300,18.952,25
138400,18.952,25
138500,18.952,25
138600,18.952,25
138700,18.952,25
138800,18.952,25
138900,18.952,25
139000,18.952,25
139100,18.952,25
139200,18.952,25
139300,18.952,25
139400,18.952,25
139500,18.952,25
139600,18.952,25
139700,18.952,25
139800,18.952,25
139900,18.952,25
140000,18.952,25
140100,18.952,25
140200,18.952,25
140300,18.952,25
140400,18.952,25
140500,18.952,25
140600,18.952,25
140700,18.952,25
140800,18.952,25
140900,18.952,25
141000,18.952,25
141100,18.952,25
141200,18.952,25
141300,18.952,25
141400,18.952,25
141500,18.952,25
141600,18.952,25
141700,18.952,25
141800,18.952,25
141900,18.952,25
142000,18.952,25
142100,18.952,25
142200,18.952,25
142300,18.952,25
142400,18.952,25
142500,18.952,25
142600,18.952,25
142700,18.952,25
142800,18.952,25
142900,18.952,25
143000,18.952,25
143100,18.952,25
143200,18.952,25
143300,18.952,25
143400,18.952,25
143500,18.952,25
143600,18.952,25
143700,18.952,25
143800,18.952,25
143900,18.952,25
144000,18.952,25
144100,18.952,25
144200,18.952,25
144300,18.952,25
144400,18.952,25
144500,18.952,25
144600,18.952,25
144700,18.952,25
144800,18.952,25
144900,18.952,25
145000,18.952,25
145100,18.952,25
145200,18.952,25
145300,18.952,25
145400,18.952,25
145500,18.952,25
145600,18.952,25
145700,18.952,25
145800,18.952,25
145900,18.952,25
146000,18.952,25
146100,18.952,25
146200,18.952,25
146300,18.952,25
146400,18.952,25
146500,18.952,25
146600,18.952,25
146700,18.952,25
146800,18.952,25
146900,18.952,25
147000,18.952,25
147100,18.952,25
147200,18.952,25
147300,18.952,25
147400,18.952,25
147500,18.952,25
147600,18.952,25
147700,18.696,25
147800,18.696,25
147900,18.696,25
148000,18.696,25
148100,18.696,25
148200,18.696,25
148300,18.696,25
148400,18.696,25
148500,18.696,25
148600,18.696,25
148700,18.696,25
148800,18.696,25
148900,18.696,25
149000,18.696,25
149100,18.696,25
149200,18.696,25
149300,18.696,25
149400,18.696,25
149500,18.696,25
149600,18.696,25
149700,18.696,25
149800,18.696,25
149900,18.696,25
150000,18.696,25
150100,18.696,25
150200,18.696,25
150300,18.696,25
150400,18.696,25
150500,18.696,25
150600,18.696,25
150700,18.696,25
150800,18.696,25
150900,18.696,25
151000,18.696,25
151100,18.696,25
151200,18.696,25
151300,18.696,25
151400,18.696,25
151500,18.696,25
151600,18.696,25
151700,18.696,25
151800,18.696,25
151900,18.696,25
152000,18.696,25
152100,18.696,25
152200,18.696,25
152300,18.696,25
152400,18.696,25
152500,18.696,25
152600,18.696,25
152700,18.696,25
152800,18.696,25
152900,18.696,25
153000,18.696,25
153100,18.696,25
153200,18.696,25
153300,18.696,25
153400,18.696,25
153500,18.696,25
153600,18.696,25
153700,18.696,25
153800,18.696,25
153900,18.696,25
154000,18.696,25
154100,18.696,25
154200,18.696,25
154300,18.696,25
154400,18.696,25
154500,18.696,25
154600,18.696,25
154700,18.696,25
154800,18.696,25
154900,18.696,25
155000,18.696,25
155100,18.696,25
155200,18.696,25
155300,18.696,25
155400,18.696,25
155500,18.696,25
155600,18.696,25
155700,18.696,25
155800,18.696,25
155900,18.696,25
156000,18.696,25
156100,18.696,25
156200,18.696,25
156300,18.696,25
156400,18.696,25
156500,18.696,25
156600,18.696,25
156700,18.696,25
156800,18.696,25
156900,18.696,25
157000,18.696,25
157100,18.696,25
157200,18.696,25
157300,18.696,25
157400,18.696,25
157500,18.696,25
157600,18.696,25
157700,18.696,25
157800,18.696,25
157900,18.696,25
158000,18.696,25
158100,18.696,25
158200,18.696,25
158300,18.696,25
158400,18.696,25
158500,18.696,25
158600,18.696,25
158700,18.696,25
158800,18.696,25
158900,18.696,25
159000,18.696,25
159100,18.696,25
159200,18.696,25
159300,18.696,25
159400,18.696,25
159500,18.696,25
159600,18.696,25
159700,18.696,25
159800,18.696,25
159900,18.696,25
160000,18.696,25
160100,18.696,25
160200,18.696,25
160300,18.696,25
160400,18.696,25
160500,18.696,25
160600,18.696,25
160700,18.696,25
160800,18.696,25
160900,18.696,25
161000,18.696,25
161100,18.696,25
161200,18.696,25
161300,18.696,25
161400,18.696,25
161500,18.696,25
161600,18.696,25
161700,18.696,25
161800,18.696,25
161900,18.696,25
162000,18.696,25
162100,18.696,25
162200,18.696,25
162300,18.696,25
162400,18.696,25
162500,18.696,25
162600,18.696,25
162700,18.696,25
162800,18.696,25
162900,18.696,25
163000,18.696,25
163100,18.696,25
163200,18.696,25
163300,18.696,25
163400,18.696,25
163500,18.696,25
163600,18.696,25
163700,18.696,25
163800,18.696,25
163900,18.696,25
164000,18.696,25
164100,18.696,25
164200,18.696,25
164300,18.696,25
164400,18.696,25
164500,18.696,25
164600,18.696,25
164700,18.696,25
164800,18.696,25
164900,18.696,25
165000,18.696,25
165100,18.696,25
165200,18.696,25
165300,18.696,25
165400,18.696,25
165500,18.696,25
165600,18.696,25
165700,18.696,25
165800,18.696,25
165900,18.696,25
166000,18.696,25
166100,18.696,25
166200,18.696,25
166300,18.696,25
166400,18.696,25
166500,18.696,25
166600,18.696,25
166700,18.696,25
166800,18.696,25
166900,18.696,25
167000,18.696,25
167100,18.696,25
167200,18.696,25
167300,18.696,25
167400,18.696,25
167500,18.696,25
167600,18.696,25
167700,18.696,25
167800,18.696,25
167900,18.696,25
168000,18.696,25
168100,18.696,25
168200,18.696,25
168300,18.696,25
168400,18.696,25
168500,18.696,25
168600,18.696,25
168700,18.696,25
168800,18.696,25
168900,18.696,25
169000,18.696,25
169100,18.696,25
169200,18.696,25
169300,18.696,25
169400,18.688,25
169500,18.688,25
169600,18.688,25
169700,18.688,25
169800,18.688,25
169900,18.688,25
170000,18.688,25
170100,18.688,25
170200,18.688,25
170300,18.688,25
170400,18.688,25
170500,18.688,25
170600,18.688,25
170700,18.688,25
170800,18.688,25
170900,18.688,25
171000,18.688,25
171100,18.688,25
171200,18.688,25
171300,18.688,25
171400,18.688,25
171500,18.688,25
171600,18.688,25
171700,18.688,25
171800,18.688,25
171900,18.688,25
172000,18.688,25
172100,18.688,25
172200,18.688,25
172300,18.688,25
172400,18.688,25
172500,18.688,25
172600,18.688,25
172700,18.688,25
172800,18.688,25
172900,18.688,25
173000,18.688,25
173100,18.688,25
173200,18.688,25
173300,18.688,25
173400,18.688,25
173500,18.688,25
173600,18.688,25
173700,18.688,25
173800,18.688,25
173900,18.688,25
174000,18.688,25
174100,18.688,25
174200,18.688,25
174300,18.688,25
174400,18.688,25
174500,18.688,25
174600,18.688,25
174700,18.688,25
174800,18.688,25
174900,18.688,25
175000,18.688,25
175100,18.688,25
175200,18.688,25
175300,18.688,25
175400,18.688,25
175500,18.688,25
175600,18.688,25
175700,18.688,25
175800,18.688,25
175900,18.688,25
176000,18.688,25
176100,18.688,25
176200,18.688,25
176300,18.688,25
176400,18.688,25
176500,18.688,25
176600,18.688,25
176700,18.688,25
176800,18.688,25
176900,18.688,25
177000,18.688,25
177100,18.688,25
177200,18.688,25
177300,18.688,25
177400,18.688,25
177500,18.688,25
177600,18.688,25
177700,18.688,25
177800,18.688,25
177900,18.688,25
178000,18.688,25
178100,18.688,25
178200,18.688,25
178300,18.688,25
178400,18.688,25
178500,18.688,25
178600,18.688,25
178700,18.688,25
178800,18.688,25
178900,18.688,25
179000,18.688,25
179100,18.688,25
179200,18.688,25
179300,18.688,25
179400,18.688,25
179500,18.688,25
179600,18.688,25
179700,18.688,25
179800,18.688,25
179900,18.688,25
180000,18.688,25
180100,18.688,25
180200,18.688,25
180300,18.688,25
180400,18.688,25
180500,18.688,25
180600,18.688,25
180700,18.688,25
180800,18.688,25
180900,18.688,25
181000,18.688,25
181100,18.688,25
181200,18.688,25
181300,18.688,25
181400,18.688,25
181500,18.688,25
181600,18.688,25
181700,18.688,25
181800,18.688,25
181900,18.688,25
182000,18.688,25
182100,18.688,25
182200,18.688,25
182300,18.688,25
182400,18.688,25
182500,18.688,25
182600,18.688,25
182700,18.688,25
182800,18.688,25
182900,18.688,25
183000,18.688,25
183100,18.688,25
183200,18.688,25
183300,18.688,25
183400,18.688,25
183500,18.688,25
183600,18.688,25
183700,18.688,25
183800,18.688,25
183900,18.688,25
184000,18.688,25
184100,18.688,25
184200,18.688,25
184300,18.688,25
184400,18.688,25
184500,18.688,25
184600,18.688,25
184700,18.688,25
184800,18.688,25
184900,18.688,25
185000,18.688,25
185100,18.688,25
185200,18.688,25
185300,18.688,25
185400,18.688,25
185500,18.688,25
185600,18.688,25
185700,18.688,25
185800,18.688,25
185900,18.688,25
186000,18.688,25
186100,18.688,25
186200,18.688,25
186300,18.688,25
186400,18.688,25
186500,18.688,25
186600,18.688,25
186700,18.688,25
186800,18.688,25
186900,18.688,25
187000,18.688,25
187100,18.688,25
187200,18.688,25
187300,18.688,25
187400,18.688,25
187500,18.688,25
187600,18.688,25
187700,18.688,25
187800,18.688,25
187900,18.688,25
188000,18.688,25
188100,18.688,25
188200,18.688,25
188300,18.688,25
188400,18.688,25
188500,18.688,25
188600,18.688,25
188700,18.688,25
188800,18.688,25
188900,18.688,25
189000,18.688,25
189100,18.688,25
189200,18.688,25
189300,18.688,25
189400,18.688,25
189500,18.688,25
189600,18.688,25
189700,18.688,25
189800,18.688,25
189900,18.688,25
190000,18.688,25
190100,18.688,25
190200,18.688,25
190300,18.688,25
190400,18.688,25
190500,18.688,25
190600,18.688,25
190700,18.688,25
190800,18.688,25
190900,18.688,25
191000,18.688,25
191100,18.688,25
191200,18.688,25
191300,18.688,25
191400,18.688,25
191500,18.688,25
191600,18.688,25
191700,18.688,25
191800,18.688,25
191900,18.688,25
192000,18.688,25
192100,18.688,25
192200,18.688,25
192300,18.688,25
192400,18.688,25
192500,18.688,25
192600,18.688,25
192700,18.688,25
192800,18.688,25
192900,18.688,25
193000,18.688,25
193100,18.688,25
193200,18.688,25
193300,18.688,25
193400,18.688,25
193500,18.688,25
193600,18.688,25
193700,18.688,25
193800,18.688,25
193900,18.688,25
194000,18.688,25
194100,18.688,25
194200,18.688,25
194300,18.688,25
194400,18.688,25
194500,18.688,25
194600,18.688,25
194700,18.688,25
194800,18.688,25
194900,18.688,25
195000,18.688,25
195100,18.688,25
195200,18.688,25
195300,18.688,25
195400,18.688,25
195500,18.688,25
195600,18.688,25
195700,18.688,25
195800,18.688,25
195900,18.688,25
196000,18.688,25
196100,18.688,25
196200,18.688,25
196300,18.688,25
196400,18.688,25
196500,18.688,25
196600,18.688,25
196700,18.688,25
196800,18.688,25
196900,18.688,25
197000,18.688,25
197100,18.688,25
197200,18.688,25
197300,18.688,25
197400,18.688,25
197500,18.688,25
197600,18.688,25
197700,18.688,25
197800,18.688,25
197900,18.688,25
198000,18.688,25
198100,18.688,25
198200,18.688,25
198300,18.688,25
198400,18.688,25
198500,18.688,25
198600,18.688,25
198700,18.688,25
198800,18.688,25
198900,18.688,25
199000,18.688,25
199100,18.688,25
199200,18.688,25
199300,18.688,25
199400,18.688,25
199500,18.688,25
199600,18.688,25
199700,18.688,25
199800,18.688,25
199900,18.688,25
199999,18.688,25

START ALGORITHM
h5: (-a13) * (b22)
h8: (-a11) * (-b42)
h13: (a33 - a24 - a42) * (b14 + b31 + b42 - b35)
h14: (a12 + a45 + a53 - a32) * (b24 - b31)
h19: (-a21) * (b15 + b13 - b35)
h24: (a14 + a55 + a33 + a52 + a44 + a35 + a35 + a44 + a44 + a35 - a51 - a31 - a25 - a23 - a33 - a34) * (-b22)
h28: (a52 - a22 - a13 - a33) * (b32 + b33 + b15)
h30: (a21 + a41 + a54 + a41 + a34 + a23 + a44 + a22 + a31 + a32 - a32 - a34 - a42 - a34 - a55 - a32 - a12 - a22 - a43 - a45 - a14 - a15) * (-b21 - b53)
h31: (a33 + a24 + a23 + a21 + a52 + a15 + a41 - a42 - a15 - a15 - a24 - a44 - a33 - a31 - a43) * (b52 + b14 - b21 - b13 - b51 - b44)
h37: (a45 + a43 + a23 + a14 + a22 - a32 - a13 - a25 - a34 - a33 - a43) * (-b24 - b22)
h39: (-a25) * (-b12)
h50: (a41 + a25 - a15 - a53 - a41 - a34 - a55) * (b35 + b12 + b41 - b21 - b44)
h63: (a41) * (b42)
h69: (a31 - a12) * (b12 + b53 + b23 - b12 - b34 - b25 - b22 - b41 - b53)
h76: (a22 - a13) * (b52 + b41 - b14 - b41 - b14)
h85: (a22 + a35 + a21 - a32 - a51) * (b34 + b32)
h92: (a24 - a23) * (b32 + b45 - b44)
h98: (a24 + a44 + a24 + a44 - a25) * (-b34 - b33 - b51)
h100: (a24 + a25 - a15) * (b23 + b55 - b12)
h101: (-a12 - a53) * (-b44)
h105: (a23 + a41 + a42 - a44 - a44) * (b32 + b14 + b15 + b43 + b23 + b31 - b14)
h106: (a25 + a45) * (b43)
h111: (a15) * (b43 - b21)
h133: (a11 + a41) * (b21)
h140: (a21 + a33 + a23 - a12) * (-b32 - b23)
h163: (a22 + a25 - a25) * (b53 - b32 - b34)
h200: (a43 + a12 - a51 - a33 - a55) * (b23 + b54 + b51 - b32)
h246: (-a54) * (b12 + b24)
h264: (a43 + a22) * (b33 - b31 - b35)
h281: (a33 + a22 + a23 - a55 - a41) * (b12)
h353: (a11 + a41 + a21 - a25 - a42) * (b33 + b32 - b51 - b24)
h416: (-a53 - a25 - a53 - a15 - a55) * (-b22 - b55 - b22)
h546: (-a45) * (-b54)
h566: (a12 + a35 + a23 + a41 + a32 - a31 - a44 - a24 - a15) * (b12 - b23)
h575: (a21 + a45 + a43 + a55 + a15 - a43) * (-b23)
h720: (a22 + a35 + a53 + a23 + a15 + a34 + a43 + a14 - a42 - a34 - a15 - a35 - a11) * (b15 + b24 - b51)
h818: (-a32 - a32) * (-b54)
h1108: (a31 + a15 + a53 + a25 + a21 + a25 - a33 - a42 - a24 - a25 - a24 - a45 - a11) * (-b45)
h1833: (-a43) * (b12 + b34 + b53)
h2650: (a11 + a14 + a51 + a42 + a12 + a45 + a32 - a13 - a42 - a32 - a44) * (b22)
h2828: (a41 + a12 + a45 + a44 + a31 + a21 + a31 + a53 + a14 - a42) * (b43)
h2965: (a53 + a55 - a25 - a15) * (b21 + b41 + b21 + b43 - b23)
h4005: (a54 + a14 + a51) * (-b43)
h8481: (a14) * (b45 + b43 + b23 - b35 - b55)
h8580: (a42 + a12 + a45 + a55 + a52 + a22 - a33 - a32 - a55) * (-b42)
h11565: (a14 + a51 + a32 + a34 + a15 + a55 + a41 + a25 + a22 + a52 - a15 - a51 - a14 - a13 - a31 - a13 - a44 - a42) * (b24 - b45)
h11595: (-a31 - a11) * (-b44 - b25)
h12329: (a45 + a24 - a43) * (b45 + b14 + b24 - b51)
h15868: (-a45 - a53) * (-b42)
h26685: (a11 + a34 + a11 - a25 - a55 - a43 - a22 - a12) * (-b33)
h26686: (a12 + a22 - a52) * (b53 + b11 + b42 - b54 - b42 - b24)
h27099: (-a33) * (b53 + b51 + b55 + b31 + b55 - b35 - b41)
h42655: (a35 - a11) * (-b14 - b21 - b11)
c11: h101 + h566 + h28 - h200 
c12: h8 + h92 + h100 + h31 + h546 - h106 - h133 
c13: h5 + h720 + h14 + h353 
c14: h111 + h69 + h2965 + h281 + h13 
c15: h98 - h11565 - h11595 
c21: h50 + h111 + h818 - h818 
c22: h1833 + h15868 + h42655 - h85 - h546 
c23: h546 + h85 - h106 
c24: h281 + h818 
c25: h12329 - h575 
c31: h2828 - h24 
c32: h2828 - h246 
c33: h19 + h37 
c34: h5 + h76 + h1833 - h2650 
c35: h19 + h416 
c41: h13 + h63 + h37 - h163 
c42: h133 + h8481 + h546 
c43: h1108 - h30 
c44: h264 - h140 
c45: h76 + h26685 + h26686 - h37 
c51: h39 + h8 - h4005 
c52: h14 + h69 - h27099 
c53: h28 + h8 
c54: h281 + h353 - h69 - h8580 
c55: - h105 
