0,155.488,25
100,114.048,25
200,92.14399999999999,25
300,78.432,25
400,72.92800000000001,24.6
500,68.65599999999999,24.6
600,62.407999999999994,24.6
700,61.616,25
800,61.25599999999999,25
900,60.376,25
1000,59.712,25
1100,59.512,25
1200,59.272000000000006,25
1300,56.016,25
1400,54.696000000000005,25
1500,53.879999999999995,25
1600,53.688,25
1700,52.544,25
1800,52.544,25
1900,52.544,25
2000,51.67999999999999,25
2100,51.67999999999999,25
2200,51.08,25
2300,50.704,25
2400,50.704,25
2500,50.080000000000005,25
2600,49.944,25
2700,49.824,25
2800,49.824,25
2900,49.576,25
3000,48.992,25
3100,48.992,25
3200,48.992,25
3300,48.992,25
3400,47.976,25
3500,47.976,25
3600,47.976,25
3700,47.416,25
3800,47.416,25
3900,47.32,25
4000,47.32,25
4100,47.32,25
4200,47.32,25
4300,47.32,25
4400,46.208,25
4500,46.208,25
4600,46.208,25
4700,45.92,25
4800,45.92,25
4900,45.92,25
5000,45.92,25
5100,45.92,25
5200,45.648,25
5300,45.648,25
5400,45.648,25
5500,45.63199999999999,25
5600,45.63199999999999,25
5700,45.63199999999999,25
5800,45.432,25
5900,45.136,25
6000,45.136,25
6100,45.136,25
6200,45.007999999999996,25
6300,45.007999999999996,25
6400,45.007999999999996,25
6500,45.007999999999996,25
6600,44.28000000000001,25
6700,44.28000000000001,25
6800,44.28000000000001,25
6900,44.28000000000001,25
7000,43.616,25
7100,43.616,25
7200,43.464,25
7300,43.464,25
7400,43.304,25
7500,43.304,25
7600,43.304,25
7700,43.304,25
7800,43.304,25
7900,43.304,25
8000,43.304,25
8100,43.304,25
8200,43.24,25
8300,43.24,25
8400,43.24,25
8500,43.24,25
8600,43.24,25
8700,43.112,25
8800,43.112,25
8900,43.112,25
9000,43.112,25
9100,43.112,25
9200,43.112,25
9300,43.112,25
9400,43.112,25
9500,43.112,25
9600,43.112,25
9700,43.112,25
9800,43.112,25
9900,43.112,25
10000,43.112,25
10100,43.112,25
10200,43.112,25
10300,43.112,25
10400,42.664,25
10500,42.664,25
10600,42.664,25
10700,42.664,25
10800,42.664,25
10900,42.664,25
11000,42.519999999999996,25
11100,41.85600000000001,25
11200,41.85600000000001,25
11300,41.85600000000001,25
11400,41.85600000000001,25
11500,41.85600000000001,25
11600,41.85600000000001,25
11700,41.85600000000001,25
11800,41.85600000000001,25
11900,41.85600000000001,25
12000,41.85600000000001,25
12100,41.85600000000001,25
12200,40.80800000000001,25
12300,40.80800000000001,25
12400,40.80800000000001,25
12500,40.80800000000001,25
12600,40.80800000000001,25
12700,40.80800000000001,25
12800,40.80800000000001,25
12900,40.368,24.8
13000,39.968,24.8
13100,39.968,24.8
13200,39.968,24.8
13300,39.968,24.8
13400,39.968,24.8
13500,39.968,24.8
13600,39.968,24.8
13700,39.968,24.8
13800,39.968,24.8
13900,39.968,24.8
14000,39.792,24.8
14100,39.384,24.8
14200,39.384,24.8
14300,39.384,24.8
14400,39.384,24.8
14500,39.384,24.8
14600,39.384,24.8
14700,39.384,24.8
14800,39.384,24.8
14900,39.384,24.8
15000,39.384,24.8
15100,39.384,24.8
15200,39.072,24.8
15300,38.12,24.8
15400,37.848,24.8
15500,37.848,24.8
15600,37.480000000000004,24.8
15700,37.480000000000004,24.8
15800,37.480000000000004,24.8
15900,37.480000000000004,24.8
16000,37.480000000000004,24.8
16100,37.480000000000004,24.8
16200,37.480000000000004,24.8
16300,37.480000000000004,24.8
16400,37.480000000000004,24.8
16500,37.088,24.8
16600,37.088,24.8
16700,37.088,24.8
16800,37.088,24.8
16900,37.088,24.8
17000,37.088,24.8
17100,37.088,24.8
17200,37.088,24.8
17300,37.088,24.8
17400,37.088,24.8
17500,37.088,24.8
17600,37.088,24.8
17700,37.048,24.8
17800,37.048,24.8
17900,37.048,24.8
18000,36.599999999999994,24.8
18100,36.599999999999994,24.8
18200,36.599999999999994,24.8
18300,36.184000000000005,24.8
18400,36.184000000000005,24.8
18500,36.184000000000005,24.8
18600,36.184000000000005,24.8
18700,36.096,24.8
18800,35.248,25
18900,35.248,25
19000,35.104,24.8
19100,35.104,24.8
19200,35.104,24.8
19300,35.104,24.8
19400,35.104,24.8
19500,35.104,24.8
19600,35.104,24.8
19700,35.104,24.8
19800,35.104,24.8
19900,35.104,25
20000,35.104,25
20100,35.104,25
20200,35.104,25
20300,35.104,25
20400,35.104,25
20500,35.104,25
20600,34.824,25
20700,34.824,25
20800,34.824,25
20900,34.824,25
21000,34.824,25
21100,34.824,25
21200,34.824,25
21300,34.824,25
21400,34.824,25
21500,34.824,25
21600,34.824,25
21700,34.824,25
21800,34.824,25
21900,34.824,25
22000,34.824,25
22100,34.824,25
22200,34.2,25
22300,34.2,25
22400,34.2,25
22500,34.2,25
22600,33.736000000000004,25
22700,33.736000000000004,25
22800,33.736000000000004,25
22900,33.736000000000004,25
23000,33.736000000000004,25
23100,33.736000000000004,25
23200,33.736000000000004,25
23300,33.736000000000004,25
23400,33.736000000000004,25
23500,33.736000000000004,25
23600,33.736000000000004,25
23700,33.736000000000004,25
23800,33.736000000000004,25
23900,33.736000000000004,25
24000,33.736000000000004,25
24100,33.736000000000004,25
24200,33.736000000000004,25
24300,33.736000000000004,25
24400,33.344,25
24500,33.344,25
24600,33.344,25
24700,33.11200000000001,25
24800,33.11200000000001,25
24900,33.11200000000001,25
25000,33.11200000000001,25
25100,33.11200000000001,25
25200,33.11200000000001,25
25300,33.11200000000001,25
25400,33.11200000000001,25
25500,33.104,25
25600,33.104,25
25700,33.104,25
25800,33.104,25
25900,33.104,25
26000,32.512,25
26100,32.512,25
26200,32.512,25
26300,31.424,25
26400,31.424,25
26500,31.424,25
26600,31.424,25
26700,31.424,25
26800,31.424,25
26900,31.424,25
27000,31.424,25
27100,31.424,25
27200,31.424,25
27300,31.215999999999998,25
27400,31.215999999999998,25
27500,31.215999999999998,25
27600,31.215999999999998,25
27700,31.215999999999998,25
27800,31.215999999999998,25
27900,31.215999999999998,25
28000,31.215999999999998,25
28100,31.215999999999998,25
28200,31.215999999999998,25
28300,31.215999999999998,25
28400,31.215999999999998,25
28500,31.215999999999998,25
28600,31.215999999999998,25
28700,31.215999999999998,25
28800,31.215999999999998,25
28900,31.215999999999998,25
29000,31.215999999999998,25
29100,31.215999999999998,25
29200,31.215999999999998,25
29300,31.215999999999998,25
29400,31,25
29500,31,25
29600,31,25
29700,31,25
29800,31,25
29900,31,25
30000,30.896000000000004,25
30100,30.544,25
30200,30.544,25
30300,30.544,25
30400,30.544,25
30500,30.544,25
30600,30.544,25
30700,30.544,25
30800,30.544,25
30900,30.544,25
31000,30.544,25
31100,30.544,25
31200,30.544,25
31300,30.544,25
31400,30.544,25
31500,30.28,25
31600,29.992,25
31700,29.992,25
31800,29.992,25
31900,29.992,25
32000,29.936,25
32100,29.936,25
32200,29.936,25
32300,29.936,25
32400,29.936,25
32500,29.936,25
32600,29.936,25
32700,29.936,25
32800,29.936,25
32900,29.936,25
33000,29.936,25
33100,29.936,25
33200,29.936,25
33300,29.936,25
33400,29.936,25
33500,29.936,25
33600,29.936,25
33700,29.936,25
33800,29.936,25
33900,29.936,25
34000,29.936,25
34100,29.936,25
34200,29.936,25
34300,29.936,25
34400,29.936,25
34500,29.936,25
34600,29.936,25
34700,29.936,25
34800,29.936,25
34900,29.424,25
35000,29.424,25
35100,29.424,25
35200,29.424,25
35300,29.424,25
35400,29.424,25
35500,29.424,25
35600,29.424,25
35700,29.151999999999997,25
35800,28.951999999999998,25
35900,28.456,25
36000,28.456,25
36100,28.456,25
36200,28.456,25
36300,28.439999999999998,25
36400,28.439999999999998,25
36500,28.439999999999998,25
36600,28.016,25
36700,28.016,25
36800,28.016,25
36900,28.016,25
37000,28.016,25
37100,28.016,25
37200,28.016,25
37300,28.016,25
37400,28.016,25
37500,28.016,25
37600,28.016,25
37700,27.408000000000005,25
37800,27.408000000000005,25
37900,27.408000000000005,25
38000,27.408000000000005,25
38100,27.408000000000005,25
38200,27.408000000000005,25
38300,27.408000000000005,25
38400,27.408000000000005,25
38500,27.408000000000005,25
38600,27.408000000000005,25
38700,27.408000000000005,25
38800,27.408000000000005,25
38900,27.408000000000005,25
39000,27.408000000000005,25
39100,27.408000000000005,25
39200,27.408000000000005,25
39300,27.408000000000005,25
39400,27.408000000000005,25
39500,27.408000000000005,25
39600,27.408000000000005,25
39700,27.408000000000005,25
39800,27.408000000000005,25
39900,27.408000000000005,25
40000,27.408000000000005,25
40100,27.408000000000005,25
40200,27.408000000000005,25
40300,27.408000000000005,25
40400,27.408000000000005,25
40500,27.408000000000005,25
40600,27.408000000000005,25
40700,27.408000000000005,25
40800,27.408000000000005,25
40900,27.408000000000005,25
41000,27.408000000000005,25
41100,27.408000000000005,25
41200,27.408000000000005,25
41300,27.408000000000005,25
41400,27.408000000000005,25
41500,27.408000000000005,25
41600,27.408000000000005,25
41700,27.408000000000005,25
41800,27.408000000000005,25
41900,27.408000000000005,25
42000,27.408000000000005,25
42100,27.408000000000005,25
42200,27.408000000000005,25
42300,27.408000000000005,25
42400,27.408000000000005,25
42500,27.408000000000005,25
42600,27.408000000000005,25
42700,27.408000000000005,25
42800,27.408000000000005,25
42900,27.408000000000005,25
43000,27.408000000000005,25
43100,27.408000000000005,25
43200,27.408000000000005,25
43300,27.24,25
43400,27.24,25
43500,27.24,25
43600,27.24,25
43700,27.24,25
43800,26.784000000000002,25
43900,26.784000000000002,25
44000,26.784000000000002,25
44100,26.784000000000002,25
44200,26.784000000000002,25
44300,26.784000000000002,25
44400,26.784000000000002,25
44500,26.784000000000002,25
44600,26.784000000000002,25
44700,26.784000000000002,25
44800,26.784000000000002,25
44900,26.784000000000002,25
45000,26.784000000000002,25
45100,26.784000000000002,25
45200,26.784000000000002,25
45300,26.784000000000002,25
45400,26.784000000000002,25
45500,26.736,25
45600,26.536,25
45700,26.536,25
45800,26.536,25
45900,26.536,25
46000,26.536,25
46100,26.536,25
46200,26.536,25
46300,26.536,25
46400,26.536,25
46500,26.536,25
46600,26.536,25
46700,26.536,25
46800,26.536,25
46900,26.536,25
47000,26.536,25
47100,26.536,25
47200,26.536,25
47300,26.536,25
47400,26.536,25
47500,26.536,25
47600,26.536,25
47700,26.536,25
47800,26.536,25
47900,26.536,25
48000,26.536,25
48100,26.536,25
48200,26.536,25
48300,26.536,25
48400,26.536,25
48500,26.536,25
48600,26.536,25
48700,26.536,25
48800,26.536,25
48900,26.536,25
49000,26.536,25
49100,26.536,25
49200,26.536,25
49300,26.536,25
49400,26.104000000000003,25
49500,25.712,25
49600,25.712,25
49700,25.712,25
49800,25.712,25
49900,25.712,25
50000,25.712,25
50100,25.712,25
50200,25.712,25
50300,25.712,25
50400,25.712,25
50500,25.712,25
50600,25.703999999999997,25
50700,25.703999999999997,25
50800,25.703999999999997,25
50900,25.703999999999997,25
51000,25.703999999999997,25
51100,25.703999999999997,25
51200,25.703999999999997,25
51300,25.703999999999997,25
51400,25.703999999999997,25
51500,25.703999999999997,25
51600,25.703999999999997,25
51700,25.703999999999997,25
51800,25.703999999999997,25
51900,25.703999999999997,25
52000,25.703999999999997,25
52100,25.703999999999997,25
52200,25.703999999999997,25
52300,25.703999999999997,25
52400,25.703999999999997,25
52500,25.703999999999997,25
52600,25.703999999999997,25
52700,25.703999999999997,25
52800,25.703999999999997,25
52900,25.703999999999997,25
53000,25.703999999999997,25
53100,25.703999999999997,25
53200,25.703999999999997,25
53300,25.703999999999997,25
53400,25.703999999999997,25
53500,25.703999999999997,25
53600,25.703999999999997,25
53700,25.703999999999997,25
53800,25.703999999999997,25
53900,25.703999999999997,25
54000,25.703999999999997,25
54100,25.703999999999997,25
54200,25.703999999999997,25
54300,25.703999999999997,25
54400,25.703999999999997,25
54500,25.703999999999997,25
54600,25.703999999999997,25
54700,25.703999999999997,25
54800,25.703999999999997,25
54900,25.703999999999997,25
55000,25.703999999999997,25
55100,25.703999999999997,25
55200,25.703999999999997,25
55300,25.703999999999997,25
55400,25.703999999999997,25
55500,25.703999999999997,25
55600,25.703999999999997,25
55700,25.703999999999997,25
55800,25.703999999999997,25
55900,25.703999999999997,25
56000,25.703999999999997,25
56100,25.703999999999997,25
56200,25.703999999999997,25
56300,25.703999999999997,25
56400,25.703999999999997,25
56500,25.703999999999997,25
56600,25.703999999999997,25
56700,25.703999999999997,25
56800,25.703999999999997,25
56900,25.703999999999997,25
57000,25.703999999999997,25
57100,25.703999999999997,25
57200,25.703999999999997,25
57300,25.703999999999997,25
57400,25.703999999999997,25
57500,25.703999999999997,25
57600,25.703999999999997,25
57700,25.703999999999997,25
57800,25.703999999999997,25
57900,25.703999999999997,25
58000,25.703999999999997,25
58100,25.703999999999997,25
58200,25.703999999999997,25
58300,25.703999999999997,25
58400,25.703999999999997,25
58500,25.703999999999997,25
58600,25.703999999999997,25
58700,25.703999999999997,25
58800,25.639999999999997,25
58900,25.639999999999997,25
59000,25.639999999999997,25
59100,25.639999999999997,25
59200,25.639999999999997,25
59300,25.639999999999997,25
59400,25.639999999999997,25
59500,25.639999999999997,25
59600,25.639999999999997,25
59700,25.639999999999997,25
59800,25.639999999999997,25
59900,25.639999999999997,25
60000,25.639999999999997,25
60100,25.639999999999997,25
60200,25.639999999999997,25
60300,25.639999999999997,25
60400,25.639999999999997,25
60500,25.639999999999997,25
60600,25.639999999999997,25
60700,25.639999999999997,25
60800,25.639999999999997,25
60900,25.639999999999997,25
61000,25.639999999999997,25
61100,25.144,25
61200,25.144,25
61300,25.144,25
61400,25.144,25
61500,25.144,25
61600,25.144,25
61700,25.144,25
61800,25.144,25
61900,25.144,25
62000,25.144,25
62100,25.144,25
62200,25.144,25
62300,25.144,25
62400,25.144,25
62500,25.144,25
62600,25.144,25
62700,25.144,25
62800,25.144,25
62900,25.144,25
63000,25.144,25
63100,25.144,25
63200,25.144,25
63300,25.144,25
63400,25.144,25
63500,25.144,25
63600,25.144,25
63700,25.144,25
63800,25.144,25
63900,25.144,25
64000,25.144,25
64100,25.144,25
64200,25.144,25
64300,25.144,25
64400,25.144,25
64500,25.144,25
64600,25.144,25
64700,25.144,25
64800,25.144,25
64900,25.144,25
65000,25.144,25
65100,25.144,25
65200,25.144,25
65300,25.144,25
65400,25.144,25
65500,25.144,25
65600,25.144,25
65700,25.144,25
65800,25.144,25
65900,25.144,25
66000,25.144,25
66100,25.144,25
66200,25.144,25
66300,25.144,25
66400,25.144,25
66500,25.144,25
66600,25.144,25
66700,25.144,25
66800,24.496,24.8
66900,24.496,24.8
67000,24.496,24.8
67100,24.496,24.8
67200,24.496,24.8
67300,24.496,24.8
67400,24.496,24.8
67500,24.496,24.8
67600,24.496,24.8
67700,24.496,24.8
67800,24.496,24.8
67900,24.496,24.8
68000,24.496,24.8
68100,24.496,24.8
68200,24.496,24.8
68300,24.496,24.8
68400,24.496,24.8
68500,24.496,24.8
68600,24.496,24.8
68700,24.496,24.8
68800,24.496,24.8
68900,24.496,24.8
69000,24.496,24.8
69100,24.496,24.8
69200,24.496,24.8
69300,24.496,24.8
69400,24.496,24.8
69500,24.496,24.8
69600,24.496,24.8
69700,24.496,24.8
69800,24.496,24.8
69900,24.496,24.8
70000,24.496,24.8
70100,24.496,24.8
70200,24.496,24.8
70300,24.496,24.8
70400,24.496,24.8
70500,24.496,24.8
70600,24.496,24.8
70700,24.496,24.8
70800,24.496,24.8
70900,24.496,24.8
71000,24.496,24.8
71100,24.496,24.8
71200,24.496,24.8
71300,24.496,24.8
71400,24.496,24.8
71500,24.496,24.8
71600,24.496,24.8
71700,24.496,24.8
71800,24.496,24.8
71900,24.496,24.8
72000,24.496,24.8
72100,24.496,24.8
72200,24.296,24.8
72300,24.160000000000004,24.8
72400,24.160000000000004,24.8
72500,24.160000000000004,24.8
72600,24.160000000000004,24.8
72700,24.160000000000004,24.8
72800,24.160000000000004,24.8
72900,24.160000000000004,24.8
73000,24.160000000000004,24.8
73100,24.160000000000004,24.8
73200,24.160000000000004,24.8
73300,24.160000000000004,24.8
73400,24.160000000000004,24.8
73500,24.160000000000004,24.8
73600,24.160000000000004,24.8
73700,24.160000000000004,24.8
73800,24.160000000000004,24.8
73900,24.160000000000004,24.8
74000,24.160000000000004,24.8
74100,24.160000000000004,24.8
74200,24.160000000000004,24.8
74300,24.160000000000004,24.8
74400,24.160000000000004,24.8
74500,24.160000000000004,24.8
74600,24.160000000000004,24.8
74700,24.160000000000004,24.8
74800,24.160000000000004,24.8
74900,24.160000000000004,24.8
75000,24.160000000000004,24.8
75100,24.160000000000004,24.8
75200,24.160000000000004,24.8
75300,24.160000000000004,24.8
75400,24.160000000000004,24.8
75500,24.016,25
75600,24.016,25
75700,24.016,25
75800,24.016,25
75900,24.016,25
76000,24.016,25
76100,24.016,25
76200,24.016,25
76300,24.016,25
76400,24.016,25
76500,24.016,25
76600,23.991999999999997,25
76700,23.991999999999997,25
76800,23.991999999999997,25
76900,23.991999999999997,25
77000,23.912,25
77100,23.912,25
77200,23.912,25
77300,23.912,25
77400,23.912,25
77500,23.912,25
77600,23.912,25
77700,23.912,25
77800,23.912,25
77900,23.912,25
78000,23.912,25
78100,23.912,25
78200,23.912,25
78300,23.912,25
78400,23.912,25
78500,23.912,25
78600,23.72,25
78700,23.72,25
78800,23.72,25
78900,23.72,25
79000,23.72,25
79100,23.72,25
79200,23.72,25
79300,23.72,25
79400,23.72,25
79500,23.72,25
79600,23.72,25
79700,23.72,25
79800,23.72,25
79900,23.72,25
80000,23.72,25
80100,23.72,25
80200,23.72,25
80300,23.72,25
80400,23.592000000000002,24.8
80500,23.592000000000002,24.8
80600,23.592000000000002,24.8
80700,23.592000000000002,24.8
80800,23.592000000000002,24.8
80900,23.592000000000002,24.8
81000,23.592000000000002,24.8
81100,23.592000000000002,24.8
81200,23.592000000000002,24.8
81300,23.592000000000002,24.8
81400,23.592000000000002,24.8
81500,23.592000000000002,24.8
81600,23.592000000000002,24.8
81700,23.592000000000002,24.8
81800,23.592000000000002,24.8
81900,23.592000000000002,24.8
82000,23.592000000000002,24.8
82100,23.592000000000002,24.8
82200,23.592000000000002,24.8
82300,23.592000000000002,24.8
82400,23.592000000000002,24.8
82500,23.592000000000002,24.8
82600,23.592000000000002,24.8
82700,23.592000000000002,24.8
82800,23.592000000000002,24.8
82900,23.592000000000002,24.8
83000,23.592000000000002,24.8
83100,23.592000000000002,24.8
83200,23.592000000000002,24.8
83300,23.592000000000002,24.8
83400,23.592000000000002,24.8
83500,23.592000000000002,24.8
83600,23.592000000000002,24.8
83700,23.592000000000002,24.8
83800,23.592000000000002,24.8
83900,23.592000000000002,24.8
84000,23.592000000000002,24.8
84100,23.592000000000002,24.8
84200,23.592000000000002,24.8
84300,23.592000000000002,24.8
84400,23.592000000000002,24.8
84500,23.592000000000002,24.8
84600,23.592000000000002,24.8
84700,23.592000000000002,24.8
84800,23.592000000000002,24.8
84900,23.592000000000002,24.8
85000,23.592000000000002,24.8
85100,23.592000000000002,24.8
85200,23.592000000000002,24.8
85300,23.592000000000002,24.8
85400,23.592000000000002,24.8
85500,23.592000000000002,24.8
85600,23.592000000000002,24.8
85700,23.592000000000002,24.8
85800,23.592000000000002,24.8
85900,23.592000000000002,24.8
86000,23.592000000000002,24.8
86100,23.592000000000002,24.8
86200,23.592000000000002,24.8
86300,23.592000000000002,24.8
86400,23.592000000000002,24.8
86500,23.592000000000002,24.8
86600,23.592000000000002,24.8
86700,23.592000000000002,24.8
86800,23.592000000000002,24.8
86900,23.592000000000002,24.8
87000,23.592000000000002,24.8
87100,23.592000000000002,24.8
87200,23.592000000000002,24.8
87300,23.592000000000002,24.8
87400,23.592000000000002,24.8
87500,23.592000000000002,24.8
87600,23.592000000000002,24.8
87700,23.592000000000002,24.8
87800,23.592000000000002,24.8
87900,23.592000000000002,24.8
88000,23.592000000000002,24.8
88100,23.592000000000002,24.8
88200,23.592000000000002,24.8
88300,23.592000000000002,24.8
88400,23.592000000000002,24.8
88500,23.592000000000002,24.8
88600,23.592000000000002,24.8
88700,23.592000000000002,24.8
88800,23.592000000000002,24.8
88900,23.592000000000002,24.8
89000,23.592000000000002,24.8
89100,23.592000000000002,24.8
89200,23.592000000000002,24.8
89300,23.592000000000002,24.8
89400,23.592000000000002,24.8
89500,23.592000000000002,24.8
89600,23.592000000000002,24.8
89700,23.592000000000002,24.8
89800,23.592000000000002,24.8
89900,23.592000000000002,24.8
90000,23.592000000000002,24.8
90100,23.592000000000002,24.8
90200,23.592000000000002,24.8
90300,23.592000000000002,24.8
90400,23.592000000000002,24.8
90500,23.592000000000002,24.8
90600,23.592000000000002,24.8
90700,23.592000000000002,24.8
90800,23.592000000000002,24.8
90900,23.592000000000002,24.8
91000,23.592000000000002,24.8
91100,23.592000000000002,24.8
91200,23.592000000000002,24.8
91300,23.592000000000002,24.8
91400,23.592000000000002,24.8
91500,23.592000000000002,24.8
91600,23.592000000000002,24.8
91700,23.592000000000002,24.8
91800,23.592000000000002,24.8
91900,23.592000000000002,24.8
92000,23.592000000000002,24.8
92100,23.592000000000002,24.8
92200,23.592000000000002,24.8
92300,23.592000000000002,24.8
92400,23.592000000000002,24.8
92500,23.592000000000002,24.8
92600,23.592000000000002,24.8
92700,23.592000000000002,24.8
92800,23.592000000000002,24.8
92900,23.592000000000002,24.8
93000,23.592000000000002,24.8
93100,23.592000000000002,24.8
93200,23.592000000000002,24.8
93300,23.592000000000002,24.8
93400,23.592000000000002,24.8
93500,23.592000000000002,24.8
93600,23.592000000000002,24.8
93700,23.592000000000002,24.8
93800,23.592000000000002,24.8
93900,23.592000000000002,24.8
94000,23.592000000000002,24.8
94100,23.592000000000002,24.8
94200,23.592000000000002,24.8
94300,23.592000000000002,24.8
94400,23.592000000000002,24.8
94500,23.592000000000002,24.8
94600,23.592000000000002,24.8
94700,23.592000000000002,24.8
94800,23.592000000000002,24.8
94900,23.592000000000002,24.8
95000,23.592000000000002,24.8
95100,23.592000000000002,24.8
95200,23.592000000000002,24.8
95300,23.592000000000002,24.8
95400,23.592000000000002,24.8
95500,23.592000000000002,24.8
95600,23.592000000000002,24.8
95700,23.592000000000002,24.8
95800,23.592000000000002,24.8
95900,23.592000000000002,24.8
96000,23.592000000000002,24.8
96100,23.592000000000002,24.8
96200,23.592000000000002,24.8
96300,23.592000000000002,24.8
96400,23.592000000000002,24.8
96500,23.592000000000002,24.8
96600,23.592000000000002,24.8
96700,23.592000000000002,24.8
96800,23.592000000000002,24.8
96900,23.592000000000002,24.8
97000,23.592000000000002,24.8
97100,23.592000000000002,24.8
97200,23.592000000000002,24.8
97300,23.592000000000002,24.8
97400,23.592000000000002,24.8
97500,23.592000000000002,24.8
97600,23.592000000000002,24.8
97700,23.592000000000002,24.8
97800,23.592000000000002,24.8
97900,23.592000000000002,24.8
98000,23.592000000000002,24.8
98100,23.592000000000002,24.8
98200,23.592000000000002,24.8
98300,23.592000000000002,24.8
98400,23.592000000000002,24.8
98500,23.592000000000002,24.8
98600,23.592000000000002,24.8
98700,23.592000000000002,24.8
98800,23.592000000000002,24.8
98900,23.592000000000002,24.8
99000,23.592000000000002,24.8
99100,23.592000000000002,24.8
99200,23.592000000000002,24.8
99300,23.592000000000002,24.8
99400,23.592000000000002,24.8
99500,23.592000000000002,24.8
99600,23.592000000000002,24.8
99700,23.592000000000002,24.8
99800,23.592000000000002,24.8
99900,23.592000000000002,24.8
100000,23.592000000000002,24.8
100100,23.592000000000002,24.8
100200,23.592000000000002,24.8
100300,23.592000000000002,24.8
100400,23.592000000000002,24.8
100500,23.592000000000002,24.8
100600,23.592000000000002,24.8
100700,23.592000000000002,24.8
100800,23.592000000000002,24.8
100900,23.592000000000002,24.8
101000,23.592000000000002,24.8
101100,23.592000000000002,24.8
101200,23.592000000000002,24.8
101300,23.592000000000002,24.8
101400,23.592000000000002,24.8
101500,23.592000000000002,24.8
101600,23.592000000000002,24.8
101700,23.592000000000002,24.8
101800,23.592000000000002,24.8
101900,23.592000000000002,24.8
102000,23.592000000000002,24.8
102100,23.592000000000002,24.8
102200,23.592000000000002,24.8
102300,23.592000000000002,24.8
102400,23.592000000000002,24.8
102500,23.592000000000002,24.8
102600,23.592000000000002,24.8
102700,23.592000000000002,24.8
102800,23.592000000000002,24.8
102900,23.592000000000002,24.8
103000,23.592000000000002,24.8
103100,23.592000000000002,24.8
103200,23.592000000000002,24.8
103300,23.592000000000002,24.8
103400,23.592000000000002,24.8
103500,23.592000000000002,24.8
103600,23.592000000000002,24.8
103700,23.592000000000002,24.8
103800,23.592000000000002,24.8
103900,23.592000000000002,24.8
104000,23.592000000000002,24.8
104100,23.592000000000002,24.8
104200,23.592000000000002,24.8
104300,23.592000000000002,24.8
104400,23.592000000000002,24.8
104500,23.592000000000002,24.8
104600,23.592000000000002,24.8
104700,23.535999999999998,24.8
104800,23.535999999999998,24.8
104900,23.535999999999998,24.8
105000,23.535999999999998,24.8
105100,23.535999999999998,24.8
105200,23.535999999999998,24.8
105300,23.535999999999998,24.8
105400,23.535999999999998,24.8
105500,23.535999999999998,24.8
105600,23.535999999999998,24.8
105700,23.535999999999998,24.8
105800,23.535999999999998,24.8
105900,23.535999999999998,24.8
106000,23.535999999999998,24.8
106100,23.535999999999998,24.8
106200,23.535999999999998,24.8
106300,23.535999999999998,24.8
106400,23.535999999999998,24.8
106500,23.535999999999998,24.8
106600,23.535999999999998,24.8
106700,23.535999999999998,24.8
106800,23.535999999999998,24.8
106900,23.256,24.8
107000,23.256,24.8
107100,23.256,24.8
107200,23.256,24.8
107300,23.256,24.8
107400,23.256,24.8
107500,23.256,24.8
107600,23.256,24.8
107700,23.256,24.8
107800,23.256,24.8
107900,23.256,24.8
108000,23.256,24.8
108100,23.256,24.8
108200,23.256,24.8
108300,23.256,24.8
108400,23.256,24.8
108500,23.256,24.8
108600,23.256,24.8
108700,23.256,24.8
108800,23.256,24.8
108900,23.256,24.8
109000,23.256,24.8
109100,23.256,24.8
109200,23.256,24.8
109300,23.256,24.8
109400,23.256,24.8
109500,23.256,24.8
109600,23.256,24.8
109700,23.256,24.8
109800,23.256,24.8
109900,23.256,24.8
110000,23.256,24.8
110100,23.256,24.8
110200,23.256,24.8
110300,23.256,24.8
110400,23.256,24.8
110500,23.256,24.8
110600,23.256,24.8
110700,23.256,24.8
110800,23.256,24.8
110900,23.256,24.8
111000,23.256,24.8
111100,23.256,24.8
111200,23.256,24.8
111300,23.256,24.8
111400,23.256,24.8
111500,23.256,24.8
111600,23.256,24.8
111700,23.256,24.8
111800,23.256,24.8
111900,23.256,24.8
112000,23.256,24.8
112100,23.256,24.8
112200,23.256,24.8
112300,23.256,24.8
112400,23.256,24.8
112500,23.256,24.8
112600,23.256,24.8
112700,23.256,24.8
112800,23.256,24.8
112900,23.256,24.8
113000,23.256,24.8
113100,23.256,24.8
113200,23.256,24.8
113300,23.256,24.8
113400,23.256,24.8
113500,23.256,24.8
113600,23.256,24.8
113700,23.256,24.8
113800,23.256,24.8
113900,23.256,24.8
114000,23.256,24.8
114100,23.256,24.8
114200,23.256,24.8
114300,23.256,24.8
114400,23.256,24.8
114500,23.256,24.8
114600,23.256,24.8
114700,23.256,24.8
114800,23.256,24.8
114900,23.256,24.8
115000,23.256,24.8
115100,23.256,24.8
115200,23.256,24.8
115300,23.256,24.8
115400,23.256,24.8
115500,23.256,24.8
115600,23.256,24.8
115700,23.256,24.8
115800,23.256,24.8
115900,23.256,24.8
116000,23.256,24.8
116100,23.256,24.8
116200,23.256,24.8
116300,23.256,24.8
116400,23.256,24.8
116500,23.256,24.8
116600,23.256,24.8
116700,23.256,24.8
116800,23.256,24.8
116900,23.256,24.8
117000,23.256,24.8
117100,23.256,24.8
117200,23.04,24.8
117300,23.04,24.8
117400,23.04,24.8
117500,23.04,24.8
117600,23.04,24.8
117700,23.04,24.8
117800,23.04,24.8
117900,23.04,24.8
118000,23.04,24.8
118100,23.04,24.8
118200,23.04,24.8
118300,23.04,24.8
118400,23.04,24.8
118500,23.04,24.8
118600,23.04,24.8
118700,23.04,24.8
118800,23.04,24.8
118900,23.04,24.8
119000,23.04,24.8
119100,23.04,24.8
119200,23.04,24.8
119300,23.04,24.8
119400,23.04,24.8
119500,23.04,24.8
119600,23.04,24.8
119700,23.04,24.8
119800,23.04,24.8
119900,23.04,24.8
120000,23.04,24.8
120100,23.04,24.8
120200,23.04,24.8
120300,23.04,24.8
120400,23.04,24.8
120500,23.04,24.8
120600,23.04,24.8
120700,23.04,24.8
120800,23.04,24.8
120900,23.04,24.8
121000,23.04,24.8
121100,23.04,24.8
121200,23.04,24.8
121300,23.04,24.8
121400,23.04,24.8
121500,23.04,24.8
121600,23.04,24.8
121700,23.04,24.8
121800,23.04,24.8
121900,23.04,24.8
122000,23.04,24.8
122100,23.04,24.8
122200,23.04,24.8
122300,23.04,24.8
122400,23.04,24.8
122500,23.04,24.8
122600,23.04,24.8
122700,23.04,24.8
122800,23.04,24.8
122900,23.04,24.8
123000,23.04,24.8
123100,23.04,24.8
123200,23.04,24.8
123300,23.04,24.8
123400,23.04,24.8
123500,23.04,24.8
123600,23.04,24.8
123700,23.04,24.8
123800,23.04,24.8
123900,23.04,24.8
124000,23.04,24.8
124100,23.04,24.8
124200,23.04,24.8
124300,23.04,24.8
124400,23.04,24.8
124500,23.04,24.8
124600,23.04,24.8
124700,23.04,24.8
124800,23.04,24.8
124900,23.04,24.8
125000,23.04,24.8
125100,23.04,24.8
125200,23.04,24.8
125300,23.04,24.8
125400,23.04,24.8
125500,23.04,24.8
125600,23.04,24.8
125700,23.04,24.8
125800,23.04,24.8
125900,23.04,24.8
126000,23.04,24.8
126100,23.04,24.8
126200,23.04,24.8
126300,23.04,24.8
126400,23.04,24.8
126500,23.04,24.8
126600,23.04,24.8
126700,23.04,24.8
126800,23.04,24.8
126900,23.04,24.8
127000,23.04,24.8
127100,23.04,24.8
127200,23.04,24.8
127300,23.04,24.8
127400,23.04,24.8
127500,23.04,24.8
127600,23.04,24.8
127700,23.04,24.8
127800,23.04,24.8
127900,23.04,24.8
128000,23.04,24.8
128100,23.04,24.8
128200,23.04,24.8
128300,23.04,24.8
128400,23.04,24.8
128500,23.04,24.8
128600,23.04,24.8
128700,23.04,24.8
128800,23.04,24.8
128900,23.04,24.8
129000,23.04,24.8
129100,23.04,24.8
129200,23.04,24.8
129300,23.04,24.8
129400,23.04,24.8
129500,23.04,24.8
129600,23.04,24.8
129700,23.04,24.8
129800,23.04,24.8
129900,23.04,24.8
130000,23.04,24.8
130100,23.04,24.8
130200,23.04,24.8
130300,23.04,24.8
130400,23.04,24.8
130500,23.04,24.8
130600,23.04,24.8
130700,23.04,24.8
130800,23.04,24.8
130900,23.04,24.8
131000,23.04,24.8
131100,23.04,24.8
131200,23.04,24.8
131300,23.04,24.8
131400,23.04,24.8
131500,23.04,24.8
131600,23.04,24.8
131700,22.8,24.8
131800,22.8,24.8
131900,22.8,24.8
132000,22.8,24.8
132100,22.8,24.8
132200,22.8,24.8
132300,22.8,24.8
132400,22.8,24.8
132500,22.8,24.8
132600,22.8,24.8
132700,22.8,24.8
132800,22.8,24.8
132900,22.8,24.8
133000,22.8,24.8
133100,22.8,24.8
133200,22.8,24.8
133300,22.8,24.8
133400,22.8,24.8
133500,22.8,24.8
133600,22.8,24.8
133700,22.8,24.8
133800,22.8,24.8
133900,22.8,24.8
134000,22.8,24.8
134100,22.8,24.8
134200,22.8,24.8
134300,22.8,24.8
134400,22.8,24.8
134500,22.8,24.8
134600,22.8,24.8
134700,22.8,24.8
134800,22.8,24.8
134900,22.8,24.8
135000,22.8,24.8
135100,22.8,24.8
135200,22.8,24.8
135300,22.8,24.8
135400,22.8,24.8
135500,22.8,24.8
135600,22.8,24.8
135700,22.8,24.8
135800,22.8,24.8
135900,22.8,24.8
136000,22.8,24.8
136100,22.8,24.8
136200,22.8,24.8
136300,22.8,24.8
136400,22.8,24.8
136500,22.8,24.8
136600,22.8,24.8
136700,22.8,24.8
136800,22.8,24.8
136900,22.8,24.8
137000,22.8,24.8
137100,22.8,24.8
137200,22.8,24.8
137300,22.8,24.8
137400,22.8,24.8
137500,22.8,24.8
137600,22.8,24.8
137700,22.8,24.8
137800,22.8,24.8
137900,22.8,24.8
138000,22.8,24.8
138100,22.8,24.8
138200,22.8,24.8
138300,22.8,24.8
138400,22.8,24.8
138500,22.8,24.8
138600,22.8,24.8
138700,22.8,24.8
138800,22.8,24.8
138900,22.8,24.8
139000,22.8,24.8
139100,22.8,24.8
139200,22.8,24.8
139300,22.8,24.8
139400,22.8,24.8
139500,22.8,24.8
139600,22.8,24.8
139700,22.8,24.8
139800,22.8,24.8
139900,22.8,24.8
140000,22.8,24.8
140100,22.8,24.8
140200,22.8,24.8
140300,22.8,24.8
140400,22.8,24.8
140500,22.8,24.8
140600,22.8,24.8
140700,22.8,24.8
140800,22.8,24.8
140900,22.8,24.8
141000,22.8,24.8
141100,22.8,24.8
141200,22.8,24.8
141300,22.8,24.8
141400,22.8,24.8
141500,22.8,24.8
141600,22.8,24.8
141700,22.8,24.8
141800,22.8,24.8
141900,22.8,24.8
142000,22.8,24.8
142100,22.8,24.8
142200,22.8,24.8
142300,22.8,24.8
142400,22.8,24.8
142500,22.8,24.8
142600,22.8,24.8
142700,22.8,24.8
142800,22.8,24.8
142900,22.8,24.8
143000,22.8,24.8
143100,22.8,24.8
143200,22.8,24.8
143300,22.8,24.8
143400,22.8,24.8
143500,22.8,24.8
143600,22.8,24.8
143700,22.8,24.8
143800,22.8,24.8
143900,22.8,24.8
144000,22.8,24.8
144100,22.8,24.8
144200,22.8,24.8
144300,22.8,24.8
144400,22.8,24.8
144500,22.8,24.8
144600,22.8,24.8
144700,22.8,24.8
144800,22.8,24.8
144900,22.8,24.8
145000,22.8,24.8
145100,22.8,24.8
145200,22.8,24.8
145300,22.8,24.8
145400,22.8,24.8
145500,22.8,24.8
145600,22.8,24.8
145700,22.8,24.8
145800,22.8,24.8
145900,22.8,24.8
146000,22.8,24.8
146100,22.8,24.8
146200,22.8,24.8
146300,22.8,24.8
146400,22.8,24.8
146500,22.8,24.8
146600,22.8,24.8
146700,22.8,24.8
146800,22.8,24.8
146900,22.8,24.8
147000,22.8,24.8
147100,22.8,24.8
147200,22.8,24.8
147300,22.8,24.8
147400,22.8,24.8
147500,22.8,24.8
147600,22.8,24.8
147700,22.8,24.8
147800,22.8,24.8
147900,22.8,24.8
148000,22.8,24.8
148100,22.8,24.8
148200,22.8,24.8
148300,22.8,24.8
148400,22.8,24.8
148500,22.8,24.8
148600,22.8,24.8
148700,22.8,24.8
148800,22.8,24.8
148900,22.8,24.8
149000,22.8,24.8
149100,22.8,24.8
149200,22.8,24.8
149300,22.8,24.8
149400,22.8,24.8
149500,22.8,24.8
149600,22.8,24.8
149700,22.8,24.8
149800,22.8,24.8
149900,22.8,24.8
150000,22.8,24.8
150100,22.8,24.8
150200,22.8,24.8
150300,22.8,24.8
150400,22.8,24.8
150500,22.8,24.8
150600,22.8,24.8
150700,22.8,24.8
150800,22.8,24.8
150900,22.8,24.8
151000,22.8,24.8
151100,22.8,24.8
151200,22.8,24.8
151300,22.8,24.8
151400,22.8,24.8
151500,22.8,24.8
151600,22.8,24.8
151700,22.8,24.8
151800,22.8,24.8
151900,22.8,24.8
152000,22.8,24.8
152100,22.8,24.8
152200,22.8,24.8
152300,22.8,24.8
152400,22.8,24.8
152500,22.8,24.8
152600,22.8,24.8
152700,22.8,24.8
152800,22.8,24.8
152900,22.8,24.8
153000,22.8,24.8
153100,22.8,24.8
153200,22.8,24.8
153300,22.8,24.8
153400,22.8,24.8
153500,22.8,24.8
153600,22.8,24.8
153700,22.8,24.8
153800,22.8,24.8
153900,22.8,24.8
154000,22.8,24.8
154100,22.8,24.8
154200,22.8,24.8
154300,22.8,24.8
154400,22.8,24.8
154500,22.8,24.8
154600,22.8,24.8
154700,22.8,24.8
154800,22.8,24.8
154900,22.8,24.8
155000,22.8,24.8
155100,22.8,24.8
155200,22.8,24.8
155300,22.8,24.8
155400,22.8,24.8
155500,22.8,24.8
155600,22.8,24.8
155700,22.8,24.8
155800,22.8,24.8
155900,22.8,24.8
156000,22.8,24.8
156100,22.8,24.8
156200,22.8,24.8
156300,22.8,24.8
156400,22.8,24.8
156500,22.8,24.8
156600,22.8,24.8
156700,22.8,24.8
156800,22.8,24.8
156900,22.8,24.8
157000,22.8,24.8
157100,22.32,24.8
157200,22.32,24.8
157300,22.32,24.8
157400,22.32,24.8
157500,22.32,24.8
157600,22.32,24.8
157700,22.32,24.8
157800,22.32,24.8
157900,22.32,24.8
158000,22.32,24.8
158100,22.32,24.8
158200,22.32,24.8
158300,22.32,24.8
158400,22.32,24.8
158500,22.32,24.8
158600,22.32,24.8
158700,22.32,24.8
158800,22.32,24.8
158900,22.32,24.8
159000,22.32,24.8
159100,22.32,24.8
159200,22.32,24.8
159300,22.32,24.8
159400,22.32,24.8
159500,22.32,24.8
159600,22.32,24.8
159700,22.32,24.8
159800,22.32,24.8
159900,22.32,24.8
160000,22.32,24.8
160100,22.32,24.8
160200,22.32,24.8
160300,22.32,24.8
160400,22.32,24.8
160500,22.32,24.8
160600,22.32,24.8
160700,22.32,24.8
160800,22.32,24.8
160900,22.32,24.8
161000,22.32,24.8
161100,22.32,24.8
161200,22.32,24.8
161300,22.32,24.8
161400,22.32,24.8
161500,22.32,24.8
161600,22.32,24.8
161700,22.32,24.8
161800,22.32,24.8
161900,22.32,24.8
162000,22.32,24.8
162100,22.32,24.8
162200,22.32,24.8
162300,22.32,24.8
162400,22.32,24.8
162500,22.32,24.8
162600,22.32,24.8
162700,22.32,24.8
162800,22.32,24.8
162900,22.32,24.8
163000,22.32,24.8
163100,22.32,24.8
163200,22.32,24.8
163300,22.32,24.8
163400,22.32,24.8
163500,22.32,24.8
163600,22.32,24.8
163700,22.32,24.8
163800,22.32,24.8
163900,22.32,24.8
164000,22.32,24.8
164100,22.32,24.8
164200,22.32,24.8
164300,22.32,24.8
164400,22.32,24.8
164500,22.32,24.8
164600,22.32,24.8
164700,22.32,24.8
164800,22.32,24.8
164900,22.32,24.8
165000,22.32,24.8
165100,22.32,24.8
165200,22.32,24.8
165300,22.32,24.8
165400,22.32,24.8
165500,22.32,24.8
165600,22.32,24.8
165700,22.32,24.8
165800,22.32,24.8
165900,22.32,24.8
166000,22.32,24.8
166100,22.32,24.8
166200,22.32,24.8
166300,22.32,24.8
166400,22.32,24.8
166500,22.32,24.8
166600,22.32,24.8
166700,22.32,24.8
166800,22.32,24.8
166900,22.32,24.8
167000,22.32,24.8
167100,22.32,24.8
167200,22.32,24.8
167300,22.32,24.8
167400,22.32,24.8
167500,22.32,24.8
167600,22.32,24.8
167700,22.32,24.8
167800,22.32,24.8
167900,22.32,24.8
168000,22.32,24.8
168100,22.32,24.8
168200,22.32,24.8
168300,22.32,24.8
168400,22.32,24.8
168500,22.32,24.8
168600,22.32,24.8
168700,22.32,24.8
168800,22.32,24.8
168900,22.32,24.8
169000,22.32,24.8
169100,22.32,24.8
169200,22.32,24.8
169300,22.32,24.8
169400,22.32,24.8
169500,22.32,24.8
169600,22.32,24.8
169700,22.32,24.8
169800,22.32,24.8
169900,22.32,24.8
170000,22.32,24.8
170100,22.32,24.8
170200,22.32,24.8
170300,22.32,24.8
170400,22.112000000000002,24.8
170500,22.112000000000002,24.8
170600,22.112000000000002,24.8
170700,22.112000000000002,24.8
170800,22.112000000000002,24.8
170900,22.112000000000002,24.8
171000,22.112000000000002,24.8
171100,22.112000000000002,24.8
171200,22.112000000000002,24.8
171300,22.112000000000002,24.8
171400,22.112000000000002,24.8
171500,22.112000000000002,24.8
171600,22.112000000000002,24.8
171700,22.112000000000002,24.8
171800,22.112000000000002,24.8
171900,22.112000000000002,24.8
172000,22.112000000000002,24.8
172100,22.112000000000002,24.8
172200,22.112000000000002,24.8
172300,22.112000000000002,24.8
172400,22.112000000000002,24.8
172500,22.112000000000002,24.8
172600,22.112000000000002,24.8
172700,22.112000000000002,24.8
172800,22.112000000000002,24.8
172900,22.112000000000002,24.8
173000,22.112000000000002,24.8
173100,22.112000000000002,24.8
173200,22.112000000000002,24.8
173300,22.112000000000002,24.8
173400,22.112000000000002,24.8
173500,22.112000000000002,24.8
173600,22.112000000000002,24.8
173700,22.112000000000002,24.8
173800,22.112000000000002,24.8
173900,22.112000000000002,24.8
174000,22.112000000000002,24.8
174100,22.112000000000002,24.8
174200,22.112000000000002,24.8
174300,22.112000000000002,24.8
174400,22.112000000000002,24.8
174500,22.112000000000002,24.8
174600,22.112000000000002,24.8
174700,22.112000000000002,24.8
174800,22.112000000000002,24.8
174900,22.112000000000002,24.8
175000,22.112000000000002,24.8
175100,22.112000000000002,24.8
175200,22.112000000000002,24.8
175300,22.112000000000002,24.8
175400,22.112000000000002,24.8
175500,22.112000000000002,24.8
175600,22.112000000000002,24.8
175700,22.112000000000002,24.8
175800,22.112000000000002,24.8
175900,22.112000000000002,24.8
176000,22.112000000000002,24.8
176100,22.112000000000002,24.8
176200,22.112000000000002,24.8
176300,22.112000000000002,24.8
176400,22.112000000000002,24.8
176500,22.112000000000002,24.8
176600,22.112000000000002,24.8
176700,22.112000000000002,24.8
176800,22.112000000000002,24.8
176900,22.112000000000002,24.8
177000,22.112000000000002,24.8
177100,22.112000000000002,24.8
177200,22.112000000000002,24.8
177300,22.112000000000002,24.8
177400,22.112000000000002,24.8
177500,22.112000000000002,24.8
177600,22.112000000000002,24.8
177700,22.112000000000002,24.8
177800,22.112000000000002,24.8
177900,22.112000000000002,24.8
178000,22.112000000000002,24.8
178100,22.112000000000002,24.8
178200,22.112000000000002,24.8
178300,22.112000000000002,24.8
178400,22.112000000000002,24.8
178500,22.112000000000002,24.8
178600,22.112000000000002,24.8
178700,22.112000000000002,24.8
178800,22.112000000000002,24.8
178900,22.112000000000002,24.8
179000,22.112000000000002,24.8
179100,22.112000000000002,24.8
179200,22.112000000000002,24.8
179300,22.112000000000002,24.8
179400,22.112000000000002,24.8
179500,22.112000000000002,24.8
179600,22.112000000000002,24.8
179700,22.112000000000002,24.8
179800,22.112000000000002,24.8
179900,22.112000000000002,24.8
180000,22.112000000000002,24.8
180100,22.112000000000002,24.8
180200,22.112000000000002,24.8
180300,22.112000000000002,24.8
180400,22.112000000000002,24.8
180500,22.112000000000002,24.8
180600,22.112000000000002,24.8
180700,22.112000000000002,24.8
180800,22.112000000000002,24.8
180900,22.112000000000002,24.8
181000,22.112000000000002,24.8
181100,22.112000000000002,24.8
181200,22.112000000000002,24.8
181300,22.112000000000002,24.8
181400,22.112000000000002,24.8
181500,22.112000000000002,24.8
181600,22.112000000000002,24.8
181700,22.112000000000002,24.8
181800,22.112000000000002,24.8
181900,22.112000000000002,24.8
182000,22.112000000000002,24.8
182100,22.112000000000002,24.8
182200,22.112000000000002,24.8
182300,22.112000000000002,24.8
182400,22.112000000000002,24.8
182500,22.112000000000002,24.8
182600,22.112000000000002,24.8
182700,22.112000000000002,24.8
182800,22.112000000000002,24.8
182900,22.112000000000002,24.8
183000,22.112000000000002,24.8
183100,22.112000000000002,24.8
183200,22.112000000000002,24.8
183300,22.112000000000002,24.8
183400,22.112000000000002,24.8
183500,22.112000000000002,24.8
183600,22.112000000000002,24.8
183700,22.112000000000002,24.8
183800,22.112000000000002,24.8
183900,22.112000000000002,24.8
184000,22.112000000000002,24.8
184100,22.112000000000002,24.8
184200,22.112000000000002,24.8
184300,22.112000000000002,24.8
184400,22.112000000000002,24.8
184500,22.112000000000002,24.8
184600,22.112000000000002,24.8
184700,22.112000000000002,24.8
184800,22.112000000000002,24.8
184900,22.112000000000002,24.8
185000,22.112000000000002,24.8
185100,22.112000000000002,24.8
185200,22.112000000000002,24.8
185300,22.112000000000002,24.8
185400,22.112000000000002,24.8
185500,22.112000000000002,24.8
185600,22.112000000000002,24.8
185700,22.112000000000002,24.8
185800,22.112000000000002,24.8
185900,22.112000000000002,24.8
186000,22.112000000000002,24.8
186100,22.112000000000002,24.8
186200,22.112000000000002,24.8
186300,22.112000000000002,24.8
186400,22.112000000000002,24.8
186500,22.112000000000002,24.8
186600,22.112000000000002,24.8
186700,22.112000000000002,24.8
186800,22.112000000000002,24.8
186900,22.112000000000002,24.8
187000,22.112000000000002,24.8
187100,22.112000000000002,24.8
187200,22.112000000000002,24.8
187300,22.112000000000002,24.8
187400,22.112000000000002,24.8
187500,22.112000000000002,24.8
187600,22.112000000000002,24.8
187700,22.112000000000002,24.8
187800,22.112000000000002,24.8
187900,22.112000000000002,24.8
188000,22.112000000000002,24.8
188100,22.112000000000002,24.8
188200,22.112000000000002,24.8
188300,22.112000000000002,24.8
188400,22.112000000000002,24.8
188500,22.112000000000002,24.8
188600,22.112000000000002,24.8
188700,22.112000000000002,24.8
188800,22.112000000000002,24.8
188900,22.112000000000002,24.8
189000,22.112000000000002,24.8
189100,22.112000000000002,24.8
189200,22.112000000000002,24.8
189300,22.112000000000002,24.8
189400,22.112000000000002,24.8
189500,22.112000000000002,24.8
189600,22.112000000000002,24.8
189700,22.112000000000002,24.8
189800,22.112000000000002,24.8
189900,22.112000000000002,24.8
190000,22.112000000000002,24.8
190100,22.112000000000002,24.8
190200,22.112000000000002,24.8
190300,22.112000000000002,24.8
190400,22.112000000000002,24.8
190500,22.112000000000002,24.8
190600,22.112000000000002,24.8
190700,22.112000000000002,24.8
190800,22.112000000000002,24.8
190900,22.112000000000002,24.8
191000,22.112000000000002,24.8
191100,22.112000000000002,24.8
191200,22.112000000000002,24.8
191300,22.112000000000002,24.8
191400,22.112000000000002,24.8
191500,22.112000000000002,24.8
191600,22.112000000000002,24.8
191700,22.112000000000002,24.8
191800,22.112000000000002,24.8
191900,22.112000000000002,24.8
192000,22.112000000000002,24.8
192100,22.112000000000002,24.8
192200,22.112000000000002,24.8
192300,22.112000000000002,24.8
192400,22.112000000000002,24.8
192500,22.112000000000002,24.8
192600,22.112000000000002,24.8
192700,22.112000000000002,24.8
192800,22.112000000000002,24.8
192900,22.112000000000002,24.8
193000,22.112000000000002,24.8
193100,22.112000000000002,24.8
193200,22.112000000000002,24.8
193300,22.112000000000002,24.8
193400,22.112000000000002,24.8
193500,22.112000000000002,24.8
193600,22.112000000000002,24.8
193700,22.112000000000002,24.8
193800,22.112000000000002,24.8
193900,22.112000000000002,24.8
194000,22.112000000000002,24.8
194100,22.112000000000002,24.8
194200,22.112000000000002,24.8
194300,22.112000000000002,24.8
194400,22.112000000000002,24.8
194500,22.112000000000002,24.8
194600,22.112000000000002,24.8
194700,22.112000000000002,24.8
194800,22.112000000000002,24.8
194900,22.112000000000002,24.8
195000,22.112000000000002,24.8
195100,22.112000000000002,24.8
195200,22.112000000000002,24.8
195300,22.112000000000002,24.8
195400,22.112000000000002,24.8
195500,22.112000000000002,24.8
195600,22.112000000000002,24.8
195700,22.112000000000002,24.8
195800,22.112000000000002,24.8
195900,22.112000000000002,24.8
196000,22.112000000000002,24.8
196100,22.112000000000002,24.8
196200,22.112000000000002,24.8
196300,22.112000000000002,24.8
196400,22.112000000000002,24.8
196500,22.112000000000002,24.8
196600,22.112000000000002,24.8
196700,22.112000000000002,24.8
196800,22.112000000000002,24.8
196900,22.112000000000002,24.8
197000,22.112000000000002,24.8
197100,22.112000000000002,24.8
197200,22.112000000000002,24.8
197300,22.112000000000002,24.8
197400,22.112000000000002,24.8
197500,22.112000000000002,24.8
197600,22.112000000000002,24.8
197700,22.112000000000002,24.8
197800,22.112000000000002,24.8
197900,22.112000000000002,24.8
198000,22.112000000000002,24.8
198100,22.112000000000002,24.8
198200,22.112000000000002,24.8
198300,22.112000000000002,24.8
198400,22.112000000000002,24.8
198500,22.112000000000002,24.8
198600,22.112000000000002,24.8
198700,22.112000000000002,24.8
198800,22.112000000000002,24.8
198900,22.112000000000002,24.8
199000,22.112000000000002,24.8
199100,22.112000000000002,24.8
199200,22.112000000000002,24.8
199300,22.112000000000002,24.8
199400,22.112000000000002,24.8
199500,22.112000000000002,24.8
199600,22.112000000000002,24.8
199700,22.112000000000002,24.8
199800,22.112000000000002,24.8
199900,22.112000000000002,24.8
199999,22.112000000000002,24.8

START ALGORITHM
h7: (-a54) * (b41 + b15 + b32 - b34 - b25 - b43 - b12 - b25 - b53)
h11: (a11 - a12 - a52) * (b33 + b43 + b22 - b33 - b41 - b24 - b34)
h21: (a24) * (-b14 - b13)
h27: (a51 + a23) * (b45 - b25 - b43)
h43: (a23 - a24) * (b15 + b13 - b25)
h47: (a53 + a25 - a53 - a15 - a42) * (-b32 - b22)
h55: (a25 + a51 + a25 + a35) * (b55)
h76: (a53 + a23 - a45 - a22 - a35) * (b25)
h77: (-a12) * (b32 - b43)
h79: (a14 + a24 + a43 - a43) * (b11 + b14)
h83: (-a25) * (b35 + b42 - b13 - b43)
h84: (a45 - a41) * (b45 - b43 - b55 - b41 - b41)
h88: (a35 + a51 - a41 - a14) * (b33 + b45 + b45 + b45 + b41 + b12 + b31 - b25)
h90: (a42 + a25 - a14 - a55 - a54 - a13 - a31 - a13 - a14 - a33) * (b44 + b13 + b31 + b24 - b52 - b51 - b52)
h99: (-a43) * (b22)
h102: (-a23) * (b54 + b22 + b12 + b11 - b45 - b11 - b34 - b34 - b52 - b42 - b54)
h103: (a43 + a23) * (b15 + b52 + b43 - b41 - b41)
h116: (-a44) * (b35 - b34 - b12)
h117: (-a12) * (b55 + b55 + b23 + b13 + b43 + b45 + b52 - b51 - b45 - b33 - b54)
h118: (-a33 - a12) * (b52 + b43 + b55 + b51 + b51 - b51)
h125: (-a14) * (b51 + b42 - b21)
h128: (a32) * (-b55 - b51 - b44 - b32)
h162: (a41 + a52 + a32 - a54) * (b35 + b13 - b33 - b55)
h165: (a14 + a12 - a43) * (b55 + b11 + b41 - b44 - b23 - b34 - b54)
h189: (a11 + a32 - a14 - a34) * (b15 + b43 - b14)
h230: (a42 + a13 - a41 - a11) * (-b31)
h238: (a12 + a21 - a32 - a22 - a43) * (-b35 - b42)
h251: (a34 + a35 + a15 - a31 - a35 - a14 - a53) * (b11 - b33 - b32 - b54 - b21)
h404: (a22) * (b24 - b13)
h405: (-a35) * (b33 + b23 + b42 + b11 - b35 - b25 - b41 - b43 - b52 - b52)
h728: (-a45) * (-b34)
h966: (a13 - a25 - a34 - a22) * (b52 + b44 - b32)
h1024: (a11 + a12) * (-b12)
h1127: (a44) * (b45 + b54 + b24 + b13 + b23 + b41 - b12 - b52 - b54 - b42 - b52 - b23 - b22 - b23)
h1137: (a55 + a41 + a24 - a52 - a14 - a41 - a13) * (b32 + b11 + b15 + b25 + b14 + b42 - b25 - b44)
h1267: (a45) * (b31 - b42)
h2468: (a35) * (b43)
h2736: (a52 - a43) * (b35 + b14 + b43 + b24 + b12 + b44 - b44 - b13 - b21 - b45)
h3029: (a21 + a15 - a23 - a55) * (b34 + b13 - b21 - b13)
h7832: (a54 + a24) * (b53 + b11 + b34 - b34 - b51 - b44 - b53)
h7972: (a55) * (b55 + b25 - b31)
h9056: (a12) * (b23 - b33)
h9184: (a44 - a21) * (b15 + b15 + b52 + b52 + b43 + b14 + b55 + b45 + b34 + b41 + b15 - b21 - b35 - b52 - b43 - b51 - b21)
h12497: (a44 + a11 - a32) * (b22 + b44 + b45 + b45 - b11 - b14 - b23 - b31 - b14)
h24958: (-a44) * (b41)
h29712: (a41 + a42 + a45 + a52 - a15) * (b21 + b51 + b55 + b22 + b52 + b23 - b53 - b23 - b22)
c11: h404 + h2468 + h21 
c12: h128 + h404 
c13: h162 + h55 + h116 - h7972 
c14: h1127 + h7832 
c15: h27 + h55 - h2736 
c21: h238 - h128 
c22: h238 + h128 - h12497 
c23: h99 + h21 + h55 + h125 
c24: h116 + h83 + h43 
c25: h90 + h165 - h3029 
c31: h76 + h77 + h7 + h966 + h84 - h79 - h1024 
c32: h83 + h43 
c33: h1267 
c34: h103 + h9056 - h125 - h165 - h24958 
c35: h162 + h251 + h238 - h84 
c41: h84 - h27 - h1137 
c42: h404 + h1267 
c43: h189 + h728 + h118 + h2468 
c44: h47 + h117 + h9184 + h1267 + h128 
c45: h118 + h405 
c51: h11 + h1137 - h90 - h230 
c52: h117 + h88 + h117 
c53: h116 + h29712 + h966 
c54: h9056 
c55: h102 + h88 + h55 - h21 
