0,166.496,25
100,121.296,25
200,107.752,25
300,90.12,25
400,80.296,24.8
500,74.99999999999999,24.8
600,69.44000000000001,24.8
700,67.064,24.8
800,65.152,24.8
900,60.672000000000004,24.4
1000,58.048,24.4
1100,56.096000000000004,24.4
1200,55.839999999999996,24.6
1300,55.53599999999999,24.8
1400,54.34400000000001,24.8
1500,54.279999999999994,24.8
1600,51.448,24.8
1700,50.92,24.8
1800,50.648,24.8
1900,50.248,24.8
2000,49.84000000000001,24.8
2100,49.84000000000001,24.8
2200,49.84000000000001,24.8
2300,49.104,24.8
2400,48.152,24.8
2500,48.152,24.8
2600,47.904,24.8
2700,47.2,24.8
2800,46.751999999999995,24.8
2900,46.288,24.8
3000,46.215999999999994,24.8
3100,45.104,24.8
3200,43.544,24.8
3300,43.544,24.8
3400,43.352000000000004,24.8
3500,43.303999999999995,24.8
3600,42.519999999999996,24.8
3700,42.519999999999996,24.8
3800,42.519999999999996,24.8
3900,42.519999999999996,24.8
4000,42.519999999999996,24.8
4100,42.519999999999996,24.8
4200,42.519999999999996,24.8
4300,42.519999999999996,24.8
4400,42.519999999999996,24.8
4500,42.519999999999996,24.8
4600,42.408,24.8
4700,42.352,24.8
4800,42.352,24.8
4900,42.352,24.8
5000,42.352,24.8
5100,42.352,24.8
5200,42.352,24.8
5300,42.352,24.8
5400,42.352,24.8
5500,41.416,24.8
5600,41.368,24.8
5700,41.2,24.8
5800,40.512,24.8
5900,40.512,24.8
6000,40.512,24.8
6100,39.36,24.8
6200,39.36,24.8
6300,39.36,24.8
6400,39.36,24.8
6500,39.36,24.8
6600,38.296,24.8
6700,38.296,24.8
6800,38.296,24.8
6900,37.93600000000001,25
7000,37.93600000000001,25
7100,37.93600000000001,25
7200,37.93600000000001,25
7300,37.93600000000001,25
7400,37.93600000000001,25
7500,37.93600000000001,25
7600,37.93600000000001,25
7700,37.839999999999996,25
7800,37.839999999999996,25
7900,37.376,25
8000,37.376,25
8100,37.104,25
8200,37.104,25
8300,37.104,25
8400,37.104,25
8500,37.104,25
8600,37.104,25
8700,37.08,25
8800,36.88,25
8900,36.88,25
9000,36.88,25
9100,36.88,25
9200,36.88,25
9300,36.57600000000001,25
9400,36.57600000000001,25
9500,36.57600000000001,25
9600,36.448,25
9700,36.448,25
9800,36.448,25
9900,36.448,25
10000,36.448,25
10100,36.448,25
10200,36.448,25
10300,36.448,25
10400,36.448,25
10500,36.448,25
10600,36.408,25
10700,36.408,25
10800,36.408,25
10900,36.408,25
11000,36.408,25
11100,36.408,25
11200,36.408,25
11300,36.408,25
11400,36.408,25
11500,36.408,25
11600,35.304,25
11700,35.248000000000005,24.8
11800,34.895999999999994,25
11900,34.656,25
12000,34.656,25
12100,34.656,25
12200,34.656,25
12300,34.656,25
12400,34.656,25
12500,34.488,25
12600,34.488,25
12700,34.488,25
12800,34.488,25
12900,34.488,25
13000,33.815999999999995,25
13100,33.815999999999995,25
13200,33.815999999999995,25
13300,33.8,25
13400,33.8,25
13500,33.8,25
13600,33.8,25
13700,33.8,25
13800,33.8,25
13900,33.8,25
14000,33.8,25
14100,33.8,25
14200,33.256,25
14300,33.256,25
14400,33.256,25
14500,33.256,25
14600,33.256,25
14700,33.256,25
14800,33.256,25
14900,32.775999999999996,25
15000,32.775999999999996,25
15100,32.775999999999996,25
15200,32.48800000000001,25
15300,32.48800000000001,25
15400,32.160000000000004,25
15500,32.160000000000004,25
15600,32.160000000000004,25
15700,32.160000000000004,25
15800,32.160000000000004,25
15900,32.160000000000004,25
16000,32.160000000000004,25
16100,32.160000000000004,25
16200,32.160000000000004,25
16300,32.072,25
16400,31.592000000000002,25
16500,31.592000000000002,25
16600,31.592000000000002,25
16700,31.592000000000002,25
16800,31.592000000000002,25
16900,31.592000000000002,25
17000,31.592000000000002,25
17100,31.592000000000002,25
17200,31.592000000000002,25
17300,31.592000000000002,25
17400,31.592000000000002,25
17500,31.592000000000002,25
17600,31.592000000000002,25
17700,31.432,25
17800,31.432,25
17900,31.432,25
18000,31.432,25
18100,31.432,25
18200,31.432,25
18300,31.432,25
18400,31.432,25
18500,31.432,25
18600,31.432,25
18700,31.432,25
18800,31.432,25
18900,31.2,25
19000,31.168,25
19100,30.896000000000004,25
19200,30.896000000000004,25
19300,30.896000000000004,25
19400,30.896000000000004,25
19500,30.896000000000004,25
19600,30.896000000000004,25
19700,30.896000000000004,25
19800,30.880000000000003,25
19900,30.880000000000003,25
20000,30.880000000000003,25
20100,30.880000000000003,25
20200,30.880000000000003,25
20300,30.880000000000003,25
20400,30.880000000000003,25
20500,30.880000000000003,25
20600,30.880000000000003,25
20700,30.880000000000003,25
20800,30.880000000000003,25
20900,30.608000000000004,25
21000,30.608000000000004,25
21100,30.608000000000004,25
21200,30.360000000000003,25
21300,30.360000000000003,25
21400,30.360000000000003,25
21500,30.360000000000003,25
21600,30.360000000000003,25
21700,30.360000000000003,25
21800,30.360000000000003,25
21900,30.360000000000003,25
22000,30.360000000000003,25
22100,30.360000000000003,25
22200,30.360000000000003,25
22300,30.360000000000003,25
22400,30.360000000000003,25
22500,30.360000000000003,25
22600,30.360000000000003,25
22700,30.360000000000003,25
22800,30.360000000000003,25
22900,29.648000000000003,25
23000,29.648000000000003,25
23100,29.064,25
23200,29.064,25
23300,29.064,25
23400,29.064,25
23500,28.991999999999997,25
23600,28.991999999999997,25
23700,28.991999999999997,25
23800,28.991999999999997,25
23900,28.991999999999997,25
24000,28.991999999999997,25
24100,28.991999999999997,25
24200,28.991999999999997,25
24300,28.991999999999997,25
24400,28.991999999999997,25
24500,28.991999999999997,25
24600,28.991999999999997,25
24700,28.991999999999997,25
24800,28.728,25
24900,28.728,25
25000,28.728,25
25100,28.728,25
25200,28.728,25
25300,28.728,25
25400,28.728,25
25500,28.728,25
25600,28.488,25
25700,28.488,25
25800,28.488,25
25900,28.488,25
26000,28.488,25
26100,28.488,25
26200,28.488,25
26300,28.488,25
26400,28.488,25
26500,28.488,25
26600,28.488,25
26700,28.488,25
26800,28.488,25
26900,28.488,25
27000,28.488,25
27100,28.488,25
27200,28.488,25
27300,28.488,25
27400,28.488,25
27500,28.368000000000002,25
27600,28.215999999999998,25
27700,28.176,25
27800,28.176,25
27900,28.176,25
28000,28.176,25
28100,28.176,25
28200,28.176,25
28300,28.176,25
28400,28.176,25
28500,28.176,25
28600,28.176,25
28700,28.176,25
28800,28.176,25
28900,28.112000000000002,25
29000,28.112000000000002,25
29100,28.112000000000002,25
29200,28.112000000000002,25
29300,28.112000000000002,25
29400,28.112000000000002,25
29500,28.112000000000002,25
29600,28.112000000000002,25
29700,28.112000000000002,25
29800,28.112000000000002,25
29900,27.976,25
30000,27.976,25
30100,27.976,25
30200,27.976,25
30300,27.976,25
30400,27.96,25
30500,27.887999999999998,25
30600,27.887999999999998,25
30700,27.887999999999998,25
30800,27.887999999999998,25
30900,27.887999999999998,25
31000,27.887999999999998,25
31100,27.671999999999997,25
31200,27.455999999999996,25
31300,27.455999999999996,25
31400,27.455999999999996,25
31500,27.455999999999996,25
31600,27.455999999999996,25
31700,27.455999999999996,25
31800,27.455999999999996,25
31900,27.455999999999996,25
32000,27.455999999999996,25
32100,27.455999999999996,25
32200,27.455999999999996,25
32300,27.455999999999996,25
32400,27.455999999999996,25
32500,27.455999999999996,25
32600,27.455999999999996,25
32700,27.455999999999996,25
32800,27.455999999999996,25
32900,27.455999999999996,25
33000,27.328000000000003,25
33100,27.328000000000003,25
33200,27.328000000000003,25
33300,27.328000000000003,25
33400,27.328000000000003,25
33500,27.328000000000003,25
33600,27.328000000000003,25
33700,27.328000000000003,25
33800,27.328000000000003,25
33900,27.328000000000003,25
34000,27.328000000000003,25
34100,27.328000000000003,25
34200,27.328000000000003,25
34300,27.112000000000002,25
34400,27.112000000000002,25
34500,27.112000000000002,25
34600,27.112000000000002,25
34700,27.112000000000002,25
34800,27.112000000000002,25
34900,27.112000000000002,25
35000,27.112000000000002,25
35100,27.112000000000002,25
35200,26.768,24.8
35300,26.768,24.8
35400,26.768,24.8
35500,26.768,24.8
35600,26.768,24.8
35700,26.768,24.8
35800,26.768,24.8
35900,26.647999999999996,25
36000,26.647999999999996,25
36100,26.647999999999996,25
36200,26.647999999999996,25
36300,26.647999999999996,25
36400,26.647999999999996,25
36500,26.647999999999996,25
36600,26.647999999999996,25
36700,26.647999999999996,25
36800,26.647999999999996,25
36900,26.647999999999996,25
37000,26.647999999999996,25
37100,26.647999999999996,25
37200,26.647999999999996,25
37300,26.647999999999996,25
37400,26.647999999999996,25
37500,26.647999999999996,25
37600,26.647999999999996,25
37700,26.647999999999996,25
37800,26.647999999999996,25
37900,26.647999999999996,25
38000,26.647999999999996,25
38100,26,25
38200,26,25
38300,26,25
38400,26,25
38500,26,25
38600,26,25
38700,26,25
38800,26,25
38900,26,25
39000,26,25
39100,26,25
39200,26,25
39300,26,25
39400,26,25
39500,26,25
39600,26,25
39700,26,25
39800,26,25
39900,26,25
40000,26,25
40100,26,25
40200,26,25
40300,26,25
40400,25.887999999999998,25
40500,25.887999999999998,25
40600,25.887999999999998,25
40700,25.887999999999998,25
40800,25.887999999999998,25
40900,25.887999999999998,25
41000,25.887999999999998,25
41100,25.887999999999998,25
41200,25.887999999999998,25
41300,25.887999999999998,25
41400,25.887999999999998,25
41500,25.887999999999998,25
41600,25.887999999999998,25
41700,25.887999999999998,25
41800,25.887999999999998,25
41900,25.887999999999998,25
42000,25.887999999999998,25
42100,25.887999999999998,25
42200,25.887999999999998,25
42300,25.887999999999998,25
42400,25.887999999999998,25
42500,25.887999999999998,25
42600,25.887999999999998,25
42700,25.887999999999998,25
42800,25.887999999999998,25
42900,25.887999999999998,25
43000,25.887999999999998,25
43100,25.887999999999998,25
43200,25.887999999999998,25
43300,25.887999999999998,25
43400,25.887999999999998,25
43500,25.887999999999998,25
43600,25.887999999999998,25
43700,25.887999999999998,25
43800,25.456,25
43900,25.456,25
44000,25.456,25
44100,25.456,25
44200,25.456,25
44300,25.456,25
44400,25.456,25
44500,25.456,25
44600,25.456,25
44700,25.279999999999998,24.8
44800,25.279999999999998,24.8
44900,25.279999999999998,24.8
45000,25.279999999999998,24.8
45100,25.223999999999997,24.8
45200,25.223999999999997,24.8
45300,25.223999999999997,24.8
45400,25.223999999999997,24.8
45500,25.223999999999997,24.8
45600,25.223999999999997,24.8
45700,25.223999999999997,24.8
45800,25.223999999999997,24.8
45900,25.223999999999997,24.8
46000,25.223999999999997,24.8
46100,25.223999999999997,24.8
46200,25.223999999999997,24.8
46300,25.223999999999997,24.8
46400,25.223999999999997,24.8
46500,25.223999999999997,24.8
46600,25.223999999999997,24.8
46700,25.223999999999997,24.8
46800,25.223999999999997,24.8
46900,25.223999999999997,24.8
47000,25.223999999999997,24.8
47100,25.223999999999997,24.8
47200,25.223999999999997,24.8
47300,25.223999999999997,24.8
47400,25.223999999999997,24.8
47500,25.223999999999997,24.8
47600,25.223999999999997,24.8
47700,25.223999999999997,24.8
47800,25.223999999999997,24.8
47900,25.223999999999997,24.8
48000,25.223999999999997,24.8
48100,25.223999999999997,24.8
48200,25.223999999999997,24.8
48300,25.223999999999997,24.8
48400,24.976,24.8
48500,24.976,24.8
48600,24.976,24.8
48700,24.976,24.8
48800,24.976,24.8
48900,24.976,24.8
49000,24.976,24.8
49100,24.896,24.8
49200,24.896,24.8
49300,24.896,24.8
49400,24.896,24.8
49500,24.896,24.8
49600,24.896,24.8
49700,24.832,24.8
49800,24.832,24.8
49900,24.832,24.8
50000,24.552,24.8
50100,24.552,24.8
50200,24.552,24.8
50300,24.552,24.8
50400,24.552,24.8
50500,24.552,24.8
50600,24.552,24.8
50700,24.552,24.8
50800,24.552,24.8
50900,24.552,24.8
51000,24.552,24.8
51100,24.552,24.8
51200,24.552,24.8
51300,24.384,24.8
51400,24.360000000000003,24.8
51500,24.360000000000003,24.8
51600,24.24,24.8
51700,24.144,24.8
51800,24.144,24.8
51900,24.144,24.8
52000,24.144,24.8
52100,24.144,24.8
52200,24.144,24.8
52300,24.144,24.8
52400,24.144,24.8
52500,24.144,24.8
52600,24.144,24.8
52700,24.144,24.8
52800,24.144,24.8
52900,24.144,24.8
53000,24.144,24.8
53100,24.144,24.8
53200,24.144,24.8
53300,24.144,24.8
53400,24.144,24.8
53500,24.144,24.8
53600,24.144,24.8
53700,24.144,24.8
53800,24.144,24.8
53900,24.144,24.8
54000,24.144,24.8
54100,24.144,24.8
54200,24.144,24.8
54300,24.144,24.8
54400,24.144,24.8
54500,24.144,24.8
54600,24.144,24.8
54700,24.144,24.8
54800,24.144,24.8
54900,24.144,24.8
55000,24.144,24.8
55100,24.144,24.8
55200,23.712,24.8
55300,23.712,24.8
55400,23.712,24.8
55500,23.712,24.8
55600,23.712,24.8
55700,23.712,24.8
55800,23.712,24.8
55900,23.712,24.8
56000,23.712,24.8
56100,23.712,24.8
56200,23.712,24.8
56300,23.712,24.8
56400,23.712,24.8
56500,23.712,24.8
56600,23.712,24.8
56700,23.712,24.8
56800,23.712,24.8
56900,23.432,24.6
57000,23.272,24.8
57100,23.272,24.8
57200,23.272,24.8
57300,23.272,24.8
57400,23.272,24.8
57500,23.272,24.8
57600,23.272,24.8
57700,23.272,24.8
57800,23.272,24.8
57900,23.272,24.8
58000,23.272,24.8
58100,23.272,24.8
58200,23.008,24.8
58300,23.008,24.8
58400,23.008,24.8
58500,23.008,24.8
58600,23.008,24.8
58700,23.008,24.8
58800,23.008,24.8
58900,23.008,24.8
59000,23.008,24.8
59100,23.008,24.8
59200,23.008,24.8
59300,23.008,24.8
59400,23.008,24.8
59500,23.008,24.8
59600,23.008,24.8
59700,23.008,24.8
59800,23.008,24.8
59900,23.008,24.8
60000,23.008,24.8
60100,23.008,24.8
60200,23.008,24.8
60300,23.008,24.8
60400,23.008,24.8
60500,23.008,24.8
60600,23.008,24.8
60700,23.008,24.8
60800,23.008,24.8
60900,23.008,24.8
61000,23.008,24.8
61100,23.008,24.8
61200,23.008,24.8
61300,23.008,24.8
61400,23.008,24.8
61500,23.008,24.8
61600,23.008,24.8
61700,23.008,24.8
61800,23.008,24.8
61900,23.008,24.8
62000,23.008,24.8
62100,23.008,24.8
62200,23.008,24.8
62300,23.008,24.8
62400,23.008,24.8
62500,23.008,24.8
62600,23.008,24.8
62700,23.008,24.8
62800,23.008,24.8
62900,23.008,24.8
63000,23.008,24.8
63100,23.008,24.8
63200,23.008,24.8
63300,23.008,24.8
63400,23.008,24.8
63500,23.008,24.8
63600,23.008,24.8
63700,23.008,24.8
63800,23.008,24.8
63900,23.008,24.8
64000,23.008,24.8
64100,23.008,24.8
64200,23.008,24.8
64300,23.008,24.8
64400,23.008,24.8
64500,22.711999999999996,24.8
64600,22.711999999999996,24.8
64700,22.711999999999996,24.8
64800,22.711999999999996,24.8
64900,22.711999999999996,24.8
65000,22.711999999999996,24.8
65100,22.711999999999996,24.8
65200,22.711999999999996,24.8
65300,22.711999999999996,24.8
65400,22.711999999999996,24.8
65500,22.711999999999996,24.8
65600,22.711999999999996,24.8
65700,22.711999999999996,24.8
65800,22.711999999999996,24.8
65900,22.711999999999996,24.8
66000,22.711999999999996,24.8
66100,22.711999999999996,24.8
66200,22.711999999999996,24.8
66300,22.711999999999996,24.8
66400,22.711999999999996,24.8
66500,22.711999999999996,24.8
66600,22.711999999999996,24.8
66700,22.711999999999996,24.8
66800,22.711999999999996,24.8
66900,22.711999999999996,24.8
67000,22.711999999999996,24.8
67100,22.711999999999996,24.8
67200,22.711999999999996,24.8
67300,22.711999999999996,24.8
67400,22.711999999999996,24.8
67500,22.711999999999996,24.8
67600,22.711999999999996,24.8
67700,22.711999999999996,24.8
67800,22.711999999999996,24.8
67900,22.711999999999996,24.8
68000,22.711999999999996,24.8
68100,22.711999999999996,24.8
68200,22.711999999999996,24.8
68300,22.711999999999996,24.8
68400,22.711999999999996,24.8
68500,22.711999999999996,24.8
68600,22.711999999999996,24.8
68700,22.711999999999996,24.8
68800,22.711999999999996,24.8
68900,22.711999999999996,24.8
69000,22.711999999999996,24.8
69100,22.711999999999996,24.8
69200,22.711999999999996,24.8
69300,22.711999999999996,24.8
69400,22.711999999999996,24.8
69500,22.711999999999996,24.8
69600,22.711999999999996,24.8
69700,22.711999999999996,24.8
69800,22.711999999999996,24.8
69900,22.711999999999996,24.8
70000,22.711999999999996,24.8
70100,22.711999999999996,24.8
70200,22.488,24.8
70300,22.488,24.8
70400,22.488,24.8
70500,22.488,24.8
70600,22.488,24.8
70700,22.488,24.8
70800,22.488,24.8
70900,22.488,24.8
71000,22.488,24.8
71100,22.488,24.8
71200,22.408,24.8
71300,22.408,24.8
71400,22.264,24.8
71500,22.264,24.8
71600,22.264,24.8
71700,22.264,24.8
71800,22.264,24.8
71900,22.264,24.8
72000,22.264,24.8
72100,22.264,24.8
72200,22.264,24.8
72300,22.264,24.8
72400,22.264,24.8
72500,22.264,24.8
72600,22.264,24.8
72700,22.264,24.8
72800,22.264,24.8
72900,22.264,24.8
73000,22.264,24.8
73100,22.264,24.8
73200,22.264,24.8
73300,21.880000000000003,24.8
73400,21.880000000000003,24.8
73500,21.752000000000002,24.6
73600,21.752000000000002,24.6
73700,21.752000000000002,24.6
73800,21.752000000000002,24.6
73900,21.6,24.8
74000,21.6,24.8
74100,21.6,24.8
74200,21.6,24.8
74300,21.6,24.8
74400,21.6,24.8
74500,21.6,24.8
74600,21.6,24.8
74700,21.6,24.8
74800,21.6,24.8
74900,21.6,24.8
75000,21.6,24.8
75100,21.6,24.8
75200,21.6,24.8
75300,21.6,24.8
75400,21.592000000000002,24.8
75500,21.592000000000002,24.8
75600,21.592000000000002,24.8
75700,21.592000000000002,24.8
75800,21.592000000000002,24.8
75900,21.592000000000002,24.8
76000,21.176,24.8
76100,21.176,24.8
76200,21.176,24.8
76300,21.176,24.8
76400,21.176,24.8
76500,21.176,24.8
76600,21.176,24.8
76700,21.176,24.8
76800,21.176,24.8
76900,21.176,24.8
77000,21.176,24.8
77100,21.176,24.8
77200,21.176,24.8
77300,21.176,24.8
77400,21.176,24.8
77500,21.176,24.8
77600,21.176,24.8
77700,21.176,24.8
77800,21.168,24.8
77900,21.168,24.8
78000,21.168,24.8
78100,21.168,24.8
78200,21.168,24.8
78300,21.168,24.8
78400,21.168,24.8
78500,21.168,24.8
78600,21.168,24.8
78700,21.168,24.8
78800,21.168,24.8
78900,21.168,24.8
79000,21.168,24.8
79100,21.168,24.8
79200,21.168,24.8
79300,21.168,24.8
79400,21.127999999999997,24.8
79500,21.127999999999997,24.8
79600,21.127999999999997,24.8
79700,21.127999999999997,24.8
79800,21.127999999999997,24.8
79900,21.127999999999997,24.8
80000,21.127999999999997,24.8
80100,21.127999999999997,24.8
80200,21.127999999999997,24.8
80300,21.127999999999997,24.8
80400,21.127999999999997,24.8
80500,21.127999999999997,24.8
80600,21.127999999999997,24.8
80700,21.127999999999997,24.8
80800,21.127999999999997,24.8
80900,21.127999999999997,24.8
81000,21.127999999999997,24.8
81100,21.127999999999997,24.8
81200,21.127999999999997,24.8
81300,21.127999999999997,24.8
81400,21.127999999999997,24.8
81500,21.127999999999997,24.8
81600,21.127999999999997,24.8
81700,21.127999999999997,24.8
81800,21.127999999999997,24.8
81900,21.127999999999997,24.8
82000,21.127999999999997,24.8
82100,21.127999999999997,24.8
82200,21.127999999999997,24.8
82300,21.127999999999997,24.8
82400,21.127999999999997,24.8
82500,21.127999999999997,24.8
82600,21.127999999999997,24.8
82700,21.127999999999997,24.8
82800,21.127999999999997,24.8
82900,21.127999999999997,24.8
83000,21.127999999999997,24.8
83100,21.127999999999997,24.8
83200,21.127999999999997,24.8
83300,21.127999999999997,24.8
83400,21.127999999999997,24.8
83500,21.127999999999997,24.8
83600,21.127999999999997,24.8
83700,21.119999999999997,24.8
83800,21.119999999999997,24.8
83900,21.119999999999997,24.8
84000,21.119999999999997,24.8
84100,21.119999999999997,24.8
84200,21.119999999999997,24.8
84300,21.119999999999997,24.8
84400,21.119999999999997,24.8
84500,21.119999999999997,24.8
84600,21.119999999999997,24.8
84700,21.119999999999997,24.8
84800,21.119999999999997,24.8
84900,21.119999999999997,24.8
85000,21.119999999999997,24.8
85100,21.119999999999997,24.8
85200,21.119999999999997,24.8
85300,21.119999999999997,24.8
85400,21.104,24.8
85500,21.104,24.8
85600,21.104,24.8
85700,21.104,24.8
85800,21.104,24.8
85900,21.104,24.8
86000,21.104,24.8
86100,21.104,24.8
86200,21.104,24.8
86300,21.104,24.8
86400,21.104,24.8
86500,21.104,24.8
86600,21.104,24.8
86700,21.104,24.8
86800,21.104,24.8
86900,21.104,24.8
87000,21.104,24.8
87100,21.104,24.8
87200,21.104,24.8
87300,21.104,24.8
87400,21.104,24.8
87500,21.104,24.8
87600,21.104,24.8
87700,21.104,24.8
87800,21.104,24.8
87900,21.104,24.8
88000,21.104,24.8
88100,21.104,24.8
88200,21.104,24.8
88300,21.104,24.8
88400,21.104,24.8
88500,21.104,24.8
88600,21.104,24.8
88700,21.104,24.8
88800,21.104,24.8
88900,21.104,24.8
89000,21.104,24.8
89100,21.104,24.8
89200,21.104,24.8
89300,21.104,24.8
89400,21.104,24.8
89500,21.104,24.8
89600,21.104,24.8
89700,21.104,24.8
89800,21.104,24.8
89900,21.104,24.8
90000,21.104,24.8
90100,21.104,24.8
90200,21.104,24.8
90300,21.104,24.8
90400,21.104,24.8
90500,21.104,24.8
90600,21.104,24.8
90700,21.104,24.8
90800,21.104,24.8
90900,21.104,24.8
91000,21.104,24.8
91100,21.104,24.8
91200,21.104,24.8
91300,21.104,24.8
91400,21.104,24.8
91500,21.104,24.8
91600,21.104,24.8
91700,21.104,24.8
91800,21.104,24.8
91900,21.104,24.8
92000,21.104,24.8
92100,21.104,24.8
92200,21.104,24.8
92300,21.104,24.8
92400,21.104,24.8
92500,21.104,24.8
92600,21.104,24.8
92700,21.104,24.8
92800,21.104,24.8
92900,21.104,24.8
93000,21.104,24.8
93100,21.104,24.8
93200,21.104,24.8
93300,21.104,24.8
93400,21.104,24.8
93500,21.104,24.8
93600,21.104,24.8
93700,21.104,24.8
93800,21.104,24.8
93900,21.104,24.8
94000,21.104,24.8
94100,21.104,24.8
94200,21.104,24.8
94300,21.104,24.8
94400,21.104,24.8
94500,21.104,24.8
94600,21.104,24.8
94700,21.104,24.8
94800,21.104,24.8
94900,21.104,24.8
95000,21.104,24.8
95100,21.104,24.8
95200,21.104,24.8
95300,21.104,24.8
95400,21.104,24.8
95500,21.104,24.8
95600,21.104,24.8
95700,21.104,24.8
95800,21.104,24.8
95900,21.104,24.8
96000,21.104,24.8
96100,21.104,24.8
96200,21.104,24.8
96300,21.104,24.8
96400,21.104,24.8
96500,21.104,24.8
96600,21.104,24.8
96700,21.104,24.8
96800,21.104,24.8
96900,21.104,24.8
97000,21.104,24.8
97100,21.104,24.8
97200,21.104,24.8
97300,21.104,24.8
97400,21.104,24.8
97500,21.104,24.8
97600,21.104,24.8
97700,21.104,24.8
97800,21.104,24.8
97900,21.104,24.8
98000,21.104,24.8
98100,21.104,24.8
98200,21.104,24.8
98300,21.104,24.8
98400,21.104,24.8
98500,21.104,24.8
98600,21.104,24.8
98700,21.104,24.8
98800,21.104,24.8
98900,21.104,24.8
99000,21.104,24.8
99100,21.104,24.8
99200,21.104,24.8
99300,21.104,24.8
99400,21.104,24.8
99500,21.104,24.8
99600,21.104,24.8
99700,21.104,24.8
99800,21.104,24.8
99900,21.104,24.8
100000,21.104,24.8
100100,21.104,24.8
100200,21.104,24.8
100300,21.104,24.8
100400,21.104,24.8
100500,21.104,24.8
100600,21.104,24.8
100700,21.104,24.8
100800,21.104,24.8
100900,21.104,24.8
101000,21.104,24.8
101100,21.104,24.8
101200,21.104,24.8
101300,21.104,24.8
101400,20.560000000000002,24.8
101500,20.560000000000002,24.8
101600,20.560000000000002,24.8
101700,20.560000000000002,24.8
101800,20.560000000000002,24.8
101900,20.560000000000002,24.8
102000,20.560000000000002,24.8
102100,20.560000000000002,24.8
102200,20.560000000000002,24.8
102300,20.560000000000002,24.8
102400,20.560000000000002,24.8
102500,20.560000000000002,24.8
102600,20.560000000000002,24.8
102700,20.560000000000002,24.8
102800,20.560000000000002,24.8
102900,20.560000000000002,24.8
103000,20.560000000000002,24.8
103100,20.560000000000002,24.8
103200,20.560000000000002,24.8
103300,20.560000000000002,24.8
103400,20.560000000000002,24.8
103500,20.560000000000002,24.8
103600,20.560000000000002,24.8
103700,20.560000000000002,24.8
103800,20.560000000000002,24.8
103900,20.560000000000002,24.8
104000,20.560000000000002,24.8
104100,20.560000000000002,24.8
104200,20.560000000000002,24.8
104300,20.560000000000002,24.8
104400,20.560000000000002,24.8
104500,20.560000000000002,24.8
104600,20.560000000000002,24.8
104700,20.560000000000002,24.8
104800,20.560000000000002,24.8
104900,20.560000000000002,24.8
105000,20.560000000000002,24.8
105100,20.560000000000002,24.8
105200,20.560000000000002,24.8
105300,20.560000000000002,24.8
105400,20.560000000000002,24.8
105500,20.560000000000002,24.8
105600,20.560000000000002,24.8
105700,20.560000000000002,24.8
105800,20.560000000000002,24.8
105900,20.560000000000002,24.8
106000,20.560000000000002,24.8
106100,20.560000000000002,24.8
106200,20.560000000000002,24.8
106300,20.560000000000002,24.8
106400,20.560000000000002,24.8
106500,20.560000000000002,24.8
106600,20.560000000000002,24.8
106700,20.560000000000002,24.8
106800,20.560000000000002,24.8
106900,20.560000000000002,24.8
107000,20.432,24.8
107100,20.432,24.8
107200,20.432,24.8
107300,20.432,24.8
107400,20.432,24.8
107500,20.432,24.8
107600,20.432,24.8
107700,20.432,24.8
107800,20.224,24.8
107900,20.224,24.8
108000,20.224,24.8
108100,20.224,24.8
108200,20.224,24.8
108300,20.224,24.8
108400,19.824,24.8
108500,19.824,24.8
108600,19.824,24.8
108700,19.824,24.8
108800,19.824,24.8
108900,19.824,24.8
109000,19.824,24.8
109100,19.824,24.8
109200,19.824,24.8
109300,19.824,24.8
109400,19.824,24.8
109500,19.824,24.8
109600,19.824,24.8
109700,19.824,24.8
109800,19.824,24.8
109900,19.824,24.8
110000,19.824,24.8
110100,19.824,24.8
110200,19.824,24.8
110300,19.824,24.8
110400,19.824,24.8
110500,19.824,24.8
110600,19.824,24.8
110700,19.824,24.8
110800,19.824,24.8
110900,19.824,24.8
111000,19.824,24.8
111100,19.824,24.8
111200,19.824,24.8
111300,19.824,24.8
111400,19.824,24.8
111500,19.824,24.8
111600,19.824,24.8
111700,19.824,24.8
111800,19.824,24.8
111900,19.824,24.8
112000,19.824,24.8
112100,19.824,24.8
112200,19.824,24.8
112300,19.824,24.8
112400,19.824,24.8
112500,19.824,24.8
112600,19.824,24.8
112700,19.824,24.8
112800,19.824,24.8
112900,19.824,24.8
113000,19.824,24.8
113100,19.824,24.8
113200,19.824,24.8
113300,19.824,24.8
113400,19.824,24.8
113500,19.824,24.8
113600,19.824,24.8
113700,19.824,24.8
113800,19.824,24.8
113900,19.824,24.8
114000,19.824,24.8
114100,19.824,24.8
114200,19.824,24.8
114300,19.824,24.8
114400,19.824,24.8
114500,19.824,24.8
114600,19.824,24.8
114700,19.824,24.8
114800,19.824,24.8
114900,19.824,24.8
115000,19.824,24.8
115100,19.824,24.8
115200,19.824,24.8
115300,19.824,24.8
115400,19.824,24.8
115500,19.824,24.8
115600,19.824,24.8
115700,19.824,24.8
115800,19.824,24.8
115900,19.824,24.8
116000,19.824,24.8
116100,19.824,24.8
116200,19.824,24.8
116300,19.824,24.8
116400,19.824,24.8
116500,19.824,24.8
116600,19.824,24.8
116700,19.824,24.8
116800,19.824,24.8
116900,19.824,24.8
117000,19.824,24.8
117100,19.824,24.8
117200,19.824,24.8
117300,19.824,24.8
117400,19.824,24.8
117500,19.824,24.8
117600,19.824,24.8
117700,19.824,24.8
117800,19.824,24.8
117900,19.824,24.8
118000,19.824,24.8
118100,19.824,24.8
118200,19.824,24.8
118300,19.824,24.8
118400,19.824,24.8
118500,19.824,24.8
118600,19.824,24.8
118700,19.824,24.8
118800,19.824,24.8
118900,19.824,24.8
119000,19.824,24.8
119100,19.824,24.8
119200,19.824,24.8
119300,19.824,24.8
119400,19.824,24.8
119500,19.824,24.8
119600,19.824,24.8
119700,19.824,24.8
119800,19.824,24.8
119900,19.824,24.8
120000,19.64,24.8
120100,19.64,24.8
120200,19.64,24.8
120300,19.64,24.8
120400,19.64,24.8
120500,19.64,24.8
120600,19.64,24.8
120700,19.64,24.8
120800,19.64,24.8
120900,19.64,24.8
121000,19.64,24.8
121100,19.64,24.8
121200,19.64,24.8
121300,19.64,24.8
121400,19.64,24.8
121500,19.64,24.8
121600,19.64,24.8
121700,19.64,24.8
121800,19.64,24.8
121900,19.64,24.8
122000,19.64,24.8
122100,19.64,24.8
122200,19.64,24.8
122300,19.64,24.8
122400,19.64,24.8
122500,19.64,24.8
122600,19.64,24.8
122700,19.64,24.8
122800,19.64,24.8
122900,19.64,24.8
123000,19.64,24.8
123100,19.64,24.8
123200,19.64,24.8
123300,19.64,24.8
123400,19.64,24.8
123500,19.64,24.8
123600,19.64,24.8
123700,19.64,24.8
123800,19.64,24.8
123900,19.64,24.8
124000,19.64,24.8
124100,19.64,24.8
124200,19.64,24.8
124300,19.64,24.8
124400,19.64,24.8
124500,19.64,24.8
124600,19.64,24.8
124700,19.64,24.8
124800,19.64,24.8
124900,19.64,24.8
125000,19.64,24.8
125100,19.64,24.8
125200,19.64,24.8
125300,19.64,24.8
125400,19.64,24.8
125500,19.64,24.8
125600,19.64,24.8
125700,19.64,24.8
125800,19.64,24.8
125900,19.64,24.8
126000,19.64,24.8
126100,19.64,24.8
126200,19.64,24.8
126300,19.64,24.8
126400,19.64,24.8
126500,19.64,24.8
126600,19.64,24.8
126700,19.64,24.8
126800,19.64,24.8
126900,19.64,24.8
127000,19.64,24.8
127100,19.64,24.8
127200,19.64,24.8
127300,19.64,24.8
127400,19.64,24.8
127500,19.64,24.8
127600,19.64,24.8
127700,19.64,24.8
127800,19.64,24.8
127900,19.64,24.8
128000,19.64,24.8
128100,19.64,24.8
128200,19.64,24.8
128300,19.64,24.8
128400,19.64,24.8
128500,19.64,24.8
128600,19.64,24.8
128700,19.64,24.8
128800,19.64,24.8
128900,19.64,24.8
129000,19.64,24.8
129100,19.64,24.8
129200,19.64,24.8
129300,19.64,24.8
129400,19.64,24.8
129500,19.64,24.8
129600,19.64,24.8
129700,19.64,24.8
129800,19.64,24.8
129900,19.64,24.8
130000,19.64,24.8
130100,19.64,24.8
130200,19.64,24.8
130300,19.64,24.8
130400,19.64,24.8
130500,19.64,24.8
130600,19.64,24.8
130700,19.64,24.8
130800,19.64,24.8
130900,19.64,24.8
131000,19.64,24.8
131100,19.64,24.8
131200,19.64,24.8
131300,19.64,24.8
131400,19.64,24.8
131500,19.64,24.8
131600,19.64,24.8
131700,19.64,24.8
131800,19.64,24.8
131900,19.64,24.8
132000,19.64,24.8
132100,19.64,24.8
132200,19.64,24.8
132300,19.64,24.8
132400,19.64,24.8
132500,19.64,24.8
132600,19.64,24.8
132700,19.64,24.8
132800,19.64,24.8
132900,19.64,24.8
133000,19.64,24.8
133100,19.64,24.8
133200,19.64,24.8
133300,19.64,24.8
133400,19.64,24.8
133500,19.64,24.8
133600,19.64,24.8
133700,19.64,24.8
133800,19.64,24.8
133900,19.64,24.8
134000,19.64,24.8
134100,19.64,24.8
134200,19.64,24.8
134300,19.64,24.8
134400,19.64,24.8
134500,19.64,24.8
134600,19.64,24.8
134700,19.64,24.8
134800,19.64,24.8
134900,19.64,24.8
135000,19.64,24.8
135100,19.64,24.8
135200,19.64,24.8
135300,19.64,24.8
135400,19.64,24.8
135500,19.64,24.8
135600,19.64,24.8
135700,19.64,24.8
135800,19.64,24.8
135900,19.64,24.8
136000,19.64,24.8
136100,19.64,24.8
136200,19.64,24.8
136300,19.64,24.8
136400,19.64,24.8
136500,19.64,24.8
136600,19.64,24.8
136700,19.64,24.8
136800,19.64,24.8
136900,19.64,24.8
137000,19.64,24.8
137100,19.64,24.8
137200,19.64,24.8
137300,19.64,24.8
137400,19.64,24.8
137500,19.64,24.8
137600,19.64,24.8
137700,19.64,24.8
137800,19.64,24.8
137900,19.64,24.8
138000,19.64,24.8
138100,19.64,24.8
138200,19.64,24.8
138300,19.64,24.8
138400,19.64,24.8
138500,19.64,24.8
138600,19.64,24.8
138700,19.64,24.8
138800,19.64,24.8
138900,19.64,24.8
139000,19.64,24.8
139100,19.64,24.8
139200,19.64,24.8
139300,19.64,24.8
139400,19.64,24.8
139500,19.64,24.8
139600,19.64,24.8
139700,19.64,24.8
139800,19.64,24.8
139900,19.64,24.8
140000,19.64,24.8
140100,19.64,24.8
140200,19.64,24.8
140300,19.64,24.8
140400,19.64,24.8
140500,19.64,24.8
140600,19.64,24.8
140700,19.64,24.8
140800,19.64,24.8
140900,19.64,24.8
141000,19.64,24.8
141100,19.64,24.8
141200,19.64,24.8
141300,19.64,24.8
141400,19.64,24.8
141500,19.64,24.8
141600,19.64,24.8
141700,19.64,24.8
141800,19.64,24.8
141900,19.64,24.8
142000,19.64,24.8
142100,19.64,24.8
142200,19.64,24.8
142300,19.64,24.8
142400,19.64,24.8
142500,19.64,24.8
142600,19.64,24.8
142700,19.64,24.8
142800,19.64,24.8
142900,19.64,24.8
143000,19.64,24.8
143100,19.64,24.8
143200,19.64,24.8
143300,19.64,24.8
143400,19.64,24.8
143500,19.64,24.8
143600,19.64,24.8
143700,19.64,24.8
143800,19.64,24.8
143900,19.64,24.8
144000,19.64,24.8
144100,19.64,24.8
144200,19.64,24.8
144300,19.64,24.8
144400,19.64,24.8
144500,19.64,24.8
144600,19.64,24.8
144700,19.64,24.8
144800,19.64,24.8
144900,19.64,24.8
145000,19.64,24.8
145100,19.64,24.8
145200,19.64,24.8
145300,19.64,24.8
145400,19.64,24.8
145500,19.64,24.8
145600,19.64,24.8
145700,19.64,24.8
145800,19.64,24.8
145900,19.64,24.8
146000,19.64,24.8
146100,19.64,24.8
146200,19.64,24.8
146300,19.64,24.8
146400,19.64,24.8
146500,19.64,24.8
146600,19.64,24.8
146700,19.64,24.8
146800,19.64,24.8
146900,19.64,24.8
147000,19.64,24.8
147100,19.64,24.8
147200,19.64,24.8
147300,19.64,24.8
147400,19.64,24.8
147500,19.64,24.8
147600,19.64,24.8
147700,19.64,24.8
147800,19.64,24.8
147900,19.64,24.8
148000,19.64,24.8
148100,19.64,24.8
148200,19.64,24.8
148300,19.64,24.8
148400,19.64,24.8
148500,19.64,24.8
148600,19.64,24.8
148700,19.64,24.8
148800,19.64,24.8
148900,19.64,24.8
149000,19.64,24.8
149100,19.64,24.8
149200,19.64,24.8
149300,19.64,24.8
149400,19.64,24.8
149500,19.584,24.8
149600,19.584,24.8
149700,19.584,24.8
149800,19.584,24.8
149900,19.584,24.8
150000,19.584,24.8
150100,19.584,24.8
150200,19.584,24.8
150300,19.584,24.8
150400,19.584,24.8
150500,19.584,24.8
150600,19.584,24.8
150700,19.584,24.8
150800,19.584,24.8
150900,19.584,24.8
151000,19.584,24.8
151100,19.584,24.8
151200,19.584,24.8
151300,19.584,24.8
151400,19.584,24.8
151500,19.584,24.8
151600,19.584,24.8
151700,19.584,24.8
151800,19.584,24.8
151900,19.584,24.8
152000,19.584,24.8
152100,19.584,24.8
152200,19.584,24.8
152300,19.584,24.8
152400,19.584,24.8
152500,19.584,24.8
152600,19.584,24.8
152700,19.584,24.8
152800,19.584,24.8
152900,19.584,24.8
153000,19.584,24.8
153100,19.584,24.8
153200,19.584,24.8
153300,19.584,24.8
153400,19.584,24.8
153500,19.584,24.8
153600,19.584,24.8
153700,19.584,24.8
153800,19.584,24.8
153900,19.584,24.8
154000,19.584,24.8
154100,19.584,24.8
154200,19.584,24.8
154300,19.584,24.8
154400,19.584,24.8
154500,19.584,24.8
154600,19.584,24.8
154700,19.584,24.8
154800,19.584,24.8
154900,19.584,24.8
155000,19.584,24.8
155100,19.584,24.8
155200,19.584,24.8
155300,19.584,24.8
155400,19.584,24.8
155500,19.584,24.8
155600,19.584,24.8
155700,19.584,24.8
155800,19.584,24.8
155900,19.584,24.8
156000,19.584,24.8
156100,19.584,24.8
156200,19.584,24.8
156300,19.584,24.8
156400,19.584,24.8
156500,19.584,24.8
156600,19.584,24.8
156700,19.584,24.8
156800,19.584,24.8
156900,19.584,24.8
157000,19.584,24.8
157100,19.584,24.8
157200,19.520000000000003,24.8
157300,19.520000000000003,24.8
157400,19.520000000000003,24.8
157500,19.520000000000003,24.8
157600,19.520000000000003,24.8
157700,19.520000000000003,24.8
157800,19.520000000000003,24.8
157900,19.520000000000003,24.8
158000,19.520000000000003,24.8
158100,19.520000000000003,24.8
158200,19.520000000000003,24.8
158300,19.520000000000003,24.8
158400,19.520000000000003,24.8
158500,19.520000000000003,24.8
158600,19.520000000000003,24.8
158700,19.520000000000003,24.8
158800,19.520000000000003,24.8
158900,19.520000000000003,24.8
159000,19.520000000000003,24.8
159100,19.520000000000003,24.8
159200,19.520000000000003,24.8
159300,19.520000000000003,24.8
159400,19.520000000000003,24.8
159500,19.520000000000003,24.8
159600,19.520000000000003,24.8
159700,19.520000000000003,24.8
159800,19.520000000000003,24.8
159900,19.520000000000003,24.8
160000,19.520000000000003,24.8
160100,19.520000000000003,24.8
160200,19.520000000000003,24.8
160300,19.520000000000003,24.8
160400,19.520000000000003,24.8
160500,19.520000000000003,24.8
160600,19.520000000000003,24.8
160700,19.520000000000003,24.8
160800,19.520000000000003,24.8
160900,19.520000000000003,24.8
161000,19.520000000000003,24.8
161100,19.520000000000003,24.8
161200,19.520000000000003,24.8
161300,19.520000000000003,24.8
161400,19.520000000000003,24.8
161500,19.520000000000003,24.8
161600,19.520000000000003,24.8
161700,19.520000000000003,24.8
161800,19.520000000000003,24.8
161900,19.520000000000003,24.8
162000,19.520000000000003,24.8
162100,19.520000000000003,24.8
162200,19.520000000000003,24.8
162300,19.520000000000003,24.8
162400,19.520000000000003,24.8
162500,19.520000000000003,24.8
162600,19.520000000000003,24.8
162700,19.520000000000003,24.8
162800,19.520000000000003,24.8
162900,19.520000000000003,24.8
163000,19.520000000000003,24.8
163100,19.520000000000003,24.8
163200,19.520000000000003,24.8
163300,19.520000000000003,24.8
163400,19.520000000000003,24.8
163500,19.520000000000003,24.8
163600,19.520000000000003,24.8
163700,19.520000000000003,24.8
163800,19.520000000000003,24.8
163900,19.520000000000003,24.8
164000,19.520000000000003,24.8
164100,19.520000000000003,24.8
164200,19.520000000000003,24.8
164300,19.520000000000003,24.8
164400,19.520000000000003,24.8
164500,19.520000000000003,24.8
164600,19.520000000000003,24.8
164700,19.520000000000003,24.8
164800,19.520000000000003,24.8
164900,19.520000000000003,24.8
165000,19.520000000000003,24.8
165100,19.520000000000003,24.8
165200,19.520000000000003,24.8
165300,19.520000000000003,24.8
165400,19.520000000000003,24.8
165500,19.520000000000003,24.8
165600,19.520000000000003,24.8
165700,19.520000000000003,24.8
165800,19.520000000000003,24.8
165900,19.520000000000003,24.8
166000,19.520000000000003,24.8
166100,19.520000000000003,24.8
166200,19.520000000000003,24.8
166300,19.520000000000003,24.8
166400,19.520000000000003,24.8
166500,19.520000000000003,24.8
166600,19.520000000000003,24.8
166700,19.520000000000003,24.8
166800,19.520000000000003,24.8
166900,19.520000000000003,24.8
167000,19.520000000000003,24.8
167100,19.520000000000003,24.8
167200,19.520000000000003,24.8
167300,19.520000000000003,24.8
167400,19.520000000000003,24.8
167500,19.520000000000003,24.8
167600,19.520000000000003,24.8
167700,19.520000000000003,24.8
167800,19.520000000000003,24.8
167900,19.520000000000003,24.8
168000,19.520000000000003,24.8
168100,19.520000000000003,24.8
168200,19.520000000000003,24.8
168300,19.520000000000003,24.8
168400,19.520000000000003,24.8
168500,19.520000000000003,24.8
168600,19.520000000000003,24.8
168700,19.520000000000003,24.8
168800,19.520000000000003,24.8
168900,19.520000000000003,24.8
169000,19.520000000000003,24.8
169100,19.520000000000003,24.8
169200,19.520000000000003,24.8
169300,19.520000000000003,24.8
169400,19.520000000000003,24.8
169500,19.520000000000003,24.8
169600,19.520000000000003,24.8
169700,19.520000000000003,24.8
169800,19.520000000000003,24.8
169900,19.520000000000003,24.8
170000,19.520000000000003,24.8
170100,19.520000000000003,24.8
170200,19.520000000000003,24.8
170300,19.520000000000003,24.8
170400,19.520000000000003,24.8
170500,19.520000000000003,24.8
170600,19.520000000000003,24.8
170700,19.520000000000003,24.8
170800,19.520000000000003,24.8
170900,19.520000000000003,24.8
171000,19.520000000000003,24.8
171100,19.520000000000003,24.8
171200,19.520000000000003,24.8
171300,19.520000000000003,24.8
171400,19.520000000000003,24.8
171500,19.520000000000003,24.8
171600,19.520000000000003,24.8
171700,19.520000000000003,24.8
171800,19.520000000000003,24.8
171900,19.520000000000003,24.8
172000,19.520000000000003,24.8
172100,19.520000000000003,24.8
172200,19.520000000000003,24.8
172300,19.464000000000002,24.8
172400,19.464000000000002,24.8
172500,19.464000000000002,24.8
172600,19.464000000000002,24.8
172700,19.464000000000002,24.8
172800,19.464000000000002,24.8
172900,19.464000000000002,24.8
173000,19.464000000000002,24.8
173100,19.464000000000002,24.8
173200,19.464000000000002,24.8
173300,19.464000000000002,24.8
173400,19.464000000000002,24.8
173500,19.464000000000002,24.8
173600,19.464000000000002,24.8
173700,19.464000000000002,24.8
173800,19.464000000000002,24.8
173900,19.464000000000002,24.8
174000,19.464000000000002,24.8
174100,19.464000000000002,24.8
174200,19.464000000000002,24.8
174300,19.464000000000002,24.8
174400,19.464000000000002,24.8
174500,19.464000000000002,24.8
174600,19.464000000000002,24.8
174700,19.464000000000002,24.8
174800,19.464000000000002,24.8
174900,19.464000000000002,24.8
175000,19.464000000000002,24.8
175100,19.464000000000002,24.8
175200,19.464000000000002,24.8
175300,19.464000000000002,24.8
175400,19.464000000000002,24.8
175500,19.464000000000002,24.8
175600,19.464000000000002,24.8
175700,19.464000000000002,24.8
175800,19.464000000000002,24.8
175900,19.464000000000002,24.8
176000,19.464000000000002,24.8
176100,19.464000000000002,24.8
176200,19.464000000000002,24.8
176300,19.464000000000002,24.8
176400,19.464000000000002,24.8
176500,19.464000000000002,24.8
176600,19.464000000000002,24.8
176700,19.464000000000002,24.8
176800,19.464000000000002,24.8
176900,19.464000000000002,24.8
177000,19.464000000000002,24.8
177100,19.464000000000002,24.8
177200,19.464000000000002,24.8
177300,19.464000000000002,24.8
177400,19.464000000000002,24.8
177500,19.464000000000002,24.8
177600,19.464000000000002,24.8
177700,19.464000000000002,24.8
177800,19.464000000000002,24.8
177900,19.464000000000002,24.8
178000,19.464000000000002,24.8
178100,19.464000000000002,24.8
178200,19.464000000000002,24.8
178300,19.464000000000002,24.8
178400,19.464000000000002,24.8
178500,19.464000000000002,24.8
178600,19.464000000000002,24.8
178700,19.464000000000002,24.8
178800,19.464000000000002,24.8
178900,19.464000000000002,24.8
179000,19.464000000000002,24.8
179100,19.464000000000002,24.8
179200,19.464000000000002,24.8
179300,19.464000000000002,24.8
179400,19.464000000000002,24.8
179500,19.464000000000002,24.8
179600,19.464000000000002,24.8
179700,19.464000000000002,24.8
179800,19.464000000000002,24.8
179900,19.464000000000002,24.8
180000,19.464000000000002,24.8
180100,19.464000000000002,24.8
180200,19.464000000000002,24.8
180300,19.464000000000002,24.8
180400,19.344,24.8
180500,19.344,24.8
180600,19.344,24.8
180700,19.344,24.8
180800,19.344,24.8
180900,19.344,24.8
181000,19.344,24.8
181100,19.344,24.8
181200,19.344,24.8
181300,19.344,24.8
181400,19.344,24.8
181500,19.344,24.8
181600,19.344,24.8
181700,19.344,24.8
181800,19.344,24.8
181900,19.344,24.8
182000,19.344,24.8
182100,19.344,24.8
182200,19.344,24.8
182300,19.344,24.8
182400,19.344,24.8
182500,19.344,24.8
182600,19.344,24.8
182700,19.344,24.8
182800,19.344,24.8
182900,19.344,24.8
183000,19.344,24.8
183100,19.344,24.8
183200,19.288000000000004,24.6
183300,19.288000000000004,24.6
183400,19.288000000000004,24.6
183500,19.288000000000004,24.6
183600,19.288000000000004,24.6
183700,19.288000000000004,24.6
183800,19.288000000000004,24.6
183900,19.288000000000004,24.6
184000,19.288000000000004,24.6
184100,19.288000000000004,24.6
184200,19.288000000000004,24.6
184300,19.288000000000004,24.6
184400,19.288000000000004,24.6
184500,19.288000000000004,24.6
184600,19.288000000000004,24.6
184700,19.288000000000004,24.6
184800,19.288000000000004,24.6
184900,19.288000000000004,24.6
185000,19.288000000000004,24.6
185100,19.232,24.8
185200,19.232,24.8
185300,19.232,24.8
185400,19.232,24.8
185500,19.232,24.8
185600,19.232,24.8
185700,19.232,24.8
185800,19.232,24.8
185900,19.232,24.8
186000,19.232,24.8
186100,19.232,24.8
186200,19.232,24.8
186300,19.232,24.8
186400,19.232,24.8
186500,19.232,24.8
186600,19.232,24.8
186700,19.232,24.8
186800,19.232,24.8
186900,19.232,24.8
187000,19.232,24.8
187100,19.232,24.8
187200,19.232,24.8
187300,19.232,24.8
187400,19.232,24.8
187500,19.232,24.8
187600,19.232,24.8
187700,19.232,24.8
187800,19.232,24.8
187900,19.232,24.8
188000,19.232,24.8
188100,19.232,24.8
188200,19.232,24.8
188300,19.232,24.8
188400,19.232,24.8
188500,19.232,24.8
188600,19.232,24.8
188700,19.232,24.8
188800,19.232,24.8
188900,19.232,24.8
189000,19.232,24.8
189100,19.232,24.8
189200,19.232,24.8
189300,19.232,24.8
189400,19.232,24.8
189500,19.232,24.8
189600,19.232,24.8
189700,19.232,24.8
189800,19.232,24.8
189900,19.232,24.8
190000,19.232,24.8
190100,19.232,24.8
190200,19.232,24.8
190300,19.232,24.8
190400,19.232,24.8
190500,19.232,24.8
190600,19.232,24.8
190700,19.232,24.8
190800,19.232,24.8
190900,19.232,24.8
191000,19.232,24.8
191100,19.232,24.8
191200,19.232,24.8
191300,19.232,24.8
191400,19.232,24.8
191500,19.232,24.8
191600,19.232,24.8
191700,19.232,24.8
191800,19.232,24.8
191900,19.232,24.8
192000,19.232,24.8
192100,19.232,24.8
192200,19.232,24.8
192300,19.232,24.8
192400,19.232,24.8
192500,19.232,24.8
192600,19.232,24.8
192700,19.232,24.8
192800,19.232,24.8
192900,19.232,24.8
193000,19.232,24.8
193100,19.232,24.8
193200,19.232,24.8
193300,19.232,24.8
193400,19.232,24.8
193500,19.232,24.8
193600,19.232,24.8
193700,19.232,24.8
193800,19.232,24.8
193900,19.232,24.8
194000,19.232,24.8
194100,19.232,24.8
194200,19.232,24.8
194300,19.232,24.8
194400,19.232,24.8
194500,19.232,24.8
194600,19.232,24.8
194700,19.232,24.8
194800,19.232,24.8
194900,19.232,24.8
195000,19.232,24.8
195100,19.232,24.8
195200,19.232,24.8
195300,19.232,24.8
195400,19.232,24.8
195500,19.232,24.8
195600,19.232,24.8
195700,19.232,24.8
195800,19.232,24.8
195900,19.232,24.8
196000,19.232,24.8
196100,19.232,24.8
196200,19.232,24.8
196300,19.232,24.8
196400,19.232,24.8
196500,19.232,24.8
196600,19.232,24.8
196700,19.232,24.8
196800,19.232,24.8
196900,19.232,24.8
197000,19.232,24.8
197100,19.232,24.8
197200,19.232,24.8
197300,19.232,24.8
197400,19.232,24.8
197500,19.232,24.8
197600,19.232,24.8
197700,19.232,24.8
197800,19.232,24.8
197900,19.232,24.8
198000,19.232,24.8
198100,19.232,24.8
198200,19.232,24.8
198300,19.232,24.8
198400,19.232,24.8
198500,19.232,24.8
198600,19.232,24.8
198700,19.232,24.8
198800,19.232,24.8
198900,19.232,24.8
199000,19.232,24.8
199100,19.232,24.8
199200,19.232,24.8
199300,19.232,24.8
199400,19.232,24.8
199500,19.232,24.8
199600,19.232,24.8
199700,19.232,24.8
199800,19.232,24.8
199900,19.232,24.8
199999,19.232,24.8

START ALGORITHM
h1: (-a54) * (b11 + b44)
h15: (a21) * (b45 + b32 - b54 - b34 - b51)
h18: (a55 + a14 + a31 - a52 - a11 - a24 - a51) * (-b32)
h20: (a55) * (b44 + b25 - b44 - b34 - b25)
h21: (a12 - a45 - a34) * (b45 - b52)
h28: (a33) * (b52 + b54)
h34: (a54 - a11 - a33 - a45 - a33 - a45) * (b41 + b24 + b24 + b44 - b24 - b44 - b52)
h35: (a45 + a54 + a44) * (-b51 - b25)
h37: (a32 + a31 - a15) * (b12 + b25 + b15 - b44 - b42 - b51 - b41)
h41: (a24 - a41) * (b32 + b53 + b33 - b21 - b24 - b42 - b41)
h46: (a22 + a22 + a14 + a52 - a25 - a31) * (b51 - b32 - b13 - b45 - b15 - b43)
h56: (a23) * (b33 + b45 - b25 - b51)
h60: (a32 + a14 + a23 + a53 + a55 + a31 - a55 - a44 - a15 - a52) * (b11 - b24)
h64: (a33 + a52) * (b32 + b34 + b42 - b33 - b22 - b54 - b54 - b42)
h65: (a42) * (b14 + b11 - b22)
h66: (a52 + a24 + a55 - a51 - a44 - a11) * (b15 - b44)
h69: (a24 + a14 + a44 + a32 + a14 + a13 - a43 - a23 - a13 - a13 - a13 - a52) * (b11 + b25 - b11)
h71: (-a22) * (b55 + b35 - b54 - b11 - b52 - b44 - b11 - b53 - b32 - b41 - b51)
h74: (a51 - a12) * (b15 + b13 + b21 + b42 + b51 + b13 + b32 + b43 + b54 + b14 + b11 + b22 + b44 - b24 - b43 - b52 - b22 - b12 - b53 - b21 - b13 - b34 - b42 - b15)
h78: (a24 + a22 + a24 - a35) * (-b22)
h81: (a41 + a55 - a33 - a51 - a54 - a34 - a53 - a42 - a31) * (-b53)
h89: (a21 + a21 + a23 - a44 - a42) * (b24 + b15 + b32 - b15 - b54 - b22 - b12 - b15 - b15 - b52 - b25)
h99: (a33 - a23) * (b35 + b12 - b53 - b14 - b33 - b32)
h103: (-a35 - a15) * (b21 - b13)
h108: (-a31) * (b22 + b11 - b11 - b13 - b15)
h110: (a21) * (b51)
h112: (a35 - a43) * (b52)
h119: (a35) * (b24)
h122: (a43 + a15) * (b44)
h123: (a21 - a33) * (b42 + b31 - b43 - b33 - b23 - b51 - b43)
h124: (a55 - a14 - a34 - a31) * (b24 + b24 + b23 + b33 + b53 - b25 - b35 - b35 - b33 - b15 - b22)
h132: (-a22 - a11) * (b55 + b51 + b54 + b41 - b53 - b13 - b25 - b34 - b41 - b52)
h142: (a32 - a21 - a14) * (b14)
h150: (a35 + a25 - a11) * (b11 - b24)
h155: (a53 - a54) * (b54 + b55 + b24 - b43 - b23)
h167: (a24 + a35) * (b33 + b12 + b35 + b43 + b41 - b22 - b44 - b21)
h175: (a22 - a51) * (b41)
h176: (a43 + a14 + a51 + a41 + a55 + a33 + a43 - a32 - a15 - a33 - a21 - a45 - a31 - a41 - a15 - a31) * (b33 + b41 + b35 - b45)
h228: (a35 + a24 - a33) * (b45 + b21 + b15 + b44 - b21 - b22 - b13 - b32 - b43)
h244: (a33 + a45 - a23) * (b51 + b33 + b21 + b41 + b44 + b55 + b42 + b52 - b52 - b34 - b53)
h314: (-a41 - a42) * (b43 - b23)
h343: (a35 - a41 - a55 - a24) * (b34)
h541: (-a23) * (b13 + b53 - b15 - b32)
h1200: (-a53 - a15) * (b21 + b31 + b55 + b32 + b11 + b15 + b35 - b21 - b13 - b51 - b55)
h2328: (a35) * (b54)
h2484: (a45 + a32 + a44 + a52 + a15 - a25 - a51) * (b32 - b55 - b55 - b32)
h3896: (a33 + a24 - a43 - a21 - a53) * (b15 + b33 + b24 + b14 + b22 - b14 - b33 - b43 - b54)
h3978: (a22 + a51 - a43) * (b54 + b32 + b22)
h5651: (a22) * (b34 + b43 + b11 - b45 - b31 - b51 - b53 - b11)
h6326: (-a14) * (b33 + b22 - b34 - b33)
h6525: (a14 + a45 + a24 + a44 - a22) * (b11 + b35 - b25 - b23 - b53)
h8982: (a55 + a53 + a21) * (b14 + b33 + b32 + b35 - b14 - b21 - b33 - b34)
h9238: (a12 + a45 + a31 + a54 + a51 + a54 - a45 - a15 - a51 - a14) * (-b33 - b31 - b33 - b45 - b43 - b11)
h9492: (a11 + a33 + a21 + a41 + a21 + a41 - a33 - a21 - a33 - a11 - a22 - a54 - a14 - a35 - a22) * (b23 + b41 - b43 - b13 - b51 - b51 - b25 - b25)
h10771: (a11 + a42 - a51) * (b33 + b52 + b33 - b45)
h12868: (-a11) * (b14 + b23 + b51 + b15 + b11 + b52 - b14 - b51 - b42 - b43 - b21 - b15 - b34)
h15231: (a53) * (b25 - b45)
h23150: (-a13) * (b23 - b53 - b23)
c11: h108 - h9238 
c12: h103 + h132 + h1200 - h89 - h56 
c13: h124 + h5651 
c14: h71 + h122 + h23150 + h132 
c15: h15 + h46 + h60 + h541 + h71 + h108 - h18 - h35 
c21: h119 + h64 
c22: h122 + h46 + h74 + h65 + h3896 - h122 - h65 - h112 - h1200 
c23: h123 
c24: h123 + h175 + h176 
c25: h60 
c31: h150 + h81 
c32: h176 + h2328 + h6326 
c33: h6525 - h21 
c34: h167 + h244 
c35: h69 + h9492 + h15231 
c41: h314 + h28 - h89 - h228 
c42: h123 - h12868 
c43: h34 + h1 + h343 + h123 - h123 
c44: h142 + h3896 + h3978 - h78 - h2484 
c45: h123 - h99 
c51: h66 + h8982 - h6525 
c52: h69 + h5651 - h37 - h175 
c53: - h41 - h155 
c54: h78 + h10771 - h20 
c55: h124 - h110 
