0,164.928,25
100,117.904,24.8
200,79.352,24.8
300,69.296,24.8
400,64.608,24.4
500,57.944,24.6
600,54.024,24.4
700,49.736,24.4
800,49.656,24.4
900,48.024,24.4
1000,47.431999999999995,24.4
1100,47.431999999999995,24.4
1200,46.8,24.4
1300,46.8,24.4
1400,46.672,24.4
1500,46.672,24.4
1600,46.232000000000006,24.4
1700,45.895999999999994,24.4
1800,45.895999999999994,24.4
1900,45.895999999999994,24.4
2000,45.895999999999994,24.4
2100,45.496,24.4
2200,45.496,24.4
2300,45.496,24.4
2400,45.496,24.4
2500,44.976,24.6
2600,44.976,24.6
2700,44.648,24.6
2800,44.648,24.6
2900,44.648,24.6
3000,44.648,24.6
3100,44.408,24.6
3200,44.408,24.6
3300,44.408,24.6
3400,44.408,24.6
3500,44.408,24.6
3600,44.408,24.6
3700,44.336,24.6
3800,44.336,24.6
3900,44.336,24.6
4000,44.336,24.6
4100,44.336,24.6
4200,44.336,24.6
4300,44.288,24.6
4400,44.288,24.6
4500,44.288,24.6
4600,43.727999999999994,24.6
4700,43.727999999999994,24.6
4800,43.727999999999994,24.6
4900,43.727999999999994,24.6
5000,43.727999999999994,24.6
5100,43.727999999999994,24.6
5200,43.727999999999994,24.6
5300,43.519999999999996,24.6
5400,43.504,24.6
5500,43.504,24.6
5600,43.239999999999995,24.6
5700,43.239999999999995,24.6
5800,43.239999999999995,24.6
5900,43.239999999999995,24.6
6000,43.239999999999995,24.6
6100,42.96,24.6
6200,42.96,24.6
6300,42.96,24.6
6400,42.559999999999995,24.6
6500,42.559999999999995,24.6
6600,42.559999999999995,24.6
6700,42.559999999999995,24.6
6800,42.559999999999995,24.6
6900,42.559999999999995,24.6
7000,42.559999999999995,24.6
7100,42.559999999999995,24.6
7200,42.559999999999995,24.6
7300,42.559999999999995,24.6
7400,42.559999999999995,24.6
7500,42.559999999999995,24.6
7600,42.559999999999995,24.6
7700,42.559999999999995,24.6
7800,42.559999999999995,24.6
7900,42.263999999999996,24.6
8000,42.263999999999996,24.6
8100,42.263999999999996,24.6
8200,42.263999999999996,24.6
8300,42.032,24.6
8400,42.032,24.6
8500,42.032,24.6
8600,41.976,24.4
8700,41.976,24.4
8800,41.976,24.4
8900,41.976,24.4
9000,41.976,24.4
9100,41.976,24.4
9200,41.903999999999996,24.4
9300,41.903999999999996,24.4
9400,41.903999999999996,24.4
9500,41.903999999999996,24.4
9600,41.903999999999996,24.4
9700,41.903999999999996,24.4
9800,41.903999999999996,24.4
9900,41.903999999999996,24.4
10000,41.903999999999996,24.4
10100,41.903999999999996,24.4
10200,41.903999999999996,24.4
10300,41.903999999999996,24.4
10400,41.903999999999996,24.4
10500,41.903999999999996,24.4
10600,41.903999999999996,24.4
10700,40.224000000000004,24.4
10800,40.224000000000004,24.4
10900,40.224000000000004,24.4
11000,40.224000000000004,24.4
11100,40.224000000000004,24.4
11200,40.224000000000004,24.4
11300,40.224000000000004,24.4
11400,40.224000000000004,24.4
11500,40.224000000000004,24.4
11600,40.224000000000004,24.4
11700,40.224000000000004,24.4
11800,40.224000000000004,24.4
11900,40.224000000000004,24.4
12000,40.224000000000004,24.4
12100,40.144,24.4
12200,40.144,24.4
12300,40.144,24.4
12400,40.144,24.4
12500,40.144,24.4
12600,40.144,24.4
12700,40.144,24.4
12800,40.144,24.4
12900,40.144,24.4
13000,40.144,24.4
13100,40.144,24.4
13200,40.144,24.4
13300,40.144,24.4
13400,40.144,24.4
13500,40.032,24.6
13600,40.032,24.6
13700,40.032,24.6
13800,40.032,24.6
13900,40.032,24.6
14000,40.032,24.6
14100,40.032,24.6
14200,40.032,24.6
14300,40.032,24.6
14400,40.032,24.6
14500,40.032,24.6
14600,40.032,24.6
14700,40.032,24.6
14800,40.032,24.6
14900,40.032,24.6
15000,40.032,24.6
15100,40.032,24.6
15200,40.032,24.6
15300,40.032,24.6
15400,40.032,24.6
15500,40.032,24.6
15600,40.032,24.6
15700,40.032,24.6
15800,40.032,24.6
15900,40.032,24.6
16000,40.032,24.6
16100,40.032,24.6
16200,40.032,24.6
16300,40.032,24.6
16400,40.032,24.6
16500,40.032,24.6
16600,40.032,24.6
16700,39.168,24.6
16800,38.56,24.6
16900,38.56,24.6
17000,38.56,24.6
17100,38.56,24.6
17200,38.56,24.6
17300,38.56,24.6
17400,38.56,24.6
17500,38.56,24.6
17600,38.56,24.6
17700,38.56,24.6
17800,38.56,24.6
17900,38.56,24.6
18000,38.56,24.6
18100,38.120000000000005,24.6
18200,38.120000000000005,24.6
18300,38.120000000000005,24.6
18400,38.120000000000005,24.6
18500,38.120000000000005,24.6
18600,38.120000000000005,24.6
18700,38.120000000000005,24.6
18800,38.120000000000005,24.6
18900,38.120000000000005,24.6
19000,37.848,24.6
19100,37.848,24.6
19200,37.848,24.6
19300,37.848,24.6
19400,37.848,24.6
19500,37.848,24.6
19600,37.848,24.6
19700,37.848,24.6
19800,37.848,24.6
19900,37.848,24.6
20000,37.056,24.6
20100,37.056,24.6
20200,37.056,24.6
20300,37.056,24.6
20400,37.056,24.6
20500,37.056,24.6
20600,37.056,24.6
20700,37.056,24.6
20800,37.056,24.6
20900,37.056,24.6
21000,37.056,24.6
21100,37.056,24.6
21200,37.056,24.6
21300,37.056,24.6
21400,37.056,24.6
21500,37.056,24.6
21600,37.056,24.6
21700,37.056,24.6
21800,37.056,24.6
21900,37.056,24.6
22000,37.056,24.6
22100,37.056,24.6
22200,37.056,24.6
22300,37.056,24.6
22400,37.056,24.6
22500,37.056,24.6
22600,37.056,24.6
22700,37.056,24.6
22800,37.056,24.6
22900,37.056,24.6
23000,37.056,24.6
23100,37.056,24.6
23200,37.056,24.6
23300,37.056,24.6
23400,37.056,24.6
23500,37.056,24.6
23600,37.056,24.6
23700,37.056,24.6
23800,37.056,24.6
23900,37.056,24.6
24000,37.056,24.6
24100,37.056,24.6
24200,37.056,24.6
24300,37.056,24.6
24400,37.056,24.6
24500,37.056,24.6
24600,37.056,24.6
24700,37.056,24.6
24800,37.056,24.6
24900,37.056,24.6
25000,36.936,24.6
25100,36.936,24.6
25200,36.744,24.6
25300,36.744,24.6
25400,36.584,24.6
25500,36.544000000000004,24.6
25600,36.29600000000001,24.6
25700,36.29600000000001,24.6
25800,36.29600000000001,24.6
25900,36.29600000000001,24.6
26000,36.29600000000001,24.6
26100,36.29600000000001,24.6
26200,36.29600000000001,24.6
26300,36.29600000000001,24.6
26400,36.29600000000001,24.6
26500,36.29600000000001,24.6
26600,36.29600000000001,24.6
26700,36.29600000000001,24.6
26800,36.29600000000001,24.6
26900,36.29600000000001,24.6
27000,36.29600000000001,24.6
27100,36.29600000000001,24.6
27200,36.29600000000001,24.6
27300,36.29600000000001,24.6
27400,36.239999999999995,24.6
27500,36.239999999999995,24.6
27600,36.239999999999995,24.6
27700,36.239999999999995,24.6
27800,36.239999999999995,24.6
27900,36.208000000000006,24.6
28000,35.903999999999996,24.4
28100,35.903999999999996,24.4
28200,35.903999999999996,24.4
28300,35.903999999999996,24.4
28400,35.903999999999996,24.4
28500,35.903999999999996,24.4
28600,35.903999999999996,24.4
28700,35.903999999999996,24.4
28800,35.903999999999996,24.4
28900,35.903999999999996,24.4
29000,35.808,24.4
29100,35.808,24.4
29200,35.808,24.4
29300,35.808,24.4
29400,35.808,24.4
29500,35.808,24.4
29600,35.808,24.4
29700,35.808,24.4
29800,35.70399999999999,24.4
29900,35.70399999999999,24.4
30000,35.70399999999999,24.4
30100,35.70399999999999,24.4
30200,35.70399999999999,24.4
30300,35.70399999999999,24.4
30400,35.70399999999999,24.4
30500,35.70399999999999,24.4
30600,35.70399999999999,24.4
30700,35.70399999999999,24.4
30800,35.70399999999999,24.4
30900,35.304,24.4
31000,35.304,24.4
31100,35.304,24.4
31200,35.304,24.4
31300,35.304,24.4
31400,35.304,24.4
31500,35.304,24.4
31600,35.304,24.4
31700,35.304,24.4
31800,35.304,24.4
31900,35.304,24.4
32000,34.69599999999999,24.6
32100,34.69599999999999,24.6
32200,34.69599999999999,24.6
32300,34.69599999999999,24.6
32400,34.69599999999999,24.6
32500,34.69599999999999,24.6
32600,34.69599999999999,24.6
32700,34.69599999999999,24.6
32800,34.656,24.6
32900,34.656,24.6
33000,34.512,24.6
33100,34.512,24.6
33200,34.512,24.6
33300,34.512,24.6
33400,34.512,24.6
33500,34.512,24.6
33600,34.512,24.6
33700,34.512,24.6
33800,34.512,24.6
33900,34.512,24.6
34000,34.512,24.6
34100,34.512,24.6
34200,34.512,24.6
34300,34.512,24.6
34400,34.512,24.6
34500,34.512,24.6
34600,34.512,24.6
34700,34.512,24.6
34800,34.512,24.6
34900,34.512,24.6
35000,34.512,24.6
35100,34.512,24.6
35200,34.512,24.6
35300,34.512,24.6
35400,34.512,24.6
35500,34.512,24.6
35600,34.512,24.6
35700,34.136,24.6
35800,34.136,24.6
35900,34.136,24.6
36000,34.136,24.6
36100,34.088,24.6
36200,34.088,24.6
36300,34.088,24.6
36400,34.047999999999995,24.6
36500,34.047999999999995,24.6
36600,34.047999999999995,24.6
36700,34.047999999999995,24.6
36800,34.047999999999995,24.6
36900,34.047999999999995,24.6
37000,34.032,24.6
37100,34.032,24.6
37200,34.032,24.6
37300,34.032,24.6
37400,34.032,24.6
37500,34.032,24.6
37600,34.032,24.6
37700,33.952000000000005,24.6
37800,33.952000000000005,24.6
37900,33.952000000000005,24.6
38000,33.952000000000005,24.6
38100,33.952000000000005,24.6
38200,33.696,24.6
38300,33.696,24.6
38400,33.696,24.6
38500,33.696,24.6
38600,33.696,24.6
38700,33.696,24.6
38800,33.696,24.6
38900,33.696,24.6
39000,33.696,24.6
39100,33.696,24.6
39200,33.696,24.6
39300,33.696,24.6
39400,33.696,24.6
39500,33.696,24.6
39600,33.696,24.6
39700,33.696,24.6
39800,33.696,24.6
39900,33.696,24.6
40000,33.696,24.6
40100,33.696,24.6
40200,33.696,24.6
40300,33.696,24.6
40400,33.696,24.6
40500,33.696,24.6
40600,33.696,24.6
40700,33.696,24.6
40800,33.696,24.6
40900,33.248,24.6
41000,33.248,24.6
41100,33.176,24.6
41200,33.176,24.6
41300,33.176,24.6
41400,33.176,24.6
41500,33.176,24.6
41600,33.176,24.6
41700,33.176,24.6
41800,33.176,24.6
41900,33.176,24.6
42000,33.176,24.6
42100,33.176,24.6
42200,33.176,24.6
42300,33.176,24.6
42400,33.176,24.6
42500,33.176,24.6
42600,33.176,24.6
42700,33.152,24.6
42800,33.128,24.6
42900,33.128,24.6
43000,33.128,24.6
43100,33.128,24.6
43200,33.128,24.6
43300,33.128,24.6
43400,33.128,24.6
43500,33.128,24.6
43600,33.128,24.6
43700,33.128,24.6
43800,33.128,24.6
43900,33.128,24.6
44000,32.976000000000006,24.4
44100,32.976000000000006,24.4
44200,32.976000000000006,24.4
44300,32.976000000000006,24.4
44400,32.976000000000006,24.4
44500,32.976000000000006,24.4
44600,32.976000000000006,24.4
44700,32.976000000000006,24.4
44800,32.83200000000001,24.4
44900,32.64,24.6
45000,32.64,24.6
45100,32.64,24.6
45200,32.32,24.6
45300,31.887999999999998,24.6
45400,31.887999999999998,24.6
45500,31.887999999999998,24.6
45600,31.887999999999998,24.6
45700,31.887999999999998,24.6
45800,31.887999999999998,24.6
45900,31.887999999999998,24.6
46000,31.887999999999998,24.6
46100,31.887999999999998,24.6
46200,31.887999999999998,24.6
46300,31.887999999999998,24.6
46400,31.887999999999998,24.6
46500,31.887999999999998,24.6
46600,31.887999999999998,24.6
46700,31.887999999999998,24.6
46800,31.887999999999998,24.6
46900,31.887999999999998,24.6
47000,31.887999999999998,24.6
47100,31.503999999999998,24.6
47200,31.432,24.6
47300,31.432,24.6
47400,31.432,24.6
47500,31.127999999999997,24.6
47600,31.127999999999997,24.6
47700,31.127999999999997,24.6
47800,31.127999999999997,24.6
47900,31.127999999999997,24.6
48000,31.127999999999997,24.6
48100,31.127999999999997,24.6
48200,31.127999999999997,24.6
48300,31.127999999999997,24.6
48400,31.127999999999997,24.6
48500,31.127999999999997,24.6
48600,31.127999999999997,24.6
48700,31.127999999999997,24.6
48800,30.752,24.6
48900,30.752,24.6
49000,30.752,24.6
49100,30.752,24.6
49200,30.752,24.6
49300,30.752,24.6
49400,30.752,24.6
49500,30.752,24.6
49600,30.752,24.6
49700,30.752,24.6
49800,30.752,24.6
49900,30.752,24.6
50000,30.752,24.6
50100,30.752,24.6
50200,30.752,24.6
50300,30.752,24.6
50400,30.752,24.6
50500,30.752,24.6
50600,30.752,24.6
50700,30.752,24.6
50800,30.656,24.6
50900,30.608000000000004,24.6
51000,30.608000000000004,24.6
51100,30.608000000000004,24.6
51200,30.608000000000004,24.6
51300,30.608000000000004,24.6
51400,30.608000000000004,24.6
51500,30.608000000000004,24.6
51600,30.608000000000004,24.6
51700,30.608000000000004,24.6
51800,30.608000000000004,24.6
51900,30.608000000000004,24.6
52000,30.608000000000004,24.6
52100,30.608000000000004,24.6
52200,30.608000000000004,24.6
52300,30.608000000000004,24.6
52400,30.608000000000004,24.6
52500,30.608000000000004,24.6
52600,30.608000000000004,24.6
52700,30.608000000000004,24.6
52800,30.608000000000004,24.6
52900,30.608000000000004,24.6
53000,30.608000000000004,24.6
53100,30.608000000000004,24.6
53200,30.608000000000004,24.6
53300,30.608000000000004,24.6
53400,30.608000000000004,24.6
53500,30.608000000000004,24.6
53600,30.608000000000004,24.6
53700,30.608000000000004,24.6
53800,30.608000000000004,24.6
53900,30.608000000000004,24.6
54000,30.608000000000004,24.6
54100,30.608000000000004,24.6
54200,30.608000000000004,24.6
54300,30.608000000000004,24.6
54400,30.608000000000004,24.6
54500,30.608000000000004,24.6
54600,30.608000000000004,24.6
54700,30.608000000000004,24.6
54800,30.608000000000004,24.6
54900,30.608000000000004,24.6
55000,30.608000000000004,24.6
55100,30.608000000000004,24.6
55200,30.608000000000004,24.6
55300,30.608000000000004,24.6
55400,30.608000000000004,24.6
55500,30.608000000000004,24.6
55600,30.608000000000004,24.6
55700,30.608000000000004,24.6
55800,30.327999999999996,24.6
55900,30.327999999999996,24.6
56000,30.327999999999996,24.6
56100,30.327999999999996,24.6
56200,30.327999999999996,24.6
56300,30.327999999999996,24.6
56400,30.327999999999996,24.6
56500,30.327999999999996,24.6
56600,30.327999999999996,24.6
56700,30.327999999999996,24.6
56800,30.327999999999996,24.6
56900,30.327999999999996,24.6
57000,30.327999999999996,24.6
57100,30.327999999999996,24.6
57200,30.327999999999996,24.6
57300,30.192,24.6
57400,30.192,24.6
57500,30.192,24.6
57600,30.192,24.6
57700,30.192,24.6
57800,30.192,24.6
57900,30.192,24.6
58000,30.192,24.6
58100,30.192,24.6
58200,30.192,24.6
58300,30.192,24.6
58400,30.192,24.6
58500,30.192,24.6
58600,30.192,24.6
58700,30.192,24.6
58800,30.192,24.6
58900,30.192,24.6
59000,30.192,24.6
59100,30.192,24.6
59200,30.192,24.6
59300,30.192,24.6
59400,30.192,24.6
59500,30.192,24.6
59600,30.192,24.6
59700,30.192,24.6
59800,30,24.6
59900,30,24.6
60000,30,24.6
60100,30,24.6
60200,30,24.6
60300,30,24.6
60400,30,24.6
60500,30,24.6
60600,30,24.6
60700,30,24.6
60800,30,24.6
60900,30,24.6
61000,30,24.6
61100,30,24.6
61200,30,24.6
61300,30,24.6
61400,30,24.6
61500,30,24.6
61600,29.904000000000003,24.6
61700,29.904000000000003,24.6
61800,29.904000000000003,24.6
61900,29.904000000000003,24.6
62000,29.904000000000003,24.6
62100,29.848000000000003,24.6
62200,29.848000000000003,24.6
62300,29.848000000000003,24.6
62400,29.848000000000003,24.6
62500,29.848000000000003,24.6
62600,29.848000000000003,24.6
62700,29.848000000000003,24.6
62800,29.848000000000003,24.6
62900,29.824,24.6
63000,29.824,24.6
63100,29.824,24.6
63200,29.824,24.6
63300,29.824,24.6
63400,29.824,24.6
63500,29.824,24.6
63600,29.824,24.6
63700,29.824,24.6
63800,29.824,24.6
63900,29.824,24.6
64000,29.824,24.6
64100,29.824,24.6
64200,29.824,24.6
64300,29.824,24.6
64400,29.824,24.6
64500,29.824,24.6
64600,29.824,24.6
64700,29.824,24.6
64800,29.824,24.6
64900,29.824,24.6
65000,29.824,24.6
65100,29.824,24.6
65200,29.824,24.6
65300,29.824,24.6
65400,29.824,24.6
65500,29.824,24.6
65600,29.824,24.6
65700,29.824,24.6
65800,29.824,24.6
65900,29.816000000000003,24.6
66000,29.816000000000003,24.6
66100,29.816000000000003,24.6
66200,29.816000000000003,24.6
66300,29.816000000000003,24.6
66400,29.816000000000003,24.6
66500,29.784,24.6
66600,29.784,24.6
66700,29.784,24.6
66800,29.784,24.6
66900,29.784,24.6
67000,29.784,24.6
67100,29.784,24.6
67200,29.784,24.6
67300,29.784,24.6
67400,29.784,24.6
67500,29.784,24.6
67600,29.784,24.6
67700,29.784,24.6
67800,29.784,24.6
67900,29.784,24.6
68000,29.784,24.6
68100,29.784,24.6
68200,29.784,24.6
68300,29.784,24.6
68400,29.784,24.6
68500,29.784,24.6
68600,29.784,24.6
68700,29.096000000000004,24.6
68800,29.096000000000004,24.6
68900,29.096000000000004,24.6
69000,29.096000000000004,24.6
69100,29.096000000000004,24.6
69200,29.096000000000004,24.6
69300,29.096000000000004,24.6
69400,29.040000000000003,24.8
69500,29.040000000000003,24.8
69600,29.040000000000003,24.8
69700,29.040000000000003,24.8
69800,29.040000000000003,24.8
69900,28.264,24.8
70000,28.264,24.8
70100,28.264,24.8
70200,28.264,24.8
70300,28.264,24.8
70400,28.264,24.8
70500,28.264,24.8
70600,28.264,24.8
70700,28.264,24.8
70800,28.264,24.8
70900,28.264,24.8
71000,28.264,24.8
71100,28.264,24.8
71200,28.264,24.8
71300,28.264,24.8
71400,28.264,24.8
71500,28.264,24.8
71600,28.264,24.8
71700,28.264,24.8
71800,28.264,24.8
71900,28.264,24.8
72000,28.264,24.8
72100,28.264,24.8
72200,28.264,24.8
72300,28.264,24.8
72400,28.264,24.8
72500,28.264,24.8
72600,28.264,24.8
72700,28.264,24.8
72800,28.264,24.8
72900,28.264,24.8
73000,28.264,24.8
73100,28.264,24.8
73200,28.264,24.8
73300,28.264,24.8
73400,28.264,24.8
73500,28.264,24.8
73600,28.264,24.8
73700,28.264,24.8
73800,28.264,24.8
73900,28.264,24.8
74000,28.264,24.8
74100,28.264,24.8
74200,28.264,24.8
74300,28.264,24.8
74400,28.264,24.8
74500,28.264,24.8
74600,28.264,24.8
74700,28.264,24.8
74800,28.264,24.8
74900,28.264,24.8
75000,28.264,24.8
75100,28.264,24.8
75200,28.264,24.8
75300,28.264,24.8
75400,28.264,24.8
75500,28.264,24.8
75600,28.264,24.8
75700,28.264,24.8
75800,28.264,24.8
75900,28.264,24.8
76000,28.264,24.8
76100,28.264,24.8
76200,28.264,24.8
76300,28.264,24.8
76400,28.264,24.8
76500,28.264,24.8
76600,28.264,24.8
76700,28.264,24.8
76800,28.264,24.8
76900,28.264,24.8
77000,28.264,24.8
77100,28.264,24.8
77200,28.264,24.8
77300,28.264,24.8
77400,28.264,24.8
77500,28.264,24.8
77600,28.264,24.8
77700,28.264,24.8
77800,28.264,24.8
77900,28.264,24.8
78000,28.264,24.8
78100,27.68,24.8
78200,27.68,24.8
78300,27.68,24.8
78400,27.68,24.8
78500,27.68,24.8
78600,27.68,24.8
78700,27.68,24.8
78800,27.68,24.8
78900,27.68,24.8
79000,27.68,24.8
79100,27.68,24.8
79200,27.68,24.8
79300,27.68,24.8
79400,27.68,24.8
79500,27.68,24.8
79600,27.68,24.8
79700,27.68,24.8
79800,27.68,24.8
79900,27.68,24.8
80000,27.68,24.8
80100,27.68,24.8
80200,27.68,24.8
80300,27.336000000000002,24.8
80400,27.336000000000002,24.8
80500,27.336000000000002,24.8
80600,27.336000000000002,24.8
80700,27.336000000000002,24.8
80800,27.336000000000002,24.8
80900,27.336000000000002,24.8
81000,27.336000000000002,24.8
81100,27.336000000000002,24.8
81200,27.336000000000002,24.8
81300,27.336000000000002,24.8
81400,27.336000000000002,24.8
81500,27.336000000000002,24.8
81600,27.336000000000002,24.8
81700,27.336000000000002,24.8
81800,27.336000000000002,24.8
81900,27.336000000000002,24.8
82000,27.336000000000002,24.8
82100,27.336000000000002,24.8
82200,27.336000000000002,24.8
82300,27.336000000000002,24.8
82400,27.336000000000002,24.8
82500,27.336000000000002,24.8
82600,27.336000000000002,24.8
82700,27.336000000000002,24.8
82800,27.336000000000002,24.8
82900,27.336000000000002,24.8
83000,27.336000000000002,24.8
83100,27.336000000000002,24.8
83200,27.336000000000002,24.8
83300,27.336000000000002,24.8
83400,27.336000000000002,24.8
83500,27.336000000000002,24.8
83600,27.336000000000002,24.8
83700,27.336000000000002,24.8
83800,27.336000000000002,24.8
83900,27.336000000000002,24.8
84000,27.336000000000002,24.8
84100,27.336000000000002,24.8
84200,27.336000000000002,24.8
84300,27.336000000000002,24.8
84400,27.336000000000002,24.8
84500,27.336000000000002,24.8
84600,27.336000000000002,24.8
84700,27.336000000000002,24.8
84800,27.336000000000002,24.8
84900,26.815999999999995,24.8
85000,26.815999999999995,24.8
85100,26.815999999999995,24.8
85200,26.815999999999995,24.8
85300,26.815999999999995,24.8
85400,26.815999999999995,24.8
85500,26.815999999999995,24.8
85600,26.815999999999995,24.8
85700,26.815999999999995,24.8
85800,26.815999999999995,24.8
85900,26.815999999999995,24.8
86000,26.815999999999995,24.8
86100,26.815999999999995,24.8
86200,26.815999999999995,24.8
86300,26.815999999999995,24.8
86400,26.815999999999995,24.8
86500,26.815999999999995,24.8
86600,26.815999999999995,24.8
86700,26.815999999999995,24.8
86800,26.815999999999995,24.8
86900,26.815999999999995,24.8
87000,26.815999999999995,24.8
87100,26.815999999999995,24.8
87200,26.815999999999995,24.8
87300,26.815999999999995,24.8
87400,26.815999999999995,24.8
87500,26.815999999999995,24.8
87600,26.815999999999995,24.8
87700,26.815999999999995,24.8
87800,26.815999999999995,24.8
87900,26.815999999999995,24.8
88000,26.815999999999995,24.8
88100,26.815999999999995,24.8
88200,26.815999999999995,24.8
88300,26.815999999999995,24.8
88400,26.815999999999995,24.8
88500,26.048000000000002,24.8
88600,26.048000000000002,24.8
88700,26.048000000000002,24.8
88800,26.048000000000002,24.8
88900,26.048000000000002,24.8
89000,26.048000000000002,24.8
89100,26.048000000000002,24.8
89200,26.048000000000002,24.8
89300,26.048000000000002,24.8
89400,26.048000000000002,24.8
89500,26.048000000000002,24.8
89600,26.048000000000002,24.8
89700,26.048000000000002,24.8
89800,26.048000000000002,24.8
89900,26.048000000000002,24.8
90000,26.048000000000002,24.8
90100,26.048000000000002,24.8
90200,26.048000000000002,24.8
90300,26.048000000000002,24.8
90400,26.048000000000002,24.8
90500,26.048000000000002,24.8
90600,26.048000000000002,24.8
90700,26.048000000000002,24.8
90800,26.048000000000002,24.8
90900,26.048000000000002,24.8
91000,26.048000000000002,24.8
91100,26.048000000000002,24.8
91200,26.048000000000002,24.8
91300,26.048000000000002,24.8
91400,26.048000000000002,24.8
91500,26.048000000000002,24.8
91600,26.048000000000002,24.8
91700,26.048000000000002,24.8
91800,26.048000000000002,24.8
91900,26.048000000000002,24.8
92000,26.048000000000002,24.8
92100,26.048000000000002,24.8
92200,26.048000000000002,24.8
92300,26.048000000000002,24.8
92400,26.048000000000002,24.8
92500,26.048000000000002,24.8
92600,26.048000000000002,24.8
92700,26.048000000000002,24.8
92800,25.912,24.8
92900,25.871999999999996,24.8
93000,25.871999999999996,24.8
93100,25.871999999999996,24.8
93200,25.695999999999998,24.8
93300,25.68,24.8
93400,25.68,24.8
93500,25.68,24.8
93600,25.68,24.8
93700,25.68,24.8
93800,25.68,24.8
93900,25.68,24.8
94000,25.68,24.8
94100,25.68,24.8
94200,25.488,24.8
94300,25.488,24.8
94400,25.488,24.8
94500,25.488,24.8
94600,25.488,24.8
94700,25.488,24.8
94800,25.488,24.8
94900,25.488,24.8
95000,25.488,24.8
95100,25.488,24.8
95200,25.488,24.8
95300,25.488,24.8
95400,25.488,24.8
95500,25.488,24.8
95600,25.488,24.8
95700,25.488,24.8
95800,25.488,24.8
95900,25.488,24.8
96000,25.488,24.8
96100,25.488,24.8
96200,25.488,24.8
96300,25.488,24.8
96400,25.488,24.8
96500,25.488,24.8
96600,25.488,24.8
96700,25.488,24.8
96800,25.488,24.8
96900,25.488,24.8
97000,25.488,24.8
97100,25.488,24.8
97200,25.488,24.8
97300,25.488,24.8
97400,25.488,24.8
97500,25.488,24.8
97600,25.488,24.8
97700,25.488,24.8
97800,25.488,24.8
97900,25.488,24.8
98000,25.488,24.8
98100,25.488,24.8
98200,25.488,24.8
98300,25.488,24.8
98400,25.488,24.8
98500,25.488,24.8
98600,25.488,24.8
98700,25.488,24.8
98800,25.488,24.8
98900,25.488,24.8
99000,25.488,24.8
99100,25.488,24.8
99200,25.488,24.8
99300,25.488,24.8
99400,25.488,24.8
99500,25.488,24.8
99600,25.488,24.8
99700,25.488,24.8
99800,25.488,24.8
99900,25.488,24.8
100000,25.488,24.8
100100,25.488,24.8
100200,25.488,24.8
100300,25.488,24.8
100400,25.488,24.8
100500,25.488,24.8
100600,25.488,24.8
100700,25.488,24.8
100800,25.488,24.8
100900,25.488,24.8
101000,25.488,24.8
101100,25.488,24.8
101200,25.488,24.8
101300,25.488,24.8
101400,25.488,24.8
101500,25.488,24.8
101600,25.488,24.8
101700,25.488,24.8
101800,25.488,24.8
101900,25.488,24.8
102000,25.488,24.8
102100,25.488,24.8
102200,25.488,24.8
102300,25.488,24.8
102400,25.488,24.8
102500,25.488,24.8
102600,25.488,24.8
102700,25.488,24.8
102800,25.488,24.8
102900,25.488,24.8
103000,25.488,24.8
103100,25.488,24.8
103200,25.488,24.8
103300,25.488,24.8
103400,25.488,24.8
103500,25.488,24.8
103600,25.488,24.8
103700,25.488,24.8
103800,25.488,24.8
103900,25.488,24.8
104000,25.488,24.8
104100,25.488,24.8
104200,25.488,24.8
104300,25.488,24.8
104400,25.488,24.8
104500,25.488,24.8
104600,25.488,24.8
104700,25.488,24.8
104800,25.488,24.8
104900,25.488,24.8
105000,25.488,24.8
105100,25.488,24.8
105200,25.488,24.8
105300,25.488,24.8
105400,25.488,24.8
105500,25.488,24.8
105600,25.488,24.8
105700,25.488,24.8
105800,25.375999999999998,24.6
105900,25.375999999999998,24.6
106000,25.375999999999998,24.6
106100,25.375999999999998,24.6
106200,25.375999999999998,24.6
106300,25.375999999999998,24.6
106400,25.375999999999998,24.6
106500,25.375999999999998,24.6
106600,25.375999999999998,24.6
106700,25.375999999999998,24.6
106800,25.375999999999998,24.6
106900,25.375999999999998,24.6
107000,25.375999999999998,24.6
107100,25.375999999999998,24.6
107200,25.375999999999998,24.6
107300,25.375999999999998,24.6
107400,25.375999999999998,24.6
107500,25.375999999999998,24.6
107600,25.375999999999998,24.6
107700,25.375999999999998,24.6
107800,25.375999999999998,24.6
107900,25.375999999999998,24.6
108000,25.375999999999998,24.6
108100,25.375999999999998,24.6
108200,25.375999999999998,24.6
108300,25.375999999999998,24.6
108400,25.375999999999998,24.6
108500,25.375999999999998,24.6
108600,25.375999999999998,24.6
108700,25.375999999999998,24.6
108800,25.375999999999998,24.6
108900,25.375999999999998,24.6
109000,25.375999999999998,24.6
109100,25.375999999999998,24.6
109200,25.375999999999998,24.6
109300,25.375999999999998,24.6
109400,25.375999999999998,24.6
109500,25.375999999999998,24.6
109600,25.375999999999998,24.6
109700,25.375999999999998,24.6
109800,25.375999999999998,24.6
109900,25.375999999999998,24.6
110000,25.375999999999998,24.6
110100,25.375999999999998,24.6
110200,25.375999999999998,24.6
110300,25.375999999999998,24.6
110400,25.375999999999998,24.6
110500,25.375999999999998,24.6
110600,25.375999999999998,24.6
110700,25.375999999999998,24.6
110800,25.375999999999998,24.6
110900,25.375999999999998,24.6
111000,25.375999999999998,24.6
111100,25.375999999999998,24.6
111200,25.375999999999998,24.6
111300,25.375999999999998,24.6
111400,25.375999999999998,24.6
111500,25.375999999999998,24.6
111600,25.375999999999998,24.6
111700,25.375999999999998,24.6
111800,25.272000000000002,24.6
111900,24.712,24.6
112000,24.712,24.6
112100,24.712,24.6
112200,24.712,24.6
112300,24.712,24.6
112400,24.712,24.6
112500,24.712,24.6
112600,24.712,24.6
112700,24.712,24.6
112800,24.712,24.6
112900,24.712,24.6
113000,24.712,24.6
113100,24.712,24.6
113200,24.712,24.6
113300,24.712,24.6
113400,24.712,24.6
113500,24.712,24.6
113600,24.56,24.6
113700,24.56,24.6
113800,24.56,24.6
113900,24.56,24.6
114000,24.56,24.6
114100,24.56,24.6
114200,24.56,24.6
114300,24.56,24.6
114400,24.56,24.6
114500,24.56,24.6
114600,24.56,24.6
114700,24.56,24.6
114800,24.56,24.6
114900,24.56,24.6
115000,24.56,24.6
115100,24.56,24.6
115200,24.56,24.6
115300,24.56,24.6
115400,24.56,24.6
115500,24.56,24.6
115600,24.56,24.6
115700,24.56,24.6
115800,24.56,24.6
115900,24.56,24.6
116000,24.56,24.6
116100,24.56,24.6
116200,24.56,24.6
116300,24.56,24.6
116400,24.56,24.6
116500,24.56,24.6
116600,24.56,24.6
116700,24.56,24.6
116800,24.56,24.6
116900,24.56,24.6
117000,24.56,24.6
117100,24.56,24.6
117200,24.56,24.6
117300,24.56,24.6
117400,24.56,24.6
117500,24.56,24.6
117600,24.56,24.6
117700,24.56,24.6
117800,24.56,24.6
117900,24.56,24.6
118000,24.56,24.6
118100,24.56,24.6
118200,24.56,24.6
118300,24.56,24.6
118400,24.56,24.6
118500,24.56,24.6
118600,24.56,24.6
118700,24.56,24.6
118800,24.56,24.6
118900,24.56,24.6
119000,24.56,24.6
119100,24.56,24.6
119200,24.56,24.6
119300,24.56,24.6
119400,24.56,24.6
119500,24.56,24.6
119600,24.56,24.6
119700,24.56,24.6
119800,24.56,24.6
119900,24.56,24.6
120000,24.56,24.6
120100,24.56,24.6
120200,24.56,24.6
120300,24.56,24.6
120400,24.56,24.6
120500,24.56,24.6
120600,24.56,24.6
120700,24.56,24.6
120800,24.56,24.6
120900,24.56,24.6
121000,24.439999999999998,24.6
121100,24.439999999999998,24.6
121200,24.439999999999998,24.6
121300,24.439999999999998,24.6
121400,24.439999999999998,24.6
121500,24.439999999999998,24.6
121600,24.439999999999998,24.6
121700,24.439999999999998,24.6
121800,24.439999999999998,24.6
121900,24.439999999999998,24.6
122000,24.439999999999998,24.6
122100,24.439999999999998,24.6
122200,24.439999999999998,24.6
122300,24.439999999999998,24.6
122400,24.439999999999998,24.6
122500,24.439999999999998,24.6
122600,24.439999999999998,24.6
122700,24.439999999999998,24.6
122800,24.439999999999998,24.6
122900,24.439999999999998,24.6
123000,24.439999999999998,24.6
123100,24.439999999999998,24.6
123200,24.439999999999998,24.6
123300,24.439999999999998,24.6
123400,24.439999999999998,24.6
123500,24.439999999999998,24.6
123600,24.439999999999998,24.6
123700,24.439999999999998,24.6
123800,24.439999999999998,24.6
123900,24.439999999999998,24.6
124000,24.439999999999998,24.6
124100,24.439999999999998,24.6
124200,24.439999999999998,24.6
124300,24.439999999999998,24.6
124400,24.439999999999998,24.6
124500,24.439999999999998,24.6
124600,24.439999999999998,24.6
124700,24.392000000000003,24.6
124800,24.392000000000003,24.6
124900,24.392000000000003,24.6
125000,24.392000000000003,24.6
125100,24.392000000000003,24.6
125200,24.392000000000003,24.6
125300,24.392000000000003,24.6
125400,24.392000000000003,24.6
125500,24.392000000000003,24.6
125600,24.392000000000003,24.6
125700,24.392000000000003,24.6
125800,24.392000000000003,24.6
125900,24.392000000000003,24.6
126000,24.392000000000003,24.6
126100,24.072000000000003,24.8
126200,24.072000000000003,24.8
126300,24.072000000000003,24.8
126400,24.072000000000003,24.8
126500,24.072000000000003,24.8
126600,24.072000000000003,24.8
126700,24.072000000000003,24.8
126800,23.92,24.8
126900,23.92,24.8
127000,23.92,24.8
127100,23.92,24.8
127200,23.92,24.8
127300,23.92,24.8
127400,23.92,24.8
127500,23.92,24.8
127600,23.92,24.8
127700,23.92,24.8
127800,23.92,24.8
127900,23.92,24.8
128000,23.92,24.8
128100,23.92,24.8
128200,23.92,24.8
128300,23.92,24.8
128400,23.92,24.8
128500,23.92,24.8
128600,23.92,24.8
128700,23.92,24.8
128800,23.92,24.8
128900,23.92,24.8
129000,23.92,24.8
129100,23.92,24.8
129200,23.92,24.8
129300,23.92,24.8
129400,23.92,24.8
129500,23.92,24.8
129600,23.808,24.8
129700,23.808,24.8
129800,23.808,24.8
129900,23.808,24.8
130000,23.808,24.8
130100,23.808,24.8
130200,23.808,24.8
130300,23.808,24.8
130400,23.808,24.8
130500,23.808,24.8
130600,23.808,24.8
130700,23.808,24.8
130800,23.808,24.8
130900,23.808,24.8
131000,23.808,24.8
131100,23.808,24.8
131200,23.808,24.8
131300,23.808,24.8
131400,23.808,24.8
131500,23.808,24.8
131600,23.808,24.8
131700,23.808,24.8
131800,23.808,24.8
131900,23.808,24.8
132000,23.808,24.8
132100,23.808,24.8
132200,23.808,24.8
132300,23.808,24.8
132400,23.808,24.8
132500,23.808,24.8
132600,23.808,24.8
132700,23.808,24.8
132800,23.808,24.8
132900,23.808,24.8
133000,23.808,24.8
133100,23.808,24.8
133200,23.808,24.8
133300,23.808,24.8
133400,23.808,24.8
133500,23.808,24.8
133600,23.808,24.8
133700,23.808,24.8
133800,23.808,24.8
133900,23.808,24.8
134000,23.808,24.8
134100,23.808,24.8
134200,23.808,24.8
134300,23.808,24.8
134400,23.808,24.8
134500,23.808,24.8
134600,23.808,24.8
134700,23.808,24.8
134800,23.808,24.8
134900,23.808,24.8
135000,23.808,24.8
135100,23.808,24.8
135200,23.808,24.8
135300,23.808,24.8
135400,23.808,24.8
135500,23.808,24.8
135600,23.808,24.8
135700,23.808,24.8
135800,23.808,24.8
135900,23.808,24.8
136000,23.720000000000002,24.8
136100,23.720000000000002,24.8
136200,23.720000000000002,24.8
136300,23.720000000000002,24.8
136400,23.720000000000002,24.8
136500,23.720000000000002,24.8
136600,23.720000000000002,24.8
136700,23.720000000000002,24.8
136800,23.720000000000002,24.8
136900,23.720000000000002,24.8
137000,23.720000000000002,24.8
137100,23.720000000000002,24.8
137200,23.720000000000002,24.8
137300,23.720000000000002,24.8
137400,23.720000000000002,24.8
137500,23.720000000000002,24.8
137600,23.720000000000002,24.8
137700,23.720000000000002,24.8
137800,23.720000000000002,24.8
137900,23.720000000000002,24.8
138000,23.720000000000002,24.8
138100,23.720000000000002,24.8
138200,23.720000000000002,24.8
138300,23.720000000000002,24.8
138400,23.720000000000002,24.8
138500,23.720000000000002,24.8
138600,23.720000000000002,24.8
138700,23.720000000000002,24.8
138800,23.720000000000002,24.8
138900,23.720000000000002,24.8
139000,23.720000000000002,24.8
139100,23.720000000000002,24.8
139200,23.720000000000002,24.8
139300,23.720000000000002,24.8
139400,23.720000000000002,24.8
139500,23.720000000000002,24.8
139600,23.720000000000002,24.8
139700,23.720000000000002,24.8
139800,23.720000000000002,24.8
139900,23.720000000000002,24.8
140000,23.720000000000002,24.8
140100,23.720000000000002,24.8
140200,23.720000000000002,24.8
140300,23.720000000000002,24.8
140400,23.720000000000002,24.8
140500,23.720000000000002,24.8
140600,23.720000000000002,24.8
140700,23.720000000000002,24.8
140800,23.720000000000002,24.8
140900,23.720000000000002,24.8
141000,23.720000000000002,24.8
141100,23.720000000000002,24.8
141200,23.720000000000002,24.8
141300,23.720000000000002,24.8
141400,23.720000000000002,24.8
141500,23.720000000000002,24.8
141600,23.720000000000002,24.8
141700,23.720000000000002,24.8
141800,23.720000000000002,24.8
141900,23.720000000000002,24.8
142000,23.720000000000002,24.8
142100,23.720000000000002,24.8
142200,23.720000000000002,24.8
142300,23.720000000000002,24.8
142400,23.720000000000002,24.8
142500,23.720000000000002,24.8
142600,23.720000000000002,24.8
142700,23.720000000000002,24.8
142800,23.720000000000002,24.8
142900,23.720000000000002,24.8
143000,23.720000000000002,24.8
143100,23.720000000000002,24.8
143200,23.720000000000002,24.8
143300,23.720000000000002,24.8
143400,23.720000000000002,24.8
143500,23.720000000000002,24.8
143600,23.720000000000002,24.8
143700,23.720000000000002,24.8
143800,23.720000000000002,24.8
143900,23.720000000000002,24.8
144000,23.720000000000002,24.8
144100,23.720000000000002,24.8
144200,23.720000000000002,24.8
144300,23.720000000000002,24.8
144400,23.720000000000002,24.8
144500,23.720000000000002,24.8
144600,23.720000000000002,24.8
144700,23.720000000000002,24.8
144800,23.720000000000002,24.8
144900,23.720000000000002,24.8
145000,23.720000000000002,24.8
145100,23.720000000000002,24.8
145200,23.720000000000002,24.8
145300,23.720000000000002,24.8
145400,23.720000000000002,24.8
145500,23.720000000000002,24.8
145600,23.720000000000002,24.8
145700,23.720000000000002,24.8
145800,23.720000000000002,24.8
145900,23.720000000000002,24.8
146000,23.720000000000002,24.8
146100,23.720000000000002,24.8
146200,23.720000000000002,24.8
146300,23.720000000000002,24.8
146400,23.720000000000002,24.8
146500,23.720000000000002,24.8
146600,23.720000000000002,24.8
146700,23.720000000000002,24.8
146800,23.720000000000002,24.8
146900,23.720000000000002,24.8
147000,23.720000000000002,24.8
147100,23.720000000000002,24.8
147200,23.720000000000002,24.8
147300,23.720000000000002,24.8
147400,23.720000000000002,24.8
147500,23.720000000000002,24.8
147600,23.720000000000002,24.8
147700,23.720000000000002,24.8
147800,23.720000000000002,24.8
147900,23.720000000000002,24.8
148000,23.720000000000002,24.8
148100,23.720000000000002,24.8
148200,23.720000000000002,24.8
148300,23.720000000000002,24.8
148400,23.720000000000002,24.8
148500,23.720000000000002,24.8
148600,23.720000000000002,24.8
148700,23.720000000000002,24.8
148800,23.720000000000002,24.8
148900,23.720000000000002,24.8
149000,23.720000000000002,24.8
149100,23.720000000000002,24.8
149200,23.720000000000002,24.8
149300,23.720000000000002,24.8
149400,23.720000000000002,24.8
149500,23.720000000000002,24.8
149600,23.720000000000002,24.8
149700,23.720000000000002,24.8
149800,23.720000000000002,24.8
149900,23.720000000000002,24.8
150000,23.720000000000002,24.8
150100,23.720000000000002,24.8
150200,23.720000000000002,24.8
150300,23.720000000000002,24.8
150400,23.720000000000002,24.8
150500,23.720000000000002,24.8
150600,23.720000000000002,24.8
150700,23.720000000000002,24.8
150800,23.720000000000002,24.8
150900,23.720000000000002,24.8
151000,23.720000000000002,24.8
151100,23.720000000000002,24.8
151200,23.720000000000002,24.8
151300,23.720000000000002,24.8
151400,23.720000000000002,24.8
151500,23.720000000000002,24.8
151600,23.720000000000002,24.8
151700,23.720000000000002,24.8
151800,23.720000000000002,24.8
151900,23.720000000000002,24.8
152000,23.720000000000002,24.8
152100,23.720000000000002,24.8
152200,23.720000000000002,24.8
152300,23.720000000000002,24.8
152400,23.720000000000002,24.8
152500,23.720000000000002,24.8
152600,23.720000000000002,24.8
152700,23.720000000000002,24.8
152800,23.720000000000002,24.8
152900,23.720000000000002,24.8
153000,23.720000000000002,24.8
153100,23.720000000000002,24.8
153200,23.720000000000002,24.8
153300,23.720000000000002,24.8
153400,23.720000000000002,24.8
153500,23.720000000000002,24.8
153600,23.720000000000002,24.8
153700,23.720000000000002,24.8
153800,23.720000000000002,24.8
153900,23.720000000000002,24.8
154000,23.720000000000002,24.8
154100,23.720000000000002,24.8
154200,23.720000000000002,24.8
154300,23.720000000000002,24.8
154400,23.720000000000002,24.8
154500,23.720000000000002,24.8
154600,23.576,24.8
154700,23.327999999999996,24.8
154800,23.327999999999996,24.8
154900,23.327999999999996,24.8
155000,23.327999999999996,24.8
155100,23.327999999999996,24.8
155200,23.327999999999996,24.8
155300,23.327999999999996,24.8
155400,23.327999999999996,24.8
155500,23.327999999999996,24.8
155600,23.327999999999996,24.8
155700,23.327999999999996,24.8
155800,23.327999999999996,24.8
155900,23.327999999999996,24.8
156000,23.327999999999996,24.8
156100,23.327999999999996,24.8
156200,23.327999999999996,24.8
156300,23.327999999999996,24.8
156400,23.327999999999996,24.8
156500,23.327999999999996,24.8
156600,23.327999999999996,24.8
156700,23.327999999999996,24.8
156800,23.327999999999996,24.8
156900,23.327999999999996,24.8
157000,23.327999999999996,24.8
157100,23.327999999999996,24.8
157200,23.327999999999996,24.8
157300,23.327999999999996,24.8
157400,23.327999999999996,24.8
157500,23.327999999999996,24.8
157600,23.327999999999996,24.8
157700,23.327999999999996,24.8
157800,23.327999999999996,24.8
157900,23.327999999999996,24.8
158000,23.327999999999996,24.8
158100,23.327999999999996,24.8
158200,23.327999999999996,24.8
158300,23.327999999999996,24.8
158400,23.327999999999996,24.8
158500,23.327999999999996,24.8
158600,23.327999999999996,24.8
158700,23.327999999999996,24.8
158800,23.327999999999996,24.8
158900,23.327999999999996,24.8
159000,23.327999999999996,24.8
159100,23.327999999999996,24.8
159200,23.327999999999996,24.8
159300,23.327999999999996,24.8
159400,23.327999999999996,24.8
159500,23.327999999999996,24.8
159600,23.327999999999996,24.8
159700,23.327999999999996,24.8
159800,23.327999999999996,24.8
159900,23.327999999999996,24.8
160000,23.327999999999996,24.8
160100,23.327999999999996,24.8
160200,23.327999999999996,24.8
160300,23.327999999999996,24.8
160400,23.327999999999996,24.8
160500,23.327999999999996,24.8
160600,23.327999999999996,24.8
160700,23.327999999999996,24.8
160800,23.327999999999996,24.8
160900,23.327999999999996,24.8
161000,23.327999999999996,24.8
161100,23.327999999999996,24.8
161200,23.327999999999996,24.8
161300,23.327999999999996,24.8
161400,23.327999999999996,24.8
161500,23.327999999999996,24.8
161600,23.327999999999996,24.8
161700,23.327999999999996,24.8
161800,23.327999999999996,24.8
161900,23.327999999999996,24.8
162000,23.327999999999996,24.8
162100,23.327999999999996,24.8
162200,23.327999999999996,24.8
162300,23.327999999999996,24.8
162400,23.327999999999996,24.8
162500,23.327999999999996,24.8
162600,23.327999999999996,24.8
162700,23.327999999999996,24.8
162800,23.327999999999996,24.8
162900,23.327999999999996,24.8
163000,23.327999999999996,24.8
163100,23.327999999999996,24.8
163200,23.327999999999996,24.8
163300,23.327999999999996,24.8
163400,23.327999999999996,24.8
163500,23.327999999999996,24.8
163600,23.327999999999996,24.8
163700,23.327999999999996,24.8
163800,23.327999999999996,24.8
163900,23.327999999999996,24.8
164000,23.327999999999996,24.8
164100,23.327999999999996,24.8
164200,23.248,24.8
164300,23.248,24.8
164400,23.248,24.8
164500,23.248,24.8
164600,23.248,24.8
164700,23.248,24.8
164800,23.248,24.8
164900,23.248,24.8
165000,23.248,24.8
165100,23.248,24.8
165200,23.248,24.8
165300,23.248,24.8
165400,23.248,24.8
165500,23.248,24.8
165600,23.248,24.8
165700,23.248,24.8
165800,23.248,24.8
165900,23.192,24.8
166000,23.192,24.8
166100,23.192,24.8
166200,23.192,24.8
166300,23.192,24.8
166400,23.192,24.8
166500,22.904000000000003,24.8
166600,22.904000000000003,24.8
166700,22.752,24.8
166800,22.752,24.8
166900,22.752,24.8
167000,22.752,24.8
167100,22.752,24.8
167200,22.528,24.8
167300,22.528,24.8
167400,22.528,24.8
167500,22.4,24.8
167600,22.4,24.8
167700,22.4,24.8
167800,22.4,24.8
167900,22.4,24.8
168000,22.4,24.8
168100,22.4,24.8
168200,22.4,24.8
168300,22.4,24.8
168400,22.4,24.8
168500,22.4,24.8
168600,22.4,24.8
168700,22.4,24.8
168800,22.4,24.8
168900,22.4,24.8
169000,22.4,24.8
169100,22.4,24.8
169200,22.4,24.8
169300,22.4,24.8
169400,22.4,24.8
169500,22.4,24.8
169600,22.4,24.8
169700,22.4,24.8
169800,22.4,24.8
169900,22.4,24.8
170000,22.4,24.8
170100,22.4,24.8
170200,22.4,24.8
170300,22.4,24.8
170400,22.4,24.8
170500,22.4,24.8
170600,22.4,24.8
170700,22.4,24.8
170800,22.4,24.8
170900,22.4,24.8
171000,22.4,24.8
171100,22.4,24.8
171200,22.4,24.8
171300,22.4,24.8
171400,22.4,24.8
171500,22.4,24.8
171600,22.4,24.8
171700,22.4,24.8
171800,22.4,24.8
171900,22.4,24.8
172000,22.4,24.8
172100,22.4,24.8
172200,22.4,24.8
172300,22.4,24.8
172400,22.4,24.8
172500,22.4,24.8
172600,22.4,24.8
172700,22.4,24.8
172800,22.4,24.8
172900,22.4,24.8
173000,22.4,24.8
173100,22.4,24.8
173200,22.4,24.8
173300,22.4,24.8
173400,22.4,24.8
173500,22.4,24.8
173600,22.4,24.8
173700,22.4,24.8
173800,22.4,24.8
173900,22.4,24.8
174000,22.4,24.8
174100,22.4,24.8
174200,22.4,24.8
174300,22.4,24.8
174400,22.4,24.8
174500,22.4,24.8
174600,22.4,24.8
174700,22.4,24.8
174800,22.4,24.8
174900,22.4,24.8
175000,22.4,24.8
175100,22.4,24.8
175200,22.4,24.8
175300,22.4,24.8
175400,22.4,24.8
175500,22.4,24.8
175600,22.4,24.8
175700,22.4,24.8
175800,22.4,24.8
175900,22.4,24.8
176000,22.4,24.8
176100,22.4,24.8
176200,22.4,24.8
176300,22.4,24.8
176400,22.4,24.8
176500,22.4,24.8
176600,22.4,24.8
176700,22.4,24.8
176800,22.4,24.8
176900,22.4,24.8
177000,22.4,24.8
177100,22.4,24.8
177200,22.4,24.8
177300,22.4,24.8
177400,22.4,24.8
177500,22.4,24.8
177600,22.4,24.8
177700,22.4,24.8
177800,21.871999999999996,24.8
177900,21.871999999999996,24.8
178000,21.871999999999996,24.8
178100,21.871999999999996,24.8
178200,21.871999999999996,24.8
178300,21.871999999999996,24.8
178400,21.871999999999996,24.8
178500,21.871999999999996,24.8
178600,21.871999999999996,24.8
178700,21.871999999999996,24.8
178800,21.871999999999996,24.8
178900,21.871999999999996,24.8
179000,21.871999999999996,24.8
179100,21.871999999999996,24.8
179200,21.871999999999996,24.8
179300,21.871999999999996,24.8
179400,21.871999999999996,24.8
179500,21.871999999999996,24.8
179600,21.871999999999996,24.8
179700,21.871999999999996,24.8
179800,21.871999999999996,24.8
179900,21.871999999999996,24.8
180000,21.871999999999996,24.8
180100,21.871999999999996,24.8
180200,21.871999999999996,24.8
180300,21.871999999999996,24.8
180400,21.871999999999996,24.8
180500,21.871999999999996,24.8
180600,21.871999999999996,24.8
180700,21.871999999999996,24.8
180800,21.871999999999996,24.8
180900,21.871999999999996,24.8
181000,21.871999999999996,24.8
181100,21.871999999999996,24.8
181200,21.871999999999996,24.8
181300,21.871999999999996,24.8
181400,21.871999999999996,24.8
181500,21.871999999999996,24.8
181600,21.871999999999996,24.8
181700,21.871999999999996,24.8
181800,21.871999999999996,24.8
181900,21.871999999999996,24.8
182000,21.871999999999996,24.8
182100,21.871999999999996,24.8
182200,21.871999999999996,24.8
182300,21.871999999999996,24.8
182400,21.871999999999996,24.8
182500,21.871999999999996,24.8
182600,21.871999999999996,24.8
182700,21.871999999999996,24.8
182800,21.871999999999996,24.8
182900,21.871999999999996,24.8
183000,21.871999999999996,24.8
183100,21.871999999999996,24.8
183200,21.871999999999996,24.8
183300,21.871999999999996,24.8
183400,21.871999999999996,24.8
183500,21.871999999999996,24.8
183600,21.871999999999996,24.8
183700,21.871999999999996,24.8
183800,21.871999999999996,24.8
183900,21.696,24.8
184000,21.696,24.8
184100,21.696,24.8
184200,21.696,24.8
184300,21.696,24.8
184400,21.696,24.8
184500,21.696,24.8
184600,21.696,24.8
184700,21.696,24.8
184800,21.696,24.8
184900,21.696,24.8
185000,21.696,24.8
185100,21.696,24.8
185200,21.696,24.8
185300,21.696,24.8
185400,21.696,24.8
185500,21.696,24.8
185600,21.696,24.8
185700,21.696,24.8
185800,21.696,24.8
185900,21.696,24.8
186000,21.696,24.8
186100,21.696,24.8
186200,21.696,24.8
186300,21.696,24.8
186400,21.696,24.8
186500,21.696,24.8
186600,21.696,24.8
186700,21.696,24.8
186800,21.696,24.8
186900,21.696,24.8
187000,21.696,24.8
187100,21.696,24.8
187200,21.696,24.8
187300,21.696,24.8
187400,21.696,24.8
187500,21.696,24.8
187600,21.696,24.8
187700,21.696,24.8
187800,21.696,24.8
187900,21.696,24.8
188000,21.696,24.8
188100,21.696,24.8
188200,21.696,24.8
188300,21.696,24.8
188400,21.696,24.8
188500,21.696,24.8
188600,21.696,24.8
188700,21.696,24.8
188800,21.696,24.8
188900,21.696,24.8
189000,21.696,24.8
189100,21.696,24.8
189200,21.696,24.8
189300,21.696,24.8
189400,21.696,24.8
189500,21.696,24.8
189600,21.696,24.8
189700,21.696,24.8
189800,21.696,24.8
189900,21.696,24.8
190000,21.696,24.8
190100,21.696,24.8
190200,21.696,24.8
190300,21.696,24.8
190400,21.696,24.8
190500,21.696,24.8
190600,21.696,24.8
190700,21.696,24.8
190800,21.696,24.8
190900,21.696,24.8
191000,21.696,24.8
191100,21.696,24.8
191200,21.696,24.8
191300,21.696,24.8
191400,21.696,24.8
191500,21.696,24.8
191600,21.696,24.8
191700,21.696,24.8
191800,21.696,24.8
191900,21.696,24.8
192000,21.696,24.8
192100,21.696,24.8
192200,21.696,24.8
192300,21.696,24.8
192400,21.696,24.8
192500,21.696,24.8
192600,21.696,24.8
192700,21.696,24.8
192800,21.696,24.8
192900,21.696,24.8
193000,21.696,24.8
193100,21.696,24.8
193200,21.696,24.8
193300,21.696,24.8
193400,21.696,24.8
193500,21.695999999999998,24.8
193600,21.695999999999998,24.8
193700,21.695999999999998,24.8
193800,21.695999999999998,24.8
193900,21.695999999999998,24.8
194000,21.695999999999998,24.8
194100,21.695999999999998,24.8
194200,21.695999999999998,24.8
194300,21.695999999999998,24.8
194400,21.695999999999998,24.8
194500,21.695999999999998,24.8
194600,21.695999999999998,24.8
194700,21.695999999999998,24.8
194800,21.695999999999998,24.8
194900,21.695999999999998,24.8
195000,21.695999999999998,24.8
195100,21.695999999999998,24.8
195200,21.695999999999998,24.8
195300,21.695999999999998,24.8
195400,21.695999999999998,24.8
195500,21.695999999999998,24.8
195600,21.695999999999998,24.8
195700,21.695999999999998,24.8
195800,21.695999999999998,24.8
195900,21.695999999999998,24.8
196000,21.695999999999998,24.8
196100,21.695999999999998,24.8
196200,21.695999999999998,24.8
196300,21.695999999999998,24.8
196400,21.695999999999998,24.8
196500,21.695999999999998,24.8
196600,21.695999999999998,24.8
196700,21.695999999999998,24.8
196800,21.695999999999998,24.8
196900,21.695999999999998,24.8
197000,21.695999999999998,24.8
197100,21.695999999999998,24.8
197200,21.695999999999998,24.8
197300,21.695999999999998,24.8
197400,21.695999999999998,24.8
197500,21.695999999999998,24.8
197600,21.695999999999998,24.8
197700,21.695999999999998,24.8
197800,21.695999999999998,24.8
197900,21.695999999999998,24.8
198000,21.695999999999998,24.8
198100,21.695999999999998,24.8
198200,21.695999999999998,24.8
198300,21.695999999999998,24.8
198400,21.695999999999998,24.8
198500,21.695999999999998,24.8
198600,21.695999999999998,24.8
198700,21.695999999999998,24.8
198800,21.695999999999998,24.8
198900,21.695999999999998,24.8
199000,21.695999999999998,24.8
199100,21.695999999999998,24.8
199200,21.695999999999998,24.8
199300,21.695999999999998,24.8
199400,21.695999999999998,24.8
199500,21.695999999999998,24.8
199600,21.695999999999998,24.8
199700,21.695999999999998,24.8
199800,21.695999999999998,24.8
199900,21.695999999999998,24.8
199999,21.695999999999998,24.8

START ALGORITHM
h2: (-a35) * (-b45)
h11: (a51 + a21) * (-b41 - b55)
h16: (-a14 - a15) * (-b55 - b45 - b33)
h17: (a43) * (b31 + b14 - b21 - b15)
h26: (-a13) * (b54)
h28: (-a45) * (b14)
h36: (-a22) * (b45)
h39: (-a22) * (-b24)
h55: (a13) * (b23 - b24)
h60: (a21 - a43) * (-b35)
h63: (a14) * (b33 + b44 - b35 - b35 - b32 - b22)
h64: (-a31) * (b22)
h77: (-a24) * (b43 + b13 + b54 - b21 - b11 - b23)
h78: (-a22) * (b15 + b24 + b11 - b33 - b21 - b15 - b35 - b25)
h82: (a22) * (b22)
h86: (a52) * (-b14)
h88: (a42) * (b43)
h89: (-a21) * (b34 - b43)
h90: (a44) * (b51)
h94: (a34) * (b32)
h95: (a24) * (b33 + b21 + b14 + b21 + b44 - b55 - b55 - b44 - b31 - b21)
h96: (-a12) * (b21 + b43 + b12 + b21 - b34)
h100: (-a51) * (-b12)
h101: (-a41) * (b34)
h105: (a42) * (b43 + b51)
h106: (a45 - a55) * (b43 + b44 + b21 + b12 - b11)
h108: (a35) * (-b54)
h115: (-a32) * (-b52)
h117: (a21) * (b51 - b55 - b35)
h119: (a22) * (-b12)
h130: (a44 - a34) * (-b55)
h135: (-a43) * (b54 - b24 - b24)
h156: (a51 + a34) * (b32 + b33 + b25)
h161: (-a13) * (b15)
h211: (a51) * (b15 + b55 + b25 - b13 - b23)
h235: (-a52 - a24) * (-b41)
h237: (-a53) * (b43 + b45)
h243: (a45 + a13) * (b14 - b31)
h416: (-a21) * (b25)
h426: (-a13) * (b14)
h585: (a13) * (b24)
h1406: (-a43) * (-b43 - b31)
h12591: (-a52) * (b15)
h12777: (-a33) * (b14 - b41)
h16573: (a23) * (-b44)
h18138: (-a33) * (b54)
h18595: (a34) * (b25)
h24507: (a31 - a35) * (b25)
h29934: (-a41) * (b51)
h33025: (a32) * (-b45 - b33)
h34470: (-a12) * (b23 + b11 + b34 + b31)
h34999: (-a54) * (b51 - b41)
h46653: (-a12) * (b24 + b31 + b55 - b34)
h62695: (a21) * (b25 + b45)
h83637: (a15) * (b22 + b13 + b53 - b24 - b35 - b44)
h83985: (a34) * (b24)
h97101: (a22 - a45) * (b43 - b31)
c11: - h26 - h88 
c12: h17 + h16573 - h95 - h585 
c13: h161 + h18595 + h106 - h83985 
c14: h100 + h119 + h211 
c15: h39 + h1406 + h119 + h12777 + h16573 + h62695 
c21: h29934 + h17 - h89 
c22: h78 + h78 + h11 
c23: h86 + h28 + h78 + h135 + h96 + h55 - h11 - h115 - h108 
c24: h119 + h237 
c25: h90 + h117 
c31: h117 + h28 - h117 - h17 - h97101 
c32: h426 - h94 
c33: h55 + h108 + h60 + h86 + h90 + h83637 - h105 - h237 
c34: h12591 + h64 - h63 
c35: h416 + h64 
c41: h235 + h106 
c42: h78 - h106 - h12591 
c43: h96 + h78 + h108 
c44: h82 + h95 + h16 + h34999 - h119 - h26 
c45: h34470 + h28 - h18138 - h33025 
c51: h36 + h106 + h46653 + h100 - h77 - h130 - h243 
c52: h64 + h63 + h86 + h161 + h156 + h34470 
c53: h101 + h64 + h82 + h78 - h24507 
c54: h2 + h211 + h12777 - h16 
c55: h64 + h16573 - h96 
