0,146.71999999999997,24.8
100,104.768,25
200,84.696,24.8
300,71.016,25
400,65.728,25
500,60.088,25
600,55.488,25
700,52.576,25
800,50.912,25
900,49.65599999999999,25
1000,48.57600000000001,25
1100,47.327999999999996,24.6
1200,46.959999999999994,24.6
1300,46.48,24.6
1400,44.68,24.8
1500,43.215999999999994,24.8
1600,42.2,24.8
1700,41.25600000000001,24.8
1800,39.848,24.8
1900,38.528,24.8
2000,38.528,24.8
2100,38.232,24.8
2200,37.728,24.8
2300,37.096000000000004,24.8
2400,35.712,24.8
2500,35.712,24.8
2600,35.712,24.8
2700,35.024,24.8
2800,34.312,24.8
2900,34.312,24.8
3000,33.768,24.8
3100,33.712,24.8
3200,33.248000000000005,24.8
3300,32.648,24.8
3400,32.6,24.8
3500,32.6,24.8
3600,32.224,24.8
3700,32.224,24.8
3800,32,24.6
3900,31.631999999999998,24.6
4000,31.52,24.6
4100,31.344,24.4
4200,30.8,24.6
4300,30.68,24.6
4400,30.616000000000003,24.6
4500,30.088000000000005,24.6
4600,30.088000000000005,24.6
4700,29.8,24.6
4800,29.8,24.6
4900,29.192,24.6
5000,29.192,24.6
5100,29.176,24.4
5200,28.824,24.4
5300,28.824,24.4
5400,28.327999999999996,24.4
5500,28.327999999999996,24.4
5600,28.327999999999996,24.4
5700,28.327999999999996,24.4
5800,28.327999999999996,24.4
5900,28.327999999999996,24.4
6000,28.327999999999996,24.4
6100,28.327999999999996,24.4
6200,28.327999999999996,24.4
6300,28.327999999999996,24.4
6400,28.327999999999996,24.4
6500,28.327999999999996,24.4
6600,27.704,24.2
6700,27.704,24.2
6800,27.704,24.2
6900,27.704,24.2
7000,27.447999999999997,24.2
7100,27.375999999999998,24.2
7200,27.375999999999998,24.2
7300,27.375999999999998,24.2
7400,27.375999999999998,24.2
7500,27.375999999999998,24.2
7600,27.375999999999998,24.2
7700,27.375999999999998,24.2
7800,27.375999999999998,24.2
7900,27.375999999999998,24.2
8000,27.375999999999998,24.2
8100,27.375999999999998,24.2
8200,27.375999999999998,24.2
8300,27.375999999999998,24.2
8400,27.071999999999996,24.2
8500,27.071999999999996,24.2
8600,27.071999999999996,24.2
8700,27.071999999999996,24.2
8800,27.071999999999996,24.2
8900,27.071999999999996,24.2
9000,27.071999999999996,24.2
9100,27.071999999999996,24.2
9200,27.071999999999996,24.2
9300,27.071999999999996,24.2
9400,27.071999999999996,24.2
9500,27.071999999999996,24.2
9600,27.071999999999996,24.2
9700,27.071999999999996,24.2
9800,27.071999999999996,24.2
9900,26.872000000000003,24.2
10000,26.872000000000003,24.2
10100,26.872000000000003,24.2
10200,26.872000000000003,24.2
10300,26.872000000000003,24.2
10400,26.872000000000003,24.2
10500,26.872000000000003,24.2
10600,26.872000000000003,24.2
10700,26.872000000000003,24.2
10800,26.872000000000003,24.2
10900,26.872000000000003,24.2
11000,26.872000000000003,24.2
11100,26.872000000000003,24.2
11200,26.872000000000003,24.2
11300,26.872000000000003,24.2
11400,26.872000000000003,24.2
11500,26.872000000000003,24.2
11600,26.872000000000003,24.2
11700,26.872000000000003,24.2
11800,26.872000000000003,24.2
11900,26.872000000000003,24.2
12000,26.872000000000003,24.2
12100,26.872000000000003,24.2
12200,26.872000000000003,24.2
12300,26.872000000000003,24.2
12400,26.872000000000003,24.2
12500,26.552000000000003,24.2
12600,26.552000000000003,24.2
12700,26.552000000000003,24.2
12800,26.552000000000003,24.2
12900,26.552000000000003,24.2
13000,26.552000000000003,24.2
13100,26.552000000000003,24.2
13200,26.552000000000003,24.2
13300,26.552000000000003,24.2
13400,26.552000000000003,24.2
13500,26.552000000000003,24.2
13600,26.552000000000003,24.2
13700,26.552000000000003,24.2
13800,26.552000000000003,24.2
13900,26.552000000000003,24.2
14000,26.552000000000003,24.2
14100,26.552000000000003,24.2
14200,26.544,24
14300,26.544,24
14400,26.544,24
14500,26.544,24
14600,26.544,24
14700,26.511999999999993,24
14800,26.511999999999993,24
14900,26.511999999999993,24
15000,26.511999999999993,24
15100,26.511999999999993,24
15200,26.511999999999993,24
15300,26.511999999999993,24
15400,26.511999999999993,24
15500,26.511999999999993,24
15600,26.511999999999993,24
15700,26.511999999999993,24
15800,26.511999999999993,24
15900,26.511999999999993,24
16000,26.511999999999993,24
16100,26.511999999999993,24
16200,26.504,24
16300,26.504,24
16400,26.504,24
16500,26.504,24
16600,26.504,24
16700,26.504,24
16800,26.264000000000003,24
16900,26.264000000000003,24
17000,26.264000000000003,24
17100,26.264000000000003,24
17200,26.176,24
17300,26.176,24
17400,26.176,24
17500,26.176,24
17600,26.176,24
17700,26.176,24
17800,26.176,24
17900,26.176,24
18000,26.176,24
18100,26.176,24
18200,26.176,24
18300,26.176,24
18400,26.159999999999997,24
18500,26.159999999999997,24
18600,26.159999999999997,24
18700,26.159999999999997,24
18800,26.159999999999997,24
18900,25.887999999999998,24
19000,25.887999999999998,24
19100,25.543999999999997,24
19200,25.215999999999998,24
19300,25.208,24
19400,24.991999999999997,24
19500,24.991999999999997,24
19600,24.815999999999995,24.2
19700,24.815999999999995,24.2
19800,24.456,24.2
19900,24.232,24.2
20000,24.232,24.2
20100,24.232,24.2
20200,24.232,24.2
20300,24.232,24.2
20400,24.232,24.2
20500,24.232,24.2
20600,24.232,24.2
20700,24.232,24.2
20800,24.232,24.2
20900,24.232,24.2
21000,24.232,24.2
21100,24.232,24.2
21200,24.16,24.4
21300,24.16,24.4
21400,24.16,24.4
21500,24.16,24.4
21600,23.96,24.4
21700,23.96,24.4
21800,23.44,24.4
21900,23.44,24.4
22000,23.44,24.4
22100,23.44,24.4
22200,23.44,24.4
22300,23.44,24.4
22400,23.44,24.4
22500,23.44,24.4
22600,23.44,24.4
22700,23.44,24.4
22800,23.44,24.4
22900,23.44,24.4
23000,23.44,24.4
23100,23.44,24.4
23200,23.44,24.4
23300,23.44,24.4
23400,23.44,24.4
23500,23.44,24.4
23600,23.44,24.4
23700,23.44,24.4
23800,23.44,24.4
23900,23.44,24.4
24000,23.44,24.4
24100,23.44,24.4
24200,23.44,24.4
24300,23.44,24.4
24400,23.44,24.4
24500,23.44,24.4
24600,23.44,24.4
24700,23.44,24.4
24800,23.296000000000003,24.4
24900,23.296000000000003,24.4
25000,23.296000000000003,24.4
25100,23.296000000000003,24.4
25200,23.296000000000003,24.4
25300,23.296000000000003,24.4
25400,23.296000000000003,24.4
25500,23.176,24.4
25600,23.176,24.4
25700,23.176,24.4
25800,23.176,24.4
25900,23.176,24.4
26000,23.176,24.4
26100,23.176,24.4
26200,23.176,24.4
26300,23.176,24.4
26400,23.176,24.4
26500,23.176,24.4
26600,23.176,24.4
26700,23.176,24.4
26800,23.176,24.4
26900,23.176,24.4
27000,23.176,24.4
27100,23.176,24.4
27200,23.176,24.4
27300,23.176,24.4
27400,23.176,24.4
27500,23.176,24.4
27600,23.176,24.4
27700,23.176,24.4
27800,23.176,24.4
27900,23.176,24.4
28000,23.176,24.4
28100,23.176,24.4
28200,23.176,24.4
28300,23.176,24.4
28400,23.176,24.4
28500,23.176,24.4
28600,23.176,24.4
28700,23.176,24.4
28800,23.176,24.4
28900,23.176,24.4
29000,23.176,24.4
29100,23.176,24.4
29200,23.176,24.4
29300,23.176,24.4
29400,23.176,24.4
29500,23.176,24.4
29600,23.176,24.4
29700,23.176,24.4
29800,23.176,24.4
29900,23.176,24.4
30000,23.176,24.4
30100,23.176,24.4
30200,23.176,24.4
30300,23.176,24.4
30400,23.176,24.4
30500,23.176,24.4
30600,23.176,24.4
30700,23.176,24.4
30800,23.176,24.4
30900,23.176,24.4
31000,23.176,24.4
31100,23.176,24.4
31200,23.176,24.4
31300,23.176,24.4
31400,23.176,24.4
31500,23.176,24.4
31600,23.128,24.4
31700,23.128,24.4
31800,23.127999999999997,24.6
31900,23.127999999999997,24.6
32000,23.127999999999997,24.6
32100,23.127999999999997,24.6
32200,23.127999999999997,24.6
32300,23.127999999999997,24.6
32400,23.127999999999997,24.6
32500,23.127999999999997,24.6
32600,23.127999999999997,24.6
32700,23.127999999999997,24.6
32800,23.127999999999997,24.6
32900,23.088,24.6
33000,23.088,24.6
33100,23.088,24.6
33200,23.088,24.6
33300,23.088,24.6
33400,23.088,24.6
33500,23.080000000000002,24.6
33600,23.080000000000002,24.6
33700,23.080000000000002,24.6
33800,23.032,24.6
33900,23.032,24.6
34000,23.032,24.6
34100,23.032,24.6
34200,23.032,24.6
34300,23.032,24.6
34400,23.032,24.6
34500,23.032,24.6
34600,23.032,24.6
34700,23.032,24.6
34800,23.032,24.6
34900,22.887999999999998,24.6
35000,22.887999999999998,24.6
35100,22.887999999999998,24.6
35200,22.887999999999998,24.6
35300,22.887999999999998,24.6
35400,22.887999999999998,24.6
35500,22.887999999999998,24.6
35600,22.887999999999998,24.6
35700,22.887999999999998,24.6
35800,22.887999999999998,24.6
35900,22.887999999999998,24.6
36000,22.887999999999998,24.6
36100,22.887999999999998,24.6
36200,22.663999999999998,24.6
36300,21.816,24.6
36400,21.816,24.6
36500,21.816,24.6
36600,21.616000000000003,24.6
36700,21.616000000000003,24.6
36800,21.464000000000002,24.6
36900,21.464000000000002,24.6
37000,21.464000000000002,24.6
37100,21.464000000000002,24.6
37200,21.464000000000002,24.6
37300,21.464000000000002,24.6
37400,21.464000000000002,24.6
37500,21.464000000000002,24.6
37600,21.464000000000002,24.6
37700,21.464000000000002,24.6
37800,21.464000000000002,24.6
37900,21.464000000000002,24.6
38000,21.464000000000002,24.6
38100,21.464000000000002,24.6
38200,21.464000000000002,24.6
38300,21.464000000000002,24.6
38400,21.464000000000002,24.6
38500,21.464000000000002,24.6
38600,21.439999999999998,24.2
38700,21.439999999999998,24.2
38800,21.439999999999998,24.2
38900,21.439999999999998,24.2
39000,21.439999999999998,24.2
39100,21.439999999999998,24.2
39200,21.439999999999998,24.2
39300,21.28,24.2
39400,21.28,24.2
39500,21.28,24.2
39600,21.28,24.2
39700,21.28,24.2
39800,21.28,24.2
39900,21.28,24.2
40000,21.28,24.2
40100,21.272000000000002,24.2
40200,21.272000000000002,24.2
40300,21.272000000000002,24.2
40400,21.272000000000002,24.2
40500,21.272000000000002,24.2
40600,21.272000000000002,24.2
40700,21.272000000000002,24.2
40800,21.272000000000002,24.2
40900,21.272000000000002,24.2
41000,21.272000000000002,24.2
41100,21.272000000000002,24.2
41200,21.232,24.6
41300,21.232,24.6
41400,21.232,24.6
41500,21.232,24.6
41600,21.232,24.6
41700,21.232,24.6
41800,21.232,24.6
41900,21.232,24.6
42000,21.232,24.6
42100,21.232,24.6
42200,21.232,24.6
42300,21.232,24.6
42400,21.232,24.6
42500,21.232,24.6
42600,21.152,24.6
42700,21.152,24.6
42800,21.152,24.6
42900,21.152,24.6
43000,21.152,24.6
43100,21.152,24.6
43200,21.152,24.6
43300,21.152,24.6
43400,21.152,24.6
43500,21.152,24.6
43600,21.152,24.6
43700,21.152,24.6
43800,21.152,24.6
43900,21.152,24.6
44000,21.152,24.6
44100,21.152,24.6
44200,21.152,24.6
44300,21.152,24.6
44400,21.152,24.6
44500,21.152,24.6
44600,21.152,24.6
44700,21.04,24.6
44800,21.04,24.6
44900,20.968,24.6
45000,20.968,24.6
45100,20.968,24.6
45200,20.8,24.6
45300,19.672000000000004,24.6
45400,19.672000000000004,24.6
45500,19.672000000000004,24.6
45600,19.552,24.6
45700,19.552,24.6
45800,19.552,24.6
45900,19.552,24.6
46000,19.552,24.6
46100,19.552,24.6
46200,19.552,24.6
46300,19.552,24.6
46400,19.552,24.6
46500,19.552,24.6
46600,19.552,24.6
46700,19.552,24.6
46800,19.552,24.6
46900,19.552,24.6
47000,19.552,24.6
47100,19.552,24.6
47200,19.552,24.6
47300,19.552,24.6
47400,19.552,24.6
47500,19.552,24.6
47600,19.552,24.6
47700,19.552,24.6
47800,19.552,24.6
47900,19.008000000000003,24.6
48000,19.008000000000003,24.6
48100,19.008000000000003,24.6
48200,19.008000000000003,24.6
48300,19.008000000000003,24.6
48400,19.008000000000003,24.6
48500,19.008000000000003,24.6
48600,19.008000000000003,24.6
48700,19.008000000000003,24.6
48800,19.008000000000003,24.6
48900,19.008000000000003,24.6
49000,19.008000000000003,24.6
49100,19.008000000000003,24.6
49200,19.008000000000003,24.6
49300,19.008000000000003,24.6
49400,19.008000000000003,24.6
49500,19.008000000000003,24.6
49600,19.008000000000003,24.6
49700,18.983999999999998,24.6
49800,18.983999999999998,24.6
49900,18.983999999999998,24.6
50000,18.983999999999998,24.6
50100,18.983999999999998,24.6
50200,18.983999999999998,24.6
50300,18.983999999999998,24.6
50400,18.983999999999998,24.6
50500,18.983999999999998,24.6
50600,18.983999999999998,24.6
50700,18.983999999999998,24.6
50800,18.983999999999998,24.6
50900,18.983999999999998,24.6
51000,18.983999999999998,24.6
51100,18.983999999999998,24.6
51200,18.983999999999998,24.6
51300,18.983999999999998,24.6
51400,18.983999999999998,24.6
51500,18.983999999999998,24.6
51600,18.983999999999998,24.6
51700,18.983999999999998,24.6
51800,18.744,24.8
51900,18.744,24.8
52000,18.744,24.8
52100,18.6,24.8
52200,18.6,24.8
52300,18.6,24.8
52400,18.503999999999998,24.8
52500,18.503999999999998,24.8
52600,18.503999999999998,24.8
52700,18.503999999999998,24.8
52800,18.503999999999998,24.8
52900,18.503999999999998,24.8
53000,18.44,24.8
53100,18.44,24.8
53200,18.44,24.8
53300,18.44,24.8
53400,18.44,24.8
53500,18.44,24.8
53600,18.44,24.8
53700,18.44,24.8
53800,18.432,24.8
53900,18.432,24.8
54000,18.432,24.8
54100,18.432,24.8
54200,18.432,24.8
54300,18.432,24.8
54400,18.432,24.8
54500,18.432,24.8
54600,18.432,24.8
54700,18.351999999999997,24.8
54800,18.351999999999997,24.8
54900,18.351999999999997,24.8
55000,18.351999999999997,24.8
55100,18.351999999999997,24.8
55200,18.351999999999997,24.8
55300,18.351999999999997,24.8
55400,18.351999999999997,24.8
55500,18.351999999999997,24.8
55600,18.351999999999997,24.8
55700,17.880000000000003,24.8
55800,17.872,24.8
55900,17.872,24.8
56000,17.872,24.8
56100,17.872,24.8
56200,17.872,24.8
56300,17.872,24.8
56400,17.872,24.8
56500,17.688,24.6
56600,17.688,24.6
56700,17.688,24.6
56800,17.688,24.6
56900,17.688,24.6
57000,17.688,24.6
57100,17.688,24.6
57200,17.688,24.6
57300,17.688,24.6
57400,17.688,24.6
57500,17.688,24.6
57600,17.688,24.6
57700,17.639999999999997,24.6
57800,17.631999999999998,24.6
57900,17.616,24.8
58000,17.616,24.8
58100,17.616,24.8
58200,17.616,24.8
58300,17.616,24.8
58400,17.616,24.8
58500,17.616,24.8
58600,17.616,24.8
58700,17.616,24.8
58800,17.616,24.8
58900,17.616,24.8
59000,17.616,24.8
59100,17.616,24.8
59200,17.616,24.8
59300,17.616,24.8
59400,17.616,24.8
59500,17.544,24.8
59600,17.496000000000002,24.8
59700,17.496000000000002,24.8
59800,17.496000000000002,24.8
59900,17.496000000000002,24.8
60000,17.496000000000002,24.8
60100,16.856,24.4
60200,16.856,24.4
60300,16.856,24.4
60400,16.856,24.4
60500,16.856,24.4
60600,16.856,24.4
60700,16.856,24.4
60800,16.856,24.4
60900,16.856,24.4
61000,16.856,24.4
61100,16.856,24.4
61200,16.856,24.4
61300,16.856,24.4
61400,16.856,24.4
61500,16.832,24.4
61600,16.832,24.4
61700,16.832,24.4
61800,16.832,24.4
61900,16.832,24.4
62000,16.768,24.4
62100,16.768,24.4
62200,16.768,24.4
62300,16.768,24.4
62400,16.768,24.4
62500,16.768,24.4
62600,16.768,24.4
62700,16.768,24.4
62800,16.768,24.4
62900,16.768,24.4
63000,16.768,24.4
63100,16.768,24.4
63200,16.768,24.4
63300,16.768,24.4
63400,16.768,24.4
63500,16.768,24.4
63600,16.768,24.4
63700,16.768,24.4
63800,16.768,24.4
63900,16.768,24.4
64000,16.768,24.4
64100,16.768,24.4
64200,16.768,24.4
64300,16.768,24.4
64400,16.768,24.4
64500,16.768,24.4
64600,16.768,24.4
64700,16.768,24.4
64800,16.768,24.4
64900,16.768,24.4
65000,16.768,24.4
65100,16.768,24.4
65200,16.768,24.4
65300,16.768,24.4
65400,16.768,24.4
65500,16.768,24.4
65600,16.768,24.4
65700,16.768,24.4
65800,16.768,24.4
65900,16.768,24.4
66000,16.631999999999998,24.6
66100,16.631999999999998,24.6
66200,16.472,24.6
66300,16.472,24.6
66400,16.472,24.6
66500,16.472,24.6
66600,16.472,24.6
66700,16.472,24.6
66800,16.472,24.6
66900,16.472,24.6
67000,16.472,24.6
67100,16.472,24.6
67200,16.472,24.6
67300,16.472,24.6
67400,16.472,24.6
67500,16.472,24.6
67600,16.472,24.6
67700,16.472,24.6
67800,16.472,24.6
67900,16.312,24.6
68000,16.312,24.6
68100,16.312,24.6
68200,16.312,24.6
68300,16.312,24.6
68400,16.312,24.6
68500,16.312,24.6
68600,16.256,24.6
68700,16.256,24.6
68800,16.256,24.6
68900,16.256,24.6
69000,16.256,24.6
69100,16.256,24.6
69200,16.256,24.6
69300,16.256,24.6
69400,16.256,24.6
69500,16.256,24.6
69600,16.256,24.6
69700,16.256,24.6
69800,16.256,24.6
69900,16.256,24.6
70000,16.256,24.6
70100,16.256,24.6
70200,16.256,24.6
70300,16.256,24.6
70400,16.256,24.6
70500,16.256,24.6
70600,16.256,24.6
70700,16.256,24.6
70800,16.256,24.6
70900,16.256,24.6
71000,16.256,24.6
71100,16.256,24.6
71200,16.256,24.6
71300,16.256,24.6
71400,16.256,24.6
71500,16.256,24.6
71600,16.256,24.6
71700,16.256,24.6
71800,16.256,24.6
71900,16.256,24.6
72000,16.256,24.6
72100,16.256,24.6
72200,16.256,24.6
72300,16.256,24.6
72400,16.256,24.6
72500,16.256,24.6
72600,16.176,24.6
72700,16.176,24.6
72800,16.176,24.6
72900,16.176,24.6
73000,16.176,24.6
73100,16.176,24.6
73200,16.176,24.6
73300,16.176,24.6
73400,16.176,24.6
73500,16.176,24.6
73600,16.176,24.6
73700,16.176,24.6
73800,16.176,24.6
73900,16.176,24.6
74000,16.176,24.6
74100,16.176,24.6
74200,16.176,24.6
74300,16.176,24.6
74400,16.176,24.6
74500,16.176,24.6
74600,16.176,24.6
74700,16.176,24.6
74800,16.176,24.6
74900,16.176,24.6
75000,16.176,24.6
75100,16.176,24.6
75200,16.176,24.6
75300,16.176,24.6
75400,16.176,24.6
75500,16.176,24.6
75600,16.176,24.6
75700,16.176,24.6
75800,16.176,24.6
75900,16.176,24.6
76000,16.176,24.6
76100,16.176,24.6
76200,16.176,24.6
76300,16.176,24.6
76400,16.176,24.6
76500,16.176,24.6
76600,16.176,24.6
76700,16.176,24.6
76800,16.176,24.6
76900,16.16,24.6
77000,16.16,24.6
77100,16.16,24.6
77200,16.16,24.6
77300,16.16,24.6
77400,16.16,24.6
77500,16.16,24.6
77600,16.16,24.6
77700,16.16,24.6
77800,16.16,24.6
77900,16.16,24.6
78000,16.16,24.6
78100,16.16,24.6
78200,16.080000000000002,24.6
78300,16.080000000000002,24.6
78400,16.016,24.6
78500,16.016,24.6
78600,16.016,24.6
78700,16.016,24.6
78800,16.016,24.6
78900,16.016,24.6
79000,16.016,24.6
79100,16.016,24.6
79200,16.016,24.6
79300,16.016,24.6
79400,16.016,24.6
79500,16.016,24.6
79600,16.016,24.6
79700,16.016,24.6
79800,16.016,24.6
79900,16.016,24.6
80000,16.016,24.6
80100,16.016,24.6
80200,16.016,24.6
80300,16.016,24.6
80400,15.896,24.6
80500,15.896,24.6
80600,15.896,24.6
80700,15.896,24.6
80800,15.896,24.6
80900,15.896,24.6
81000,15.896,24.6
81100,15.751999999999999,24.6
81200,15.751999999999999,24.6
81300,15.751999999999999,24.6
81400,15.751999999999999,24.6
81500,15.751999999999999,24.6
81600,15.751999999999999,24.6
81700,15.751999999999999,24.6
81800,15.751999999999999,24.6
81900,15.751999999999999,24.6
82000,15.751999999999999,24.6
82100,15.751999999999999,24.6
82200,15.751999999999999,24.6
82300,15.744,24.6
82400,15.744,24.6
82500,15.744,24.6
82600,15.744,24.6
82700,15.744,24.6
82800,15.744,24.6
82900,15.744,24.6
83000,15.744,24.6
83100,15.744,24.6
83200,15.744,24.6
83300,15.744,24.6
83400,15.744,24.6
83500,15.744,24.6
83600,15.744,24.6
83700,15.744,24.6
83800,15.744,24.6
83900,15.744,24.6
84000,15.744,24.6
84100,15.744,24.6
84200,15.744,24.6
84300,15.744,24.6
84400,15.744,24.6
84500,15.744,24.6
84600,15.744,24.6
84700,15.744,24.6
84800,15.744,24.6
84900,15.744,24.6
85000,15.744,24.6
85100,15.744,24.6
85200,15.744,24.6
85300,15.744,24.6
85400,15.744,24.6
85500,15.744,24.6
85600,15.744,24.6
85700,15.744,24.6
85800,15.744,24.6
85900,15.744,24.6
86000,15.744,24.6
86100,15.744,24.6
86200,15.744,24.6
86300,15.744,24.6
86400,15.744,24.6
86500,15.744,24.6
86600,15.744,24.6
86700,15.744,24.6
86800,15.744,24.6
86900,15.744,24.6
87000,15.744,24.6
87100,15.744,24.6
87200,15.744,24.6
87300,15.744,24.6
87400,15.744,24.6
87500,15.744,24.6
87600,15.744,24.6
87700,15.744,24.6
87800,15.744,24.6
87900,15.744,24.6
88000,15.744,24.6
88100,15.744,24.6
88200,15.744,24.6
88300,15.744,24.6
88400,15.64,24.6
88500,15.64,24.6
88600,15.64,24.6
88700,15.64,24.6
88800,15.64,24.6
88900,15.64,24.6
89000,15.64,24.6
89100,15.64,24.6
89200,15.64,24.6
89300,15.64,24.6
89400,15.64,24.6
89500,15.64,24.6
89600,15.64,24.6
89700,15.64,24.6
89800,15.64,24.6
89900,15.64,24.6
90000,15.64,24.6
90100,15.64,24.6
90200,15.64,24.6
90300,15.64,24.6
90400,15.64,24.6
90500,15.64,24.6
90600,15.64,24.6
90700,15.64,24.6
90800,15.64,24.6
90900,15.64,24.6
91000,15.64,24.6
91100,15.64,24.6
91200,15.64,24.6
91300,15.64,24.6
91400,15.64,24.6
91500,15.64,24.6
91600,15.64,24.6
91700,15.591999999999999,24.6
91800,15.591999999999999,24.6
91900,15.591999999999999,24.6
92000,15.591999999999999,24.6
92100,15.591999999999999,24.6
92200,15.591999999999999,24.6
92300,15.591999999999999,24.6
92400,15.591999999999999,24.6
92500,15.591999999999999,24.6
92600,15.591999999999999,24.6
92700,15.591999999999999,24.6
92800,15.591999999999999,24.6
92900,15.591999999999999,24.6
93000,15.591999999999999,24.6
93100,15.591999999999999,24.6
93200,15.591999999999999,24.6
93300,15.591999999999999,24.6
93400,15.591999999999999,24.6
93500,15.591999999999999,24.6
93600,15.591999999999999,24.6
93700,15.591999999999999,24.6
93800,15.591999999999999,24.6
93900,15.591999999999999,24.6
94000,15.591999999999999,24.6
94100,15.591999999999999,24.6
94200,15.591999999999999,24.6
94300,15.591999999999999,24.6
94400,15.591999999999999,24.6
94500,15.591999999999999,24.6
94600,15.591999999999999,24.6
94700,15.591999999999999,24.6
94800,15.448000000000002,24.6
94900,15.448000000000002,24.6
95000,15.448000000000002,24.6
95100,15.448000000000002,24.6
95200,15.448000000000002,24.6
95300,15.448000000000002,24.6
95400,15.448000000000002,24.6
95500,15.448000000000002,24.6
95600,15.448000000000002,24.6
95700,15.448000000000002,24.6
95800,15.448000000000002,24.6
95900,15.448000000000002,24.6
96000,15.448000000000002,24.6
96100,15.448000000000002,24.6
96200,15.448000000000002,24.6
96300,15.448000000000002,24.6
96400,15.448000000000002,24.6
96500,15.448000000000002,24.6
96600,15.448000000000002,24.6
96700,15.448000000000002,24.6
96800,15.448000000000002,24.6
96900,15.448000000000002,24.6
97000,15.448000000000002,24.6
97100,15.448000000000002,24.6
97200,15.448000000000002,24.6
97300,15.448000000000002,24.6
97400,15.448000000000002,24.6
97500,15.448000000000002,24.6
97600,15.448000000000002,24.6
97700,15.448000000000002,24.6
97800,15.448000000000002,24.6
97900,15.448000000000002,24.6
98000,15.448000000000002,24.6
98100,15.448000000000002,24.6
98200,15.448000000000002,24.6
98300,15.448000000000002,24.6
98400,15.448000000000002,24.6
98500,15.448000000000002,24.6
98600,15.448000000000002,24.6
98700,15.448000000000002,24.6
98800,15.448000000000002,24.6
98900,15.448000000000002,24.6
99000,15.448000000000002,24.6
99100,15.448000000000002,24.6
99200,15.448000000000002,24.6
99300,15.448000000000002,24.6
99400,15.448000000000002,24.6
99500,15.448000000000002,24.6
99600,15.448000000000002,24.6
99700,15.448000000000002,24.6
99800,15.448000000000002,24.6
99900,15.448000000000002,24.6
100000,15.448000000000002,24.6
100100,15.448000000000002,24.6
100200,15.448000000000002,24.6
100300,15.448000000000002,24.6
100400,15.448000000000002,24.6
100500,15.448000000000002,24.6
100600,15.448000000000002,24.6
100700,15.448000000000002,24.6
100800,15.448000000000002,24.6
100900,15.448000000000002,24.6
101000,15.448000000000002,24.6
101100,15.448000000000002,24.6
101200,15.448000000000002,24.6
101300,15.448000000000002,24.6
101400,15.448000000000002,24.6
101500,15.448000000000002,24.6
101600,15.448000000000002,24.6
101700,15.448000000000002,24.6
101800,15.448000000000002,24.6
101900,15.448000000000002,24.6
102000,15.448000000000002,24.6
102100,15.448000000000002,24.6
102200,15.448000000000002,24.6
102300,15.448000000000002,24.6
102400,15.448000000000002,24.6
102500,15.448000000000002,24.6
102600,15.448000000000002,24.6
102700,15.448000000000002,24.6
102800,15.448000000000002,24.6
102900,15.448000000000002,24.6
103000,15.448000000000002,24.6
103100,15.448000000000002,24.6
103200,15.448000000000002,24.6
103300,15.448000000000002,24.6
103400,15.448000000000002,24.6
103500,15.448000000000002,24.6
103600,15.448000000000002,24.6
103700,15.448000000000002,24.6
103800,15.448000000000002,24.6
103900,15.440000000000001,24.6
104000,15.440000000000001,24.6
104100,15.440000000000001,24.6
104200,15.440000000000001,24.6
104300,15.440000000000001,24.6
104400,15.440000000000001,24.6
104500,15.440000000000001,24.6
104600,15.440000000000001,24.6
104700,15.440000000000001,24.6
104800,15.440000000000001,24.6
104900,15.440000000000001,24.6
105000,15.440000000000001,24.6
105100,15.440000000000001,24.6
105200,15.440000000000001,24.6
105300,15.440000000000001,24.6
105400,15.440000000000001,24.6
105500,15.440000000000001,24.6
105600,15.440000000000001,24.6
105700,15.440000000000001,24.6
105800,15.440000000000001,24.6
105900,15.440000000000001,24.6
106000,15.440000000000001,24.6
106100,15.440000000000001,24.6
106200,15.440000000000001,24.6
106300,15.440000000000001,24.6
106400,15.440000000000001,24.6
106500,15.440000000000001,24.6
106600,15.440000000000001,24.6
106700,15.440000000000001,24.6
106800,15.440000000000001,24.6
106900,15.440000000000001,24.6
107000,15.440000000000001,24.6
107100,15.440000000000001,24.6
107200,15.440000000000001,24.6
107300,15.440000000000001,24.6
107400,15.440000000000001,24.6
107500,15.440000000000001,24.6
107600,15.440000000000001,24.6
107700,15.440000000000001,24.6
107800,15.440000000000001,24.6
107900,15.440000000000001,24.6
108000,15.440000000000001,24.6
108100,15.440000000000001,24.6
108200,15.440000000000001,24.6
108300,15.440000000000001,24.6
108400,15.440000000000001,24.6
108500,15.440000000000001,24.6
108600,15.440000000000001,24.6
108700,15.440000000000001,24.6
108800,15.440000000000001,24.6
108900,15.440000000000001,24.6
109000,15.440000000000001,24.6
109100,15.440000000000001,24.6
109200,15.440000000000001,24.6
109300,15.440000000000001,24.6
109400,15.440000000000001,24.6
109500,15.440000000000001,24.6
109600,15.440000000000001,24.6
109700,15.440000000000001,24.6
109800,15.440000000000001,24.6
109900,15.440000000000001,24.6
110000,15.440000000000001,24.6
110100,15.440000000000001,24.6
110200,15.440000000000001,24.6
110300,15.440000000000001,24.6
110400,15.440000000000001,24.6
110500,15.440000000000001,24.6
110600,15.440000000000001,24.6
110700,15.440000000000001,24.6
110800,15.440000000000001,24.6
110900,15.440000000000001,24.6
111000,15.440000000000001,24.6
111100,15.440000000000001,24.6
111200,15.440000000000001,24.6
111300,15.440000000000001,24.6
111400,15.440000000000001,24.6
111500,15.440000000000001,24.6
111600,15.440000000000001,24.6
111700,15.440000000000001,24.6
111800,15.440000000000001,24.6
111900,15.440000000000001,24.6
112000,15.440000000000001,24.6
112100,15.440000000000001,24.6
112200,15.440000000000001,24.6
112300,15.440000000000001,24.6
112400,15.440000000000001,24.6
112500,15.440000000000001,24.6
112600,15.440000000000001,24.6
112700,15.440000000000001,24.6
112800,15.440000000000001,24.6
112900,15.431999999999999,24.6
113000,15.431999999999999,24.6
113100,15.431999999999999,24.6
113200,15.431999999999999,24.6
113300,15.431999999999999,24.6
113400,15.431999999999999,24.6
113500,15.431999999999999,24.6
113600,15.431999999999999,24.6
113700,15.431999999999999,24.6
113800,15.431999999999999,24.6
113900,15.431999999999999,24.6
114000,15.431999999999999,24.6
114100,15.431999999999999,24.6
114200,15.431999999999999,24.6
114300,15.431999999999999,24.6
114400,15.431999999999999,24.6
114500,15.431999999999999,24.6
114600,15.431999999999999,24.6
114700,15.431999999999999,24.6
114800,15.431999999999999,24.6
114900,15.431999999999999,24.6
115000,15.431999999999999,24.6
115100,15.431999999999999,24.6
115200,15.431999999999999,24.6
115300,15.431999999999999,24.6
115400,15.431999999999999,24.6
115500,15.376000000000001,24.6
115600,15.376000000000001,24.6
115700,15.376000000000001,24.6
115800,15.376000000000001,24.6
115900,15.376000000000001,24.6
116000,15.376000000000001,24.6
116100,15.376000000000001,24.6
116200,15.376000000000001,24.6
116300,15.376000000000001,24.6
116400,15.376000000000001,24.6
116500,15.376000000000001,24.6
116600,15.36,24.4
116700,15.36,24.4
116800,15.36,24.4
116900,15.36,24.4
117000,15.36,24.4
117100,15.36,24.4
117200,15.36,24.4
117300,15.36,24.4
117400,15.36,24.4
117500,15.36,24.4
117600,15.36,24.4
117700,15.36,24.4
117800,15.36,24.4
117900,15.36,24.4
118000,15.36,24.4
118100,15.36,24.4
118200,15.36,24.4
118300,15.36,24.4
118400,15.36,24.4
118500,15.36,24.4
118600,15.36,24.4
118700,15.36,24.4
118800,15.36,24.4
118900,15.36,24.4
119000,15.36,24.4
119100,15.36,24.4
119200,15.36,24.4
119300,15.36,24.4
119400,15.36,24.4
119500,15.36,24.4
119600,15.36,24.4
119700,15.36,24.4
119800,15.36,24.4
119900,15.36,24.4
120000,15.36,24.4
120100,15.36,24.4
120200,15.36,24.4
120300,15.36,24.4
120400,15.36,24.4
120500,15.36,24.4
120600,15.36,24.4
120700,15.36,24.4
120800,15.36,24.4
120900,15.36,24.4
121000,15.36,24.4
121100,15.36,24.4
121200,15.36,24.4
121300,15.36,24.4
121400,15.36,24.4
121500,15.36,24.4
121600,15.36,24.4
121700,15.36,24.4
121800,15.36,24.4
121900,15.36,24.4
122000,15.36,24.4
122100,15.36,24.4
122200,15.36,24.4
122300,15.36,24.4
122400,15.36,24.4
122500,15.36,24.4
122600,15.36,24.4
122700,15.36,24.4
122800,15.36,24.4
122900,15.36,24.4
123000,15.36,24.4
123100,15.36,24.4
123200,15.36,24.4
123300,15.36,24.4
123400,15.36,24.4
123500,15.36,24.4
123600,15.36,24.4
123700,15.36,24.4
123800,15.36,24.4
123900,15.36,24.4
124000,15.36,24.4
124100,15.36,24.4
124200,15.36,24.4
124300,15.36,24.4
124400,15.36,24.4
124500,15.36,24.4
124600,15.36,24.4
124700,15.36,24.4
124800,15.36,24.4
124900,15.36,24.4
125000,15.36,24.4
125100,15.36,24.4
125200,15.36,24.4
125300,15.36,24.4
125400,15.36,24.4
125500,15.36,24.4
125600,15.36,24.4
125700,15.36,24.4
125800,15.36,24.4
125900,15.36,24.4
126000,15.36,24.4
126100,15.36,24.4
126200,15.36,24.4
126300,15.36,24.4
126400,15.36,24.4
126500,15.36,24.4
126600,15.36,24.4
126700,15.36,24.4
126800,15.36,24.4
126900,15.36,24.4
127000,15.36,24.4
127100,15.36,24.4
127200,15.36,24.4
127300,15.36,24.4
127400,15.36,24.4
127500,15.36,24.4
127600,15.36,24.4
127700,15.36,24.4
127800,15.36,24.4
127900,15.36,24.4
128000,15.36,24.4
128100,15.36,24.4
128200,15.36,24.4
128300,15.36,24.4
128400,15.36,24.4
128500,15.36,24.4
128600,15.36,24.4
128700,15.36,24.4
128800,15.36,24.4
128900,15.36,24.4
129000,15.36,24.4
129100,15.36,24.4
129200,15.36,24.4
129300,15.36,24.4
129400,15.36,24.4
129500,15.36,24.4
129600,15.36,24.4
129700,15.36,24.4
129800,15.36,24.4
129900,15.36,24.4
130000,15.36,24.4
130100,15.36,24.4
130200,15.36,24.4
130300,15.36,24.4
130400,15.36,24.4
130500,15.36,24.4
130600,15.36,24.4
130700,15.36,24.4
130800,15.36,24.4
130900,15.36,24.4
131000,15.36,24.4
131100,15.36,24.4
131200,15.36,24.4
131300,15.36,24.4
131400,15.36,24.4
131500,15.36,24.4
131600,15.36,24.4
131700,15.36,24.4
131800,15.36,24.4
131900,15.36,24.4
132000,15.36,24.4
132100,15.36,24.4
132200,15.36,24.4
132300,15.36,24.4
132400,15.36,24.4
132500,15.36,24.4
132600,15.36,24.4
132700,15.36,24.4
132800,15.36,24.4
132900,15.36,24.4
133000,15.36,24.4
133100,15.36,24.4
133200,15.36,24.4
133300,15.36,24.4
133400,15.36,24.4
133500,15.36,24.4
133600,15.36,24.4
133700,15.36,24.4
133800,15.36,24.4
133900,15.36,24.4
134000,15.36,24.4
134100,15.352,24.6
134200,15.352,24.6
134300,15.352,24.6
134400,15.352,24.6
134500,15.352,24.6
134600,15.352,24.6
134700,15.352,24.6
134800,15.352,24.6
134900,15.352,24.6
135000,15.352,24.6
135100,15.352,24.6
135200,15.352,24.6
135300,15.352,24.6
135400,15.352,24.6
135500,15.352,24.6
135600,15.344,24.4
135700,15.344,24.4
135800,15.344,24.4
135900,15.264,24.6
136000,14.568000000000001,24.6
136100,14.568000000000001,24.6
136200,14.568000000000001,24.6
136300,14.568000000000001,24.6
136400,14.568000000000001,24.6
136500,14.544000000000002,24.4
136600,14.544000000000002,24.4
136700,14.544000000000002,24.4
136800,14.544000000000002,24.4
136900,14.544000000000002,24.4
137000,14.544000000000002,24.4
137100,14.544000000000002,24.4
137200,14.544000000000002,24.4
137300,14.544000000000002,24.4
137400,14.544000000000002,24.4
137500,14.544000000000002,24.4
137600,14.544000000000002,24.4
137700,14.52,24.6
137800,14.360000000000003,24.6
137900,14.360000000000003,24.6
138000,14.360000000000003,24.6
138100,14.360000000000003,24.6
138200,14.232,24.6
138300,14.232,24.6
138400,14.232,24.6
138500,14.232,24.6
138600,14.232,24.6
138700,14.232,24.6
138800,14.232,24.6
138900,14.232,24.6
139000,14.232,24.6
139100,14.232,24.6
139200,14.232,24.6
139300,14.232,24.6
139400,14.232,24.6
139500,14.232,24.6
139600,14.232,24.6
139700,14.232,24.6
139800,14.232,24.6
139900,14.232,24.6
140000,14.232,24.6
140100,14.232,24.6
140200,14.232,24.6
140300,14.232,24.6
140400,14.232,24.6
140500,14.232,24.6
140600,14.232,24.6
140700,14.232,24.6
140800,14.232,24.6
140900,14.232,24.6
141000,14.232,24.6
141100,14.232,24.6
141200,14.232,24.6
141300,14.232,24.6
141400,14.232,24.6
141500,14.232,24.6
141600,14.232,24.6
141700,14.232,24.6
141800,14.232,24.6
141900,14.232,24.6
142000,14.232,24.6
142100,14.232,24.6
142200,14.232,24.6
142300,14.232,24.6
142400,14.232,24.6
142500,14.232,24.6
142600,14.232,24.6
142700,14.232,24.6
142800,14.232,24.6
142900,14.232,24.6
143000,14.232,24.6
143100,14.232,24.6
143200,14.232,24.6
143300,14.232,24.6
143400,14.232,24.6
143500,14.232,24.6
143600,14.232,24.6
143700,14.232,24.6
143800,14.232,24.6
143900,14.232,24.6
144000,14.232,24.6
144100,14.232,24.6
144200,14.232,24.6
144300,14.232,24.6
144400,14.232,24.6
144500,14.232,24.6
144600,14.232,24.6
144700,14.232,24.6
144800,14.232,24.6
144900,14.232,24.6
145000,14.232,24.6
145100,14.232,24.6
145200,14.232,24.6
145300,14.232,24.6
145400,14.232,24.6
145500,14.232,24.6
145600,14.232,24.6
145700,14.232,24.6
145800,14.232,24.6
145900,14.232,24.6
146000,14.232,24.6
146100,14.232,24.6
146200,14.232,24.6
146300,14.232,24.6
146400,14.232,24.6
146500,14.232,24.6
146600,14.232,24.6
146700,14.232,24.6
146800,14.232,24.6
146900,14.232,24.6
147000,14.232,24.6
147100,14.232,24.6
147200,14.232,24.6
147300,14.232,24.6
147400,14.232,24.6
147500,14.232,24.6
147600,14.232,24.6
147700,14.232,24.6
147800,14.232,24.6
147900,14.232,24.6
148000,14.232,24.6
148100,14.232,24.6
148200,14.232,24.6
148300,14.232,24.6
148400,14.232,24.6
148500,14.232,24.6
148600,14.232,24.6
148700,14.232,24.6
148800,14.232,24.6
148900,14.232,24.6
149000,14.232,24.6
149100,14.232,24.6
149200,14.232,24.6
149300,14.232,24.6
149400,14.232,24.6
149500,14.232,24.6
149600,14.232,24.6
149700,14.232,24.6
149800,14.232,24.6
149900,14.232,24.6
150000,14.232,24.6
150100,14.232,24.6
150200,14.232,24.6
150300,14.232,24.6
150400,14.232,24.6
150500,14.232,24.6
150600,14.232,24.6
150700,14.232,24.6
150800,14.232,24.6
150900,14.232,24.6
151000,14.232,24.6
151100,14.232,24.6
151200,14.232,24.6
151300,14.232,24.6
151400,14.232,24.6
151500,14.232,24.6
151600,14.232,24.6
151700,14.232,24.6
151800,14.232,24.6
151900,14.232,24.6
152000,14.232,24.6
152100,14.232,24.6
152200,14.232,24.6
152300,14.232,24.6
152400,14.232,24.6
152500,14.232,24.6
152600,14.232,24.6
152700,14.232,24.6
152800,14.232,24.6
152900,14.232,24.6
153000,14.232,24.6
153100,14.232,24.6
153200,14.232,24.6
153300,14.232,24.6
153400,14.232,24.6
153500,14.232,24.6
153600,14.232,24.6
153700,14.232,24.6
153800,14.232,24.6
153900,14.232,24.6
154000,14.232,24.6
154100,14.232,24.6
154200,14.232,24.6
154300,14.232,24.6
154400,14.232,24.6
154500,14.232,24.6
154600,14.232,24.6
154700,14.232,24.6
154800,14.232,24.6
154900,14.232,24.6
155000,14.232,24.6
155100,14.232,24.6
155200,14.232,24.6
155300,14.232,24.6
155400,14.232,24.6
155500,14.232,24.6
155600,14.232,24.6
155700,14.232,24.6
155800,14.232,24.6
155900,14.232,24.6
156000,14.232,24.6
156100,14.232,24.6
156200,14.232,24.6
156300,14.232,24.6
156400,14.232,24.6
156500,14.232,24.6
156600,14.232,24.6
156700,14.232,24.6
156800,14.232,24.6
156900,13.776,24.6
157000,13.776,24.6
157100,13.776,24.6
157200,13.776,24.6
157300,13.776,24.6
157400,13.776,24.6
157500,13.776,24.6
157600,13.776,24.6
157700,13.776,24.6
157800,13.776,24.6
157900,13.776,24.6
158000,13.776,24.6
158100,13.776,24.6
158200,13.776,24.6
158300,13.776,24.6
158400,13.776,24.6
158500,13.776,24.6
158600,13.776,24.6
158700,13.776,24.6
158800,13.776,24.6
158900,13.776,24.6
159000,13.776,24.6
159100,13.776,24.6
159200,13.776,24.6
159300,13.776,24.6
159400,13.776,24.6
159500,13.776,24.6
159600,13.776,24.6
159700,13.776,24.6
159800,13.776,24.6
159900,13.776,24.6
160000,13.776,24.6
160100,13.776,24.6
160200,13.776,24.6
160300,13.776,24.6
160400,13.776,24.6
160500,13.776,24.6
160600,13.776,24.6
160700,13.776,24.6
160800,13.776,24.6
160900,13.776,24.6
161000,13.776,24.6
161100,13.776,24.6
161200,13.776,24.6
161300,13.776,24.6
161400,13.776,24.6
161500,13.776,24.6
161600,13.776,24.6
161700,13.776,24.6
161800,13.776,24.6
161900,13.776,24.6
162000,13.776,24.6
162100,13.776,24.6
162200,13.776,24.6
162300,13.776,24.6
162400,13.776,24.6
162500,13.776,24.6
162600,13.776,24.6
162700,13.776,24.6
162800,13.776,24.6
162900,13.776,24.6
163000,13.776,24.6
163100,13.776,24.6
163200,13.776,24.6
163300,13.776,24.6
163400,13.776,24.6
163500,13.776,24.6
163600,13.776,24.6
163700,13.776,24.6
163800,13.776,24.6
163900,13.776,24.6
164000,13.776,24.6
164100,13.776,24.6
164200,13.776,24.6
164300,13.776,24.6
164400,13.776,24.6
164500,13.776,24.6
164600,13.776,24.6
164700,13.776,24.6
164800,13.776,24.6
164900,13.776,24.6
165000,13.776,24.6
165100,13.776,24.6
165200,13.776,24.6
165300,13.776,24.6
165400,13.776,24.6
165500,13.776,24.6
165600,13.776,24.6
165700,13.776,24.6
165800,13.776,24.6
165900,13.776,24.6
166000,13.776,24.6
166100,13.776,24.6
166200,13.776,24.6
166300,13.776,24.6
166400,13.776,24.6
166500,13.776,24.6
166600,13.776,24.6
166700,13.776,24.6
166800,13.744,24.4
166900,13.744,24.4
167000,13.744,24.4
167100,13.744,24.4
167200,13.744,24.4
167300,13.744,24.4
167400,13.744,24.4
167500,13.744,24.4
167600,13.672,24.2
167700,13.672,24.2
167800,13.672,24.2
167900,13.672,24.2
168000,13.672,24.2
168100,13.672,24.2
168200,13.672,24.2
168300,13.672,24.2
168400,13.672,24.2
168500,13.672,24.2
168600,13.672,24.2
168700,13.672,24.2
168800,13.672,24.2
168900,13.672,24.2
169000,13.672,24.2
169100,13.672,24.2
169200,13.672,24.2
169300,13.672,24.2
169400,13.672,24.2
169500,13.672,24.2
169600,13.672,24.2
169700,13.672,24.2
169800,13.672,24.2
169900,13.672,24.2
170000,13.567999999999998,24
170100,13.567999999999998,24
170200,13.567999999999998,24
170300,13.567999999999998,24
170400,13.567999999999998,24
170500,13.567999999999998,24
170600,13.567999999999998,24
170700,13.567999999999998,24
170800,13.567999999999998,24
170900,13.567999999999998,24
171000,13.567999999999998,24
171100,13.567999999999998,24
171200,13.567999999999998,24
171300,13.567999999999998,24
171400,13.567999999999998,24
171500,13.567999999999998,24
171600,13.567999999999998,24
171700,13.567999999999998,24
171800,13.567999999999998,24
171900,13.567999999999998,24
172000,13.567999999999998,24
172100,13.567999999999998,24
172200,13.567999999999998,24
172300,13.567999999999998,24
172400,13.567999999999998,24
172500,13.567999999999998,24
172600,13.567999999999998,24
172700,13.567999999999998,24
172800,13.567999999999998,24
172900,13.567999999999998,24
173000,13.567999999999998,24
173100,13.567999999999998,24
173200,13.567999999999998,24
173300,13.567999999999998,24
173400,13.567999999999998,24
173500,13.567999999999998,24
173600,13.567999999999998,24
173700,13.567999999999998,24
173800,13.567999999999998,24
173900,13.567999999999998,24
174000,13.567999999999998,24
174100,13.567999999999998,24
174200,13.567999999999998,24
174300,13.567999999999998,24
174400,13.567999999999998,24
174500,13.567999999999998,24
174600,13.567999999999998,24
174700,13.567999999999998,24
174800,13.567999999999998,24
174900,13.567999999999998,24
175000,13.567999999999998,24
175100,13.567999999999998,24
175200,13.567999999999998,24
175300,13.567999999999998,24
175400,13.567999999999998,24
175500,13.567999999999998,24
175600,13.567999999999998,24
175700,13.567999999999998,24
175800,13.567999999999998,24
175900,13.567999999999998,24
176000,13.416,23.6
176100,13.303999999999998,24
176200,13.303999999999998,24
176300,13.152000000000001,24
176400,13.152000000000001,24
176500,13.152000000000001,24
176600,13.152000000000001,24
176700,13.152000000000001,24
176800,13.152000000000001,24
176900,13.152000000000001,24
177000,13.152000000000001,24
177100,13.152000000000001,24
177200,13.152000000000001,24
177300,13.152000000000001,24
177400,13.152000000000001,24
177500,12.968,23.8
177600,12.968,23.8
177700,12.968,23.8
177800,12.968,23.8
177900,12.936000000000002,23.6
178000,12.936000000000002,23.6
178100,12.936000000000002,23.6
178200,12.936000000000002,23.6
178300,12.936000000000002,23.6
178400,12.936000000000002,23.6
178500,12.936000000000002,23.6
178600,12.936000000000002,23.6
178700,12.936000000000002,23.6
178800,12.936000000000002,23.6
178900,12.936000000000002,23.6
179000,12.936000000000002,23.6
179100,12.936000000000002,23.6
179200,12.936000000000002,23.6
179300,12.936000000000002,23.6
179400,12.936000000000002,23.6
179500,12.936000000000002,23.6
179600,12.936000000000002,23.6
179700,12.936000000000002,23.6
179800,12.936000000000002,23.6
179900,12.936000000000002,23.6
180000,12.936000000000002,23.6
180100,12.936000000000002,23.6
180200,12.936000000000002,23.6
180300,12.936000000000002,23.6
180400,12.936000000000002,23.6
180500,12.936000000000002,23.6
180600,12.936000000000002,23.6
180700,12.936000000000002,23.6
180800,12.936000000000002,23.6
180900,12.936000000000002,23.6
181000,12.936000000000002,23.6
181100,12.936000000000002,23.6
181200,12.936000000000002,23.6
181300,12.936000000000002,23.6
181400,12.904,23.8
181500,12.904,23.8
181600,12.904,23.8
181700,12.904,23.8
181800,12.904,23.8
181900,12.904,23.8
182000,12.904,23.8
182100,12.904,23.8
182200,12.904,23.8
182300,12.904,23.8
182400,12.904,23.8
182500,12.904,23.8
182600,12.719999999999999,23.6
182700,12.719999999999999,23.6
182800,12.719999999999999,23.6
182900,12.719999999999999,23.6
183000,12.719999999999999,23.6
183100,12.719999999999999,23.6
183200,12.719999999999999,23.6
183300,12.719999999999999,23.6
183400,12.719999999999999,23.6
183500,12.719999999999999,23.6
183600,12.719999999999999,23.6
183700,12.719999999999999,23.6
183800,12.719999999999999,23.6
183900,12.719999999999999,23.6
184000,12.719999999999999,23.6
184100,12.719999999999999,23.6
184200,12.719999999999999,23.6
184300,12.719999999999999,23.6
184400,12.719999999999999,23.6
184500,12.719999999999999,23.6
184600,12.719999999999999,23.6
184700,12.719999999999999,23.6
184800,12.719999999999999,23.6
184900,12.719999999999999,23.6
185000,12.719999999999999,23.6
185100,12.719999999999999,23.6
185200,12.719999999999999,23.6
185300,12.719999999999999,23.6
185400,12.719999999999999,23.6
185500,12.719999999999999,23.6
185600,12.719999999999999,23.6
185700,12.719999999999999,23.6
185800,12.719999999999999,23.6
185900,12.719999999999999,23.6
186000,12.719999999999999,23.6
186100,12.719999999999999,23.6
186200,12.719999999999999,23.6
186300,12.719999999999999,23.6
186400,12.719999999999999,23.6
186500,12.719999999999999,23.6
186600,12.719999999999999,23.6
186700,12.719999999999999,23.6
186800,12.719999999999999,23.6
186900,12.719999999999999,23.6
187000,12.719999999999999,23.6
187100,12.719999999999999,23.6
187200,12.719999999999999,23.6
187300,12.719999999999999,23.6
187400,12.719999999999999,23.6
187500,12.719999999999999,23.6
187600,12.719999999999999,23.6
187700,12.719999999999999,23.6
187800,12.719999999999999,23.6
187900,12.719999999999999,23.6
188000,12.719999999999999,23.6
188100,12.719999999999999,23.6
188200,12.719999999999999,23.6
188300,12.719999999999999,23.6
188400,12.719999999999999,23.6
188500,12.719999999999999,23.6
188600,12.719999999999999,23.6
188700,12.719999999999999,23.6
188800,12.719999999999999,23.6
188900,12.719999999999999,23.6
189000,12.719999999999999,23.6
189100,12.719999999999999,23.6
189200,12.719999999999999,23.6
189300,12.719999999999999,23.6
189400,12.719999999999999,23.6
189500,12.719999999999999,23.6
189600,12.719999999999999,23.6
189700,12.719999999999999,23.6
189800,12.719999999999999,23.6
189900,12.719999999999999,23.6
190000,12.719999999999999,23.6
190100,12.719999999999999,23.6
190200,12.719999999999999,23.6
190300,12.719999999999999,23.6
190400,12.719999999999999,23.6
190500,12.719999999999999,23.6
190600,12.719999999999999,23.6
190700,12.719999999999999,23.6
190800,12.719999999999999,23.6
190900,12.719999999999999,23.6
191000,12.719999999999999,23.6
191100,12.719999999999999,23.6
191200,12.719999999999999,23.6
191300,12.719999999999999,23.6
191400,12.719999999999999,23.6
191500,12.719999999999999,23.6
191600,12.719999999999999,23.6
191700,12.719999999999999,23.6
191800,12.719999999999999,23.6
191900,12.719999999999999,23.6
192000,12.719999999999999,23.6
192100,12.719999999999999,23.6
192200,12.719999999999999,23.6
192300,12.719999999999999,23.6
192400,12.719999999999999,23.6
192500,12.719999999999999,23.6
192600,12.719999999999999,23.6
192700,12.719999999999999,23.6
192800,12.719999999999999,23.6
192900,12.719999999999999,23.6
193000,12.719999999999999,23.6
193100,12.719999999999999,23.6
193200,12.719999999999999,23.6
193300,12.719999999999999,23.6
193400,12.719999999999999,23.6
193500,12.719999999999999,23.6
193600,12.719999999999999,23.6
193700,12.719999999999999,23.6
193800,12.719999999999999,23.6
193900,12.719999999999999,23.6
194000,12.719999999999999,23.6
194100,12.719999999999999,23.6
194200,12.719999999999999,23.6
194300,12.719999999999999,23.6
194400,12.719999999999999,23.6
194500,12.719999999999999,23.6
194600,12.719999999999999,23.6
194700,12.719999999999999,23.6
194800,12.719999999999999,23.6
194900,12.719999999999999,23.6
195000,12.719999999999999,23.6
195100,12.719999999999999,23.6
195200,12.719999999999999,23.6
195300,12.719999999999999,23.6
195400,12.719999999999999,23.6
195500,12.719999999999999,23.6
195600,12.719999999999999,23.6
195700,12.719999999999999,23.6
195800,12.719999999999999,23.6
195900,12.719999999999999,23.6
196000,12.719999999999999,23.6
196100,12.719999999999999,23.6
196200,12.719999999999999,23.6
196300,12.719999999999999,23.6
196400,12.719999999999999,23.6
196500,12.719999999999999,23.6
196600,12.719999999999999,23.6
196700,12.719999999999999,23.6
196800,12.719999999999999,23.6
196900,12.719999999999999,23.6
197000,12.719999999999999,23.6
197100,12.719999999999999,23.6
197200,12.719999999999999,23.6
197300,12.719999999999999,23.6
197400,12.719999999999999,23.6
197500,12.719999999999999,23.6
197600,12.719999999999999,23.6
197700,12.719999999999999,23.6
197800,12.719999999999999,23.6
197900,12.719999999999999,23.6
198000,12.719999999999999,23.6
198100,12.719999999999999,23.6
198200,12.719999999999999,23.6
198300,12.719999999999999,23.6
198400,12.719999999999999,23.6
198500,12.719999999999999,23.6
198600,12.719999999999999,23.6
198700,12.719999999999999,23.6
198800,12.719999999999999,23.6
198900,12.719999999999999,23.6
199000,12.719999999999999,23.6
199100,12.719999999999999,23.6
199200,12.719999999999999,23.6
199300,12.719999999999999,23.6
199400,12.719999999999999,23.6
199500,12.719999999999999,23.6
199600,12.719999999999999,23.6
199700,12.719999999999999,23.6
199800,12.719999999999999,23.6
199900,12.719999999999999,23.6
199999,12.719999999999999,23.6

START ALGORITHM
h1: (a44 + a23 - a25) * (-b25)
h2: (-a34) * (b14)
h3: (a22 + a13 + a12 + a33 - a34 - a11) * (b33)
h4: (a44) * (b25 + b12 + b22 - b23)
h6: (a31 + a41 - a25) * (b34 + b43 - b34 - b11)
h10: (a34 - a31) * (b12 + b44 - b55)
h11: (-a15) * (b35 + b45 + b51)
h13: (a21 + a22 + a25 + a34 - a23 - a14) * (b35)
h15: (a24 + a34 - a51) * (b34 + b35 - b32 - b35)
h16: (a42 + a42 + a45) * (b32)
h17: (a44 + a35 + a21 - a53) * (b45 + b21 + b25 - b41)
h20: (a24 - a23 - a12 - a45) * (b43 + b22 + b32 + b54)
h22: (a11 + a42 + a52 + a14 - a42) * (b14 - b54)
h23: (a52 + a24 + a13 - a35 - a24) * (b32)
h26: (a44 + a24 + a25 - a53 - a33 - a23 - a51) * (b11)
h27: (a15 - a34 - a12) * (b44)
h28: (a24) * (b32 + b21)
h30: (a51 - a31 - a12 - a14 - a22) * (b52)
h32: (a51) * (b31 + b54 + b41)
h36: (a15 + a24 - a23 - a55) * (b45 + b45)
h37: (a51 - a24) * (b24)
h39: (a25 - a25 - a15) * (-b54 - b25 - b13)
h40: (a45) * (b15 - b33 - b25)
h41: (a21 - a42 - a15) * (b34 + b52)
h42: (a33 - a15) * (b41 + b31 + b25 - b52 - b31 - b13)
h43: (a44 - a51 - a33) * (b55 - b44 - b12)
h50: (a41 - a51 - a41) * (-b52 - b32)
h51: (-a54 - a13) * (b25 + b35 - b55 - b34)
h52: (a21 - a25) * (b53 + b13 - b44)
h55: (a31) * (-b44)
h58: (a53 + a31 + a33 - a45 - a34) * (b55 + b21 - b14)
h59: (a41) * (b51 + b51 + b51)
h63: (-a55 - a25 - a51 - a42) * (b21 + b54 - b21)
h65: (a14 - a21) * (b42 - b13 - b34)
h66: (a42 + a52 - a51 - a25) * (b14 - b45)
h67: (a41 - a52 - a54) * (b24)
h69: (a55 + a34) * (-b13)
h70: (a23 - a13 - a55 - a33) * (b34 - b11)
h71: (a51 - a55) * (b11 - b43 - b42)
h72: (-a11) * (b33 + b44 + b35 - b31 - b51)
h73: (a22 + a41 - a41 - a34) * (b23 - b31)
h74: (a25 - a55) * (-b32)
h76: (a45 + a34 + a41 - a22) * (-b41)
h77: (a25 - a43) * (b15)
h78: (a23 - a23 - a55) * (b45 + b12 - b52)
h84: (-a22) * (b21)
h86: (a51 - a43 - a54) * (b34)
h88: (a42 - a11) * (-b32)
h92: (-a35 - a31) * (b21 + b33 - b31)
h95: (a25 - a31) * (b43)
h96: (a35 - a32 - a12 - a23 - a23) * (-b25)
h98: (a25) * (-b41 - b44 - b51 - b11)
h101: (-a12) * (b13 + b43 - b33 - b15)
h103: (a42 + a24 - a35) * (-b23)
h105: (a43 - a25) * (-b44)
h106: (-a24 - a33) * (b31 + b44 + b25 - b45 - b51 - b53)
h107: (a31 + a42) * (b32)
h112: (a55 - a14) * (b14 - b22)
h113: (a52 + a12 + a12 - a21) * (b11)
h115: (-a52 - a55) * (b14 - b54 - b12)
h116: (a52 + a43 - a14 - a55 - a24 - a11) * (-b53)
h117: (a31 + a34 + a42 - a33 - a52) * (b21 + b52)
h119: (a24 - a44) * (-b22 - b43)
h121: (-a13 - a31) * (-b44 - b53)
h123: (a23 - a22) * (b35 + b43 - b22)
h126: (a25 + a15 + a51) * (b32 + b53 + b52)
h129: (a12 - a14) * (-b35 - b22)
h130: (a51 + a24 + a31 - a13) * (-b52)
h132: (-a11) * (b55 - b32)
h133: (-a51) * (b33 - b41)
h134: (a55 + a22) * (b14 + b32 + b24)
h140: (a53 + a35 - a21 - a43) * (b11 + b55 + b25 - b41)
h146: (a15 + a32 - a41) * (b21 + b24 - b41)
h155: (a34 + a44) * (-b32)
h156: (a55 - a43 - a23 - a44) * (b33)
h169: (a35 + a11 + a34 - a41 - a34) * (b24 - b41)
h184: (a44 - a13 - a33) * (b13 - b55 - b42)
h203: (a25 + a32 - a31) * (-b12)
h213: (-a32) * (b24 + b22 + b42)
h224: (a13 - a55) * (b52 + b53)
h226: (-a12 - a55 - a25) * (b55 + b22 - b23)
h237: (-a22) * (-b53)
h264: (-a54 - a24) * (b14 - b51)
h295: (a24 + a51 + a35 + a35) * (b34 - b12)
h297: (a15 - a45 - a44 - a55) * (-b44 - b32)
h314: (a41 + a54 - a54) * (-b12)
h323: (-a34) * (-b23)
h363: (-a43 - a32) * (b13 + b11 + b44)
h380: (a41) * (b35 + b41 - b22 - b51)
h435: (-a33 - a53) * (b23 - b15 - b21)
h450: (a44 - a14 - a44) * (-b32)
h451: (a31 + a54) * (b11 + b24 + b43 + b41 - b25)
h462: (a51 + a53) * (b25 + b24 - b52)
h478: (a51 - a31) * (b44 - b11)
h479: (-a11 - a55) * (b21 + b31)
h598: (a53 - a41 - a54) * (b14 + b51 + b14 - b25)
h628: (a55 - a15) * (b43)
h643: (-a54) * (b24 + b34 - b52 - b15)
h700: (a43) * (-b34 - b11 - b23 - b11)
h790: (a31) * (b52 + b51 - b53 - b12)
h792: (a45) * (b41 + b55 - b45)
h807: (a42) * (b42 + b12 + b12 + b54 - b23 - b32 - b34)
h933: (a41 + a34 - a34) * (-b51 - b11)
h938: (a24 + a14 + a52 - a53) * (-b31)
h955: (a42 + a34 + a22 - a12 - a31) * (-b55)
h995: (a12) * (b23)
h1007: (a22 - a53) * (b12 + b35)
h1008: (-a41 - a51) * (b33 - b45)
h1132: (-a25) * (b24 - b34 - b44)
h1278: (-a25) * (b51 + b54)
h1339: (a13) * (b32 - b55 - b51)
h1535: (a34 + a53 + a21) * (b44 - b12)
h1677: (a55 + a41 - a55 - a52 - a53) * (b53 - b55)
h1838: (a21 + a35 - a21) * (b42 + b54 + b54)
h1839: (a32 + a14 + a34 - a31 - a34) * (b32 - b32)
h1989: (-a21) * (b54 + b24 + b34 + b55 - b14)
h2020: (a21 + a24 + a34) * (b31 + b44)
h2070: (-a25 - a42 - a43 - a22) * (-b13)
h2696: (a22 - a51) * (-b21)
h3173: (a43 + a34 - a12) * (-b13 - b14)
h3728: (a31 - a43) * (b22 - b11)
h4664: (a24 - a53 - a25) * (b15)
h6083: (a22 - a32) * (b52 + b34 + b12 - b33)
h6504: (-a34 - a51 - a21) * (-b34 - b21)
h6929: (a23) * (b11 + b32 + b25 - b34 - b13)
h7176: (a22 + a33 - a43 - a55) * (-b45 - b41)
h7218: (a43) * (b23 + b51 - b15 - b25)
h7974: (a55 - a42 - a13) * (b24 + b33)
h8076: (a13 - a43) * (b35 - b13 - b23 - b25)
h8153: (a41 - a55 - a42) * (b33 - b42)
h8163: (-a53 - a55) * (b14 + b43 + b44 - b14 - b35)
h9293: (a31) * (b43 + b14 + b22 + b51)
h11805: (a35 + a15 - a22 - a25 - a31) * (b13 - b31)
h11898: (-a43 - a21 - a43) * (b41 - b45 - b54)
h12331: (a21 + a31 + a11) * (b25 + b31)
h12519: (a13 - a45) * (-b41)
h13581: (a12) * (b23 + b12 - b11 - b45)
h13748: (a32 + a41 - a31 - a22) * (-b15 - b52)
h15399: (a54 + a53 - a22 - a31) * (b23)
h19514: (a34 - a41) * (b45 + b34 - b21)
h19698: (a41 + a53 + a25 - a45) * (b22)
h23098: (a43 + a12) * (b42 + b13 + b43)
h24780: (-a24 - a31) * (b44 + b34 - b11)
h25689: (a43 + a53 - a43) * (b32 - b31)
h30327: (a13) * (b34 + b51 + b22 - b31)
h43266: (a31 + a41 + a51) * (b25 + b51)
h50634: (a13 + a45 - a34 - a34) * (b22)
h58629: (a41 - a23 - a12) * (b22 + b13)
h62443: (a53 - a13 - a12 - a25) * (b31)
h62772: (a12 + a42 + a24 - a25) * (b13)
h63638: (a34 - a12 - a52) * (-b44 - b42)
h65974: (a35 + a34 - a33) * (-b53 - b42)
h68387: (a32 + a54 + a33 - a15) * (-b41)
c11: h146 + h129 + h6504 - h3 - h792 - h2070 - h3728 - h7974 
c12: h121 + h264 + h1007 + h1838 + h1989 - h380 - h1339 - h2020 
c13: h3 + h30 + h58 + h12519 + h76 + h126 + h314 + h264 + h101 + h1535 + h314 - h25689 
c14: h1 + h807 + h130 + h628 + h1535 + h13 + h103 - h121 - h297 
c15: h115 + h26 + h1989 + h938 + h9293 + h2020 + h314 + h62443 - h1278 - h23098 - h30327 - h43266 - h62772 
c21: h264 + h1535 + h1839 - h598 
c22: h106 + h643 + h4 + h380 + h1132 
c23: h26 + h30 + h101 + h19514 + h323 + h22 + h4 - h169 - h450 - h19698 - h24780 
c24: h15 + h16 + h116 + h119 + h77 + h67 + h598 + h13581 + h15 + h22 + h6929 - h103 - h68387 
c25: h37 + h146 + h995 + h643 + h12331 + h70 + h105 + h6504 + h8153 
c31: h23 + h74 - h43 - h23 
c32: h95 + h43 + h237 - h13 
c33: h50 + h27 + h13 - h76 
c34: h51 + h995 - h314 - h1008 - h1535 
c35: h86 + h462 
c41: h51 + h32 + h130 + h103 + h52 + h13 + h77 + h95 + h6929 + h95 + h11805 - h700 - h7218 
c42: h184 + h16 + h13 + h63638 - h72 - h27 - h478 - h790 - h65974 
c43: h134 + h112 + h134 - h3 - h10 - h133 - h226 - h4664 
c44: h55 + h435 + h28 + h3173 - h112 
c45: h39 + h6083 + h6 + h8153 + h9293 - h295 - h6504 
c51: h98 + h130 + h156 + h50634 + h15 + h58629 + h63638 + h77 
c52: h7176 + h115 + h8076 + h8163 + h74 + h3728 - h43 - h462 - h15399 
c53: h3 + h146 + h116 + h938 - h3 
c54: h2 + h140 + h22 + h12519 + h13 - h628 
c55: h224 + h451 + h121 + h1677 + h4 + h105 + h11898 - h42 
