0,159.552,25
100,127.208,25
200,97.41600000000001,25
300,82.88,25
400,79.376,25
500,75.424,25
600,71.472,25
700,67.688,24.8
800,64.888,24.8
900,62.672000000000004,24.8
1000,59.576,24.8
1100,57.720000000000006,25
1200,56.959999999999994,25
1300,55.367999999999995,25
1400,53.896,25
1500,51.912,25
1600,51.912,25
1700,51.912,25
1800,51.839999999999996,25
1900,50.112,25
2000,49.368,25
2100,49.368,25
2200,49.368,25
2300,48.584,25
2400,47.752,25
2500,47.752,25
2600,47.752,25
2700,47.752,25
2800,47.696,25
2900,46.824,25
3000,45.48799999999999,25
3100,44.824,25
3200,44.112,25
3300,43.912000000000006,25
3400,43.912000000000006,25
3500,43.912000000000006,25
3600,43.912000000000006,25
3700,43.912000000000006,25
3800,43.912000000000006,25
3900,43.72,25
4000,42.76,25
4100,42.76,25
4200,41.8,25
4300,41.23199999999999,25
4400,41.23199999999999,25
4500,40.944,25
4600,40.32,25
4700,39.928000000000004,25
4800,39.864,25
4900,39.864,25
5000,39.864,25
5100,39.864,25
5200,39.864,25
5300,39.343999999999994,25
5400,39.343999999999994,25
5500,39.343999999999994,25
5600,39.08,25
5700,39.08,25
5800,38.368,25
5900,38.368,25
6000,38.368,25
6100,38.368,25
6200,38.032,25
6300,38.032,25
6400,37.879999999999995,25
6500,37.879999999999995,25
6600,37.775999999999996,24.8
6700,37.775999999999996,24.8
6800,37.775999999999996,24.8
6900,37.775999999999996,24.8
7000,37.775999999999996,24.8
7100,37.775999999999996,24.8
7200,37.775999999999996,24.8
7300,37.775999999999996,25
7400,37.775999999999996,25
7500,37.775999999999996,25
7600,37.775999999999996,25
7700,37.528,25
7800,37.528,25
7900,37.528,25
8000,37.336,25
8100,37.336,25
8200,37.336,25
8300,37.336,25
8400,37.336,25
8500,37.336,25
8600,37.336,25
8700,37.336,25
8800,37.336,25
8900,37.327999999999996,25
9000,37.327999999999996,25
9100,37.327999999999996,25
9200,36.792,25
9300,36.792,25
9400,36.792,25
9500,36.608,25
9600,36.488,25
9700,36.488,25
9800,35.336,25
9900,34.576,25
10000,34.24,24.8
10100,34.007999999999996,24.8
10200,34.007999999999996,24.8
10300,34.007999999999996,24.8
10400,34.007999999999996,24.8
10500,34.007999999999996,24.8
10600,34.007999999999996,24.8
10700,34.007999999999996,24.8
10800,33.648,24.8
10900,33.440000000000005,24.8
11000,33.440000000000005,24.8
11100,33.016000000000005,24.8
11200,33.016000000000005,24.8
11300,33.016000000000005,24.8
11400,33.016000000000005,24.8
11500,33.016000000000005,24.8
11600,33.016000000000005,24.8
11700,33.016000000000005,24.8
11800,32.376,24.8
11900,32.376,24.8
12000,32.376,24.8
12100,32.376,24.8
12200,32.376,24.8
12300,32.376,24.8
12400,32.376,24.8
12500,32.376,24.8
12600,32.376,24.8
12700,32.376,24.8
12800,32.376,24.8
12900,32.376,24.8
13000,32.376,24.8
13100,32.327999999999996,24.8
13200,32.327999999999996,24.8
13300,32.327999999999996,24.8
13400,32.327999999999996,24.8
13500,32.327999999999996,24.8
13600,32.327999999999996,24.8
13700,32.327999999999996,24.8
13800,32.327999999999996,24.8
13900,32.327999999999996,24.8
14000,32.327999999999996,24.8
14100,32.327999999999996,24.8
14200,32.327999999999996,24.8
14300,32.327999999999996,24.8
14400,32.263999999999996,24.8
14500,31.671999999999997,24.8
14600,31.671999999999997,24.8
14700,31.671999999999997,24.8
14800,31.671999999999997,24.8
14900,31.671999999999997,24.8
15000,31.671999999999997,24.8
15100,31.671999999999997,24.8
15200,31.671999999999997,24.8
15300,31.671999999999997,24.8
15400,31.671999999999997,24.8
15500,31.671999999999997,24.8
15600,31.671999999999997,24.8
15700,31.671999999999997,24.8
15800,31.671999999999997,24.8
15900,31.671999999999997,24.8
16000,31.671999999999997,24.8
16100,31.671999999999997,24.8
16200,31.671999999999997,24.8
16300,31.671999999999997,24.8
16400,31.32,24.8
16500,30.848000000000003,24.8
16600,30.848000000000003,24.8
16700,30.848000000000003,24.8
16800,30.848000000000003,24.8
16900,30.848000000000003,24.8
17000,30.848000000000003,24.8
17100,30.848000000000003,24.8
17200,30.848000000000003,24.8
17300,30.848000000000003,24.8
17400,30.848000000000003,24.8
17500,30.848000000000003,24.8
17600,30.591999999999995,24.8
17700,30.591999999999995,24.8
17800,30.591999999999995,24.8
17900,30.591999999999995,24.8
18000,30.591999999999995,24.8
18100,30.591999999999995,24.8
18200,30.591999999999995,24.8
18300,30.591999999999995,24.8
18400,30.591999999999995,24.8
18500,30.48,24.8
18600,30.312,24.8
18700,30.312,24.8
18800,30.312,24.8
18900,30.312,24.8
19000,30.248,24.8
19100,28.936,24.8
19200,28.936,24.8
19300,28.752,24.8
19400,28.752,24.8
19500,28.167999999999996,24.6
19600,28.032,24.6
19700,27.224,24.6
19800,27.224,24.6
19900,27.224,24.6
20000,27.224,24.6
20100,27.224,24.6
20200,27.224,24.6
20300,27.224,24.6
20400,27.224,24.6
20500,27.224,24.6
20600,27.224,24.6
20700,27.224,24.6
20800,27.224,24.6
20900,27.224,24.6
21000,27.224,24.6
21100,27.224,24.6
21200,27.224,24.6
21300,27.224,24.6
21400,27.224,24.6
21500,27.016,24.6
21600,27.016,24.6
21700,27.016,24.6
21800,26.951999999999998,24.6
21900,26.951999999999998,24.6
22000,26.912,24.6
22100,26.808,24.6
22200,26.808,24.6
22300,26.808,24.6
22400,26.808,24.6
22500,26.808,24.6
22600,26.808,24.6
22700,26.808,24.6
22800,26.808,24.6
22900,26.615999999999996,24.6
23000,26.615999999999996,24.6
23100,26.615999999999996,24.6
23200,26.615999999999996,24.6
23300,26.615999999999996,24.6
23400,26.472,24.6
23500,26.472,24.6
23600,26.472,24.6
23700,26.472,24.6
23800,26.472,24.6
23900,26.472,24.6
24000,26.472,24.6
24100,26.472,24.6
24200,26.472,24.6
24300,26.472,24.6
24400,26.472,24.6
24500,26.472,24.6
24600,26.472,24.6
24700,26.472,24.6
24800,26.472,24.6
24900,26.472,24.6
25000,26.472,24.6
25100,26.472,24.6
25200,26.472,24.6
25300,26.472,24.6
25400,26.472,24.6
25500,26.472,24.6
25600,26.472,24.6
25700,26.416000000000004,24.6
25800,25.839999999999996,24.6
25900,25.839999999999996,24.6
26000,25.568,24.4
26100,24.936,24.4
26200,24.936,24.4
26300,24.936,24.4
26400,24.936,24.4
26500,24.936,24.4
26600,24.936,24.4
26700,24.912,24.6
26800,24.895999999999997,24.6
26900,24.895999999999997,24.6
27000,24.895999999999997,24.6
27100,24.895999999999997,24.6
27200,24.895999999999997,24.6
27300,24.895999999999997,24.6
27400,24.895999999999997,24.6
27500,24.392000000000003,24.6
27600,24.392000000000003,24.6
27700,24.392000000000003,24.6
27800,24.392000000000003,24.6
27900,24.080000000000002,24.6
28000,24.080000000000002,24.6
28100,24.080000000000002,24.6
28200,23.912,24.6
28300,23.256,24.6
28400,23.256,24.6
28500,23.256,24.6
28600,23.256,24.6
28700,23.256,24.6
28800,23.256,24.6
28900,23.256,24.6
29000,23.256,24.6
29100,23.256,24.6
29200,23.256,24.6
29300,23.256,24.6
29400,23.256,24.6
29500,23.256,24.6
29600,23.256,24.6
29700,23.256,24.6
29800,23.256,24.6
29900,23.064,24.6
30000,23.064,24.6
30100,23.064,24.6
30200,23.064,24.6
30300,23.064,24.6
30400,23.064,24.6
30500,23.064,24.6
30600,23.064,24.6
30700,23.064,24.6
30800,23.064,24.6
30900,23.064,24.6
31000,23.064,24.6
31100,23.064,24.6
31200,23.064,24.6
31300,23.064,24.6
31400,22.944,24.6
31500,22.944,24.6
31600,22.896,24.6
31700,22.896,24.6
31800,22.863999999999997,24.6
31900,22.863999999999997,24.6
32000,22.863999999999997,24.6
32100,22.863999999999997,24.6
32200,22.863999999999997,24.6
32300,22.863999999999997,24.6
32400,22.863999999999997,24.6
32500,22.336000000000002,24.6
32600,22.336000000000002,24.6
32700,22.336000000000002,24.6
32800,22.336000000000002,24.6
32900,22.336000000000002,24.6
33000,22.336000000000002,24.6
33100,22.336000000000002,24.6
33200,22.336000000000002,24.6
33300,22.336000000000002,24.6
33400,22.336000000000002,24.6
33500,22.336000000000002,24.6
33600,22.336000000000002,24.6
33700,22.336000000000002,24.6
33800,22.336,24.6
33900,22.336,24.6
34000,22.336,24.6
34100,22.336,24.6
34200,22.336,24.6
34300,22.336,24.6
34400,22.336,24.6
34500,21.872,24.6
34600,21.872,24.6
34700,21.872,24.6
34800,21.872,24.6
34900,21.872,24.6
35000,21.872,24.6
35100,21.872,24.6
35200,21.872,24.6
35300,21.872,24.6
35400,21.872,24.6
35500,21.872,24.6
35600,21.872,24.6
35700,21.872,24.6
35800,21.872,24.6
35900,21.872,24.6
36000,21.872,24.6
36100,21.872,24.6
36200,21.872,24.6
36300,21.872,24.6
36400,21.848,24.4
36500,21.848,24.4
36600,21.848,24.4
36700,21.848,24.4
36800,21.848,24.4
36900,21.848,24.4
37000,21.848,24.4
37100,21.848,24.4
37200,21.848,24.4
37300,21.848,24.4
37400,21.848,24.4
37500,21.848,24.4
37600,21.848,24.4
37700,21.848,24.4
37800,21.848,24.4
37900,21.848,24.4
38000,21.848,24.4
38100,21.848,24.4
38200,21.848,24.4
38300,21.848,24.4
38400,21.848,24.4
38500,21.848,24.4
38600,21.848,24.4
38700,21.848,24.4
38800,21.848,24.4
38900,21.848,24.4
39000,21.848,24.4
39100,21.848,24.4
39200,21.848,24.4
39300,21.823999999999998,24.4
39400,21.823999999999998,24.4
39500,21.823999999999998,24.4
39600,21.823999999999998,24.4
39700,21.823999999999998,24.4
39800,21.823999999999998,24.4
39900,21.823999999999998,24.4
40000,21.823999999999998,24.4
40100,21.823999999999998,24.4
40200,21.823999999999998,24.4
40300,21.823999999999998,24.4
40400,21.823999999999998,24.4
40500,21.823999999999998,24.4
40600,21.823999999999998,24.4
40700,21.823999999999998,24.4
40800,21.823999999999998,24.4
40900,21.823999999999998,24.4
41000,21.823999999999998,24.4
41100,21.823999999999998,24.4
41200,21.823999999999998,24.4
41300,21.823999999999998,24.4
41400,21.823999999999998,24.4
41500,21.823999999999998,24.4
41600,21.823999999999998,24.4
41700,21.823999999999998,24.4
41800,21.823999999999998,24.4
41900,21.823999999999998,24.4
42000,21.823999999999998,24.4
42100,21.823999999999998,24.4
42200,21.823999999999998,24.4
42300,21.823999999999998,24.4
42400,21.823999999999998,24.4
42500,21.823999999999998,24.4
42600,21.823999999999998,24.4
42700,21.823999999999998,24.4
42800,21.823999999999998,24.4
42900,21.823999999999998,24.4
43000,21.823999999999998,24.4
43100,21.823999999999998,24.4
43200,21.823999999999998,24.4
43300,21.823999999999998,24.4
43400,21.823999999999998,24.4
43500,21.823999999999998,24.4
43600,21.823999999999998,24.4
43700,21.823999999999998,24.4
43800,21.823999999999998,24.4
43900,21.823999999999998,24.4
44000,21.823999999999998,24.4
44100,21.823999999999998,24.4
44200,21.823999999999998,24.4
44300,21.823999999999998,24.4
44400,21.823999999999998,24.4
44500,21.823999999999998,24.4
44600,21.823999999999998,24.4
44700,21.823999999999998,24.4
44800,21.823999999999998,24.4
44900,21.823999999999998,24.4
45000,21.823999999999998,24.4
45100,21.823999999999998,24.4
45200,21.823999999999998,24.4
45300,21.823999999999998,24.4
45400,21.823999999999998,24.4
45500,21.823999999999998,24.4
45600,21.823999999999998,24.4
45700,21.823999999999998,24.4
45800,21.823999999999998,24.4
45900,21.823999999999998,24.4
46000,21.823999999999998,24.4
46100,21.823999999999998,24.4
46200,21.823999999999998,24.4
46300,21.823999999999998,24.4
46400,21.823999999999998,24.4
46500,21.823999999999998,24.4
46600,21.823999999999998,24.4
46700,21.744,24.4
46800,21.744,24.4
46900,21.744,24.4
47000,21.744,24.4
47100,21.744,24.4
47200,21.744,24.4
47300,21.744,24.4
47400,21.744,24.4
47500,21.744,24.4
47600,21.744,24.4
47700,21.744,24.4
47800,21.744,24.4
47900,21.744,24.4
48000,21.744,24.4
48100,21.744,24.4
48200,21.744,24.4
48300,21.744,24.4
48400,21.744,24.4
48500,21.744,24.4
48600,21.744,24.4
48700,21.744,24.4
48800,21.744,24.4
48900,21.744,24.4
49000,21.744,24.4
49100,21.744,24.4
49200,21.744,24.4
49300,21.744,24.4
49400,21.744,24.4
49500,21.488000000000003,24.4
49600,21.488000000000003,24.4
49700,21.488000000000003,24.4
49800,21.488000000000003,24.4
49900,21.488000000000003,24.4
50000,21.488000000000003,24.4
50100,21.488000000000003,24.4
50200,21.488000000000003,24.4
50300,21.488000000000003,24.4
50400,21.488000000000003,24.4
50500,21.488000000000003,24.4
50600,21.488000000000003,24.4
50700,21.488000000000003,24.4
50800,21.488000000000003,24.4
50900,21.488000000000003,24.4
51000,21.488000000000003,24.4
51100,21.488000000000003,24.4
51200,21.488000000000003,24.4
51300,21.488000000000003,24.4
51400,21.488000000000003,24.4
51500,21.488000000000003,24.4
51600,21.488000000000003,24.4
51700,21.488000000000003,24.4
51800,21.488000000000003,24.4
51900,21.488000000000003,24.4
52000,21.488000000000003,24.4
52100,21.488000000000003,24.4
52200,21.488000000000003,24.4
52300,21.488000000000003,24.4
52400,21.488000000000003,24.4
52500,21.488000000000003,24.4
52600,21.488000000000003,24.4
52700,21.488000000000003,24.4
52800,21.488000000000003,24.4
52900,20.92,24.4
53000,20.92,24.4
53100,20.92,24.4
53200,20.92,24.4
53300,20.92,24.4
53400,20.92,24.4
53500,20.92,24.4
53600,20.92,24.4
53700,20.92,24.4
53800,20.92,24.4
53900,20.92,24.4
54000,20.92,24.4
54100,20.92,24.4
54200,20.92,24.4
54300,20.92,24.4
54400,20.92,24.4
54500,20.92,24.4
54600,20.92,24.4
54700,20.92,24.4
54800,20.92,24.4
54900,20.92,24.4
55000,20.92,24.4
55100,20.92,24.4
55200,20.92,24.4
55300,20.92,24.4
55400,20.92,24.4
55500,20.92,24.4
55600,20.92,24.4
55700,20.92,24.4
55800,20.92,24.4
55900,20.92,24.4
56000,20.92,24.4
56100,20.92,24.4
56200,20.92,24.4
56300,20.92,24.4
56400,20.92,24.4
56500,20.639999999999997,24.4
56600,20.4,24.4
56700,20.4,24.4
56800,20.4,24.4
56900,20.4,24.4
57000,20.4,24.4
57100,20.4,24.4
57200,20.4,24.4
57300,20.4,24.4
57400,20.4,24.4
57500,20.4,24.4
57600,20.4,24.4
57700,20.4,24.4
57800,20.4,24.4
57900,20.4,24.4
58000,20.4,24.4
58100,20.4,24.4
58200,20.4,24.4
58300,20.4,24.4
58400,20.4,24.4
58500,20.4,24.4
58600,20.4,24.4
58700,20.4,24.4
58800,20.4,24.4
58900,20.4,24.4
59000,20.4,24.4
59100,20.4,24.4
59200,20.4,24.4
59300,20.4,24.4
59400,20.4,24.4
59500,20.4,24.4
59600,20.4,24.4
59700,20.4,24.4
59800,20.4,24.4
59900,20.4,24.4
60000,20.4,24.4
60100,20.4,24.4
60200,20.4,24.4
60300,20.4,24.4
60400,20.4,24.4
60500,20.4,24.4
60600,20.4,24.4
60700,20.4,24.4
60800,20.4,24.4
60900,20.4,24.4
61000,20.32,24.4
61100,20.32,24.4
61200,20.32,24.4
61300,20.32,24.4
61400,20.32,24.4
61500,20.32,24.4
61600,20.32,24.4
61700,20.32,24.4
61800,20.32,24.4
61900,20.32,24.4
62000,20.32,24.4
62100,20.272,24.4
62200,20.272,24.4
62300,20.272,24.4
62400,20.272,24.4
62500,20.272,24.4
62600,20.272,24.4
62700,20.272,24.4
62800,20.272,24.2
62900,20.215999999999998,24.4
63000,20.215999999999998,24.4
63100,20.215999999999998,24.4
63200,20.215999999999998,24.4
63300,20.215999999999998,24.4
63400,20.215999999999998,24.4
63500,20.215999999999998,24.4
63600,20.168,24.4
63700,20.168,24.4
63800,20.168,24.4
63900,20.168,24.4
64000,20.168,24.4
64100,20.168,24.4
64200,20.168,24.4
64300,20.168,24.4
64400,20.168,24.4
64500,20.168,24.4
64600,20.168,24.4
64700,20.168,24.4
64800,20.168,24.4
64900,20.168,24.4
65000,20.168,24.4
65100,20.168,24.4
65200,20.168,24.4
65300,20.168,24.4
65400,20.168,24.4
65500,20.168,24.4
65600,20.168,24.4
65700,20.168,24.4
65800,20.168,24.4
65900,20.168,24.4
66000,20.168,24.4
66100,20.168,24.4
66200,20.168,24.4
66300,20.168,24.4
66400,20.168,24.4
66500,20.168,24.4
66600,20.168,24.4
66700,20.168,24.4
66800,20.168,24.4
66900,20.12,24.6
67000,20.12,24.6
67100,20.12,24.6
67200,20.12,24.6
67300,20.12,24.6
67400,20.12,24.6
67500,20.12,24.6
67600,20.12,24.6
67700,20.12,24.6
67800,20.12,24.6
67900,20.12,24.6
68000,20.12,24.6
68100,20.12,24.6
68200,20.12,24.6
68300,20.12,24.6
68400,20.12,24.6
68500,20.12,24.6
68600,19.928,24.6
68700,19.928,24.6
68800,19.928,24.6
68900,19.928,24.6
69000,19.928,24.6
69100,19.928,24.6
69200,19.928,24.6
69300,19.928,24.6
69400,19.928,24.6
69500,19.928,24.6
69600,19.928,24.6
69700,19.928,24.6
69800,19.928,24.6
69900,19.928,24.6
70000,19.928,24.6
70100,19.928,24.6
70200,19.928,24.6
70300,19.928,24.6
70400,19.928,24.6
70500,19.928,24.6
70600,19.928,24.6
70700,19.928,24.6
70800,19.928,24.6
70900,19.928,24.6
71000,19.928,24.6
71100,19.928,24.6
71200,19.928,24.6
71300,19.928,24.6
71400,19.928,24.6
71500,19.928,24.6
71600,19.928,24.6
71700,19.928,24.6
71800,19.928,24.6
71900,19.928,24.6
72000,19.928,24.6
72100,19.928,24.6
72200,19.816000000000003,24.6
72300,19.816000000000003,24.6
72400,19.712,24.6
72500,19.712,24.6
72600,19.712,24.6
72700,19.712,24.6
72800,19.712,24.6
72900,19.712,24.6
73000,19.712,24.6
73100,19.712,24.6
73200,19.712,24.6
73300,19.712,24.6
73400,19.712,24.6
73500,19.712,24.6
73600,19.712,24.6
73700,19.712,24.6
73800,19.712,24.6
73900,19.712,24.6
74000,19.712,24.6
74100,19.712,24.6
74200,19.712,24.6
74300,19.712,24.6
74400,19.712,24.6
74500,19.712,24.6
74600,19.712,24.6
74700,19.712,24.6
74800,19.712,24.6
74900,19.712,24.6
75000,19.712,24.6
75100,19.712,24.6
75200,19.712,24.6
75300,19.712,24.6
75400,19.712,24.6
75500,19.624000000000002,24.6
75600,19.624000000000002,24.6
75700,19.624000000000002,24.6
75800,19.624000000000002,24.6
75900,19.624000000000002,24.6
76000,19.624000000000002,24.6
76100,19.624000000000002,24.6
76200,19.624000000000002,24.6
76300,19.624000000000002,24.6
76400,19.624000000000002,24.6
76500,19.624000000000002,24.6
76600,19.624000000000002,24.6
76700,19.624000000000002,24.6
76800,19.624000000000002,24.6
76900,19.624000000000002,24.6
77000,19.624000000000002,24.6
77100,19.624000000000002,24.6
77200,19.624000000000002,24.6
77300,19.624000000000002,24.6
77400,19.624000000000002,24.6
77500,19.624000000000002,24.6
77600,19.624000000000002,24.6
77700,19.624000000000002,24.6
77800,19.624000000000002,24.6
77900,19.624000000000002,24.6
78000,19.624000000000002,24.6
78100,19.624000000000002,24.6
78200,19.624000000000002,24.6
78300,19.624000000000002,24.6
78400,19.624000000000002,24.6
78500,19.624000000000002,24.6
78600,19.624000000000002,24.6
78700,19.624000000000002,24.6
78800,19.624000000000002,24.6
78900,19.624000000000002,24.6
79000,19.624000000000002,24.6
79100,19.624000000000002,24.6
79200,19.624000000000002,24.6
79300,19.624000000000002,24.6
79400,19.624000000000002,24.6
79500,19.624000000000002,24.6
79600,19.624000000000002,24.6
79700,19.624000000000002,24.6
79800,19.624000000000002,24.6
79900,19.624000000000002,24.6
80000,19.624000000000002,24.6
80100,19.624000000000002,24.6
80200,19.624000000000002,24.6
80300,19.624000000000002,24.6
80400,19.624000000000002,24.6
80500,19.624000000000002,24.6
80600,19.624000000000002,24.6
80700,19.624000000000002,24.6
80800,19.624000000000002,24.6
80900,19.624000000000002,24.6
81000,19.624000000000002,24.6
81100,19.624000000000002,24.6
81200,19.624000000000002,24.6
81300,19.624000000000002,24.6
81400,19.624000000000002,24.6
81500,19.624000000000002,24.6
81600,19.624000000000002,24.6
81700,19.624000000000002,24.6
81800,19.624000000000002,24.6
81900,19.624000000000002,24.6
82000,19.624000000000002,24.6
82100,19.624000000000002,24.6
82200,19.624000000000002,24.6
82300,19.624000000000002,24.6
82400,19.584,24.6
82500,19.584,24.6
82600,19.584,24.6
82700,19.584,24.6
82800,19.584,24.6
82900,19.584,24.6
83000,19.584,24.6
83100,19.584,24.6
83200,19.584,24.6
83300,19.584,24.6
83400,19.584,24.6
83500,19.584,24.6
83600,19.584,24.6
83700,19.584,24.6
83800,19.584,24.6
83900,19.584,24.6
84000,19.584,24.6
84100,19.584,24.6
84200,19.584,24.6
84300,19.584,24.6
84400,19.584,24.6
84500,19.584,24.6
84600,19.584,24.6
84700,19.584,24.6
84800,19.584,24.6
84900,19.584,24.6
85000,19.584,24.6
85100,19.584,24.6
85200,19.584,24.6
85300,19.584,24.6
85400,19.584,24.6
85500,19.584,24.6
85600,19.584,24.6
85700,19.584,24.6
85800,19.584,24.6
85900,19.584,24.6
86000,19.584,24.6
86100,19.584,24.6
86200,19.584,24.6
86300,19.584,24.6
86400,19.584,24.6
86500,19.584,24.6
86600,19.584,24.6
86700,19.584,24.6
86800,19.584,24.6
86900,19.584,24.6
87000,19.584,24.6
87100,19.584,24.6
87200,19.584,24.6
87300,19.584,24.6
87400,19.584,24.6
87500,19.584,24.6
87600,19.584,24.6
87700,19.584,24.6
87800,19.584,24.6
87900,19.584,24.6
88000,19.584,24.6
88100,19.584,24.6
88200,19.584,24.6
88300,19.584,24.6
88400,19.584,24.6
88500,19.584,24.6
88600,19.584,24.6
88700,19.288,24.6
88800,19.288,24.6
88900,19.288,24.6
89000,19.288,24.6
89100,19.288,24.6
89200,19.288,24.6
89300,19.288,24.6
89400,19.288,24.6
89500,19.288,24.6
89600,19.288,24.6
89700,19.288,24.6
89800,19.288,24.6
89900,19.288,24.6
90000,19.288,24.6
90100,19.288,24.6
90200,19.288,24.6
90300,19.288,24.6
90400,19.288,24.6
90500,19.288,24.6
90600,19.288,24.6
90700,19.288,24.6
90800,19.288,24.6
90900,19.288,24.6
91000,19.288,24.6
91100,19.288,24.6
91200,19.288,24.6
91300,19.288,24.6
91400,19.288,24.6
91500,19.288,24.6
91600,19.288,24.6
91700,19.288,24.6
91800,19.288,24.6
91900,19.288,24.6
92000,19.288,24.6
92100,19.288,24.6
92200,19.288,24.6
92300,19.288,24.6
92400,19.288,24.6
92500,19.288,24.6
92600,19.288,24.6
92700,19.288,24.6
92800,19.288,24.6
92900,19.288,24.6
93000,19.288,24.6
93100,19.288,24.6
93200,19.288,24.6
93300,19.288,24.6
93400,19.288,24.6
93500,19.288,24.6
93600,19.288,24.6
93700,19.288,24.6
93800,19.288,24.6
93900,19.288,24.6
94000,19.288,24.6
94100,19.288,24.6
94200,19.288,24.6
94300,19.288,24.6
94400,19.288,24.6
94500,19.288,24.6
94600,19.288,24.6
94700,19.288,24.6
94800,19.288,24.6
94900,19.288,24.6
95000,19.288,24.6
95100,19.288,24.6
95200,19.288,24.6
95300,19.288,24.6
95400,19.288,24.6
95500,19.288,24.6
95600,19.288,24.6
95700,19.288,24.6
95800,19.288,24.6
95900,19.288,24.6
96000,19.288,24.6
96100,19.288,24.6
96200,19.288,24.6
96300,19.288,24.6
96400,19.288,24.6
96500,19.288,24.6
96600,19.288,24.6
96700,19.288,24.6
96800,19.288,24.6
96900,19.288,24.6
97000,19.288,24.6
97100,19.288,24.6
97200,19.288,24.6
97300,19.288,24.6
97400,19.288,24.6
97500,19.288,24.6
97600,19.288,24.6
97700,19.288,24.6
97800,19.288,24.6
97900,19.288,24.6
98000,19.288,24.6
98100,19.288,24.6
98200,19.288,24.6
98300,19.288,24.6
98400,19.288,24.6
98500,19.288,24.6
98600,19.288,24.6
98700,19.288,24.6
98800,19.288,24.6
98900,19.288,24.6
99000,19.288,24.6
99100,19.288,24.6
99200,19.288,24.6
99300,19.288,24.6
99400,19.288,24.6
99500,19.288,24.6
99600,19.288,24.6
99700,19.288,24.6
99800,19.288,24.6
99900,19.288,24.6
100000,19.288,24.6
100100,19.288,24.6
100200,19.288,24.6
100300,19.288,24.6
100400,19.288,24.6
100500,19.288,24.6
100600,19.288,24.6
100700,19.288,24.6
100800,19.288,24.6
100900,19.288,24.6
101000,19.288,24.6
101100,19.288,24.6
101200,19.288,24.6
101300,19.288,24.6
101400,19.288,24.6
101500,19.288,24.6
101600,19.288,24.6
101700,19.288,24.6
101800,19.288,24.6
101900,19.288,24.6
102000,19.288,24.6
102100,19.288,24.6
102200,19.288,24.6
102300,19.288,24.6
102400,19.288,24.6
102500,19.288,24.6
102600,19.288,24.6
102700,19.288,24.6
102800,19.288,24.6
102900,19.288,24.6
103000,19.288,24.6
103100,19.288,24.6
103200,19.288,24.6
103300,19.288,24.6
103400,19.288,24.6
103500,19.288,24.6
103600,19.288,24.6
103700,19.288,24.6
103800,19.288,24.6
103900,19.288,24.6
104000,19.288,24.6
104100,19.288,24.6
104200,19.288,24.6
104300,19.288,24.6
104400,19.288,24.6
104500,19.288,24.6
104600,19.288,24.6
104700,19.288,24.6
104800,19.288,24.6
104900,19.288,24.6
105000,19.288,24.6
105100,19.288,24.6
105200,19.288,24.6
105300,19.288,24.6
105400,19.288,24.6
105500,19.288,24.6
105600,19.288,24.6
105700,19.288,24.6
105800,19.288,24.6
105900,19.288,24.6
106000,19.288,24.6
106100,19.288,24.6
106200,19.288,24.6
106300,19.288,24.6
106400,19.288,24.6
106500,19.288,24.6
106600,19.288,24.6
106700,19.288,24.6
106800,19.288,24.6
106900,19.288,24.6
107000,19.288,24.6
107100,19.288,24.6
107200,19.288,24.6
107300,19.288,24.6
107400,19.288,24.6
107500,19.288,24.6
107600,19.288,24.6
107700,19.288,24.6
107800,19.288,24.6
107900,19.288,24.6
108000,19.288,24.6
108100,19.288,24.6
108200,19.288,24.6
108300,19.288,24.6
108400,19.288,24.6
108500,19.288,24.6
108600,19.288,24.6
108700,19.288,24.6
108800,19.288,24.6
108900,19.288,24.6
109000,19.288,24.6
109100,19.288,24.6
109200,19.288,24.6
109300,19.288,24.6
109400,19.288,24.6
109500,19.288,24.6
109600,19.08,24.6
109700,19.08,24.6
109800,19.08,24.6
109900,19.08,24.6
110000,19.08,24.6
110100,19.08,24.6
110200,19.08,24.6
110300,19.08,24.6
110400,19.08,24.6
110500,19.08,24.6
110600,19.08,24.6
110700,19.08,24.6
110800,19.08,24.6
110900,19.08,24.6
111000,19.08,24.6
111100,19.08,24.6
111200,19.08,24.6
111300,19.08,24.6
111400,19.08,24.6
111500,19.08,24.6
111600,19.08,24.6
111700,19.08,24.6
111800,19.08,24.6
111900,19.08,24.6
112000,19.08,24.6
112100,19.08,24.6
112200,19.08,24.6
112300,19.08,24.6
112400,19.08,24.6
112500,19.08,24.6
112600,19.08,24.6
112700,19.08,24.6
112800,19.08,24.6
112900,19.08,24.6
113000,19.08,24.6
113100,19.08,24.6
113200,19.08,24.6
113300,19.08,24.6
113400,19.08,24.6
113500,19.08,24.6
113600,19.08,24.6
113700,19.08,24.6
113800,19.08,24.6
113900,19.08,24.6
114000,19.08,24.6
114100,19.08,24.6
114200,19.08,24.6
114300,19.08,24.6
114400,19.08,24.6
114500,19.08,24.6
114600,19.08,24.6
114700,19.08,24.6
114800,19.08,24.6
114900,19.08,24.6
115000,19.08,24.6
115100,19.08,24.6
115200,19.08,24.6
115300,19.08,24.6
115400,19.08,24.6
115500,19.08,24.6
115600,19.08,24.6
115700,19.08,24.6
115800,19.08,24.6
115900,19.08,24.6
116000,19.08,24.6
116100,19.08,24.6
116200,19.08,24.6
116300,19.08,24.6
116400,19.08,24.6
116500,19.08,24.6
116600,19.08,24.6
116700,19.08,24.6
116800,19.08,24.6
116900,19.08,24.6
117000,19.08,24.6
117100,19.08,24.6
117200,19.08,24.6
117300,19.08,24.6
117400,19.08,24.6
117500,19.08,24.6
117600,19.08,24.6
117700,19.08,24.6
117800,19.08,24.6
117900,19.08,24.6
118000,19.08,24.6
118100,19.08,24.6
118200,19.08,24.6
118300,19.08,24.6
118400,19.08,24.6
118500,19.08,24.6
118600,19.08,24.6
118700,19.08,24.6
118800,19.08,24.6
118900,19.08,24.6
119000,19.08,24.6
119100,19.08,24.6
119200,19.08,24.6
119300,19.08,24.6
119400,19.08,24.6
119500,19.08,24.6
119600,19.08,24.6
119700,19.08,24.6
119800,19.08,24.6
119900,19.08,24.6
120000,19.08,24.6
120100,19.08,24.6
120200,19.08,24.6
120300,19.08,24.6
120400,19.08,24.6
120500,19.08,24.6
120600,19.08,24.6
120700,19.08,24.6
120800,19.08,24.6
120900,19.08,24.6
121000,19.08,24.6
121100,19.08,24.6
121200,19.08,24.6
121300,19.08,24.6
121400,19.08,24.6
121500,19.08,24.6
121600,19.08,24.6
121700,19.08,24.6
121800,19.08,24.6
121900,19.08,24.6
122000,19.08,24.6
122100,19.08,24.6
122200,19.08,24.6
122300,19.08,24.6
122400,19.08,24.6
122500,19.08,24.6
122600,19.08,24.6
122700,19.08,24.6
122800,19.08,24.6
122900,19.08,24.6
123000,19.08,24.6
123100,19.08,24.6
123200,19.08,24.6
123300,19.08,24.6
123400,19.08,24.6
123500,19.08,24.6
123600,19.08,24.6
123700,19.08,24.6
123800,19.08,24.6
123900,19.08,24.6
124000,19.08,24.6
124100,19.08,24.6
124200,19.08,24.6
124300,19.08,24.6
124400,19.08,24.6
124500,19.08,24.6
124600,19.08,24.6
124700,19.08,24.6
124800,19.08,24.6
124900,19.08,24.6
125000,19.08,24.6
125100,19.08,24.6
125200,19.08,24.6
125300,19.08,24.6
125400,19.08,24.6
125500,19.08,24.6
125600,19.08,24.6
125700,19.08,24.6
125800,19.08,24.6
125900,19.08,24.6
126000,19.08,24.6
126100,19.08,24.6
126200,19.08,24.6
126300,19.08,24.6
126400,19.08,24.6
126500,19.08,24.6
126600,19.08,24.6
126700,19.08,24.6
126800,19.08,24.6
126900,19.08,24.6
127000,19.08,24.6
127100,19.08,24.6
127200,19.08,24.6
127300,19.08,24.6
127400,19.08,24.6
127500,19.08,24.6
127600,19.08,24.6
127700,19.08,24.6
127800,19.08,24.6
127900,19.08,24.6
128000,18.76,24.6
128100,18.76,24.6
128200,18.76,24.6
128300,18.76,24.6
128400,18.76,24.6
128500,18.76,24.6
128600,18.76,24.6
128700,18.76,24.6
128800,18.76,24.6
128900,18.76,24.6
129000,18.76,24.6
129100,18.76,24.6
129200,18.76,24.6
129300,18.76,24.6
129400,18.76,24.6
129500,18.76,24.6
129600,18.76,24.6
129700,18.76,24.6
129800,18.76,24.6
129900,18.76,24.6
130000,18.76,24.6
130100,18.76,24.6
130200,18.76,24.6
130300,18.76,24.6
130400,18.76,24.6
130500,18.76,24.6
130600,18.76,24.6
130700,18.76,24.6
130800,18.76,24.6
130900,18.76,24.6
131000,18.76,24.6
131100,18.76,24.6
131200,18.76,24.6
131300,18.76,24.6
131400,18.76,24.6
131500,18.76,24.6
131600,18.76,24.6
131700,18.76,24.6
131800,18.76,24.6
131900,18.76,24.6
132000,18.76,24.6
132100,18.76,24.6
132200,18.76,24.6
132300,18.76,24.6
132400,18.76,24.6
132500,18.76,24.6
132600,18.76,24.6
132700,18.76,24.6
132800,18.76,24.6
132900,18.76,24.6
133000,18.76,24.6
133100,18.76,24.6
133200,18.76,24.6
133300,18.76,24.6
133400,18.76,24.6
133500,18.76,24.6
133600,18.76,24.6
133700,18.76,24.6
133800,18.76,24.6
133900,18.76,24.6
134000,18.76,24.6
134100,18.76,24.6
134200,18.76,24.6
134300,18.76,24.6
134400,18.76,24.6
134500,18.76,24.6
134600,18.76,24.6
134700,18.76,24.6
134800,18.76,24.6
134900,18.76,24.6
135000,18.76,24.6
135100,18.76,24.6
135200,18.76,24.6
135300,18.76,24.6
135400,18.76,24.6
135500,18.76,24.6
135600,18.76,24.6
135700,18.76,24.6
135800,18.76,24.6
135900,18.76,24.6
136000,18.76,24.6
136100,18.76,24.6
136200,18.720000000000002,24.6
136300,18.720000000000002,24.6
136400,18.720000000000002,24.6
136500,18.720000000000002,24.6
136600,18.720000000000002,24.6
136700,18.720000000000002,24.6
136800,18.720000000000002,24.6
136900,18.720000000000002,24.6
137000,18.720000000000002,24.6
137100,18.720000000000002,24.6
137200,18.720000000000002,24.6
137300,18.720000000000002,24.6
137400,18.720000000000002,24.6
137500,18.720000000000002,24.6
137600,18.720000000000002,24.6
137700,18.720000000000002,24.6
137800,18.720000000000002,24.6
137900,18.720000000000002,24.6
138000,18.720000000000002,24.6
138100,18.720000000000002,24.6
138200,18.720000000000002,24.6
138300,18.720000000000002,24.6
138400,18.720000000000002,24.6
138500,18.720000000000002,24.6
138600,18.720000000000002,24.6
138700,18.720000000000002,24.6
138800,18.720000000000002,24.6
138900,18.720000000000002,24.6
139000,18.720000000000002,24.6
139100,18.720000000000002,24.6
139200,18.720000000000002,24.6
139300,18.720000000000002,24.6
139400,18.720000000000002,24.6
139500,18.720000000000002,24.6
139600,18.720000000000002,24.6
139700,18.720000000000002,24.6
139800,18.720000000000002,24.6
139900,18.720000000000002,24.6
140000,18.720000000000002,24.6
140100,18.720000000000002,24.6
140200,18.720000000000002,24.6
140300,18.720000000000002,24.6
140400,18.712,24.6
140500,18.712,24.6
140600,18.712,24.6
140700,18.712,24.6
140800,18.712,24.6
140900,18.712,24.6
141000,18.712,24.6
141100,18.712,24.6
141200,18.712,24.6
141300,18.712,24.6
141400,18.712,24.6
141500,18.712,24.6
141600,18.608,24.6
141700,18.608,24.6
141800,18.608,24.6
141900,18.608,24.6
142000,18.608,24.6
142100,18.608,24.6
142200,18.608,24.6
142300,18.608,24.6
142400,18.608,24.6
142500,18.608,24.6
142600,18.608,24.6
142700,18.608,24.6
142800,18.608,24.6
142900,18.608,24.6
143000,18.608,24.6
143100,18.608,24.6
143200,18.608,24.6
143300,18.608,24.6
143400,18.608,24.6
143500,18.608,24.6
143600,18.608,24.6
143700,18.608,24.6
143800,18.608,24.6
143900,18.608,24.6
144000,18.608,24.6
144100,18.608,24.6
144200,18.608,24.6
144300,18.608,24.6
144400,18.608,24.6
144500,18.608,24.6
144600,18.608,24.6
144700,18.608,24.6
144800,18.608,24.6
144900,18.608,24.6
145000,18.608,24.6
145100,18.608,24.6
145200,18.608,24.6
145300,18.608,24.6
145400,18.608,24.6
145500,18.608,24.6
145600,18.608,24.6
145700,18.608,24.6
145800,18.608,24.6
145900,18.608,24.6
146000,18.608,24.6
146100,18.608,24.6
146200,18.608,24.6
146300,18.608,24.6
146400,18.608,24.6
146500,18.608,24.6
146600,18.608,24.6
146700,18.608,24.6
146800,18.608,24.6
146900,18.608,24.6
147000,18.608,24.6
147100,18.608,24.6
147200,18.608,24.6
147300,18.608,24.6
147400,18.608,24.6
147500,18.608,24.6
147600,18.608,24.6
147700,18.608,24.6
147800,18.608,24.6
147900,18.608,24.6
148000,18.608,24.6
148100,18.608,24.6
148200,18.608,24.6
148300,18.608,24.6
148400,18.608,24.6
148500,18.608,24.6
148600,18.608,24.6
148700,18.608,24.6
148800,18.608,24.6
148900,18.608,24.6
149000,18.608,24.6
149100,18.608,24.6
149200,18.608,24.6
149300,18.608,24.6
149400,18.608,24.6
149500,18.608,24.6
149600,18.608,24.6
149700,18.608,24.6
149800,18.608,24.6
149900,18.608,24.6
150000,18.608,24.6
150100,18.608,24.6
150200,18.608,24.6
150300,18.608,24.6
150400,18.608,24.6
150500,18.608,24.6
150600,18.608,24.6
150700,18.608,24.6
150800,18.608,24.6
150900,18.608,24.6
151000,18.608,24.6
151100,18.608,24.6
151200,18.608,24.6
151300,18.608,24.6
151400,18.608,24.6
151500,18.608,24.6
151600,18.608,24.6
151700,18.608,24.6
151800,18.608,24.6
151900,18.608,24.6
152000,18.608,24.6
152100,18.608,24.6
152200,18.608,24.6
152300,18.608,24.6
152400,18.608,24.6
152500,18.608,24.6
152600,18.608,24.6
152700,18.608,24.6
152800,18.608,24.6
152900,18.608,24.6
153000,18.608,24.6
153100,18.608,24.6
153200,18.608,24.6
153300,18.608,24.6
153400,18.608,24.6
153500,18.608,24.6
153600,18.608,24.6
153700,18.608,24.6
153800,18.608,24.6
153900,18.608,24.6
154000,18.608,24.6
154100,18.608,24.6
154200,18.608,24.6
154300,18.608,24.6
154400,18.608,24.6
154500,18.608,24.6
154600,18.608,24.6
154700,18.608,24.6
154800,18.608,24.6
154900,18.608,24.6
155000,18.608,24.6
155100,18.608,24.6
155200,18.608,24.6
155300,18.608,24.6
155400,18.608,24.6
155500,18.608,24.6
155600,18.608,24.6
155700,18.608,24.6
155800,18.608,24.6
155900,18.608,24.6
156000,18.608,24.6
156100,18.608,24.6
156200,18.608,24.6
156300,18.608,24.6
156400,18.608,24.6
156500,18.608,24.6
156600,18.608,24.6
156700,18.608,24.6
156800,18.608,24.6
156900,18.608,24.6
157000,18.608,24.6
157100,18.608,24.6
157200,18.608,24.6
157300,18.608,24.6
157400,18.608,24.6
157500,18.608,24.6
157600,18.608,24.6
157700,18.608,24.6
157800,18.608,24.6
157900,18.608,24.6
158000,18.608,24.6
158100,18.608,24.6
158200,18.608,24.6
158300,18.608,24.6
158400,18.608,24.6
158500,18.608,24.6
158600,18.608,24.6
158700,18.608,24.6
158800,18.608,24.6
158900,18.608,24.6
159000,18.608,24.6
159100,18.608,24.6
159200,18.608,24.6
159300,18.608,24.6
159400,18.608,24.6
159500,18.608,24.6
159600,18.608,24.6
159700,18.608,24.6
159800,18.608,24.6
159900,18.608,24.6
160000,18.608,24.6
160100,18.608,24.6
160200,18.608,24.6
160300,18.608,24.6
160400,18.608,24.6
160500,18.608,24.6
160600,18.608,24.6
160700,18.608,24.6
160800,18.608,24.6
160900,18.608,24.6
161000,18.608,24.6
161100,18.608,24.6
161200,18.608,24.6
161300,18.608,24.6
161400,18.608,24.6
161500,18.608,24.6
161600,18.608,24.6
161700,18.608,24.6
161800,18.608,24.6
161900,18.608,24.6
162000,18.608,24.6
162100,18.608,24.6
162200,18.608,24.6
162300,18.608,24.6
162400,18.608,24.6
162500,18.608,24.6
162600,18.608,24.6
162700,18.608,24.6
162800,18.608,24.6
162900,18.608,24.6
163000,18.608,24.6
163100,18.608,24.6
163200,18.608,24.6
163300,18.608,24.6
163400,18.608,24.6
163500,18.608,24.6
163600,18.608,24.6
163700,18.608,24.6
163800,18.608,24.6
163900,18.608,24.6
164000,18.608,24.6
164100,18.608,24.6
164200,18.608,24.6
164300,18.608,24.6
164400,18.608,24.6
164500,18.608,24.6
164600,18.608,24.6
164700,18.608,24.6
164800,18.608,24.6
164900,18.608,24.6
165000,18.608,24.6
165100,18.608,24.6
165200,18.608,24.6
165300,18.608,24.6
165400,18.608,24.6
165500,18.608,24.6
165600,18.608,24.6
165700,18.608,24.6
165800,18.608,24.6
165900,18.608,24.6
166000,18.608,24.6
166100,18.608,24.6
166200,18.608,24.6
166300,18.608,24.6
166400,18.608,24.6
166500,18.608,24.6
166600,18.608,24.6
166700,18.608,24.6
166800,18.608,24.6
166900,18.608,24.6
167000,18.608,24.6
167100,18.608,24.6
167200,18.608,24.6
167300,18.608,24.6
167400,18.608,24.6
167500,18.608,24.6
167600,18.608,24.6
167700,18.608,24.6
167800,18.608,24.6
167900,18.608,24.6
168000,18.608,24.6
168100,18.608,24.6
168200,18.608,24.6
168300,18.608,24.6
168400,18.608,24.6
168500,18.608,24.6
168600,18.608,24.6
168700,18.608,24.6
168800,18.608,24.6
168900,18.608,24.6
169000,18.608,24.6
169100,18.608,24.6
169200,18.608,24.6
169300,18.608,24.6
169400,18.608,24.6
169500,18.608,24.6
169600,18.608,24.6
169700,18.608,24.6
169800,18.608,24.6
169900,18.608,24.6
170000,18.608,24.6
170100,18.608,24.6
170200,18.608,24.6
170300,18.608,24.6
170400,18.608,24.6
170500,18.608,24.6
170600,18.608,24.6
170700,18.608,24.6
170800,18.608,24.6
170900,18.608,24.6
171000,18.608,24.6
171100,18.608,24.6
171200,18.608,24.6
171300,18.608,24.6
171400,18.608,24.6
171500,18.608,24.6
171600,18.608,24.6
171700,18.608,24.6
171800,18.608,24.6
171900,18.608,24.6
172000,18.608,24.6
172100,18.608,24.6
172200,18.608,24.6
172300,18.608,24.6
172400,18.608,24.6
172500,18.608,24.6
172600,18.608,24.6
172700,18.608,24.6
172800,18.608,24.6
172900,18.608,24.6
173000,18.608,24.6
173100,18.608,24.6
173200,18.608,24.6
173300,18.608,24.6
173400,18.608,24.6
173500,18.608,24.6
173600,18.608,24.6
173700,18.608,24.6
173800,18.608,24.6
173900,18.608,24.6
174000,18.608,24.6
174100,18.608,24.6
174200,18.608,24.6
174300,18.608,24.6
174400,18.608,24.6
174500,18.608,24.6
174600,18.608,24.6
174700,18.608,24.6
174800,18.608,24.6
174900,18.608,24.6
175000,18.608,24.6
175100,18.608,24.6
175200,18.608,24.6
175300,18.608,24.6
175400,18.608,24.6
175500,18.608,24.6
175600,18.608,24.6
175700,18.608,24.6
175800,18.608,24.6
175900,18.608,24.6
176000,18.608,24.6
176100,18.608,24.6
176200,18.608,24.6
176300,18.608,24.6
176400,18.608,24.6
176500,18.608,24.6
176600,18.608,24.6
176700,18.608,24.6
176800,18.608,24.6
176900,18.608,24.6
177000,18.608,24.6
177100,18.608,24.6
177200,18.608,24.6
177300,18.608,24.6
177400,18.608,24.6
177500,18.608,24.6
177600,18.608,24.6
177700,18.608,24.6
177800,18.608,24.6
177900,18.608,24.6
178000,18.608,24.6
178100,18.608,24.6
178200,18.608,24.6
178300,18.608,24.6
178400,18.608,24.6
178500,18.608,24.6
178600,18.608,24.6
178700,18.608,24.6
178800,18.608,24.6
178900,18.608,24.6
179000,18.608,24.6
179100,18.608,24.6
179200,18.608,24.6
179300,18.608,24.6
179400,18.608,24.6
179500,18.608,24.6
179600,18.608,24.6
179700,18.608,24.6
179800,18.608,24.6
179900,18.608,24.6
180000,18.608,24.6
180100,18.608,24.6
180200,18.608,24.6
180300,18.608,24.6
180400,18.608,24.6
180500,18.608,24.6
180600,18.608,24.6
180700,18.608,24.6
180800,18.608,24.6
180900,18.608,24.6
181000,18.608,24.6
181100,18.608,24.6
181200,18.608,24.6
181300,18.608,24.6
181400,18.608,24.6
181500,18.608,24.6
181600,18.608,24.6
181700,18.608,24.6
181800,18.608,24.6
181900,18.608,24.6
182000,18.608,24.6
182100,18.608,24.6
182200,18.608,24.6
182300,18.608,24.6
182400,18.608,24.6
182500,18.608,24.6
182600,18.608,24.6
182700,18.608,24.6
182800,18.608,24.6
182900,18.608,24.6
183000,18.608,24.6
183100,18.512000000000004,24.6
183200,18.512000000000004,24.6
183300,18.512000000000004,24.6
183400,18.512000000000004,24.6
183500,18.512000000000004,24.6
183600,18.512000000000004,24.6
183700,18.512000000000004,24.6
183800,18.512000000000004,24.6
183900,18.512000000000004,24.6
184000,18.512000000000004,24.6
184100,18.512000000000004,24.6
184200,18.512000000000004,24.6
184300,18.512000000000004,24.6
184400,18.512000000000004,24.6
184500,18.512000000000004,24.6
184600,18.512000000000004,24.6
184700,18.512000000000004,24.6
184800,18.512000000000004,24.6
184900,18.512000000000004,24.6
185000,18.512000000000004,24.6
185100,18.512000000000004,24.6
185200,18.512000000000004,24.6
185300,18.512000000000004,24.6
185400,18.512000000000004,24.6
185500,18.512000000000004,24.6
185600,18.512000000000004,24.6
185700,18.512000000000004,24.6
185800,18.512000000000004,24.6
185900,18.512000000000004,24.6
186000,18.512000000000004,24.6
186100,18.512000000000004,24.6
186200,18.512000000000004,24.6
186300,18.512000000000004,24.6
186400,18.512000000000004,24.6
186500,18.512000000000004,24.6
186600,18.512000000000004,24.6
186700,18.512000000000004,24.6
186800,18.176000000000002,24.6
186900,18.176000000000002,24.6
187000,18.176000000000002,24.6
187100,18.176000000000002,24.6
187200,18.176000000000002,24.6
187300,18.176000000000002,24.6
187400,18.176000000000002,24.6
187500,18.176000000000002,24.6
187600,18.176000000000002,24.6
187700,18.176000000000002,24.6
187800,18.176000000000002,24.6
187900,18.176000000000002,24.6
188000,18.176000000000002,24.6
188100,18.176000000000002,24.6
188200,18.176000000000002,24.6
188300,18.176000000000002,24.6
188400,18.176000000000002,24.6
188500,18.176000000000002,24.6
188600,18.176000000000002,24.6
188700,18.176000000000002,24.6
188800,18.176000000000002,24.6
188900,18.176000000000002,24.6
189000,18.176000000000002,24.6
189100,18.119999999999997,24.6
189200,18.119999999999997,24.6
189300,18.119999999999997,24.6
189400,18.119999999999997,24.6
189500,18.119999999999997,24.6
189600,18.119999999999997,24.6
189700,18.119999999999997,24.6
189800,18.119999999999997,24.6
189900,18.119999999999997,24.6
190000,18.119999999999997,24.6
190100,18.119999999999997,24.6
190200,18.119999999999997,24.6
190300,18.119999999999997,24.6
190400,18.119999999999997,24.6
190500,18.119999999999997,24.6
190600,18.119999999999997,24.6
190700,18.119999999999997,24.6
190800,18.119999999999997,24.6
190900,18.119999999999997,24.6
191000,18.119999999999997,24.6
191100,18.119999999999997,24.6
191200,18.119999999999997,24.6
191300,18.119999999999997,24.6
191400,18.119999999999997,24.6
191500,18.119999999999997,24.6
191600,18.119999999999997,24.6
191700,18.119999999999997,24.6
191800,18.119999999999997,24.6
191900,18.119999999999997,24.6
192000,18.119999999999997,24.6
192100,18.119999999999997,24.6
192200,18.119999999999997,24.6
192300,18.119999999999997,24.6
192400,18.119999999999997,24.6
192500,18.119999999999997,24.6
192600,18.119999999999997,24.6
192700,18.119999999999997,24.6
192800,18.119999999999997,24.6
192900,18.119999999999997,24.6
193000,18.119999999999997,24.6
193100,18.119999999999997,24.6
193200,18.119999999999997,24.6
193300,18.119999999999997,24.6
193400,18.119999999999997,24.6
193500,18.119999999999997,24.6
193600,18.119999999999997,24.6
193700,18.119999999999997,24.6
193800,18.119999999999997,24.6
193900,18.119999999999997,24.6
194000,18.119999999999997,24.6
194100,18.119999999999997,24.6
194200,18.119999999999997,24.6
194300,18.119999999999997,24.6
194400,18.119999999999997,24.6
194500,18.119999999999997,24.6
194600,18.119999999999997,24.6
194700,18.119999999999997,24.6
194800,18.119999999999997,24.6
194900,18.119999999999997,24.6
195000,18.119999999999997,24.6
195100,18.119999999999997,24.6
195200,18.119999999999997,24.6
195300,18.119999999999997,24.6
195400,18.119999999999997,24.6
195500,18.119999999999997,24.6
195600,18.119999999999997,24.6
195700,18.119999999999997,24.6
195800,18.119999999999997,24.6
195900,18.119999999999997,24.6
196000,18.119999999999997,24.6
196100,18.119999999999997,24.6
196200,18.119999999999997,24.6
196300,18.119999999999997,24.6
196400,18.119999999999997,24.6
196500,18.119999999999997,24.6
196600,18.119999999999997,24.6
196700,18.119999999999997,24.6
196800,18.119999999999997,24.6
196900,18.119999999999997,24.6
197000,18.119999999999997,24.6
197100,18.119999999999997,24.6
197200,18.119999999999997,24.6
197300,18.119999999999997,24.6
197400,18.119999999999997,24.6
197500,18.119999999999997,24.6
197600,18.119999999999997,24.6
197700,18.119999999999997,24.6
197800,18.119999999999997,24.6
197900,18.119999999999997,24.6
198000,18.119999999999997,24.6
198100,18.119999999999997,24.6
198200,18.119999999999997,24.6
198300,18.119999999999997,24.6
198400,18.119999999999997,24.6
198500,18.119999999999997,24.6
198600,18.119999999999997,24.6
198700,18.119999999999997,24.6
198800,18.119999999999997,24.6
198900,18.119999999999997,24.6
199000,18.119999999999997,24.6
199100,18.119999999999997,24.6
199200,18.119999999999997,24.6
199300,18.119999999999997,24.6
199400,18.119999999999997,24.6
199500,18.119999999999997,24.6
199600,18.119999999999997,24.6
199700,18.119999999999997,24.6
199800,18.119999999999997,24.6
199900,18.119999999999997,24.6
199999,18.119999999999997,24.6

START ALGORITHM
h2: (a45) * (b13 + b13)
h14: (a12 + a55 - a33) * (-b21)
h15: (a41 - a34 - a22) * (-b35)
h17: (a35 + a52 + a35 + a21 + a52 + a34 + a11 + a51 + a54 + a43 + a31 + a32 + a12 + a24 + a41 + a41 + a34 + a14 + a14 - a34 - a44 - a44 - a11 - a45 - a51 - a22 - a51 - a21 - a21 - a51 - a12 - a55 - a31 - a41 - a32 - a22 - a12 - a52 - a21 - a14 - a52 - a34 - a14 - a13) * (b54 + b45 + b22 + b25 - b11 - b31 - b13)
h18: (-a54 - a23 - a15) * (b25 + b24 + b31 + b52 - b55)
h25: (a21 + a32 - a22 - a33 - a24) * (b22 - b21)
h39: (a33 + a54 + a15 - a44 - a11 - a34) * (b53 + b11 + b51 - b43 - b13)
h46: (-a31 - a54 - a52 - a44 - a11 - a41 - a15 - a15) * (-b23)
h53: (a22 + a42 + a51 - a42 - a11) * (b45 - b54 - b24 - b42)
h55: (a23) * (-b15)
h61: (a54 - a35 - a33 - a13) * (b14 - b31)
h65: (-a25 - a45 - a45) * (b41 + b13 + b55 + b33 - b33)
h74: (-a11 - a53 - a43 - a12) * (b55)
h82: (a45 + a55 - a45) * (b21 + b31 + b22 - b25 - b42 - b43)
h89: (-a52) * (b13 + b52 + b24 - b21 - b43 - b23 - b45)
h90: (-a22 - a13) * (b31 + b25 - b51)
h93: (-a35 - a24) * (b11 + b43 - b32)
h104: (-a34) * (-b52)
h106: (a13) * (b54 + b35 + b25 - b25)
h114: (a41) * (b35 + b35 + b44 + b35 - b51 - b45 - b44 - b44)
h116: (a15 + a24 - a12 - a31) * (b12 - b13)
h121: (a31 + a22 + a55 - a32) * (b21 + b23 + b34 + b34 - b52)
h123: (a32) * (b43 + b14 + b54 + b31 + b25 + b52 - b31 - b25 - b42 - b45 - b23)
h124: (a22 + a33 + a24 + a33 + a41 - a44) * (b51 + b23 - b53 - b14 - b42 - b14)
h127: (-a42) * (b11 + b15 - b32 - b13 - b13 - b24 - b53)
h167: (a51 + a55 + a25 + a32 + a31 + a31 - a54 - a11 - a41 - a52 - a12 - a42 - a44 - a15 - a54 - a35) * (b31 + b22 + b51 - b55 - b11)
h171: (a54) * (b31 + b31 - b53)
h196: (a14 + a32 + a25 + a14) * (b12 + b41 + b22 + b13 + b33 + b43 - b21 - b11 - b33 - b35 - b31 - b53 - b55 - b35 - b31 - b22)
h225: (a25 + a13 + a22 + a45 + a55 + a52 + a25 + a43 - a54 - a21 - a13) * (b12 + b52 + b33 + b21 + b31 + b13 - b25 - b15 - b13 - b15 - b32)
h237: (a51 - a51) * (b41 - b13)
h278: (a31 - a32) * (b32)
h321: (a32 - a15) * (b54 - b41)
h422: (a35 + a52 - a53 - a51) * (b53)
h903: (a22 + a13) * (b44 - b21 - b35)
h941: (a13 - a15 - a52) * (b32 - b33)
h1182: (a45) * (b53 - b54 - b34)
h2486: (-a34) * (b21 + b42 - b32)
h2614: (-a12 - a51) * (b25)
h2883: (a45 + a44 + a41 + a32 - a13 - a54) * (b25 - b31 - b25)
h4792: (-a12) * (b55 + b35 + b54 + b13 + b15 - b25 - b35 - b43 - b22)
h5982: (a41 + a34 + a22 + a35 + a23 - a45 - a25 - a14 - a43) * (b15 + b14 + b41 + b45 - b25)
h6627: (-a15 - a34) * (b14 - b44)
h6660: (-a15 - a12) * (b23)
h15655: (-a23) * (b22 + b23 + b52 + b31 + b14 + b45 + b34 - b51 - b55 - b33 - b54 - b41 - b15 - b22)
h15813: (a32 - a35 - a31 - a25) * (b13 + b12)
h16001: (a45 - a23) * (b43 + b42 - b45)
h16853: (a25 - a24 - a55 - a42) * (b31 + b12)
h18190: (a51 - a15 - a22) * (b35 + b23 + b23 + b32 + b32 - b41 - b42 - b14 - b53 - b15 - b41 - b12 - b25 - b31 - b33)
h19015: (a21) * (b23 + b53 - b42 - b52 - b55 - b14)
h20712: (a51 + a42 + a54 + a12 + a43 + a22 + a24 - a43 - a13 - a44 - a43 - a51) * (b11)
h27523: (a15 - a11) * (b13 + b31 + b44 - b35 - b32 - b54 - b53 - b55 - b23 - b52)
h46099: (a13 + a42 + a55 - a23) * (b41 - b13 - b34 - b43 - b33)
c11: h5982 + h321 
c12: h104 + h196 + h1182 - h39 - h2614 - h16853 
c13: - h82 - h18190 
c14: h65 - h82 
c15: h121 + h196 + h2883 
c21: h14 - h2 - h114 - h225 - h237 - h27523 
c22: h2 + h2486 + h25 
c23: h74 + h225 + h16001 
c24: h93 + h127 + h46 - h124 - h106 
c25: h65 + h114 + h171 
c31: h55 + h422 + h941 + h93 - h19015 
c32: h15813 - h90 - h18 
c33: h46 + h114 + h167 + h171 
c34: h89 + h2883 + h20712 
c35: h46 - h74 - h17 
c41: h15 + h53 + h171 - h61 
c42: h121 + h6627 - h82 - h61 - h941 
c43: h6627 - h39 - h903 
c44: h225 + h4792 - h278 - h46099 
c45: h55 + h123 + h127 + h278 + h82 - h116 
c51: h237 - h124 - h17 - h15655 
c52: h15 + h25 + h65 + h90 
c53: h225 
c54: - h116 
c55: h106 + h171 - h321 - h6660 
