0,162.36,25
100,124.90400000000002,24.8
200,107.008,25
300,92.40799999999999,25
400,88.52,25
500,81.73599999999999,25
600,78.408,25
700,73.616,25
800,65.37599999999999,25
900,61.68000000000001,25
1000,61.16799999999999,25
1100,61.11199999999999,25
1200,59.032,25
1300,58.39200000000001,25
1400,58.232000000000006,25
1500,57.896,25
1600,57.4,25
1700,56.312,25
1800,55.056000000000004,25
1900,55.056000000000004,25
2000,54.664,25
2100,53.391999999999996,25
2200,52.064,24.8
2300,52.064,24.8
2400,52.064,24.8
2500,50.656000000000006,24.8
2600,49.384,24.6
2700,49.352,25
2800,49.352,25
2900,47.616,25
3000,47.616,25
3100,47.456,25
3200,47.456,25
3300,46.904,25
3400,46.904,25
3500,45.775999999999996,25
3600,43.664,25
3700,43.48,25
3800,43.48,25
3900,43.48,25
4000,42.983999999999995,25
4100,42.983999999999995,25
4200,42.767999999999994,25
4300,40.928000000000004,25
4400,40.928000000000004,25
4500,40.808,25
4600,40.808,25
4700,40.8,25
4800,40.768,25
4900,40.768,25
5000,39.912,25
5100,39.912,25
5200,39.912,25
5300,39.912,25
5400,39.912,25
5500,39.912,25
5600,39.912,25
5700,39.912,25
5800,39.912,25
5900,39.912,25
6000,39.848,25
6100,39.848,25
6200,39.848,25
6300,39.848,25
6400,39.648,25
6500,38.792,25
6600,38.007999999999996,25
6700,38.007999999999996,25
6800,38.007999999999996,25
6900,38.007999999999996,25
7000,38.007999999999996,25
7100,38.007999999999996,25
7200,38.007999999999996,25
7300,38.007999999999996,25
7400,38.007999999999996,25
7500,38.007999999999996,25
7600,38.007999999999996,25
7700,38.007999999999996,25
7800,38.007999999999996,25
7900,38.007999999999996,25
8000,38.007999999999996,25
8100,38.007999999999996,25
8200,38.007999999999996,25
8300,36.952000000000005,25
8400,36.952000000000005,25
8500,36.952000000000005,25
8600,36.952000000000005,25
8700,36.952000000000005,25
8800,36.952000000000005,25
8900,36.952000000000005,25
9000,36.952000000000005,25
9100,36.76,25
9200,36.76,25
9300,36.76,25
9400,36.76,25
9500,36.76,25
9600,36.696,25
9700,36.696,25
9800,36.696,25
9900,36.496,25
10000,36.496,25
10100,36.496,25
10200,36.496,25
10300,36.496,25
10400,36.496,25
10500,36.496,25
10600,36.496,25
10700,36.496,25
10800,36.496,25
10900,36.496,25
11000,36.496,25
11100,36.496,25
11200,35.36,25
11300,34.768,25
11400,34.656,25
11500,34.656,25
11600,34.656,25
11700,34.656,25
11800,34.656,25
11900,34.656,25
12000,34.656,25
12100,34.656,25
12200,34.656,25
12300,34.656,25
12400,34.656,25
12500,34.656,25
12600,34.656,25
12700,34.656,25
12800,34.656,25
12900,34.656,25
13000,34.656,25
13100,34.656,25
13200,34.656,25
13300,34.656,25
13400,34.656,25
13500,34.455999999999996,25
13600,34.455999999999996,25
13700,34.455999999999996,25
13800,34.455999999999996,25
13900,34.455999999999996,25
14000,34.455999999999996,25
14100,34.455999999999996,25
14200,34.455999999999996,25
14300,34.455999999999996,25
14400,34.455999999999996,25
14500,34.455999999999996,25
14600,34.455999999999996,25
14700,34.455999999999996,25
14800,34.455999999999996,25
14900,34.455999999999996,25
15000,34.455999999999996,25
15100,34.455999999999996,25
15200,34.455999999999996,25
15300,34.455999999999996,25
15400,34.455999999999996,25
15500,34.455999999999996,25
15600,34.455999999999996,25
15700,34.455999999999996,25
15800,34.455999999999996,25
15900,34.248000000000005,25
16000,34.168,25
16100,34.168,25
16200,34.168,25
16300,34.168,25
16400,34.168,25
16500,34.056,25
16600,34.056,25
16700,34.056,25
16800,34.056,25
16900,34.056,25
17000,34.056,25
17100,34.056,25
17200,34.048,25
17300,34.048,25
17400,33.816,25
17500,33.471999999999994,25
17600,33.471999999999994,24.8
17700,33.256,24.8
17800,33.256,24.8
17900,32.55200000000001,24.8
18000,32.55200000000001,24.8
18100,32.55200000000001,24.8
18200,32.55200000000001,24.8
18300,32.55200000000001,24.8
18400,32.55200000000001,24.8
18500,32.55200000000001,24.8
18600,32.55200000000001,24.8
18700,32.55200000000001,24.8
18800,32.55200000000001,24.8
18900,32.55200000000001,24.8
19000,32.55200000000001,24.8
19100,32.55200000000001,24.8
19200,32.55200000000001,24.8
19300,32.55200000000001,24.8
19400,32.55200000000001,24.8
19500,32.55200000000001,24.8
19600,32.55200000000001,24.8
19700,32.55200000000001,24.8
19800,32.55200000000001,24.8
19900,32.55200000000001,24.8
20000,32.55200000000001,24.8
20100,32.55200000000001,24.8
20200,32.55200000000001,24.8
20300,32.4,24.8
20400,32.4,24.8
20500,32.4,24.8
20600,32.4,24.8
20700,32.4,24.8
20800,32.4,24.8
20900,32.4,24.8
21000,32.4,24.8
21100,32.4,24.8
21200,32.4,24.8
21300,32.4,24.8
21400,32.4,24.8
21500,32.4,24.8
21600,32.4,24.8
21700,32.4,24.8
21800,32.4,24.8
21900,32.248000000000005,24.8
22000,32.12,24.8
22100,32.12,24.8
22200,32.12,24.8
22300,32.12,24.8
22400,32.112,24.8
22500,32.112,24.8
22600,32.112,24.8
22700,32.112,24.8
22800,32.112,24.8
22900,32.112,24.8
23000,32.112,24.8
23100,32.112,24.8
23200,32.112,24.8
23300,32.112,24.8
23400,32.112,24.8
23500,32.112,24.8
23600,32.072,24.8
23700,32.072,24.8
23800,32.072,24.8
23900,32.072,24.8
24000,32.072,24.8
24100,32.072,24.8
24200,32.072,24.8
24300,32.072,24.8
24400,32.072,24.8
24500,32.072,24.8
24600,32.072,24.8
24700,32.072,24.8
24800,32.072,24.8
24900,32.072,24.8
25000,32.072,24.8
25100,32.072,24.8
25200,32.072,24.8
25300,31.560000000000002,24.8
25400,31.560000000000002,24.8
25500,31.560000000000002,24.8
25600,31.560000000000002,24.8
25700,31.560000000000002,24.8
25800,31.560000000000002,24.8
25900,31.560000000000002,24.8
26000,31.560000000000002,24.8
26100,31.560000000000002,24.8
26200,31.560000000000002,24.8
26300,31.560000000000002,24.8
26400,31.560000000000002,24.8
26500,31.560000000000002,24.8
26600,31.560000000000002,24.8
26700,31.560000000000002,24.8
26800,31.560000000000002,24.8
26900,31.560000000000002,24.8
27000,31.560000000000002,24.8
27100,31.560000000000002,24.8
27200,31.560000000000002,24.8
27300,31.560000000000002,24.8
27400,31.560000000000002,24.8
27500,31.560000000000002,24.8
27600,31.472,24.8
27700,31.472,24.8
27800,31.472,24.8
27900,31.472,24.8
28000,31.472,24.8
28100,31.352000000000004,24.8
28200,31.352000000000004,24.8
28300,31.352000000000004,24.8
28400,31.352000000000004,24.8
28500,31.352000000000004,24.8
28600,31.352000000000004,24.8
28700,31.352000000000004,24.8
28800,31.191999999999997,25
28900,31.191999999999997,25
29000,31.191999999999997,25
29100,31.191999999999997,25
29200,31.191999999999997,25
29300,31.191999999999997,25
29400,31.191999999999997,25
29500,31.191999999999997,25
29600,31.191999999999997,25
29700,31.191999999999997,25
29800,31.191999999999997,25
29900,31.191999999999997,25
30000,31.191999999999997,25
30100,31.191999999999997,25
30200,31.191999999999997,25
30300,31.191999999999997,25
30400,31.191999999999997,25
30500,31.080000000000002,25
30600,31.080000000000002,25
30700,31.080000000000002,25
30800,31.080000000000002,25
30900,31.080000000000002,25
31000,31.080000000000002,25
31100,31.080000000000002,25
31200,31.080000000000002,25
31300,31.080000000000002,25
31400,31.080000000000002,25
31500,31.080000000000002,25
31600,31.080000000000002,25
31700,31.080000000000002,25
31800,31.080000000000002,25
31900,31.080000000000002,25
32000,31.080000000000002,25
32100,31.080000000000002,25
32200,31.080000000000002,25
32300,31.080000000000002,25
32400,31.080000000000002,25
32500,31.080000000000002,25
32600,31.080000000000002,25
32700,31.080000000000002,25
32800,31.080000000000002,25
32900,31.080000000000002,25
33000,31.080000000000002,25
33100,31.080000000000002,25
33200,31.080000000000002,25
33300,31.080000000000002,25
33400,30.936,25
33500,30.568,25
33600,30.568,25
33700,30.568,25
33800,30.568,25
33900,30.568,25
34000,30.568,25
34100,30.568,25
34200,30.568,25
34300,30.568,25
34400,30.568,25
34500,30.568,25
34600,30.568,25
34700,30.568,25
34800,30.415999999999997,25
34900,30.415999999999997,25
35000,30.415999999999997,25
35100,30.415999999999997,25
35200,30.415999999999997,25
35300,30.407999999999998,25
35400,30.407999999999998,25
35500,30.407999999999998,25
35600,30.407999999999998,25
35700,30.407999999999998,25
35800,30.407999999999998,25
35900,30.407999999999998,25
36000,30.407999999999998,25
36100,30.407999999999998,25
36200,30.407999999999998,25
36300,30.407999999999998,25
36400,30.407999999999998,25
36500,30.407999999999998,25
36600,30.407999999999998,25
36700,30.407999999999998,25
36800,30.407999999999998,25
36900,30.407999999999998,25
37000,30.407999999999998,25
37100,30.407999999999998,25
37200,30.407999999999998,25
37300,30.407999999999998,25
37400,30.407999999999998,25
37500,30.407999999999998,25
37600,30.407999999999998,25
37700,30.407999999999998,25
37800,30.407999999999998,25
37900,30.407999999999998,25
38000,30.407999999999998,25
38100,30.407999999999998,25
38200,30.407999999999998,25
38300,30.407999999999998,25
38400,30.407999999999998,25
38500,30.407999999999998,25
38600,30.407999999999998,25
38700,30.407999999999998,25
38800,30.407999999999998,25
38900,30.407999999999998,25
39000,30.407999999999998,25
39100,30.407999999999998,25
39200,30.407999999999998,25
39300,30.407999999999998,25
39400,30.4,25
39500,30.4,25
39600,30.4,25
39700,29.768,25
39800,29.768,25
39900,29.768,25
40000,29.768,25
40100,29.768,25
40200,29.536,25
40300,29.536,25
40400,29.536,25
40500,29.536,25
40600,29.536,25
40700,29.536,25
40800,29.536,25
40900,29.456,25
41000,29.456,25
41100,29.456,25
41200,29.456,25
41300,29.456,25
41400,29.456,25
41500,29.456,25
41600,29.456,25
41700,29.456,25
41800,29.456,25
41900,29.456,25
42000,29.456,25
42100,29.456,25
42200,29.456,25
42300,29.183999999999997,25
42400,29.183999999999997,25
42500,29.183999999999997,25
42600,29.183999999999997,25
42700,29.183999999999997,25
42800,29.183999999999997,25
42900,29.183999999999997,25
43000,29.183999999999997,25
43100,29.183999999999997,25
43200,29.183999999999997,25
43300,29.183999999999997,25
43400,29.183999999999997,25
43500,29.183999999999997,25
43600,29.183999999999997,25
43700,29.183999999999997,25
43800,29.183999999999997,25
43900,29.183999999999997,25
44000,29.183999999999997,25
44100,29.183999999999997,25
44200,29.183999999999997,25
44300,29.183999999999997,25
44400,29.183999999999997,25
44500,29.183999999999997,25
44600,29.183999999999997,25
44700,29.183999999999997,25
44800,29.183999999999997,25
44900,29.183999999999997,25
45000,29.183999999999997,25
45100,29.183999999999997,25
45200,29.183999999999997,25
45300,29.183999999999997,25
45400,29.183999999999997,25
45500,29.183999999999997,25
45600,29.183999999999997,25
45700,29.183999999999997,25
45800,28.944,25
45900,28.944,25
46000,28.944,25
46100,28.944,25
46200,28.944,25
46300,28.944,25
46400,28.743999999999993,25
46500,28.743999999999993,25
46600,28.743999999999993,25
46700,28.743999999999993,25
46800,28.743999999999993,25
46900,28.743999999999993,25
47000,28.743999999999993,25
47100,28.743999999999993,25
47200,28.743999999999993,25
47300,28.743999999999993,25
47400,28.743999999999993,25
47500,28.743999999999993,25
47600,28.743999999999993,25
47700,28.743999999999993,25
47800,28.743999999999993,25
47900,28.743999999999993,25
48000,28.743999999999993,25
48100,28.743999999999993,25
48200,28.743999999999993,25
48300,28.743999999999993,25
48400,28.743999999999993,25
48500,28.743999999999993,25
48600,28.743999999999993,25
48700,28.743999999999993,25
48800,28.743999999999993,25
48900,28.743999999999993,25
49000,28.743999999999993,25
49100,28.743999999999993,25
49200,28.743999999999993,25
49300,28.743999999999993,25
49400,28.712,25
49500,28.712,25
49600,28.712,25
49700,28.712,25
49800,28.712,25
49900,28.648000000000003,25
50000,28.648000000000003,25
50100,28.648000000000003,25
50200,28.648000000000003,25
50300,28.648000000000003,25
50400,28.648000000000003,25
50500,28.648000000000003,25
50600,28.648000000000003,25
50700,27.815999999999995,25
50800,27.815999999999995,25
50900,27.815999999999995,25
51000,27.815999999999995,25
51100,27.815999999999995,25
51200,27.815999999999995,25
51300,27.815999999999995,25
51400,27.208000000000006,25
51500,27.2,25
51600,27.2,25
51700,27.2,25
51800,27.2,25
51900,27.2,25
52000,27.2,25
52100,27.2,25
52200,27.2,25
52300,27.2,25
52400,27.2,25
52500,26.952000000000005,25
52600,26.952000000000005,25
52700,26.952000000000005,25
52800,26.952000000000005,25
52900,26.952000000000005,25
53000,26.952000000000005,25
53100,26.952000000000005,25
53200,26.688,25
53300,26.688,25
53400,26.688,25
53500,26.216,25
53600,26.216,25
53700,26.216,25
53800,26.216,25
53900,26.216,25
54000,26.216,25
54100,26.216,25
54200,26.216,25
54300,26.216,25
54400,26.216,25
54500,26.216,25
54600,26.216,25
54700,26.216,25
54800,26.216,25
54900,26.216,25
55000,26.216,25
55100,25.951999999999998,25
55200,25.951999999999998,25
55300,25.951999999999998,25
55400,25.951999999999998,25
55500,25.951999999999998,25
55600,25.951999999999998,25
55700,25.951999999999998,25
55800,25.951999999999998,25
55900,25.951999999999998,25
56000,25.951999999999998,25
56100,25.951999999999998,25
56200,25.720000000000006,25
56300,25.720000000000006,25
56400,25.720000000000006,25
56500,25.720000000000006,25
56600,25.720000000000006,25
56700,25.720000000000006,25
56800,25.720000000000006,25
56900,25.720000000000006,25
57000,25.720000000000006,25
57100,25.720000000000006,25
57200,25.720000000000006,25
57300,25.720000000000006,25
57400,25.720000000000006,25
57500,25.720000000000006,25
57600,25.720000000000006,25
57700,25.720000000000006,25
57800,25.720000000000006,25
57900,25.720000000000006,25
58000,25.720000000000006,25
58100,25.720000000000006,25
58200,25.720000000000006,25
58300,25.720000000000006,25
58400,25.720000000000006,25
58500,25.720000000000006,25
58600,25.720000000000006,25
58700,25.720000000000006,25
58800,25.424,25
58900,25.424,25
59000,25.424,25
59100,25.424,25
59200,25.424,25
59300,25.424,25
59400,25.424,25
59500,25.424,25
59600,25.424,25
59700,25.424,25
59800,25.424,25
59900,25.424,25
60000,25.424,25
60100,25.424,25
60200,25.424,25
60300,25.424,25
60400,25.424,25
60500,25.424,25
60600,25.424,25
60700,25.424,25
60800,25.424,25
60900,25.424,25
61000,25.424,25
61100,25.424,25
61200,25.424,25
61300,25.424,25
61400,25.424,25
61500,25.424,25
61600,25.424,25
61700,25.424,25
61800,25.424,25
61900,25.424,25
62000,25.424,25
62100,25.424,25
62200,25.424,25
62300,25.424,25
62400,25.424,25
62500,25.424,25
62600,25.424,25
62700,25.424,25
62800,25.424,25
62900,25.424,25
63000,25.424,25
63100,25.424,25
63200,25.424,25
63300,25.424,25
63400,25.424,25
63500,25.424,25
63600,25.424,25
63700,25.424,25
63800,25.424,25
63900,25.424,25
64000,25.424,25
64100,25.424,25
64200,25.424,25
64300,25.424,25
64400,25.424,25
64500,25.424,25
64600,25.424,25
64700,25.424,25
64800,25.424,25
64900,25.424,25
65000,25.424,25
65100,25.424,25
65200,25.311999999999998,25
65300,25.311999999999998,25
65400,25.311999999999998,25
65500,25.311999999999998,25
65600,25.311999999999998,25
65700,25.311999999999998,25
65800,25.311999999999998,25
65900,25.311999999999998,25
66000,25.311999999999998,25
66100,25.311999999999998,25
66200,25.311999999999998,25
66300,25.311999999999998,25
66400,25.311999999999998,25
66500,25.311999999999998,25
66600,25.311999999999998,25
66700,25.311999999999998,25
66800,25.311999999999998,25
66900,25.311999999999998,25
67000,25.311999999999998,25
67100,25.311999999999998,25
67200,25.311999999999998,25
67300,25.311999999999998,25
67400,25.311999999999998,25
67500,25.311999999999998,25
67600,25.311999999999998,25
67700,25.311999999999998,25
67800,25.311999999999998,25
67900,25.311999999999998,25
68000,25.311999999999998,25
68100,25.311999999999998,25
68200,25.311999999999998,25
68300,25.311999999999998,25
68400,25.311999999999998,25
68500,25.311999999999998,25
68600,25.311999999999998,25
68700,25.311999999999998,25
68800,25.311999999999998,25
68900,25.311999999999998,25
69000,25.032,25
69100,25.032,25
69200,25.032,25
69300,25.032,25
69400,25.032,25
69500,25.032,25
69600,25.032,25
69700,25.032,25
69800,25.032,25
69900,25.032,25
70000,25.032,25
70100,25.032,25
70200,25.032,25
70300,25.032,25
70400,25.032,25
70500,25.032,25
70600,25.032,25
70700,25.032,25
70800,25.032,25
70900,25.032,25
71000,25.032,25
71100,25.032,25
71200,25.032,25
71300,25.032,25
71400,25.032,25
71500,25.032,25
71600,25.032,25
71700,25.032,25
71800,25.032,25
71900,25.032,25
72000,25.032,25
72100,25.032,25
72200,25.032,25
72300,25.032,25
72400,25.032,25
72500,25.032,25
72600,25.032,25
72700,25.032,25
72800,25.032,25
72900,24.816000000000003,25
73000,24.816000000000003,25
73100,24.624,25
73200,24.624,25
73300,24.624,25
73400,24.624,25
73500,24.624,25
73600,24.624,25
73700,24.624,25
73800,24.624,25
73900,24.624,25
74000,24.624,25
74100,24.624,25
74200,24.624,25
74300,24.503999999999998,25
74400,24.503999999999998,25
74500,24.503999999999998,25
74600,24.503999999999998,25
74700,24.503999999999998,25
74800,24.503999999999998,25
74900,24.448,25
75000,24.448,25
75100,24.448,25
75200,24.448,25
75300,24.448,25
75400,24.448,25
75500,24.448,25
75600,24.448,25
75700,24.448,25
75800,24.448,25
75900,24.448,25
76000,24.448,25
76100,24.448,25
76200,24.448,25
76300,24.448,25
76400,24.448,25
76500,24.448,25
76600,24.448,25
76700,24.448,25
76800,24.448,25
76900,24.448,25
77000,24.448,25
77100,24.448,25
77200,24.448,25
77300,24.448,25
77400,24.448,25
77500,24.448,25
77600,24.448,25
77700,24.448,25
77800,24.384,25
77900,24.384,25
78000,24.384,25
78100,24.384,25
78200,24.384,25
78300,24.384,25
78400,24.384,25
78500,24.080000000000002,25
78600,24.080000000000002,25
78700,24.080000000000002,25
78800,24.080000000000002,25
78900,24.080000000000002,25
79000,24.080000000000002,25
79100,24.080000000000002,25
79200,24.080000000000002,25
79300,24.080000000000002,25
79400,24.080000000000002,25
79500,24.080000000000002,25
79600,24.080000000000002,25
79700,24.080000000000002,25
79800,24.080000000000002,25
79900,24.080000000000002,25
80000,24.080000000000002,25
80100,24.080000000000002,25
80200,24.080000000000002,25
80300,24.080000000000002,25
80400,24.080000000000002,25
80500,24.080000000000002,25
80600,24.080000000000002,25
80700,24.080000000000002,25
80800,24.080000000000002,25
80900,24.080000000000002,25
81000,23.928,25
81100,23.928,25
81200,23.928,25
81300,23.928,25
81400,23.928,25
81500,23.928,25
81600,23.928,25
81700,23.928,25
81800,23.928,25
81900,23.928,25
82000,23.928,25
82100,23.928,25
82200,23.928,25
82300,23.928,25
82400,23.928,25
82500,23.928,25
82600,23.928,25
82700,23.928,25
82800,23.928,25
82900,23.928,25
83000,23.928,25
83100,23.928,25
83200,23.928,25
83300,23.928,25
83400,23.928,25
83500,23.928,25
83600,23.928,25
83700,23.928,25
83800,23.928,25
83900,23.928,25
84000,23.928,25
84100,23.928,25
84200,23.928,25
84300,23.928,25
84400,23.928,25
84500,23.928,25
84600,23.928,25
84700,23.928,25
84800,23.928,25
84900,23.928,25
85000,23.928,25
85100,23.928,25
85200,23.928,25
85300,23.928,25
85400,23.928,25
85500,23.928,25
85600,23.928,25
85700,23.928,25
85800,23.928,25
85900,23.928,25
86000,23.928,25
86100,23.928,25
86200,23.928,25
86300,23.928,25
86400,23.928,25
86500,23.928,25
86600,23.928,25
86700,23.928,25
86800,23.928,25
86900,23.928,25
87000,23.928,25
87100,23.928,25
87200,23.928,25
87300,23.928,25
87400,23.928,25
87500,23.928,25
87600,23.928,25
87700,23.928,25
87800,23.928,25
87900,23.928,25
88000,23.928,25
88100,23.928,25
88200,23.928,25
88300,23.928,25
88400,23.928,25
88500,23.928,25
88600,23.928,25
88700,23.928,25
88800,23.928,25
88900,23.928,25
89000,23.928,25
89100,23.928,25
89200,23.928,25
89300,23.928,25
89400,23.928,25
89500,23.928,25
89600,23.928,25
89700,23.928,25
89800,23.432,25
89900,23.432,25
90000,23.432,25
90100,23.432,25
90200,23.432,25
90300,23.432,25
90400,23.432,25
90500,23.432,25
90600,23.432,25
90700,23.432,25
90800,23.432,25
90900,23.432,25
91000,23.432,25
91100,23.432,25
91200,23.432,25
91300,23.432,25
91400,23.432,25
91500,23.432,25
91600,23.432,25
91700,23.432,25
91800,23.432,25
91900,23.432,25
92000,23.432,25
92100,23.432,25
92200,23.432,25
92300,23.432,25
92400,23.432,25
92500,23.432,25
92600,23.432,25
92700,23.432,25
92800,23.432,25
92900,23.432,25
93000,23.432,25
93100,23.432,25
93200,23.432,25
93300,23.432,25
93400,23.432,25
93500,23.432,25
93600,23.432,25
93700,23.432,25
93800,23.432,25
93900,23.352000000000004,25
94000,23.352000000000004,25
94100,23.352000000000004,25
94200,23.352000000000004,25
94300,23.352000000000004,25
94400,23.352000000000004,25
94500,23.352000000000004,25
94600,23.352000000000004,25
94700,23.352000000000004,25
94800,23.352000000000004,25
94900,23.352000000000004,25
95000,23.352000000000004,25
95100,23.352000000000004,25
95200,23.352000000000004,25
95300,23.352000000000004,25
95400,23.352000000000004,25
95500,23.352000000000004,25
95600,23.352000000000004,25
95700,23.352000000000004,25
95800,23.352000000000004,25
95900,23.352000000000004,25
96000,23.352000000000004,25
96100,23.352000000000004,25
96200,23.352000000000004,25
96300,23.352000000000004,25
96400,23.352000000000004,25
96500,23.352000000000004,25
96600,23.352000000000004,25
96700,23.352000000000004,25
96800,23.352000000000004,25
96900,23.352000000000004,25
97000,23.352000000000004,25
97100,23.352000000000004,25
97200,23.352000000000004,25
97300,23.352000000000004,25
97400,23.352000000000004,25
97500,23.352000000000004,25
97600,23.352000000000004,25
97700,23.352000000000004,25
97800,23.352000000000004,25
97900,23.352000000000004,25
98000,23.352000000000004,25
98100,23.352000000000004,25
98200,23.352000000000004,25
98300,23.352000000000004,25
98400,23.352000000000004,25
98500,23.352000000000004,25
98600,23.352000000000004,25
98700,23.352000000000004,25
98800,23.352000000000004,25
98900,23.352000000000004,25
99000,23.352000000000004,25
99100,23.352000000000004,25
99200,23.352000000000004,25
99300,23.352000000000004,25
99400,23.352000000000004,25
99500,23.352000000000004,25
99600,23.352000000000004,25
99700,23.352000000000004,25
99800,23.352000000000004,25
99900,23.352000000000004,25
100000,23.352000000000004,25
100100,23.352000000000004,25
100200,23.352000000000004,25
100300,23.352000000000004,25
100400,23.352000000000004,25
100500,23.352000000000004,25
100600,23.352000000000004,25
100700,23.352000000000004,25
100800,23.352000000000004,25
100900,23.352000000000004,25
101000,23.352000000000004,25
101100,23.352000000000004,25
101200,23.352000000000004,25
101300,23.144,25
101400,23.144,25
101500,23.144,25
101600,23.144,25
101700,23.144,25
101800,23.144,25
101900,23.144,25
102000,23.144,25
102100,23.144,25
102200,23.144,25
102300,23.144,25
102400,23.144,25
102500,23.144,25
102600,23.144,25
102700,23.144,25
102800,23.144,25
102900,23.144,25
103000,23.144,25
103100,23.144,25
103200,23.144,25
103300,23.144,25
103400,23.144,25
103500,23.144,25
103600,23.144,25
103700,23.144,25
103800,23.144,25
103900,23.144,25
104000,23.144,25
104100,23.144,25
104200,23.144,25
104300,23.144,25
104400,23.144,25
104500,23.144,25
104600,23.144,25
104700,23.144,25
104800,23.144,25
104900,23.144,25
105000,23.144,25
105100,23.144,25
105200,23.144,25
105300,23.144,25
105400,23.144,25
105500,23.144,25
105600,23.144,25
105700,23.144,25
105800,23.144,25
105900,23.144,25
106000,23.144,25
106100,23.144,25
106200,23.144,25
106300,23.144,25
106400,23.144,25
106500,23.144,25
106600,23.144,25
106700,23.144,25
106800,23.144,25
106900,23.144,25
107000,23.144,25
107100,23.144,25
107200,23.144,25
107300,23.144,25
107400,23.144,25
107500,23.144,25
107600,23.144,25
107700,23.144,25
107800,23.144,25
107900,23.144,25
108000,23.144,25
108100,23.144,25
108200,23.144,25
108300,23.144,25
108400,23.144,25
108500,23.144,25
108600,23.144,25
108700,23.144,25
108800,23.144,25
108900,23.144,25
109000,23.144,25
109100,23.144,25
109200,23.144,25
109300,23.144,25
109400,23.144,25
109500,23.144,25
109600,23.144,25
109700,23.144,25
109800,23.144,25
109900,23.144,25
110000,23.144,25
110100,23.144,25
110200,23.144,25
110300,23.144,25
110400,23.144,25
110500,23.144,25
110600,23.144,25
110700,23.144,25
110800,23.144,25
110900,23.144,25
111000,23.144,25
111100,23.144,25
111200,23.144,25
111300,23.144,25
111400,23.144,25
111500,23.144,25
111600,23.144,25
111700,23.144,25
111800,23.144,25
111900,23.144,25
112000,23.144,25
112100,23.144,25
112200,23.144,25
112300,23.144,25
112400,23.144,25
112500,23.144,25
112600,23.144,25
112700,23.144,25
112800,23.144,25
112900,23.144,25
113000,23.144,25
113100,23.144,25
113200,23.144,25
113300,23.144,25
113400,23.144,25
113500,23.144,25
113600,23.144,25
113700,23.144,25
113800,23.144,25
113900,23.144,25
114000,23.144,25
114100,23.144,25
114200,23.144,25
114300,23.144,25
114400,23.144,25
114500,23.144,25
114600,23.144,25
114700,23.144,25
114800,23.144,25
114900,23.144,25
115000,23.144,25
115100,23.144,25
115200,23.144,25
115300,23.144,25
115400,23.144,25
115500,23.144,25
115600,23.144,25
115700,23.144,25
115800,23.144,25
115900,23.144,25
116000,23.144,25
116100,23.144,25
116200,23.144,25
116300,23.144,25
116400,23.144,25
116500,23.144,25
116600,23.144,25
116700,23.144,25
116800,23.144,25
116900,23.144,25
117000,23.144,25
117100,23.144,25
117200,23.144,25
117300,23.144,25
117400,23.144,25
117500,23.144,25
117600,23.144,25
117700,23.144,25
117800,23.144,25
117900,23.144,25
118000,23.144,25
118100,23.144,25
118200,23.144,25
118300,23.144,25
118400,23.144,25
118500,23.144,25
118600,23.144,25
118700,23.144,25
118800,23.144,25
118900,23.144,25
119000,23.144,25
119100,23.144,25
119200,23.144,25
119300,23.144,25
119400,23.144,25
119500,23.144,25
119600,23.144,25
119700,23.144,25
119800,23.144,25
119900,23.144,25
120000,23.144,25
120100,23.144,25
120200,23.144,25
120300,23.144,25
120400,23.144,25
120500,23.144,25
120600,23.144,25
120700,23.144,25
120800,23.144,25
120900,23.144,25
121000,23.144,25
121100,23.144,25
121200,23.144,25
121300,23.144,25
121400,23.144,25
121500,23.144,25
121600,23.144,25
121700,23.144,25
121800,23.144,25
121900,23.144,25
122000,23.144,25
122100,23.144,25
122200,23.144,25
122300,23.144,25
122400,23.144,25
122500,23.144,25
122600,23.144,25
122700,23.144,25
122800,23.144,25
122900,23.144,25
123000,23.144,25
123100,23.144,25
123200,23.144,25
123300,23.144,25
123400,23.144,25
123500,23.144,25
123600,23.144,25
123700,23.144,25
123800,23.144,25
123900,23.144,25
124000,23.144,25
124100,23.144,25
124200,23.144,25
124300,23.144,25
124400,23.144,25
124500,23.144,25
124600,23.144,25
124700,23.144,25
124800,23.144,25
124900,23.144,25
125000,23.144,25
125100,23.144,25
125200,23.144,25
125300,23.144,25
125400,23.144,25
125500,23.144,25
125600,23.144,25
125700,23.144,25
125800,23.144,25
125900,23.144,25
126000,23.144,25
126100,23.144,25
126200,23.144,25
126300,23.144,25
126400,23.144,25
126500,23.144,25
126600,23.144,25
126700,23.144,25
126800,23.144,25
126900,23.144,25
127000,23.144,25
127100,23.144,25
127200,23.144,25
127300,23.144,25
127400,23.144,25
127500,23.144,25
127600,23.144,25
127700,23.144,25
127800,23.144,25
127900,23.144,25
128000,23.144,25
128100,23.144,25
128200,23.144,25
128300,23.144,25
128400,23.144,25
128500,23.144,25
128600,23.144,25
128700,23.144,25
128800,23.144,25
128900,23.144,25
129000,23.144,25
129100,23.144,25
129200,23.144,25
129300,23.144,25
129400,23.144,25
129500,23.144,25
129600,23.144,25
129700,23.144,25
129800,23.144,25
129900,23.144,25
130000,23.144,25
130100,23.144,25
130200,23.144,25
130300,23.144,25
130400,23.144,25
130500,23.144,25
130600,23.144,25
130700,23.144,25
130800,23.144,25
130900,23.144,25
131000,23.144,25
131100,23.144,25
131200,23.144,25
131300,23.144,25
131400,23.144,25
131500,23.144,25
131600,23.144,25
131700,23.144,25
131800,23.144,25
131900,23.144,25
132000,23.144,25
132100,23.144,25
132200,23.144,25
132300,23.144,25
132400,23.144,25
132500,23.144,25
132600,23.144,25
132700,23.144,25
132800,23.144,25
132900,23.144,25
133000,23.144,25
133100,23.144,25
133200,23.144,25
133300,23.144,25
133400,23.144,25
133500,23.144,25
133600,23.144,25
133700,23.144,25
133800,23.144,25
133900,23.144,25
134000,23.144,25
134100,23.144,25
134200,23.144,25
134300,23.144,25
134400,23.144,25
134500,23.144,25
134600,23.144,25
134700,23.144,25
134800,23.144,25
134900,23.144,25
135000,23.144,25
135100,23.144,25
135200,23.144,25
135300,23.144,25
135400,23.144,25
135500,23.144,25
135600,23.144,25
135700,23.144,25
135800,23.144,25
135900,23.144,25
136000,23.144,25
136100,23.024,25
136200,23.024,25
136300,23.024,25
136400,23.024,25
136500,23.024,25
136600,23.024,25
136700,23.024,25
136800,23.024,25
136900,23.024,25
137000,23.024,25
137100,23.024,25
137200,23.024,25
137300,23.024,25
137400,23.024,25
137500,23.024,25
137600,23.024,25
137700,23.024,25
137800,23.024,25
137900,23.024,25
138000,23.024,25
138100,23.024,25
138200,23.024,25
138300,23.024,25
138400,23.024,25
138500,23.024,25
138600,23.024,25
138700,23.024,25
138800,23.024,25
138900,23.024,25
139000,23.024,25
139100,23.024,25
139200,23.024,25
139300,23.024,25
139400,23.024,25
139500,23.024,25
139600,23.024,25
139700,23.024,25
139800,23.024,25
139900,23.024,25
140000,23.024,25
140100,23.024,25
140200,23.024,25
140300,23.024,25
140400,23.024,25
140500,23.024,25
140600,23.024,25
140700,23.024,25
140800,23.024,25
140900,23.024,25
141000,23.024,25
141100,23.024,25
141200,23.024,25
141300,23.024,25
141400,23.024,25
141500,23.024,25
141600,23.024,25
141700,23.024,25
141800,23.024,25
141900,23.024,25
142000,23.024,25
142100,23.024,25
142200,23.024,25
142300,23.024,25
142400,23.024,25
142500,23.024,25
142600,23.024,25
142700,23.024,25
142800,23.024,25
142900,23.024,25
143000,23.024,25
143100,23.024,25
143200,23.024,25
143300,23.024,25
143400,23.024,25
143500,23.024,25
143600,23.024,25
143700,23.024,25
143800,23.024,25
143900,23.024,25
144000,23.024,25
144100,23.024,25
144200,23.024,25
144300,23.024,25
144400,23.024,25
144500,23.024,25
144600,23.024,25
144700,23.024,25
144800,23.024,25
144900,23.024,25
145000,23.024,25
145100,23.024,25
145200,23.024,25
145300,23.024,25
145400,23.024,25
145500,23.024,25
145600,23.024,25
145700,23.024,25
145800,23.024,25
145900,23.024,25
146000,23.024,25
146100,23.024,25
146200,23.024,25
146300,23.024,25
146400,23.024,25
146500,23.024,25
146600,23.024,25
146700,23.024,25
146800,23.024,25
146900,23.024,25
147000,23.024,25
147100,23.024,25
147200,23.024,25
147300,23.024,25
147400,23.024,25
147500,23.024,25
147600,23.024,25
147700,23.024,25
147800,23.024,25
147900,23.024,25
148000,23.024,25
148100,23.024,25
148200,23.024,25
148300,23.024,25
148400,23.024,25
148500,23.024,25
148600,23.024,25
148700,23.024,25
148800,23.024,25
148900,23.024,25
149000,23.024,25
149100,23.024,25
149200,23.024,25
149300,23.024,25
149400,23.024,25
149500,23.024,25
149600,23.024,25
149700,23.024,25
149800,23.024,25
149900,23.024,25
150000,23.024,25
150100,23.024,25
150200,23.024,25
150300,23.024,25
150400,23.024,25
150500,23.024,25
150600,23.024,25
150700,23.024,25
150800,23.024,25
150900,23.024,25
151000,23.024,25
151100,23.024,25
151200,23.024,25
151300,23.024,25
151400,23.024,25
151500,23.024,25
151600,23.024,25
151700,23.024,25
151800,23.024,25
151900,23.024,25
152000,23.024,25
152100,23.024,25
152200,23.024,25
152300,23.024,25
152400,23.024,25
152500,23.024,25
152600,23.024,25
152700,23.024,25
152800,23.024,25
152900,23.024,25
153000,23.024,25
153100,23.024,25
153200,23.024,25
153300,23.024,25
153400,23.024,25
153500,23.024,25
153600,23.024,25
153700,23.024,25
153800,23.024,25
153900,23.024,25
154000,23.024,25
154100,23.024,25
154200,23.024,25
154300,23.024,25
154400,23.024,25
154500,23.024,25
154600,23.024,25
154700,23.024,25
154800,23.024,25
154900,23.024,25
155000,23.024,25
155100,23.024,25
155200,23.024,25
155300,23.024,25
155400,23.024,25
155500,23.024,25
155600,23.024,25
155700,23.024,25
155800,23.024,25
155900,23.024,25
156000,23.024,25
156100,23.024,25
156200,23.024,25
156300,23.024,25
156400,23.024,25
156500,23.024,25
156600,23.024,25
156700,23.024,25
156800,23.024,25
156900,23.024,25
157000,23.024,25
157100,23.024,25
157200,23.024,25
157300,23.024,25
157400,23.024,25
157500,23.024,25
157600,23.024,25
157700,23.024,25
157800,23.024,25
157900,23.024,25
158000,23.024,25
158100,23.024,25
158200,23.024,25
158300,23.024,25
158400,23.024,25
158500,23.024,25
158600,23.024,25
158700,23.024,25
158800,23.024,25
158900,23.024,25
159000,23.024,25
159100,23.024,25
159200,23.024,25
159300,23.024,25
159400,23.024,25
159500,23.024,25
159600,23.024,25
159700,23.024,25
159800,23.024,25
159900,23.024,25
160000,23.024,25
160100,23.024,25
160200,23.024,25
160300,23.024,25
160400,23.024,25
160500,23.024,25
160600,23.024,25
160700,23.024,25
160800,23.024,25
160900,23.024,25
161000,23.024,25
161100,23.024,25
161200,23.024,25
161300,23.024,25
161400,23.024,25
161500,23.024,25
161600,23.024,25
161700,23.024,25
161800,23.024,25
161900,23.024,25
162000,23.024,25
162100,23.024,25
162200,23.024,25
162300,23.024,25
162400,23.024,25
162500,23.024,25
162600,23.024,25
162700,23.024,25
162800,23.024,25
162900,23.024,25
163000,23.024,25
163100,23.024,25
163200,23.024,25
163300,23.024,25
163400,23.024,25
163500,23.024,25
163600,23.024,25
163700,23.024,25
163800,23.024,25
163900,23.024,25
164000,23.024,25
164100,23.024,25
164200,23.024,25
164300,23.024,25
164400,23.024,25
164500,23.024,25
164600,23.024,25
164700,23.024,25
164800,23.024,25
164900,23.024,25
165000,23.024,25
165100,23.024,25
165200,23.024,25
165300,23.024,25
165400,23.024,25
165500,23.024,25
165600,23.024,25
165700,23.024,25
165800,23.024,25
165900,23.024,25
166000,23.024,25
166100,23.024,25
166200,23.024,25
166300,23.024,25
166400,23.024,25
166500,23.024,25
166600,23.024,25
166700,23.024,25
166800,23.024,25
166900,23.024,25
167000,23.024,25
167100,23.024,25
167200,23.016,25
167300,23.016,25
167400,23.016,25
167500,23.016,25
167600,23.016,25
167700,23.016,25
167800,23.016,25
167900,23.016,25
168000,23.016,25
168100,23.016,25
168200,23.016,25
168300,23.016,25
168400,23.016,25
168500,23.016,25
168600,23.016,25
168700,23.016,25
168800,23.016,25
168900,23.016,25
169000,23.016,25
169100,23.016,25
169200,23.016,25
169300,23.016,25
169400,23.016,25
169500,23.016,25
169600,23.016,25
169700,23.016,25
169800,23.016,25
169900,23.016,25
170000,23.016,25
170100,23.016,25
170200,23.016,25
170300,23.016,25
170400,23.016,25
170500,23.016,25
170600,23.016,25
170700,23.016,25
170800,23.016,25
170900,23.016,25
171000,23.016,25
171100,23.016,25
171200,23.016,25
171300,23.016,25
171400,23.016,25
171500,23.016,25
171600,23.016,25
171700,23.016,25
171800,23.016,25
171900,23.016,25
172000,23.016,25
172100,23.016,25
172200,23.016,25
172300,23.016,25
172400,23.016,25
172500,23.016,25
172600,23.016,25
172700,23.016,25
172800,23.016,25
172900,23.016,25
173000,23.016,25
173100,23.016,25
173200,23.016,25
173300,23.016,25
173400,23.016,25
173500,23.016,25
173600,23.016,25
173700,23.016,25
173800,23.016,25
173900,23.016,25
174000,23.016,25
174100,23.016,25
174200,23.016,25
174300,23.016,25
174400,23.016,25
174500,23.016,25
174600,23.016,25
174700,23.016,25
174800,23.016,25
174900,23.016,25
175000,23.016,25
175100,23.016,25
175200,23.016,25
175300,23.016,25
175400,23.016,25
175500,23.016,25
175600,23.016,25
175700,23.016,25
175800,23.016,25
175900,23.016,25
176000,23.016,25
176100,23.016,25
176200,23.016,25
176300,23.016,25
176400,23.016,25
176500,23.016,25
176600,23.016,25
176700,23.016,25
176800,23.016,25
176900,23.016,25
177000,23.016,25
177100,23.016,25
177200,23.016,25
177300,23.016,25
177400,23.016,25
177500,23.016,25
177600,23.016,25
177700,23.016,25
177800,23.016,25
177900,23.016,25
178000,23.016,25
178100,23.016,25
178200,23.016,25
178300,23.016,25
178400,23.016,25
178500,23.016,25
178600,23.016,25
178700,23.016,25
178800,23.016,25
178900,23.016,25
179000,23.016,25
179100,23.016,25
179200,23.016,25
179300,23.016,25
179400,23.016,25
179500,23.016,25
179600,23.016,25
179700,23.016,25
179800,23.016,25
179900,23.016,25
180000,23.016,25
180100,23.016,25
180200,23.016,25
180300,23.016,25
180400,23.016,25
180500,23.016,25
180600,23.016,25
180700,23.016,25
180800,23.016,25
180900,23.016,25
181000,23.016,25
181100,23.016,25
181200,23.016,25
181300,23.016,25
181400,23.016,25
181500,23.016,25
181600,23.016,25
181700,23.016,25
181800,23.016,25
181900,23.016,25
182000,23.016,25
182100,23.016,25
182200,23.016,25
182300,23.016,25
182400,23.016,25
182500,23.016,25
182600,23.016,25
182700,23.016,25
182800,23.016,25
182900,23.016,25
183000,23.016,25
183100,23.016,25
183200,23.016,25
183300,23.016,25
183400,23.016,25
183500,23.016,25
183600,23.016,25
183700,23.016,25
183800,23.016,25
183900,23.016,25
184000,23.016,25
184100,23.016,25
184200,23.016,25
184300,23.016,25
184400,23.016,25
184500,23.016,25
184600,23.016,25
184700,23.016,25
184800,23.016,25
184900,23.016,25
185000,23.016,25
185100,23.016,25
185200,23.016,25
185300,23.016,25
185400,23.016,25
185500,23.016,25
185600,23.016,25
185700,23.016,25
185800,23.016,25
185900,23.016,25
186000,23.016,25
186100,23.016,25
186200,23.016,25
186300,23.016,25
186400,23.016,25
186500,23.016,25
186600,23.016,25
186700,23.016,25
186800,23.016,25
186900,23.016,25
187000,23.016,25
187100,23.016,25
187200,23.016,25
187300,23.016,25
187400,23.016,25
187500,23.016,25
187600,23.016,25
187700,23.016,25
187800,23.016,25
187900,23.016,25
188000,23.016,25
188100,23.016,25
188200,23.016,25
188300,23.016,25
188400,23.016,25
188500,23.016,25
188600,23.016,25
188700,23.016,25
188800,23.016,25
188900,23.016,25
189000,23.016,25
189100,23.016,25
189200,23.016,25
189300,23.016,25
189400,23.016,25
189500,23.016,25
189600,23.016,25
189700,23.016,25
189800,23.016,25
189900,23.016,25
190000,23.016,25
190100,23.016,25
190200,23.016,25
190300,23.016,25
190400,23.016,25
190500,23.016,25
190600,23.016,25
190700,23.016,25
190800,23.016,25
190900,23.016,25
191000,23.016,25
191100,23.016,25
191200,23.016,25
191300,23.016,25
191400,23.016,25
191500,23.016,25
191600,23.016,25
191700,23.016,25
191800,23.016,25
191900,23.016,25
192000,23.016,25
192100,23.016,25
192200,23.016,25
192300,23.016,25
192400,23.016,25
192500,23.016,25
192600,23.016,25
192700,23.016,25
192800,23.016,25
192900,23.016,25
193000,23.016,25
193100,23.016,25
193200,23.016,25
193300,23.016,25
193400,23.016,25
193500,23.016,25
193600,23.016,25
193700,23.016,25
193800,23.016,25
193900,23.016,25
194000,23.016,25
194100,23.016,25
194200,23.016,25
194300,23.016,25
194400,23.016,25
194500,23.016,25
194600,23.016,25
194700,23.016,25
194800,23.016,25
194900,23.016,25
195000,23.016,25
195100,23.016,25
195200,23.016,25
195300,23.008,25
195400,23.008,25
195500,23.008,25
195600,23.008,25
195700,23.008,25
195800,23.008,25
195900,23.008,25
196000,23.008,25
196100,23.008,25
196200,23.008,25
196300,23.008,25
196400,23.008,25
196500,23.008,25
196600,23.008,25
196700,23.008,25
196800,23.008,25
196900,23.008,25
197000,23.008,25
197100,23.008,25
197200,23.008,25
197300,23.008,25
197400,23.008,25
197500,23.008,25
197600,23.008,25
197700,23.008,25
197800,23.008,25
197900,23.008,25
198000,23.008,25
198100,23.008,25
198200,23.008,25
198300,23.008,25
198400,23.008,25
198500,23.008,25
198600,23.008,25
198700,23.008,25
198800,23.008,25
198900,23.008,25
199000,23.008,25
199100,23.008,25
199200,23.008,25
199300,23.008,25
199400,23.008,25
199500,23.008,25
199600,23.008,25
199700,23.008,25
199800,23.008,25
199900,23.008,25
199999,23.008,25

START ALGORITHM
h3: (a42 + a41 + a51 + a43 + a35 + a22 + a41 + a44 + a45 + a12 + a54 + a24 + a45 + a33 + a13 + a45 + a43 + a53 - a43 - a12 - a21 - a32 - a24 - a34 - a45 - a23 - a53 - a41 - a22 - a33 - a34 - a35 - a42 - a12 - a12 - a52 - a14 - a11 - a44) * (b22 - b52)
h5: (a43 + a32 + a35 - a33 - a51 - a43 - a33) * (b21 + b41 + b24 + b31 - b33 - b41 - b22 - b35 - b23 - b21)
h10: (a43 + a54 + a54 + a43 + a54 + a25 + a21 + a32 + a21 - a55 - a14 - a44 - a51) * (b31 + b41 - b43)
h11: (a33 + a13 + a44 + a53 + a53 + a44 + a54 + a41 + a12 + a35 + a33 + a23 + a52 + a34 + a35 + a54 + a41 + a25 + a54 + a51 - a33 - a21 - a14 - a35 - a23 - a22 - a33 - a44 - a44 - a14 - a54 - a34 - a23 - a32) * (b35 + b51)
h12: (a43 + a15 + a35 + a15 + a45 + a22 - a25 - a14 - a53 - a44 - a31 - a32 - a21 - a41) * (b13 + b15 + b22 + b14 + b52 - b54 - b52 - b54 - b12 - b13 - b21 - b34)
h24: (a34 + a31 + a13 + a51 + a41 + a25 + a15 + a55 + a14 + a23 + a53 - a52 - a43 - a54 - a52 - a33 - a21 - a45 - a11 - a11 - a53 - a32 - a52) * (b24 + b41 + b23 + b21 - b55 - b44)
h26: (a14 - a34 - a22 - a33) * (b15 + b13 + b41 + b45 + b31 - b12)
h29: (a54 + a23 + a43 - a21 - a22 - a35) * (b31 - b33)
h34: (-a43 - a33 - a14) * (b24)
h35: (a22 + a14 + a34 + a53 + a32 - a45 - a21 - a55 - a52 - a43 - a13 - a33) * (b32 + b11 + b34 - b31 - b13 - b32)
h36: (a53 + a34 + a41 + a35 + a44 + a11 + a32 + a54 + a41 + a31 + a15 + a25 + a23 - a13 - a14 - a14 - a52 - a54 - a34 - a32 - a11 - a42 - a34 - a34 - a45) * (-b53 - b55 - b53 - b14)
h41: (a14 + a25 + a15 + a32 - a55 - a22 - a52 - a14 - a44 - a31 - a13) * (b43)
h50: (a23 + a24 + a42 + a15 + a31 + a32 + a24 + a52 + a33 + a43 + a43 - a24 - a34 - a45 - a25 - a24 - a23 - a15 - a43) * (b54 + b13 - b44 - b45 - b35)
h51: (-a33 - a12) * (-b25)
h63: (a22 + a54 + a21 + a14 + a45 + a23 + a33 + a11 + a14 + a45 + a21 + a44 - a44 - a51 - a13 - a43 - a53 - a15 - a24 - a44) * (-b21 - b14 - b45 - b22)
h67: (a35 + a51 + a13 + a33 + a45 + a31 + a14 + a31 - a53 - a44 - a53 - a12) * (b21 + b35 - b54 - b25)
h69: (a53 + a51 + a24 + a51 + a12 + a53 + a15 + a23 + a55 + a53 + a22 + a14 + a32 + a13 + a13 - a21 - a44 - a52 - a14 - a23 - a43 - a44 - a32 - a54) * (b53)
h70: (a15 + a23 + a42 + a35 + a13 + a13 + a34 - a52 - a53 - a34 - a41 - a43 - a41 - a22 - a22 - a21 - a55 - a33 - a13 - a34) * (b35)
h77: (a41 + a52 + a21 - a52 - a55 - a31 - a35 - a53) * (b12 + b45 - b35 - b12 - b25)
h81: (a41 + a55 + a42 + a44 + a31 + a21 + a51 + a32 - a34 - a51 - a24 - a35 - a54 - a52 - a25 - a51 - a13 - a23 - a25) * (b24)
h83: (a54 + a42 + a32 + a34 - a34 - a51 - a12 - a15 - a52 - a53 - a13 - a32 - a21 - a25 - a31 - a34 - a35 - a52) * (b55 - b25 - b12 - b32 - b53 - b53)
h91: (a51 + a11 + a43 + a24 + a42 + a25 + a15 - a35 - a53 - a53 - a23 - a43 - a21 - a34) * (-b43)
h92: (a34 + a33 + a42 + a14 - a31 - a41 - a31 - a25 - a11 - a14 - a45 - a32 - a32 - a15 - a45 - a23 - a13 - a45 - a54 - a45) * (b12 - b52)
h94: (a43 + a15 + a53 + a43 - a24) * (b21 + b24 - b13)
h95: (a21 - a51) * (b35 - b51)
h97: (a25 + a11 + a44 + a23 + a53 - a23 - a34 - a45 - a22 - a54 - a33 - a44) * (b53 + b52 + b42)
h100: (a24 + a42 + a45 + a44 + a54 + a23 - a32 - a34 - a31 - a31) * (b55)
h106: (a21 + a43 + a22 + a32 + a51 + a22 + a25 - a55 - a23 - a54 - a14 - a54) * (-b52 - b41)
h107: (a55 + a25 + a22 + a35 + a35 + a33 + a25 - a35 - a14 - a34 - a33 - a34 - a34 - a25 - a13) * (b31 + b44 - b55 - b51)
h109: (a21 + a53 + a14 + a45 - a15) * (-b54)
h111: (a35 + a31 - a35 - a14 - a42 - a54 - a12 - a51) * (b11 + b44 - b55 - b53)
h112: (a34 + a55 + a11 + a12 + a42 + a15 + a55 - a55 - a11) * (b24 - b33)
h113: (a32 + a41 + a43 + a55 + a12 + a44 + a14 - a11) * (-b24)
h125: (a11 + a54 + a43 + a33 - a24 - a32 - a34 - a32 - a25 - a55 - a42 - a24 - a15 - a33 - a25 - a34 - a21) * (-b33)
h127: (a41 + a22 + a35 - a14 - a21 - a25 - a23) * (b13 + b34 - b22 - b25)
h137: (a14 + a43 + a14 + a41 + a55 + a31 + a23 - a53 - a25 - a25 - a23 - a33 - a54 - a33) * (b42 - b22 - b54)
h147: (a31 + a53 + a44 + a54 + a53 + a32 + a15 - a12 - a55 - a34 - a34 - a55 - a54 - a43 - a23 - a53 - a24 - a42) * (b55 + b53 + b32 - b21 - b55 - b11)
h159: (a44 + a41 + a45 + a31 - a42 - a42 - a22 - a31 - a22 - a31 - a44) * (b22 + b33 + b14 + b41 + b53 + b21 - b54 - b52 - b15)
h189: (a24 + a35 + a45 + a54 + a55 + a14 + a45 - a12 - a31 - a42 - a54) * (b52 - b44)
h217: (a23 + a53 + a13 + a31 + a43 + a24 - a35 - a22 - a21 - a13 - a32 - a52 - a15 - a22 - a12 - a12 - a23) * (b13 - b44 - b15)
h272: (a12 + a32 - a54 - a53 - a45 - a12 - a44 - a44 - a33) * (b33 + b34)
h278: (a13 + a31 + a22 + a15 + a31 + a51 + a12 + a24 + a42 + a55 + a24 + a34 + a13 + a51 + a31 + a44 + a42 + a22 + a51 + a12 + a23 + a12 - a14 - a13 - a55 - a22 - a55 - a44 - a31 - a33 - a42 - a44 - a14 - a31 - a14 - a14 - a54 - a54 - a14 - a33 - a44) * (-b33 - b11 - b41)
h313: (a44 + a54 + a15 + a31 + a12 + a23 + a45 + a52 + a55 + a22 + a11 + a51 - a11 - a44 - a41 - a22 - a43 - a53 - a21 - a13 - a32 - a21 - a31 - a12 - a25) * (b54)
h401: (a41 + a24 + a43 + a34 + a34 + a13 - a21 - a15 - a12 - a25 - a42 - a54 - a23 - a42 - a52) * (b35 + b22)
h440: (-a22) * (-b54)
h552: (a43 - a51 - a45 - a53) * (b44 + b45 - b23 - b51 - b31)
h865: (-a42 - a15 - a24 - a24) * (-b42 - b42 - b52 - b21)
h1050: (a41 + a32 + a21 + a41 + a55 + a11 + a24 + a12 - a24 - a44 - a11 - a24 - a23) * (b42 + b13 - b21 - b45 - b44)
h1357: (a55) * (b14 - b24 - b41)
h1723: (a21 + a44 + a52 + a54 + a33 - a12 - a45 - a12 - a44 - a35 - a51 - a41 - a21 - a52 - a15 - a35 - a23 - a14 - a35 - a54) * (-b11)
h1756: (a23 + a21 + a43 - a41 - a54) * (b32 - b14 - b45)
h2183: (a34 + a32 + a23 + a13 + a21 + a23 + a12 - a24 - a32 - a54 - a33 - a13 - a55 - a53 - a32 - a35 - a53 - a31 - a32) * (b25 - b33 - b23)
h3496: (a44 + a22 + a45 + a35 + a24 - a54) * (b32 + b24 - b55 - b11 - b55 - b21)
h6528: (a23 + a13 + a41 + a42 - a34 - a51 - a14 - a12) * (-b11 - b25)
h7115: (a12 + a42 - a33 - a13) * (-b55 - b32)
h7448: (a21) * (b53 - b43)
h8621: (a22 + a24 + a13 + a12 + a33 + a21 + a15 + a15 - a35 - a44 - a35 - a53 - a11 - a11 - a34 - a14 - a15) * (b55 - b24 - b35)
h10138: (a55 + a23 + a23 + a45 + a52 - a21 - a33 - a45) * (-b51)
h10266: (a12 + a53 + a42 + a43 + a55 + a51 - a14 - a32 - a23 - a55 - a22 - a53 - a51 - a52 - a15 - a31) * (b32 + b43)
h11843: (a34 + a53 + a33 + a14 + a12 + a33 + a24 + a43 + a25 + a23 + a35 + a33 + a15 - a21 - a14 - a45 - a32 - a13 - a54 - a32 - a42 - a42) * (b45 + b35 - b51 - b55 - b53 - b31 - b32)
h12752: (a31 + a35 + a12 + a21 + a25 + a24 + a35 + a34 + a14 + a44 + a21 - a55 - a24 - a13 - a25 - a22 - a45 - a12 - a31 - a24 - a11 - a23) * (b55 + b11 - b42 - b45)
h13394: (a42 + a33 + a54 - a34 - a53 - a11 - a22 - a51 - a34) * (b53 + b12 + b34 + b14 + b22 - b25 - b24)
h14074: (a22 + a35 + a41 + a34 + a54 - a52 - a34 - a22 - a33) * (b34 + b25 + b34 - b45 - b21 - b22)
h19060: (a32 - a22 - a43) * (b15 + b41 + b42)
h19813: (a13 + a24 + a33 + a13 - a45 - a54) * (b31 + b44 + b42 - b54 - b32)
h49187: (a11 + a43 - a51 - a15 - a45 - a23 - a31 - a42) * (b31)
h49189: (a54 + a55 + a44 - a21) * (-b34 - b15 - b12 - b24)
c11: h91 + h91 + h552 + h10138 - h97 - h12 - h100 
c12: h26 + h113 + h92 - h313 
c13: h5 + h137 + h11 - h113 - h35 
c14: h67 + h11 + h91 
c15: h100 + h10 + h109 + h107 - h41 
c21: h111 + h147 + h41 + h1050 + h49187 - h100 - h125 - h49189 
c22: h11 + h3 + h12 
c23: h107 + h35 + h91 + h217 + h29 - h94 
c24: h552 + h401 + h19813 - h7448 
c25: h69 + h69 + h94 + h92 + h401 + h67 - h36 - h36 - h189 
c31: h24 + h440 + h14074 - h3496 
c32: h34 + h50 + h1756 + h11843 
c33: h69 + h97 + h401 + h6528 + h10138 
c34: h111 + h159 + h112 + h865 - h109 - h137 
c35: h34 + h272 + h278 - h13394 
c41: h83 + h2183 + h8621 - h26 
c42: h24 + h3 + h106 - h10266 
c43: h36 - h3 - h11843 
c44: - h95 - h217 
c45: h83 + h81 + h67 + h1357 - h51 - h112 - h159 - h19060 
c51: h70 + h5 + h63 + h106 + h1723 
c52: h865 + h6528 - h7115 - h12752 
c53: h77 + h278 - h95 - h127 
c54: h10 + h10138 
c55: h552 + h81 
