0,137.67199999999997,24.8
100,120.28800000000001,25
200,99.928,24.8
300,91.512,24.8
400,79.912,24.8
500,78.064,24.8
600,70.248,24.8
700,67.912,24.8
800,66.64,24.8
900,66.36,24.8
1000,64.29599999999999,24.8
1100,62.839999999999996,24.8
1200,61.55999999999999,24.8
1300,61.55999999999999,24.8
1400,58.919999999999995,24.8
1500,56.74400000000001,24.8
1600,56.312,24.8
1700,56.048,24.8
1800,55.152,24.8
1900,53.727999999999994,24.8
2000,53.28000000000001,24.8
2100,52.712,24.8
2200,52.4,24.8
2300,50.856,24.6
2400,50.28,24.6
2500,50.28,24.6
2600,49.736000000000004,24.6
2700,49.736000000000004,24.6
2800,49.736000000000004,24.6
2900,49.736000000000004,24.6
3000,49.736000000000004,24.6
3100,49.736000000000004,24.6
3200,49.736000000000004,24.6
3300,49.568,24.6
3400,47.760000000000005,24.6
3500,47.56,24.6
3600,47.176,24.4
3700,47.176,24.4
3800,46.528000000000006,24.4
3900,45.751999999999995,24.4
4000,45.751999999999995,24.4
4100,45.751999999999995,24.4
4200,45.751999999999995,24.4
4300,44.864,24.4
4400,44.864,24.4
4500,44.19199999999999,24.4
4600,43.096000000000004,24.4
4700,42.976000000000006,24.4
4800,41.815999999999995,24.2
4900,40.976,24.2
5000,40.016,24
5100,39.767999999999994,24.2
5200,39.432,24.2
5300,39.432,24.2
5400,39.432,24.2
5500,39.368,24.2
5600,39.368,24.2
5700,39.368,24.2
5800,39.368,24.2
5900,39.368,24.2
6000,39.368,24.2
6100,39.368,24.2
6200,39.368,24.2
6300,39.368,24.2
6400,39.368,24.2
6500,39.352000000000004,24.2
6600,39.296,24.2
6700,39.263999999999996,24.2
6800,39.248000000000005,24.2
6900,39.248000000000005,24.2
7000,39.248000000000005,24.2
7100,39.248000000000005,24.2
7200,39.248000000000005,24.2
7300,39.248000000000005,24.2
7400,39.248000000000005,24.2
7500,39.248000000000005,24.2
7600,39.248000000000005,24.2
7700,39.248000000000005,24.2
7800,39.248000000000005,24.2
7900,39.21600000000001,24.2
8000,39.21600000000001,24.2
8100,38.848,24.2
8200,38.696,24.2
8300,38.696,24.2
8400,38.016000000000005,24.2
8500,38.016000000000005,24.2
8600,38.016000000000005,24.2
8700,38.016000000000005,24.2
8800,37.784,24.2
8900,37.784,24.2
9000,37.784,24.2
9100,37.784,24.2
9200,37.784,24.2
9300,37.65599999999999,24.4
9400,37.432,24.4
9500,37.431999999999995,24.4
9600,37.431999999999995,24.4
9700,37.431999999999995,24.4
9800,37.327999999999996,24.4
9900,37.327999999999996,24.4
10000,37.327999999999996,24.4
10100,37.327999999999996,24.4
10200,37.327999999999996,24.4
10300,37.327999999999996,24.4
10400,37.327999999999996,24.4
10500,37.327999999999996,24.4
10600,36.912,24.4
10700,36.912,24.4
10800,36.912,24.4
10900,36.912,24.4
11000,36.912,24.4
11100,36.912,24.4
11200,36.912,24.4
11300,36.872,24.4
11400,36.872,24.4
11500,36.872,24.4
11600,36.616,24.4
11700,36.616,24.4
11800,36.616,24.4
11900,36.104,24.4
12000,36.104,24.4
12100,35.83200000000001,24.4
12200,35.83200000000001,24.4
12300,35.83200000000001,24.4
12400,35.83200000000001,24.4
12500,35.83200000000001,24.4
12600,35.83200000000001,24.4
12700,35.544000000000004,24.6
12800,35.544000000000004,24.6
12900,35.263999999999996,24.6
13000,35.263999999999996,24.6
13100,35.224000000000004,24.6
13200,35.224000000000004,24.6
13300,35.224000000000004,24.6
13400,35.224000000000004,24.6
13500,35.224000000000004,24.6
13600,34.952,24.6
13700,34.952,24.6
13800,34.952,24.6
13900,34.952,24.6
14000,34.952,24.6
14100,34.952,24.6
14200,34.952,24.6
14300,34.952,24.6
14400,34.952,24.6
14500,34.952,24.6
14600,34.952,24.6
14700,34.952,24.6
14800,34.952,24.6
14900,34.952,24.6
15000,34.952,24.6
15100,34.952,24.6
15200,34.952,24.6
15300,34.952,24.6
15400,34.952,24.6
15500,34.952,24.6
15600,34.952,24.6
15700,34.952,24.6
15800,34.952,24.6
15900,34.952,24.6
16000,34.952,24.6
16100,34.952,24.6
16200,34.952,24.6
16300,34.952,24.6
16400,34.952,24.6
16500,34.576,24.6
16600,34.576,24.6
16700,34.576,24.6
16800,34.576,24.6
16900,34.576,24.6
17000,34.576,24.6
17100,34.576,24.6
17200,34.576,24.6
17300,34.576,24.6
17400,34.576,24.6
17500,34.576,24.6
17600,34.576,24.6
17700,34.576,24.6
17800,34.576,24.6
17900,34.576,24.6
18000,34.576,24.6
18100,34.576,24.6
18200,34.576,24.6
18300,34.576,24.6
18400,34.576,24.6
18500,34.576,24.6
18600,34.576,24.6
18700,34.576,24.6
18800,34.576,24.6
18900,34.576,24.6
19000,34.576,24.6
19100,34.576,24.6
19200,34.576,24.6
19300,34.576,24.6
19400,34.576,24.6
19500,34.576,24.6
19600,34.519999999999996,24.6
19700,34.368,24.4
19800,33.352000000000004,24.4
19900,33.352000000000004,24.4
20000,33.352000000000004,24.4
20100,33.352000000000004,24.4
20200,33.352000000000004,24.4
20300,33.352000000000004,24.4
20400,33.352000000000004,24.4
20500,33.352000000000004,24.4
20600,33.32,24.4
20700,33.32,24.4
20800,33.135999999999996,24.4
20900,33.135999999999996,24.4
21000,33.135999999999996,24.4
21100,33.135999999999996,24.4
21200,33.135999999999996,24.4
21300,33.135999999999996,24.4
21400,33.135999999999996,24.4
21500,33.135999999999996,24.4
21600,33.135999999999996,24.4
21700,33.135999999999996,24.4
21800,33.135999999999996,24.4
21900,33.135999999999996,24.4
22000,33.135999999999996,24.4
22100,33.135999999999996,24.4
22200,33.135999999999996,24.4
22300,33.135999999999996,24.4
22400,33.135999999999996,24.4
22500,33.135999999999996,24.4
22600,33.135999999999996,24.4
22700,33.135999999999996,24.4
22800,33.135999999999996,24.4
22900,33.135999999999996,24.4
23000,33.135999999999996,24.4
23100,33.135999999999996,24.4
23200,33.135999999999996,24.4
23300,33.135999999999996,24.4
23400,32.928000000000004,24.4
23500,32.928000000000004,24.4
23600,32.928000000000004,24.4
23700,32.928000000000004,24.4
23800,32.928000000000004,24.4
23900,32.928000000000004,24.4
24000,32.928000000000004,24.4
24100,32.928000000000004,24.4
24200,32.928000000000004,24.4
24300,32.928000000000004,24.4
24400,32.808,24.4
24500,32.808,24.4
24600,32.808,24.4
24700,32.808,24.4
24800,32.808,24.4
24900,32.656,24.4
25000,32.656,24.4
25100,32.656,24.4
25200,32.552,24.4
25300,32.552,24.4
25400,32.552,24.4
25500,32.408,24.4
25600,32.408,24.4
25700,32.408,24.4
25800,32.408,24.4
25900,32.408,24.4
26000,32.408,24.4
26100,32.408,24.4
26200,32.408,24.4
26300,32.408,24.4
26400,32.408,24.4
26500,32.408,24.4
26600,32.408,24.4
26700,32.408,24.4
26800,32.408,24.4
26900,32.408,24.4
27000,32.408,24.4
27100,32.408,24.4
27200,32.408,24.4
27300,32.408,24.4
27400,32.408,24.4
27500,32.408,24.4
27600,32.408,24.4
27700,32.408,24.4
27800,32.408,24.4
27900,32.408,24.4
28000,32.408,24.4
28100,32.408,24.4
28200,32.408,24.4
28300,32.408,24.4
28400,32.408,24.4
28500,32.408,24.4
28600,32.408,24.4
28700,32.408,24.4
28800,32.408,24.4
28900,32.408,24.4
29000,32.408,24.4
29100,32.408,24.4
29200,32.408,24.4
29300,32.408,24.4
29400,32.408,24.4
29500,32.408,24.4
29600,32.408,24.4
29700,32.408,24.4
29800,32.408,24.4
29900,32.408,24.4
30000,32.408,24.4
30100,32.408,24.4
30200,32.408,24.4
30300,32.408,24.4
30400,32.408,24.4
30500,32.408,24.4
30600,32.408,24.4
30700,32.408,24.4
30800,32.408,24.4
30900,32.408,24.4
31000,32.408,24.4
31100,32.408,24.4
31200,32.408,24.4
31300,32.408,24.4
31400,32.408,24.4
31500,32.408,24.4
31600,31.887999999999995,24.4
31700,31.887999999999995,24.4
31800,31.887999999999995,24.4
31900,31.887999999999995,24.4
32000,31.887999999999995,24.4
32100,31.887999999999995,24.4
32200,31.887999999999995,24.4
32300,31.887999999999995,24.4
32400,31.887999999999995,24.4
32500,31.887999999999995,24.4
32600,31.887999999999995,24.4
32700,31.887999999999995,24.4
32800,31.776,24.4
32900,31.776,24.4
33000,31.776,24.4
33100,31.776,24.4
33200,31.776,24.4
33300,31.776,24.4
33400,31.776,24.4
33500,31.776,24.4
33600,31.776,24.4
33700,31.776,24.4
33800,31.776,24.4
33900,31.776,24.4
34000,31.776,24.4
34100,31.776,24.4
34200,31.776,24.4
34300,31.776,24.4
34400,31.776,24.4
34500,31.776,24.4
34600,31.776,24.4
34700,31.776,24.4
34800,31.776,24.4
34900,31.776,24.4
35000,31.776,24.4
35100,31.776,24.4
35200,31.776,24.4
35300,31.776,24.4
35400,31.776,24.4
35500,31.776,24.4
35600,31.776,24.4
35700,31.776,24.4
35800,31.776,24.4
35900,31.776,24.4
36000,31.776,24.4
36100,31.776,24.4
36200,31.776,24.4
36300,31.776,24.4
36400,31.776,24.4
36500,31.776,24.4
36600,31.776,24.4
36700,31.776,24.4
36800,31.776,24.4
36900,31.776,24.4
37000,31.776,24.4
37100,31.776,24.4
37200,31.776,24.4
37300,31.776,24.4
37400,31.776,24.4
37500,31.776,24.4
37600,31.776,24.4
37700,31.776,24.4
37800,31.776,24.4
37900,31.776,24.4
38000,31.776,24.4
38100,31.776,24.4
38200,31.776,24.4
38300,31.776,24.4
38400,31.776,24.4
38500,31.720000000000006,24.4
38600,31.720000000000006,24.4
38700,31.720000000000006,24.4
38800,31.720000000000006,24.4
38900,31.720000000000006,24.4
39000,31.720000000000006,24.4
39100,31.720000000000006,24.4
39200,31.720000000000006,24.4
39300,31.720000000000006,24.4
39400,31.720000000000006,24.4
39500,31.720000000000006,24.4
39600,31.720000000000006,24.4
39700,31.720000000000006,24.4
39800,31.720000000000006,24.4
39900,31.720000000000006,24.4
40000,31.720000000000006,24.4
40100,31.720000000000006,24.4
40200,31.720000000000006,24.4
40300,31.720000000000006,24.4
40400,31.720000000000006,24.4
40500,31.720000000000006,24.4
40600,31.720000000000006,24.4
40700,31.720000000000006,24.4
40800,31.720000000000006,24.4
40900,31.720000000000006,24.4
41000,31.720000000000006,24.4
41100,31.720000000000006,24.4
41200,31.720000000000006,24.4
41300,31.720000000000006,24.4
41400,31.720000000000006,24.4
41500,31.720000000000006,24.4
41600,31.720000000000006,24.4
41700,31.720000000000006,24.4
41800,31.720000000000006,24.4
41900,31.720000000000006,24.4
42000,31.720000000000006,24.4
42100,31.720000000000006,24.4
42200,31.720000000000006,24.4
42300,31.720000000000006,24.4
42400,31.720000000000006,24.4
42500,31.720000000000006,24.4
42600,31.720000000000006,24.4
42700,31.720000000000006,24.4
42800,31.720000000000006,24.4
42900,31.720000000000006,24.4
43000,31.720000000000006,24.4
43100,31.720000000000006,24.4
43200,31.720000000000006,24.4
43300,31.720000000000006,24.4
43400,31.720000000000006,24.4
43500,31.720000000000006,24.4
43600,31.720000000000006,24.4
43700,31.720000000000006,24.4
43800,31.720000000000006,24.4
43900,31.720000000000006,24.4
44000,31.720000000000006,24.4
44100,31.720000000000006,24.4
44200,31.408000000000005,24.4
44300,31.408000000000005,24.4
44400,31.408000000000005,24.4
44500,31.408000000000005,24.4
44600,31.408000000000005,24.4
44700,31.408000000000005,24.4
44800,31.408000000000005,24.4
44900,31.408000000000005,24.4
45000,31.408000000000005,24.4
45100,31.408000000000005,24.4
45200,31.408000000000005,24.4
45300,31.408000000000005,24.4
45400,31.408000000000005,24.4
45500,31.408000000000005,24.4
45600,31.408000000000005,24.4
45700,31.408000000000005,24.4
45800,31.408000000000005,24.4
45900,31.408000000000005,24.4
46000,31.408000000000005,24.4
46100,31.408000000000005,24.4
46200,31.408000000000005,24.4
46300,31.408000000000005,24.4
46400,31.408000000000005,24.4
46500,31.408000000000005,24.4
46600,31.408000000000005,24.4
46700,31.408000000000005,24.4
46800,31.408000000000005,24.4
46900,31.408000000000005,24.4
47000,31.408000000000005,24.4
47100,31.408000000000005,24.4
47200,31.408000000000005,24.4
47300,31.408000000000005,24.4
47400,31.408000000000005,24.4
47500,31.408000000000005,24.4
47600,31.408000000000005,24.4
47700,31.408000000000005,24.4
47800,31.408000000000005,24.4
47900,31.408000000000005,24.4
48000,31.408000000000005,24.4
48100,31.408000000000005,24.4
48200,31.408000000000005,24.4
48300,31.408000000000005,24.4
48400,31.408000000000005,24.4
48500,31.408000000000005,24.4
48600,31.408000000000005,24.4
48700,31.408000000000005,24.4
48800,31.408000000000005,24.4
48900,31.408000000000005,24.4
49000,31.408000000000005,24.4
49100,31.408000000000005,24.4
49200,31.24,24.2
49300,31.24,24.2
49400,31.24,24.2
49500,31.24,24.2
49600,31.24,24.2
49700,31.24,24.2
49800,31.24,24.2
49900,31.24,24.2
50000,31.24,24.2
50100,31.24,24.2
50200,31.24,24.2
50300,31.24,24.2
50400,31.24,24.2
50500,31.24,24.2
50600,31.24,24.2
50700,31.24,24.2
50800,31.24,24.2
50900,31.24,24.2
51000,31.24,24.2
51100,31.24,24.2
51200,31.24,24.2
51300,31.24,24.2
51400,31.24,24.2
51500,31.183999999999997,24.2
51600,31.183999999999997,24.2
51700,31.183999999999997,24.2
51800,31.183999999999997,24.2
51900,31.183999999999997,24.2
52000,31.183999999999997,24.2
52100,31.183999999999997,24.2
52200,31.183999999999997,24.2
52300,31.183999999999997,24.2
52400,31.183999999999997,24.2
52500,31.183999999999997,24.2
52600,31.183999999999997,24.2
52700,31.183999999999997,24.2
52800,31.183999999999997,24.2
52900,31.183999999999997,24.2
53000,31.183999999999997,24.2
53100,31.183999999999997,24.2
53200,31.183999999999997,24.2
53300,31.183999999999997,24.2
53400,31.183999999999997,24.2
53500,31.183999999999997,24.2
53600,31.183999999999997,24.2
53700,31.183999999999997,24.2
53800,31.183999999999997,24.2
53900,31.183999999999997,24.2
54000,31.183999999999997,24.2
54100,31.183999999999997,24.2
54200,31.183999999999997,24.2
54300,31.183999999999997,24.2
54400,31.183999999999997,24.2
54500,31.183999999999997,24.2
54600,31.183999999999997,24.2
54700,31.183999999999997,24.2
54800,31.183999999999997,24.2
54900,31.183999999999997,24.2
55000,31.183999999999997,24.2
55100,31.183999999999997,24.2
55200,31.183999999999997,24.2
55300,31.183999999999997,24.2
55400,31.183999999999997,24.2
55500,31.183999999999997,24.2
55600,31.183999999999997,24.2
55700,31.183999999999997,24.2
55800,31.183999999999997,24.2
55900,31.183999999999997,24.2
56000,31.183999999999997,24.2
56100,31.183999999999997,24.2
56200,31.183999999999997,24.2
56300,31.183999999999997,24.2
56400,31.183999999999997,24.2
56500,31.183999999999997,24.2
56600,31.183999999999997,24.2
56700,31.183999999999997,24.2
56800,31.183999999999997,24.2
56900,31.183999999999997,24.2
57000,31.183999999999997,24.2
57100,31.183999999999997,24.2
57200,31.183999999999997,24.2
57300,31.119999999999997,24.4
57400,31.119999999999997,24.4
57500,31.119999999999997,24.4
57600,31.119999999999997,24.4
57700,31.119999999999997,24.4
57800,31.119999999999997,24.4
57900,31.119999999999997,24.4
58000,31.119999999999997,24.4
58100,31.119999999999997,24.4
58200,31.119999999999997,24.4
58300,31.119999999999997,24.4
58400,31.119999999999997,24.4
58500,31.119999999999997,24.4
58600,31.119999999999997,24.4
58700,31.119999999999997,24.4
58800,31.119999999999997,24.4
58900,31.119999999999997,24.4
59000,31.119999999999997,24.4
59100,31.119999999999997,24.4
59200,31.119999999999997,24.4
59300,31.119999999999997,24.4
59400,31.119999999999997,24.4
59500,31.119999999999997,24.4
59600,31.119999999999997,24.4
59700,31.119999999999997,24.4
59800,31.119999999999997,24.4
59900,31.119999999999997,24.4
60000,31.119999999999997,24.4
60100,31.119999999999997,24.4
60200,31.119999999999997,24.4
60300,31.119999999999997,24.4
60400,31.119999999999997,24.4
60500,31.119999999999997,24.4
60600,31.119999999999997,24.4
60700,31.119999999999997,24.4
60800,31.119999999999997,24.4
60900,31.119999999999997,24.4
61000,31.119999999999997,24.4
61100,31.119999999999997,24.4
61200,31.119999999999997,24.4
61300,31.119999999999997,24.4
61400,31.119999999999997,24.4
61500,31.119999999999997,24.4
61600,31.119999999999997,24.4
61700,31.119999999999997,24.4
61800,31.119999999999997,24.4
61900,31.119999999999997,24.4
62000,31.119999999999997,24.4
62100,31.119999999999997,24.4
62200,31.119999999999997,24.4
62300,31.119999999999997,24.4
62400,31.119999999999997,24.4
62500,31.119999999999997,24.4
62600,31.119999999999997,24.4
62700,31.119999999999997,24.4
62800,31.119999999999997,24.4
62900,31.119999999999997,24.4
63000,31.119999999999997,24.4
63100,31.119999999999997,24.4
63200,31.119999999999997,24.4
63300,31.119999999999997,24.4
63400,31.119999999999997,24.4
63500,31.119999999999997,24.4
63600,31.119999999999997,24.4
63700,31.119999999999997,24.4
63800,31.119999999999997,24.4
63900,31.119999999999997,24.4
64000,31.119999999999997,24.4
64100,31.119999999999997,24.4
64200,31.119999999999997,24.4
64300,31.119999999999997,24.4
64400,31.119999999999997,24.4
64500,31.119999999999997,24.4
64600,31.119999999999997,24.4
64700,31.119999999999997,24.4
64800,31.119999999999997,24.4
64900,31.119999999999997,24.4
65000,31.119999999999997,24.4
65100,31.119999999999997,24.4
65200,31.119999999999997,24.4
65300,31.119999999999997,24.4
65400,31.119999999999997,24.4
65500,31.119999999999997,24.4
65600,31.119999999999997,24.4
65700,31.119999999999997,24.4
65800,31.119999999999997,24.4
65900,31.119999999999997,24.4
66000,31.119999999999997,24.4
66100,31.119999999999997,24.4
66200,31.119999999999997,24.4
66300,31.119999999999997,24.4
66400,31.119999999999997,24.4
66500,31.119999999999997,24.4
66600,31.119999999999997,24.4
66700,31.119999999999997,24.4
66800,31.119999999999997,24.4
66900,31.119999999999997,24.4
67000,31.119999999999997,24.4
67100,31.119999999999997,24.4
67200,31.119999999999997,24.4
67300,31.119999999999997,24.4
67400,31.119999999999997,24.4
67500,31.119999999999997,24.4
67600,31.119999999999997,24.4
67700,31.119999999999997,24.4
67800,31.119999999999997,24.4
67900,31.119999999999997,24.4
68000,31.119999999999997,24.4
68100,31.119999999999997,24.4
68200,31.119999999999997,24.4
68300,31.119999999999997,24.4
68400,31.119999999999997,24.4
68500,31.119999999999997,24.4
68600,31.119999999999997,24.4
68700,31.119999999999997,24.4
68800,31.119999999999997,24.4
68900,31.119999999999997,24.4
69000,31.119999999999997,24.4
69100,31.119999999999997,24.4
69200,31.119999999999997,24.4
69300,31.119999999999997,24.4
69400,31.119999999999997,24.4
69500,31.119999999999997,24.4
69600,31.119999999999997,24.4
69700,31.119999999999997,24.4
69800,31.119999999999997,24.4
69900,31.119999999999997,24.4
70000,31.119999999999997,24.4
70100,31.119999999999997,24.4
70200,31.119999999999997,24.4
70300,31.119999999999997,24.4
70400,31.119999999999997,24.4
70500,31.119999999999997,24.4
70600,31.119999999999997,24.4
70700,31.119999999999997,24.4
70800,31.119999999999997,24.4
70900,31.119999999999997,24.4
71000,31.119999999999997,24.4
71100,31.119999999999997,24.4
71200,31.119999999999997,24.4
71300,31.119999999999997,24.4
71400,31.119999999999997,24.4
71500,31.119999999999997,24.4
71600,31.119999999999997,24.4
71700,31.119999999999997,24.4
71800,31.119999999999997,24.4
71900,31.119999999999997,24.4
72000,31.119999999999997,24.4
72100,31.119999999999997,24.4
72200,31.119999999999997,24.4
72300,31.119999999999997,24.4
72400,31.119999999999997,24.4
72500,31.119999999999997,24.4
72600,31.119999999999997,24.4
72700,31.119999999999997,24.4
72800,31.119999999999997,24.4
72900,31.119999999999997,24.4
73000,31.119999999999997,24.4
73100,31.119999999999997,24.4
73200,31.119999999999997,24.4
73300,31.119999999999997,24.4
73400,31.119999999999997,24.4
73500,31.119999999999997,24.4
73600,31.119999999999997,24.4
73700,31.119999999999997,24.4
73800,31.119999999999997,24.4
73900,31.119999999999997,24.4
74000,31.119999999999997,24.4
74100,31.119999999999997,24.4
74200,31.119999999999997,24.4
74300,31.119999999999997,24.4
74400,31.119999999999997,24.4
74500,31.119999999999997,24.4
74600,31.119999999999997,24.4
74700,31.119999999999997,24.4
74800,31.119999999999997,24.4
74900,31.119999999999997,24.4
75000,31.119999999999997,24.4
75100,31.119999999999997,24.4
75200,31.119999999999997,24.4
75300,31.119999999999997,24.4
75400,31.119999999999997,24.4
75500,31.119999999999997,24.4
75600,31.119999999999997,24.4
75700,31.119999999999997,24.4
75800,31.119999999999997,24.4
75900,31.119999999999997,24.4
76000,31.119999999999997,24.4
76100,31.119999999999997,24.4
76200,31.119999999999997,24.4
76300,31.119999999999997,24.4
76400,31.119999999999997,24.4
76500,31.119999999999997,24.4
76600,31.119999999999997,24.4
76700,31.119999999999997,24.4
76800,31.119999999999997,24.4
76900,31.119999999999997,24.4
77000,31.119999999999997,24.4
77100,31.119999999999997,24.4
77200,31.119999999999997,24.4
77300,31.119999999999997,24.4
77400,31.119999999999997,24.4
77500,31.119999999999997,24.4
77600,31.119999999999997,24.4
77700,31.119999999999997,24.4
77800,31.119999999999997,24.4
77900,31.119999999999997,24.4
78000,31.119999999999997,24.4
78100,31.119999999999997,24.4
78200,31.119999999999997,24.4
78300,31.119999999999997,24.4
78400,31.119999999999997,24.4
78500,31.119999999999997,24.4
78600,31.119999999999997,24.4
78700,31.119999999999997,24.4
78800,31.119999999999997,24.4
78900,31.119999999999997,24.4
79000,31.119999999999997,24.4
79100,31.119999999999997,24.4
79200,31.119999999999997,24.4
79300,31.119999999999997,24.4
79400,31.119999999999997,24.4
79500,31.119999999999997,24.4
79600,31.119999999999997,24.4
79700,31.119999999999997,24.4
79800,31.119999999999997,24.4
79900,31.119999999999997,24.4
80000,31.119999999999997,24.4
80100,31.119999999999997,24.4
80200,31.119999999999997,24.4
80300,31.119999999999997,24.4
80400,31.119999999999997,24.4
80500,31.119999999999997,24.4
80600,31.119999999999997,24.4
80700,31.119999999999997,24.4
80800,31.119999999999997,24.4
80900,31.119999999999997,24.4
81000,31.119999999999997,24.4
81100,31.119999999999997,24.4
81200,31.119999999999997,24.4
81300,31.119999999999997,24.4
81400,31.119999999999997,24.4
81500,31.119999999999997,24.4
81600,31.119999999999997,24.4
81700,31.119999999999997,24.4
81800,31.119999999999997,24.4
81900,31.119999999999997,24.4
82000,31.119999999999997,24.4
82100,31.119999999999997,24.4
82200,31.119999999999997,24.4
82300,31.119999999999997,24.4
82400,31.119999999999997,24.4
82500,31.119999999999997,24.4
82600,31.119999999999997,24.4
82700,31.119999999999997,24.4
82800,31.119999999999997,24.4
82900,31.119999999999997,24.4
83000,31.119999999999997,24.4
83100,31.119999999999997,24.4
83200,31.119999999999997,24.4
83300,31.119999999999997,24.4
83400,31.119999999999997,24.4
83500,31.119999999999997,24.4
83600,31.119999999999997,24.4
83700,31.119999999999997,24.4
83800,31.119999999999997,24.4
83900,31.119999999999997,24.4
84000,31.119999999999997,24.4
84100,31.119999999999997,24.4
84200,31.119999999999997,24.4
84300,31.119999999999997,24.4
84400,31.119999999999997,24.4
84500,31.119999999999997,24.4
84600,31.119999999999997,24.4
84700,31.119999999999997,24.4
84800,31.119999999999997,24.4
84900,31.119999999999997,24.4
85000,31.119999999999997,24.4
85100,31.119999999999997,24.4
85200,31.119999999999997,24.4
85300,31.119999999999997,24.4
85400,31.119999999999997,24.4
85500,31.119999999999997,24.4
85600,31.119999999999997,24.4
85700,31.119999999999997,24.4
85800,31.119999999999997,24.4
85900,31.119999999999997,24.4
86000,31.119999999999997,24.4
86100,31.119999999999997,24.4
86200,31.119999999999997,24.4
86300,31.119999999999997,24.4
86400,31.119999999999997,24.4
86500,31.119999999999997,24.4
86600,31.119999999999997,24.4
86700,31.119999999999997,24.4
86800,31.119999999999997,24.4
86900,31.119999999999997,24.4
87000,31.119999999999997,24.4
87100,31.119999999999997,24.4
87200,31.119999999999997,24.4
87300,31.119999999999997,24.4
87400,31.119999999999997,24.4
87500,31.119999999999997,24.4
87600,31.119999999999997,24.4
87700,31.119999999999997,24.4
87800,31.119999999999997,24.4
87900,31.119999999999997,24.4
88000,31.119999999999997,24.4
88100,31.119999999999997,24.4
88200,31.119999999999997,24.4
88300,31.119999999999997,24.4
88400,31.119999999999997,24.4
88500,31.119999999999997,24.4
88600,31.119999999999997,24.4
88700,31.119999999999997,24.4
88800,31.119999999999997,24.4
88900,31.119999999999997,24.4
89000,31.119999999999997,24.4
89100,31.119999999999997,24.4
89200,31.119999999999997,24.4
89300,31.119999999999997,24.4
89400,31.119999999999997,24.4
89500,30.744,24.4
89600,30.744,24.4
89700,30.744,24.4
89800,30.744,24.4
89900,30.744,24.4
90000,30.744,24.4
90100,30.744,24.4
90200,30.744,24.4
90300,30.744,24.4
90400,30.744,24.4
90500,30.744,24.4
90600,30.744,24.4
90700,30.744,24.4
90800,30.744,24.4
90900,30.744,24.4
91000,30.744,24.4
91100,30.744,24.4
91200,30.744,24.4
91300,30.744,24.4
91400,30.744,24.4
91500,30.744,24.4
91600,30.744,24.4
91700,30.744,24.4
91800,30.744,24.4
91900,30.744,24.4
92000,30.744,24.4
92100,30.744,24.4
92200,30.744,24.4
92300,30.744,24.4
92400,30.744,24.4
92500,30.744,24.4
92600,30.744,24.4
92700,30.744,24.4
92800,30.744,24.4
92900,30.744,24.4
93000,30.744,24.4
93100,30.744,24.4
93200,30.744,24.4
93300,30.744,24.4
93400,30.744,24.4
93500,30.744,24.4
93600,30.744,24.4
93700,30.744,24.4
93800,30.744,24.4
93900,30.744,24.4
94000,30.744,24.4
94100,30.744,24.4
94200,30.744,24.4
94300,30.744,24.4
94400,30.744,24.4
94500,30.744,24.4
94600,30.744,24.4
94700,30.744,24.4
94800,30.744,24.4
94900,30.744,24.4
95000,30.744,24.4
95100,30.744,24.4
95200,30.744,24.4
95300,30.744,24.4
95400,30.744,24.4
95500,30.744,24.4
95600,30.744,24.4
95700,30.744,24.4
95800,30.744,24.4
95900,30.744,24.4
96000,30.744,24.4
96100,30.744,24.4
96200,30.744,24.4
96300,30.744,24.4
96400,30.744,24.4
96500,30.744,24.4
96600,30.744,24.4
96700,30.744,24.4
96800,30.744,24.4
96900,30.744,24.4
97000,30.744,24.4
97100,30.744,24.4
97200,30.744,24.4
97300,30.744,24.4
97400,30.744,24.4
97500,30.744,24.4
97600,30.744,24.4
97700,30.744,24.4
97800,30.744,24.4
97900,30.744,24.4
98000,30.744,24.4
98100,30.744,24.4
98200,30.744,24.4
98300,30.744,24.4
98400,30.744,24.4
98500,30.744,24.4
98600,30.744,24.4
98700,30.744,24.4
98800,30.744,24.4
98900,30.744,24.4
99000,30.744,24.4
99100,30.744,24.4
99200,30.744,24.4
99300,30.744,24.4
99400,30.744,24.4
99500,30.744,24.4
99600,30.744,24.4
99700,30.744,24.4
99800,30.744,24.4
99900,30.744,24.4
100000,30.744,24.4
100100,30.744,24.4
100200,30.744,24.4
100300,30.744,24.4
100400,30.744,24.4
100500,30.744,24.4
100600,30.744,24.4
100700,30.744,24.4
100800,30.744,24.4
100900,30.744,24.4
101000,30.744,24.4
101100,30.744,24.4
101200,30.744,24.4
101300,30.744,24.4
101400,30.744,24.4
101500,30.744,24.4
101600,30.744,24.4
101700,30.744,24.4
101800,30.744,24.4
101900,30.744,24.4
102000,30.744,24.4
102100,30.744,24.4
102200,30.744,24.4
102300,30.744,24.4
102400,30.744,24.4
102500,30.744,24.4
102600,30.744,24.4
102700,30.744,24.4
102800,30.744,24.4
102900,30.744,24.4
103000,30.744,24.4
103100,30.744,24.4
103200,30.744,24.4
103300,30.744,24.4
103400,30.744,24.4
103500,30.744,24.4
103600,30.744,24.4
103700,30.744,24.4
103800,30.744,24.4
103900,30.744,24.4
104000,30.744,24.4
104100,30.744,24.4
104200,30.744,24.4
104300,30.744,24.4
104400,30.744,24.4
104500,30.744,24.4
104600,30.736,24.4
104700,30.736,24.4
104800,30.736,24.4
104900,30.736,24.4
105000,30.736,24.4
105100,30.736,24.4
105200,30.736,24.4
105300,30.736,24.4
105400,30.736,24.4
105500,30.736,24.4
105600,30.736,24.4
105700,30.736,24.4
105800,30.736,24.4
105900,30.736,24.4
106000,30.736,24.4
106100,30.736,24.4
106200,30.736,24.4
106300,30.736,24.4
106400,30.736,24.4
106500,30.736,24.4
106600,30.736,24.4
106700,30.736,24.4
106800,30.736,24.4
106900,30.736,24.4
107000,30.736,24.4
107100,30.392000000000003,24.4
107200,30.392000000000003,24.4
107300,30.392000000000003,24.4
107400,30.392000000000003,24.4
107500,30.392000000000003,24.4
107600,30.392000000000003,24.4
107700,30.392000000000003,24.4
107800,30.392000000000003,24.4
107900,30.392000000000003,24.4
108000,30.392000000000003,24.4
108100,30.392000000000003,24.4
108200,30.392000000000003,24.4
108300,30.392000000000003,24.4
108400,30.392000000000003,24.4
108500,30.392000000000003,24.4
108600,30.392000000000003,24.4
108700,30.392000000000003,24.4
108800,30.392000000000003,24.4
108900,30.392000000000003,24.4
109000,30.392000000000003,24.4
109100,30.392000000000003,24.4
109200,30.392000000000003,24.4
109300,30.392000000000003,24.4
109400,30.392000000000003,24.4
109500,30.392000000000003,24.4
109600,30.392000000000003,24.4
109700,30.392000000000003,24.4
109800,30.392000000000003,24.4
109900,30.392000000000003,24.4
110000,30.392000000000003,24.4
110100,30.392000000000003,24.4
110200,30.392000000000003,24.4
110300,30.392000000000003,24.4
110400,30.392000000000003,24.4
110500,30.392000000000003,24.4
110600,30.392000000000003,24.4
110700,30.392000000000003,24.4
110800,30.392000000000003,24.4
110900,30.392000000000003,24.4
111000,30.392000000000003,24.4
111100,30.392000000000003,24.4
111200,30.392000000000003,24.4
111300,30.392000000000003,24.4
111400,30.392000000000003,24.4
111500,30.392000000000003,24.4
111600,30.392000000000003,24.4
111700,30.392000000000003,24.4
111800,30.392000000000003,24.4
111900,30.392000000000003,24.4
112000,30.392000000000003,24.4
112100,30.392000000000003,24.4
112200,30.392000000000003,24.4
112300,30.392000000000003,24.4
112400,30.392000000000003,24.4
112500,30.392000000000003,24.4
112600,30.392000000000003,24.4
112700,30.392000000000003,24.4
112800,30.392000000000003,24.4
112900,30.392000000000003,24.4
113000,30.392000000000003,24.4
113100,30.392000000000003,24.4
113200,30.392000000000003,24.4
113300,30.392000000000003,24.4
113400,30.392000000000003,24.4
113500,30.392000000000003,24.4
113600,30.392000000000003,24.4
113700,30.392000000000003,24.4
113800,30.392000000000003,24.4
113900,30.392000000000003,24.4
114000,30.392000000000003,24.4
114100,30.392000000000003,24.4
114200,30.392000000000003,24.4
114300,30.392000000000003,24.4
114400,30.392000000000003,24.4
114500,30.392000000000003,24.4
114600,30.392000000000003,24.4
114700,30.392000000000003,24.4
114800,30.392000000000003,24.4
114900,30.392000000000003,24.4
115000,30.392000000000003,24.4
115100,30.392000000000003,24.4
115200,30.392000000000003,24.4
115300,30.392000000000003,24.4
115400,30.392000000000003,24.4
115500,30.392000000000003,24.4
115600,30.392000000000003,24.4
115700,30.392000000000003,24.4
115800,30.392000000000003,24.4
115900,30.392000000000003,24.4
116000,30.392000000000003,24.4
116100,30.392000000000003,24.4
116200,30.392000000000003,24.4
116300,30.392000000000003,24.4
116400,30.392000000000003,24.4
116500,30.392000000000003,24.4
116600,30.392000000000003,24.4
116700,30.392000000000003,24.4
116800,30.392000000000003,24.4
116900,30.392000000000003,24.4
117000,30.392000000000003,24.4
117100,30.392000000000003,24.4
117200,30.392000000000003,24.4
117300,30.392000000000003,24.4
117400,30.392000000000003,24.4
117500,30.392000000000003,24.4
117600,30.392000000000003,24.4
117700,30.392000000000003,24.4
117800,30.392000000000003,24.4
117900,30.392000000000003,24.4
118000,30.392000000000003,24.4
118100,30.392000000000003,24.4
118200,30.392000000000003,24.4
118300,30.392000000000003,24.4
118400,30.392000000000003,24.4
118500,30.392000000000003,24.4
118600,30.392000000000003,24.4
118700,30.392000000000003,24.4
118800,30.392000000000003,24.4
118900,30.392000000000003,24.4
119000,30.392000000000003,24.4
119100,30.392000000000003,24.4
119200,30.392000000000003,24.4
119300,30.392000000000003,24.4
119400,30.392000000000003,24.4
119500,30.392000000000003,24.4
119600,30.392000000000003,24.4
119700,30.392000000000003,24.4
119800,30.392000000000003,24.4
119900,30.392000000000003,24.4
120000,30.392000000000003,24.4
120100,30.392000000000003,24.4
120200,30.392000000000003,24.4
120300,30.392000000000003,24.4
120400,30.392000000000003,24.4
120500,30.392000000000003,24.4
120600,30.384000000000004,24.4
120700,30.384000000000004,24.4
120800,30.384000000000004,24.4
120900,30.384000000000004,24.4
121000,30.384000000000004,24.4
121100,30.384000000000004,24.4
121200,30.384000000000004,24.4
121300,30.384000000000004,24.4
121400,30.384000000000004,24.4
121500,30.384000000000004,24.4
121600,30.384000000000004,24.4
121700,30.384000000000004,24.4
121800,30.384000000000004,24.4
121900,30.384000000000004,24.4
122000,30.384000000000004,24.4
122100,30.384000000000004,24.4
122200,30.384000000000004,24.4
122300,30.384000000000004,24.4
122400,30.384000000000004,24.4
122500,30.384000000000004,24.4
122600,30.384000000000004,24.4
122700,30.384000000000004,24.4
122800,30.384000000000004,24.4
122900,30.384000000000004,24.4
123000,30.384000000000004,24.4
123100,30.384000000000004,24.4
123200,30.384000000000004,24.4
123300,30.384000000000004,24.4
123400,30.384000000000004,24.4
123500,30.384000000000004,24.4
123600,30.384000000000004,24.4
123700,30.384000000000004,24.4
123800,30.384000000000004,24.4
123900,30.384000000000004,24.4
124000,30.384000000000004,24.4
124100,30.384000000000004,24.4
124200,30.384000000000004,24.4
124300,30.384000000000004,24.4
124400,30.384000000000004,24.4
124500,30.384000000000004,24.4
124600,30.384000000000004,24.4
124700,30.384000000000004,24.4
124800,30.384000000000004,24.4
124900,30.384000000000004,24.4
125000,30.384000000000004,24.4
125100,30.384000000000004,24.4
125200,30.384000000000004,24.4
125300,30.384000000000004,24.4
125400,30.384000000000004,24.4
125500,30.384000000000004,24.4
125600,30.384000000000004,24.4
125700,30.384000000000004,24.4
125800,30.384000000000004,24.4
125900,30.384000000000004,24.4
126000,30.384000000000004,24.4
126100,30.384000000000004,24.4
126200,30.384000000000004,24.4
126300,30.384000000000004,24.4
126400,30.384000000000004,24.4
126500,30.384000000000004,24.4
126600,30.384000000000004,24.4
126700,30.384000000000004,24.4
126800,30.384000000000004,24.4
126900,30.384000000000004,24.4
127000,30.384000000000004,24.4
127100,30.384000000000004,24.4
127200,30.384000000000004,24.4
127300,30.384000000000004,24.4
127400,30.384000000000004,24.4
127500,30.384000000000004,24.4
127600,30.384000000000004,24.4
127700,30.384000000000004,24.4
127800,30.384000000000004,24.4
127900,30.384000000000004,24.4
128000,30.384000000000004,24.4
128100,30.384000000000004,24.4
128200,30.384000000000004,24.4
128300,30.384000000000004,24.4
128400,30.384000000000004,24.4
128500,30.384000000000004,24.4
128600,30.384000000000004,24.4
128700,30.384000000000004,24.4
128800,30.384000000000004,24.4
128900,30.384000000000004,24.4
129000,30.384000000000004,24.4
129100,30.384000000000004,24.4
129200,30.384000000000004,24.4
129300,30.384000000000004,24.4
129400,30.384000000000004,24.4
129500,30.384000000000004,24.4
129600,30.384000000000004,24.4
129700,30.384000000000004,24.4
129800,30.384000000000004,24.4
129900,30.384000000000004,24.4
130000,30.384000000000004,24.4
130100,30.384000000000004,24.4
130200,30.384000000000004,24.4
130300,30.384000000000004,24.4
130400,30.384000000000004,24.4
130500,30.384000000000004,24.4
130600,30.384000000000004,24.4
130700,30.384000000000004,24.4
130800,30.384000000000004,24.4
130900,30.384000000000004,24.4
131000,30.384000000000004,24.4
131100,30.384000000000004,24.4
131200,30.384000000000004,24.4
131300,30.384000000000004,24.4
131400,30.384000000000004,24.4
131500,30.384000000000004,24.4
131600,30.384000000000004,24.4
131700,30.384000000000004,24.4
131800,30.384000000000004,24.4
131900,30.384000000000004,24.4
132000,30.384000000000004,24.4
132100,30.384000000000004,24.4
132200,30.384000000000004,24.4
132300,30.384000000000004,24.4
132400,30.384000000000004,24.4
132500,30.384000000000004,24.4
132600,30.384000000000004,24.4
132700,30.384000000000004,24.4
132800,30.384000000000004,24.4
132900,30.384000000000004,24.4
133000,30,24.4
133100,30,24.4
133200,30,24.4
133300,30,24.4
133400,30,24.4
133500,30,24.4
133600,30,24.4
133700,30,24.4
133800,30,24.4
133900,30,24.4
134000,30,24.4
134100,30,24.4
134200,30,24.4
134300,30,24.4
134400,30,24.4
134500,30,24.4
134600,30,24.4
134700,30,24.4
134800,30,24.4
134900,30,24.4
135000,30,24.4
135100,30,24.4
135200,30,24.4
135300,30,24.4
135400,30,24.4
135500,30,24.4
135600,30,24.4
135700,30,24.4
135800,30,24.4
135900,30,24.4
136000,30,24.4
136100,30,24.4
136200,30,24.4
136300,30,24.4
136400,30,24.4
136500,30,24.4
136600,30,24.4
136700,30,24.4
136800,30,24.4
136900,30,24.4
137000,30,24.4
137100,30,24.4
137200,30,24.4
137300,30,24.4
137400,30,24.4
137500,30,24.4
137600,30,24.4
137700,30,24.4
137800,30,24.4
137900,30,24.4
138000,30,24.4
138100,30,24.4
138200,30,24.4
138300,30,24.4
138400,30,24.4
138500,30,24.4
138600,30,24.4
138700,30,24.4
138800,30,24.4
138900,30,24.4
139000,30,24.4
139100,30,24.4
139200,30,24.4
139300,30,24.4
139400,30,24.4
139500,30,24.4
139600,30,24.4
139700,30,24.4
139800,30,24.4
139900,30,24.4
140000,30,24.4
140100,30,24.4
140200,30,24.4
140300,30,24.4
140400,30,24.4
140500,30,24.4
140600,30,24.4
140700,30,24.4
140800,30,24.4
140900,30,24.4
141000,30,24.4
141100,30,24.4
141200,30,24.4
141300,30,24.4
141400,30,24.4
141500,30,24.4
141600,30,24.4
141700,30,24.4
141800,30,24.4
141900,30,24.4
142000,30,24.4
142100,30,24.4
142200,30,24.4
142300,30,24.4
142400,30,24.4
142500,30,24.4
142600,30,24.4
142700,30,24.4
142800,30,24.4
142900,30,24.4
143000,30,24.4
143100,30,24.4
143200,30,24.4
143300,30,24.4
143400,30,24.4
143500,30,24.4
143600,30,24.4
143700,30,24.4
143800,30,24.4
143900,30,24.4
144000,30,24.4
144100,30,24.4
144200,30,24.4
144300,30,24.4
144400,30,24.4
144500,30,24.4
144600,30,24.4
144700,30,24.4
144800,30,24.4
144900,30,24.4
145000,30,24.4
145100,30,24.4
145200,30,24.4
145300,30,24.4
145400,30,24.4
145500,30,24.4
145600,30,24.4
145700,30,24.4
145800,30,24.4
145900,30,24.4
146000,30,24.4
146100,30,24.4
146200,30,24.4
146300,30,24.4
146400,30,24.4
146500,30,24.4
146600,30,24.4
146700,30,24.4
146800,30,24.4
146900,30,24.4
147000,30,24.4
147100,30,24.4
147200,30,24.4
147300,30,24.4
147400,30,24.4
147500,30,24.4
147600,30,24.4
147700,30,24.4
147800,30,24.4
147900,30,24.4
148000,30,24.4
148100,30,24.4
148200,30,24.4
148300,30,24.4
148400,30,24.4
148500,30,24.4
148600,30,24.4
148700,30,24.4
148800,30,24.4
148900,30,24.4
149000,30,24.4
149100,30,24.4
149200,30,24.4
149300,30,24.4
149400,30,24.4
149500,30,24.4
149600,29.640000000000004,24.4
149700,29.640000000000004,24.4
149800,29.640000000000004,24.4
149900,29.640000000000004,24.4
150000,29.640000000000004,24.4
150100,29.640000000000004,24.4
150200,29.640000000000004,24.4
150300,29.640000000000004,24.4
150400,29.640000000000004,24.4
150500,29.640000000000004,24.4
150600,29.640000000000004,24.4
150700,29.640000000000004,24.4
150800,29.640000000000004,24.4
150900,29.640000000000004,24.4
151000,29.640000000000004,24.4
151100,29.640000000000004,24.4
151200,29.640000000000004,24.4
151300,29.640000000000004,24.4
151400,29.640000000000004,24.4
151500,29.640000000000004,24.4
151600,29.640000000000004,24.4
151700,29.640000000000004,24.4
151800,29.640000000000004,24.4
151900,29.640000000000004,24.4
152000,29.640000000000004,24.4
152100,29.640000000000004,24.4
152200,29.640000000000004,24.4
152300,29.640000000000004,24.4
152400,29.640000000000004,24.4
152500,29.640000000000004,24.4
152600,29.640000000000004,24.4
152700,29.640000000000004,24.4
152800,29.640000000000004,24.4
152900,29.640000000000004,24.4
153000,29.640000000000004,24.4
153100,29.640000000000004,24.4
153200,29.640000000000004,24.4
153300,29.640000000000004,24.4
153400,29.640000000000004,24.4
153500,29.640000000000004,24.4
153600,29.640000000000004,24.4
153700,29.640000000000004,24.4
153800,29.640000000000004,24.4
153900,29.640000000000004,24.4
154000,29.640000000000004,24.4
154100,29.640000000000004,24.4
154200,29.640000000000004,24.4
154300,29.640000000000004,24.4
154400,29.640000000000004,24.4
154500,29.640000000000004,24.4
154600,29.640000000000004,24.4
154700,29.640000000000004,24.4
154800,29.640000000000004,24.4
154900,29.640000000000004,24.4
155000,29.640000000000004,24.4
155100,29.640000000000004,24.4
155200,29.640000000000004,24.4
155300,29.640000000000004,24.4
155400,29.640000000000004,24.4
155500,29.640000000000004,24.4
155600,29.640000000000004,24.4
155700,29.640000000000004,24.4
155800,29.640000000000004,24.4
155900,29.640000000000004,24.4
156000,29.640000000000004,24.4
156100,29.640000000000004,24.4
156200,29.640000000000004,24.4
156300,29.640000000000004,24.4
156400,29.640000000000004,24.4
156500,29.640000000000004,24.4
156600,29.640000000000004,24.4
156700,29.640000000000004,24.4
156800,29.640000000000004,24.4
156900,29.640000000000004,24.4
157000,29.640000000000004,24.4
157100,29.640000000000004,24.4
157200,29.640000000000004,24.4
157300,29.640000000000004,24.4
157400,29.640000000000004,24.4
157500,29.640000000000004,24.4
157600,29.640000000000004,24.4
157700,29.640000000000004,24.4
157800,29.640000000000004,24.4
157900,29.640000000000004,24.4
158000,29.640000000000004,24.4
158100,29.640000000000004,24.4
158200,29.640000000000004,24.4
158300,29.640000000000004,24.4
158400,29.640000000000004,24.4
158500,29.640000000000004,24.4
158600,29.640000000000004,24.4
158700,29.640000000000004,24.4
158800,29.640000000000004,24.4
158900,29.640000000000004,24.4
159000,29.640000000000004,24.4
159100,29.640000000000004,24.4
159200,29.640000000000004,24.4
159300,29.640000000000004,24.4
159400,29.640000000000004,24.4
159500,29.640000000000004,24.4
159600,29.640000000000004,24.4
159700,29.640000000000004,24.4
159800,29.640000000000004,24.4
159900,29.640000000000004,24.4
160000,29.640000000000004,24.4
160100,29.640000000000004,24.4
160200,29.640000000000004,24.4
160300,29.640000000000004,24.4
160400,29.640000000000004,24.4
160500,29.640000000000004,24.4
160600,29.640000000000004,24.4
160700,29.640000000000004,24.4
160800,29.640000000000004,24.4
160900,29.640000000000004,24.4
161000,29.640000000000004,24.4
161100,29.640000000000004,24.4
161200,29.640000000000004,24.4
161300,29.640000000000004,24.4
161400,29.640000000000004,24.4
161500,29.640000000000004,24.4
161600,29.640000000000004,24.4
161700,29.640000000000004,24.4
161800,29.640000000000004,24.4
161900,29.640000000000004,24.4
162000,29.640000000000004,24.4
162100,29.640000000000004,24.4
162200,29.640000000000004,24.4
162300,29.640000000000004,24.4
162400,29.640000000000004,24.4
162500,29.640000000000004,24.4
162600,29.640000000000004,24.4
162700,29.640000000000004,24.4
162800,29.640000000000004,24.4
162900,29.640000000000004,24.4
163000,29.640000000000004,24.4
163100,29.640000000000004,24.4
163200,29.640000000000004,24.4
163300,29.640000000000004,24.4
163400,29.640000000000004,24.4
163500,29.640000000000004,24.4
163600,29.640000000000004,24.4
163700,29.640000000000004,24.4
163800,29.640000000000004,24.4
163900,29.640000000000004,24.4
164000,29.640000000000004,24.4
164100,29.640000000000004,24.4
164200,29.640000000000004,24.4
164300,29.640000000000004,24.4
164400,29.640000000000004,24.4
164500,29.640000000000004,24.4
164600,29.640000000000004,24.4
164700,29.640000000000004,24.4
164800,29.640000000000004,24.4
164900,29.640000000000004,24.4
165000,29.640000000000004,24.4
165100,29.640000000000004,24.4
165200,29.640000000000004,24.4
165300,29.640000000000004,24.4
165400,29.640000000000004,24.4
165500,29.640000000000004,24.4
165600,29.640000000000004,24.4
165700,29.640000000000004,24.4
165800,29.640000000000004,24.4
165900,29.640000000000004,24.4
166000,29.640000000000004,24.4
166100,29.640000000000004,24.4
166200,29.640000000000004,24.4
166300,29.640000000000004,24.4
166400,29.640000000000004,24.4
166500,29.640000000000004,24.4
166600,29.640000000000004,24.4
166700,29.640000000000004,24.4
166800,29.640000000000004,24.4
166900,29.640000000000004,24.4
167000,29.640000000000004,24.4
167100,29.640000000000004,24.4
167200,29.640000000000004,24.4
167300,29.640000000000004,24.4
167400,29.640000000000004,24.4
167500,29.640000000000004,24.4
167600,29.640000000000004,24.4
167700,29.640000000000004,24.4
167800,29.640000000000004,24.4
167900,29.640000000000004,24.4
168000,29.640000000000004,24.4
168100,29.640000000000004,24.4
168200,29.640000000000004,24.4
168300,29.640000000000004,24.4
168400,29.640000000000004,24.4
168500,29.640000000000004,24.4
168600,29.640000000000004,24.4
168700,29.640000000000004,24.4
168800,29.640000000000004,24.4
168900,29.640000000000004,24.4
169000,29.640000000000004,24.4
169100,29.640000000000004,24.4
169200,29.640000000000004,24.4
169300,29.640000000000004,24.4
169400,29.640000000000004,24.4
169500,29.640000000000004,24.4
169600,29.640000000000004,24.4
169700,29.640000000000004,24.4
169800,29.640000000000004,24.4
169900,29.640000000000004,24.4
170000,29.640000000000004,24.4
170100,29.640000000000004,24.4
170200,29.640000000000004,24.4
170300,29.640000000000004,24.4
170400,29.640000000000004,24.4
170500,29.640000000000004,24.4
170600,29.640000000000004,24.4
170700,29.640000000000004,24.4
170800,29.640000000000004,24.4
170900,29.640000000000004,24.4
171000,29.640000000000004,24.4
171100,29.640000000000004,24.4
171200,29.640000000000004,24.4
171300,29.640000000000004,24.4
171400,29.640000000000004,24.4
171500,29.640000000000004,24.4
171600,29.640000000000004,24.4
171700,29.640000000000004,24.4
171800,29.640000000000004,24.4
171900,29.640000000000004,24.4
172000,29.640000000000004,24.4
172100,29.640000000000004,24.4
172200,29.640000000000004,24.4
172300,29.640000000000004,24.4
172400,29.640000000000004,24.4
172500,29.640000000000004,24.4
172600,29.640000000000004,24.4
172700,29.640000000000004,24.4
172800,29.640000000000004,24.4
172900,29.640000000000004,24.4
173000,29.640000000000004,24.4
173100,29.640000000000004,24.4
173200,29.640000000000004,24.4
173300,29.640000000000004,24.4
173400,29.640000000000004,24.4
173500,29.640000000000004,24.4
173600,29.640000000000004,24.4
173700,29.640000000000004,24.4
173800,29.640000000000004,24.4
173900,29.640000000000004,24.4
174000,29.640000000000004,24.4
174100,29.640000000000004,24.4
174200,29.640000000000004,24.4
174300,29.640000000000004,24.4
174400,29.640000000000004,24.4
174500,29.640000000000004,24.4
174600,29.640000000000004,24.4
174700,29.640000000000004,24.4
174800,29.640000000000004,24.4
174900,29.640000000000004,24.4
175000,29.640000000000004,24.4
175100,29.640000000000004,24.4
175200,29.640000000000004,24.4
175300,29.640000000000004,24.4
175400,29.640000000000004,24.4
175500,29.640000000000004,24.4
175600,29.640000000000004,24.4
175700,29.640000000000004,24.4
175800,29.640000000000004,24.4
175900,29.640000000000004,24.4
176000,29.640000000000004,24.4
176100,29.640000000000004,24.4
176200,29.640000000000004,24.4
176300,29.640000000000004,24.4
176400,29.640000000000004,24.4
176500,29.640000000000004,24.4
176600,29.640000000000004,24.4
176700,29.640000000000004,24.4
176800,29.640000000000004,24.4
176900,29.535999999999994,24.4
177000,29.535999999999994,24.4
177100,29.535999999999994,24.4
177200,29.535999999999994,24.4
177300,29.535999999999994,24.4
177400,29.535999999999994,24.4
177500,29.535999999999994,24.4
177600,29.535999999999994,24.4
177700,29.535999999999994,24.4
177800,29.535999999999994,24.4
177900,29.535999999999994,24.4
178000,29.535999999999994,24.4
178100,29.535999999999994,24.4
178200,29.535999999999994,24.4
178300,29.535999999999994,24.4
178400,29.535999999999994,24.4
178500,29.535999999999994,24.4
178600,29.535999999999994,24.4
178700,29.535999999999994,24.4
178800,29.535999999999994,24.4
178900,29.535999999999994,24.4
179000,29.535999999999994,24.4
179100,29.535999999999994,24.4
179200,29.535999999999994,24.4
179300,29.535999999999994,24.4
179400,29.535999999999994,24.4
179500,29.535999999999994,24.4
179600,29.535999999999994,24.4
179700,29.535999999999994,24.4
179800,29.535999999999994,24.4
179900,29.535999999999994,24.4
180000,29.535999999999994,24.4
180100,29.535999999999994,24.4
180200,29.535999999999994,24.4
180300,29.535999999999994,24.4
180400,29.535999999999994,24.4
180500,29.535999999999994,24.4
180600,29.535999999999994,24.4
180700,29.535999999999994,24.4
180800,29.535999999999994,24.4
180900,29.535999999999994,24.4
181000,29.535999999999994,24.4
181100,29.535999999999994,24.4
181200,29.535999999999994,24.4
181300,29.535999999999994,24.4
181400,29.535999999999994,24.4
181500,29.535999999999994,24.4
181600,29.535999999999994,24.4
181700,29.535999999999994,24.4
181800,29.535999999999994,24.4
181900,29.535999999999994,24.4
182000,29.535999999999994,24.4
182100,29.535999999999994,24.4
182200,29.535999999999994,24.4
182300,29.535999999999994,24.4
182400,29.535999999999994,24.4
182500,29.535999999999994,24.4
182600,29.535999999999994,24.4
182700,29.535999999999994,24.4
182800,29.535999999999994,24.4
182900,29.535999999999994,24.4
183000,29.535999999999994,24.4
183100,29.535999999999994,24.4
183200,29.535999999999994,24.4
183300,29.535999999999994,24.4
183400,29.535999999999994,24.4
183500,29.535999999999994,24.4
183600,29.535999999999994,24.4
183700,29.535999999999994,24.4
183800,29.535999999999994,24.4
183900,29.535999999999994,24.4
184000,29.535999999999994,24.4
184100,29.535999999999994,24.4
184200,29.535999999999994,24.4
184300,29.535999999999994,24.4
184400,29.535999999999994,24.4
184500,29.535999999999994,24.4
184600,29.535999999999994,24.4
184700,29.535999999999994,24.4
184800,29.535999999999994,24.4
184900,29.535999999999994,24.4
185000,29.535999999999994,24.4
185100,29.535999999999994,24.4
185200,29.535999999999994,24.4
185300,29.535999999999994,24.4
185400,29.535999999999994,24.4
185500,29.535999999999994,24.4
185600,29.535999999999994,24.4
185700,29.535999999999994,24.4
185800,29.535999999999994,24.4
185900,29.535999999999994,24.4
186000,29.535999999999994,24.4
186100,29.535999999999994,24.4
186200,29.535999999999994,24.4
186300,29.535999999999994,24.4
186400,29.535999999999994,24.4
186500,29.535999999999994,24.4
186600,29.535999999999994,24.4
186700,29.535999999999994,24.4
186800,29.535999999999994,24.4
186900,29.535999999999994,24.4
187000,29.535999999999994,24.4
187100,29.535999999999994,24.4
187200,29.535999999999994,24.4
187300,29.535999999999994,24.4
187400,29.535999999999994,24.4
187500,29.535999999999994,24.4
187600,29.535999999999994,24.4
187700,29.535999999999994,24.4
187800,29.535999999999994,24.4
187900,29.535999999999994,24.4
188000,29.535999999999994,24.4
188100,29.535999999999994,24.4
188200,29.535999999999994,24.4
188300,29.535999999999994,24.4
188400,29.535999999999994,24.4
188500,29.535999999999994,24.4
188600,29.535999999999994,24.4
188700,29.535999999999994,24.4
188800,29.535999999999994,24.4
188900,29.535999999999994,24.4
189000,29.535999999999994,24.4
189100,29.535999999999994,24.4
189200,29.535999999999994,24.4
189300,29.535999999999994,24.4
189400,28.992,24.4
189500,28.992,24.4
189600,28.992,24.4
189700,28.992,24.4
189800,28.992,24.4
189900,28.992,24.4
190000,28.992,24.4
190100,28.992,24.4
190200,28.992,24.4
190300,28.992,24.4
190400,28.992,24.4
190500,28.992,24.4
190600,28.992,24.4
190700,28.992,24.4
190800,28.992,24.4
190900,28.992,24.4
191000,28.992,24.4
191100,28.992,24.4
191200,28.992,24.4
191300,28.992,24.4
191400,28.992,24.4
191500,28.992,24.4
191600,28.992,24.4
191700,28.992,24.4
191800,28.992,24.4
191900,28.992,24.4
192000,28.992,24.4
192100,28.992,24.4
192200,28.992,24.4
192300,28.992,24.4
192400,28.992,24.4
192500,28.992,24.4
192600,28.992,24.4
192700,28.992,24.4
192800,28.992,24.4
192900,28.992,24.4
193000,28.992,24.4
193100,28.992,24.4
193200,28.992,24.4
193300,28.992,24.4
193400,28.992,24.4
193500,28.992,24.4
193600,28.992,24.4
193700,28.992,24.4
193800,28.992,24.4
193900,28.992,24.4
194000,28.992,24.4
194100,28.992,24.4
194200,28.992,24.4
194300,28.992,24.4
194400,28.992,24.4
194500,28.992,24.4
194600,28.992,24.4
194700,28.992,24.4
194800,28.992,24.4
194900,28.992,24.4
195000,28.992,24.4
195100,28.992,24.4
195200,28.992,24.4
195300,28.992,24.4
195400,28.992,24.4
195500,28.992,24.4
195600,28.992,24.4
195700,28.992,24.4
195800,28.992,24.4
195900,28.992,24.4
196000,28.992,24.4
196100,28.992,24.4
196200,28.992,24.4
196300,28.992,24.4
196400,28.992,24.4
196500,28.992,24.4
196600,28.992,24.4
196700,28.992,24.4
196800,28.992,24.4
196900,28.992,24.4
197000,28.992,24.4
197100,28.992,24.4
197200,28.992,24.4
197300,28.992,24.4
197400,28.992,24.4
197500,28.992,24.4
197600,28.992,24.4
197700,28.992,24.4
197800,28.992,24.4
197900,28.992,24.4
198000,28.992,24.4
198100,28.992,24.4
198200,28.992,24.4
198300,28.992,24.4
198400,28.992,24.4
198500,28.992,24.4
198600,28.992,24.4
198700,28.992,24.4
198800,28.992,24.4
198900,28.992,24.4
199000,28.992,24.4
199100,28.992,24.4
199200,28.992,24.4
199300,28.992,24.4
199400,28.992,24.4
199500,28.992,24.4
199600,28.992,24.4
199700,28.992,24.4
199800,28.992,24.4
199900,28.992,24.4
199999,28.992,24.4

START ALGORITHM
h11: (a33 + a33 + a14 + a51 + a11 + a51 + a52 + a23 + a55 + a15 + a22 + a55 + a45 + a32 + a13 + a31 + a31 + a44 + a35 - a34 - a34 - a43 - a21 - a21 - a54 - a54 - a15 - a41 - a32 - a44 - a15 - a24 - a55 - a13 - a15 - a23 - a52) * (b51 + b14 + b13 - b53 - b23)
h13: (a52 + a23 + a14 - a25) * (b35 + b54 + b14 + b52 + b54 + b31 + b42 - b33 - b45 - b31 - b11 - b14 - b13 - b54)
h20: (a13 + a52 + a31 + a15 + a13 + a42 + a42 + a54 + a34 - a52 - a12 - a31 - a11 - a15 - a24 - a13 - a33 - a43 - a32 - a42) * (-b24)
h25: (a31 - a15 - a34 - a12 - a45 - a22) * (b44 + b13 + b22 + b13 - b33 - b31 - b25 - b55 - b14 - b14)
h29: (a53 + a24 + a33 + a43 + a32 + a14 + a25 + a21 + a21 - a14 - a31 - a23 - a45 - a44 - a41 - a23 - a15) * (b52 + b52 + b35 - b45 - b55)
h30: (a14 + a51 + a13 + a42 + a21 + a55 + a53 + a42 + a44 + a52 - a32 - a31 - a34 - a22 - a42 - a24 - a43 - a15 - a32) * (b14 + b33 + b33 - b43 - b42 - b24 - b23)
h33: (a44 - a31) * (b25 + b12 + b11 - b21 - b34 - b12 - b34 - b22 - b33)
h34: (a13 - a24) * (b13 + b25 - b51 - b21)
h35: (a44 + a44 + a41 + a55 + a42 + a54 + a13 + a22 + a32 + a53 + a33 + a21 - a51 - a43 - a32 - a44 - a52 - a11 - a44 - a54 - a22 - a15 - a45 - a31 - a32 - a21 - a33 - a43 - a33 - a25 - a41 - a32) * (-b52)
h37: (a31 + a11) * (b33 + b14 - b11)
h38: (a42 + a44 + a35 + a55 + a24 + a15 + a43 + a11 + a11 + a23 + a13 + a44 + a52 + a41 + a53 + a42 + a15 + a43 + a23 + a55 + a43 - a41 - a44 - a54 - a45 - a33 - a31 - a15 - a41 - a42 - a45 - a55 - a35 - a42 - a55 - a34 - a53 - a22 - a33 - a41 - a35 - a25 - a23 - a34 - a53 - a13 - a14 - a14 - a42 - a41 - a31 - a14 - a12 - a14) * (-b41)
h40: (a41 + a44 - a35) * (-b22 - b41)
h41: (a12 + a14 + a43 + a34 + a13 - a22 - a32 - a51 - a22) * (b25 + b32 + b12 + b51 + b13 - b14 - b13 - b34 - b13)
h45: (a44 + a41) * (b42 + b32 - b13 - b12 - b32)
h46: (a11 + a34 + a55 + a14 + a13 + a41 + a32 + a51 + a34 + a31 + a54 + a31 + a35 + a52 + a25 - a43 - a14 - a21 - a12 - a22 - a13 - a42 - a44 - a32 - a11 - a43 - a33 - a21 - a34 - a24 - a22 - a11 - a34 - a55 - a32) * (b25)
h48: (a43 + a21 + a21 + a45 + a21 + a44 + a52 + a34 + a15 + a31 + a12 + a45 + a23 + a32 + a13 + a44 + a55 + a42 + a15 - a23 - a34 - a13 - a22 - a35 - a55 - a22 - a35 - a45 - a53 - a12 - a33 - a14 - a43 - a24 - a31) * (b12)
h59: (a22 + a45 + a44 + a25 + a43 + a41 + a44 + a32 + a42 + a35 + a41 + a55 + a15 + a23 + a42 - a42 - a44 - a21 - a32 - a51 - a53 - a42 - a12 - a44 - a25) * (-b34)
h60: (-a13) * (-b25)
h62: (a12 + a22 - a12 - a55 - a25) * (b13 + b53 + b23 + b14 - b25)
h65: (a53 + a33 + a24 + a31 + a11 + a34 + a12 + a41 + a54 + a11 + a11 + a21 - a51 - a24 - a32 - a43 - a12 - a43 - a15 - a45 - a52) * (b25 + b44 - b33 - b21)
h67: (a23 - a33) * (-b12 - b24)
h68: (a25 + a43 + a12 + a25 - a24 - a43 - a11) * (b15 - b12 - b51 - b21 - b22)
h69: (a45 + a14 + a35 + a54 + a41 + a32 + a21 + a42 + a35 + a11 + a21 + a13 + a55 + a22 + a21 + a21 - a34 - a13 - a41 - a12 - a41 - a52 - a53 - a33) * (-b41)
h75: (a34 + a42 + a53 + a45 + a55 + a52 + a14 - a44 - a51 - a45 - a44 - a43 - a31 - a41 - a15 - a53 - a42 - a44 - a12 - a14 - a35 - a44) * (b53 + b23 + b53 + b41 - b15 - b25 - b54 - b53)
h78: (a24 - a42) * (b54 + b23 + b15 + b43 + b25 + b52 - b52 - b13 - b25 - b12 - b14 - b22)
h85: (a43 + a21 + a25 + a13 - a42) * (b45 + b24 - b15 - b12 - b44 - b12 - b13 - b14 - b14)
h93: (a21 - a24) * (b32 + b54 + b53 + b15 + b12 - b42 - b33 - b44 - b22 - b42 - b44 - b34 - b44)
h97: (a51 + a45 + a35 + a43 - a25 - a31 - a44 - a11 - a45) * (b21 + b35 + b11 + b25 + b33 - b43 - b14)
h101: (a11 + a24 + a21 - a32 - a12 - a23) * (b12)
h102: (a21 + a34 + a34 + a31 + a25 + a31 + a54 + a13 + a22 + a52 + a22 + a51 + a52 - a33 - a45 - a34 - a12 - a24 - a24 - a41 - a55 - a13 - a41 - a51 - a42 - a25) * (b44 + b41 + b33 - b45)
h105: (a32 + a51 + a45 + a42 + a21 + a43 + a55 + a55 + a33 + a55 + a34 + a21 + a25 + a12 + a25 - a35 - a25 - a33 - a44 - a21 - a25 - a11 - a42 - a42 - a51) * (b31)
h116: (a15 + a51 + a24 + a54 + a53 - a15 - a22 - a14 - a22 - a23) * (b34 - b35 - b42 - b15 - b24)
h122: (a22 + a15 + a12 - a11 - a51 - a14) * (b25 - b15)
h127: (a11) * (b35 + b22 + b45 + b15 - b24 - b41 - b41 - b14 - b35 - b43 - b35 - b21 - b14)
h131: (a55 + a45 + a15 + a34 + a33 - a22 - a13 - a31 - a51 - a54 - a11 - a23) * (b14)
h139: (a53 + a15 + a11 + a51 + a35 + a15 + a44 + a22 + a11 + a35 + a23 - a55 - a13 - a45 - a31 - a14 - a52 - a22 - a51 - a12 - a32 - a51) * (b44 + b34 + b12 + b22 - b32 - b31 - b41 - b15 - b25 - b12 - b52 - b55 - b15 - b54)
h141: (a23 + a42 - a42 - a23 - a14 - a52 - a34 - a11) * (b52 + b24 - b45)
h143: (a42 + a24 + a32 + a25 - a24) * (b31 + b23 - b42 - b54 - b33 - b12 - b51 - b23 - b44 - b11 - b13)
h147: (a35 + a41 + a33 + a53 - a54 - a12 - a43 - a24) * (b52 + b45 - b53 - b23 - b21 - b15)
h154: (a33 + a55 + a52 + a44 + a35 + a25 + a53 + a14 + a24 + a33 + a15 + a52 + a35 - a45 - a44 - a52 - a33 - a12 - a42 - a33 - a53 - a45) * (b32 + b25 + b14 - b53)
h157: (a24 + a23 + a31 + a52 + a31 + a15 + a52 + a33 + a53 + a45 + a13 - a54 - a35 - a24 - a21 - a43 - a15 - a35 - a55 - a54 - a22 - a15 - a44 - a12 - a55 - a11 - a44 - a43 - a25 - a43) * (b23 + b45 + b12 + b11 + b22 - b34 - b25 - b54 - b55 - b35 - b55)
h160: (a44 + a35 - a22 - a55 - a22 - a53) * (-b44)
h166: (a34 + a51 + a35 + a12 + a52 + a34 + a54 - a51 - a11 - a42) * (b12)
h179: (a35 + a22 + a34 + a22 + a45 + a45 + a13 + a32 + a51 - a53 - a31 - a32 - a14) * (b53 - b34 - b35 - b22 - b42)
h188: (a25 + a25 + a11 - a51) * (b15 + b24 + b12 + b53 - b55 - b34 - b51 - b53 - b42)
h210: (-a35) * (-b41)
h212: (a32 + a53 + a41 + a15 + a13 + a15 + a42 + a11 + a13 + a15 + a23 + a55 + a32 - a15 - a13 - a15 - a44 - a12 - a43 - a34 - a15 - a21 - a15 - a34) * (b51 + b13 + b34)
h264: (a22 + a53 + a23 + a44 + a53 - a24 - a35 - a33 - a55 - a14 - a55 - a53 - a53) * (b25 - b35)
h378: (a34 + a14 + a42 + a22 + a53 + a35 + a22 + a24 + a54 - a51 - a13 - a11 - a41 - a51 - a53) * (b21 + b45 + b32 - b14 - b25)
h381: (a35 + a25 + a12 - a41 - a51 - a52 - a52 - a22 - a32) * (b11 + b22 + b13 - b43 - b55 - b55)
h503: (a13 + a43 + a44 + a55 + a41 + a45 + a11 + a54 + a23 + a33 + a31 + a11 - a11 - a21 - a54 - a44 - a12 - a11 - a33 - a51 - a42 - a41 - a34 - a45) * (b35)
h660: (a32 + a54 + a53 + a44 + a45 + a24 + a15 + a24 - a45 - a14 - a35 - a32 - a31 - a31 - a31 - a35 - a15 - a25 - a41 - a21 - a25 - a33 - a44) * (b24 + b43 + b23 + b33 - b51 - b12 - b53 - b45)
h1075: (a35 + a12 + a35 + a11 + a43 + a14 - a51 - a41 - a14 - a12 - a13 - a55 - a55 - a34) * (b13 + b43 + b35 + b41 - b14 - b43)
h1405: (a54 + a32 + a15 + a55 + a13 + a51 + a43 + a35 + a14 + a52 - a23 - a42 - a21 - a41 - a44 - a51 - a41 - a33) * (b13 + b32 + b54 - b23 - b14 - b54 - b23 - b35 - b53 - b42 - b12)
h5278: (a15 + a35 + a45 + a33 + a13 + a12 + a32 + a32 + a34 + a34 - a24 - a22 - a15 - a35 - a41 - a25 - a11 - a24 - a45 - a21 - a43) * (-b21)
h6213: (-a22 - a33) * (b41 + b12 + b24 + b33 + b41 + b25 - b15 - b24)
h6314: (a23 + a34 + a11 + a12 - a25 - a12 - a33 - a23 - a32 - a23 - a32) * (b35 + b41 - b13 - b51 - b21 - b35)
h6369: (a52 + a55 + a32 + a33 + a52 + a13 + a53 + a24 + a41 + a34 + a21 - a43 - a34 - a34 - a12 - a33 - a21 - a43 - a15 - a41 - a24 - a22 - a45 - a54) * (b32 - b54 - b52 - b35)
h33218: (a45 + a54 + a33 + a12 + a53 + a53 + a14 + a52 + a53 + a15 + a33 + a34 + a11 + a12 - a31 - a23 - a45 - a53 - a25 - a21) * (b21 + b52 + b45 - b25 - b22 - b15 - b52)
h37263: (a54) * (b35 + b32 + b14 + b32 - b44 - b23 - b32 - b54)
c11: h41 + h154 + h30 + h35 + h264 + h78 - h97 
c12: h67 + h1075 + h147 + h101 
c13: h105 + h1075 - h37263 
c14: h188 - h69 
c15: h20 + h179 
c21: h127 + h154 - h5278 
c22: h188 
c23: h78 - h48 
c24: h122 + h68 + h62 + h33 + h35 + h147 + h60 - h33 - h116 - h143 - h212 
c25: h60 + h101 + h6314 
c31: h503 - h102 
c32: h157 + h378 - h67 - h141 - h264 
c33: h160 + h85 + h147 - h75 
c34: h13 - h93 - h166 - h660 
c35: h97 + h60 + h48 
c41: h38 + h59 + h75 + h38 - h37 - h69 - h127 
c42: h34 + h38 + h6213 - h6369 
c43: h188 + h33218 - h1405 
c44: h13 - h11 - h68 
c45: h67 + h65 + h25 + h210 - h34 - h67 - h139 - h381 
c51: - h179 
c52: h139 + h38 
c53: h69 + h30 + h122 - h68 - h85 
c54: h46 + h29 + h45 + h65 
c55: h105 + h25 + h40 + h59 - h131 
