0,167.78400000000002,25
100,95.00800000000001,24.6
200,73.31200000000001,24.4
300,67.136,24.4
400,60.80800000000001,24.6
500,57.432,24.6
600,53.61600000000001,24.8
700,51.839999999999996,24.8
800,50.775999999999996,24.8
900,49.288,24.8
1000,47.83200000000001,24.8
1100,47.408,24.8
1200,47.36800000000001,24.8
1300,47.36800000000001,24.8
1400,46.952,24.8
1500,46.952,24.8
1600,46.456,24.8
1700,46.024,24.8
1800,46.023999999999994,24.8
1900,45.712,24.8
2000,45.136,24.6
2100,44.704,24.6
2200,44.072,24.6
2300,44.072,24.6
2400,43.336,24.6
2500,43.336,24.6
2600,43.336,24.6
2700,43.336,24.6
2800,43.336,24.6
2900,43.336,24.6
3000,43.336,24.6
3100,43.336,24.6
3200,43.336,24.6
3300,42.944,24.6
3400,42.456,24.6
3500,42.288,24.6
3600,42.288,24.6
3700,42.288,24.6
3800,41.52,24.6
3900,41.2,24.6
4000,41.2,24.6
4100,41,24.6
4200,40.584,24.6
4300,40.552,24.6
4400,40.248000000000005,24.6
4500,40.248000000000005,24.6
4600,40.248000000000005,24.6
4700,40.248000000000005,24.6
4800,40.04,24.6
4900,40.04,24.6
5000,40.04,24.6
5100,40.04,24.6
5200,40.04,24.6
5300,40.04,24.6
5400,40.04,24.6
5500,40.04,24.6
5600,40.04,24.6
5700,40.04,24.6
5800,40.04,24.6
5900,40.04,24.6
6000,40.04,24.6
6100,40.04,24.6
6200,40.04,24.6
6300,40.04,24.6
6400,40.04,24.6
6500,40.04,24.6
6600,40.04,24.6
6700,40.04,24.6
6800,40.04,24.6
6900,40.04,24.6
7000,40.04,24.6
7100,40.04,24.6
7200,38.944,24.6
7300,38.944,24.6
7400,38.944,24.6
7500,38.944,24.6
7600,38.87199999999999,24.6
7700,38.288,24.6
7800,38.288,24.6
7900,38.288,24.6
8000,38.288,24.6
8100,38.288,24.6
8200,38.288,24.6
8300,37.696000000000005,24.8
8400,37.696000000000005,24.8
8500,37.696000000000005,24.8
8600,37.696000000000005,24.8
8700,37.696000000000005,24.8
8800,37.696000000000005,24.8
8900,37.696000000000005,24.8
9000,37.696000000000005,24.8
9100,37.696000000000005,24.8
9200,37.088,24.8
9300,37.088,24.8
9400,37.088,24.8
9500,37.088,24.8
9600,36.616,24.8
9700,36.616,24.8
9800,36.456,24.8
9900,36.456,24.8
10000,36.456,24.8
10100,36.456,24.8
10200,36.456,24.8
10300,36.456,24.8
10400,36.456,24.8
10500,36.456,24.8
10600,36.352000000000004,24.6
10700,36.352000000000004,24.6
10800,36.352000000000004,24.6
10900,36.352000000000004,24.6
11000,36.352000000000004,24.6
11100,36.352000000000004,24.6
11200,36.352000000000004,24.6
11300,36.352000000000004,24.6
11400,36.352000000000004,24.6
11500,36.352000000000004,24.6
11600,36.352000000000004,24.6
11700,36.352000000000004,24.6
11800,36.352000000000004,24.6
11900,36.352000000000004,24.6
12000,36.352000000000004,24.6
12100,36.312,24.6
12200,36.312,24.6
12300,36.312,24.6
12400,36.312,24.6
12500,36.312,24.6
12600,36.312,24.6
12700,36.312,24.6
12800,36.192,24.6
12900,35.936,24.6
13000,35.936,24.6
13100,35.592,24.6
13200,35.592,24.6
13300,35.592,24.6
13400,35.592,24.6
13500,35.592,24.6
13600,35.592,24.6
13700,35.592,24.6
13800,35.592,24.6
13900,35.592,24.6
14000,35.592,24.6
14100,35.592,24.6
14200,35.592,24.6
14300,35.592,24.6
14400,35.592,24.6
14500,35.592,24.6
14600,34.392,24.6
14700,34.392,24.6
14800,34.392,24.6
14900,34.392,24.6
15000,34.392,24.6
15100,34.392,24.6
15200,34.392,24.6
15300,34.392,24.6
15400,34.392,24.6
15500,34.288,24.6
15600,34.288,24.6
15700,34.288,24.6
15800,33.616,24.6
15900,33.616,24.6
16000,33.616,24.6
16100,33.616,24.6
16200,33.616,24.6
16300,33.616,24.6
16400,33.616,24.6
16500,33.616,24.6
16600,33.616,24.6
16700,33.616,24.6
16800,33.616,24.6
16900,33.616,24.6
17000,33.616,24.6
17100,33.616,24.6
17200,33.616,24.6
17300,33.616,24.6
17400,33.616,24.6
17500,33.616,24.6
17600,33.616,24.6
17700,33.616,24.6
17800,33.616,24.6
17900,33.616,24.6
18000,33.616,24.6
18100,33.616,24.6
18200,33.616,24.6
18300,33.616,24.6
18400,33.616,24.6
18500,33.616,24.6
18600,33.616,24.6
18700,33.616,24.6
18800,33.616,24.6
18900,33.616,24.6
19000,33.616,24.6
19100,33.616,24.6
19200,33.616,24.6
19300,33.56,24.6
19400,33.56,24.6
19500,33.56,24.6
19600,33.56,24.6
19700,33.56,24.6
19800,33.56,24.6
19900,33.56,24.6
20000,33.56,24.6
20100,33.56,24.6
20200,33.56,24.6
20300,32.624,24.6
20400,32.624,24.6
20500,32.624,24.6
20600,32.624,24.6
20700,32.624,24.6
20800,32.624,24.6
20900,32.624,24.6
21000,32.624,24.6
21100,32.624,24.6
21200,32.624,24.6
21300,32.624,24.6
21400,32.624,24.6
21500,32.624,24.6
21600,32.624,24.6
21700,32.624,24.6
21800,32.624,24.6
21900,32.624,24.6
22000,32.312,24.6
22100,32.312,24.6
22200,32.312,24.6
22300,32.312,24.6
22400,32.208,24.6
22500,32.208,24.6
22600,32.208,24.6
22700,32.208,24.6
22800,32.208,24.6
22900,31.887999999999998,24.6
23000,31.887999999999998,24.6
23100,31.887999999999998,24.6
23200,31.887999999999998,24.6
23300,31.887999999999998,24.6
23400,31.887999999999998,24.6
23500,31.887999999999998,24.6
23600,31.887999999999998,24.6
23700,31.887999999999998,24.6
23800,31.887999999999998,24.6
23900,31.887999999999998,24.6
24000,31.887999999999998,24.6
24100,31.887999999999998,24.6
24200,31.887999999999998,24.6
24300,31.887999999999998,24.6
24400,31.887999999999998,24.6
24500,31.887999999999998,24.6
24600,31.887999999999998,24.6
24700,31.887999999999998,24.6
24800,31.887999999999998,24.6
24900,31.887999999999998,24.6
25000,31.887999999999998,24.6
25100,31.887999999999998,24.6
25200,31.887999999999998,24.6
25300,31.887999999999998,24.6
25400,31.887999999999998,24.6
25500,31.887999999999998,24.6
25600,31.887999999999998,24.6
25700,31.816000000000003,24.6
25800,31.816000000000003,24.6
25900,31.816000000000003,24.6
26000,31.816000000000003,24.6
26100,31.816000000000003,24.6
26200,30.871999999999996,24.4
26300,30.871999999999996,24.4
26400,30.871999999999996,24.4
26500,30.871999999999996,24.4
26600,30.871999999999996,24.4
26700,30.871999999999996,24.4
26800,30.871999999999996,24.4
26900,30.871999999999996,24.4
27000,30.871999999999996,24.4
27100,30.871999999999996,24.4
27200,30.688,24.4
27300,30.688,24.4
27400,30.688,24.4
27500,30.688,24.4
27600,30.688,24.4
27700,30.688,24.4
27800,30.688,24.4
27900,30.688,24.4
28000,30.688,24.4
28100,30.688,24.4
28200,30.688,24.4
28300,30.688,24.4
28400,30.688,24.4
28500,30.688,24.4
28600,30.688,24.4
28700,30.688,24.4
28800,29.872000000000003,24.6
28900,29.872000000000003,24.6
29000,29.432,24.6
29100,29.432,24.6
29200,29.432,24.6
29300,29.432,24.6
29400,29.432,24.6
29500,29.432,24.6
29600,29.432,24.6
29700,29.432,24.6
29800,29.432,24.6
29900,29.432,24.6
30000,29.432,24.6
30100,29.432,24.6
30200,29.432,24.6
30300,29.312,24.6
30400,29.312,24.6
30500,29.312,24.6
30600,29.312,24.6
30700,29.312,24.6
30800,29.312,24.6
30900,29.312,24.6
31000,29.312,24.6
31100,29.312,24.6
31200,29.312,24.6
31300,29.312,24.6
31400,29.312,24.6
31500,29.312,24.6
31600,29.312,24.6
31700,29.312,24.6
31800,29.312,24.6
31900,29.312,24.6
32000,29.312,24.6
32100,29.312,24.6
32200,29.312,24.6
32300,29.312,24.6
32400,29.312,24.6
32500,29.312,24.6
32600,29.312,24.6
32700,29.312,24.6
32800,29.279999999999994,24.6
32900,29.279999999999994,24.6
33000,29.279999999999994,24.6
33100,29.279999999999994,24.6
33200,29.279999999999994,24.6
33300,29.279999999999994,24.6
33400,29.279999999999994,24.6
33500,29.279999999999994,24.6
33600,29.279999999999994,24.6
33700,29.279999999999994,24.6
33800,29.279999999999994,24.6
33900,29.279999999999994,24.6
34000,29.279999999999994,24.6
34100,29.279999999999994,24.6
34200,29.279999999999994,24.6
34300,29.279999999999994,24.6
34400,29.279999999999994,24.6
34500,29.279999999999994,24.6
34600,29.279999999999994,24.6
34700,29.279999999999994,24.6
34800,29.279999999999994,24.6
34900,29.279999999999994,24.6
35000,29.279999999999994,24.6
35100,28.672000000000004,24.4
35200,28.672000000000004,24.4
35300,28.672000000000004,24.4
35400,28.672000000000004,24.4
35500,28.672000000000004,24.4
35600,28.672000000000004,24.4
35700,28.672000000000004,24.4
35800,28.672000000000004,24.4
35900,28.672000000000004,24.4
36000,28.672000000000004,24.4
36100,28.672000000000004,24.4
36200,28.672000000000004,24.4
36300,28.672000000000004,24.4
36400,28.672000000000004,24.4
36500,28.672000000000004,24.4
36600,28.672000000000004,24.4
36700,28.672000000000004,24.4
36800,28.672000000000004,24.4
36900,28.672000000000004,24.4
37000,28.672000000000004,24.4
37100,28.672000000000004,24.4
37200,28.672000000000004,24.4
37300,28.672000000000004,24.4
37400,28.672000000000004,24.4
37500,28.672000000000004,24.4
37600,28.672000000000004,24.4
37700,28.672000000000004,24.4
37800,28.672000000000004,24.4
37900,28.672000000000004,24.4
38000,28.672000000000004,24.4
38100,28.672000000000004,24.4
38200,28.672000000000004,24.4
38300,28.672000000000004,24.4
38400,28.672000000000004,24.4
38500,28.672000000000004,24.4
38600,28.672000000000004,24.4
38700,28.672000000000004,24.4
38800,28.672000000000004,24.4
38900,28.672000000000004,24.4
39000,28.672000000000004,24.4
39100,28.672000000000004,24.4
39200,28.672000000000004,24.4
39300,28.672000000000004,24.4
39400,28.28,24.4
39500,28.28,24.4
39600,28.28,24.4
39700,28.28,24.4
39800,28.28,24.4
39900,28.28,24.4
40000,28.28,24.4
40100,28.28,24.4
40200,28.28,24.4
40300,28.28,24.4
40400,28.28,24.4
40500,28.28,24.4
40600,28.28,24.4
40700,28.28,24.4
40800,28.28,24.4
40900,28.28,24.4
41000,28.28,24.4
41100,28.28,24.4
41200,28.28,24.4
41300,28.28,24.4
41400,27.880000000000003,24.2
41500,27.880000000000003,24.2
41600,27.880000000000003,24.2
41700,27.880000000000003,24.2
41800,27.880000000000003,24.2
41900,27.880000000000003,24.2
42000,27.880000000000003,24.2
42100,27.880000000000003,24.2
42200,27.880000000000003,24.2
42300,27.880000000000003,24.2
42400,27.880000000000003,24.2
42500,27.880000000000003,24.2
42600,27.880000000000003,24.2
42700,27.880000000000003,24.2
42800,27.880000000000003,24.2
42900,27.880000000000003,24.2
43000,27.880000000000003,24.2
43100,27.880000000000003,24.2
43200,27.880000000000003,24.2
43300,27.880000000000003,24.2
43400,27.880000000000003,24.2
43500,27.880000000000003,24.2
43600,27.880000000000003,24.2
43700,27.880000000000003,24.2
43800,27.880000000000003,24.2
43900,27.880000000000003,24.2
44000,27.880000000000003,24.2
44100,27.880000000000003,24.2
44200,27.880000000000003,24.2
44300,27.880000000000003,24.2
44400,27.880000000000003,24.2
44500,27.880000000000003,24.2
44600,27.880000000000003,24.2
44700,27.880000000000003,24.2
44800,27.880000000000003,24.2
44900,27.880000000000003,24.2
45000,27.880000000000003,24.2
45100,27.880000000000003,24.2
45200,27.880000000000003,24.2
45300,27.880000000000003,24.2
45400,27.880000000000003,24.2
45500,27.880000000000003,24.2
45600,27.880000000000003,24.2
45700,27.880000000000003,24.2
45800,27.880000000000003,24.2
45900,27.880000000000003,24.2
46000,27.880000000000003,24.2
46100,27.880000000000003,24.2
46200,27.880000000000003,24.2
46300,27.880000000000003,24.2
46400,27.880000000000003,24.2
46500,27.880000000000003,24.2
46600,27.880000000000003,24.2
46700,27.880000000000003,24.2
46800,27.880000000000003,24.2
46900,27.880000000000003,24.2
47000,27.880000000000003,24.2
47100,27.880000000000003,24.2
47200,27.880000000000003,24.2
47300,27.880000000000003,24.2
47400,27.880000000000003,24.2
47500,27.880000000000003,24.2
47600,27.880000000000003,24.2
47700,27.880000000000003,24.2
47800,27.880000000000003,24.2
47900,27.880000000000003,24.2
48000,27.880000000000003,24.2
48100,27.880000000000003,24.2
48200,27.880000000000003,24.2
48300,27.880000000000003,24.2
48400,27.880000000000003,24.2
48500,27.880000000000003,24.2
48600,27.880000000000003,24.2
48700,27.880000000000003,24.2
48800,27.880000000000003,24.2
48900,27.880000000000003,24.2
49000,27.880000000000003,24.2
49100,27.880000000000003,24.2
49200,27.880000000000003,24.2
49300,27.880000000000003,24.2
49400,27.880000000000003,24.2
49500,27.880000000000003,24.2
49600,27.880000000000003,24.2
49700,27.880000000000003,24.2
49800,27.880000000000003,24.2
49900,27.880000000000003,24.2
50000,27.880000000000003,24.2
50100,27.880000000000003,24.2
50200,27.727999999999998,24.4
50300,27.727999999999998,24.4
50400,27.727999999999998,24.4
50500,27.727999999999998,24.4
50600,27.727999999999998,24.4
50700,27.727999999999998,24.4
50800,27.727999999999998,24.4
50900,27.727999999999998,24.4
51000,27.727999999999998,24.4
51100,27.727999999999998,24.4
51200,27.727999999999998,24.4
51300,27.727999999999998,24.4
51400,27.727999999999998,24.4
51500,27.727999999999998,24.4
51600,27.727999999999998,24.4
51700,27.727999999999998,24.4
51800,27.727999999999998,24.4
51900,27.727999999999998,24.4
52000,27.727999999999998,24.4
52100,27.727999999999998,24.4
52200,27.727999999999998,24.4
52300,27.727999999999998,24.4
52400,27.727999999999998,24.4
52500,27.727999999999998,24.4
52600,27.727999999999998,24.4
52700,27.727999999999998,24.4
52800,27.727999999999998,24.4
52900,27.727999999999998,24.4
53000,27.727999999999998,24.4
53100,27.727999999999998,24.4
53200,27.727999999999998,24.4
53300,27.727999999999998,24.4
53400,27.727999999999998,24.4
53500,27.727999999999998,24.4
53600,27.727999999999998,24.4
53700,27.727999999999998,24.4
53800,27.727999999999998,24.4
53900,27.727999999999998,24.4
54000,27.727999999999998,24.4
54100,27.727999999999998,24.4
54200,27.727999999999998,24.4
54300,27.727999999999998,24.4
54400,27.727999999999998,24.4
54500,27.727999999999998,24.4
54600,27.727999999999998,24.4
54700,27.727999999999998,24.4
54800,27.727999999999998,24.4
54900,27.648000000000003,24.4
55000,27.648000000000003,24.4
55100,27.648000000000003,24.4
55200,27.648000000000003,24.4
55300,27.648000000000003,24.4
55400,27.631999999999998,24.4
55500,27.631999999999998,24.4
55600,27.631999999999998,24.4
55700,27.631999999999998,24.4
55800,27.631999999999998,24.4
55900,27.631999999999998,24.4
56000,27.631999999999998,24.4
56100,27.631999999999998,24.4
56200,27.631999999999998,24.4
56300,27.631999999999998,24.4
56400,27.631999999999998,24.4
56500,27.631999999999998,24.4
56600,27.631999999999998,24.4
56700,27.631999999999998,24.4
56800,27.631999999999998,24.4
56900,27.631999999999998,24.4
57000,27.631999999999998,24.4
57100,27.631999999999998,24.4
57200,27.631999999999998,24.4
57300,27.631999999999998,24.4
57400,27.631999999999998,24.4
57500,27.631999999999998,24.4
57600,27.631999999999998,24.4
57700,27.631999999999998,24.4
57800,27.631999999999998,24.4
57900,27.631999999999998,24.4
58000,27.631999999999998,24.4
58100,27.631999999999998,24.4
58200,27.631999999999998,24.4
58300,27.631999999999998,24.4
58400,27.631999999999998,24.4
58500,27.631999999999998,24.4
58600,27.631999999999998,24.4
58700,27.631999999999998,24.4
58800,27.631999999999998,24.4
58900,27.631999999999998,24.4
59000,27.631999999999998,24.4
59100,27.631999999999998,24.4
59200,27.631999999999998,24.4
59300,27.631999999999998,24.4
59400,27.631999999999998,24.4
59500,27.631999999999998,24.4
59600,27.631999999999998,24.4
59700,27.631999999999998,24.4
59800,27.631999999999998,24.4
59900,27.631999999999998,24.4
60000,27.631999999999998,24.4
60100,27.631999999999998,24.4
60200,27.631999999999998,24.4
60300,27.631999999999998,24.4
60400,27.631999999999998,24.4
60500,27.631999999999998,24.4
60600,27.631999999999998,24.4
60700,27.631999999999998,24.4
60800,27.631999999999998,24.4
60900,27.631999999999998,24.4
61000,27.631999999999998,24.4
61100,27.631999999999998,24.4
61200,27.631999999999998,24.4
61300,27.631999999999998,24.4
61400,27.631999999999998,24.4
61500,27.631999999999998,24.4
61600,27.631999999999998,24.4
61700,27.631999999999998,24.4
61800,27.631999999999998,24.4
61900,27.631999999999998,24.4
62000,27.631999999999998,24.4
62100,27.631999999999998,24.4
62200,27.631999999999998,24.4
62300,27.631999999999998,24.4
62400,27.631999999999998,24.4
62500,27.631999999999998,24.4
62600,27.631999999999998,24.4
62700,27.631999999999998,24.4
62800,27.631999999999998,24.4
62900,27.631999999999998,24.4
63000,27.631999999999998,24.4
63100,27.631999999999998,24.4
63200,27.631999999999998,24.4
63300,27.631999999999998,24.4
63400,27.631999999999998,24.4
63500,27.631999999999998,24.4
63600,27.631999999999998,24.4
63700,27.592000000000002,24.4
63800,27.592000000000002,24.4
63900,27.592000000000002,24.4
64000,27.592000000000002,24.4
64100,27.592000000000002,24.4
64200,27.592000000000002,24.4
64300,27.592000000000002,24.4
64400,27.592000000000002,24.4
64500,27.592000000000002,24.4
64600,27.592000000000002,24.4
64700,27.592000000000002,24.4
64800,27.592000000000002,24.4
64900,27.592000000000002,24.4
65000,27.592000000000002,24.4
65100,27.592000000000002,24.4
65200,27.592000000000002,24.4
65300,27.592000000000002,24.4
65400,27.592000000000002,24.4
65500,27.504,24.4
65600,27.504,24.4
65700,27.504,24.4
65800,27.504,24.4
65900,27.504,24.4
66000,27.504,24.4
66100,27.504,24.4
66200,27.504,24.4
66300,27.504,24.4
66400,27.504,24.4
66500,27.504,24.4
66600,27.504,24.4
66700,27.504,24.4
66800,27.504,24.4
66900,27.504,24.4
67000,27.504,24.4
67100,27,24.4
67200,26.536,24.4
67300,26.536,24.4
67400,26.536,24.4
67500,26.536,24.4
67600,26.536,24.4
67700,26.536,24.4
67800,26.536,24.4
67900,26.536,24.4
68000,26.536,24.4
68100,26.536,24.4
68200,26.536,24.4
68300,26.536,24.4
68400,26.536,24.4
68500,26.536,24.4
68600,26.536,24.4
68700,26.536,24.4
68800,26.536,24.4
68900,26.536,24.4
69000,26.536,24.4
69100,26.536,24.4
69200,26.536,24.4
69300,26.536,24.4
69400,26.536,24.4
69500,26.536,24.4
69600,26.536,24.4
69700,26.416000000000004,24.2
69800,26.416000000000004,24.2
69900,26.416000000000004,24.2
70000,26.416000000000004,24.2
70100,26.416000000000004,24.2
70200,26.416000000000004,24.2
70300,26.416000000000004,24.2
70400,26.312,24.4
70500,26.312,24.4
70600,26.312,24.4
70700,26.312,24.4
70800,26.119999999999997,24.4
70900,26.119999999999997,24.4
71000,26.119999999999997,24.4
71100,26.119999999999997,24.4
71200,26.119999999999997,24.4
71300,26.119999999999997,24.4
71400,26.119999999999997,24.4
71500,26.119999999999997,24.4
71600,26.119999999999997,24.4
71700,26.119999999999997,24.4
71800,26.119999999999997,24.4
71900,26.119999999999997,24.4
72000,26.119999999999997,24.4
72100,26.119999999999997,24.4
72200,26.119999999999997,24.4
72300,26.119999999999997,24.4
72400,26.119999999999997,24.4
72500,26.119999999999997,24.4
72600,26.119999999999997,24.4
72700,26.119999999999997,24.4
72800,26.119999999999997,24.4
72900,26.119999999999997,24.4
73000,26.119999999999997,24.4
73100,26.119999999999997,24.4
73200,26.119999999999997,24.4
73300,26.119999999999997,24.4
73400,26.119999999999997,24.4
73500,26.119999999999997,24.4
73600,26.119999999999997,24.4
73700,26.119999999999997,24.4
73800,26.119999999999997,24.4
73900,26.119999999999997,24.4
74000,26.119999999999997,24.4
74100,26.119999999999997,24.4
74200,26.119999999999997,24.4
74300,26.119999999999997,24.4
74400,26.119999999999997,24.4
74500,26.119999999999997,24.4
74600,26.119999999999997,24.4
74700,26.119999999999997,24.4
74800,26.119999999999997,24.4
74900,26.119999999999997,24.4
75000,26.119999999999997,24.4
75100,26.119999999999997,24.4
75200,26.119999999999997,24.4
75300,26.119999999999997,24.4
75400,26.119999999999997,24.4
75500,26.119999999999997,24.4
75600,26.119999999999997,24.4
75700,26.119999999999997,24.4
75800,26.119999999999997,24.4
75900,26.119999999999997,24.4
76000,26.119999999999997,24.4
76100,26.119999999999997,24.4
76200,26.119999999999997,24.4
76300,26.119999999999997,24.4
76400,25.56,24.4
76500,25.56,24.4
76600,25.56,24.4
76700,25.56,24.4
76800,25.56,24.4
76900,25.56,24.4
77000,25.56,24.4
77100,25.56,24.4
77200,25.56,24.4
77300,25.56,24.4
77400,25.56,24.4
77500,25.56,24.4
77600,25.56,24.4
77700,25.56,24.4
77800,25.56,24.4
77900,25.56,24.4
78000,25.56,24.4
78100,25.56,24.4
78200,25.56,24.4
78300,25.56,24.4
78400,25.56,24.4
78500,25.56,24.4
78600,25.56,24.4
78700,25.56,24.4
78800,25.56,24.4
78900,25.56,24.4
79000,25.56,24.4
79100,25.56,24.4
79200,25.56,24.4
79300,25.56,24.4
79400,25.56,24.4
79500,25.56,24.4
79600,25.56,24.4
79700,25.56,24.4
79800,25.56,24.4
79900,25.56,24.4
80000,25.56,24.4
80100,25.56,24.4
80200,25.56,24.4
80300,25.56,24.4
80400,25.36,24.4
80500,25.36,24.4
80600,25.36,24.4
80700,25.36,24.4
80800,25.36,24.4
80900,25.36,24.4
81000,25.36,24.4
81100,25.36,24.4
81200,25.36,24.4
81300,25.36,24.4
81400,25.36,24.4
81500,25.36,24.4
81600,25.36,24.4
81700,25.36,24.4
81800,25.36,24.4
81900,25.36,24.4
82000,25.36,24.4
82100,25.36,24.4
82200,25.36,24.4
82300,25.36,24.4
82400,25.36,24.4
82500,25.36,24.4
82600,25.36,24.4
82700,25.36,24.4
82800,25.36,24.4
82900,25.36,24.4
83000,25.36,24.4
83100,25.36,24.4
83200,25.36,24.4
83300,25.36,24.4
83400,25.36,24.4
83500,25.36,24.4
83600,25.36,24.4
83700,25.36,24.4
83800,25.36,24.4
83900,25.36,24.4
84000,25.36,24.4
84100,25.36,24.4
84200,25.36,24.4
84300,25.36,24.4
84400,25.36,24.4
84500,25.36,24.4
84600,25.36,24.4
84700,25.36,24.4
84800,25.36,24.4
84900,25.36,24.4
85000,25.36,24.4
85100,25.36,24.4
85200,25.36,24.4
85300,25.36,24.4
85400,25.36,24.4
85500,25.36,24.4
85600,25.36,24.4
85700,25.36,24.4
85800,25.36,24.4
85900,25.36,24.4
86000,25.36,24.4
86100,25.36,24.4
86200,25.36,24.4
86300,25.36,24.4
86400,25.36,24.4
86500,25.36,24.4
86600,25.36,24.4
86700,25.36,24.4
86800,25.36,24.4
86900,25.36,24.4
87000,25.36,24.4
87100,25.36,24.4
87200,25.36,24.4
87300,25.36,24.4
87400,25.36,24.4
87500,25.36,24.4
87600,25.36,24.4
87700,25.36,24.4
87800,25.36,24.4
87900,25.36,24.4
88000,25.36,24.4
88100,25.36,24.4
88200,25.36,24.4
88300,25.36,24.4
88400,25.36,24.4
88500,25.36,24.4
88600,25.36,24.4
88700,25.36,24.4
88800,25.36,24.4
88900,25.36,24.4
89000,25.36,24.4
89100,25.36,24.4
89200,25.36,24.4
89300,25.36,24.4
89400,25.36,24.4
89500,25.36,24.4
89600,25.36,24.4
89700,25.36,24.4
89800,25.36,24.4
89900,25.36,24.4
90000,25.36,24.4
90100,25.36,24.4
90200,25.36,24.4
90300,25.36,24.4
90400,25.36,24.4
90500,25.36,24.4
90600,25.36,24.4
90700,25.36,24.4
90800,25.36,24.4
90900,25.36,24.4
91000,25.36,24.4
91100,25.36,24.4
91200,25.36,24.4
91300,25.36,24.4
91400,25.36,24.4
91500,25.36,24.4
91600,25.36,24.4
91700,25.36,24.4
91800,25.36,24.4
91900,25.36,24.4
92000,25.36,24.4
92100,25.36,24.4
92200,25.36,24.4
92300,25.36,24.4
92400,25.36,24.4
92500,25.36,24.4
92600,25.36,24.4
92700,25.36,24.4
92800,25.36,24.4
92900,25.36,24.4
93000,25.36,24.4
93100,25.36,24.4
93200,25.36,24.4
93300,25.36,24.4
93400,25.36,24.4
93500,25.36,24.4
93600,25.36,24.4
93700,25.36,24.4
93800,25.36,24.4
93900,25.36,24.4
94000,25.36,24.4
94100,25.36,24.4
94200,25.36,24.4
94300,25.36,24.4
94400,25.36,24.4
94500,25.36,24.4
94600,25.36,24.4
94700,25.36,24.4
94800,25.36,24.4
94900,25.36,24.4
95000,25.36,24.4
95100,25.36,24.4
95200,25.36,24.4
95300,25.36,24.4
95400,25.36,24.4
95500,25.36,24.4
95600,25.36,24.4
95700,25.36,24.4
95800,25.36,24.4
95900,25.36,24.4
96000,25.36,24.4
96100,25.36,24.4
96200,25.36,24.4
96300,25.36,24.4
96400,25.36,24.4
96500,25.36,24.4
96600,25.36,24.4
96700,25.36,24.4
96800,25.36,24.4
96900,25.312,24.4
97000,25.312,24.4
97100,25.312,24.4
97200,25.312,24.4
97300,25.312,24.4
97400,25.312,24.4
97500,25.312,24.4
97600,25.312,24.4
97700,25.312,24.4
97800,25.312,24.4
97900,25.08,24.4
98000,25.08,24.4
98100,25.08,24.4
98200,25.08,24.4
98300,25.040000000000003,24.4
98400,25.040000000000003,24.4
98500,25.040000000000003,24.4
98600,25.040000000000003,24.4
98700,25.040000000000003,24.4
98800,25.040000000000003,24.4
98900,25.040000000000003,24.4
99000,25.040000000000003,24.4
99100,25.040000000000003,24.4
99200,25.040000000000003,24.4
99300,25.040000000000003,24.4
99400,25.040000000000003,24.4
99500,25.040000000000003,24.4
99600,25.040000000000003,24.4
99700,25.040000000000003,24.4
99800,25.040000000000003,24.4
99900,25.040000000000003,24.4
100000,25.040000000000003,24.4
100100,25.040000000000003,24.4
100200,25.040000000000003,24.4
100300,25.040000000000003,24.4
100400,25.040000000000003,24.4
100500,25.040000000000003,24.4
100600,25.040000000000003,24.4
100700,25.040000000000003,24.4
100800,25.040000000000003,24.4
100900,25.040000000000003,24.4
101000,25.040000000000003,24.4
101100,25.040000000000003,24.4
101200,25.040000000000003,24.4
101300,25.040000000000003,24.4
101400,25.040000000000003,24.4
101500,24.887999999999998,24.4
101600,24.887999999999998,24.4
101700,24.887999999999998,24.4
101800,24.887999999999998,24.4
101900,24.887999999999998,24.4
102000,24.887999999999998,24.4
102100,24.887999999999998,24.4
102200,24.887999999999998,24.4
102300,24.887999999999998,24.4
102400,24.887999999999998,24.4
102500,24.887999999999998,24.4
102600,24.887999999999998,24.4
102700,24.887999999999998,24.4
102800,24.887999999999998,24.4
102900,24.887999999999998,24.4
103000,24.887999999999998,24.4
103100,24.887999999999998,24.4
103200,24.887999999999998,24.4
103300,24.887999999999998,24.4
103400,24.887999999999998,24.4
103500,24.887999999999998,24.4
103600,24.887999999999998,24.4
103700,24.887999999999998,24.4
103800,24.887999999999998,24.4
103900,24.887999999999998,24.4
104000,24.887999999999998,24.4
104100,24.887999999999998,24.4
104200,24.887999999999998,24.4
104300,24.887999999999998,24.4
104400,24.887999999999998,24.4
104500,24.887999999999998,24.4
104600,24.887999999999998,24.4
104700,24.887999999999998,24.4
104800,24.887999999999998,24.4
104900,24.887999999999998,24.4
105000,24.887999999999998,24.4
105100,24.887999999999998,24.4
105200,24.887999999999998,24.4
105300,24.887999999999998,24.4
105400,24.887999999999998,24.4
105500,24.887999999999998,24.4
105600,24.887999999999998,24.4
105700,24.887999999999998,24.4
105800,24.887999999999998,24.4
105900,24.887999999999998,24.4
106000,24.887999999999998,24.4
106100,24.887999999999998,24.4
106200,24.887999999999998,24.4
106300,24.887999999999998,24.4
106400,24.887999999999998,24.4
106500,24.887999999999998,24.4
106600,24.887999999999998,24.4
106700,24.887999999999998,24.4
106800,24.887999999999998,24.4
106900,24.887999999999998,24.4
107000,24.887999999999998,24.4
107100,24.887999999999998,24.4
107200,24.887999999999998,24.4
107300,24.887999999999998,24.4
107400,24.887999999999998,24.4
107500,24.887999999999998,24.4
107600,24.887999999999998,24.4
107700,24.887999999999998,24.4
107800,24.887999999999998,24.4
107900,24.887999999999998,24.4
108000,24.887999999999998,24.4
108100,24.887999999999998,24.4
108200,24.887999999999998,24.4
108300,24.887999999999998,24.4
108400,24.887999999999998,24.4
108500,24.887999999999998,24.4
108600,24.887999999999998,24.4
108700,24.887999999999998,24.4
108800,24.887999999999998,24.4
108900,24.887999999999998,24.4
109000,24.887999999999998,24.4
109100,24.832,24.2
109200,24.832,24.2
109300,24.832,24.2
109400,24.832,24.2
109500,24.832,24.2
109600,24.832,24.2
109700,24.832,24.2
109800,24.832,24.2
109900,24.832,24.2
110000,24.832,24.2
110100,24.832,24.2
110200,24.832,24.2
110300,24.832,24.2
110400,24.832,24.2
110500,24.832,24.2
110600,24.832,24.2
110700,24.832,24.2
110800,24.832,24.2
110900,24.832,24.2
111000,24.832,24.2
111100,24.832,24.2
111200,24.832,24.2
111300,24.832,24.2
111400,24.832,24.2
111500,24.832,24.2
111600,24.832,24.2
111700,24.832,24.2
111800,24.832,24.2
111900,24.776,24.2
112000,24.776,24.2
112100,24.776,24.2
112200,23.887999999999998,24
112300,23.887999999999998,24
112400,23.887999999999998,24
112500,23.823999999999998,24
112600,23.823999999999998,24
112700,23.823999999999998,24
112800,23.823999999999998,24
112900,23.823999999999998,24
113000,23.784000000000002,24.2
113100,23.784000000000002,24.2
113200,23.784000000000002,24.2
113300,23.784000000000002,24.2
113400,23.784000000000002,24.2
113500,23.784000000000002,24.2
113600,23.784000000000002,24.2
113700,23.784000000000002,24.2
113800,23.784000000000002,24.2
113900,23.784000000000002,24.2
114000,23.784000000000002,24.2
114100,23.784000000000002,24.2
114200,23.784000000000002,24.2
114300,23.784000000000002,24.2
114400,23.784000000000002,24.2
114500,23.784000000000002,24.2
114600,23.784000000000002,24.2
114700,23.784000000000002,24.2
114800,23.472,24.2
114900,23.472,24.2
115000,23.472,24.2
115100,23.472,24.2
115200,23.472,24.2
115300,23.472,24.2
115400,23.472,24.2
115500,23.472,24.2
115600,23.472,24.2
115700,23.472,24.2
115800,23.472,24.2
115900,23.472,24.2
116000,23.472,24.2
116100,23.472,24.2
116200,23.472,24.2
116300,23.472,24.2
116400,23.472,24.2
116500,23.472,24.2
116600,23.472,24.2
116700,23.472,24.2
116800,23.472,24.2
116900,23.472,24.2
117000,23.472,24.2
117100,23.472,24.2
117200,23.472,24.2
117300,23.472,24.2
117400,23.472,24.2
117500,23.456,24.2
117600,23.456,24.2
117700,23.456,24.2
117800,23.456,24.2
117900,23.456,24.2
118000,23.456,24.2
118100,23.456,24.2
118200,23.456,24.2
118300,23.456,24.2
118400,23.456,24.2
118500,23.456,24.2
118600,23.456,24.2
118700,23.456,24.2
118800,23.456,24.2
118900,23.456,24.2
119000,23.456,24.2
119100,23.456,24.2
119200,23.456,24.2
119300,23.456,24.2
119400,23.456,24.2
119500,23.456,24.2
119600,23.456,24.2
119700,23.456,24.2
119800,23.456,24.2
119900,23.456,24.2
120000,23.456,24.2
120100,23.456,24.2
120200,23.456,24.2
120300,23.456,24.2
120400,23.456,24.2
120500,23.456,24.2
120600,23.456,24.2
120700,23.456,24.2
120800,23.456,24.2
120900,23.456,24.2
121000,23.456,24.2
121100,23.456,24.2
121200,23.456,24.2
121300,23.456,24.2
121400,23.456,24.2
121500,23.456,24.2
121600,23.456,24.2
121700,23.456,24.2
121800,23.456,24.2
121900,23.456,24.2
122000,23.456,24.2
122100,23.456,24.2
122200,23.456,24.2
122300,23.456,24.2
122400,23.456,24.2
122500,23.456,24.2
122600,23.456,24.2
122700,23.456,24.2
122800,23.456,24.2
122900,23.456,24.2
123000,23.456,24.2
123100,23.456,24.2
123200,23.456,24.2
123300,23.456,24.2
123400,23.456,24.2
123500,23.456,24.2
123600,23.456,24.2
123700,23.456,24.2
123800,23.456,24.2
123900,23.456,24.2
124000,23.456,24.2
124100,23.456,24.2
124200,23.456,24.2
124300,23.456,24.2
124400,23.456,24.2
124500,23.456,24.2
124600,23.456,24.2
124700,23.456,24.2
124800,23.456,24.2
124900,23.456,24.2
125000,23.456,24.2
125100,23.456,24.2
125200,23.456,24.2
125300,23.456,24.2
125400,23.456,24.2
125500,23.456,24.2
125600,23.456,24.2
125700,23.456,24.2
125800,23.456,24.2
125900,23.456,24.2
126000,23.456,24.2
126100,23.456,24.2
126200,23.456,24.2
126300,23.456,24.2
126400,23.456,24.2
126500,23.456,24.2
126600,23.456,24.2
126700,23.456,24.2
126800,23.456,24.2
126900,23.456,24.2
127000,23.456,24.2
127100,23.456,24.2
127200,23.456,24.2
127300,23.456,24.2
127400,23.456,24.2
127500,23.456,24.2
127600,23.456,24.2
127700,23.456,24.2
127800,23.456,24.2
127900,23.456,24.2
128000,23.456,24.2
128100,23.456,24.2
128200,23.456,24.2
128300,23.456,24.2
128400,23.456,24.2
128500,23.456,24.2
128600,23.456,24.2
128700,23.456,24.2
128800,23.456,24.2
128900,23.456,24.2
129000,23.456,24.2
129100,23.456,24.2
129200,23.456,24.2
129300,23.456,24.2
129400,23.456,24.2
129500,23.456,24.2
129600,23.456,24.2
129700,23.456,24.2
129800,23.456,24.2
129900,23.456,24.2
130000,23.456,24.2
130100,23.456,24.2
130200,23.456,24.2
130300,23.183999999999997,24.2
130400,23.183999999999997,24.2
130500,23.183999999999997,24.2
130600,23.183999999999997,24.2
130700,23.183999999999997,24.2
130800,23.183999999999997,24.2
130900,23.183999999999997,24.2
131000,23.183999999999997,24.2
131100,23.183999999999997,24.2
131200,23.183999999999997,24.2
131300,23.183999999999997,24.2
131400,23.183999999999997,24.2
131500,23.183999999999997,24.2
131600,23.183999999999997,24.2
131700,23.183999999999997,24.2
131800,23.183999999999997,24.2
131900,23.183999999999997,24.2
132000,23.183999999999997,24.2
132100,23.183999999999997,24.2
132200,23.183999999999997,24.2
132300,23.183999999999997,24.2
132400,23.183999999999997,24.2
132500,23.183999999999997,24.2
132600,23.183999999999997,24.2
132700,23.183999999999997,24.2
132800,23.183999999999997,24.2
132900,23.183999999999997,24.2
133000,23.183999999999997,24.2
133100,23.183999999999997,24.2
133200,23.183999999999997,24.2
133300,23.183999999999997,24.2
133400,23.183999999999997,24.2
133500,23.183999999999997,24.2
133600,23.183999999999997,24.2
133700,23.183999999999997,24.2
133800,23.183999999999997,24.2
133900,23.183999999999997,24.2
134000,23.183999999999997,24.2
134100,23.183999999999997,24.2
134200,23.183999999999997,24.2
134300,22.983999999999998,24.2
134400,22.983999999999998,24.2
134500,22.983999999999998,24.2
134600,22.983999999999998,24.2
134700,22.983999999999998,24.2
134800,22.983999999999998,24.2
134900,22.983999999999998,24.2
135000,22.983999999999998,24.2
135100,22.983999999999998,24.2
135200,22.983999999999998,24.2
135300,22.983999999999998,24.2
135400,22.983999999999998,24.2
135500,22.983999999999998,24.2
135600,22.983999999999998,24.2
135700,22.96,24.2
135800,22.736,24.2
135900,22.736,24.2
136000,22.736,24.2
136100,22.736,24.2
136200,22.736,24.2
136300,22.736,24.2
136400,22.736,24.2
136500,22.736,24.2
136600,22.736,24.2
136700,22.736,24.2
136800,22.736,24.2
136900,22.736,24.2
137000,22.736,24.2
137100,22.736,24.2
137200,22.736,24.2
137300,22.736,24.2
137400,22.736,24.2
137500,22.736,24.2
137600,22.736,24.2
137700,22.736,24.2
137800,22.736,24.2
137900,22.736,24.2
138000,22.736,24.2
138100,22.736,24.2
138200,22.736,24.2
138300,22.671999999999997,24.2
138400,22.671999999999997,24.2
138500,22.671999999999997,24.2
138600,22.671999999999997,24.2
138700,22.671999999999997,24.2
138800,22.671999999999997,24.2
138900,22.671999999999997,24.2
139000,22.671999999999997,24.2
139100,22.671999999999997,24.2
139200,22.671999999999997,24.2
139300,22.671999999999997,24.2
139400,22.671999999999997,24.2
139500,22.671999999999997,24.2
139600,22.671999999999997,24.2
139700,22.671999999999997,24.2
139800,22.671999999999997,24.2
139900,22.671999999999997,24.2
140000,22.671999999999997,24.2
140100,22.671999999999997,24.2
140200,22.671999999999997,24.2
140300,22.671999999999997,24.2
140400,22.671999999999997,24.2
140500,22.671999999999997,24.2
140600,22.671999999999997,24.2
140700,22.671999999999997,24.2
140800,22.671999999999997,24.2
140900,22.671999999999997,24.2
141000,22.671999999999997,24.2
141100,22.671999999999997,24.2
141200,22.671999999999997,24.2
141300,22.671999999999997,24.2
141400,22.671999999999997,24.2
141500,22.671999999999997,24.2
141600,22.671999999999997,24.2
141700,22.671999999999997,24.2
141800,22.671999999999997,24.2
141900,22.671999999999997,24.2
142000,22.671999999999997,24.2
142100,22.671999999999997,24.2
142200,22.671999999999997,24.2
142300,22.671999999999997,24.2
142400,22.671999999999997,24.2
142500,22.671999999999997,24.2
142600,22.671999999999997,24.2
142700,22.671999999999997,24.2
142800,22.671999999999997,24.2
142900,22.432,24.2
143000,22.432,24.2
143100,22.432,24.2
143200,22.432,24.2
143300,22.432,24.2
143400,22.432,24.2
143500,22.432,24.2
143600,22.432,24.2
143700,22.432,24.2
143800,22.432,24.2
143900,22.432,24.2
144000,22.432,24.2
144100,22.432,24.2
144200,22.432,24.2
144300,22.432,24.2
144400,22.432,24.2
144500,22.432,24.2
144600,22.432,24.2
144700,22.432,24.2
144800,22.432,24.2
144900,22.432,24.2
145000,22.432,24.2
145100,22.432,24.2
145200,22.432,24.2
145300,22.432,24.2
145400,22.432,24.2
145500,22.432,24.2
145600,22.432,24.2
145700,22.432,24.2
145800,22.432,24.2
145900,22.432,24.2
146000,22.432,24.2
146100,22.432,24.2
146200,22.432,24.2
146300,22.432,24.2
146400,22.432,24.2
146500,22.432,24.2
146600,22.432,24.2
146700,22.432,24.2
146800,22.432,24.2
146900,22.432,24.2
147000,22.432,24.2
147100,22.432,24.2
147200,22.432,24.2
147300,22.432,24.2
147400,22.432,24.2
147500,22.432,24.2
147600,22.432,24.2
147700,22.432,24.2
147800,22.432,24.2
147900,22.432,24.2
148000,22.432,24.2
148100,22.432,24.2
148200,22.432,24.2
148300,22.432,24.2
148400,22.432,24.2
148500,22.432,24.2
148600,22.432,24.2
148700,22.432,24.2
148800,22.432,24.2
148900,22.432,24.2
149000,22.432,24.2
149100,22.432,24.2
149200,22.432,24.2
149300,22.432,24.2
149400,22.432,24.2
149500,22.432,24.2
149600,22.432,24.2
149700,22.432,24.2
149800,22.432,24.2
149900,22.432,24.2
150000,22.432,24.2
150100,22.432,24.2
150200,22.432,24.2
150300,22.432,24.2
150400,22.432,24.2
150500,22.432,24.2
150600,22.432,24.2
150700,22.432,24.2
150800,22.432,24.2
150900,22.432,24.2
151000,22.432,24.2
151100,22.432,24.2
151200,22.432,24.2
151300,22.432,24.2
151400,22.432,24.2
151500,22.432,24.2
151600,22.432,24.2
151700,22.432,24.2
151800,22.432,24.2
151900,22.432,24.2
152000,22.432,24.2
152100,22.432,24.2
152200,22.432,24.2
152300,22.432,24.2
152400,22.432,24.2
152500,22.432,24.2
152600,22.432,24.2
152700,22.432,24.2
152800,22.432,24.2
152900,22.432,24.2
153000,22.432,24.2
153100,22.432,24.2
153200,22.432,24.2
153300,22.432,24.2
153400,22.432,24.2
153500,22.432,24.2
153600,22.432,24.2
153700,22.432,24.2
153800,22.432,24.2
153900,22.432,24.2
154000,22.432,24.2
154100,22.432,24.2
154200,22.432,24.2
154300,22.432,24.2
154400,22.432,24.2
154500,22.432,24.2
154600,22.432,24.2
154700,22.432,24.2
154800,22.432,24.2
154900,22.432,24.2
155000,22.432,24.2
155100,22.432,24.2
155200,22.432,24.2
155300,22.432,24.2
155400,22.432,24.2
155500,22.432,24.2
155600,22.432,24.2
155700,22.432,24.2
155800,22.432,24.2
155900,22.432,24.2
156000,22.432,24.2
156100,22.432,24.2
156200,22.432,24.2
156300,22.432,24.2
156400,22.432,24.2
156500,22.432,24.2
156600,22.432,24.2
156700,22.432,24.2
156800,22.432,24.2
156900,22.432,24.2
157000,22.432,24.2
157100,22.432,24.2
157200,22.432,24.2
157300,22.432,24.2
157400,22.432,24.2
157500,22.432,24.2
157600,22.432,24.2
157700,22.432,24.2
157800,22.432,24.2
157900,22.432,24.2
158000,22.432,24.2
158100,22.432,24.2
158200,22.432,24.2
158300,22.432,24.2
158400,22.432,24.2
158500,22.432,24.2
158600,22.432,24.2
158700,22.432,24.2
158800,22.432,24.2
158900,22.432,24.2
159000,22.432,24.2
159100,22.432,24.2
159200,22.432,24.2
159300,22.432,24.2
159400,22.432,24.2
159500,22.432,24.2
159600,22.432,24.2
159700,22.432,24.2
159800,22.432,24.2
159900,22.432,24.2
160000,22.432,24.2
160100,22.432,24.2
160200,22.432,24.2
160300,22.432,24.2
160400,22.432,24.2
160500,22.432,24.2
160600,22.432,24.2
160700,22.432,24.2
160800,22.432,24.2
160900,22.432,24.2
161000,22.432,24.2
161100,22.432,24.2
161200,22.432,24.2
161300,22.432,24.2
161400,22.432,24.2
161500,22.432,24.2
161600,22.432,24.2
161700,22.432,24.2
161800,22.432,24.2
161900,22.432,24.2
162000,22.432,24.2
162100,22.432,24.2
162200,22.432,24.2
162300,22.432,24.2
162400,22.432,24.2
162500,22.432,24.2
162600,22.432,24.2
162700,22.432,24.2
162800,22.432,24.2
162900,22.432,24.2
163000,22.432,24.2
163100,22.432,24.2
163200,22.432,24.2
163300,22.432,24.2
163400,22.432,24.2
163500,22.432,24.2
163600,22.432,24.2
163700,22.432,24.2
163800,22.432,24.2
163900,22.432,24.2
164000,22.432,24.2
164100,22.432,24.2
164200,22.432,24.2
164300,22.432,24.2
164400,22.432,24.2
164500,22.432,24.2
164600,22.432,24.2
164700,22.432,24.2
164800,22.432,24.2
164900,22.432,24.2
165000,22.432,24.2
165100,22.432,24.2
165200,22.432,24.2
165300,22.432,24.2
165400,22.432,24.2
165500,22.432,24.2
165600,22.432,24.2
165700,22.432,24.2
165800,22.432,24.2
165900,22.432,24.2
166000,22.432,24.2
166100,22.432,24.2
166200,22.432,24.2
166300,22.432,24.2
166400,22.432,24.2
166500,22.432,24.2
166600,22.432,24.2
166700,22.432,24.2
166800,22.432,24.2
166900,22.432,24.2
167000,22.432,24.2
167100,22.432,24.2
167200,22.432,24.2
167300,22.432,24.2
167400,22.432,24.2
167500,22.432,24.2
167600,22.432,24.2
167700,22.432,24.2
167800,22.432,24.2
167900,22.432,24.2
168000,22.432,24.2
168100,22.432,24.2
168200,22.432,24.2
168300,22.432,24.2
168400,22.432,24.2
168500,22.432,24.2
168600,22.432,24.2
168700,22.176000000000002,24.2
168800,22.176000000000002,24.2
168900,22.176000000000002,24.2
169000,22.176000000000002,24.2
169100,22.176000000000002,24.2
169200,22.176000000000002,24.2
169300,22.176000000000002,24.2
169400,22.176000000000002,24.2
169500,22.176000000000002,24.2
169600,22.176000000000002,24.2
169700,22.176000000000002,24.2
169800,22.176000000000002,24.2
169900,22.176000000000002,24.2
170000,22.176000000000002,24.2
170100,22.176000000000002,24.2
170200,22.176000000000002,24.2
170300,22.176000000000002,24.2
170400,22.176000000000002,24.2
170500,22.176000000000002,24.2
170600,22.176000000000002,24.2
170700,22.176000000000002,24.2
170800,22.176000000000002,24.2
170900,22.176000000000002,24.2
171000,22.176000000000002,24.2
171100,22.176000000000002,24.2
171200,22.176000000000002,24.2
171300,22.176000000000002,24.2
171400,22.176000000000002,24.2
171500,22.176000000000002,24.2
171600,22.176000000000002,24.2
171700,22.176000000000002,24.2
171800,22.176000000000002,24.2
171900,22.176000000000002,24.2
172000,22.176000000000002,24.2
172100,22.176000000000002,24.2
172200,22.176000000000002,24.2
172300,22.176000000000002,24.2
172400,22.176000000000002,24.2
172500,22.176000000000002,24.2
172600,22.176000000000002,24.2
172700,22.176000000000002,24.2
172800,22.176000000000002,24.2
172900,22.176000000000002,24.2
173000,22.176000000000002,24.2
173100,22.176000000000002,24.2
173200,22.176000000000002,24.2
173300,22.176000000000002,24.2
173400,22.176000000000002,24.2
173500,22.176000000000002,24.2
173600,22.176000000000002,24.2
173700,22.176000000000002,24.2
173800,22.176000000000002,24.2
173900,22.176000000000002,24.2
174000,22.176000000000002,24.2
174100,22.176000000000002,24.2
174200,22.176000000000002,24.2
174300,22.176000000000002,24.2
174400,22.176000000000002,24.2
174500,22.176000000000002,24.2
174600,22.176000000000002,24.2
174700,22.176000000000002,24.2
174800,22.176000000000002,24.2
174900,22.176000000000002,24.2
175000,22.176000000000002,24.2
175100,22.176000000000002,24.2
175200,22.176000000000002,24.2
175300,22.176000000000002,24.2
175400,22.176000000000002,24.2
175500,22.176000000000002,24.2
175600,22.176000000000002,24.2
175700,22.176000000000002,24.2
175800,22.176000000000002,24.2
175900,22.176000000000002,24.2
176000,22.176000000000002,24.2
176100,22.176000000000002,24.2
176200,22.176000000000002,24.2
176300,22.176000000000002,24.2
176400,22.176000000000002,24.2
176500,22.176000000000002,24.2
176600,22.176000000000002,24.2
176700,22.176000000000002,24.2
176800,22.176000000000002,24.2
176900,22.176000000000002,24.2
177000,22.176000000000002,24.2
177100,22.176000000000002,24.2
177200,22.176000000000002,24.2
177300,22.176000000000002,24.2
177400,22.176000000000002,24.2
177500,22.176000000000002,24.2
177600,22.176000000000002,24.2
177700,22.176000000000002,24.2
177800,22.176000000000002,24.2
177900,22.176000000000002,24.2
178000,22.176000000000002,24.2
178100,22.176000000000002,24.2
178200,22.176000000000002,24.2
178300,22.176000000000002,24.2
178400,22.176000000000002,24.2
178500,22.176000000000002,24.2
178600,22.176000000000002,24.2
178700,22.176000000000002,24.2
178800,22.176000000000002,24.2
178900,22.176000000000002,24.2
179000,22.176000000000002,24.2
179100,22.176000000000002,24.2
179200,22.176000000000002,24.2
179300,22.176000000000002,24.2
179400,22.176000000000002,24.2
179500,22.176000000000002,24.2
179600,22.176000000000002,24.2
179700,22.176000000000002,24.2
179800,22.176000000000002,24.2
179900,22.176000000000002,24.2
180000,22.176000000000002,24.2
180100,22.176000000000002,24.2
180200,22.176000000000002,24.2
180300,22.176000000000002,24.2
180400,22.176000000000002,24.2
180500,22.176000000000002,24.2
180600,22.176000000000002,24.2
180700,22.176000000000002,24.2
180800,22.176000000000002,24.2
180900,22.176000000000002,24.2
181000,22.176000000000002,24.2
181100,22.176000000000002,24.2
181200,22.176000000000002,24.2
181300,22.176000000000002,24.2
181400,22.176000000000002,24.2
181500,22.032000000000004,24
181600,22.032000000000004,24
181700,22.032000000000004,24
181800,22.032000000000004,24
181900,22.032000000000004,24
182000,22.032000000000004,24
182100,22.032000000000004,24
182200,22.032000000000004,24
182300,22.032000000000004,24
182400,22.032000000000004,24
182500,22.032000000000004,24
182600,22.032000000000004,24
182700,22.032000000000004,24
182800,22.032000000000004,24
182900,22.032000000000004,24
183000,22.032000000000004,24
183100,22.032000000000004,24
183200,22.032000000000004,24
183300,22.032000000000004,24
183400,22.032000000000004,24
183500,22.032000000000004,24
183600,22.032000000000004,24
183700,22.032000000000004,24
183800,22.032000000000004,24
183900,22.032000000000004,24
184000,22.032000000000004,24
184100,22.032000000000004,24
184200,22.032000000000004,24
184300,22.032000000000004,24
184400,22.032000000000004,24
184500,22.032000000000004,24
184600,22.032000000000004,24
184700,22.032000000000004,24
184800,22.032000000000004,24
184900,22.032000000000004,24
185000,22.032000000000004,24
185100,22.032000000000004,24
185200,22.032000000000004,24
185300,22.032000000000004,24
185400,22.032000000000004,24
185500,22.032000000000004,24
185600,22.032000000000004,24
185700,22.032000000000004,24
185800,22.032000000000004,24
185900,22.032000000000004,24
186000,22.032000000000004,24
186100,22.032000000000004,24
186200,22.032000000000004,24
186300,22.032000000000004,24
186400,22.032000000000004,24
186500,22.032000000000004,24
186600,22.032000000000004,24
186700,22.032000000000004,24
186800,22.032000000000004,24
186900,22.032000000000004,24
187000,22.032000000000004,24
187100,22.032000000000004,24
187200,22.032000000000004,24
187300,22.032000000000004,24
187400,22.032000000000004,24
187500,22.032000000000004,24
187600,22.032000000000004,24
187700,22.032000000000004,24
187800,22.032000000000004,24
187900,22.032000000000004,24
188000,22.032000000000004,24
188100,22.032000000000004,24
188200,22.032000000000004,24
188300,22.032000000000004,24
188400,22.032000000000004,24
188500,22.032000000000004,24
188600,22.032000000000004,24
188700,22.032000000000004,24
188800,22.032000000000004,24
188900,22.032000000000004,24
189000,22.032000000000004,24
189100,22.032000000000004,24
189200,22.032000000000004,24
189300,22.032000000000004,24
189400,22.032000000000004,24
189500,22.032000000000004,24
189600,22.032000000000004,24
189700,22.032000000000004,24
189800,22.032000000000004,24
189900,22.032000000000004,24
190000,22.032000000000004,24
190100,22.032000000000004,24
190200,22.032000000000004,24
190300,22.032000000000004,24
190400,22.032000000000004,24
190500,22.032000000000004,24
190600,21.720000000000002,24
190700,21.720000000000002,24
190800,21.720000000000002,24
190900,21.720000000000002,24
191000,21.720000000000002,24
191100,21.720000000000002,24
191200,21.720000000000002,24
191300,21.720000000000002,24
191400,21.720000000000002,24
191500,21.720000000000002,24
191600,21.720000000000002,24
191700,21.720000000000002,24
191800,21.720000000000002,24
191900,21.720000000000002,24
192000,21.720000000000002,24
192100,21.720000000000002,24
192200,21.720000000000002,24
192300,21.720000000000002,24
192400,21.720000000000002,24
192500,21.720000000000002,24
192600,21.720000000000002,24
192700,21.720000000000002,24
192800,21.720000000000002,24
192900,21.720000000000002,24
193000,21.720000000000002,24
193100,21.720000000000002,24
193200,21.720000000000002,24
193300,21.720000000000002,24
193400,21.720000000000002,24
193500,21.720000000000002,24
193600,21.720000000000002,24
193700,21.720000000000002,24
193800,21.720000000000002,24
193900,21.720000000000002,24
194000,21.720000000000002,24
194100,21.720000000000002,24
194200,21.720000000000002,24
194300,21.720000000000002,24
194400,21.720000000000002,24
194500,21.720000000000002,24
194600,21.720000000000002,24
194700,21.720000000000002,24
194800,21.720000000000002,24
194900,21.720000000000002,24
195000,21.720000000000002,24
195100,21.720000000000002,24
195200,21.720000000000002,24
195300,21.720000000000002,24
195400,21.720000000000002,24
195500,21.720000000000002,24
195600,21.720000000000002,24
195700,21.720000000000002,24
195800,21.720000000000002,24
195900,21.720000000000002,24
196000,21.720000000000002,24
196100,21.720000000000002,24
196200,21.720000000000002,24
196300,21.720000000000002,24
196400,21.720000000000002,24
196500,21.720000000000002,24
196600,21.720000000000002,24
196700,21.720000000000002,24
196800,21.720000000000002,24
196900,21.720000000000002,24
197000,21.720000000000002,24
197100,21.720000000000002,24
197200,21.720000000000002,24
197300,21.720000000000002,24
197400,21.720000000000002,24
197500,21.720000000000002,24
197600,21.720000000000002,24
197700,21.720000000000002,24
197800,21.720000000000002,24
197900,21.720000000000002,24
198000,21.720000000000002,24
198100,21.720000000000002,24
198200,21.720000000000002,24
198300,21.720000000000002,24
198400,21.720000000000002,24
198500,21.720000000000002,24
198600,21.720000000000002,24
198700,21.720000000000002,24
198800,21.720000000000002,24
198900,21.720000000000002,24
199000,21.720000000000002,24
199100,21.720000000000002,24
199200,21.720000000000002,24
199300,21.720000000000002,24
199400,21.720000000000002,24
199500,21.720000000000002,24
199600,21.720000000000002,24
199700,21.720000000000002,24
199800,21.720000000000002,24
199900,21.720000000000002,24
199999,21.720000000000002,24

START ALGORITHM
h2: (a44 + a45 - a24) * (b54 - b52 - b55 - b54 - b35 - b45 - b11 - b32)
h20: (-a14) * (b41 + b12 - b52 - b55 - b31 - b45 - b55)
h28: (a21 + a43 + a23 + a52 - a52) * (b23 + b14 + b21 - b42 - b34 - b22)
h47: (a51) * (b42 + b13 + b11 + b12 + b51 + b25 - b52 - b53 - b11 - b33 - b42 - b55 - b54 - b41 - b14 - b21 - b14)
h53: (a21 + a45 + a43 + a32 + a41 - a51 - a51) * (b45 - b14)
h56: (-a41 - a22 - a22 - a52 - a53) * (b44 + b13 - b24 - b15 - b31 - b31 - b44)
h60: (-a11) * (b22)
h64: (a55 + a32 + a33 + a22 + a51 + a55 + a32 + a14 - a21 - a11 - a43 - a21) * (b35 + b12 + b52 - b55 - b43 - b14 - b23)
h70: (a34 + a55 - a24) * (b22 - b11)
h71: (a14 + a32 + a21) * (b44 - b15)
h78: (a24) * (-b45 - b53)
h79: (a24 - a13 - a55) * (-b13)
h81: (a31 - a53) * (b24 + b41 + b35 - b25 - b52 - b15)
h82: (a12 + a33 + a15 - a41 - a44 - a51) * (b12 + b43 + b35 + b15 - b21 - b35 - b54 - b31 - b42 - b23)
h93: (a25 + a21 - a53) * (b52 + b35 - b32)
h95: (a32 - a12 - a33) * (-b43)
h103: (a45 + a41 - a12) * (b55 + b52 + b22 + b42 + b21 + b23 - b22 - b53 - b12 - b13 - b15 - b32 - b33 - b15)
h108: (a44 + a43 + a22 - a13 - a55 - a54 - a33 - a43) * (-b45)
h110: (a51 + a51 + a32 + a13 + a23 - a21 - a54) * (b52 - b42 - b43 - b44 - b34 - b34 - b35)
h112: (a11 + a42 + a45 + a42 - a52 - a21) * (b42 + b42 - b13)
h113: (a54) * (-b33)
h119: (a25 - a54 - a13) * (b12 + b14 + b24 + b25 - b44 - b23)
h124: (a11 + a44 + a53 - a54 - a11 - a22 - a55) * (b45 - b33)
h128: (a13 + a12 + a43 + a12 + a11 + a54 - a43 - a13 - a54) * (b51 + b53 - b23)
h133: (-a33) * (-b44)
h138: (-a43) * (b25 - b52 - b52)
h139: (a13 + a55) * (b15 + b33 + b35 - b54 - b43 - b22 - b42 - b24 - b41)
h152: (a53 + a44 + a42 + a14 - a42 - a13 - a22 - a33) * (b11)
h157: (a54 - a35 - a35 - a15) * (b34 - b51 - b52 - b55 - b32 - b44 - b55 - b44 - b24)
h162: (a23 + a41 + a14 + a33 + a45 - a45 - a24 - a24 - a21) * (-b22)
h164: (a25 + a25 - a11) * (b21 - b52 - b14 - b31)
h185: (a35 + a21 + a41 + a14 - a51 - a54 - a22) * (b42 + b53 + b13 + b23 + b51 - b55 - b54 - b23)
h252: (a22 + a45 + a42) * (-b44 - b41)
h271: (-a14) * (b15)
h401: (a25 + a33 - a55 - a45) * (-b14)
h402: (a13 + a21 + a45 - a42 - a23 - a53 - a23 - a55 - a21 - a11) * (b33 + b24 + b12 + b44 + b21 + b33 + b34 - b24 - b12 - b42 - b23 - b52)
h684: (a52 + a33 + a44 - a51) * (b23)
h701: (a23 - a43) * (-b15)
h837: (a22) * (-b43)
h1275: (a32 + a31 + a11 + a34 + a31 + a34 + a43 - a25 - a34 - a11 - a51 - a55 - a32) * (b24 + b41 + b41 + b15 + b41 + b42 + b52 + b14 + b32 + b23 - b11 - b35 - b44 - b33 - b12 - b23 - b25 - b13 - b34 - b12 - b21 - b14)
h1290: (-a33) * (b11 - b41)
h1355: (-a55 - a42) * (b22 - b33 - b52)
h1583: (a24 + a25 + a54 + a32 + a43 - a32 - a32 - a54) * (b31)
h2823: (a52 + a22 + a12 + a55 + a51 - a13 - a14 - a24) * (b11 + b42 + b43 - b23 - b42 - b14 - b54)
h4612: (a41 + a44) * (b35 + b42 + b45 + b44 + b32 + b45 + b33 + b51 + b43 - b34 - b25 - b21 - b11 - b15 - b42)
h6717: (a31 - a44 - a54) * (b22 + b52 + b35 - b25 - b44 - b51 - b53)
h7640: (-a21) * (b44 + b12 + b54 + b31 + b15 + b43 + b11 + b34 + b45 - b15 - b52 - b14 - b45 - b35)
h12148: (a12 + a21 + a41 - a23 - a12) * (b55 + b32 + b44 - b43 - b24)
h13821: (a31 - a35) * (-b51)
h16185: (-a44) * (b55 - b51 - b15)
h19104: (a42 + a12 + a51 - a53 - a53) * (b34)
h105511: (-a53) * (b13)
c11: h113 + h1583 + h113 - h103 
c12: h701 + h128 - h1275 
c13: h103 + h20 
c14: h108 + h128 + h103 + h70 + h138 - h71 - h64 - h78 - h152 - h164 
c15: h28 + h252 - h157 
c21: h81 + h271 
c22: h112 - h82 - h70 - h105511 
c23: h56 + h60 + h2 - h402 
c24: h837 + h701 - h28 - h139 
c25: h133 - h4612 
c31: h47 + h7640 - h1290 
c32: h185 + h103 - h82 
c33: h20 + h133 + h401 + h53 
c34: - h28 - h112 
c35: h110 + h56 + h152 + h164 + h13821 - h124 
c41: h93 + h81 + h4612 - h6717 
c42: h70 
c43: h79 + h64 + h13821 
c44: h93 
c45: h20 + h12148 
c51: h79 + h16185 
c52: h119 + h19104 
c53: h2823 + h2823 - h252 
c54: h2 + h684 + h1355 - h16185 
c55: h162 - h95 
