0,193.496,25
100,136.904,25
200,114.016,24.8
300,100.304,24.8
400,97.28,24.8
500,92.112,24.8
600,86.512,24.8
700,82.648,24.8
800,80.408,24.6
900,77.992,24.4
1000,76.064,24.4
1100,74.16,24.2
1200,70.84,24.4
1300,69.28,24.4
1400,69.28,24.4
1500,67.12,24.4
1600,65.52799999999999,24.4
1700,62.74400000000001,24.6
1800,61.128,24.6
1900,61.128,24.6
2000,58.936,24.4
2100,58.936,24.4
2200,58.19199999999999,24.6
2300,58.176,24.6
2400,57.74399999999999,24.4
2500,56.23199999999999,24.4
2600,54.992,24.4
2700,54.36800000000001,24.4
2800,52.36800000000001,24.4
2900,51.488,24.4
3000,51.488,24.4
3100,50.8,24.4
3200,50.352,24.4
3300,50.192,24.6
3400,49.304,24.6
3500,49.304,24.6
3600,49.304,24.6
3700,49.304,24.6
3800,49.13600000000001,24.6
3900,49.13600000000001,24.6
4000,48.751999999999995,24.6
4100,48.751999999999995,24.6
4200,47.504000000000005,24.6
4300,47.504000000000005,24.6
4400,47.016000000000005,24.6
4500,46.096000000000004,24.6
4600,46.096000000000004,24.6
4700,46.096000000000004,24.6
4800,46.096000000000004,24.6
4900,46.096000000000004,24.6
5000,46.096000000000004,24.6
5100,46.096000000000004,24.6
5200,46.096000000000004,24.6
5300,46.096000000000004,24.6
5400,46.096000000000004,24.6
5500,46.096000000000004,24.6
5600,46.096000000000004,24.6
5700,46.096000000000004,24.6
5800,46.096000000000004,24.6
5900,46.096000000000004,24.6
6000,45.959999999999994,24.6
6100,45.744,24.6
6200,45.72,24.6
6300,45.72,24.6
6400,45.72,24.6
6500,45.72,24.6
6600,45.592,24.6
6700,45.592,24.6
6800,45.480000000000004,24.6
6900,44.896,24.6
7000,44.896,24.6
7100,44.896,24.6
7200,44.672000000000004,24.6
7300,44.672000000000004,24.6
7400,44.672000000000004,24.6
7500,44.232,24.6
7600,43.70399999999999,24.6
7700,43.70399999999999,24.6
7800,43.70399999999999,24.6
7900,43.70399999999999,24.6
8000,43.456,24.6
8100,43.456,24.6
8200,43.456,24.6
8300,43.456,24.6
8400,42.928,24.4
8500,42.928,24.4
8600,42.864,24.4
8700,42.864,24.4
8800,42.864,24.4
8900,42.864,24.4
9000,42.824,24.4
9100,42.824,24.4
9200,41.824,24.4
9300,41.824,24.4
9400,41.824,24.4
9500,41.296,24
9600,41.296,24
9700,41.296,24
9800,41.296,24
9900,41.296,24
10000,41.296,24
10100,41.296,24
10200,41.296,24
10300,41.296,24
10400,41.296,24
10500,41.296,24
10600,41.296,24
10700,40.944,24
10800,40.944,24
10900,40.392,24
11000,40.392,24
11100,40.368,23.8
11200,40.368,23.8
11300,40,24
11400,40,24
11500,40,24
11600,39.656,24
11700,39.656,24
11800,39.656,24
11900,39.656,24
12000,39.656,24
12100,39.656,24
12200,39.656,24
12300,39.656,24
12400,39.56,23.8
12500,39.56,23.8
12600,39.56,23.8
12700,39.56,23.8
12800,39.56,23.8
12900,39.104000000000006,24
13000,38.416,24
13100,38.416,24
13200,38.416,24
13300,38.416,24
13400,38.152,24
13500,38.152,24
13600,38.152,24
13700,38.144,24
13800,38.144,24
13900,38.144,24
14000,38.144,24
14100,38.144,24
14200,37.536,24
14300,37.536,24
14400,37.536,24
14500,37.536,24
14600,37.392,24
14700,37.392,24
14800,37.392,24
14900,37.392,24
15000,37.392,24
15100,37.392,24
15200,37.392,24
15300,37.392,24
15400,37.392,24
15500,37.392,24
15600,37.392,24
15700,37.392,24
15800,37.392,24
15900,37.392,24
16000,37.352,24
16100,37.352,24
16200,37.352,24
16300,36.928000000000004,24
16400,36.152,24
16500,35.80800000000001,24
16600,35.80800000000001,24
16700,35.544,24
16800,35.544,24
16900,35.544,24
17000,35.408,24
17100,35.36800000000001,23.8
17200,35.36800000000001,23.8
17300,35.36800000000001,23.8
17400,35.208000000000006,23.8
17500,35.208000000000006,23.8
17600,35.208000000000006,23.8
17700,35.208000000000006,23.8
17800,35.208000000000006,23.8
17900,35.208000000000006,23.8
18000,35.208000000000006,23.8
18100,34.864,23.8
18200,34.864,23.8
18300,34.864,23.8
18400,34.864,23.8
18500,34.864,23.8
18600,34.864,23.8
18700,34.864,23.8
18800,34.864,23.8
18900,34.864,23.8
19000,34.864,23.8
19100,34.864,23.8
19200,34.864,23.8
19300,34.864,23.8
19400,34.864,23.8
19500,34.864,23.8
19600,34.864,23.8
19700,34.864,23.8
19800,34.864,23.8
19900,34.864,23.8
20000,34.864,23.8
20100,34.864,23.8
20200,34.864,23.8
20300,34.864,23.8
20400,34.864,23.8
20500,34.864,23.8
20600,34.864,23.8
20700,34.864,23.8
20800,34.864,23.8
20900,34.864,23.8
21000,34.864,23.8
21100,34.864,23.8
21200,34.864,23.8
21300,34.864,23.8
21400,34.704,23.8
21500,34.696,24
21600,34.696,24
21700,34.696,24
21800,34.512,24
21900,34.512,24
22000,34.512,24
22100,34.512,24
22200,34.512,24
22300,34.512,24
22400,34.512,24
22500,34.512,24
22600,34.512,24
22700,34.512,24
22800,34.512,24
22900,34.512,24
23000,34.512,24
23100,34.128,24
23200,34.128,24
23300,34,24.2
23400,34,24.2
23500,34,24.2
23600,34,24.2
23700,34,24.2
23800,34,24.2
23900,34,24.2
24000,34,24.2
24100,34,24.2
24200,34,24.2
24300,34,24.2
24400,34,24.2
24500,34,24.2
24600,34,24.2
24700,34,24.2
24800,33.952,24.2
24900,33.952,24.2
25000,33.952,24.2
25100,33.952,24.2
25200,33.728,24.2
25300,33.728,24.2
25400,33.42399999999999,24.2
25500,33.42399999999999,24.2
25600,33.42399999999999,24.2
25700,33.42399999999999,24.2
25800,33.42399999999999,24.2
25900,33.184,24.2
26000,32.568,24.2
26100,32.568,24.2
26200,32.480000000000004,24.2
26300,32.480000000000004,24.2
26400,32.480000000000004,24.2
26500,32.480000000000004,24.2
26600,32.480000000000004,24.2
26700,32.480000000000004,24.2
26800,32.480000000000004,24.2
26900,32.480000000000004,24.2
27000,32.480000000000004,24.2
27100,32.480000000000004,24.2
27200,31.768,24.2
27300,31.768,24.2
27400,31.768,24.2
27500,31.768,24.2
27600,31.768,24.2
27700,31.768,24.2
27800,31.768,24.2
27900,31.768,24.2
28000,31.768,24.2
28100,31.768,24.2
28200,31.768,24.2
28300,31.768,24.2
28400,31.768,24.2
28500,31.768,24.2
28600,31.768,24.2
28700,31.768,24.2
28800,31.248,24.4
28900,31.248,24.4
29000,31.248,24.4
29100,31.248,24.4
29200,31.248,24.4
29300,31.248,24.4
29400,31.248,24.4
29500,31.248,24.4
29600,31.248,24.4
29700,30.815999999999995,24.6
29800,30.815999999999995,24.6
29900,30.815999999999995,24.6
30000,30.815999999999995,24.6
30100,30.815999999999995,24.6
30200,30.815999999999995,24.6
30300,30.815999999999995,24.6
30400,30.815999999999995,24.6
30500,30.815999999999995,24.6
30600,30.815999999999995,24.6
30700,30.815999999999995,24.6
30800,30.815999999999995,24.6
30900,30.456000000000007,24.6
31000,30.424,24.6
31100,30.424,24.6
31200,30.424,24.6
31300,30.424,24.6
31400,30.424,24.6
31500,30.424,24.6
31600,30.424,24.6
31700,30.424,24.6
31800,30.424,24.6
31900,30.424,24.6
32000,30.424,24.6
32100,30.424,24.6
32200,30.424,24.6
32300,30.424,24.6
32400,30.424,24.6
32500,30.424,24.6
32600,30.424,24.6
32700,30.424,24.6
32800,30.424,24.6
32900,30.424,24.6
33000,30.424,24.6
33100,30.392000000000007,24.6
33200,30.392000000000007,24.6
33300,30.392000000000007,24.6
33400,30.392000000000007,24.6
33500,30.392000000000007,24.6
33600,30.392000000000007,24.6
33700,30.392000000000007,24.6
33800,30.392000000000007,24.6
33900,30.392000000000007,24.6
34000,30.392000000000007,24.6
34100,30.392000000000007,24.6
34200,30.392000000000007,24.6
34300,30.392000000000007,24.6
34400,30.392000000000007,24.6
34500,29.880000000000003,24.6
34600,29.880000000000003,24.6
34700,29.880000000000003,24.6
34800,29.880000000000003,24.6
34900,29.880000000000003,24.6
35000,29.880000000000003,24.6
35100,29.880000000000003,24.6
35200,29.880000000000003,24.6
35300,29.880000000000003,24.6
35400,29.880000000000003,24.6
35500,29.880000000000003,24.6
35600,29.880000000000003,24.6
35700,29.880000000000003,24.6
35800,29.880000000000003,24.6
35900,29.880000000000003,24.6
36000,29.880000000000003,24.6
36100,29.880000000000003,24.6
36200,29.880000000000003,24.6
36300,29.696000000000005,24.6
36400,29.696000000000005,24.6
36500,29.696000000000005,24.6
36600,29.696000000000005,24.6
36700,29.696000000000005,24.6
36800,29.696000000000005,24.6
36900,29.696000000000005,24.6
37000,29.696000000000005,24.6
37100,29.696000000000005,24.6
37200,29.696000000000005,24.6
37300,29.696000000000005,24.6
37400,29.696000000000005,24.6
37500,29.696000000000005,24.6
37600,29.696000000000005,24.6
37700,29.696000000000005,24.6
37800,29.696000000000005,24.6
37900,29.696000000000005,24.6
38000,29.696000000000005,24.6
38100,29.696000000000005,24.6
38200,29.696000000000005,24.6
38300,29.696000000000005,24.6
38400,29.696000000000005,24.6
38500,29.696000000000005,24.6
38600,29.696000000000005,24.6
38700,29.696000000000005,24.6
38800,29.696000000000005,24.6
38900,29.696000000000005,24.6
39000,29.696000000000005,24.6
39100,29.696000000000005,24.6
39200,29.696000000000005,24.6
39300,29.696000000000005,24.6
39400,29.696000000000005,24.6
39500,29.696000000000005,24.6
39600,29.696000000000005,24.6
39700,29.696000000000005,24.6
39800,29.696000000000005,24.6
39900,29.696000000000005,24.6
40000,29.696000000000005,24.6
40100,29.696000000000005,24.6
40200,29.696000000000005,24.6
40300,29.696000000000005,24.6
40400,29.696000000000005,24.6
40500,29.696000000000005,24.6
40600,29.696000000000005,24.6
40700,29.696000000000005,24.6
40800,29.696000000000005,24.6
40900,29.696000000000005,24.6
41000,29.696000000000005,24.6
41100,29.696000000000005,24.6
41200,29.696000000000005,24.6
41300,29.696000000000005,24.6
41400,29.696000000000005,24.6
41500,29.696000000000005,24.6
41600,29.696000000000005,24.6
41700,29.696000000000005,24.6
41800,29.696000000000005,24.6
41900,29.696000000000005,24.6
42000,29.696000000000005,24.6
42100,29.696000000000005,24.6
42200,29.696000000000005,24.6
42300,29.696000000000005,24.6
42400,29.696000000000005,24.6
42500,29.696000000000005,24.6
42600,29.696000000000005,24.6
42700,29.696000000000005,24.6
42800,29.696000000000005,24.6
42900,29.696000000000005,24.6
43000,29.696000000000005,24.6
43100,29.696000000000005,24.6
43200,29.696000000000005,24.6
43300,29.696000000000005,24.6
43400,29.696000000000005,24.6
43500,29.696000000000005,24.6
43600,29.696000000000005,24.6
43700,29.696000000000005,24.6
43800,29.696000000000005,24.6
43900,29.696000000000005,24.6
44000,29.696000000000005,24.6
44100,29.696000000000005,24.6
44200,29.696000000000005,24.6
44300,29.696000000000005,24.6
44400,29.696000000000005,24.6
44500,29.696000000000005,24.6
44600,29.696000000000005,24.6
44700,29.696000000000005,24.6
44800,29.696000000000005,24.6
44900,29.696000000000005,24.6
45000,29.696000000000005,24.6
45100,29.696000000000005,24.6
45200,29.696000000000005,24.6
45300,29.696000000000005,24.6
45400,29.696000000000005,24.6
45500,29.696000000000005,24.6
45600,29.144,24.6
45700,28.784000000000002,24.6
45800,28.784000000000002,24.6
45900,28.784000000000002,24.6
46000,28.784000000000002,24.6
46100,28.784000000000002,24.6
46200,28.784000000000002,24.6
46300,28.784000000000002,24.6
46400,28.784000000000002,24.6
46500,28.784000000000002,24.6
46600,28.784000000000002,24.6
46700,28.784000000000002,24.6
46800,28.784000000000002,24.6
46900,28.784000000000002,24.6
47000,28.784000000000002,24.6
47100,28.784000000000002,24.6
47200,28.784000000000002,24.6
47300,28.784000000000002,24.6
47400,28.784000000000002,24.6
47500,28.784000000000002,24.6
47600,28.784000000000002,24.6
47700,28.784000000000002,24.6
47800,28.784000000000002,24.6
47900,28.784000000000002,24.6
48000,28.784000000000002,24.6
48100,28.784000000000002,24.6
48200,28.784000000000002,24.6
48300,28.784000000000002,24.6
48400,28.784000000000002,24.6
48500,28.784000000000002,24.6
48600,28.784000000000002,24.6
48700,28.784000000000002,24.6
48800,28.784000000000002,24.6
48900,28.784000000000002,24.6
49000,28.784000000000002,24.6
49100,28.784000000000002,24.6
49200,28.784000000000002,24.6
49300,28.784000000000002,24.6
49400,28.784000000000002,24.6
49500,28.784000000000002,24.6
49600,28.784000000000002,24.6
49700,28.784000000000002,24.6
49800,28.784000000000002,24.6
49900,28.784000000000002,24.6
50000,28.784000000000002,24.6
50100,28.784000000000002,24.6
50200,28.784000000000002,24.6
50300,28.784000000000002,24.6
50400,28.784000000000002,24.6
50500,28.784000000000002,24.6
50600,28.784000000000002,24.6
50700,28.784000000000002,24.6
50800,28.784000000000002,24.6
50900,28.784000000000002,24.6
51000,28.784000000000002,24.6
51100,28.784000000000002,24.6
51200,28.784000000000002,24.6
51300,28.784000000000002,24.6
51400,28.784000000000002,24.6
51500,28.784000000000002,24.6
51600,28.784000000000002,24.6
51700,28.784000000000002,24.6
51800,28.784000000000002,24.6
51900,28.784000000000002,24.6
52000,28.784000000000002,24.6
52100,28.784000000000002,24.6
52200,28.784000000000002,24.6
52300,28.784000000000002,24.6
52400,28.784000000000002,24.6
52500,28.784000000000002,24.6
52600,28.784000000000002,24.6
52700,28.784000000000002,24.6
52800,28.784000000000002,24.6
52900,28.568,24.6
53000,28.568,24.6
53100,28.568,24.6
53200,28.568,24.6
53300,28.568,24.6
53400,28.568,24.6
53500,28.568,24.6
53600,28.568,24.6
53700,28.568,24.6
53800,28.568,24.6
53900,28.568,24.6
54000,28.568,24.6
54100,28.568,24.6
54200,28.568,24.6
54300,28.568,24.6
54400,28.568,24.6
54500,28.568,24.6
54600,28.568,24.6
54700,28.568,24.6
54800,28.568,24.6
54900,28.568,24.6
55000,28.568,24.6
55100,28.568,24.6
55200,28.568,24.6
55300,28.568,24.6
55400,28.568,24.6
55500,28.568,24.6
55600,28.568,24.6
55700,28.568,24.6
55800,28.568,24.6
55900,28.568,24.6
56000,28.568,24.6
56100,28.568,24.6
56200,28.568,24.6
56300,28.560000000000002,24.6
56400,28.560000000000002,24.6
56500,28.024,24.6
56600,28.024,24.6
56700,28.024,24.6
56800,28.024,24.6
56900,28.024,24.6
57000,28.024,24.6
57100,28.024,24.6
57200,28.024,24.6
57300,28.024,24.6
57400,28.024,24.6
57500,28.024,24.6
57600,28.024,24.6
57700,28.024,24.6
57800,28.024,24.6
57900,28.024,24.6
58000,28.024,24.6
58100,28.024,24.6
58200,28.024,24.6
58300,28.024,24.6
58400,28.024,24.6
58500,28.024,24.6
58600,28.024,24.6
58700,28.024,24.6
58800,28.024,24.6
58900,28.024,24.6
59000,28.024,24.6
59100,28.024,24.6
59200,28.024,24.6
59300,28.024,24.6
59400,28.024,24.6
59500,28.024,24.6
59600,28.024,24.6
59700,28.024,24.6
59800,28.024,24.6
59900,28.024,24.6
60000,28.024,24.6
60100,28.024,24.6
60200,28.024,24.6
60300,28.024,24.6
60400,28.024,24.6
60500,28.024,24.6
60600,28.024,24.6
60700,28.024,24.6
60800,28.024,24.6
60900,28.024,24.6
61000,28.024,24.6
61100,28.024,24.6
61200,28.024,24.6
61300,28.024,24.6
61400,28.024,24.6
61500,28.024,24.6
61600,28.024,24.6
61700,28.024,24.6
61800,28.024,24.6
61900,28.024,24.6
62000,28.024,24.6
62100,28.024,24.6
62200,28.024,24.6
62300,27.48,24.6
62400,27.48,24.6
62500,27.48,24.6
62600,27.48,24.6
62700,27.48,24.6
62800,27.48,24.6
62900,27.48,24.6
63000,27.48,24.6
63100,27.48,24.6
63200,27.48,24.6
63300,27.48,24.6
63400,27.48,24.6
63500,27.48,24.6
63600,27.48,24.6
63700,27.48,24.6
63800,27.48,24.6
63900,27.48,24.6
64000,27.48,24.6
64100,27.48,24.6
64200,27.48,24.6
64300,27.48,24.6
64400,27.48,24.6
64500,27.48,24.6
64600,27.48,24.6
64700,27.48,24.6
64800,27.48,24.6
64900,27.48,24.6
65000,27.48,24.6
65100,27.48,24.6
65200,27.48,24.6
65300,27.48,24.6
65400,27.432000000000006,24.8
65500,27.432000000000006,24.8
65600,27.432000000000006,24.8
65700,27.432000000000006,24.8
65800,27.432000000000006,24.8
65900,27.432000000000006,24.8
66000,27.432000000000006,24.8
66100,27.432000000000006,24.8
66200,27.432000000000006,24.8
66300,27.432000000000006,24.8
66400,27.432000000000006,24.8
66500,27.432000000000006,24.8
66600,27.432000000000006,24.8
66700,27.432000000000006,24.8
66800,27.432000000000006,24.8
66900,27.432000000000006,24.8
67000,27.432000000000006,24.8
67100,27.432000000000006,24.8
67200,27.432000000000006,24.8
67300,27.432000000000006,24.8
67400,27.432000000000006,24.8
67500,27.432000000000006,24.8
67600,27.432000000000006,24.8
67700,27.432000000000006,24.8
67800,27.432000000000006,24.8
67900,27.432000000000006,24.8
68000,27.432000000000006,24.8
68100,27.432000000000006,24.8
68200,27.432000000000006,24.8
68300,27.432000000000006,24.8
68400,27.432000000000006,24.8
68500,27.432000000000006,24.8
68600,27.432000000000006,24.8
68700,27.432000000000006,24.8
68800,27.432000000000006,24.8
68900,27.432000000000006,24.8
69000,27.432000000000006,24.8
69100,27.432000000000006,24.8
69200,27.432000000000006,24.8
69300,27.432000000000006,24.8
69400,27.432000000000006,24.8
69500,27.432000000000006,24.8
69600,27.432000000000006,24.8
69700,27.224,24.8
69800,27.224,24.8
69900,27.224,24.8
70000,27.224,24.8
70100,27.224,24.8
70200,27.224,24.8
70300,27.224,24.8
70400,27.224,24.8
70500,27.224,24.8
70600,27.224,24.8
70700,27.224,24.8
70800,27.224,24.8
70900,27.224,24.8
71000,27.224,24.8
71100,27.224,24.8
71200,27.224,24.8
71300,27.224,24.8
71400,27.224,24.8
71500,27.224,24.8
71600,27.224,24.8
71700,27.224,24.8
71800,27.224,24.8
71900,27.224,24.8
72000,27.224,24.8
72100,27.224,24.8
72200,27.224,24.8
72300,27.224,24.8
72400,27.224,24.8
72500,27.224,24.8
72600,27.224,24.8
72700,27.224,24.8
72800,27.224,24.8
72900,27.224,24.8
73000,27.224,24.8
73100,27.224,24.8
73200,27.224,24.8
73300,27.224,24.8
73400,27.224,24.8
73500,27.224,24.8
73600,27.224,24.8
73700,27.224,24.8
73800,27.224,24.8
73900,27.224,24.8
74000,27.224,24.8
74100,27.224,24.8
74200,27.224,24.8
74300,27.224,24.8
74400,27.224,24.8
74500,27.224,24.8
74600,27.224,24.8
74700,27.224,24.8
74800,27.224,24.8
74900,27.224,24.8
75000,27.224,24.8
75100,27.224,24.8
75200,27.224,24.8
75300,27.224,24.8
75400,27.224,24.8
75500,27.224,24.8
75600,27.224,24.8
75700,27.224,24.8
75800,27.224,24.8
75900,27.224,24.8
76000,27.224,24.8
76100,27.224,24.8
76200,27.224,24.8
76300,27.224,24.8
76400,27.224,24.8
76500,27.224,24.8
76600,27.224,24.8
76700,27.224,24.8
76800,27.224,24.8
76900,27.224,24.8
77000,27.224,24.8
77100,27.224,24.8
77200,27.224,24.8
77300,27.224,24.8
77400,27.224,24.8
77500,27.224,24.8
77600,27.224,24.8
77700,27.224,24.8
77800,27.224,24.8
77900,27.224,24.8
78000,27.224,24.8
78100,27.224,24.8
78200,27.224,24.8
78300,27.224,24.8
78400,27.224,24.8
78500,27.224,24.8
78600,27.224,24.8
78700,27.224,24.8
78800,27.224,24.8
78900,27.224,24.8
79000,27.224,24.8
79100,27.224,24.8
79200,27.224,24.8
79300,27.224,24.8
79400,27.032,24.8
79500,27.032,24.8
79600,27.032,24.8
79700,27.032,24.8
79800,27.032,24.8
79900,27.032,24.8
80000,27.032,24.8
80100,27.032,24.8
80200,27.032,24.8
80300,27.032,24.8
80400,27.032,24.8
80500,27.032,24.8
80600,27.032,24.8
80700,27.032,24.8
80800,27.032,24.8
80900,27.032,24.8
81000,27.032,24.8
81100,27.032,24.8
81200,27.032,24.8
81300,27.032,24.8
81400,27.032,24.8
81500,27.032,24.8
81600,27.032,24.8
81700,27.032,24.8
81800,27.032,24.8
81900,27.032,24.8
82000,27.032,24.8
82100,27.032,24.8
82200,27.032,24.8
82300,27.032,24.8
82400,27.032,24.8
82500,27.032,24.8
82600,27.032,24.8
82700,27.032,24.8
82800,27.032,24.8
82900,27.032,24.8
83000,27.032,24.8
83100,27.032,24.8
83200,27.032,24.8
83300,27.032,24.8
83400,27.032,24.8
83500,27.032,24.8
83600,27.032,24.8
83700,27.032,24.8
83800,27.032,24.8
83900,27.032,24.8
84000,27.032,24.8
84100,27.032,24.8
84200,27.032,24.8
84300,27.032,24.8
84400,27.032,24.8
84500,27.032,24.8
84600,27.032,24.8
84700,27.032,24.8
84800,27.032,24.8
84900,27.032,24.8
85000,27.032,24.8
85100,27.032,24.8
85200,27.032,24.8
85300,27.032,24.8
85400,27.032,24.8
85500,27.032,24.8
85600,27.032,24.8
85700,27.032,24.8
85800,27.032,24.8
85900,27.032,24.8
86000,27.032,24.8
86100,27.032,24.8
86200,27.032,24.8
86300,27.032,24.8
86400,27.032,24.8
86500,27.032,24.8
86600,27.032,24.8
86700,27.032,24.8
86800,27.032,24.8
86900,27.032,24.8
87000,27.032,24.8
87100,27.032,24.8
87200,27.032,24.8
87300,27.032,24.8
87400,27.032,24.8
87500,27.032,24.8
87600,27.032,24.8
87700,27.032,24.8
87800,27.032,24.8
87900,27.032,24.8
88000,27.032,24.8
88100,27.032,24.8
88200,27.032,24.8
88300,27.032,24.8
88400,27.032,24.8
88500,27.032,24.8
88600,27.032,24.8
88700,27.032,24.8
88800,27.032,24.8
88900,27.032,24.8
89000,27.032,24.8
89100,27.032,24.8
89200,27.032,24.8
89300,27.032,24.8
89400,27.032,24.8
89500,27.032,24.8
89600,27.032,24.8
89700,27.032,24.8
89800,27.032,24.8
89900,27.032,24.8
90000,27.032,24.8
90100,27.032,24.8
90200,27.032,24.8
90300,27.032,24.8
90400,27.032,24.8
90500,27.032,24.8
90600,27.032,24.8
90700,27.032,24.8
90800,27.032,24.8
90900,27.032,24.8
91000,27.032,24.8
91100,27.032,24.8
91200,27.032,24.8
91300,27.032,24.8
91400,27.032,24.8
91500,27.032,24.8
91600,27.032,24.8
91700,27.032,24.8
91800,27.032,24.8
91900,27.032,24.8
92000,27.032,24.8
92100,26.991999999999997,24.8
92200,26.991999999999997,24.8
92300,26.991999999999997,24.8
92400,26.991999999999997,24.8
92500,26.991999999999997,24.8
92600,26.991999999999997,24.8
92700,26.991999999999997,24.8
92800,26.991999999999997,24.8
92900,26.991999999999997,24.8
93000,26.991999999999997,24.8
93100,26.991999999999997,24.8
93200,26.991999999999997,24.8
93300,26.991999999999997,24.8
93400,26.991999999999997,24.8
93500,26.847999999999995,24.8
93600,26.847999999999995,24.8
93700,26.847999999999995,24.8
93800,26.847999999999995,24.8
93900,26.847999999999995,24.8
94000,26.847999999999995,24.8
94100,26.847999999999995,24.8
94200,26.847999999999995,24.8
94300,26.847999999999995,24.8
94400,26.847999999999995,24.8
94500,26.847999999999995,24.8
94600,26.847999999999995,24.8
94700,26.847999999999995,24.8
94800,26.847999999999995,24.8
94900,26.847999999999995,24.8
95000,26.847999999999995,24.8
95100,26.847999999999995,24.8
95200,26.847999999999995,24.8
95300,26.847999999999995,24.8
95400,26.847999999999995,24.8
95500,26.847999999999995,24.8
95600,26.847999999999995,24.8
95700,26.847999999999995,24.8
95800,26.847999999999995,24.8
95900,26.847999999999995,24.8
96000,26.847999999999995,24.8
96100,26.847999999999995,24.8
96200,26.847999999999995,24.8
96300,26.847999999999995,24.8
96400,26.847999999999995,24.8
96500,26.847999999999995,24.8
96600,26.847999999999995,24.8
96700,26.847999999999995,24.8
96800,26.847999999999995,24.8
96900,26.847999999999995,24.8
97000,26.847999999999995,24.8
97100,26.847999999999995,24.8
97200,26.847999999999995,24.8
97300,26.847999999999995,24.8
97400,26.847999999999995,24.8
97500,26.847999999999995,24.8
97600,26.847999999999995,24.8
97700,26.847999999999995,24.8
97800,26.847999999999995,24.8
97900,26.847999999999995,24.8
98000,26.847999999999995,24.8
98100,26.847999999999995,24.8
98200,26.847999999999995,24.8
98300,26.847999999999995,24.8
98400,26.847999999999995,24.8
98500,26.847999999999995,24.8
98600,26.847999999999995,24.8
98700,26.847999999999995,24.8
98800,26.847999999999995,24.8
98900,26.847999999999995,24.8
99000,26.847999999999995,24.8
99100,26.847999999999995,24.8
99200,26.847999999999995,24.8
99300,26.847999999999995,24.8
99400,26.847999999999995,24.8
99500,26.847999999999995,24.8
99600,26.847999999999995,24.8
99700,26.847999999999995,24.8
99800,26.847999999999995,24.8
99900,26.847999999999995,24.8
100000,26.847999999999995,24.8
100100,26.847999999999995,24.8
100200,26.847999999999995,24.8
100300,26.648000000000003,24.8
100400,26.648000000000003,24.8
100500,26.648000000000003,24.8
100600,26.648000000000003,24.8
100700,26.648000000000003,24.8
100800,26.648000000000003,24.8
100900,26.648000000000003,24.8
101000,26.648000000000003,24.8
101100,26.648000000000003,24.8
101200,26.576,24.8
101300,26.576,24.8
101400,26.576,24.8
101500,26.576,24.8
101600,26.576,24.8
101700,26.576,24.8
101800,26.576,24.8
101900,26.576,24.8
102000,26.576,24.8
102100,26.576,24.8
102200,26.576,24.8
102300,26.576,24.8
102400,26.576,24.8
102500,26.576,24.8
102600,26.576,24.8
102700,26.576,24.8
102800,26.576,24.8
102900,26.576,24.8
103000,26.576,24.8
103100,26.576,24.8
103200,26.576,24.8
103300,26.576,24.8
103400,26.576,24.8
103500,26.576,24.8
103600,26.576,24.8
103700,26.576,24.8
103800,26.576,24.8
103900,26.576,24.8
104000,26.576,24.8
104100,26.576,24.8
104200,26.576,24.8
104300,26.576,24.8
104400,26.576,24.8
104500,26.576,24.8
104600,26.576,24.8
104700,26.576,24.8
104800,26.576,24.8
104900,26.576,24.8
105000,26.576,24.8
105100,26.576,24.8
105200,26.576,24.8
105300,26.576,24.8
105400,26.576,24.8
105500,26.576,24.8
105600,26.576,24.8
105700,26.576,24.8
105800,26.576,24.8
105900,26.576,24.8
106000,26.576,24.8
106100,26.576,24.8
106200,26.576,24.8
106300,26.576,24.8
106400,26.576,24.8
106500,26.576,24.8
106600,26.576,24.8
106700,26.576,24.8
106800,26.576,24.8
106900,26.576,24.8
107000,26.576,24.8
107100,26.576,24.8
107200,26.576,24.8
107300,26.576,24.8
107400,26.576,24.8
107500,26.576,24.8
107600,26.576,24.8
107700,26.576,24.8
107800,26.576,24.8
107900,26.576,24.8
108000,26.576,24.8
108100,26.576,24.8
108200,26.112000000000002,24.8
108300,26.112000000000002,24.8
108400,26.112000000000002,24.8
108500,26.112000000000002,24.8
108600,26.112000000000002,24.8
108700,26.112000000000002,24.8
108800,26.112000000000002,24.8
108900,26.112000000000002,24.8
109000,26.112000000000002,24.8
109100,26.112000000000002,24.8
109200,26.112000000000002,24.8
109300,26.112000000000002,24.8
109400,26.112000000000002,24.8
109500,26.112000000000002,24.8
109600,26.112000000000002,24.8
109700,26.112000000000002,24.8
109800,26.112000000000002,24.8
109900,26.112000000000002,24.8
110000,26.112000000000002,24.8
110100,26.112000000000002,24.8
110200,26.112000000000002,24.8
110300,26.112000000000002,24.8
110400,26.112000000000002,24.8
110500,26.112000000000002,24.8
110600,26.112000000000002,24.8
110700,26.112000000000002,24.8
110800,26.112000000000002,24.8
110900,26.112000000000002,24.8
111000,26.112000000000002,24.8
111100,26.112000000000002,24.8
111200,26.112000000000002,24.8
111300,26.112000000000002,24.8
111400,26.112000000000002,24.8
111500,26.112000000000002,24.8
111600,26.112000000000002,24.8
111700,26.112000000000002,24.8
111800,26.112000000000002,24.8
111900,26.112000000000002,24.8
112000,26.112000000000002,24.8
112100,26.112000000000002,24.8
112200,26.112000000000002,24.8
112300,26.112000000000002,24.8
112400,26.112000000000002,24.8
112500,26.112000000000002,24.8
112600,26.112000000000002,24.8
112700,26.112000000000002,24.8
112800,26.112000000000002,24.8
112900,26.112000000000002,24.8
113000,26.112000000000002,24.8
113100,26.112000000000002,24.8
113200,26.112000000000002,24.8
113300,26.112000000000002,24.8
113400,26.112000000000002,24.8
113500,26.112000000000002,24.8
113600,26.112000000000002,24.8
113700,26.112000000000002,24.8
113800,26.112000000000002,24.8
113900,26.112000000000002,24.8
114000,26.112000000000002,24.8
114100,26.112000000000002,24.8
114200,26.112000000000002,24.8
114300,26.112000000000002,24.8
114400,26.112000000000002,24.8
114500,26.112000000000002,24.8
114600,26.112000000000002,24.8
114700,26.112000000000002,24.8
114800,26.112000000000002,24.8
114900,26.112000000000002,24.8
115000,26.112000000000002,24.8
115100,26.112000000000002,24.8
115200,26.112000000000002,24.8
115300,26.112000000000002,24.8
115400,26.112000000000002,24.8
115500,26.112000000000002,24.8
115600,26.112000000000002,24.8
115700,26.112000000000002,24.8
115800,26.112000000000002,24.8
115900,26.112000000000002,24.8
116000,26.112000000000002,24.8
116100,26.112000000000002,24.8
116200,26.112000000000002,24.8
116300,26.112000000000002,24.8
116400,26.112000000000002,24.8
116500,26.112000000000002,24.8
116600,26.112000000000002,24.8
116700,26.112000000000002,24.8
116800,26.112000000000002,24.8
116900,26.112000000000002,24.8
117000,26.112000000000002,24.8
117100,26.112000000000002,24.8
117200,26.112000000000002,24.8
117300,26.112000000000002,24.8
117400,26.112000000000002,24.8
117500,26.112000000000002,24.8
117600,26.112000000000002,24.8
117700,26.112000000000002,24.8
117800,26.112000000000002,24.8
117900,26.112000000000002,24.8
118000,26.112000000000002,24.8
118100,26.112000000000002,24.8
118200,26.112000000000002,24.8
118300,26.112000000000002,24.8
118400,26.112000000000002,24.8
118500,26.112000000000002,24.8
118600,26.112000000000002,24.8
118700,26.112000000000002,24.8
118800,26.112000000000002,24.8
118900,26.112000000000002,24.8
119000,26.112000000000002,24.8
119100,26.112000000000002,24.8
119200,26.112000000000002,24.8
119300,26.112000000000002,24.8
119400,26.112000000000002,24.8
119500,26.112000000000002,24.8
119600,26.112000000000002,24.8
119700,26.112000000000002,24.8
119800,26.112000000000002,24.8
119900,26.112000000000002,24.8
120000,26.112000000000002,24.8
120100,26.112000000000002,24.8
120200,26.112000000000002,24.8
120300,26.112000000000002,24.8
120400,26.112000000000002,24.8
120500,26.112000000000002,24.8
120600,26.112000000000002,24.8
120700,26.112000000000002,24.8
120800,26.112000000000002,24.8
120900,26.112000000000002,24.8
121000,26.112000000000002,24.8
121100,26.112000000000002,24.8
121200,26.112000000000002,24.8
121300,26.112000000000002,24.8
121400,26.112000000000002,24.8
121500,26.112000000000002,24.8
121600,26.112000000000002,24.8
121700,26.112000000000002,24.8
121800,26.112000000000002,24.8
121900,26.112000000000002,24.8
122000,26.112000000000002,24.8
122100,26.112000000000002,24.8
122200,26.112000000000002,24.8
122300,26.112000000000002,24.8
122400,26.112000000000002,24.8
122500,26.112000000000002,24.8
122600,26.112000000000002,24.8
122700,26.112000000000002,24.8
122800,26.112000000000002,24.8
122900,26.112000000000002,24.8
123000,26.112000000000002,24.8
123100,26.112000000000002,24.8
123200,26.112000000000002,24.8
123300,26.112000000000002,24.8
123400,26.112000000000002,24.8
123500,26.112000000000002,24.8
123600,26.112000000000002,24.8
123700,26.112000000000002,24.8
123800,26.112000000000002,24.8
123900,26.112000000000002,24.8
124000,26.112000000000002,24.8
124100,26.112000000000002,24.8
124200,26.112000000000002,24.8
124300,26.112000000000002,24.8
124400,26.112000000000002,24.8
124500,26.112000000000002,24.8
124600,26.112000000000002,24.8
124700,26.112000000000002,24.8
124800,26.112000000000002,24.8
124900,26.112000000000002,24.8
125000,26.112000000000002,24.8
125100,26.112000000000002,24.8
125200,26.112000000000002,24.8
125300,26.112000000000002,24.8
125400,26.112000000000002,24.8
125500,26.112000000000002,24.8
125600,26.112000000000002,24.8
125700,26.112000000000002,24.8
125800,26.112000000000002,24.8
125900,26.112000000000002,24.8
126000,26.112000000000002,24.8
126100,26.112000000000002,24.8
126200,26.112000000000002,24.8
126300,26.112000000000002,24.8
126400,26.112000000000002,24.8
126500,26.112000000000002,24.8
126600,26.112000000000002,24.8
126700,26.112000000000002,24.8
126800,26.112000000000002,24.8
126900,26.112000000000002,24.8
127000,26.112000000000002,24.8
127100,25.832,24.8
127200,25.832,24.8
127300,25.832,24.8
127400,25.832,24.8
127500,25.832,24.8
127600,25.832,24.8
127700,25.832,24.8
127800,25.832,24.8
127900,25.832,24.8
128000,25.832,24.8
128100,25.832,24.8
128200,25.832,24.8
128300,25.832,24.8
128400,25.832,24.8
128500,25.832,24.8
128600,25.832,24.8
128700,25.832,24.8
128800,25.832,24.8
128900,25.832,24.8
129000,25.832,24.8
129100,25.832,24.8
129200,25.832,24.8
129300,25.832,24.8
129400,25.832,24.8
129500,25.832,24.8
129600,25.832,24.8
129700,25.832,24.8
129800,25.832,24.8
129900,24.68,24.8
130000,24.68,24.8
130100,24.68,24.8
130200,24.68,24.8
130300,24.68,24.8
130400,24.68,24.8
130500,24.68,24.8
130600,24.68,24.8
130700,24.68,24.8
130800,24.68,24.8
130900,24.68,24.8
131000,24.68,24.8
131100,24.68,24.8
131200,24.68,24.8
131300,24.68,24.8
131400,24.68,24.8
131500,24.68,24.8
131600,24.68,24.8
131700,24.68,24.8
131800,24.68,24.8
131900,24.68,24.8
132000,24.68,24.8
132100,24.68,24.8
132200,24.68,24.8
132300,24.68,24.8
132400,24.68,24.8
132500,24.68,24.8
132600,24.68,24.8
132700,24.68,24.8
132800,24.68,24.8
132900,24.68,24.8
133000,24.68,24.8
133100,24.68,24.8
133200,24.68,24.8
133300,24.68,24.8
133400,24.68,24.8
133500,24.68,24.8
133600,24.68,24.8
133700,24.68,24.8
133800,24.68,24.8
133900,24.68,24.8
134000,24.68,24.8
134100,24.68,24.8
134200,24.68,24.8
134300,24.68,24.8
134400,24.68,24.8
134500,24.68,24.8
134600,24.68,24.8
134700,24.68,24.8
134800,24.68,24.8
134900,24.68,24.8
135000,24.68,24.8
135100,24.68,24.8
135200,24.68,24.8
135300,24.68,24.8
135400,24.68,24.8
135500,24.68,24.8
135600,24.68,24.8
135700,24.68,24.8
135800,24.68,24.8
135900,24.68,24.8
136000,24.68,24.8
136100,24.68,24.8
136200,24.68,24.8
136300,24.68,24.8
136400,24.68,24.8
136500,24.68,24.8
136600,24.68,24.8
136700,24.68,24.8
136800,24.68,24.8
136900,24.68,24.8
137000,24.68,24.8
137100,24.68,24.8
137200,24.68,24.8
137300,24.68,24.8
137400,24.68,24.8
137500,24.68,24.8
137600,24.68,24.8
137700,24.68,24.8
137800,24.68,24.8
137900,24.68,24.8
138000,24.68,24.8
138100,24.68,24.8
138200,24.68,24.8
138300,24.68,24.8
138400,24.68,24.8
138500,24.68,24.8
138600,24.68,24.8
138700,24.68,24.8
138800,24.68,24.8
138900,24.68,24.8
139000,24.68,24.8
139100,24.68,24.8
139200,24.68,24.8
139300,24.68,24.8
139400,24.68,24.8
139500,24.68,24.8
139600,24.68,24.8
139700,24.68,24.8
139800,24.68,24.8
139900,24.68,24.8
140000,24.68,24.8
140100,24.68,24.8
140200,24.68,24.8
140300,24.68,24.8
140400,24.68,24.8
140500,24.68,24.8
140600,24.68,24.8
140700,24.68,24.8
140800,24.68,24.8
140900,24.68,24.8
141000,24.68,24.8
141100,24.68,24.8
141200,24.68,24.8
141300,24.68,24.8
141400,24.68,24.8
141500,24.68,24.8
141600,24.68,24.8
141700,24.68,24.8
141800,24.68,24.8
141900,24.68,24.8
142000,24.68,24.8
142100,24.68,24.8
142200,24.68,24.8
142300,24.68,24.8
142400,24.68,24.8
142500,24.68,24.8
142600,24.68,24.8
142700,24.68,24.8
142800,24.68,24.8
142900,24.68,24.8
143000,24.68,24.8
143100,24.68,24.8
143200,24.68,24.8
143300,24.68,24.8
143400,24.68,24.8
143500,24.68,24.8
143600,24.68,24.8
143700,24.68,24.8
143800,24.68,24.8
143900,24.68,24.8
144000,24.68,24.8
144100,24.68,24.8
144200,24.68,24.8
144300,24.68,24.8
144400,24.68,24.8
144500,24.68,24.8
144600,24.68,24.8
144700,24.68,24.8
144800,24.68,24.8
144900,24.68,24.8
145000,24.68,24.8
145100,24.68,24.8
145200,24.68,24.8
145300,24.68,24.8
145400,24.68,24.8
145500,24.68,24.8
145600,24.68,24.8
145700,24.68,24.8
145800,24.68,24.8
145900,24.68,24.8
146000,24.68,24.8
146100,24.68,24.8
146200,24.68,24.8
146300,24.68,24.8
146400,24.68,24.8
146500,24.68,24.8
146600,24.68,24.8
146700,24.68,24.8
146800,24.68,24.8
146900,24.68,24.8
147000,24.68,24.8
147100,24.68,24.8
147200,24.68,24.8
147300,24.68,24.8
147400,24.68,24.8
147500,24.68,24.8
147600,24.68,24.8
147700,24.68,24.8
147800,24.68,24.8
147900,24.68,24.8
148000,24.68,24.8
148100,24.68,24.8
148200,24.68,24.8
148300,24.68,24.8
148400,24.68,24.8
148500,24.68,24.8
148600,24.68,24.8
148700,24.68,24.8
148800,24.68,24.8
148900,24.68,24.8
149000,24.68,24.8
149100,24.68,24.8
149200,24.68,24.8
149300,24.68,24.8
149400,24.68,24.8
149500,24.68,24.8
149600,24.68,24.8
149700,24.68,24.8
149800,24.68,24.8
149900,24.68,24.8
150000,24.68,24.8
150100,24.68,24.8
150200,24.68,24.8
150300,24.68,24.8
150400,24.68,24.8
150500,24.68,24.8
150600,24.68,24.8
150700,24.68,24.8
150800,24.68,24.8
150900,24.68,24.8
151000,24.68,24.8
151100,24.68,24.8
151200,24.68,24.8
151300,24.68,24.8
151400,24.68,24.8
151500,24.68,24.8
151600,24.68,24.8
151700,24.68,24.8
151800,24.68,24.8
151900,24.68,24.8
152000,24.68,24.8
152100,24.68,24.8
152200,24.68,24.8
152300,24.68,24.8
152400,24.68,24.8
152500,24.68,24.8
152600,24.68,24.8
152700,24.68,24.8
152800,24.68,24.8
152900,24.68,24.8
153000,24.68,24.8
153100,24.68,24.8
153200,24.68,24.8
153300,24.68,24.8
153400,24.68,24.8
153500,24.68,24.8
153600,24.68,24.8
153700,24.68,24.8
153800,24.68,24.8
153900,24.68,24.8
154000,24.68,24.8
154100,24.68,24.8
154200,24.68,24.8
154300,24.68,24.8
154400,24.68,24.8
154500,24.68,24.8
154600,24.68,24.8
154700,24.68,24.8
154800,24.68,24.8
154900,24.68,24.8
155000,24.68,24.8
155100,24.68,24.8
155200,24.68,24.8
155300,24.68,24.8
155400,24.68,24.8
155500,24.68,24.8
155600,24.68,24.8
155700,24.68,24.8
155800,24.68,24.8
155900,24.68,24.8
156000,24.68,24.8
156100,24.68,24.8
156200,24.68,24.8
156300,24.68,24.8
156400,24.552,24.8
156500,24.552,24.8
156600,24.552,24.8
156700,24.552,24.8
156800,24.552,24.8
156900,24.552,24.8
157000,24.552,24.8
157100,24.552,24.8
157200,24.552,24.8
157300,24.552,24.8
157400,24.552,24.8
157500,24.552,24.8
157600,24.552,24.8
157700,24.552,24.8
157800,24.552,24.8
157900,24.552,24.8
158000,24.552,24.8
158100,24.552,24.8
158200,24.552,24.8
158300,24.552,24.8
158400,24.552,24.8
158500,24.552,24.8
158600,24.552,24.8
158700,24.552,24.8
158800,24.552,24.8
158900,24.552,24.8
159000,24.552,24.8
159100,24.552,24.8
159200,24.552,24.8
159300,24.552,24.8
159400,24.552,24.8
159500,24.552,24.8
159600,24.552,24.8
159700,24.552,24.8
159800,24.552,24.8
159900,24.552,24.8
160000,24.552,24.8
160100,24.552,24.8
160200,24.552,24.8
160300,24.552,24.8
160400,24.552,24.8
160500,24.552,24.8
160600,24.552,24.8
160700,24.552,24.8
160800,24.552,24.8
160900,24.552,24.8
161000,24.552,24.8
161100,24.552,24.8
161200,24.552,24.8
161300,24.552,24.8
161400,24.552,24.8
161500,24.552,24.8
161600,24.552,24.8
161700,24.552,24.8
161800,24.552,24.8
161900,24.552,24.8
162000,24.552,24.8
162100,24.552,24.8
162200,24.552,24.8
162300,24.552,24.8
162400,24.552,24.8
162500,24.552,24.8
162600,24.552,24.8
162700,24.552,24.8
162800,24.552,24.8
162900,24.552,24.8
163000,24.552,24.8
163100,24.552,24.8
163200,24.552,24.8
163300,24.552,24.8
163400,24.552,24.8
163500,24.552,24.8
163600,24.552,24.8
163700,24.552,24.8
163800,24.552,24.8
163900,24.552,24.8
164000,24.552,24.8
164100,24.552,24.8
164200,24.552,24.8
164300,24.552,24.8
164400,24.552,24.8
164500,24.552,24.8
164600,24.552,24.8
164700,24.552,24.8
164800,24.552,24.8
164900,24.552,24.8
165000,24.552,24.8
165100,24.552,24.8
165200,24.552,24.8
165300,24.552,24.8
165400,24.552,24.8
165500,24.552,24.8
165600,24.552,24.8
165700,24.552,24.8
165800,24.552,24.8
165900,24.552,24.8
166000,24.552,24.8
166100,24.552,24.8
166200,24.552,24.8
166300,24.552,24.8
166400,24.552,24.8
166500,24.552,24.8
166600,24.552,24.8
166700,24.552,24.8
166800,24.552,24.8
166900,24.552,24.8
167000,24.552,24.8
167100,24.552,24.8
167200,24.552,24.8
167300,24.552,24.8
167400,24.552,24.8
167500,24.552,24.8
167600,24.552,24.8
167700,24.552,24.8
167800,24.552,24.8
167900,24.552,24.8
168000,24.552,24.8
168100,24.552,24.8
168200,24.552,24.8
168300,24.552,24.8
168400,24.552,24.8
168500,24.552,24.8
168600,24.552,24.8
168700,24.552,24.8
168800,24.552,24.8
168900,24.552,24.8
169000,24.552,24.8
169100,24.552,24.8
169200,24.552,24.8
169300,24.552,24.8
169400,24.552,24.8
169500,24.552,24.8
169600,24.552,24.8
169700,24.552,24.8
169800,24.552,24.8
169900,24.552,24.8
170000,24.552,24.8
170100,24.552,24.8
170200,24.552,24.8
170300,24.552,24.8
170400,24.552,24.8
170500,24.552,24.8
170600,24.552,24.8
170700,24.552,24.8
170800,24.552,24.8
170900,24.552,24.8
171000,24.552,24.8
171100,24.552,24.8
171200,24.552,24.8
171300,24.552,24.8
171400,24.552,24.8
171500,24.552,24.8
171600,24.552,24.8
171700,24.552,24.8
171800,24.552,24.8
171900,24.552,24.8
172000,24.552,24.8
172100,24.552,24.8
172200,24.552,24.8
172300,24.552,24.8
172400,24.552,24.8
172500,24.552,24.8
172600,24.552,24.8
172700,24.552,24.8
172800,24.552,24.8
172900,24.552,24.8
173000,24.552,24.8
173100,24.552,24.8
173200,24.552,24.8
173300,24.552,24.8
173400,24.552,24.8
173500,24.552,24.8
173600,24.552,24.8
173700,24.552,24.8
173800,24.552,24.8
173900,24.552,24.8
174000,24.552,24.8
174100,24.552,24.8
174200,24.552,24.8
174300,24.552,24.8
174400,24.552,24.8
174500,24.552,24.8
174600,24.552,24.8
174700,24.552,24.8
174800,24.552,24.8
174900,24.552,24.8
175000,24.552,24.8
175100,24.552,24.8
175200,24.552,24.8
175300,24.552,24.8
175400,24.552,24.8
175500,24.552,24.8
175600,24.552,24.8
175700,24.552,24.8
175800,24.552,24.8
175900,24.552,24.8
176000,24.552,24.8
176100,24.552,24.8
176200,24.552,24.8
176300,24.552,24.8
176400,24.552,24.8
176500,24.552,24.8
176600,24.552,24.8
176700,24.552,24.8
176800,24.552,24.8
176900,24.552,24.8
177000,24.552,24.8
177100,24.552,24.8
177200,24.552,24.8
177300,24.552,24.8
177400,24.552,24.8
177500,24.552,24.8
177600,24.552,24.8
177700,24.552,24.8
177800,24.552,24.8
177900,24.552,24.8
178000,24.552,24.8
178100,24.552,24.8
178200,24.552,24.8
178300,24.552,24.8
178400,24.552,24.8
178500,24.552,24.8
178600,24.552,24.8
178700,24.552,24.8
178800,24.552,24.8
178900,24.552,24.8
179000,24.552,24.8
179100,24.552,24.8
179200,24.552,24.8
179300,24.552,24.8
179400,24.552,24.8
179500,24.552,24.8
179600,24.552,24.8
179700,24.552,24.8
179800,24.552,24.8
179900,24.552,24.8
180000,24.552,24.8
180100,24.552,24.8
180200,24.552,24.8
180300,24.552,24.8
180400,24.552,24.8
180500,24.552,24.8
180600,24.552,24.8
180700,24.552,24.8
180800,24.552,24.8
180900,24.552,24.8
181000,24.552,24.8
181100,24.552,24.8
181200,24.552,24.8
181300,24.552,24.8
181400,24.552,24.8
181500,24.552,24.8
181600,24.552,24.8
181700,24.552,24.8
181800,24.552,24.8
181900,24.552,24.8
182000,24.552,24.8
182100,24.552,24.8
182200,24.552,24.8
182300,24.552,24.8
182400,24.552,24.8
182500,24.552,24.8
182600,24.552,24.8
182700,24.552,24.8
182800,24.552,24.8
182900,24.552,24.8
183000,24.552,24.8
183100,24.552,24.8
183200,24.552,24.8
183300,24.552,24.8
183400,24.552,24.8
183500,24.552,24.8
183600,24.552,24.8
183700,24.552,24.8
183800,24.552,24.8
183900,24.552,24.8
184000,24.552,24.8
184100,24.552,24.8
184200,24.552,24.8
184300,24.552,24.8
184400,24.552,24.8
184500,24.552,24.8
184600,24.552,24.8
184700,24.552,24.8
184800,24.552,24.8
184900,24.552,24.8
185000,24.552,24.8
185100,24.552,24.8
185200,24.552,24.8
185300,24.552,24.8
185400,24.552,24.8
185500,24.552,24.8
185600,24.552,24.8
185700,24.552,24.8
185800,24.552,24.8
185900,24.552,24.8
186000,24.552,24.8
186100,24.552,24.8
186200,24.552,24.8
186300,24.552,24.8
186400,24.552,24.8
186500,24.552,24.8
186600,24.552,24.8
186700,24.552,24.8
186800,24.552,24.8
186900,24.552,24.8
187000,24.552,24.8
187100,24.552,24.8
187200,24.552,24.8
187300,24.552,24.8
187400,24.552,24.8
187500,24.552,24.8
187600,24.552,24.8
187700,24.552,24.8
187800,24.552,24.8
187900,24.552,24.8
188000,24.552,24.8
188100,24.552,24.8
188200,24.552,24.8
188300,24.552,24.8
188400,24.552,24.8
188500,24.552,24.8
188600,24.552,24.8
188700,24.552,24.8
188800,24.552,24.8
188900,24.552,24.8
189000,24.552,24.8
189100,24.552,24.8
189200,24.552,24.8
189300,24.552,24.8
189400,24.552,24.8
189500,24.552,24.8
189600,24.552,24.8
189700,24.552,24.8
189800,24.552,24.8
189900,24.552,24.8
190000,24.552,24.8
190100,24.552,24.8
190200,24.552,24.8
190300,24.552,24.8
190400,24.552,24.8
190500,24.552,24.8
190600,24.552,24.8
190700,24.552,24.8
190800,24.552,24.8
190900,24.552,24.8
191000,24.552,24.8
191100,24.552,24.8
191200,24.552,24.8
191300,24.552,24.8
191400,24.552,24.8
191500,24.552,24.8
191600,24.552,24.8
191700,24.552,24.8
191800,24.552,24.8
191900,24.552,24.8
192000,24.552,24.8
192100,24.552,24.8
192200,24.552,24.8
192300,24.552,24.8
192400,24.552,24.8
192500,24.552,24.8
192600,24.552,24.8
192700,24.552,24.8
192800,24.552,24.8
192900,24.552,24.8
193000,24.552,24.8
193100,24.552,24.8
193200,24.552,24.8
193300,24.552,24.8
193400,24.552,24.8
193500,24.552,24.8
193600,24.552,24.8
193700,24.552,24.8
193800,24.552,24.8
193900,24.552,24.8
194000,24.552,24.8
194100,24.552,24.8
194200,24.552,24.8
194300,24.552,24.8
194400,24.552,24.8
194500,24.552,24.8
194600,24.552,24.8
194700,24.552,24.8
194800,24.552,24.8
194900,24.552,24.8
195000,24.552,24.8
195100,24.552,24.8
195200,24.552,24.8
195300,24.552,24.8
195400,24.552,24.8
195500,24.552,24.8
195600,24.552,24.8
195700,24.552,24.8
195800,24.552,24.8
195900,24.552,24.8
196000,24.552,24.8
196100,24.552,24.8
196200,24.552,24.8
196300,24.552,24.8
196400,24.552,24.8
196500,24.552,24.8
196600,24.552,24.8
196700,24.552,24.8
196800,24.552,24.8
196900,24.552,24.8
197000,24.552,24.8
197100,24.552,24.8
197200,24.552,24.8
197300,24.552,24.8
197400,24.552,24.8
197500,24.552,24.8
197600,24.552,24.8
197700,24.552,24.8
197800,24.552,24.8
197900,24.552,24.8
198000,24.552,24.8
198100,24.528000000000002,24.8
198200,24.528000000000002,24.8
198300,24.528000000000002,24.8
198400,24.528000000000002,24.8
198500,24.528000000000002,24.8
198600,24.528000000000002,24.8
198700,24.528000000000002,24.8
198800,24.528000000000002,24.8
198900,24.528000000000002,24.8
199000,24.528000000000002,24.8
199100,24.528000000000002,24.8
199200,24.528000000000002,24.8
199300,24.528000000000002,24.8
199400,24.528000000000002,24.8
199500,24.528000000000002,24.8
199600,24.528000000000002,24.8
199700,24.528000000000002,24.8
199800,24.528000000000002,24.8
199900,24.528000000000002,24.8
199999,24.528000000000002,24.8

START ALGORITHM
h1: (a34 + a14 - a51) * (b24 - b52 - b54 - b22)
h7: (-a14) * (b42 + b12 + b31 + b44 - b33 - b35 - b15 - b33)
h27: (a54 + a11 + a35 - a52 - a54 - a42) * (b23 + b41 + b34 - b35 - b32)
h28: (a24 + a42 + a12 - a45 - a12 - a14 - a13 - a41 - a12) * (b44)
h34: (a55 - a32) * (b55 - b54)
h57: (a21 + a55 + a55 - a41 - a32 - a51 - a52 - a51 - a32 - a12 - a21) * (-b32)
h60: (a33 + a42 + a34) * (b31 + b32 - b34 - b31 - b43)
h64: (-a14 - a23) * (b35 + b12 + b44)
h68: (a45 + a22 - a33 - a42) * (-b45)
h71: (a12 + a51 + a14 + a15 + a41 + a51 + a41 + a55 + a45 + a32 + a13 - a12 - a42 - a51 - a22 - a34 - a31 - a45 - a34 - a53 - a31 - a34 - a43 - a23 - a51 - a33 - a51 - a52 - a15 - a14) * (b13 + b21)
h81: (a32 + a52 + a14 + a44 + a25 - a24 - a53 - a21 - a13) * (b21)
h98: (a21 + a41) * (b25)
h102: (a53 + a35 + a12 + a45 + a42 - a11 - a43 - a54 - a14 - a34 - a21) * (b55 - b22 - b24 - b34)
h104: (a33 + a45 + a12 - a41 - a52 - a15 - a11) * (b21 + b54 + b42)
h105: (a22 + a54 + a33 + a53 - a24 - a21 - a45 - a22 - a53 - a24) * (b24)
h106: (a15 + a53 + a22 + a34 + a53 - a13 - a53 - a33) * (-b44 - b15)
h107: (a55 + a55 + a34 + a44 + a53 + a24 + a45 + a54 + a15 + a32 + a14 + a33 + a44 - a31 - a35 - a45 - a34 - a32 - a53 - a51) * (b34)
h109: (a53 + a41 - a25 - a13 - a54 - a12) * (-b12 - b31)
h111: (a53 + a41) * (-b22)
h114: (a51 + a54 + a41 + a33 + a44 + a32 + a42 + a32 + a44 - a32 - a31 - a25 - a31 - a11 - a15 - a54 - a52) * (b31 + b43 + b51 + b25 - b15 - b11)
h119: (-a13) * (-b42 - b12 - b21)
h121: (a24 - a44 - a14) * (b25 - b22)
h136: (-a35 - a31) * (b15 + b33 + b53 + b45 - b32)
h139: (a54 + a13 - a54 - a33) * (-b54)
h147: (a43 + a51 + a13 + a32 + a22 + a24 + a51 + a31 + a33 + a42 + a25 + a41 - a44 - a31 - a52 - a13 - a24 - a35 - a13 - a33 - a35) * (b51 + b51 - b42 - b14 - b11)
h165: (a55 + a52 - a12 - a24 - a14 - a54 - a12) * (b45)
h179: (a42 + a35 + a45 + a24 + a12 - a45 - a25 - a33 - a13 - a34) * (-b22)
h181: (a51 + a14 + a45 + a53 + a15 + a52 + a43 + a53 + a15 + a45 + a42 + a43 + a53 + a41 + a53 + a43 + a24 + a31 + a22 + a24 + a13 + a44 + a34 + a43 + a23 - a25 - a32 - a54 - a41 - a12 - a51 - a51 - a21 - a11 - a33 - a13 - a14 - a21 - a33 - a14 - a34 - a25 - a54 - a44 - a13 - a31 - a21 - a43 - a44 - a34 - a23 - a11 - a55 - a53 - a24 - a52 - a35 - a53) * (-b52 - b15 - b25)
h198: (a51 + a21 + a55 + a52 + a51 + a42 + a12 + a42 + a24 + a25 - a43 - a44 - a22 - a42 - a22 - a43 - a23) * (-b14)
h255: (a34 + a24 + a55 + a14 + a31 + a43 + a32 + a45 + a35 + a35 + a43 + a35 + a31 - a23 - a12 - a35 - a53 - a54 - a13 - a22 - a12 - a53 - a21 - a31 - a55 - a25) * (b14 + b55 + b25 - b11)
h294: (-a52 - a32) * (-b52)
h307: (a11 + a41 + a21 + a55 + a24 + a13 - a45 - a41 - a34 - a51 - a13 - a44 - a14) * (b41 + b53 + b32 + b33 - b51 - b15 - b53)
h528: (a34 + a31 + a21 - a25 - a52 - a32 - a31) * (b23)
h530: (-a21 - a53) * (b21)
h662: (a51 + a55 + a31 - a22 - a25) * (b35 - b21 - b43)
h1177: (a44 + a41 + a52) * (b12)
h1237: (a21 + a54 + a35 + a35 - a54 - a23 - a34) * (-b41)
h1266: (-a43) * (-b52)
h1794: (a34 + a33 + a54 + a52 + a41 - a33 - a14) * (b41)
h1942: (a12 + a12 + a54 + a33 + a14 - a11 - a14 - a33 - a45 - a51) * (b45 + b35 + b33 + b13 + b41 - b35 - b53 - b31)
h2406: (a15) * (b23 - b11)
h3398: (a54) * (b53 + b15 - b12 - b24 - b34)
h4666: (a32 + a23 + a43 + a41 + a31 + a33 - a34 - a33 - a45 - a42 - a55 - a14 - a25 - a11 - a24 - a45 - a43 - a31 - a33 - a53 - a35) * (b35 + b35 - b34 - b22 - b42)
h5463: (a25 + a43 + a33 + a14 + a24 + a13 + a22 + a33 + a54 + a34 + a12 + a43 + a42 + a33 + a34 + a33 + a55 + a51 + a22 - a22 - a24 - a35 - a12 - a32 - a22 - a34 - a52 - a22 - a53 - a25 - a12 - a54 - a31 - a55 - a12 - a14) * (b22 + b43)
h6681: (a54 + a55 - a41 - a15 - a41) * (b35 + b11 + b34 - b53 - b32 - b13 - b55)
h6938: (a22 + a35 + a53 + a24 + a54 - a44 - a23 - a32 - a53 - a33 - a11) * (b22 - b54 - b52)
h7875: (-a52 - a53) * (b53 - b13 - b24)
h8409: (a22 + a42 + a12 + a42 + a54 + a15 - a52 - a11) * (b15 - b53)
h31730: (-a45) * (b14 - b13 - b52 - b51)
c11: h294 
c12: h105 + h109 - h7 
c13: h111 + h307 - h60 - h165 - h179 - h181 
c14: h119 + h5463 
c15: h98 + h60 
c21: h179 + h6681 + h6938 - h662 
c22: h147 - h2406 
c23: h81 + h104 + h71 
c24: h307 + h8409 
c25: h64 + h2406 
c31: h31730 - h98 
c32: h198 - h255 
c33: h7875 + h60 
c34: h114 + h106 + h255 
c35: h1 + h34 
c41: - h530 - h1942 
c42: h121 + h71 
c43: h64 + h57 + h1266 + h1794 - h528 
c44: h3398 - h102 
c45: h139 + h71 + h107 
c51: h27 + h107 + h136 + h139 + h34 + h81 
c52: h111 + h34 + h255 
c53: h106 + h1177 - h28 - h105 - h1237 
c54: h68 + h106 + h3398 - h27 
c55: h4666 + h98 
