0,178.4,25
100,123.832,24.8
200,105.84,24.8
300,93.80799999999999,24.8
400,76.192,24.8
500,70.232,25
600,69.848,25
700,68.728,25
800,66.888,25
900,66.576,25
1000,64.28,25
1100,60.80799999999999,25
1200,59.552,25
1300,57.68000000000001,25
1400,55.007999999999996,25
1500,51.727999999999994,25
1600,51.056,25
1700,50.624,25
1800,49.72,24.8
1900,49.424,24.6
2000,48.832,24.6
2100,47.64,24.6
2200,47.416,24.6
2300,46.976,24.6
2400,46.536,24.6
2500,46.536,24.6
2600,45.519999999999996,24.2
2700,45.408,24.2
2800,45.408,24.2
2900,45.408,24.2
3000,45.408,24.2
3100,44.728,24
3200,44.431999999999995,23.8
3300,43.488,23.8
3400,43.064,23.8
3500,43.064,23.8
3600,43.016,23.8
3700,41.367999999999995,23.6
3800,41.367999999999995,23.6
3900,41.367999999999995,23.6
4000,41.367999999999995,23.6
4100,41.007999999999996,23.6
4200,41.007999999999996,23.6
4300,41.007999999999996,23.6
4400,41.007999999999996,23.6
4500,41.007999999999996,23.6
4600,41.007999999999996,23.6
4700,40.839999999999996,23.4
4800,40.592,23.4
4900,40.592,23.4
5000,39.84,23.4
5100,39.84,23.4
5200,39.84,23.4
5300,39.84,23.4
5400,39.84,23.4
5500,39.624,23.2
5600,39.624,23.2
5700,39.624,23.2
5800,39.296,23.2
5900,39.296,23.2
6000,39.184,23.2
6100,38.824,23.2
6200,38.824,23.2
6300,38.552,23.2
6400,38.552,23.2
6500,38.552,23.2
6600,37.727999999999994,23.2
6700,37.727999999999994,23.2
6800,37.727999999999994,23.2
6900,37.727999999999994,23.2
7000,37.727999999999994,23.2
7100,36.664,23.2
7200,36.664,23.2
7300,36.664,23.2
7400,36.664,23.2
7500,36.664,23.2
7600,36.664,23.2
7700,36.664,23.2
7800,36.664,23.2
7900,36.664,23.2
8000,36.664,23.2
8100,36.559999999999995,23.2
8200,36.552,23
8300,36.552,23
8400,36.552,23
8500,36.552,23
8600,36.552,23
8700,36.552,23
8800,36.552,23
8900,36.29600000000001,23
9000,36.29600000000001,23
9100,36.29600000000001,23
9200,36.29600000000001,23
9300,36.29600000000001,23
9400,36.29600000000001,23
9500,36.29600000000001,23
9600,36.29600000000001,23
9700,36.29600000000001,23
9800,36.29600000000001,23
9900,35.583999999999996,23.2
10000,35.583999999999996,23.2
10100,35.583999999999996,23.2
10200,35.583999999999996,23.2
10300,35.4,23.6
10400,35.4,23.6
10500,35.4,23.6
10600,35.4,23.6
10700,35.4,23.6
10800,35.4,23.6
10900,35.4,23.6
11000,34.93599999999999,23.6
11100,34.93599999999999,23.6
11200,34.93599999999999,23.6
11300,34.93599999999999,23.6
11400,34.93599999999999,23.6
11500,34.928000000000004,23.2
11600,34.928000000000004,23.2
11700,34.928000000000004,23.2
11800,34.928000000000004,23.2
11900,34.928000000000004,23.2
12000,34.928000000000004,23.2
12100,34.928000000000004,23.2
12200,34.928000000000004,23.2
12300,34.928000000000004,23.2
12400,34.928000000000004,23.2
12500,34.928000000000004,23.2
12600,34.928000000000004,23.2
12700,34.928000000000004,23.2
12800,34.928000000000004,23.2
12900,34.928000000000004,23.2
13000,34.928000000000004,23.2
13100,34.928000000000004,23.2
13200,34.928000000000004,23.2
13300,34.928000000000004,23.2
13400,34.928000000000004,23.2
13500,34.928000000000004,23.2
13600,34.928000000000004,23.2
13700,34.928000000000004,23.2
13800,34.928000000000004,23.2
13900,34.928000000000004,23.2
14000,34.928000000000004,23.2
14100,34.928000000000004,23.2
14200,34.928000000000004,23.2
14300,34.928000000000004,23.2
14400,34.928000000000004,23.2
14500,34.928000000000004,23.2
14600,34.928000000000004,23.2
14700,34.928000000000004,23.2
14800,34.928000000000004,23.2
14900,34.928000000000004,23.2
15000,34.928000000000004,23.2
15100,34.68,23.4
15200,34.68,23.4
15300,34.376,23.6
15400,34.376,23.6
15500,34.376,23.6
15600,34.28,23.8
15700,34.28,23.8
15800,34.28,23.8
15900,33.744,24
16000,33.288000000000004,24
16100,33.208000000000006,24
16200,33.208000000000006,24
16300,33.208000000000006,24
16400,33.208000000000006,24
16500,33.208000000000006,24
16600,33.112,24
16700,33.112,24
16800,33.112,24
16900,33.112,24
17000,33.112,24
17100,33.112,24
17200,33.112,24
17300,33.112,24
17400,33.112,24
17500,33.112,24
17600,33.112,24
17700,33.112,24
17800,33.112,24
17900,33.112,24
18000,33.112,24
18100,33.112,24
18200,33.112,24
18300,32.888,24
18400,32.888,24
18500,32.456,23.8
18600,32.456,23.8
18700,32.456,23.8
18800,32.456,23.8
18900,32.456,23.8
19000,32.456,23.8
19100,32.456,23.8
19200,32.215999999999994,23.8
19300,32.215999999999994,23.8
19400,32.215999999999994,23.8
19500,32.215999999999994,23.8
19600,32.215999999999994,23.8
19700,32.215999999999994,23.8
19800,32.215999999999994,23.8
19900,32.215999999999994,23.8
20000,32.215999999999994,23.8
20100,31.792,23.8
20200,31.76,23.8
20300,31.76,23.8
20400,31.76,23.8
20500,31.76,23.8
20600,31.76,23.8
20700,31.76,23.8
20800,31.76,23.8
20900,31.76,23.8
21000,31.76,23.8
21100,31.76,23.8
21200,31.76,23.8
21300,31.76,23.8
21400,31.76,23.8
21500,31.76,23.8
21600,31.76,23.8
21700,31.456000000000007,24.2
21800,31.456000000000007,24.2
21900,31.456,24.2
22000,31.456,24.2
22100,31.456,24.2
22200,31.456,24.2
22300,31.456,24.2
22400,31.456,24.2
22500,31.456,24.2
22600,31.456,24.2
22700,31.456,24.2
22800,31.456,24.2
22900,31.456,24.2
23000,31.456,24.2
23100,31.456,24.2
23200,31.456,24.2
23300,31.456,24.2
23400,31.456,24.2
23500,31.456,24.2
23600,31.456,24.2
23700,31.456,24.2
23800,31.456,24.2
23900,31.456,24.2
24000,31.456,24.2
24100,31.456,24.2
24200,31.456,24.2
24300,31.056,24.2
24400,31.056,24.2
24500,31.056,24.2
24600,31.056,24.2
24700,31.056,24.2
24800,31.056,24.2
24900,31.056,24.2
25000,31.056,24.2
25100,31.056,24.2
25200,31.056,24.2
25300,30.671999999999997,24.2
25400,30.671999999999997,24.2
25500,30.48,24.2
25600,30.48,24.2
25700,30.48,24.2
25800,29.735999999999997,24.2
25900,29.735999999999997,24.2
26000,29.735999999999997,24.2
26100,29.688,24.2
26200,29.688,24.2
26300,29.592000000000002,24.2
26400,29.592000000000002,24.2
26500,29.592000000000002,24.2
26600,29.592000000000002,24.2
26700,29.592000000000002,24.2
26800,29.592000000000002,24.2
26900,29.592000000000002,24.2
27000,29.592000000000002,24.2
27100,29.592000000000002,24.2
27200,29.592000000000002,24.2
27300,29.592000000000002,24.2
27400,29.592000000000002,24.2
27500,29.592000000000002,24.2
27600,29.592000000000002,24.2
27700,29.592000000000002,24.2
27800,29.512,24.2
27900,29.512,24.2
28000,29.512,24.2
28100,29.512,24.2
28200,29.512,24.2
28300,29.512,24.2
28400,29.512,24.2
28500,29.512,24.2
28600,29.288,24.2
28700,29.288,24.2
28800,29.288,24.2
28900,29.288,24.2
29000,29.288,24.2
29100,29.288,24.2
29200,29.288,24.2
29300,29.288,24.2
29400,29.288,24.2
29500,29.288,24.2
29600,29.288,24.2
29700,29.288,24.2
29800,29.288,24.2
29900,29.288,24.2
30000,29.288,24.2
30100,29.288,24.2
30200,29.288,24.2
30300,29.288,24.2
30400,29.288,24.2
30500,29.288,24.2
30600,29.288,24.2
30700,29.288,24.2
30800,29.288,24.2
30900,29.288,24.2
31000,29.288,24.2
31100,29.288,24.2
31200,29.288,24.2
31300,29.288,24.2
31400,29.288,24.2
31500,29.288,24.2
31600,29.288,24.2
31700,29.288,24.2
31800,29.288,24.2
31900,29.288,24.2
32000,29.288,24.2
32100,29.288,24.2
32200,29.288,24.2
32300,29.288,24.2
32400,29.288,24.2
32500,29.288,24.2
32600,29.288,24.2
32700,29.288,24.2
32800,29.288,24.2
32900,29.288,24.2
33000,29.288,24.2
33100,29.288,24.2
33200,29.288,24.2
33300,29.288,24.2
33400,29.288,24.2
33500,29.288,24.2
33600,29.288,24.2
33700,29.288,24.2
33800,29.288,24.2
33900,29.288,24.2
34000,29.288,24.2
34100,29.288,24.2
34200,29.288,24.2
34300,29.288,24.2
34400,29.288,24.2
34500,29.288,24.2
34600,29.288,24.2
34700,29.288,24.2
34800,29.288,24.2
34900,29.288,24.2
35000,29.176,24.2
35100,29.176,24.2
35200,29.176,24.2
35300,29.176,24.2
35400,29.176,24.2
35500,29.176,24.2
35600,29.176,24.2
35700,29.176,24.2
35800,29.176,24.2
35900,29.176,24.2
36000,29.176,24.2
36100,29.176,24.2
36200,29.176,24.2
36300,29.176,24.2
36400,29.176,24.2
36500,29.176,24.2
36600,29.176,24.2
36700,29.176,24.2
36800,29.176,24.2
36900,29.176,24.2
37000,29.176,24.2
37100,29.176,24.2
37200,29.176,24.2
37300,29.176,24.2
37400,29.176,24.2
37500,29.176,24.2
37600,29.176,24.2
37700,29.176,24.2
37800,29.176,24.2
37900,29.176,24.2
38000,29.176,24.2
38100,29.176,24.2
38200,29.176,24.2
38300,29.176,24.2
38400,29.176,24.2
38500,29.176,24.2
38600,29.176,24.2
38700,29.176,24.2
38800,29.176,24.2
38900,29.176,24.2
39000,29.176,24.2
39100,29.176,24.2
39200,29.176,24.2
39300,29.176,24.2
39400,29.176,24.2
39500,29.176,24.2
39600,29.176,24.2
39700,29.176,24.2
39800,29.176,24.2
39900,29.176,24.2
40000,29.176,24.2
40100,29.176,24.2
40200,29.176,24.2
40300,29.176,24.2
40400,29.176,24.2
40500,29.176,24.2
40600,29.176,24.2
40700,29.176,24.2
40800,29.176,24.2
40900,29.176,24.2
41000,29.176,24.2
41100,29.176,24.2
41200,29.176,24.2
41300,29.176,24.2
41400,29.176,24.2
41500,29.176,24.2
41600,29.176,24.2
41700,29.176,24.2
41800,29.176,24.2
41900,29.176,24.2
42000,29.176,24.2
42100,29.095999999999997,24.2
42200,29.095999999999997,24.2
42300,29.095999999999997,24.2
42400,29.095999999999997,24.2
42500,29.095999999999997,24.2
42600,29.095999999999997,24.2
42700,29.095999999999997,24.2
42800,29.095999999999997,24.2
42900,28.983999999999998,24
43000,28.983999999999998,24
43100,28.983999999999998,24
43200,28.983999999999998,24
43300,28.983999999999998,24
43400,28.983999999999998,24
43500,28.919999999999998,24
43600,28.919999999999998,24
43700,28.919999999999998,24
43800,28.919999999999998,24
43900,28.919999999999998,24
44000,28.919999999999998,24
44100,28.919999999999998,24
44200,28.919999999999998,24
44300,28.919999999999998,24
44400,28.919999999999998,24
44500,28.919999999999998,24
44600,28.832,24
44700,28.832,24
44800,28.832,24
44900,28.832,24
45000,28.832,24
45100,28.832,24
45200,28.832,24
45300,28.832,24
45400,28.832,24
45500,28.832,24
45600,28.832,24
45700,28.832,24
45800,28.832,24
45900,28.832,24
46000,28.832,24
46100,28.832,24
46200,28.832,24
46300,28.832,24
46400,28.832,24
46500,28.832,24
46600,28.832,24
46700,28.832,24
46800,28.832,24
46900,28.832,24
47000,28.832,24
47100,28.832,24
47200,28.832,24
47300,28.832,24
47400,28.832,24
47500,28.832,24
47600,28.832,24
47700,28.832,24
47800,28.832,24
47900,28.832,24
48000,28.832,24
48100,28.832,24
48200,28.832,24
48300,28.832,24
48400,28.832,24
48500,28.832,24
48600,28.832,24
48700,28.832,24
48800,28.832,24
48900,28.832,24
49000,28.832,24
49100,28.832,24
49200,28.832,24
49300,28.832,24
49400,28.832,24
49500,28.832,24
49600,28.832,24
49700,28.832,24
49800,28.832,24
49900,28.832,24
50000,28.832,24
50100,28.832,24
50200,28.832,24
50300,28.832,24
50400,28.832,24
50500,28.832,24
50600,28.832,24
50700,28.832,24
50800,28.832,24
50900,28.832,24
51000,28.832,24
51100,28.832,24
51200,28.832,24
51300,28.832,24
51400,28.832,24
51500,28.832,24
51600,28.736,24
51700,28.727999999999998,24
51800,28.727999999999998,24
51900,28.727999999999998,24
52000,28.727999999999998,24
52100,28.727999999999998,24
52200,28.727999999999998,24
52300,28.727999999999998,24
52400,28.727999999999998,24
52500,28.727999999999998,24
52600,28.727999999999998,24
52700,28.727999999999998,24
52800,28.727999999999998,24
52900,28.727999999999998,24
53000,28.727999999999998,24
53100,28.727999999999998,24
53200,28.727999999999998,24
53300,28.727999999999998,24
53400,28.727999999999998,24
53500,28.727999999999998,24
53600,28.727999999999998,24
53700,28.727999999999998,24
53800,28.727999999999998,24
53900,28.727999999999998,24
54000,28.727999999999998,24
54100,28.727999999999998,24
54200,28.727999999999998,24
54300,28.727999999999998,24
54400,28.727999999999998,24
54500,28.656,23.8
54600,28.656,23.8
54700,28.656,23.8
54800,28.656,23.8
54900,28.656,23.8
55000,28.656,23.8
55100,28.656,23.8
55200,28.656,23.8
55300,28.656,23.8
55400,28.656,23.8
55500,28.656,23.8
55600,28.656,23.8
55700,28.656,23.8
55800,28.656,23.8
55900,28.656,23.8
56000,28.656,23.8
56100,28.656,23.8
56200,28.656,23.8
56300,28.656,23.8
56400,28.656,23.8
56500,28.2,23.8
56600,28.2,23.8
56700,28.2,23.8
56800,28.2,23.8
56900,27.728,23.8
57000,27.728,23.8
57100,27.728,23.8
57200,27.727999999999998,23.8
57300,27.727999999999998,23.8
57400,27.727999999999998,23.8
57500,27.727999999999998,23.8
57600,27.727999999999998,23.8
57700,27.176000000000005,23.8
57800,27.176000000000005,23.8
57900,27.176000000000005,23.8
58000,27.144,23.8
58100,27.144,23.8
58200,27.144,23.8
58300,27.144,23.8
58400,27.144,23.8
58500,27.144,23.8
58600,27.144,23.8
58700,27.144,23.8
58800,27.144,23.8
58900,27.144,23.8
59000,27.144,23.8
59100,27.144,23.8
59200,27.144,23.8
59300,27.144,23.8
59400,27.144,23.8
59500,27.144,23.8
59600,27.144,23.8
59700,27.144,23.8
59800,27.144,23.8
59900,27.144,23.8
60000,27.144,23.8
60100,27.144,23.8
60200,27.144,23.8
60300,27.144,23.8
60400,27.144,23.8
60500,27.144,23.8
60600,27.144,23.8
60700,27.144,23.8
60800,27.144,23.8
60900,27.144,23.8
61000,27.144,23.8
61100,27.040000000000003,24
61200,27.040000000000003,24
61300,27.040000000000003,24
61400,27.040000000000003,24
61500,27.040000000000003,24
61600,26.936,24.2
61700,26.936,24.2
61800,26.936,24.2
61900,26.936,24.2
62000,26.936,24.2
62100,26.936,24.2
62200,26.936,24.2
62300,26.936,24.2
62400,26.936,24.2
62500,26.936,24.2
62600,26.936,24.2
62700,26.936,24.2
62800,26.936,24.2
62900,26.936,24.2
63000,26.936,24.2
63100,26.936,24.2
63200,26.936,24.2
63300,26.936,24.2
63400,26.936,24.2
63500,26.936,24.2
63600,26.936,24.2
63700,26.936,24.2
63800,26.936,24.2
63900,26.936,24.2
64000,26.936,24.2
64100,26.936,24.2
64200,26.936,24.2
64300,26.936,24.2
64400,26.936,24.2
64500,26.936,24.2
64600,26.936,24.2
64700,26.936,24.2
64800,26.936,24.2
64900,26.936,24.2
65000,26.936,24.2
65100,26.936,24.2
65200,26.936,24.2
65300,26.936,24.2
65400,26.936,24.2
65500,26.936,24.2
65600,26.936,24.2
65700,26.936,24.2
65800,26.936,24.2
65900,26.936,24.2
66000,26.936,24.2
66100,26.927999999999997,24.2
66200,26.927999999999997,24.2
66300,26.927999999999997,24.2
66400,26.927999999999997,24.2
66500,26.927999999999997,24.2
66600,26.927999999999997,24.2
66700,26.927999999999997,24.2
66800,26.927999999999997,24.2
66900,26.927999999999997,24.2
67000,26.927999999999997,24.2
67100,26.927999999999997,24.2
67200,26.927999999999997,24.2
67300,26.927999999999997,24.2
67400,26.927999999999997,24.2
67500,26.927999999999997,24.2
67600,26.927999999999997,24.2
67700,26.927999999999997,24.2
67800,26.927999999999997,24.2
67900,26.927999999999997,24.2
68000,26.927999999999997,24.2
68100,26.927999999999997,24.2
68200,26.927999999999997,24.2
68300,26.927999999999997,24.2
68400,26.927999999999997,24.2
68500,26.927999999999997,24.2
68600,26.927999999999997,24.2
68700,26.927999999999997,24.2
68800,26.927999999999997,24.2
68900,26.927999999999997,24.2
69000,26.927999999999997,24.2
69100,26.927999999999997,24.2
69200,26.927999999999997,24.2
69300,26.927999999999997,24.2
69400,26.927999999999997,24.2
69500,26.927999999999997,24.2
69600,26.927999999999997,24.2
69700,26.927999999999997,24.2
69800,26.927999999999997,24.2
69900,26.927999999999997,24.2
70000,26.927999999999997,24.2
70100,26.927999999999997,24.2
70200,26.927999999999997,24.2
70300,26.927999999999997,24.2
70400,26.927999999999997,24.2
70500,26.927999999999997,24.2
70600,26.927999999999997,24.2
70700,26.927999999999997,24.2
70800,26.927999999999997,24.2
70900,26.927999999999997,24.2
71000,26.927999999999997,24.2
71100,26.927999999999997,24.2
71200,26.927999999999997,24.2
71300,26.927999999999997,24.2
71400,26.927999999999997,24.2
71500,26.927999999999997,24.2
71600,26.927999999999997,24.2
71700,26.927999999999997,24.2
71800,26.927999999999997,24.2
71900,26.927999999999997,24.2
72000,26.927999999999997,24.2
72100,26.927999999999997,24.2
72200,26.927999999999997,24.2
72300,26.927999999999997,24.2
72400,26.927999999999997,24.2
72500,26.927999999999997,24.2
72600,26.927999999999997,24.2
72700,26.927999999999997,24.2
72800,26.927999999999997,24.2
72900,26.927999999999997,24.2
73000,26.927999999999997,24.2
73100,26.927999999999997,24.2
73200,26.927999999999997,24.2
73300,26.927999999999997,24.2
73400,26.927999999999997,24.2
73500,26.927999999999997,24.2
73600,26.927999999999997,24.2
73700,26.927999999999997,24.2
73800,26.927999999999997,24.2
73900,26.927999999999997,24.2
74000,26.927999999999997,24.2
74100,26.927999999999997,24.2
74200,26.927999999999997,24.2
74300,26.927999999999997,24.2
74400,26.927999999999997,24.2
74500,26.927999999999997,24.2
74600,26.927999999999997,24.2
74700,26.927999999999997,24.2
74800,26.927999999999997,24.2
74900,26.927999999999997,24.2
75000,26.927999999999997,24.2
75100,26.927999999999997,24.2
75200,26.927999999999997,24.2
75300,26.927999999999997,24.2
75400,26.927999999999997,24.2
75500,26.927999999999997,24.2
75600,26.927999999999997,24.2
75700,26.927999999999997,24.2
75800,26.927999999999997,24.2
75900,26.927999999999997,24.2
76000,26.927999999999997,24.2
76100,26.927999999999997,24.2
76200,26.808,24.2
76300,26.808,24.2
76400,26.808,24.2
76500,26.808,24.2
76600,26.808,24.2
76700,26.808,24.2
76800,26.808,24.2
76900,26.808,24.2
77000,26.808,24.2
77100,26.808,24.2
77200,26.808,24.2
77300,26.808,24.2
77400,26.808,24.2
77500,26.808,24.2
77600,26.808,24.2
77700,26.808,24.2
77800,26.808,24.2
77900,26.808,24.2
78000,26.808,24.2
78100,26.808,24.2
78200,26.808,24.2
78300,26.808,24.2
78400,26.808,24.2
78500,26.808,24.2
78600,26.808,24.2
78700,26.808,24.2
78800,26.808,24.2
78900,26.808,24.2
79000,26.808,24.2
79100,26.808,24.2
79200,26.808,24.2
79300,26.808,24.2
79400,26.808,24.2
79500,26.808,24.2
79600,26.808,24.2
79700,26.808,24.2
79800,26.808,24.2
79900,26.808,24.2
80000,26.808,24.2
80100,26.808,24.2
80200,26.808,24.2
80300,26.808,24.2
80400,26.808,24.2
80500,26.808,24.2
80600,26.808,24.2
80700,26.808,24.2
80800,26.808,24.2
80900,26.808,24.2
81000,26.808,24.2
81100,26.808,24.2
81200,26.808,24.2
81300,26.72,23.8
81400,26.72,23.8
81500,26.72,23.8
81600,26.72,23.8
81700,26.72,23.8
81800,26.72,23.8
81900,26.72,23.8
82000,26.72,23.8
82100,26.72,23.8
82200,26.72,23.8
82300,26.503999999999998,23.8
82400,26.503999999999998,23.8
82500,26.503999999999998,23.8
82600,26.503999999999998,23.8
82700,26.503999999999998,23.8
82800,26.503999999999998,23.8
82900,26.503999999999998,23.8
83000,26.503999999999998,23.8
83100,26.368000000000002,23.8
83200,26.368000000000002,23.8
83300,26.368000000000002,23.8
83400,26.368000000000002,23.8
83500,26.359999999999996,23.8
83600,26.359999999999996,23.8
83700,26.359999999999996,23.8
83800,26.359999999999996,23.8
83900,26.359999999999996,23.8
84000,26.359999999999996,23.8
84100,26.359999999999996,23.8
84200,26.359999999999996,23.8
84300,26.359999999999996,23.8
84400,26.359999999999996,23.8
84500,26.359999999999996,23.8
84600,26.359999999999996,23.8
84700,26.359999999999996,23.8
84800,26.359999999999996,23.8
84900,26.359999999999996,23.8
85000,26.359999999999996,23.8
85100,26.359999999999996,23.8
85200,26.359999999999996,23.8
85300,26.359999999999996,23.8
85400,26.359999999999996,23.8
85500,26.359999999999996,23.8
85600,26.359999999999996,23.8
85700,26.359999999999996,23.8
85800,26.359999999999996,23.8
85900,26.359999999999996,23.8
86000,26.359999999999996,23.8
86100,26.359999999999996,23.8
86200,26.359999999999996,23.8
86300,26.359999999999996,23.8
86400,26.359999999999996,23.8
86500,26.359999999999996,23.8
86600,26.359999999999996,23.8
86700,26.359999999999996,23.8
86800,26.359999999999996,23.8
86900,26.359999999999996,23.8
87000,26.359999999999996,23.8
87100,26.359999999999996,23.8
87200,26.359999999999996,23.8
87300,26.359999999999996,23.8
87400,26.359999999999996,23.8
87500,26.359999999999996,23.8
87600,26.359999999999996,23.8
87700,26.359999999999996,23.8
87800,26.359999999999996,23.8
87900,26.359999999999996,23.8
88000,26.359999999999996,23.8
88100,26.359999999999996,23.8
88200,26.359999999999996,23.8
88300,26.359999999999996,23.8
88400,26.359999999999996,23.8
88500,26.359999999999996,23.8
88600,26.359999999999996,23.8
88700,26.359999999999996,23.8
88800,26.359999999999996,23.8
88900,26.359999999999996,23.8
89000,26.359999999999996,23.8
89100,26.359999999999996,23.8
89200,26.359999999999996,23.8
89300,26.359999999999996,23.8
89400,26.359999999999996,23.8
89500,26.359999999999996,23.8
89600,26.359999999999996,23.8
89700,26.359999999999996,23.8
89800,26.359999999999996,23.8
89900,26.359999999999996,23.8
90000,26.359999999999996,23.8
90100,26.359999999999996,23.8
90200,26.359999999999996,23.8
90300,26.359999999999996,23.8
90400,26.359999999999996,23.8
90500,26.359999999999996,23.8
90600,26.359999999999996,23.8
90700,26.359999999999996,23.8
90800,26.359999999999996,23.8
90900,26.359999999999996,23.8
91000,26.359999999999996,23.8
91100,26.359999999999996,23.8
91200,26.359999999999996,23.8
91300,26.359999999999996,23.8
91400,26.359999999999996,23.8
91500,26.351999999999997,23.8
91600,26.351999999999997,23.8
91700,26.351999999999997,23.8
91800,26.351999999999997,23.8
91900,26.351999999999997,23.8
92000,26.351999999999997,23.8
92100,26.351999999999997,23.8
92200,26.351999999999997,23.8
92300,26.351999999999997,23.8
92400,26.351999999999997,23.8
92500,26.351999999999997,23.8
92600,26.351999999999997,23.8
92700,26.351999999999997,23.8
92800,26.351999999999997,23.8
92900,26.351999999999997,23.8
93000,26.351999999999997,23.8
93100,26.351999999999997,23.8
93200,26.351999999999997,23.8
93300,26.351999999999997,23.8
93400,26.351999999999997,23.8
93500,26.351999999999997,23.8
93600,26.351999999999997,23.8
93700,26.351999999999997,23.8
93800,26.351999999999997,23.8
93900,26.351999999999997,23.8
94000,26.351999999999997,23.8
94100,26.351999999999997,23.8
94200,26.351999999999997,23.8
94300,26.351999999999997,23.8
94400,26.351999999999997,23.8
94500,26.351999999999997,23.8
94600,26.351999999999997,23.8
94700,26.351999999999997,23.8
94800,26.351999999999997,23.8
94900,26.351999999999997,23.8
95000,26.351999999999997,23.8
95100,26.351999999999997,23.8
95200,26.351999999999997,23.8
95300,26.351999999999997,23.8
95400,26.24,23.8
95500,26.24,23.8
95600,26.24,23.8
95700,26.24,23.8
95800,26.24,23.8
95900,26.24,23.8
96000,26.24,23.8
96100,26.24,23.8
96200,26.24,23.8
96300,26.24,23.8
96400,26.24,23.8
96500,26.24,23.8
96600,26.24,23.8
96700,26.24,23.8
96800,26.24,23.8
96900,26.24,23.8
97000,26.24,23.8
97100,26.24,23.8
97200,26.24,23.8
97300,26.24,23.8
97400,26.24,23.8
97500,26.24,23.8
97600,26.24,23.8
97700,26.24,23.8
97800,26.24,23.8
97900,26.24,23.8
98000,26.24,23.8
98100,26.24,23.8
98200,26.24,23.8
98300,26.24,23.8
98400,26.24,23.8
98500,26.24,23.8
98600,26.24,23.8
98700,26.24,23.8
98800,26.24,23.8
98900,26.24,23.8
99000,26.24,23.8
99100,26.24,23.8
99200,26.24,23.8
99300,26.24,23.8
99400,26.24,23.8
99500,26.24,23.8
99600,26.24,23.8
99700,26.24,23.8
99800,26.24,23.8
99900,26.24,23.8
100000,26.24,23.8
100100,26.24,23.8
100200,26.24,23.8
100300,26.24,23.8
100400,26.24,23.8
100500,26.24,23.8
100600,26.24,23.8
100700,26.24,23.8
100800,26.24,23.8
100900,26.24,23.8
101000,26.24,23.8
101100,26.24,23.8
101200,26.24,23.8
101300,26.24,23.8
101400,26.24,23.8
101500,26.24,23.8
101600,26.24,23.8
101700,26.24,23.8
101800,26.24,23.8
101900,26.24,23.8
102000,26.24,23.8
102100,26.24,23.8
102200,26.24,23.8
102300,26.24,23.8
102400,26.24,23.8
102500,26.24,23.8
102600,26.24,23.8
102700,26.24,23.8
102800,26.24,23.8
102900,26.24,23.8
103000,26.24,23.8
103100,26.24,23.8
103200,26.24,23.8
103300,26.24,23.8
103400,26.2,23.6
103500,26.2,23.6
103600,26.2,23.6
103700,26.2,23.6
103800,26.2,23.6
103900,26.2,23.6
104000,26.2,23.6
104100,26.2,23.6
104200,26.2,23.6
104300,26.2,23.6
104400,26.2,23.6
104500,26.2,23.6
104600,26.2,23.6
104700,26.2,23.6
104800,26.2,23.6
104900,26.2,23.6
105000,26.2,23.6
105100,26.2,23.6
105200,26.2,23.6
105300,26.2,23.6
105400,26.2,23.6
105500,26.2,23.6
105600,26.2,23.6
105700,26.2,23.6
105800,26.2,23.6
105900,26.2,23.6
106000,26.2,23.6
106100,25.8,23.8
106200,25.8,23.8
106300,25.8,23.8
106400,25.8,23.8
106500,25.8,23.8
106600,25.8,23.8
106700,25.8,23.8
106800,25.8,23.8
106900,25.8,23.8
107000,25.8,23.8
107100,25.8,23.8
107200,25.8,23.8
107300,25.8,23.8
107400,25.8,23.8
107500,25.8,23.8
107600,25.8,23.8
107700,25.8,23.8
107800,25.8,23.8
107900,25.8,23.8
108000,25.76,24
108100,25.76,24
108200,25.76,24
108300,25.76,24
108400,25.76,24
108500,25.76,24
108600,25.76,24
108700,25.76,24
108800,25.68,24
108900,25.68,24
109000,25.68,24
109100,25.68,24
109200,25.68,24
109300,25.68,24
109400,25.68,24
109500,25.68,24
109600,25.672000000000004,24.2
109700,25.672000000000004,24.2
109800,25.672000000000004,24.2
109900,25.672000000000004,24.2
110000,25.672000000000004,24.2
110100,25.672000000000004,24.2
110200,25.672000000000004,24.2
110300,25.672000000000004,24.2
110400,25.672000000000004,24.2
110500,25.672000000000004,24.2
110600,25.672000000000004,24.2
110700,25.672000000000004,24.2
110800,25.672000000000004,24.2
110900,25.672000000000004,24.2
111000,25.672000000000004,24.2
111100,25.672000000000004,24.2
111200,25.672000000000004,24.2
111300,25.672000000000004,24.2
111400,25.672000000000004,24.2
111500,25.672000000000004,24.2
111600,25.672000000000004,24.2
111700,25.672000000000004,24.2
111800,25.672000000000004,24.2
111900,25.672000000000004,24.2
112000,25.672000000000004,24.2
112100,25.672000000000004,24.2
112200,25.672000000000004,24.2
112300,25.672000000000004,24.2
112400,25.672000000000004,24.2
112500,25.672000000000004,24.2
112600,25.672000000000004,24.2
112700,25.672000000000004,24.2
112800,25.672000000000004,24.2
112900,25.672000000000004,24.2
113000,25.672000000000004,24.2
113100,25.672000000000004,24.2
113200,25.672000000000004,24.2
113300,25.672000000000004,24.2
113400,25.672000000000004,24.2
113500,25.672000000000004,24.2
113600,25.672000000000004,24.2
113700,25.672000000000004,24.2
113800,25.672000000000004,24.2
113900,25.672000000000004,24.2
114000,25.672000000000004,24.2
114100,25.672000000000004,24.2
114200,25.672000000000004,24.2
114300,25.672000000000004,24.2
114400,25.672000000000004,24.2
114500,25.672000000000004,24.2
114600,25.672000000000004,24.2
114700,25.672000000000004,24.2
114800,25.672000000000004,24.2
114900,25.672000000000004,24.2
115000,25.672000000000004,24.2
115100,25.672000000000004,24.2
115200,25.672000000000004,24.2
115300,25.672000000000004,24.2
115400,25.672000000000004,24.2
115500,25.672000000000004,24.2
115600,25.672000000000004,24.2
115700,25.672000000000004,24.2
115800,25.672000000000004,24.2
115900,25.672000000000004,24.2
116000,25.672000000000004,24.2
116100,25.536,24.2
116200,25.536,24.2
116300,25.536,24.2
116400,25.536,24.2
116500,25.536,24.2
116600,25.536,24.2
116700,25.536,24.2
116800,25.536,24.2
116900,25.536,24.2
117000,25.536,24.2
117100,25.536,24.2
117200,25.536,24.2
117300,25.536,24.2
117400,25.536,24.2
117500,25.536,24.2
117600,25.536,24.2
117700,25.536,24.2
117800,25.536,24.2
117900,25.536,24.2
118000,25.536,24.2
118100,25.536,24.2
118200,25.536,24.2
118300,25.536,24.2
118400,25.536,24.2
118500,25.536,24.2
118600,25.536,24.2
118700,25.536,24.2
118800,25.536,24.2
118900,25.536,24.2
119000,25.536,24.2
119100,25.536,24.2
119200,25.536,24.2
119300,25.536,24.2
119400,25.536,24.2
119500,25.536,24.2
119600,25.536,24.2
119700,25.536,24.2
119800,25.536,24.2
119900,25.536,24.2
120000,25.536,24.2
120100,25.536,24.2
120200,25.536,24.2
120300,25.536,24.2
120400,25.536,24.2
120500,25.536,24.2
120600,25.536,24.2
120700,25.536,24.2
120800,25.536,24.2
120900,25.536,24.2
121000,25.536,24.2
121100,25.536,24.2
121200,25.536,24.2
121300,25.536,24.2
121400,25.536,24.2
121500,25.536,24.2
121600,25.536,24.2
121700,25.536,24.2
121800,25.536,24.2
121900,25.536,24.2
122000,25.536,24.2
122100,25.536,24.2
122200,25.536,24.2
122300,25.536,24.2
122400,25.536,24.2
122500,25.536,24.2
122600,25.536,24.2
122700,25.536,24.2
122800,25.424,24.2
122900,25.424,24.2
123000,25.424,24.2
123100,25.424,24.2
123200,25.424,24.2
123300,25.424,24.2
123400,25.424,24.2
123500,25.424,24.2
123600,25.424,24.2
123700,25.424,24.2
123800,25.424,24.2
123900,25.424,24.2
124000,25.424,24.2
124100,25.424,24.2
124200,25.424,24.2
124300,25.424,24.2
124400,25.424,24.2
124500,25.424,24.2
124600,25.424,24.2
124700,25.424,24.2
124800,25.424,24.2
124900,25.424,24.2
125000,25.424,24.2
125100,25.424,24.2
125200,25.424,24.2
125300,25.424,24.2
125400,25.424,24.2
125500,25.424,24.2
125600,25.424,24.2
125700,25.424,24.2
125800,25.424,24.2
125900,25.424,24.2
126000,25.424,24.2
126100,25.424,24.2
126200,25.424,24.2
126300,25.424,24.2
126400,25.424,24.2
126500,25.424,24.2
126600,25.424,24.2
126700,25.424,24.2
126800,25.424,24.2
126900,25.424,24.2
127000,25.424,24.2
127100,25.424,24.2
127200,25.424,24.2
127300,25.424,24.2
127400,25.424,24.2
127500,25.424,24.2
127600,25.424,24.2
127700,25.424,24.2
127800,25.424,24.2
127900,25.424,24.2
128000,25.424,24.2
128100,25.424,24.2
128200,25.424,24.2
128300,25.392000000000003,24.2
128400,25.392000000000003,24.2
128500,25.392000000000003,24.2
128600,25.392000000000003,24.2
128700,25.392000000000003,24.2
128800,25.392000000000003,24.2
128900,25.392000000000003,24.2
129000,25.392000000000003,24.2
129100,25.392000000000003,24.2
129200,25.392000000000003,24.2
129300,25.392000000000003,24.2
129400,25.392000000000003,24.2
129500,25.392000000000003,24.2
129600,25.272000000000002,24.2
129700,25.272000000000002,24.2
129800,24.424,24.2
129900,22.6,24.2
130000,21.439999999999998,24.2
130100,21.439999999999998,24.2
130200,21.439999999999998,24.2
130300,21.439999999999998,24.2
130400,20.96,24.2
130500,20.96,24.2
130600,20.96,24.2
130700,20.96,24.2
130800,20.96,24.2
130900,20.96,24.2
131000,20.96,24.2
131100,20.96,24.2
131200,20.96,24.2
131300,20.264,24.2
131400,20.264,24.2
131500,19.344,24.2
131600,19.344,24.2
131700,19.344,24.2
131800,19.344,24.2
131900,19.344,24.2
132000,19.344,24.2
132100,19.256,24.2
132200,19.256,24.2
132300,19.256,24.2
132400,19.256,24.2
132500,19.184000000000005,24.2
132600,19.184000000000005,24.2
132700,19.184000000000005,24.2
132800,19.184000000000005,24.2
132900,19.184000000000005,24.2
133000,19.184000000000005,24.2
133100,19.184000000000005,24.2
133200,19.184000000000005,24.2
133300,19.184000000000005,24.2
133400,19.184000000000005,24.2
133500,18.872000000000003,24.2
133600,18.592000000000002,24.2
133700,18.592000000000002,24.2
133800,18.384,24.2
133900,18.360000000000003,24.2
134000,18.360000000000003,24.2
134100,18.360000000000003,24.2
134200,18.360000000000003,24.2
134300,18.360000000000003,24.2
134400,18.360000000000003,24.2
134500,18.360000000000003,24.2
134600,18.360000000000003,24.2
134700,18.344,24.2
134800,18.344,24.2
134900,18.344,24.2
135000,18.344,24.2
135100,18.16,24.2
135200,17.728,24.2
135300,17.496000000000002,24.2
135400,17.496000000000002,24.2
135500,17.496000000000002,24.2
135600,17.496000000000002,24.2
135700,17.496000000000002,24.2
135800,17.496000000000002,24.2
135900,17.496000000000002,24.2
136000,17.496000000000002,24.2
136100,17.496000000000002,24.2
136200,17.496000000000002,24.2
136300,17.496000000000002,24.2
136400,17.496000000000002,24.2
136500,17.496000000000002,24.2
136600,17.496000000000002,24.2
136700,17.496000000000002,24.2
136800,17.496000000000002,24.2
136900,17.496000000000002,24.2
137000,17.496000000000002,24.2
137100,17.496000000000002,24.2
137200,17.496000000000002,24.2
137300,17.496000000000002,24.2
137400,17.496000000000002,24.2
137500,17.496000000000002,24.2
137600,17.496000000000002,24.2
137700,17.496000000000002,24.2
137800,17.496000000000002,24.2
137900,17.496000000000002,24.2
138000,17.496000000000002,24.2
138100,17.496000000000002,24.2
138200,17.496000000000002,24.2
138300,17.496000000000002,24.2
138400,17.496000000000002,24.2
138500,17.496000000000002,24.2
138600,17.496000000000002,24.2
138700,17.496000000000002,24.2
138800,17.496000000000002,24.2
138900,17.496000000000002,24.2
139000,17.496000000000002,24.2
139100,17.496000000000002,24.2
139200,17.496000000000002,24.2
139300,17.496000000000002,24.2
139400,17.496000000000002,24.2
139500,17.496000000000002,24.2
139600,17.496000000000002,24.2
139700,17.496000000000002,24.2
139800,17.496000000000002,24.2
139900,17.496000000000002,24.2
140000,17.496000000000002,24.2
140100,17.496000000000002,24.2
140200,17.496000000000002,24.2
140300,17.496000000000002,24.2
140400,17.496000000000002,24.2
140500,17.496000000000002,24.2
140600,17.496000000000002,24.2
140700,17.496000000000002,24.2
140800,17.496000000000002,24.2
140900,17.496000000000002,24.2
141000,17.496000000000002,24.2
141100,17.496000000000002,24.2
141200,17.496000000000002,24.2
141300,17.496000000000002,24.2
141400,17.496000000000002,24.2
141500,17.496000000000002,24.2
141600,17.496000000000002,24.2
141700,17.496000000000002,24.2
141800,17.496000000000002,24.2
141900,17.496000000000002,24.2
142000,17.496000000000002,24.2
142100,17.496000000000002,24.2
142200,17.496000000000002,24.2
142300,17.496000000000002,24.2
142400,17.496000000000002,24.2
142500,17.496000000000002,24.2
142600,17.496000000000002,24.2
142700,17.496000000000002,24.2
142800,17.496000000000002,24.2
142900,17.496000000000002,24.2
143000,17.496000000000002,24.2
143100,17.496000000000002,24.2
143200,17.496000000000002,24.2
143300,17.496000000000002,24.2
143400,17.496000000000002,24.2
143500,17.496000000000002,24.2
143600,17.496000000000002,24.2
143700,17.496000000000002,24.2
143800,17.496000000000002,24.2
143900,17.496000000000002,24.2
144000,17.496000000000002,24.2
144100,17.496000000000002,24.2
144200,17.496000000000002,24.2
144300,17.496000000000002,24.2
144400,17.496000000000002,24.2
144500,17.496000000000002,24.2
144600,17.496000000000002,24.2
144700,17.496000000000002,24.2
144800,17.496000000000002,24.2
144900,17.496000000000002,24.2
145000,17.496000000000002,24.2
145100,17.496000000000002,24.2
145200,17.496000000000002,24.2
145300,17.496000000000002,24.2
145400,17.496000000000002,24.2
145500,17.496000000000002,24.2
145600,17.496000000000002,24.2
145700,17.496000000000002,24.2
145800,17.496000000000002,24.2
145900,17.496000000000002,24.2
146000,17.496000000000002,24.2
146100,17.496000000000002,24.2
146200,17.496000000000002,24.2
146300,17.496000000000002,24.2
146400,17.496000000000002,24.2
146500,17.496000000000002,24.2
146600,17.496000000000002,24.2
146700,17.496000000000002,24.2
146800,17.496000000000002,24.2
146900,17.496000000000002,24.2
147000,17.496000000000002,24.2
147100,17.496000000000002,24.2
147200,17.496000000000002,24.2
147300,17.496000000000002,24.2
147400,17.496000000000002,24.2
147500,17.496000000000002,24.2
147600,17.496000000000002,24.2
147700,17.496000000000002,24.2
147800,17.496000000000002,24.2
147900,17.496000000000002,24.2
148000,17.496000000000002,24.2
148100,17.496000000000002,24.2
148200,17.496000000000002,24.2
148300,17.496000000000002,24.2
148400,17.496000000000002,24.2
148500,17.496000000000002,24.2
148600,17.496000000000002,24.2
148700,17.496000000000002,24.2
148800,17.496000000000002,24.2
148900,17.496000000000002,24.2
149000,17.496000000000002,24.2
149100,17.496000000000002,24.2
149200,17.496000000000002,24.2
149300,17.496000000000002,24.2
149400,17.496000000000002,24.2
149500,17.496000000000002,24.2
149600,17.496000000000002,24.2
149700,17.496000000000002,24.2
149800,17.496000000000002,24.2
149900,17.496000000000002,24.2
150000,17.496000000000002,24.2
150100,17.496000000000002,24.2
150200,17.496000000000002,24.2
150300,17.496000000000002,24.2
150400,17.496000000000002,24.2
150500,17.496000000000002,24.2
150600,17.496000000000002,24.2
150700,17.496000000000002,24.2
150800,17.496000000000002,24.2
150900,17.496000000000002,24.2
151000,17.496000000000002,24.2
151100,17.496000000000002,24.2
151200,17.496000000000002,24.2
151300,17.496000000000002,24.2
151400,17.496000000000002,24.2
151500,17.496000000000002,24.2
151600,17.496000000000002,24.2
151700,17.496000000000002,24.2
151800,17.496000000000002,24.2
151900,17.496000000000002,24.2
152000,17.496000000000002,24.2
152100,17.496000000000002,24.2
152200,17.496000000000002,24.2
152300,17.496000000000002,24.2
152400,17.496000000000002,24.2
152500,17.496000000000002,24.2
152600,17.496000000000002,24.2
152700,17.496000000000002,24.2
152800,17.496000000000002,24.2
152900,17.496000000000002,24.2
153000,17.496000000000002,24.2
153100,17.496000000000002,24.2
153200,17.496000000000002,24.2
153300,17.496000000000002,24.2
153400,17.496000000000002,24.2
153500,17.496000000000002,24.2
153600,17.496000000000002,24.2
153700,17.496000000000002,24.2
153800,17.496000000000002,24.2
153900,17.496000000000002,24.2
154000,17.496000000000002,24.2
154100,17.496000000000002,24.2
154200,17.496000000000002,24.2
154300,17.496000000000002,24.2
154400,17.496000000000002,24.2
154500,17.496000000000002,24.2
154600,17.496000000000002,24.2
154700,17.496000000000002,24.2
154800,17.496000000000002,24.2
154900,17.496000000000002,24.2
155000,17.496000000000002,24.2
155100,17.496000000000002,24.2
155200,17.496000000000002,24.2
155300,17.496000000000002,24.2
155400,17.496000000000002,24.2
155500,17.344,24.2
155600,17.344,24.2
155700,17.344,24.2
155800,17.344,24.2
155900,17.344,24.2
156000,17.344,24.2
156100,17.344,24.2
156200,17.344,24.2
156300,17.344,24.2
156400,17.344,24.2
156500,17.16,24.2
156600,17.16,24.2
156700,17.16,24.2
156800,17.16,24.2
156900,17.16,24.2
157000,17.16,24.2
157100,17.16,24.2
157200,17.16,24.2
157300,17.16,24.2
157400,17.16,24.2
157500,17.16,24.2
157600,17.16,24.2
157700,17.16,24.2
157800,17.16,24.2
157900,17.16,24.2
158000,17.16,24.2
158100,17.16,24.2
158200,17.16,24.2
158300,17.16,24.2
158400,17.16,24.2
158500,17.16,24.2
158600,17.16,24.2
158700,17.16,24.2
158800,17.16,24.2
158900,17.16,24.2
159000,17.16,24.2
159100,17.16,24.2
159200,17.16,24.2
159300,17.16,24.2
159400,17.16,24.2
159500,17.16,24.2
159600,17.16,24.2
159700,17.16,24.2
159800,17.16,24.2
159900,17.16,24.2
160000,17.16,24.2
160100,17.16,24.2
160200,17.16,24.2
160300,17.16,24.2
160400,17.16,24.2
160500,17.16,24.2
160600,17.16,24.2
160700,17.16,24.2
160800,17.16,24.2
160900,17.16,24.2
161000,17.16,24.2
161100,17.16,24.2
161200,17.16,24.2
161300,17.16,24.2
161400,17.16,24.2
161500,17.16,24.2
161600,17.16,24.2
161700,17.16,24.2
161800,17.16,24.2
161900,17.16,24.2
162000,17.16,24.2
162100,17.16,24.2
162200,17.16,24.2
162300,17.16,24.2
162400,17.16,24.2
162500,17.16,24.2
162600,17.16,24.2
162700,17.16,24.2
162800,17.16,24.2
162900,17.16,24.2
163000,17.16,24.2
163100,17.16,24.2
163200,17.16,24.2
163300,17.095999999999997,24.2
163400,17.095999999999997,24.2
163500,17.095999999999997,24.2
163600,17.095999999999997,24.2
163700,16.624000000000002,24
163800,16.624000000000002,24
163900,16.624000000000002,24
164000,16.624000000000002,24
164100,16.624000000000002,24
164200,16.624000000000002,24
164300,16.624000000000002,24
164400,16.624000000000002,24
164500,16.624000000000002,24
164600,16.624000000000002,24
164700,16.624000000000002,24
164800,16.624000000000002,24
164900,16.624000000000002,24
165000,16.624000000000002,24
165100,16.624000000000002,24
165200,16.624000000000002,24
165300,16.624000000000002,24
165400,16.624000000000002,24
165500,16.624000000000002,24
165600,16.624000000000002,24
165700,16.624000000000002,24
165800,16.624000000000002,24
165900,16.624000000000002,24
166000,16.624000000000002,24
166100,16.624000000000002,24
166200,16.624000000000002,24
166300,16.624000000000002,24
166400,16.624000000000002,24
166500,16.624000000000002,24
166600,16.624000000000002,24
166700,16.624000000000002,24
166800,16.624000000000002,24
166900,16.624000000000002,24
167000,16.624000000000002,24
167100,16.624000000000002,24
167200,16.624000000000002,24
167300,16.624000000000002,24
167400,16.624000000000002,24
167500,16.624000000000002,24
167600,16.624000000000002,24
167700,16.624000000000002,24
167800,16.624000000000002,24
167900,16.624000000000002,24
168000,16.624000000000002,24
168100,16.624000000000002,24
168200,16.624000000000002,24
168300,16.624000000000002,24
168400,16.624000000000002,24
168500,16.624000000000002,24
168600,16.624000000000002,24
168700,16.624000000000002,24
168800,16.624000000000002,24
168900,16.624000000000002,24
169000,16.624000000000002,24
169100,16.624000000000002,24
169200,16.624000000000002,24
169300,16.624000000000002,24
169400,16.624000000000002,24
169500,16.624000000000002,24
169600,16.624000000000002,24
169700,16.624000000000002,24
169800,16.624000000000002,24
169900,16.624000000000002,24
170000,16.624000000000002,24
170100,16.624000000000002,24
170200,16.624000000000002,24
170300,16.624000000000002,24
170400,16.624000000000002,24
170500,16.624000000000002,24
170600,16.624000000000002,24
170700,16.624000000000002,24
170800,16.624000000000002,24
170900,16.624000000000002,24
171000,16.624000000000002,24
171100,16.624000000000002,24
171200,16.624000000000002,24
171300,16.624000000000002,24
171400,16.624000000000002,24
171500,16.624000000000002,24
171600,16.624000000000002,24
171700,16.624000000000002,24
171800,16.624000000000002,24
171900,16.624000000000002,24
172000,16.624000000000002,24
172100,16.624000000000002,24
172200,16.624000000000002,24
172300,16.624000000000002,24
172400,16.624000000000002,24
172500,16.624000000000002,24
172600,16.624000000000002,24
172700,16.624000000000002,24
172800,16.624000000000002,24
172900,16.624000000000002,24
173000,16.624000000000002,24
173100,16.624000000000002,24
173200,16.624000000000002,24
173300,16.624000000000002,24
173400,16.624000000000002,24
173500,16.624000000000002,24
173600,16.624000000000002,24
173700,16.624000000000002,24
173800,16.624000000000002,24
173900,16.624000000000002,24
174000,16.624000000000002,24
174100,16.624000000000002,24
174200,16.624000000000002,24
174300,16.624000000000002,24
174400,16.624000000000002,24
174500,16.624000000000002,24
174600,16.624000000000002,24
174700,16.624000000000002,24
174800,16.624000000000002,24
174900,16.624000000000002,24
175000,16.624000000000002,24
175100,16.624000000000002,24
175200,16.624000000000002,24
175300,16.624000000000002,24
175400,16.624000000000002,24
175500,16.624000000000002,24
175600,16.624000000000002,24
175700,16.624000000000002,24
175800,16.624000000000002,24
175900,16.624000000000002,24
176000,16.624000000000002,24
176100,16.624000000000002,24
176200,16.624000000000002,24
176300,16.624000000000002,24
176400,16.624000000000002,24
176500,16.624000000000002,24
176600,16.624000000000002,24
176700,16.624000000000002,24
176800,16.624000000000002,24
176900,16.624000000000002,24
177000,16.624000000000002,24
177100,16.624000000000002,24
177200,16.624000000000002,24
177300,16.624000000000002,24
177400,16.624000000000002,24
177500,16.624000000000002,24
177600,16.624000000000002,24
177700,16.624000000000002,24
177800,16.624000000000002,24
177900,16.624000000000002,24
178000,16.624000000000002,24
178100,16.624000000000002,24
178200,16.624000000000002,24
178300,16.624000000000002,24
178400,16.624000000000002,24
178500,16.624000000000002,24
178600,16.624000000000002,24
178700,16.624000000000002,24
178800,16.624000000000002,24
178900,16.624000000000002,24
179000,16.624000000000002,24
179100,16.624000000000002,24
179200,16.624000000000002,24
179300,16.624000000000002,24
179400,16.624000000000002,24
179500,16.624000000000002,24
179600,16.624000000000002,24
179700,16.624000000000002,24
179800,16.624000000000002,24
179900,16.624000000000002,24
180000,16.624000000000002,24
180100,16.624000000000002,24
180200,16.624000000000002,24
180300,16.624000000000002,24
180400,16.624000000000002,24
180500,16.624000000000002,24
180600,16.624000000000002,24
180700,16.624000000000002,24
180800,16.624000000000002,24
180900,16.624000000000002,24
181000,16.624000000000002,24
181100,16.624000000000002,24
181200,16.624000000000002,24
181300,16.624000000000002,24
181400,16.624000000000002,24
181500,16.624000000000002,24
181600,16.624000000000002,24
181700,16.624000000000002,24
181800,16.624000000000002,24
181900,16.624000000000002,24
182000,16.624000000000002,24
182100,16.624000000000002,24
182200,16.624000000000002,24
182300,16.624000000000002,24
182400,16.624000000000002,24
182500,16.624000000000002,24
182600,16.624000000000002,24
182700,16.624000000000002,24
182800,16.624000000000002,24
182900,16.624000000000002,24
183000,16.624000000000002,24
183100,16.624000000000002,24
183200,16.624000000000002,24
183300,16.624000000000002,24
183400,16.624000000000002,24
183500,16.624000000000002,24
183600,16.624000000000002,24
183700,16.624000000000002,24
183800,16.624000000000002,24
183900,16.624000000000002,24
184000,16.624000000000002,24
184100,16.624000000000002,24
184200,16.624000000000002,24
184300,16.624000000000002,24
184400,16.624000000000002,24
184500,16.624000000000002,24
184600,16.624000000000002,24
184700,16.624000000000002,24
184800,16.624000000000002,24
184900,16.624000000000002,24
185000,16.624000000000002,24
185100,16.624000000000002,24
185200,16.624000000000002,24
185300,16.624000000000002,24
185400,16.624000000000002,24
185500,16.624000000000002,24
185600,16.624000000000002,24
185700,16.624000000000002,24
185800,16.624000000000002,24
185900,16.624000000000002,24
186000,16.624000000000002,24
186100,16.624000000000002,24
186200,16.624000000000002,24
186300,16.624000000000002,24
186400,16.624000000000002,24
186500,16.624000000000002,24
186600,16.624000000000002,24
186700,16.624000000000002,24
186800,16.624000000000002,24
186900,16.624000000000002,24
187000,16.624000000000002,24
187100,16.624000000000002,24
187200,16.624000000000002,24
187300,16.624000000000002,24
187400,16.624000000000002,24
187500,16.624000000000002,24
187600,16.624000000000002,24
187700,16.624000000000002,24
187800,16.624000000000002,24
187900,16.624000000000002,24
188000,16.624000000000002,24
188100,16.624000000000002,24
188200,16.624000000000002,24
188300,16.624000000000002,24
188400,16.624000000000002,24
188500,16.624000000000002,24
188600,16.624000000000002,24
188700,16.624000000000002,24
188800,16.624000000000002,24
188900,16.624000000000002,24
189000,16.624000000000002,24
189100,16.624000000000002,24
189200,16.624000000000002,24
189300,16.624000000000002,24
189400,16.624000000000002,24
189500,16.624000000000002,24
189600,16.624000000000002,24
189700,16.624000000000002,24
189800,16.624000000000002,24
189900,16.624000000000002,24
190000,16.624000000000002,24
190100,16.624000000000002,24
190200,16.624000000000002,24
190300,16.624000000000002,24
190400,16.624000000000002,24
190500,16.624000000000002,24
190600,16.624000000000002,24
190700,16.624000000000002,24
190800,16.624000000000002,24
190900,16.624000000000002,24
191000,16.624000000000002,24
191100,16.624000000000002,24
191200,16.624000000000002,24
191300,16.624000000000002,24
191400,16.624000000000002,24
191500,16.624000000000002,24
191600,16.624000000000002,24
191700,16.624000000000002,24
191800,16.624000000000002,24
191900,16.624000000000002,24
192000,16.624000000000002,24
192100,16.624000000000002,24
192200,16.624000000000002,24
192300,16.624000000000002,24
192400,16.624000000000002,24
192500,16.624000000000002,24
192600,16.624000000000002,24
192700,16.624000000000002,24
192800,16.624000000000002,24
192900,16.624000000000002,24
193000,16.624000000000002,24
193100,16.624000000000002,24
193200,16.624000000000002,24
193300,16.624000000000002,24
193400,16.624000000000002,24
193500,16.624000000000002,24
193600,16.624000000000002,24
193700,16.624000000000002,24
193800,16.624000000000002,24
193900,16.624000000000002,24
194000,16.624000000000002,24
194100,16.624000000000002,24
194200,16.624000000000002,24
194300,16.624000000000002,24
194400,16.624000000000002,24
194500,16.624000000000002,24
194600,16.624000000000002,24
194700,16.624000000000002,24
194800,16.624000000000002,24
194900,16.624000000000002,24
195000,16.624000000000002,24
195100,16.624000000000002,24
195200,16.624000000000002,24
195300,16.624000000000002,24
195400,16.624000000000002,24
195500,16.624000000000002,24
195600,16.624000000000002,24
195700,16.624000000000002,24
195800,16.624000000000002,24
195900,16.624000000000002,24
196000,16.624000000000002,24
196100,16.624000000000002,24
196200,16.624000000000002,24
196300,16.624000000000002,24
196400,16.624000000000002,24
196500,16.624000000000002,24
196600,16.624000000000002,24
196700,16.624000000000002,24
196800,16.624000000000002,24
196900,16.624000000000002,24
197000,15.848000000000003,24
197100,15.848000000000003,24
197200,15.848000000000003,24
197300,15.848000000000003,24
197400,15.848000000000003,24
197500,15.848000000000003,24
197600,15.848000000000003,24
197700,15.848000000000003,24
197800,15.848000000000003,24
197900,15.848000000000003,24
198000,15.848000000000003,24
198100,15.848000000000003,24
198200,15.848000000000003,24
198300,15.848000000000003,24
198400,15.848000000000003,24
198500,15.848000000000003,24
198600,15.848000000000003,24
198700,15.848000000000003,24
198800,15.848000000000003,24
198900,15.848000000000003,24
199000,15.848000000000003,24
199100,15.848000000000003,24
199200,15.848000000000003,24
199300,15.848000000000003,24
199400,15.848000000000003,24
199500,15.848000000000003,24
199600,15.848000000000003,24
199700,15.848000000000003,24
199800,15.848000000000003,24
199900,15.848000000000003,24
199999,15.848000000000003,24

START ALGORITHM
h5: (a31 + a53 + a51 - a34) * (b52 + b55 - b11)
h6: (a34) * (b42 - b35 - b45)
h7: (a13 + a45 - a52 - a15) * (-b11 - b41)
h9: (a44 - a12) * (b41 - b32)
h13: (-a42) * (b53 + b12 - b25 - b12 - b11)
h14: (a42 - a21 - a11) * (b42 + b24 + b22)
h15: (a35) * (b43)
h17: (a21) * (b44)
h18: (a55 + a11 - a52) * (b43 + b22 + b14 + b11 - b54)
h28: (a51 + a13 + a55 - a32 - a41 - a32) * (-b31)
h29: (a54 - a21 - a11 - a24 - a13) * (-b54)
h31: (a21 + a42 - a54 - a55 - a21) * (b22 + b51 - b52 - b32 - b35)
h33: (a31 - a13) * (b43 - b53)
h37: (a33 + a23 - a31) * (-b53)
h39: (a11 - a43 - a45) * (b32 - b45)
h40: (a25 + a52) * (b43 - b24 - b33)
h41: (a55) * (b24 - b33 - b51)
h44: (a31 + a45 - a24 - a42) * (b41)
h49: (a44 - a15 - a54) * (-b53)
h57: (a43 - a32) * (b13 + b12 + b14 - b44 - b13 - b11)
h58: (a13 + a51 + a54 + a45 + a12 - a13 - a12) * (b14 + b12)
h61: (a25 - a33) * (b41 + b41)
h63: (-a44) * (b54 + b21 - b32 - b33 - b44)
h64: (a45 + a41 - a55) * (b25)
h65: (a54 + a53 + a43 - a43) * (b23 - b32)
h66: (-a55 - a45 - a44) * (b53)
h75: (a34 + a42 + a35 + a23 + a21) * (b43 + b43)
h77: (a21) * (b32 - b41 - b34 - b22)
h80: (a22) * (-b11)
h81: (a13 - a14 - a55) * (b15)
h83: (a11) * (-b22)
h87: (a32 + a43 - a21 - a21) * (b13 + b15 - b42 - b12 - b13)
h89: (a13 + a32 - a54) * (b44 + b53 + b24)
h90: (a43) * (b51 + b45 + b22 - b42)
h91: (a44) * (b12)
h92: (a13 + a11 - a44) * (b53 - b21)
h97: (a13) * (b35 + b33 + b11 - b11)
h103: (a43 - a25) * (b43 + b34 - b54 - b54 - b35)
h105: (-a21 - a23) * (b43 - b14 - b54)
h110: (-a25 - a23 - a23 - a23) * (b13 + b13 + b41 + b34 + b41 - b53)
h111: (a45) * (b52 - b52 - b24)
h114: (a32 + a53) * (b43 - b43)
h116: (-a14) * (b35 - b15 - b51 - b11)
h122: (-a11) * (b43 - b24)
h124: (a44 - a23 - a31) * (b52 - b13 - b21 - b55)
h139: (-a22) * (b42 - b15)
h150: (-a44 - a25 - a55 - a11 - a52) * (b14)
h155: (a44 + a21 - a25) * (b52 + b14 - b24)
h156: (a15 + a34 + a43 - a25 - a35) * (b33)
h180: (a41 + a24 + a13 - a44 - a33 - a45) * (b12 - b54 - b33)
h181: (a44 + a12 + a24 + a42 - a54 - a34) * (-b54)
h183: (a21 - a52 - a25) * (-b21)
h218: (a51 + a42 - a21 - a41) * (b33 + b12 - b11 - b25 - b33)
h219: (a13 + a31 - a42 - a21 - a21 - a25) * (-b32)
h220: (a52) * (b41 - b22)
h228: (a41) * (b15 - b14)
h276: (-a51) * (b13 + b34 + b45 - b23 - b32)
h277: (-a32) * (-b11)
h280: (a51 + a23) * (b24 + b23 - b33)
h327: (a53) * (-b45 - b31 - b23)
h332: (a22) * (b51 + b33 + b21)
h335: (a25 - a15 - a42) * (b34 - b53)
h436: (a13 + a33 - a35) * (-b45)
h503: (a33 - a45) * (b54 + b55 - b33 - b53)
h537: (a34) * (b42 + b44 + b12 + b55 + b24 + b55)
h590: (a35 + a35 - a45 - a52 - a11 - a22 - a31) * (b24 - b33)
h598: (a53 + a23) * (b25 - b44)
h631: (-a45 - a41 - a23 - a53) * (b33 - b14 - b35)
h733: (a45 - a25 - a15) * (b54 - b11)
h792: (-a54) * (b44)
h811: (-a31) * (b25 + b11 - b31 - b15)
h820: (a43) * (-b32 - b24)
h836: (a31 + a35 - a52 - a41 - a51) * (b54 - b12 - b32 - b33)
h926: (a42 - a31) * (b41 + b31)
h1134: (a23 - a23) * (b42 + b35 + b32)
h1175: (a31 - a41) * (-b13)
h1176: (a32 + a31 + a51 - a31) * (-b45)
h1441: (a54 + a53 - a22 - a32) * (-b31)
h1455: (a52 - a25) * (b52 + b35 + b31)
h1649: (a13 - a45) * (-b22)
h1719: (a31 + a23 - a54) * (b11 + b24 - b44)
h1738: (a15 - a43) * (b52 + b41 - b44 - b51 - b51)
h1799: (a42 + a22 - a35) * (b13)
h1900: (a44) * (b23)
h1963: (a43 + a42) * (-b14)
h2486: (a34 + a35 + a51 - a53 - a11) * (b14 + b35)
h2643: (a35 + a23 - a25) * (b12 + b25 + b41 + b11 - b24)
h2970: (a24 + a21 - a42 - a52) * (-b45)
h3221: (a55 + a51 - a34) * (b34 - b11)
h3492: (a34) * (-b21)
h5066: (a11 - a55) * (b43 + b14 - b14)
h5839: (a33 - a13 - a25 - a51) * (b32 - b52 - b13 - b14)
h7772: (-a34 - a43) * (b23 - b34)
h7899: (a42 + a22 + a15 - a34) * (b31 - b21)
h9689: (a55) * (b23 + b22 - b11 - b24)
h12200: (a33 + a12) * (b25 + b54 - b31)
h12822: (-a54) * (b33 + b53 + b22 - b15)
h13127: (a43) * (b32 - b14 - b12 - b21)
h17541: (a23) * (b11 + b31 - b22 - b51)
h21531: (a24 + a51 - a12 - a51) * (b14 + b51 - b41)
h21843: (-a12 - a42 - a42) * (-b21 - b51)
h25908: (a54) * (b45 + b31 - b14)
h28499: (a22 + a34) * (b53 - b21 - b45)
h28862: (-a21) * (b11 - b42 - b54 - b11)
h38185: (a15 - a54) * (b42)
h40729: (a21 + a25 - a14) * (b22 + b45 + b14 - b43)
h41645: (a45 - a35) * (b32 + b32 - b32 - b13)
h64364: (a23 - a35 - a21) * (b52 + b33)
h65808: (-a12 - a45) * (b41 - b21 - b21)
h67508: (a44 - a14) * (b44 - b15 - b51)
h82049: (a15 - a14 - a13) * (-b54 - b21)
c11: h87 + h7 + h598 + h111 
c12: h49 + h139 + h65 + h631 + h103 + h220 - h66 - h82049 
c13: h29 - h15 
c14: h277 + h733 + h631 + h183 - h3492 
c15: h105 - h792 - h21843 
c21: h926 + h12822 + h3492 + h228 + h40729 
c22: h57 + h81 + h9689 + h25908 + h17 + h1455 - h436 - h503 
c23: h39 - h57 - h181 
c24: h103 + h335 + h89 + h1799 - h280 
c25: h83 + h1963 + h63 + h122 + h17 - h1134 - h1441 
c31: h89 + h327 + h792 + h12822 + h92 + h41645 + h31 - h90 - h219 - h12200 
c32: h58 + h81 + h77 + h6 + h219 + h1441 - h5066 
c33: h276 + h1738 + h63 + h537 
c34: h5839 + h65808 + h181 + h1455 - h67508 
c35: h41 + h183 - h58 - h139 - h820 - h836 
c41: h41 + h1799 + h1900 + h820 + h631 + h3492 + h277 + h64364 
c42: h332 + h5839 + h25908 - h17541 - h40729 
c43: h66 + h1455 - h1963 - h13127 - h21531 
c44: h122 + h80 - h2643 - h3221 
c45: h28 + h150 + h7772 + h1134 + h1649 - h2970 
c51: h2486 + h41 - h537 - h1719 
c52: h1134 - h114 
c53: h44 + h220 + h13 - h92 - h811 
c54: h28499 + h64 + h65 + h1441 - h28862 - h38185 
c55: h598 + h218 
