0,112.52,25
100,84.16,25
200,38.48,25
300,35.36,25
400,26.28,25
500,24.04,25
600,13.84,25
700,13.8,25
800,13.28,25
900,11.2,24
1000,11,24
1100,11,24
1200,10.16,24
1300,9.52,24
1400,8.68,23
1500,8.36,23
1600,8.04,23
1700,7.4,22
1800,7.4,22
1900,7.08,22
2000,6.12,22
2100,6.12,22
2200,5.6,22
2300,5.6,22
2400,5.52,22
2500,5.36,22
2600,5.28,22
2700,5.08,22
2800,4.92,22
2900,3.8,22
3000,3.36,21
3100,3.36,21
3200,3.36,21
3300,3.28,21
3400,3.28,21
3500,3.2,20
3600,3.2,20
3700,3.2,20
3800,3,20
3900,3,20
4000,3,20
4100,3,20
4200,3,20
4300,3,20
4400,2.88,19
4500,2.88,19
4600,2.88,19
4700,2.88,19
4800,2.6,19
4900,2.6,19
5000,2.12,17
5100,2.12,17
5200,2.04,17
5300,2.04,17
5400,1.92,17
5500,1.92,17
5600,1.92,17
5700,1.92,17
5800,1.92,17
5900,1.6,17
6000,1.6,17
6100,1.52,17
6200,1.52,17
6300,1.52,17
6400,1.52,17
6500,1.52,17
6600,1.52,17
6700,1.52,17
6800,1.52,17
6900,1.52,17
7000,1.52,17
7100,1.52,17
7200,1.52,17
7300,1.44,16
7400,1.44,16
7500,1.28,16
7600,1.24,16
7700,1.24,16
7800,1.24,16
7900,1.24,16
8000,1.24,16
8100,1.24,16
8200,1.08,16
8300,1.08,16
8400,1.08,16
8500,1.08,16
8600,1.08,16
8700,1.04,16
8800,1,15
8900,1,15
9000,1,15
9100,1,15
9200,1,15
9300,1,15
9400,0.84,14
9500,0.84,14
9600,0.84,14
9700,0.84,14
9800,0.84,14
9900,0.84,14
10000,0.84,14
10100,0.84,14
10200,0.84,14
10300,0.84,14
10400,0.84,14
10500,0.84,14
10600,0.84,14
10700,0.84,14
10800,0.84,14
10900,0.84,14
11000,0.84,14
11100,0.84,14
11200,0.84,14
11300,0.84,14
11400,0.84,14
11500,0.84,14
11600,0.84,14
11700,0.84,14
11800,0.84,14
11900,0.8,14
12000,0.8,14
12100,0.8,14
12200,0.8,14
12300,0.8,14
12400,0.8,14
12500,0.8,14
12600,0.8,14
12700,0.8,14
12800,0.8,14
12900,0.8,14
13000,0.8,14
13100,0.76,14
13200,0.76,14
13300,0.76,14
13400,0.76,14
13500,0.76,14
13600,0.76,14
13700,0.72,14
13800,0.72,14
13900,0.72,14
14000,0.72,14
14100,0.72,14
14200,0.72,14
14300,0.72,14
14400,0.72,14
14500,0.72,14
14600,0.72,14
14700,0.64,14
14800,0.64,14
14900,0.64,14
15000,0.64,14
15100,0.64,14
15200,0.64,14
15300,0.64,14
15400,0.64,14
15500,0.64,14
15600,0.64,14
15700,0.64,14
15800,0.64,14
15900,0.64,14
16000,0.64,14
16100,0.64,14
16200,0.64,14
16300,0.64,14
16400,0.56,13
16500,0.56,13
16600,0.56,13
16700,0.56,13
16800,0.56,13
16900,0.56,13
17000,0.56,13
17100,0.56,13
17200,0.56,13
17300,0.56,13
17400,0.56,13
17500,0.56,13
17600,0.56,13
17700,0.56,13
17800,0.56,13
17900,0.56,13
18000,0.56,13
18100,0.56,13
18200,0.52,12
18300,0.52,12
18400,0.52,12
18500,0.52,12
18600,0.52,12
18700,0.52,12
18800,0.52,12
18900,0.52,12
19000,0.52,12
19100,0.52,12
19200,0.52,12
19300,0.52,12
19400,0.52,12
19500,0.52,12
19600,0.52,12
19700,0.52,12
19800,0.52,12
19900,0.52,12
20000,0.52,12
20100,0.52,12
20200,0.52,12
20300,0.52,12
20400,0.52,12
20500,0.52,12
20600,0.52,12
20700,0.52,12
20800,0.52,12
20900,0.52,12
21000,0.52,12
21100,0.52,12
21200,0.52,12
21300,0.52,12
21400,0.52,12
21500,0.52,12
21600,0.52,12
21700,0.52,12
21800,0.52,12
21900,0.52,12
22000,0.52,12
22100,0.52,12
22200,0.52,12
22300,0.52,12
22400,0.52,12
22500,0.52,12
22600,0.52,12
22700,0.52,12
22800,0.52,12
22900,0.52,12
23000,0.52,12
23100,0.52,12
23200,0.52,12
23300,0.52,12
23400,0.52,12
23500,0.52,12
23600,0.52,12
23700,0.52,12
23800,0.52,12
23900,0.52,12
24000,0.52,12
24100,0.52,12
24200,0.52,12
24300,0.52,12
24400,0.52,12
24500,0.52,12
24600,0.52,12
24700,0.52,12
24800,0.52,12
24900,0.52,12
25000,0.52,12
25100,0.52,12
25200,0.52,12
25300,0.52,12
25400,0.52,12
25500,0.52,12
25600,0.52,12
25700,0.52,12
25800,0.52,12
25900,0.52,12
26000,0.52,12
26100,0.52,12
26200,0.52,12
26300,0.52,12
26400,0.52,12
26500,0.52,12
26600,0.52,12
26700,0.52,12
26800,0.52,12
26900,0.52,12
27000,0.52,12
27100,0.52,12
27200,0.52,12
27300,0.52,12
27400,0.52,12
27500,0.52,12
27600,0.52,12
27700,0.52,12
27800,0.52,12
27900,0.52,12
28000,0.52,12
28100,0.52,12
28200,0.48,11
28300,0.48,11
28400,0.48,11
28500,0.4,10
28600,0.4,10
28700,0.4,10
28800,0.4,10
28900,0.4,10
29000,0.4,10
29100,0.4,10
29200,0.4,10
29300,0.4,10
29400,0.4,10
29500,0.4,10
29600,0.36,9
29700,0.36,9
29800,0.36,9
29900,0.36,9
30000,0.36,9
30100,0.36,9
30200,0.36,9
30300,0.36,9
30400,0.36,9
30500,0.36,9
30600,0.32,8
30700,0.32,8
30800,0.32,8
30900,0.32,8
31000,0.32,8
31100,0.32,8
31200,0.32,8
31300,0.32,8
31400,0.32,8
31500,0.32,8
31600,0.32,8
31700,0.32,8
31800,0.32,8
31900,0.32,8
32000,0.32,8
32100,0.32,8
32200,0.32,8
32300,0.32,8
32400,0.32,8
32500,0.32,8
32600,0.32,8
32700,0.32,8
32800,0.32,8
32900,0.32,8
33000,0.32,8
33100,0.32,8
33200,0.32,8
33300,0.32,8
33400,0.32,8
33500,0.32,8
33600,0.32,8
33700,0.32,8
33800,0.32,8
33900,0.32,8
34000,0.32,8
34100,0.32,8
34200,0.32,8
34300,0.32,8
34400,0.32,8
34500,0.32,8
34600,0.32,8
34700,0.32,8
34800,0.32,8
34900,0.32,8
35000,0.32,8
35100,0.32,8
35200,0.32,8
35300,0.32,8
35400,0.32,8
35500,0.32,8
35600,0.32,8
35700,0.32,8
35800,0.32,8
35900,0.32,8
36000,0.32,8
36100,0.32,8
36200,0.32,8
36300,0.28,7
36400,0.28,7
36500,0.28,7
36600,0.28,7
36700,0.28,7
36800,0.28,7
36900,0.28,7
37000,0.28,7
37100,0.28,7
37200,0.28,7
37300,0.28,7
37400,0.28,7
37500,0.28,7
37600,0.28,7
37700,0.28,7
37800,0.28,7
37900,0.28,7
38000,0.28,7
38100,0.28,7
38200,0.28,7
38300,0.28,7
38400,0.28,7
38500,0.28,7
38600,0.28,7
38700,0.28,7
38800,0.28,7
38900,0.28,7
39000,0.28,7
39100,0.28,7
39200,0.28,7
39300,0.28,7
39400,0.28,7
39500,0.28,7
39600,0.28,7
39700,0.28,7
39800,0.28,7
39900,0.28,7
40000,0.28,7
40100,0.28,7
40200,0.28,7
40300,0.28,7
40400,0.28,7
40500,0.28,7
40600,0.28,7
40700,0.28,7
40800,0.28,7
40900,0.28,7
41000,0.28,7
41100,0.28,7
41200,0.28,7
41300,0.28,7
41400,0.28,7
41500,0.28,7
41600,0.28,7
41700,0.28,7
41800,0.28,7
41900,0.28,7
42000,0.28,7
42100,0.28,7
42200,0.28,7
42300,0.28,7
42400,0.28,7
42500,0.28,7
42600,0.28,7
42700,0.28,7
42800,0.28,7
42900,0.28,7
43000,0.28,7
43100,0.28,7
43200,0.28,7
43300,0.28,7
43400,0.28,7
43500,0.28,7
43600,0.28,7
43700,0.28,7
43800,0.28,7
43900,0.28,7
44000,0.28,7
44100,0.28,7
44200,0.28,7
44300,0.28,7
44400,0.28,7
44500,0.28,7
44600,0.28,7
44700,0.28,7
44800,0.28,7
44900,0.28,7
45000,0.28,7
45100,0.28,7
45200,0.28,7
45300,0.28,7
45400,0.28,7
45500,0.28,7
45600,0.28,7
45700,0.28,7
45800,0.28,7
45900,0.28,7
46000,0.28,7
46100,0.28,7
46200,0.28,7
46300,0.28,7
46400,0.28,7
46500,0.28,7
46600,0.28,7
46700,0.28,7
46800,0.28,7
46900,0.28,7
47000,0.28,7
47100,0.28,7
47200,0.28,7
47300,0.28,7
47400,0.28,7
47500,0.28,7
47600,0.28,7
47700,0.28,7
47800,0.28,7
47900,0.28,7
48000,0.28,7
48100,0.28,7
48200,0.28,7
48300,0.28,7
48400,0.28,7
48500,0.28,7
48600,0.28,7
48700,0.28,7
48800,0.28,7
48900,0.28,7
49000,0.28,7
49100,0.28,7
49200,0.28,7
49300,0.28,7
49400,0.28,7
49500,0.28,7
49600,0.28,7
49700,0.28,7
49800,0.28,7
49900,0.28,7
50000,0.28,7
50100,0.28,7
50200,0.28,7
50300,0.28,7
50400,0.28,7
50500,0.28,7
50600,0.28,7
50700,0.28,7
50800,0.28,7
50900,0.28,7
51000,0.28,7
51100,0.28,7
51200,0.28,7
51300,0.28,7
51400,0.28,7
51500,0.28,7
51600,0.28,7
51700,0.28,7
51800,0.28,7
51900,0.28,7
52000,0.28,7
52100,0.28,7
52200,0.28,7
52300,0.28,7
52400,0.28,7
52500,0.28,7
52600,0.28,7
52700,0.28,7
52800,0.28,7
52900,0.28,7
53000,0.24,6
53100,0.24,6
53200,0.24,6
53300,0.24,6
53400,0.24,6
53500,0.24,6
53600,0.24,6
53700,0.24,6
53800,0.24,6
53900,0.24,6
54000,0.24,6
54100,0.24,6
54200,0.24,6
54300,0.24,6
54400,0.24,6
54500,0.24,6
54600,0.24,6
54700,0.24,6
54800,0.24,6
54900,0.24,6
55000,0.24,6
55100,0.24,6
55200,0.24,6
55300,0.24,6
55400,0.24,6
55500,0.24,6
55600,0.24,6
55700,0.24,6
55800,0.24,6
55900,0.24,6
56000,0.24,6
56100,0.24,6
56200,0.24,6
56300,0.24,6
56400,0.24,6
56500,0.24,6
56600,0.24,6
56700,0.24,6
56800,0.24,6
56900,0.24,6
57000,0.24,6
57100,0.24,6
57200,0.24,6
57300,0.24,6
57400,0.24,6
57500,0.24,6
57600,0.24,6
57700,0.24,6
57800,0.24,6
57900,0.24,6
58000,0.24,6
58100,0.24,6
58200,0.24,6
58300,0.24,6
58400,0.24,6
58500,0.24,6
58600,0.24,6
58700,0.24,6
58800,0.24,6
58900,0.24,6
59000,0.24,6
59100,0.24,6
59200,0.24,6
59300,0.24,6
59400,0.24,6
59500,0.24,6
59600,0.24,6
59700,0.24,6
59800,0.24,6
59900,0.24,6
60000,0.24,6
60100,0.24,6
60200,0.24,6
60300,0.24,6
60400,0.24,6
60500,0.24,6
60600,0.24,6
60700,0.24,6
60800,0.24,6
60900,0.24,6
61000,0.24,6
61100,0.24,6
61200,0.24,6
61300,0.24,6
61400,0.24,6
61500,0.24,6
61600,0.24,6
61700,0.24,6
61800,0.24,6
61900,0.24,6
62000,0.24,6
62100,0.24,6
62200,0.24,6
62300,0.24,6
62400,0.24,6
62500,0.24,6
62600,0.24,6
62700,0.24,6
62800,0.24,6
62900,0.24,6
63000,0.24,6
63100,0.24,6
63200,0.24,6
63300,0.24,6
63400,0.24,6
63500,0.24,6
63600,0.24,6
63700,0.24,6
63800,0.24,6
63900,0.24,6
64000,0.24,6
64100,0.24,6
64200,0.24,6
64300,0.24,6
64400,0.24,6
64500,0.24,6
64600,0.24,6
64700,0.24,6
64800,0.24,6
64900,0.24,6
65000,0.24,6
65100,0.24,6
65200,0.24,6
65300,0.24,6
65400,0.24,6
65500,0.24,6
65600,0.24,6
65700,0.24,6
65800,0.24,6
65900,0.24,6
66000,0.24,6
66100,0.24,6
66200,0.24,6
66300,0.24,6
66400,0.24,6
66500,0.2,5
66600,0.2,5
66700,0.2,5
66800,0.2,5
66900,0.2,5
67000,0.2,5
67100,0.2,5
67200,0.2,5
67300,0.2,5
67400,0.2,5
67500,0.2,5
67600,0.2,5
67700,0.2,5
67800,0.2,5
67900,0.2,5
68000,0.2,5
68100,0.2,5
68200,0.2,5
68300,0.2,5
68400,0.2,5
68500,0.2,5
68600,0.2,5
68700,0.2,5
68800,0.2,5
68900,0.2,5
69000,0.2,5
69100,0.2,5
69200,0.2,5
69300,0.2,5
69400,0.2,5
69500,0.2,5
69600,0.2,5
69700,0.2,5
69800,0.2,5
69900,0.2,5
70000,0.2,5
70100,0.2,5
70200,0.2,5
70300,0.2,5
70400,0.2,5
70500,0.2,5
70600,0.2,5
70700,0.2,5
70800,0.2,5
70900,0.2,5
71000,0.2,5
71100,0.2,5
71200,0.2,5
71300,0.2,5
71400,0.2,5
71500,0.2,5
71600,0.2,5
71700,0.2,5
71800,0.2,5
71900,0.2,5
72000,0.2,5
72100,0.2,5
72200,0.2,5
72300,0.16,4
72400,0.16,4
72500,0.16,4
72600,0.16,4
72700,0.16,4
72800,0.16,4
72900,0.16,4
73000,0.16,4
73100,0.16,4
73200,0.16,4
73300,0.16,4
73400,0.16,4
73500,0.16,4
73600,0.16,4
73700,0.16,4
73800,0.16,4
73900,0.16,4
74000,0.16,4
74100,0.16,4
74200,0.16,4
74300,0.16,4
74400,0.16,4
74500,0.16,4
74600,0.16,4
74700,0.16,4
74800,0.16,4
74900,0.16,4
75000,0.16,4
75100,0.16,4
75200,0.16,4
75300,0.16,4
75400,0.16,4
75500,0.16,4
75600,0.16,4
75700,0.16,4
75800,0.16,4
75900,0.16,4
76000,0.16,4
76100,0.16,4
76200,0.16,4
76300,0.16,4
76400,0.16,4
76500,0.16,4
76600,0.16,4
76700,0.16,4
76800,0.16,4
76900,0.16,4
77000,0.16,4
77100,0.16,4
77200,0.16,4
77300,0.16,4
77400,0.16,4
77500,0.16,4
77600,0.16,4
77700,0.16,4
77800,0.16,4
77900,0.16,4
78000,0.16,4
78100,0.16,4
78200,0.16,4
78300,0.16,4
78400,0.16,4
78500,0.16,4
78600,0.16,4
78700,0.16,4
78800,0.16,4
78900,0.16,4
79000,0.16,4
79100,0.16,4
79200,0.16,4
79300,0.16,4
79400,0.16,4
79500,0.16,4
79600,0.16,4
79700,0.16,4
79800,0.16,4
79900,0.16,4
80000,0.16,4
80100,0.16,4
80200,0.16,4
80300,0.16,4
80400,0.16,4
80500,0.16,4
80600,0.16,4
80700,0.16,4
80800,0.12,3
80900,0.12,3
81000,0.12,3
81100,0.12,3
81200,0.12,3
81300,0.12,3
81400,0.12,3
81500,0.12,3
81600,0.12,3
81700,0.12,3
81800,0.12,3
81900,0.12,3
82000,0.12,3
82100,0.12,3
82200,0.12,3
82300,0.12,3
82400,0.12,3
82500,0.12,3
82600,0.12,3
82700,0.12,3
82800,0.12,3
82900,0.12,3
83000,0.12,3
83100,0.12,3
83200,0.12,3
83300,0.12,3
83400,0.12,3
83500,0.12,3
83600,0.12,3
83700,0.12,3
83800,0.12,3
83900,0.12,3
84000,0.12,3
84100,0.12,3
84200,0.12,3
84300,0.12,3
84400,0.12,3
84500,0.12,3
84600,0.12,3
84700,0.12,3
84800,0.12,3
84900,0.12,3
85000,0.12,3
85100,0.12,3
85200,0.12,3
85300,0.12,3
85400,0.12,3
85500,0.12,3
85600,0.12,3
85700,0.12,3
85800,0.12,3
85900,0.12,3
86000,0.12,3
86100,0.12,3
86200,0.12,3
86300,0.12,3
86400,0.12,3
86500,0.12,3
86600,0.12,3
86700,0.12,3
86800,0.12,3
86900,0.12,3
87000,0.12,3
87100,0.12,3
87200,0.12,3
87300,0.12,3
87400,0.12,3
87500,0.12,3
87600,0.12,3
87700,0.12,3
87800,0.12,3
87900,0.12,3
88000,0.12,3
88100,0.12,3
88200,0.12,3
88300,0.12,3
88400,0.12,3
88500,0.12,3
88600,0.12,3
88700,0.12,3
88800,0.12,3
88900,0.12,3
89000,0.12,3
89100,0.12,3
89200,0.12,3
89300,0.12,3
89400,0.12,3
89500,0.12,3
89600,0.12,3
89700,0.12,3
89800,0.12,3
89900,0.12,3
90000,0.12,3
90100,0.12,3
90200,0.12,3
90300,0.12,3
90400,0.12,3
90500,0.12,3
90600,0.12,3
90700,0.12,3
90800,0.12,3
90900,0.12,3
91000,0.12,3
91100,0.12,3
91200,0.12,3
91300,0.12,3
91400,0.12,3
91500,0.12,3
91600,0.12,3
91700,0.12,3
91800,0.12,3
91900,0.12,3
92000,0.12,3
92100,0.12,3
92200,0.12,3
92300,0.12,3
92400,0.12,3
92500,0.12,3
92600,0.12,3
92700,0.12,3
92800,0.12,3
92900,0.12,3
93000,0.12,3
93100,0.12,3
93200,0.12,3
93300,0.12,3
93400,0.12,3
93500,0.12,3
93600,0.12,3
93700,0.12,3
93800,0.12,3
93900,0.12,3
94000,0.12,3
94100,0.12,3
94200,0.12,3
94300,0.12,3
94400,0.12,3
94500,0.12,3
94600,0.12,3
94700,0.12,3
94800,0.12,3
94900,0.12,3
95000,0.12,3
95100,0.12,3
95200,0.12,3
95300,0.12,3
95400,0.12,3
95500,0.12,3
95600,0.12,3
95700,0.12,3
95800,0.12,3
95900,0.12,3
96000,0.12,3
96100,0.12,3
96200,0.12,3
96300,0.12,3
96400,0.12,3
96500,0.12,3
96600,0.12,3
96700,0.12,3
96800,0.12,3
96900,0.12,3
97000,0.12,3
97100,0.12,3
97200,0.12,3
97300,0.12,3
97400,0.12,3
97500,0.12,3
97600,0.12,3
97700,0.12,3
97800,0.12,3
97900,0.12,3
98000,0.12,3
98100,0.12,3
98200,0.12,3
98300,0.12,3
98400,0.12,3
98500,0.12,3
98600,0.12,3
98700,0.12,3
98800,0.12,3
98900,0.12,3
99000,0.12,3
99100,0.12,3
99200,0.12,3
99300,0.12,3
99400,0.12,3
99500,0.08,2
99600,0.08,2
99700,0.08,2
99800,0.08,2
99900,0.08,2
100000,0.08,2
100100,0.08,2
100200,0.08,2
100300,0.08,2
100400,0.08,2
100500,0.08,2
100600,0.08,2
100700,0.08,2
100800,0.08,2
100900,0.08,2
101000,0.08,2
101100,0.08,2
101200,0.08,2
101300,0.08,2
101400,0.08,2
101500,0.08,2
101600,0.08,2
101700,0.08,2
101800,0.08,2
101900,0.08,2
102000,0.08,2
102100,0.08,2
102200,0.08,2
102300,0.08,2
102400,0.08,2
102500,0.08,2
102600,0.08,2
102700,0.08,2
102800,0.08,2
102900,0.08,2
103000,0.08,2
103100,0.08,2
103200,0.08,2
103300,0.08,2
103400,0.08,2
103500,0.08,2
103600,0.08,2
103700,0.08,2
103800,0.08,2
103900,0.08,2
104000,0.08,2
104100,0.08,2
104200,0.08,2
104300,0.08,2
104400,0.08,2
104500,0.08,2
104600,0.08,2
104700,0.08,2
104800,0.08,2
104900,0.08,2
105000,0.08,2
105100,0.08,2
105200,0.08,2
105300,0.08,2
105400,0.08,2
105500,0.08,2
105600,0.08,2
105700,0.08,2
105800,0.08,2
105900,0.08,2
106000,0.08,2
106100,0.08,2
106200,0.08,2
106300,0.08,2
106400,0.08,2
106500,0.08,2
106600,0.08,2
106700,0.08,2
106800,0.08,2
106900,0.08,2
107000,0.08,2
107100,0.08,2
107200,0.08,2
107300,0.08,2
107400,0.08,2
107500,0.08,2
107600,0.08,2
107700,0.08,2
107800,0.08,2
107900,0.08,2
108000,0.08,2
108100,0.08,2
108200,0.08,2
108300,0.08,2
108400,0.08,2
108500,0.08,2
108600,0.08,2
108700,0.08,2
108800,0.08,2
108900,0.08,2
109000,0.08,2
109100,0.08,2
109200,0.08,2
109300,0.08,2
109400,0.08,2
109500,0.08,2
109600,0.08,2
109700,0.08,2
109800,0.08,2
109900,0.08,2
110000,0.08,2
110100,0.08,2
110200,0.08,2
110300,0.08,2
110400,0.08,2
110500,0.08,2
110600,0.08,2
110700,0.08,2
110800,0.08,2
110900,0.08,2
111000,0.08,2
111100,0.08,2
111200,0.08,2
111300,0.08,2
111400,0.08,2
111500,0.08,2
111600,0.08,2
111700,0.08,2
111800,0.08,2
111900,0.08,2
112000,0.08,2
112100,0.08,2
112200,0.08,2
112300,0.08,2
112400,0.08,2
112500,0.08,2
112600,0.08,2
112700,0.08,2
112800,0.08,2
112900,0.08,2
113000,0.08,2
113100,0.08,2
113200,0.08,2
113300,0.08,2
113400,0.08,2
113500,0.08,2
113600,0.08,2
113700,0.08,2
113800,0.08,2
113900,0.08,2
114000,0.08,2
114100,0.08,2
114200,0.08,2
114300,0.08,2
114400,0.08,2
114500,0.08,2
114600,0.08,2
114700,0.08,2
114800,0.08,2
114900,0.08,2
115000,0.08,2
115100,0.08,2
115200,0.04,1
115300,0.04,1
115400,0.04,1
115500,0.04,1
115600,0.04,1
115700,0.04,1
115800,0.04,1
115900,0.04,1
116000,0.04,1
116100,0.04,1
116200,0.04,1
116300,0.04,1
116400,0.04,1
116500,0.04,1
116600,0.04,1
116700,0.04,1
116800,0.04,1
116900,0.04,1
117000,0.04,1
117100,0.04,1
117200,0.04,1
117300,0.04,1
117400,0.04,1
117500,0.04,1
117600,0.04,1
117700,0.04,1
117800,0.04,1
117900,0.04,1
118000,0.04,1
118100,0.04,1
118200,0.04,1
118300,0.04,1
118400,0.04,1
118500,0.04,1
118600,0.04,1
118700,0.04,1
118800,0.04,1
118900,0.04,1
119000,0.04,1
119100,0.04,1
119200,0.04,1
119300,0.04,1
119400,0.04,1
119500,0.04,1
119600,0.04,1
119700,0.04,1
119800,0.04,1
119900,0.04,1
120000,0.04,1
120100,0.04,1
120200,0.04,1
120300,0.04,1
120400,0.04,1
120500,0.04,1
120600,0.04,1
120700,0.04,1
120800,0.04,1
120900,0.04,1
121000,0.04,1
121100,0.04,1
121200,0.04,1
121300,0.04,1
121400,0.04,1
121500,0.04,1
121600,0.04,1
121700,0.04,1
121800,0.04,1
121900,0.04,1
122000,0.04,1
122100,0.04,1
122200,0.04,1
122300,0.04,1
122400,0.04,1
122500,0.04,1
122600,0.04,1
122700,0.04,1
122800,0.04,1
122900,0.04,1
123000,0.04,1
123100,0.04,1
123200,0.04,1
123300,0.04,1
123400,0.04,1
123500,0.04,1
123600,0.04,1
123700,0.04,1
123800,0.04,1
123900,0.04,1
124000,0.04,1
124100,0.04,1
124200,0.04,1
124300,0.04,1
124400,0.04,1
124500,0.04,1
124600,0.04,1
124700,0.04,1
124800,0.04,1
124900,0.04,1
125000,0.04,1
125100,0.04,1
125200,0.04,1
125300,0.04,1
125400,0.04,1
125500,0.04,1
125600,0.04,1
125700,0.04,1
125800,0.04,1
125900,0.04,1
126000,0.04,1
126100,0.04,1
126200,0.04,1
126300,0.04,1
126400,0.04,1
126500,0.04,1
126600,0.04,1
126700,0.04,1
126800,0.04,1
126900,0.04,1
127000,0.04,1
127100,0.04,1
127200,0.04,1
127300,0.04,1
127400,0.04,1
127500,0.04,1
127600,0.04,1
127700,0.04,1
127800,0.04,1
127900,0.04,1
128000,0.04,1
128100,0.04,1
128200,0.04,1
128300,0.04,1
128400,0.04,1
128500,0.04,1
128600,0.04,1
128700,0.04,1
128800,0.04,1
128900,0.04,1
129000,0.04,1
129100,0.04,1
129200,0.04,1
129300,0.04,1
129400,0.04,1
129500,0.04,1
129600,0.04,1
129700,0.04,1
129800,0.04,1
129900,0.04,1
130000,0.04,1
130100,0.04,1
130200,0.04,1
130300,0.04,1
130400,0.04,1
130500,0.04,1
130600,0.04,1
130700,0.04,1
130800,0.04,1
130900,0.04,1
131000,0.04,1
131100,0.04,1
131200,0.04,1
131300,0.04,1
131400,0.04,1
131500,0.04,1
131600,0.04,1
131700,0.04,1
131800,0.04,1
131900,0.04,1
132000,0.04,1
132100,0.04,1
132200,0.04,1
132300,0.04,1
132400,0.04,1
132500,0.04,1
132600,0.04,1
132700,0.04,1
132800,0.04,1
132900,0.04,1
133000,0.04,1
133100,0.04,1
133200,0.04,1
133300,0.04,1
133400,0.04,1
133500,0.04,1
133600,0.04,1
133700,0.04,1
133800,0.04,1
133900,0.04,1
134000,0.04,1
134100,0.04,1
134200,0.04,1
134300,0.04,1
134400,0.04,1
134500,0.04,1
134600,0.04,1
134700,0.04,1
134800,0.04,1
134900,0.04,1
135000,0.04,1
135100,0.04,1
135200,0.04,1
135300,0.04,1
135400,0.04,1
135500,0.04,1
135600,0.04,1
135700,0.04,1
135800,0.04,1
135900,0.04,1
136000,0.04,1
136100,0.04,1
136200,0.04,1
136300,0.04,1
136400,0.04,1
136500,0.04,1
136600,0.04,1
136700,0.04,1
136800,0.04,1
136900,0.04,1
137000,0.04,1
137100,0.04,1
137200,0.04,1
137300,0.04,1
137400,0.04,1
137500,0.04,1
137600,0.04,1
137700,0.04,1
137800,0.04,1
137900,0.04,1
138000,0.04,1
138100,0.04,1
138200,0.04,1
138300,0.04,1
138400,0.04,1
138500,0.04,1
138600,0.04,1
138700,0.04,1
138800,0.04,1
138900,0.04,1
139000,0.04,1
139100,0.04,1
139200,0.04,1
139300,0.04,1
139400,0.04,1
139500,0.04,1
139600,0.04,1
139700,0.04,1
139800,0.04,1
139900,0.04,1
140000,0.04,1
140100,0.04,1
140200,0.04,1
140300,0.04,1
140400,0.04,1
140500,0.04,1
140600,0.04,1
140700,0.04,1
140800,0.04,1
140900,0.04,1
141000,0.04,1
141100,0.04,1
141200,0.04,1
141300,0.04,1
141400,0.04,1
141500,0.04,1
141600,0.04,1
141700,0.04,1
141800,0.04,1
141900,0.04,1
142000,0.04,1
142100,0.04,1
142200,0.04,1
142300,0.04,1
142400,0.04,1
142500,0.04,1
142600,0.04,1
142700,0.04,1
142800,0.04,1
142900,0.04,1
143000,0.04,1
143100,0.04,1
143200,0.04,1
143300,0.04,1
143400,0.04,1
143500,0.04,1
143600,0.04,1
143700,0.04,1
143800,0.04,1
143900,0.04,1
144000,0.04,1
144100,0.04,1
144200,0.04,1
144300,0.04,1
144400,0.04,1
144500,0.04,1
144600,0.04,1
144700,0.04,1
144800,0.04,1
144900,0.04,1
145000,0.04,1
145100,0.04,1
145200,0.04,1
145300,0.04,1
145400,0.04,1
145500,0.04,1
145600,0.04,1
145700,0.04,1
145800,0.04,1
145900,0.04,1
146000,0.04,1
146100,0.04,1
146200,0.04,1
146300,0.04,1
146400,0.04,1
146500,0.04,1
146600,0.04,1
146700,0.04,1
146800,0.04,1
146900,0.04,1
147000,0.04,1
147100,0.04,1
147200,0.04,1
147300,0.04,1
147400,0.04,1
147500,0.04,1
147600,0.04,1
147700,0.04,1
147800,0.04,1
147900,0.04,1
148000,0.04,1
148100,0.04,1
148200,0.04,1
148300,0.04,1
148400,0.04,1
148500,0.04,1
148600,0.04,1
148700,0.04,1
148800,0.04,1
148900,0.04,1
149000,0.04,1
149100,0.04,1
149200,0.04,1
149300,0.04,1
149400,0.04,1
149500,0.04,1
149600,0.04,1
149700,0.04,1
149800,0.04,1
149900,0.04,1
150000,0.04,1
150100,0.04,1
150200,0.04,1
150300,0.04,1
150400,0.04,1
150500,0.04,1
150600,0.04,1
150700,0.04,1
150800,0.04,1
150900,0.04,1
151000,0.04,1
151100,0.04,1
151200,0.04,1
151300,0.04,1
151400,0.04,1
151500,0.04,1
151600,0.04,1
151700,0.04,1
151800,0.04,1
151900,0.04,1
152000,0.04,1
152100,0.04,1
152200,0.04,1
152300,0.04,1
152400,0.04,1
152500,0.04,1
152600,0.04,1
152700,0.04,1
152800,0.04,1
152900,0.04,1
153000,0.04,1
153100,0.04,1
153200,0.04,1
153300,0.04,1
153400,0.04,1
153500,0.04,1
153600,0.04,1
153700,0.04,1
153800,0.04,1
153900,0.04,1
154000,0.04,1
154100,0.04,1
154200,0.04,1
154300,0.04,1
154400,0.04,1
154500,0.04,1
154600,0.04,1
154700,0.04,1
154800,0.04,1
154900,0.04,1
155000,0.04,1
155100,0.04,1
155200,0.04,1
155300,0.04,1
155400,0.04,1
155500,0.04,1
155600,0.04,1
155700,0.04,1
155800,0.04,1
155900,0.04,1
156000,0.04,1
156100,0.04,1
156200,0.04,1
156300,0.04,1
156400,0.04,1
156500,0.04,1
156600,0.04,1
156700,0.04,1
156800,0.04,1
156900,0.04,1
157000,0.04,1
157100,0.04,1
157200,0.04,1
157300,0.04,1
157400,0.04,1
157500,0.04,1
157600,0.04,1
157700,0.04,1
157800,0.04,1
157900,0.04,1
158000,0.04,1
158100,0.04,1
158200,0.04,1
158300,0.04,1
158400,0.04,1
158500,0.04,1
158600,0.04,1
158700,0.04,1
158800,0.04,1
158900,0.04,1
159000,0.04,1
159100,0.04,1
159200,0.04,1
159300,0.04,1
159400,0.04,1
159500,0.04,1
159600,0.04,1
159700,0.04,1
159800,0.04,1
159900,0.04,1
160000,0.04,1
160100,0.04,1
160200,0.04,1
160300,0.04,1
160400,0.04,1
160500,0.04,1
160600,0.04,1
160700,0.04,1
160800,0.04,1
160900,0.04,1
161000,0.04,1
161100,0.04,1
161200,0.04,1
161300,0.04,1
161400,0.04,1
161500,0.04,1
161600,0.04,1
161700,0.04,1
161800,0.04,1
161900,0.04,1
162000,0.04,1
162100,0.04,1
162200,0.04,1
162300,0.04,1
162400,0.04,1
162500,0.04,1
162600,0.04,1
162700,0.04,1
162800,0.04,1
162900,0.04,1
163000,0.04,1
163100,0.04,1
163200,0.04,1
163300,0.04,1
163400,0.04,1
163500,0.04,1
163600,0.04,1
163700,0.04,1
163800,0.04,1
163900,0.04,1
164000,0.04,1
164100,0.04,1
164200,0.04,1
164300,0.04,1
164400,0.04,1
164500,0.04,1
164600,0.04,1
164700,0.04,1
164800,0.04,1
164900,0.04,1
165000,0.04,1
165100,0.04,1
165200,0.04,1
165300,0.04,1
165400,0.04,1
165500,0.04,1
165600,0.04,1
165700,0.04,1
165800,0.04,1
165900,0.04,1
166000,0.04,1
166100,0.04,1
166200,0.04,1
166300,0.04,1
166400,0.04,1
166500,0.04,1
166600,0.04,1
166700,0.04,1
166800,0.04,1
166900,0.04,1
167000,0.04,1
167100,0.04,1
167200,0.04,1
167300,0.04,1
167400,0.04,1
167500,0.04,1
167600,0.04,1
167700,0.04,1
167800,0.04,1
167900,0.04,1
168000,0.04,1
168100,0.04,1
168200,0.04,1
168300,0.04,1
168400,0.04,1
168500,0.04,1
168600,0.04,1
168700,0.04,1
168800,0.04,1
168900,0.04,1
169000,0.04,1
169100,0.04,1
169200,0.04,1
169300,0.04,1
169400,0.04,1
169500,0.04,1
169600,0.04,1
169700,0.04,1
169800,0.04,1
169900,0.04,1
170000,0.04,1
170100,0.04,1
170200,0.04,1
170300,0.04,1
170400,0.04,1
170500,0.04,1
170600,0.04,1
170700,0.04,1
170800,0.04,1
170900,0.04,1
171000,0.04,1
171100,0.04,1
171200,0.04,1
171300,0.04,1
171400,0.04,1
171500,0.04,1
171600,0.04,1
171700,0.04,1
171800,0.04,1
171900,0.04,1
172000,0.04,1
172100,0.04,1
172200,0.04,1
172300,0.04,1
172400,0.04,1
172500,0.04,1
172600,0.04,1
172700,0.04,1
172800,0.04,1
172900,0.04,1
173000,0.04,1
173100,0.04,1
173200,0.04,1
173300,0.04,1
173400,0.04,1
173500,0.04,1
173600,0.04,1
173700,0.04,1
173800,0.04,1
173900,0.04,1
174000,0.04,1
174100,0.04,1
174200,0.04,1
174300,0.04,1
174400,0.04,1
174500,0.04,1
174600,0.04,1
174700,0.04,1
174800,0.04,1
174900,0.04,1
175000,0.04,1
175100,0.04,1
175200,0.04,1
175300,0.04,1
175400,0.04,1
175500,0.04,1
175600,0.04,1
175700,0.04,1
175800,0.04,1
175900,0.04,1
176000,0.04,1
176100,0.04,1
176200,0.04,1
176300,0.04,1
176400,0.04,1
176500,0.04,1
176600,0.04,1
176700,0.04,1
176800,0.04,1
176900,0.04,1
177000,0.04,1
177100,0.04,1
177200,0.04,1
177300,0.04,1
177400,0.04,1
177500,0.04,1
177600,0.04,1
177700,0.04,1
177800,0.04,1
177900,0.04,1
178000,0.04,1
178100,0.04,1
178200,0.04,1
178300,0.04,1
178400,0.04,1
178500,0.04,1
178600,0.04,1
178700,0.04,1
178800,0.04,1
178900,0.04,1
179000,0.04,1
179100,0.04,1
179200,0.04,1
179300,0.04,1
179400,0.04,1
179500,0.04,1
179600,0.04,1
179700,0.04,1
179800,0.04,1
179900,0.04,1
180000,0.04,1
180100,0.04,1
180200,0.04,1
180300,0.04,1
180400,0.04,1
180500,0.04,1
180600,0.04,1
180700,0.04,1
180800,0.04,1
180900,0.04,1
181000,0.04,1
181100,0.04,1
181200,0.04,1
181300,0.04,1
181400,0.04,1
181500,0.04,1
181600,0.04,1
181700,0.04,1
181800,0.04,1
181900,0.04,1
182000,0.04,1
182100,0.04,1
182200,0.04,1
182300,0.04,1
182400,0.04,1
182500,0.04,1
182600,0.04,1
182700,0.04,1
182800,0.04,1
182900,0.04,1
183000,0.04,1
183100,0.04,1
183200,0.04,1
183300,0.04,1
183400,0.04,1
183500,0.04,1
183600,0.04,1
183700,0.04,1
183800,0.04,1
183900,0.04,1
184000,0.04,1
184100,0.04,1
184200,0.04,1
184300,0.04,1
184400,0.04,1
184500,0.04,1
184600,0.04,1
184700,0.04,1
184800,0.04,1
184900,0.04,1
185000,0.04,1
185100,0.04,1
185200,0.04,1
185300,0.04,1
185400,0.04,1
185500,0.04,1
185600,0.04,1
185700,0.04,1
185800,0.04,1
185900,0.04,1
186000,0.04,1
186100,0.04,1
186200,0.04,1
186300,0.04,1
186400,0.04,1
186500,0.04,1
186600,0.04,1
186700,0.04,1
186800,0.04,1
186900,0.04,1
187000,0.04,1
187100,0.04,1
187200,0.04,1
187300,0.04,1
187400,0.04,1
187500,0.04,1
187600,0.04,1
187700,0.04,1
187800,0.04,1
187900,0.04,1
188000,0.04,1
188100,0.04,1
188200,0.04,1
188300,0.04,1
188400,0.04,1
188500,0.04,1
188600,0.04,1
188700,0.04,1
188800,0.04,1
188900,0.04,1
189000,0.04,1
189100,0.04,1
189200,0.04,1
189300,0.04,1
189400,0.04,1
189500,0.04,1
189600,0.04,1
189700,0.04,1
189800,0.04,1
189900,0.04,1
190000,0.04,1
190100,0.04,1
190200,0.04,1
190300,0.04,1
190400,0.04,1
190500,0.04,1
190600,0.04,1
190700,0.04,1
190800,0.04,1
190900,0.04,1
191000,0.04,1
191100,0.04,1
191200,0.04,1
191300,0.04,1
191400,0.04,1
191500,0.04,1
191600,0.04,1
191700,0.04,1
191800,0.04,1
191900,0.04,1
192000,0.04,1
192100,0.04,1
192200,0.04,1
192300,0.04,1
192400,0.04,1
192500,0.04,1
192600,0.04,1
192700,0.04,1
192800,0.04,1
192900,0.04,1
193000,0.04,1
193100,0.04,1
193200,0.04,1
193300,0.04,1
193400,0.04,1
193500,0.04,1
193600,0.04,1
193700,0.04,1
193800,0.04,1
193900,0.04,1
194000,0.04,1
194100,0.04,1
194200,0.04,1
194300,0.04,1
194400,0.04,1
194500,0.04,1
194600,0.04,1
194700,0.04,1
194800,0.04,1
194900,0.04,1
195000,0.04,1
195100,0.04,1
195200,0.04,1
195300,0.04,1
195400,0.04,1
195500,0.04,1
195600,0.04,1
195700,0.04,1
195800,0.04,1
195900,0.04,1
196000,0.04,1
196100,0.04,1
196200,0.04,1
196300,0.04,1
196400,0.04,1
196500,0.04,1
196600,0.04,1
196700,0.04,1
196800,0.04,1
196900,0.04,1
197000,0.04,1
197100,0.04,1
197200,0.04,1
197300,0.04,1
197400,0.04,1
197500,0.04,1
197600,0.04,1
197700,0.04,1
197800,0.04,1
197900,0.04,1
198000,0.04,1
198100,0.04,1
198200,0.04,1
198300,0.04,1
198400,0.04,1
198500,0.04,1
198600,0.04,1
198700,0.04,1
198800,0.04,1
198900,0.04,1
199000,0.04,1
199100,0.04,1
199200,0.04,1
199300,0.04,1
199400,0.04,1
199500,0.04,1
199600,0.04,1
199700,0.04,1
199800,0.04,1
199900,0.04,1
200000,0.04,1
200100,0.04,1
200200,0.04,1
200300,0.04,1
200400,0.04,1
200500,0.04,1
200600,0.04,1
200700,0.04,1
200800,0.04,1
200900,0.04,1
201000,0.04,1
solved! 

START ALGORITHM
h1: (a52) * (b34 + b14 + b12)
h3: (a21) * (b31 + b31 - b54 - b25 - b32)
h6: (a32 - a45 - a31) * (b15)
h9: (a22 + a31 - a41) * (b54)
h13: (-a52) * (b52 - b52)
h18: (a33 - a35) * (b43 + b33 + b13 + b43 + b55 + b51 - b45)
h28: (a22) * (b14 - b25 - b54)
h29: (a51) * (b43 + b12 + b31 + b33 - b55 - b15 - b35 - b35 - b32)
h33: (-a45) * (-b24)
h40: (a12 + a51 + a25 - a41 - a15 - a44 - a14) * (b25 + b41 - b52)
h43: (a52 - a52) * (-b13 - b32)
h44: (-a33) * (b21 + b31 - b44 - b25 - b33)
h46: (-a35 - a12) * (b11 + b24 + b24 + b41 + b14 - b32 - b11 - b22 - b14 - b31)
h47: (a51 - a24) * (b53 + b21 + b44 + b35 + b21 + b53 - b35 - b43 - b32 - b25 - b35 - b33 - b44 - b23 - b24)
h48: (a11 + a22) * (b35 + b14 - b12 - b25)
h51: (a22 + a32 + a15 - a43 - a32) * (b42 - b15)
h52: (a12 - a43 - a35) * (b12 + b31 - b44)
h53: (a31) * (b54 + b11 + b21 + b22 + b15 - b11)
h57: (a14 - a14 - a33 - a42 - a53 - a12) * (b32 - b43 - b33 - b34)
h63: (-a24) * (b43)
h66: (-a54) * (b13 + b45 + b43 + b32 - b24 - b54 - b54 - b22 - b53 - b35)
h67: (a53 + a33 - a21) * (b42 + b43 + b11 - b54 - b55 - b41 - b43 - b43 - b22)
h69: (-a41 - a35) * (b33 + b24 + b32 + b24 + b51 + b53 + b52 + b24 - b21 - b15 - b32 - b54 - b34 - b22 - b35)
h72: (a32 + a13 + a41 - a21) * (b51)
h80: (a45 + a23 - a25 - a34) * (b43 + b33 + b24 + b14 - b22 - b44 - b22)
h82: (a22 + a21 + a21 - a35) * (-b31)
h92: (a53 + a55) * (-b11)
h93: (-a31) * (b52)
h95: (a52) * (b13 + b53 + b45 + b42 + b33 + b55 - b42 - b23 - b24 - b55 - b31 - b34 - b31)
h104: (a53 + a23 - a21) * (b22)
h105: (a51) * (b12 + b33 + b14 + b12 + b53 + b31 + b25 + b42 - b23 - b32)
h110: (-a11 - a54 - a23) * (b23 + b13 + b33 + b32 - b44 - b35 - b13 - b22 - b41 - b55)
h111: (a45 - a44) * (b33 + b51 - b22 - b15)
h112: (-a25) * (b53)
h116: (a15 - a55 - a33 - a13) * (b12 - b24)
h121: (a35) * (b15 - b21 - b22)
h122: (a12 - a45) * (b12 + b55 - b41 - b32 - b31 - b35)
h124: (-a35) * (b21 + b33 - b34)
h129: (a23 + a45 - a12 - a11) * (b11 + b31 + b51 + b53 + b21 + b45 + b35 + b41 + b51 + b35 - b31 - b45 - b52 - b25 - b41 - b33)
h143: (a22 - a14 - a22 - a44 - a33) * (-b12)
h146: (-a42) * (b41)
h147: (-a25) * (b41 + b15 + b23 - b44 - b42 - b33 - b35 - b41 - b45)
h149: (-a13) * (b53 + b13 - b51 - b51 - b33)
h158: (a51 + a23 + a54 + a34 - a21) * (-b25 - b55)
h174: (-a22) * (b11 - b14 - b45 - b32 - b24 - b42 - b32 - b14 - b33 - b21 - b12 - b21)
h177: (a33 - a44) * (b12 + b21 - b23)
h180: (a21) * (-b13)
h185: (-a32) * (b25 - b54 - b32)
h204: (a43 - a35) * (b34 + b24 - b14)
h209: (a23 + a52 + a42 + a13) * (b43 + b45 + b43 - b23 - b45)
h215: (a51 - a45 - a42) * (b14 + b34 + b44 - b32 - b23 - b45 - b22 - b14 - b34)
h288: (a42) * (-b24 - b54 - b43)
h302: (a34) * (-b25 - b21)
h443: (-a14) * (-b53)
h498: (-a45 - a33) * (b12 + b35 + b45 + b55 - b32 - b54)
h1954: (a13 + a33 + a31 - a53 - a24 - a22 - a52 - a14 - a12 - a53 - a24) * (-b25)
h2137: (a42 - a42) * (b43)
h2175: (a54 + a21 - a15 - a25 - a43 - a41) * (-b51 - b23)
h3978: (a32 + a15 - a42 - a11 - a12) * (b23 + b21 - b53 - b45 - b42 - b42 - b33 - b15)
h4526: (a41) * (b43 + b25 - b11 - b12 - b22 - b35 - b12)
h4694: (a42 - a55) * (b43 + b54 - b33 - b55 - b21 - b51 - b52 - b21 - b11)
h4797: (a41) * (b55 - b34 - b44)
h5695: (a21 + a41 - a51) * (-b45 - b54)
h7404: (a12 + a42 + a42 + a24 - a24 - a31 - a52) * (b22)
h7412: (a44 - a42 - a21) * (-b51 - b14)
h8424: (-a43) * (b12 + b11 + b35 + b32 + b23 + b34 - b35 - b33 - b35)
h8869: (-a13 - a53) * (-b12 - b43)
h9150: (a51 + a42 + a44 - a45) * (b45 - b53 - b42 - b42)
h9186: (a42 - a13) * (b21 + b43 - b13)
h9971: (a15) * (b52 - b43)
h10041: (a53) * (b25 + b52 + b32 - b12 - b52 - b23 - b23 - b43 - b21)
h10205: (a53 + a12 + a45 + a44 - a45 - a43) * (b15 + b13 - b21 - b55)
h10934: (a12 + a11 - a33 - a43 - a12 - a25) * (b51)
h11210: (-a13) * (b52 + b51 - b44)
h11363: (a43) * (b52 + b33 + b12 + b42 + b14 - b44)
h12570: (-a42 - a35 - a33) * (-b44 - b24 - b54 - b41)
h12769: (a34 + a14 + a15 + a23 + a54 + a44 - a24 - a14) * (b12)
h12952: (a34 + a22 + a14 - a23) * (-b53)
h13152: (a52) * (b21 + b42 + b22 + b51 + b13 - b23 - b53 - b25 - b54 - b11 - b11 - b32)
h13665: (a52 + a11 + a24 - a31 - a33 - a51) * (b14 + b51 + b21 + b33 - b54 - b12 - b11)
h14394: (a12 - a25 - a43) * (b14 + b24 - b21)
h15015: (-a45) * (b34 - b55)
h15492: (a53 + a41 + a23 + a35 - a55 - a32 - a21 - a34 - a11) * (b35)
h15493: (a51 + a11 - a54 - a41) * (b21 + b25 + b53 - b11 - b54 - b21 - b23 - b45 - b35 - b52)
h15662: (a23) * (b43 + b55 + b24 - b45 - b35)
h17627: (a55 + a51 - a14 - a45 - a34) * (b14 - b24 - b45)
h17664: (a21 + a15 + a15 + a13 + a42 - a51 - a53) * (-b43 - b34 - b12)
h17691: (a25 - a25) * (b13 + b34 - b45 - b11 - b22 - b53)
h18758: (a21 + a43 - a45 - a31 - a51) * (b21 + b54 - b41 - b15 - b11 - b15 - b53)
h18987: (a12 - a41) * (-b43)
h19589: (a43 - a32) * (b12 + b11 - b52)
h20883: (a12) * (b54 - b42 - b52)
h21281: (-a23) * (b23 - b55 - b43)
h21429: (a13 - a43 - a45) * (-b42 - b44)
h21489: (a14 + a45 + a11 + a15 + a25 + a24 - a44 - a23 - a11 - a35 - a32 - a11) * (b21 + b21 + b23 + b41 - b21 - b42 - b41)
h21495: (a52 + a51 - a43) * (b55 - b45)
h21652: (a44 + a45 - a52) * (b23 + b21 + b35 + b34 - b14)
h22412: (a54 + a13 + a15 + a32 + a24) * (b14 - b14 - b23)
h22736: (a21) * (b45 + b32)
h22989: (-a35 - a14 - a52) * (b23 + b43 + b31 + b51 - b53 - b34 - b51 - b13 - b44 - b54)
h24092: (a44 - a34) * (b43 + b33 + b53 - b14 - b22 - b25 - b31 - b31 - b21)
h24100: (a12 - a25 - a34 - a33) * (b51 - b15 - b14 - b55)
h24273: (a21 + a33) * (b42 + b35 + b43 + b41 + b42 - b22 - b11)
h24550: (a23 + a23 - a54 - a54 - a44 - a52) * (b31 - b32 - b12 - b21)
c11: h47 + h46 + h7404 + h82 - h15493 
c12: h67 + h158 + h177 + h146 + h92 - h48 - h122 - h185 - h302 - h15662 
c13: h204 + h122 + h22989 - h104 - h124 - h215 - h5695 
c14: h9186 + h14394 + h92 + h24550 - h3978 - h21281 
c15: h209 
c21: h48 + h95 + h12769 + h12952 + h6 + h10934 - h105 - h146 - h17627 
c22: h95 + h4694 + h17691 + h44 - h8424 - h21495 
c23: h177 + h209 + h69 + h4797 + h18758 - h80 - h14394 
c24: h124 + h9971 + h122 + h52 + h15015 + h9150 - h13 - h24273 
c25: h69 + h46 + h4526 + h1 + h69 + h1954 + h63 + h9150 + h12570 + h1 - h7412 
c31: h5695 + h146 - h33 - h92 - h10041 
c32: h143 + h1954 + h147 + h17691 + h66 
c33: h149 + h174 + h3978 + h8869 + h10205 + h13665 - h110 
c34: h174 + h129 + h3 + h18 + h174 + h124 + h18758 - h51 - h53 - h2175 
c35: h6 - h57 - h72 - h147 
c41: h180 + h443 + h4797 + h82 - h1 - h149 - h18987 
c42: h116 + h13 + h288 + h80 + h288 + h121 + h7404 + h15492 - h40 - h110 
c43: h47 + h204 - h10934 - h20883 
c44: h53 + h44 + h4694 + h44 + h46 + h48 + h22736 - h11210 
c45: h9 + h40 + h110 + h2137 + h112 + h48 + h19589 - h15492 
c51: h112 + h33 + h443 + h43 + h24092 - h498 - h21429 - h24100 
c52: h63 + h121 + h111 + h443 + h288 + h17664 - h93 - h21652 
c53: h28 - h44 
c54: h46 + h29 + h92 + h52 + h6 + h43 + h13152 + h22412 - h40 - h11363 
c55: h63 + h174 + h143 + h53 + h21489 - h105 - h121 
