0,166.11999999999998,24.8
100,169.24,25
200,171.768,25
300,178.696,25
400,173.664,24.8
500,155.912,25
600,146.632,25
700,145.848,25
800,150.4,25
900,154.536,25
1000,128.656,25
1100,148.8,24.8
1200,127.71199999999999,25
1300,137.464,25
1400,133.496,25
1500,124.848,24.6
1600,140.6,24.8
1700,145.92000000000002,24.6
1800,151.56799999999998,24.8
1900,147.192,24.8
2000,147.08800000000002,25
2100,157.128,25
2200,137.496,25
2300,149.81599999999997,25
2400,155.048,25
2500,160.16,25
2600,182.744,24.8
2700,194.024,25
2800,173.37600000000003,25
2900,171.792,25
3000,166.888,25
3100,162.10399999999998,25
3200,158.288,25
3300,149.32,25
3400,151.368,25
3500,137.128,25
3600,140.232,25
3700,154.408,24.8
3800,149.704,25
3900,161.94400000000002,25
4000,170.528,25
4100,169.89600000000002,25
4200,146.176,25
4300,136.72,24.8
4400,140.48,25
4500,139.664,25
4600,119.888,25
4700,114.928,25
4800,126.44000000000001,25
4900,144.04799999999997,25
5000,147.232,25
5100,142.11200000000002,24.8
5200,147.632,24.8
5300,139.784,25
5400,144.18400000000003,25
5500,137.96,25
5600,129.408,24.8
5700,134.328,25
5800,137.256,24.6
5900,149.76,25
6000,134.576,25
6100,124.55199999999999,25
6200,123.056,25
6300,125.776,25
6400,130.904,24.8
6500,133.11999999999998,25
6600,150.536,25
6700,152.84,25
6800,131.42400000000004,25
6900,112.816,24.8
7000,120.976,24.8
7100,111.976,24.8
7200,119.50399999999999,24.8
7300,101.224,24.8
7400,112.97600000000003,24.8
7500,96.888,24.8
7600,97,24.8
7700,99.576,25
7800,102.51199999999999,25
7900,110.944,25
8000,115.248,25
8100,114.44800000000001,25
8200,111.944,24.8
8300,118.672,25
8400,126.792,25
8500,121.024,24.8
8600,112.888,25
8700,101.20800000000001,24.8
8800,108.08000000000001,25
8900,101.47999999999999,25
9000,102.28800000000001,25
9100,87.624,25
9200,95.45599999999999,25
9300,91.47200000000001,25
9400,93.68800000000002,24.8
9500,91.232,24.8
9600,99.576,25
9700,108.41600000000001,25
9800,105.16799999999998,24.8
9900,96.03999999999999,24.8
10000,102.50399999999999,25
10100,107.53600000000002,25
10200,110.61600000000001,25
10300,108.14399999999998,25
10400,118.49600000000001,25
10500,122.872,25
10600,113.36800000000001,24.8
10700,97.952,24.8
10800,103.208,25
10900,108.39200000000001,25
11000,95.848,25
11100,85.248,25
11200,91.50399999999999,25
11300,94.768,25
11400,94.97599999999998,25
11500,99.38399999999999,25
11600,92.328,25
11700,89.896,25
11800,106.60799999999999,25
11900,90.00800000000001,25
12000,100.59200000000001,25
12100,94.91199999999999,24.8
12200,106.576,25
12300,113.296,25
12400,107.624,25
12500,94.824,25
12600,98.90400000000001,24.8
12700,108.52000000000001,25
12800,113.016,25
12900,95.40799999999999,25
13000,93.85600000000001,24.8
13100,94.51199999999999,25
13200,95.19199999999998,25
13300,101.304,25
13400,108.45599999999999,25
13500,105.048,24.6
13600,105.46399999999998,24.8
13700,90.12,24.6
13800,89.13600000000001,24.8
13900,100.44800000000001,25
14000,89.624,24.8
14100,92.136,25
14200,88.56,24.6
14300,101.46399999999998,25
14400,94.07199999999999,25
14500,88.45599999999999,24.8
14600,85.696,25
14700,93.96000000000001,25
14800,105.88,24.8
14900,81.952,24.6
15000,87.792,24.8
15100,77.68800000000002,24.6
15200,75.2,25
15300,79.744,25
15400,83.85600000000002,25
15500,82.44000000000001,25
15600,83.328,25
15700,89.752,24.8
15800,82.27200000000002,24.6
15900,97.36800000000001,24.6
16000,100.456,24.6
16100,101.40799999999999,24.6
16200,95.96799999999999,24.8
16300,95.312,24.8
16400,93.416,24.6
16500,95.488,25
16600,99.06400000000001,25
16700,105.68800000000002,25
16800,112.056,25
16900,89.00000000000001,25
17000,96.728,24.8
17100,86.05600000000001,24.8
17200,105.024,24.8
17300,105.096,24.6
17400,107.84,24.8
17500,110.072,24.6
17600,104.31999999999998,24.6
17700,90.46400000000001,24.6
17800,99.4,24.6
17900,94.43199999999999,24.6
18000,95.36800000000001,25
18100,106.96,25
18200,147.688,25
18300,136.728,25
18400,125.048,25
18500,121.752,25
18600,130.768,25
18700,112.91199999999999,24.8
18800,118.272,25
18900,104.71999999999998,24.8
19000,90.576,24.8
19100,111.59200000000001,25
19200,96.648,25
19300,93.50399999999999,25
19400,100.43200000000002,25
19500,117.76799999999999,24.8
19600,128.192,25
19700,132.94400000000002,25
19800,107.056,25
19900,106.68799999999999,25
20000,95.256,25
20100,107.224,25
20200,104.704,24.8
20300,91.088,24.8
20400,99.35999999999999,25
20500,117.376,25
20600,109.37599999999998,25
20700,108.4,25
20800,112.31200000000001,25
20900,96.47200000000001,25
21000,88.6,25
21100,116.848,24.6
21200,123.88799999999999,24.6
21300,124.16,24.6
21400,105.728,24.6
21500,97.64000000000001,24.6
21600,96.192,24.8
21700,91.176,25
21800,88.176,25
21900,86.016,24.8
22000,88.08,24.8
22100,95.59200000000001,25
22200,108.248,25
22300,113.024,25
22400,115.16,24.8
22500,133.68,24.8
22600,119.624,25
22700,111.008,25
22800,117.256,24.8
22900,132.592,25
23000,117.98400000000001,25
23100,105.44800000000001,25
23200,146.192,25
23300,142.32,25
23400,146.832,25
23500,147.94400000000002,25
23600,145.784,25
23700,126.4,24.6
23800,107.048,24.6
23900,92.03999999999999,24.8
24000,83.576,24.8
24100,89.824,24.8
24200,80.888,25
24300,78.98400000000001,25
24400,77.336,24.8
24500,78.224,24.8
24600,86.224,24.8
24700,91.56800000000001,25
24800,95.40800000000002,24.8
24900,92.48,25
25000,99.432,24.6
25100,103.2,24.6
25200,82.68799999999999,24.8
25300,81.94399999999999,25
25400,70.856,25
25500,76.504,25
25600,70.6,25
25700,71.90400000000001,24.8
25800,79.96000000000001,24.8
25900,89.56800000000001,24.8
26000,98.46399999999998,24.8
26100,96.352,24.8
26200,100.13600000000001,24.6
26300,104.944,24.8
26400,118.968,24.8
26500,126.67999999999999,25
26600,100.70400000000001,25
26700,83.44800000000001,25
26800,99.37599999999999,25
26900,86.688,24.8
27000,75.44800000000001,25
27100,92.656,25
27200,83.816,24.8
27300,83.08,24.6
27400,77.84,24.6
27500,80.624,25
27600,89.952,25
27700,81.28799999999998,25
27800,85.624,25
27900,82.98400000000001,25
28000,87.536,25
28100,92.392,25
28200,95.584,24.8
28300,100.38399999999999,25
28400,103.12,24.8
28500,91.16,24.8
28600,83.008,25
28700,78.03999999999999,25
28800,69.672,25
28900,75.44,25
29000,76.752,25
29100,81.03999999999999,25
29200,86.024,25
29300,89.64,24.4
29400,84.48,24.2
29500,81.408,24.2
29600,86.87199999999999,24.8
29700,90.648,25
29800,81.872,24.8
29900,89.96000000000001,25
30000,81.88,25
30100,89.44800000000001,25
30200,92.048,25
30300,92.104,24.8
30400,88.176,24.8
30500,92.59200000000001,24.8
30600,100.304,24.8
30700,107.944,24.8
30800,116.39200000000001,24.8
30900,138.208,25
31000,148.176,25
31100,163.83200000000002,24.8
31200,125.8,25
31300,118.28799999999998,25
31400,121.752,25
31500,139.952,25
31600,108.16,24.8
31700,104.92,24.6
31800,100.44800000000001,24.6
31900,90.832,24.8
32000,89.71999999999998,25
32100,94.968,24.8
32200,89.00000000000001,24.8
32300,91.416,24.8
32400,85.152,24.8
32500,92.16,24.6
32600,93.32,24.6
32700,94.63199999999999,24.6
32800,94.152,24.8
32900,109.71199999999999,25
33000,105.896,25
33100,130.304,25
33200,134.808,24.8
33300,120.792,24.8
33400,127.072,24.6
33500,103.072,24.6
33600,95.21599999999998,24.6
33700,91.776,24.8
33800,96.96799999999999,24.6
33900,96.76000000000002,24.8
34000,110.68000000000002,24.6
34100,112.49600000000001,24.6
34200,118.104,24.4
34300,124.32800000000002,24.4
34400,142.11200000000002,24.6
34500,143.8,24.8
34600,134.352,24.8
34700,134.184,24.8
34800,132.13600000000002,25
34900,149.38400000000001,25
35000,141.44,25
35100,124.67999999999999,25
35200,111.01599999999999,25
35300,135.536,25
35400,129.79199999999997,25
35500,131.824,25
35600,114.75999999999999,25
35700,120.32800000000002,24.8
35800,153.184,24.8
35900,135.808,24.8
36000,125.24000000000001,24.6
36100,98.42399999999999,24.8
36200,80.576,24.8
36300,85.52799999999999,24.8
36400,76.272,24.8
36500,82.66400000000002,25
36600,82.448,25
36700,83.36799999999998,25
36800,88.648,25
36900,84.768,25
37000,89.08,24.8
37100,87.416,24.8
37200,76.288,24.4
37300,74.056,24.6
37400,76.768,24.6
37500,82.568,24.6
37600,72.03999999999999,24.8
37700,77.008,24.6
37800,80.19200000000001,24.8
37900,70.856,24.8
38000,75.95199999999998,24.8
38100,72.47999999999999,24.6
38200,73.88000000000001,24.6
38300,67.16,24.8
38400,69.376,24.8
38500,72.65599999999999,24.8
38600,97.36799999999998,24.8
38700,113.032,25
38800,87.12,25
38900,101.464,25
39000,91.744,25
39100,103.34400000000001,25
39200,96.66399999999999,24.6
39300,118.2,25
39400,130.808,24.8
39500,119.776,24.8
39600,105.168,24.8
39700,105.52799999999999,24.6
39800,126.28800000000001,24.8
39900,121.2,24.8
40000,112.072,25
40100,109.39200000000001,24.8
40200,98.688,24.8
40300,100.32,25
40400,106.864,25
40500,104.78400000000002,24.8
40600,104.10400000000001,24.8
40700,112.58399999999999,24.8
40800,133.12800000000001,24.8
40900,91.056,24.8
41000,93.75199999999998,24.8
41100,91.43199999999999,24.6
41200,90.8,24.8
41300,90.80000000000001,24.8
41400,84.616,24.8
41500,87.58399999999999,24.4
41600,87.352,24.4
41700,83.184,24.4
41800,82.328,24.6
41900,89.29599999999999,24.8
42000,105.32000000000001,24.4
42100,97.61600000000001,24.8
42200,95.79999999999998,24.8
42300,104.96,25
42400,107.13600000000001,25
42500,103,24.8
42600,103.728,25
42700,84.904,25
42800,93.39200000000001,25
42900,83.56800000000001,25
43000,86.16,25
43100,103.54400000000001,25
43200,97.336,25
43300,100.98400000000001,25
43400,101.66400000000002,25
43500,98.568,25
43600,91.736,25
43700,96.128,25
43800,90.54400000000001,25
43900,103.48799999999999,24.8
44000,112.71199999999999,24.8
44100,95.768,24.8
44200,100.58399999999999,24.6
44300,105.60799999999999,24.6
44400,105.4,24.8
44500,81.56799999999998,25
44600,80.06400000000001,25
44700,79.232,25
44800,77.632,25
44900,90.16000000000001,25
45000,97.152,24.8
45100,93.408,24.8
45200,84.136,24.8
45300,81.304,24.8
45400,75.024,24.6
45500,74.04,24.4
45600,73.67999999999999,24.6
45700,73.928,24.6
45800,72.784,24.6
45900,74.39200000000001,25
46000,80.528,25
46100,81.56,25
46200,77,25
46300,75.624,25
46400,79.808,25
46500,85.904,25
46600,92.90400000000001,25
46700,88.608,25
46800,82.816,25
46900,82.128,25
47000,86.408,25
47100,80.968,25
47200,79.83200000000001,25
47300,76.328,25
47400,70.32,25
47500,74.92,25
47600,77.44000000000001,25
47700,84.24800000000002,25
47800,73.19200000000001,25
47900,69.2,25
48000,65.88000000000001,24.8
48100,62.016,24.8
48200,58.64,25
48300,57.464,25
48400,59.656000000000006,25
48500,58.672000000000004,24.8
48600,62.848,24.8
48700,63.279999999999994,25
48800,77.35999999999999,25
48900,71.152,25
49000,73.43199999999999,25
49100,83.432,24.8
49200,82.328,24.8
49300,67.056,24.8
49400,60.92,25
49500,59.903999999999996,25
49600,58.29600000000001,24.8
49700,61.176,24.8
49800,67.608,24.8
49900,62.52,24.8
50000,66.98400000000001,24.8
50100,65.744,25
50200,63.75200000000001,25
50300,64.152,25
50400,64.152,25
50500,68.704,25
50600,78.44800000000001,25
50700,73.456,25
50800,78.184,25
50900,88.07199999999999,25
51000,88.664,25
51100,82.344,25
51200,86.02399999999999,25
51300,82.63199999999999,25
51400,85.584,25
51500,85.53599999999999,25
51600,86.376,24.8
51700,92.328,25
51800,86.98400000000001,25
51900,88.02400000000002,25
52000,87.00800000000001,25
52100,86.99199999999999,25
52200,82.05600000000001,25
52300,72.40799999999999,25
