0,138.728,25
100,88.168,25
200,70.88,25
300,63.727999999999994,24.8
400,62.455999999999996,24.8
500,61.720000000000006,24.8
600,59.36800000000001,25
700,56.8,25
800,55.775999999999996,25
900,55.751999999999995,25
1000,54.272000000000006,25
1100,53.35200000000001,25
1200,52.48,25
1300,52.20799999999999,25
1400,50.92,25
1500,50.83200000000001,25
1600,49.727999999999994,25
1700,47.848,25
1800,47.239999999999995,25
1900,45.312,25
2000,44.888,24.8
2100,44.736,24.8
2200,44.736,24.8
2300,44.312,24.8
2400,43.39999999999999,24.8
2500,43.016000000000005,24.8
2600,42.768,25
2700,42.74400000000001,25
2800,41.872,25
2900,41.303999999999995,25
3000,40.432,25
3100,40.184000000000005,25
3200,39.751999999999995,25
3300,38.816,25
3400,38.816,25
3500,38.544000000000004,24.8
3600,38.544000000000004,24.8
3700,38.016000000000005,24.8
3800,37.584,24.8
3900,37.584,24.8
4000,37.584,24.8
4100,37.584,24.8
4200,37.016,24.6
4300,36.36,24.6
4400,36.36,24.6
4500,36.303999999999995,24.8
4600,36.303999999999995,24.8
4700,36.303999999999995,24.8
4800,36.303999999999995,24.8
4900,36.303999999999995,24.8
5000,36.303999999999995,24.8
5100,36.303999999999995,24.8
5200,36.303999999999995,24.8
5300,36.303999999999995,24.8
5400,36.303999999999995,24.8
5500,36.096,24.8
5600,36.096,24.8
5700,36.096,24.8
5800,36.096,24.8
5900,35.888,24.8
6000,35.888,24.8
6100,35.888,24.8
6200,35.888,24.8
6300,35.888,24.8
6400,35.888,24.8
6500,35.888,24.8
6600,35.312,24.8
6700,35.312,24.8
6800,35.312,24.8
6900,35.312,24.8
7000,35.312,24.8
7100,35.312,24.8
7200,35.176,24.8
7300,35.007999999999996,24.8
7400,34.848,24.8
7500,34.848,24.8
7600,34.848,24.8
7700,34.848,24.8
7800,34.848,24.8
7900,34.848,24.8
8000,34.848,24.8
8100,34.848,24.8
8200,34.848,24.8
8300,34.848,24.8
8400,34.848,24.8
8500,34.848,24.8
8600,34.848,24.8
8700,34.848,24.8
8800,34.848,24.8
8900,34.848,24.8
