0,155.704,25
100,132.88000000000002,25
200,121.68000000000002,25
300,104,25
400,93.896,25
500,91.336,24.8
600,84.984,24.6
700,77.048,24.6
800,70.384,24.4
900,65.52000000000001,24.4
1000,64.336,24.4
1100,64.296,24.4
1200,64.296,24.4
1300,62.6,24.4
1400,62.136,24.4
1500,61.928,24.4
1600,61.20799999999999,24.6
1700,60.176,24.4
1800,59.480000000000004,24.4
1900,59.176,24.4
2000,59.176,24.4
2100,59.176,24.4
2200,59.176,24.4
2300,57.528,24.6
2400,57.528,24.6
2500,56.519999999999996,24.6
2600,56.519999999999996,24.6
2700,56.096000000000004,24.6
2800,56.096000000000004,24.6
2900,56.096000000000004,24.6
3000,56.096000000000004,24.6
3100,55.831999999999994,24.6
3200,55.831999999999994,24.6
3300,55.831999999999994,24.6
3400,55.831999999999994,24.6
3500,55.831999999999994,24.6
3600,55.831999999999994,24.6
3700,55.831999999999994,24.6
3800,55.831999999999994,24.6
3900,55.312,24.6
4000,55.312,24.6
4100,55.312,24.6
4200,55.312,24.6
4300,55.312,24.6
4400,55.312,24.6
4500,54.952,24.8
4600,54.952,24.8
4700,53.815999999999995,24.8
4800,53.815999999999995,24.8
4900,53.040000000000006,24.8
5000,53.040000000000006,24.8
5100,53.040000000000006,24.8
5200,52.472,24.8
5300,52.472,24.8
5400,52.472,24.8
5500,52.472,24.8
5600,52.472,24.8
5700,52.472,24.8
5800,52.472,24.8
5900,52.472,24.8
6000,52.472,24.8
6100,51.864,24.8
6200,51.864,24.8
6300,51.272000000000006,24.8
6400,50.784,24.8
6500,50.544,24.8
6600,50.215999999999994,24.8
6700,50.215999999999994,24.8
6800,50.215999999999994,24.8
6900,50.215999999999994,24.8
7000,50.215999999999994,24.8
7100,50.215999999999994,24.8
7200,50.215999999999994,24.8
7300,50.215999999999994,24.8
7400,49.456,24.8
7500,49.456,24.8
7600,48.968,24.8
7700,48.968,24.8
7800,48.568,24.8
7900,48.568,24.8
8000,48.568,24.8
8100,48.568,24.8
8200,48.568,24.8
